970,612,59,143
970.34,614.26,57.265,138.79
969.73,613.15,58.416,141.58
969.79,613.92,58.416,141.58
970.49,616.17,57.265,138.79
970.19,614.62,59,143
970.28,615.46,59,143
970.15,616.24,58.416,141.58
970.3,616.97,58.416,141.58
970.16,617.1,59,143
969.71,615.97,60.186,145.87
970.47,618.21,59,143
969.61,617.31,60.186,145.87
969.9,618.48,59.59,144.43
970.12,620.49,58.416,141.58
970.14,621.2,58.416,141.58
970.08,621.73,58.416,141.58
970.4,622.5,58.416,141.58
970.25,623.01,58.416,141.58
970.54,623.73,58.416,141.58
970.79,625.47,57.837,140.18
970.6,625.18,58.416,141.58
970.65,625.89,58.416,141.58
969.97,624.43,60.186,145.87
970.66,627.11,58.416,141.58
970.98,628.64,57.837,140.18
970.8,628.35,58.416,141.58
970.82,628.93,58.416,141.58
970.64,628.45,59.59,144.43
970.87,630.59,58.416,141.58
970.92,631.19,58.416,141.58
970.85,631.67,58.416,141.58
970.98,631.93,59,143
970.59,631.91,59.59,144.43
970.66,632.68,59.59,144.43
969.86,631.22,60.788,147.33
970.43,633.58,59.59,144.43
970.15,633.27,60.186,145.87
969.69,633.14,60.788,147.33
970.33,635.32,59.59,144.43
970.17,636.27,59.59,144.43
970.31,638.74,57.837,140.18
969.95,636.94,59.59,144.43
969.36,636.79,60.186,145.87
969.59,638.28,59.59,144.43
969.91,639.8,59,143
968.88,637.5,60.788,147.33
969.75,640.79,59,143
969.47,640.68,59.59,144.43
968.78,639.26,60.788,147.33
968.82,639.68,60.788,147.33
968.94,639.92,60.788,147.33
969.12,641.51,60.186,145.87
968.4,641.25,60.788,147.33
969.31,644.34,59,143
968.17,642.13,60.788,147.33
968.85,644.35,59.59,144.43
968.08,642.94,60.788,147.33
968.14,644.11,60.186,145.87
968.52,645.58,59.59,144.43
968.12,645.13,60.186,145.87
967.08,642.68,62.01,150.29
967.88,645.42,60.186,145.87
967.11,644.07,61.396,148.81
968.11,646.93,59.59,144.43
967.04,645.27,60.788,147.33
965.92,642.85,62.63,151.8
966.52,644.97,61.396,148.81
966.91,646.2,60.788,147.33
966.35,645.46,61.396,148.81
966.76,646.7,60.788,147.33
966.47,646.72,60.788,147.33
966.65,647.83,60.186,145.87
966.6,648.19,60.186,145.87
965.54,645.76,62.01,150.29
966.22,648.3,60.186,145.87
964.86,645.82,62.01,150.29
965.95,648.81,60.186,145.87
965.4,647.81,60.788,147.33
965.47,648.8,60.186,145.87
964.3,645.89,62.01,150.29
964.69,646.98,61.396,148.81
964.36,647.37,61.396,148.81
964.22,647.6,61.396,148.81
964.1,648.19,61.396,148.81
963.44,647.3,62.01,150.29
963.65,648.48,61.396,148.81
963.28,648.15,62.01,150.29
963.84,650.18,60.788,147.33
963.6,650.57,60.186,145.87
964.11,651.78,59.59,144.43
963.8,652,59.59,144.43
963.73,652.25,59.59,144.43
962.71,649.76,61.396,148.81
963.02,650.73,60.788,147.33
962.49,650.19,61.396,148.81
961.88,649.73,62.01,150.29
961.63,650.03,62.01,150.29
961.57,650.24,62.01,150.29
962.28,653.08,60.186,145.87
961.19,650.73,62.01,150.29
961.44,651.64,61.396,148.81
961.53,652.97,60.788,147.33
960.3,650.42,62.63,151.8
960.26,650.95,62.63,151.8
960.94,653.91,60.788,147.33
960.26,652.52,62.01,150.29
960.7,654.7,60.788,147.33
960.69,655.18,60.788,147.33
960.22,654.56,61.396,148.81
960.04,654.81,61.396,148.81
960.08,655.29,61.396,148.81
959.85,654.27,62.01,150.29
958.52,652.53,63.256,153.32
959.85,655.76,61.396,148.81
959.5,656.13,61.396,148.81
959.28,656.41,61.396,148.81
959.57,657.89,60.788,147.33
959.22,657.47,61.396,148.81
959.26,657.61,61.396,148.81
959.3,659.17,60.788,147.33
959.6,660.37,60.186,145.87
958.92,658.99,61.396,148.81
958.45,658.5,62.01,150.29
958.59,658.44,62.01,150.29
958.05,657.82,62.63,151.8
958.38,658.78,62.01,150.29
957.69,658.23,62.63,151.8
958.3,659.51,62.01,150.29
958.55,659.47,62.01,150.29
958.15,659.95,62.01,150.29
958.51,661.39,61.396,148.81
958.41,661.56,61.396,148.81
958.06,661.03,62.01,150.29
958.61,663.19,60.788,147.33
958.21,661.78,62.01,150.29
958.75,664.6,60.186,145.87
958.46,663.15,61.396,148.81
958.18,662.47,62.01,150.29
957.99,663.11,62.01,150.29
958.3,665.27,60.788,147.33
958.13,665.25,60.788,147.33
957.33,663.64,62.01,150.29
956.87,663.02,62.63,151.8
957.85,665.79,60.788,147.33
956.99,664.7,62.01,150.29
957.35,666.51,60.788,147.33
956.92,666.13,61.396,148.81
956.8,666.47,61.396,148.81
956.29,665.8,62.01,150.29
955.98,665.03,62.63,151.8
955.66,665.01,62.63,151.8
955.6,665.3,62.63,151.8
955.63,666.6,62.01,150.29
955.78,667.43,61.396,148.81
955.57,667.67,61.396,148.81
954.57,665.89,62.63,151.8
954.19,665.98,62.63,151.8
953.86,665.9,62.63,151.8
953.55,666.06,62.63,151.8
952.38,664.62,63.256,153.32
951.75,665.25,63.256,153.32
952.43,666.34,62.63,151.8
952.25,667.7,62.01,150.29
951.63,667.34,62.63,151.8
951.38,667.47,62.63,151.8
951.5,669.46,61.396,148.81
951.01,668.54,62.01,150.29
950.7,667.85,62.63,151.8
951.04,669.55,61.396,148.81
950.17,667.94,62.63,151.8
949.91,668.11,62.63,151.8
949.9,669.49,62.01,150.29
949.22,668.48,62.63,151.8
948.96,668.43,62.63,151.8
949.06,669.5,62.01,150.29
949.06,670.51,61.396,148.81
948.01,668.55,62.63,151.8
948.09,669.53,62.01,150.29
947.55,668.64,62.63,151.8
947.02,668.58,62.63,151.8
947.07,669.65,62.01,150.29
946.92,669.81,62.01,150.29
946.36,669.71,62.01,150.29
946.36,670.42,61.396,148.81
946.66,671.38,60.788,147.33
945.05,668.41,62.63,151.8
945.61,671.24,60.788,147.33
944.3,668.29,62.63,151.8
944.93,670.9,60.788,147.33
943.82,668.86,62.01,150.29
943.44,667.77,62.63,151.8
943.59,668.49,62.01,150.29
943.64,669.58,61.396,148.81
942.93,668.61,62.01,150.29
942.85,668.61,62.01,150.29
942.39,668.57,62.01,150.29
942.38,668.37,62.01,150.29
943.18,670.37,60.788,147.33
942.6,668.75,62.01,150.29
943.14,669.49,61.396,148.81
943.57,668.15,62.01,150.29
944.88,671,60.186,145.87
946.38,671.69,59.59,144.43
947.09,669.78,60.788,147.33
948.6,669.56,60.788,147.33
950.49,669.63,60.788,147.33
951.54,666.63,62.63,151.8
955.17,669.19,60.788,147.33
956.73,665.87,62.63,151.8
960.97,668.14,60.788,147.33
963.38,665.16,62.63,151.8
967.16,665.6,62.01,150.29
971.56,666.87,60.788,147.33
975.41,664.51,62.01,150.29
980.12,666.24,60.788,147.33
984.13,664.77,61.396,148.81
988.35,664.41,61.396,148.81
992.74,664.68,60.788,147.33
995.49,661.58,62.63,151.8
999.11,662.95,61.396,148.81
1000.6,663.98,60.186,145.87
1001.3,665.64,59,143
1001.1,664.38,59.59,144.43
1000,661.13,61.396,148.81
999.87,660.63,61.396,148.81
999.95,660.3,61.396,148.81
999.99,660.76,60.788,147.33
999.76,659.46,61.396,148.81
1000.2,660.69,60.186,145.87
1000.6,661.22,59.59,144.43
1000.2,659.96,60.186,145.87
999.39,657.76,61.396,148.81
1000.1,659.13,60.186,145.87
999.6,657.88,60.788,147.33
1000.2,659.36,59.59,144.43
999.42,656.35,61.396,148.81
1000.3,658.67,59.59,144.43
1000.3,657.46,60.186,145.87
999.92,655.55,61.396,148.81
1000.8,657.91,59.59,144.43
1000.7,656.87,60.186,145.87
1001.4,658.49,59,143
1000.6,655.43,60.788,147.33
1000.7,656.07,60.186,145.87
1000.5,654.81,60.788,147.33
1000.4,653.69,61.396,148.81
1001.1,655.19,60.186,145.87
1001.8,656.49,59,143
1001.7,656.52,58.416,141.58
1001.6,654.95,59.59,144.43
1002.3,655.48,59,143
1002.1,655.23,59,143
1001.4,653.13,60.186,145.87
1001.8,653.84,59.59,144.43
1001.9,653.4,59.59,144.43
1002.3,653.83,59,143
1001.7,651.64,60.186,145.87
1001.6,651.22,60.186,145.87
1001.8,651.89,59.59,144.43
1002.3,652.65,59,143
1002.2,651.3,59.59,144.43
1001.7,649.94,60.186,145.87
1002.4,651.42,58.416,141.58
1002.5,650.95,59,143
1002.1,649.54,59.59,144.43
1002.3,649.73,59,143
1002.5,649.17,59,143
1002.3,648.77,59,143
1002.2,648.26,59,143
1002,649.13,57.837,140.18
1002,647.34,59,143
1001.9,646.71,59,143
1001.7,646.57,58.416,141.58
1001.7,645.85,59,143
1001.9,645.38,59,143
1001.2,643.05,60.186,145.87
1001,642.37,60.186,145.87
1001.5,643.82,59,143
1001.3,644.04,58.416,141.58
1001.5,643.88,57.837,140.18
1001.1,642.68,58.416,141.58
1001.1,641.68,59,143
1001.6,643.41,57.265,138.79
1001.2,640.8,59,143
1001,640.46,59,143
1001.1,641.15,57.837,140.18
1000.5,638.61,59.59,144.43
1001,638.82,59,143
1000.9,638.39,59,143
1000.7,637.6,59,143
1000.3,636.24,59.59,144.43
1000.4,636.17,59,143
1000.1,634.8,59.59,144.43
1000.3,635.07,59,143
1000.3,634.6,59,143
1000.5,636.12,57.265,138.79
1000.2,633.43,59,143
999.72,631.9,59.59,144.43
1000.2,631.88,59,143
1000.3,632.48,57.837,140.18
999.89,630.9,59,143
999.93,630.61,58.416,141.58
999.91,630.03,58.416,141.58
999.94,629.05,59,143
999.87,628.53,59,143
1000.3,629.32,57.837,140.18
999.95,627.76,58.416,141.58
1000.6,628.88,57.265,138.79
1000.2,627.6,57.837,140.18
999.61,624.87,59.59,144.43
999.98,625.98,57.837,140.18
999.78,625.53,57.837,140.18
999.7,624.88,57.837,140.18
1000.1,625.43,57.265,138.79
999.83,624.05,57.837,140.18
999.7,621.5,59.59,144.43
999.89,621.77,59,143
999.77,621.6,58.416,141.58
999.94,621.73,57.837,140.18
999.72,620.26,58.416,141.58
999.73,619.89,58.416,141.58
1000,620.16,57.837,140.18
1000.1,618.84,59,143
999.7,617.53,59.59,144.43
1000.4,619.07,57.837,140.18
1000.1,617.84,58.416,141.58
1000.4,618.19,57.837,140.18
1001.2,619.48,56.698,137.42
1002.1,620.3,56.136,136.06
1002.5,619.82,56.136,136.06
1002.2,619.18,56.136,136.06
1001.6,617.45,56.698,137.42
1001.3,616.09,57.265,138.79
1001.2,615.68,57.265,138.79
1001.5,615.54,57.265,138.79
1001.9,615.99,56.698,137.42
1002.2,615.69,56.698,137.42
1003.2,617.58,55.581,134.71
1003.4,617.14,55.581,134.71
1003.5,616.89,55.581,134.71
1003.9,617.37,55.03,133.38
1004,617.25,55.03,133.38
1004,616.69,55.03,133.38
1004,616.57,55.03,133.38
1004.1,616.75,54.486,132.06
1004.4,616.25,54.486,132.06
1004.5,615.77,54.486,132.06
1004.9,616.36,53.946,130.75
1005,615.1,55.03,133.38
1004.7,613.69,55.581,134.71
1005,613.74,55.03,133.38
1005.1,612.76,55.581,134.71
1004.2,610.64,56.698,137.42
1004.2,610.47,56.698,137.42
1004.1,610.1,56.698,137.42
1004.1,609.1,57.265,138.79
1003.8,608.02,57.837,140.18
1004.6,609.5,56.698,137.42
1004.4,609.34,56.698,137.42
1004.7,609.09,56.698,137.42
1005.7,610.72,55.581,134.71
1006.2,611.54,55.03,133.38
1004.9,608.33,56.698,137.42
1006.1,610.04,55.581,134.71
1006,610.16,55.581,134.71
1004.9,607.61,56.698,137.42
1006.1,609.44,55.581,134.71
1004.5,606.12,57.265,138.79
1005.9,608.78,55.581,134.71
1006.3,609.61,55.03,133.38
1005.3,607.56,56.136,136.06
1005.3,607.12,56.136,136.06
1004.3,603.92,57.837,140.18
1005.4,606.7,56.136,136.06
1005.9,608.64,54.486,132.06
1006.1,608.39,54.486,132.06
1006.1,608.24,54.486,132.06
1006,607.1,55.581,134.71
1005.8,605.76,56.136,136.06
1006,605.43,56.136,136.06
1006.2,604.94,56.136,136.06
1006.3,604.42,56.136,136.06
1005.3,601.82,57.265,138.79
1005.4,602.63,56.698,137.42
1005.9,603.76,56.136,136.06
1006.3,605.54,54.486,132.06
1006,603.23,56.136,136.06
1006.1,603.54,56.136,136.06
1006.3,605.4,55.03,133.38
1006.5,606.63,53.946,130.75
1007.7,607.72,53.412,129.46
1007.4,604.71,55.03,133.38
1007.6,604.41,55.03,133.38
1005.9,601.27,56.698,137.42
1006.3,600.86,56.698,137.42
1005.7,597.26,58.416,141.58
1006.2,599.93,56.698,137.42
1006.2,599.28,57.265,138.79
1006.2,600.42,56.698,137.42
1007,602.5,55.581,134.71
1006.1,600.8,56.698,137.42
1007.4,604.08,55.03,133.38
1008.2,606.43,53.412,129.46
1007.7,604.45,54.486,132.06
1008.3,606.5,53.412,129.46
1008.2,606.54,53.412,129.46
1008.3,607.43,52.883,128.17
1009.5,609.63,51.328,124.4
1008.7,607.26,52.883,128.17
1008.1,606.15,53.412,129.46
1008.6,605.91,53.412,129.46
1008.4,605.71,53.412,129.46
1008.9,606.01,52.883,128.17
1008.8,605.24,53.412,129.46
1007.8,603.06,54.486,132.06
1009.1,606.46,52.883,128.17
1009,606.59,52.883,128.17
1008.9,605.71,53.412,129.46
1009.5,606.19,52.883,128.17
1008.5,603.93,53.946,130.75
1008.2,602.05,55.03,133.38
1009.3,604.51,53.412,129.46
1010.1,604.98,52.36,126.91
1009.9,605.45,52.36,126.91
1010,604.06,53.412,129.46
1010,603.83,53.412,129.46
1009,601.41,55.03,133.38
1010.3,603.75,53.412,129.46
1010.8,605.77,51.841,125.65
1010.1,605.56,52.36,126.91
1011.7,607.99,50.82,123.17
1012.4,608.16,50.82,123.17
1012.3,607.75,50.316,121.95
1011.1,605.85,51.841,125.65
1011.6,604.99,52.883,128.17
1012.4,603.9,53.412,129.46
1010.9,602.34,53.946,130.75
1011.3,603.69,53.412,129.46
1012,604.39,52.883,128.17
1011.3,602.19,53.946,130.75
1011.4,603.53,53.412,129.46
1010.4,600.74,55.03,133.38
1010.7,600.27,55.581,134.71
1012,601.67,55.03,133.38
1011.6,601.18,55.03,133.38
1012.7,603.95,53.412,129.46
1012.8,605.23,52.36,126.91
1014,608.11,50.82,123.17
1014.6,608.82,50.82,123.17
1013.4,604.42,52.36,126.91
1013.5,605.25,51.841,125.65
1014.2,606.91,51.328,124.4
1014.3,608.09,50.82,123.17
1012.7,604.48,52.36,126.91
1012.8,603.37,53.412,129.46
1012.3,601.67,53.946,130.75
1013.4,603.78,52.883,128.17
1013.3,603.61,52.883,128.17
1012,600.08,54.486,132.06
1012,601.26,53.946,130.75
1013.6,602.53,53.412,129.46
1014.2,603.74,52.883,128.17
1013.2,600.96,53.946,130.75
1014.2,603.91,52.36,126.91
1013.6,600.41,53.946,130.75
1013.8,599.28,55.03,133.38
1013,596.72,56.698,137.42
1014,599.21,55.03,133.38
1014,599.43,54.486,132.06
1013.4,598.04,56.136,136.06
1013,596.66,56.698,137.42
1013.1,598.46,55.581,134.71
1013.1,599.03,55.03,133.38
1013.6,600.03,53.946,130.75
1014.1,599.05,55.03,133.38
1014.3,599.32,54.486,132.06
1014.3,600.15,53.946,130.75
1014.4,600,55.03,133.38
1015,600.2,55.03,133.38
1016,601.6,53.412,129.46
1014.5,599.95,54.486,132.06
1015.4,601.95,53.412,129.46
1016.2,602.72,52.883,128.17
1017.1,605.16,51.328,124.4
1016.5,602.95,52.883,128.17
1016,603.21,52.36,126.91
1015.9,602.07,53.412,129.46
1016.2,602.41,53.412,129.46
1016.4,603.2,52.36,126.91
1015.7,601.24,53.946,130.75
1015.9,601.38,53.946,130.75
1016.2,601.37,53.946,130.75
1016.5,601.36,53.946,130.75
1016.3,600.14,55.03,133.38
1016.7,600.26,55.03,133.38
1016.9,601.7,53.946,130.75
1017.4,603.01,53.412,129.46
1018,602.99,53.412,129.46
1018.3,604.06,52.883,128.17
1018.3,604.68,52.36,126.91
1018.5,604.41,52.883,128.17
1017.7,602.29,53.946,130.75
1017.5,601.48,54.486,132.06
1017.8,601.24,55.03,133.38
1018.2,602.74,53.946,130.75
1018,601.78,55.03,133.38
1019,604.45,53.412,129.46
1018.2,603.43,53.946,130.75
1019.1,604.8,53.412,129.46
1018.1,603.07,54.486,132.06
1019,605.54,53.412,129.46
1018.5,604.57,53.946,130.75
1018.6,603.79,55.03,133.38
1019.6,606.41,53.412,129.46
1019.1,604.24,55.03,133.38
1019.9,606.63,53.412,129.46
1020,607.86,52.883,128.17
1019.7,607.26,53.412,129.46
1018.8,605.05,55.03,133.38
1019.6,607.66,53.412,129.46
1020.1,608.6,52.883,128.17
1019.1,606.84,53.946,130.75
1019.2,607.25,53.946,130.75
1018.8,605.41,55.581,134.71
1018.8,606.79,54.486,132.06
1019.6,608.99,53.412,129.46
1019,608.33,53.946,130.75
1018.7,608.14,54.486,132.06
1019.5,610.57,53.412,129.46
1019.6,610.89,53.412,129.46
1019.9,612.11,52.883,128.17
1019.9,612.6,52.883,128.17
1019.6,612.21,53.412,129.46
1018.6,610.4,55.03,133.38
1019.2,613.28,53.412,129.46
1019.2,613.57,53.412,129.46
1019.3,614.59,52.883,128.17
1017.9,612.16,54.486,132.06
1017.7,612.48,55.03,133.38
1018.7,615.19,53.412,129.46
1018.8,615.29,53.412,129.46
1017.8,613.77,54.486,132.06
1017.9,613.94,54.486,132.06
1017.7,613.16,55.581,134.71
1017.6,615.32,53.946,130.75
1017,614.72,55.03,133.38
1016.4,613.76,56.136,136.06
1016.7,614.88,55.581,134.71
1017,616.41,55.03,133.38
1016.7,617.28,54.486,132.06
1017.6,620.8,52.883,128.17
1017.5,621.69,52.36,126.91
1016.7,619.6,53.946,130.75
1016.3,619.92,53.946,130.75
1015.8,619.59,54.486,132.06
1015.9,619.52,55.03,133.38
1015.1,618.11,56.136,136.06
1014.9,618.67,56.136,136.06
1015.1,621.23,54.486,132.06
1015,621.44,54.486,132.06
1014.8,619.51,56.136,136.06
1015.2,621.99,54.486,132.06
1015.1,622.45,55.03,133.38
1015,622.15,55.581,134.71
1014.5,621.88,56.136,136.06
1013.5,621.33,56.698,137.42
1014.8,624.69,55.03,133.38
1015.9,627.8,53.412,129.46
1014.9,626.04,55.03,133.38
1014.4,624.8,56.136,136.06
1014.9,627.04,55.03,133.38
1015.1,627.83,55.03,133.38
1015.8,630.77,53.412,129.46
1015.6,631.53,53.412,129.46
1015.6,632.95,52.883,128.17
1014,629.99,54.486,132.06
1014.2,629.67,55.581,134.71
1014.3,631.03,55.03,133.38
1014.6,632.74,53.946,130.75
1013.9,631.68,55.581,134.71
1013.7,633.83,54.486,132.06
1013.5,632.83,55.581,134.71
1013.5,632.77,56.136,136.06
1012.8,632.36,56.698,137.42
1013,633.06,56.698,137.42
1012.4,632.91,57.265,138.79
1013.1,635.2,56.136,136.06
1013.4,636.23,56.136,136.06
1013.8,638.96,55.03,133.38
1013.8,638.95,55.581,134.71
1014,640.62,55.03,133.38
1014.8,643.68,53.412,129.46
1014.5,644.17,53.412,129.46
1013.8,642.8,55.03,133.38
1013.4,643.86,54.486,132.06
1013.5,642.57,56.136,136.06
1014.2,644.3,55.581,134.71
1014.1,644.27,56.136,136.06
1014.8,646.61,55.03,133.38
1014.4,647.14,55.03,133.38
1013.9,647.21,55.581,134.71
1012.9,646.16,56.698,137.42
1014,648.72,55.581,134.71
1013.6,648.98,56.136,136.06
1013.8,650.41,55.581,134.71
1013.1,650.01,56.136,136.06
1013.4,652.24,55.03,133.38
1013.3,653.44,54.486,132.06
1013.1,653.33,55.581,134.71
1013.1,654,55.581,134.71
1012.5,653.52,56.698,137.42
1012.5,654.28,56.698,137.42
1012.1,653.37,57.837,140.18
1011.9,653.42,58.416,141.58
1012.5,656.27,57.265,138.79
1012.7,657.66,56.698,137.42
1012.5,657.87,57.265,138.79
1013.4,661.03,56.136,136.06
1013.9,662.88,55.581,134.71
1013.8,663.07,56.136,136.06
1014.2,663.74,56.136,136.06
1014.4,665.27,55.581,134.71
1013.2,664.24,56.698,137.42
1013.7,666.1,56.136,136.06
1012.8,666.09,56.698,137.42
1012.8,666.73,56.698,137.42
1012.5,666.55,57.265,138.79
1012,665.57,58.416,141.58
1012.6,668.32,57.265,138.79
1012.4,667.08,58.416,141.58
1012.2,667.44,58.416,141.58
1012,666.98,59.59,144.43
1012.5,669.79,57.837,140.18
1012.5,669.25,59,143
1012.3,669.04,59.59,144.43
1012.4,670.62,59.59,144.43
1012.7,672.28,59,143
1013,672.85,59,143
1013,673.83,59,143
1013,675.47,57.837,140.18
1012.6,674.7,59,143
1012.9,676.16,57.837,140.18
1012.6,675.32,58.416,141.58
1012.6,675.03,58.416,141.58
1012.9,674.4,59,143
1012.9,674.34,59,143
1012.8,675.42,57.837,140.18
1012.4,672.28,59.59,144.43
1013.1,674.33,57.837,140.18
1013.3,674.72,57.265,138.79
1012.7,672,58.416,141.58
1013,672.73,57.837,140.18
1013,670.89,59,143
1013.4,672.78,57.265,138.79
1012.8,670.87,58.416,141.58
1012.7,670.09,58.416,141.58
1012.7,669.46,59,143
1012.6,668.99,58.416,141.58
1013.5,671.05,56.698,137.42
1013.2,669.67,57.265,138.79
1012.5,667.62,58.416,141.58
1011.9,664.57,60.186,145.87
1012.4,665.75,59,143
1012.4,665.44,59,143
1012.5,667.35,57.265,138.79
1012.4,665.5,57.837,140.18
1012.1,663.16,59,143
1012.1,663.49,58.416,141.58
1012.8,665.71,56.698,137.42
1012.1,663.9,57.265,138.79
1011.8,659.64,59,143
1011.9,659.63,58.416,141.58
1012.7,661.77,56.698,137.42
1012.9,662.77,56.136,136.06
1011.7,658.53,57.837,140.18
1011.2,655.44,59.59,144.43
1011.7,656.99,57.837,140.18
1012.7,659.69,56.136,136.06
1011.2,655.9,57.837,140.18
1011.7,655.66,57.837,140.18
1012.9,658.07,56.136,136.06
1012.1,656.24,56.698,137.42
1011.1,652.53,58.416,141.58
1010.8,651.93,58.416,141.58
1011.1,651.01,59,143
1011.2,652.09,57.265,138.79
1012.6,655.07,55.581,134.71
1012.7,654.52,55.03,133.38
1012.9,653.63,55.03,133.38
1012.6,653.57,54.486,132.06
1012.4,649.97,56.136,136.06
1011.7,646.51,57.265,138.79
1012.5,649.13,55.581,134.71
1012.7,649.41,55.03,133.38
1011.5,644.5,56.698,137.42
1012.1,645.92,56.136,136.06
1011.2,640.95,57.837,140.18
1011.2,642.97,56.698,137.42
1010.9,640.73,57.265,138.79
1012.3,644.26,55.581,134.71
1011.2,640.31,56.698,137.42
1010.5,637.39,57.837,140.18
1011.4,640.47,56.136,136.06
1010.6,637.37,57.265,138.79
1011.4,639.48,56.136,136.06
1009.9,635.76,57.265,138.79
1010.9,639.35,55.581,134.71
1010.3,637.21,56.136,136.06
1011.3,639.58,55.03,133.38
1010.5,636.73,56.136,136.06
1010.6,639.62,54.486,132.06
1010.2,636.77,56.136,136.06
1009.7,636.63,56.136,136.06
1010.1,635.84,56.136,136.06
1010.2,635.9,56.136,136.06
1010.8,637.43,54.486,132.06
1012.2,640.5,52.883,128.17
1010.9,636.69,54.486,132.06
1010.5,635.46,55.581,134.71
1010.8,635.1,55.581,134.71
1010.8,635.62,54.486,132.06
1010.9,634.2,55.581,134.71
1010.1,629.81,57.265,138.79
1011.2,633.46,55.581,134.71
1010.4,631.86,56.136,136.06
1011.4,633.9,55.03,133.38
1010.9,633.86,54.486,132.06
1012.1,636.24,53.412,129.46
1011.3,633.15,55.03,133.38
1011.3,632.29,55.03,133.38
1010.2,626.78,56.698,137.42
1011.2,630.41,55.581,134.71
1011.3,631.34,55.03,133.38
1010.1,627.21,56.698,137.42
1010.8,628.88,56.136,136.06
1009.5,624.14,57.837,140.18
1010.7,627.65,56.136,136.06
1009.6,623.19,57.837,140.18
1010.4,626.76,56.136,136.06
1009.7,622.5,57.265,138.79
1010.1,624.77,56.136,136.06
1010.2,623.96,56.136,136.06
1009.7,623.99,55.03,133.38
1009.7,620.33,56.136,136.06
1010.9,620.28,56.136,136.06
1010.2,616.22,57.265,138.79
1009.6,615.2,57.837,140.18
1010.7,616.95,56.136,136.06
1011.4,616.96,55.581,134.71
1010.7,612.34,57.265,138.79
1010.8,611.74,56.698,137.42
1011.3,610.7,56.698,137.42
1010.5,606.14,58.416,141.58
1011.3,608.52,56.698,137.42
1011.3,607.6,56.698,137.42
1010.5,602.79,58.416,141.58
1010.8,601.7,59,143
1011.2,602.99,57.265,138.79
1011.9,603.81,56.136,136.06
1012.1,604.55,55.581,134.71
1011.8,602.62,56.136,136.06
1012,602.94,54.486,132.06
1011.4,601.66,55.03,133.38
1010.9,600.63,55.03,133.38
1012.3,600.3,54.486,132.06
1011.3,595.71,56.136,136.06
1010.5,596.48,55.03,133.38
1011.4,598.22,53.412,129.46
1010.3,596.93,54.486,132.06
1011,598.61,53.412,129.46
1011.9,595.28,55.03,133.38
1010.3,593.86,55.581,134.71
1010.8,595.03,55.03,133.38
1010.4,591.46,56.698,137.42
1009.8,589.62,56.698,137.42
1009.8,594.08,55.03,133.38
1011.1,593.8,55.581,134.71
1010.4,589.61,56.136,136.06
1010.5,592.35,54.486,132.06
1011.3,589.99,56.136,136.06
1010.4,588.74,57.265,138.79
1011,590.78,56.136,136.06
1010.6,592.45,55.03,133.38
1011,591.25,55.03,133.38
1010.8,593.84,53.946,130.75
1011,591.7,54.486,132.06
1010.3,590.79,54.486,132.06
1009.8,589.84,54.486,132.06
1011.2,596.84,52.883,128.17
1010.5,593.35,53.412,129.46
1010.4,593.89,52.36,126.91
1010.2,591.66,53.946,130.75
1010.7,586.39,55.581,134.71
1010.8,590.79,53.946,130.75
1011.8,588.8,53.412,129.46
1012.1,586.72,55.03,133.38
1011.4,585.99,55.581,134.71
1011.4,580.78,57.265,138.79
1011.3,582.18,56.698,137.42
1011.2,578.76,58.416,141.58
1011.2,582.42,56.698,137.42
1011.1,578.1,58.416,141.58
1011.5,577.3,59.59,144.43
1012,578.21,59,143
1011.2,580.39,57.837,140.18
1011.9,579.03,57.837,140.18
1011.9,582.89,56.136,136.06
1011.8,582,56.698,137.42
1011.8,580.04,57.265,138.79
1012.5,583.22,56.136,136.06
1011.9,584.16,55.581,134.71
1011.8,582.49,56.136,136.06
1011.6,580.52,56.698,137.42
1012.1,580.53,56.698,137.42
1012.9,582.08,56.136,136.06
1012.1,580.1,56.698,137.42
1011.5,578.9,57.837,140.18
1011.7,578.13,59,143
1011.9,577.3,58.416,141.58
1011.1,578.17,58.416,141.58
1011.2,576.28,59.59,144.43
1011.9,578.95,57.837,140.18
1012.9,582.65,56.136,136.06
1011.6,578.63,57.837,140.18
1012.1,582.04,56.136,136.06
1011.7,582.48,56.136,136.06
1011.8,583.48,55.581,134.71
1011.1,579.84,57.265,138.79
1010.8,581.27,56.698,137.42
1011.4,583.26,56.136,136.06
1011.4,582.76,56.136,136.06
1010.4,579.01,57.837,140.18
1011.3,582.88,56.136,136.06
1010.3,579.54,57.837,140.18
1010.9,581.57,56.698,137.42
1010.5,578.85,58.416,141.58
1010.4,580.66,57.265,138.79
1010.2,578.57,58.416,141.58
1010.5,581.62,56.698,137.42
1010.5,578.83,57.837,140.18
1010.4,581,56.698,137.42
1010.7,580.19,57.265,138.79
1010.8,581.37,56.698,137.42
1012,584.07,55.03,133.38
1011.7,583.85,55.581,134.71
1011.6,582.36,56.136,136.06
1011.6,583.4,55.581,134.71
1010.3,579.72,57.265,138.79
1011.2,582.75,56.136,136.06
1010.6,579.18,57.837,140.18
1011.3,582.92,56.136,136.06
1010.6,580.48,57.265,138.79
1009.6,578.81,59,143
1009.7,576.45,60.186,145.87
1010.2,578.52,58.416,141.58
1010.1,577.59,59.59,144.43
1010.1,579.09,59,143
1010.3,579.63,57.837,140.18
1010.1,579.51,57.837,140.18
1011.1,583.15,56.136,136.06
1010.9,582.41,56.136,136.06
1010.4,582.81,56.136,136.06
1010,581.27,56.698,137.42
1010.1,582.56,56.136,136.06
1009.9,579.86,57.837,140.18
1011.1,582.25,56.136,136.06
1010.1,581.48,56.698,137.42
1009.8,579.46,58.416,141.58
1009.8,580.21,57.837,140.18
1009.9,580.02,57.837,140.18
1009.8,579.84,57.837,140.18
1009.8,580.03,57.837,140.18
1009.7,578.59,59,143
1010.1,579.91,57.837,140.18
1011.2,582.82,56.136,136.06
1011.3,582.42,56.136,136.06
1010.9,582.28,56.136,136.06
1011.7,582.52,56.136,136.06
1010,580.01,57.265,138.79
1010.2,581.58,56.698,137.42
1011.1,584.02,55.581,134.71
1010.4,582.97,56.136,136.06
1010.2,581.86,56.698,137.42
1010.1,581.2,57.265,138.79
1011.3,583.45,55.581,134.71
1010.4,580.46,57.265,138.79
1009.9,580.95,57.265,138.79
1009.6,579.93,57.837,140.18
1009.7,580.55,57.265,138.79
1010.4,581.58,56.698,137.42
1010,578.35,58.416,141.58
1010.5,580.59,57.265,138.79
1010.4,578.83,58.416,141.58
1011,581.77,56.698,137.42
1010.3,580.06,57.837,140.18
1010.1,578.86,58.416,141.58
1010.3,579.21,59,143
1010.1,579.93,58.416,141.58
1010.3,579.91,59,143
1010.5,581.57,57.265,138.79
1011.8,582.84,56.136,136.06
1010.8,581.53,57.265,138.79
1011.6,583.3,56.136,136.06
1010.7,580.15,57.837,140.18
1010.4,578.4,59.59,144.43
1010.3,580.22,57.837,140.18
1011.6,582.63,56.136,136.06
1011.6,583.38,56.136,136.06
1010.3,580.82,57.837,140.18
1011.5,583.29,56.136,136.06
1011.6,584.04,56.136,136.06
1011.3,584.77,55.581,134.71
1011.2,584.27,56.136,136.06
1010.4,581.61,57.265,138.79
1010.1,579.94,58.416,141.58
1010.3,580.45,58.416,141.58
1010,579.4,59.59,144.43
1010.5,581.11,57.837,140.18
1011.3,584.4,56.136,136.06
1010.2,582.41,57.265,138.79
1009.8,580.58,58.416,141.58
1010.6,583.19,56.698,137.42
1010.6,582.66,57.265,138.79
1009.9,580.45,59,143
1009.3,578.92,60.186,145.87
1009.9,581.13,58.416,141.58
1010.8,583.14,56.698,137.42
1010.2,582.05,57.265,138.79
1009.9,580.8,58.416,141.58
1010.5,582.02,57.265,138.79
1010.7,582.94,56.698,137.42
1010.4,583.33,56.698,137.42
1011.3,584.5,56.136,136.06
1010.5,583.57,56.698,137.42
1011.5,584.59,56.136,136.06
1010.1,581.54,57.837,140.18
1010.1,583.14,56.698,137.42
1011.5,585.05,55.581,134.71
1010.9,582.34,57.265,138.79
1010.5,580.63,58.416,141.58
1010.5,580.22,58.416,141.58
1010.9,582.24,57.265,138.79
1010.9,582.96,56.698,137.42
1010.6,580.22,58.416,141.58
1010.4,579.04,59.59,144.43
1010.7,579.92,58.416,141.58
1010.8,581.34,57.265,138.79
1011.2,582.09,56.698,137.42
1011.1,582.01,56.698,137.42
1011.2,582.06,56.698,137.42
1010.4,580.53,57.837,140.18
1011,582.14,56.698,137.42
1010.9,581.87,56.698,137.42
1011,581.82,56.698,137.42
1011.7,583,56.136,136.06
1011,582.17,56.698,137.42
1010.6,581.64,56.698,137.42
1010.3,581.04,57.265,138.79
1010.2,580.06,57.837,140.18
1010.4,578.94,58.416,141.58
1010.4,580.12,57.837,140.18
1010.3,578.77,59,143
1009.8,578.14,59.59,144.43
1010,577.59,59.59,144.43
1009.9,578.39,59,143
1010.4,580.29,57.265,138.79
1010.8,581.1,56.698,137.42
1010.7,580.29,57.265,138.79
1011.3,581.8,56.136,136.06
1010.5,580.35,57.265,138.79
1010.1,578.67,58.416,141.58
1010.3,580.22,57.265,138.79
1010.5,580.76,56.698,137.42
1010.3,580.93,56.698,137.42
1010.2,580.98,56.698,137.42
1010,580.03,57.265,138.79
1010.1,580.35,57.265,138.79
1011.1,582.18,56.136,136.06
1010.1,579.38,57.837,140.18
1010.3,580.39,57.265,138.79
1010,578.06,59,143
1009.8,578.26,59,143
1009.9,580.18,57.265,138.79
1010,579.2,57.837,140.18
1009.9,578.19,58.416,141.58
1010.4,578.8,57.837,140.18
1010.4,577.97,59,143
1009.9,576.75,59.59,144.43
1009.4,578.24,58.416,141.58
1009.4,578.03,59,143
1009.8,579.06,57.837,140.18
1011.2,582.11,56.136,136.06
1010.1,579.24,57.837,140.18
1010.3,580.88,56.698,137.42
1010,579.11,57.837,140.18
1009.8,578.34,58.416,141.58
1009.9,579.19,57.837,140.18
1009.8,577.95,58.416,141.58
1009.8,576.22,60.186,145.87
1010.1,577.95,58.416,141.58
1010,578.11,59,143
1009.7,575.57,60.788,147.33
1009,575.57,60.788,147.33
1010.1,578.02,59,143
1010.5,579.84,57.265,138.79
1009.9,578.14,58.416,141.58
1009.9,577.84,59,143
1009.8,579.45,57.265,138.79
1009.7,579.62,57.265,138.79
1010,578.19,59,143
1009.3,575.52,60.788,147.33
1009.9,578.09,59,143
1010.2,577.89,59,143
1009.8,577.75,59.59,144.43
1009.7,578.7,59,143
1009.9,578.71,59,143
1010,578.38,59,143
1010.7,580.05,57.265,138.79
1010.2,579.65,57.837,140.18
1010,579.84,57.837,140.18
1010.4,580.55,57.265,138.79
1010,579.05,58.416,141.58
1010.4,579.21,59,143
1009.9,579.28,59,143
1010.3,579.73,58.416,141.58
1010.4,579.47,59,143
1010.3,578.95,59.59,144.43
1010.8,579.91,59,143
1010.6,580.97,57.837,140.18
1010,580.03,59,143
1010.2,579.85,58.416,141.58
1010.6,581.66,57.265,138.79
1010.3,581.99,57.265,138.79
1011.3,584.03,56.136,136.06
1010.7,583.29,56.698,137.42
1011.4,584.92,55.581,134.71
1011.8,584.51,56.136,136.06
1010.6,581.86,57.837,140.18
1010.6,583.17,56.698,137.42
1010.1,581.43,57.837,140.18
1010.4,582.47,57.265,138.79
1011.4,584.47,56.136,136.06
1011.7,585.52,55.581,134.71
1010.7,582.61,57.265,138.79
1010.2,581.27,58.416,141.58
1010,581.06,58.416,141.58
1010.4,582.79,57.265,138.79
1010.2,581.07,58.416,141.58
1010.3,581.16,59,143
1010.2,581.66,57.837,140.18
1010,581.58,58.416,141.58
1009.5,579.09,60.186,145.87
1010.1,580.68,59,143
1010.5,581.83,57.837,140.18
1009.7,580.96,58.416,141.58
1010.5,582.48,57.265,138.79
1010.3,582.02,57.837,140.18
1010.6,580.09,59.59,144.43
1010.7,581.7,57.837,140.18
1011.5,583.28,56.698,137.42
1010.7,581.21,58.416,141.58
1011.3,582.18,57.265,138.79
1010.8,582.61,57.265,138.79
1012.2,584.45,56.136,136.06
1011.5,583.26,56.698,137.42
1012,584.61,56.136,136.06
1011.5,583.48,56.698,137.42
1011.8,585.08,56.136,136.06
1011.2,582.82,57.265,138.79
1010.8,580.72,59,143
1011.3,580.66,59,143
1011.1,580.91,59,143
1011.3,582.84,57.265,138.79
1010.8,582.46,57.837,140.18
1010.9,582.33,57.837,140.18
1011.5,582.35,57.837,140.18
1011.4,583.25,57.265,138.79
1011,581.66,58.416,141.58
1011.7,582.11,57.837,140.18
1011.9,583.78,56.698,137.42
1011.2,581.5,58.416,141.58
1011.4,581.7,58.416,141.58
1012.4,582.75,57.265,138.79
1012.1,582.56,57.265,138.79
1012.2,582.36,57.265,138.79
1011.6,581.36,58.416,141.58
1012,581.2,59,143
1012.1,580.11,59.59,144.43
1012.2,582.13,57.837,140.18
1012,581.21,58.416,141.58
1012.2,582.16,57.837,140.18
1012.1,581.18,58.416,141.58
1012.7,583.14,57.265,138.79
1013.6,584.85,56.136,136.06
1012.4,582.53,57.837,140.18
1012.2,581.52,59,143
1012.1,581.91,58.416,141.58
1012.1,581.42,58.416,141.58
1012.8,582.95,57.265,138.79
1012.2,583.36,57.265,138.79
1011.5,581.82,58.416,141.58
1011.9,581.82,58.416,141.58
1012.1,581.29,59,143
1011.8,579.57,60.186,145.87
1012.2,581.36,59,143
1011.6,580.37,59.59,144.43
1011.8,581.28,58.416,141.58
1011.6,580.62,59.59,144.43
1011.9,581.43,59,143
1012.1,582.13,57.837,140.18
1011.1,580.15,59.59,144.43
1011.4,580.83,59,143
1011.9,582.34,57.265,138.79
1011.7,582.32,57.265,138.79
1011.4,581.63,57.837,140.18
1010.8,579.89,59.59,144.43
1011.6,581.6,57.837,140.18
1012.6,584.11,56.136,136.06
1011.3,581.49,57.837,140.18
1010.9,580.43,58.416,141.58
1010.9,580.52,58.416,141.58
1011.4,580.58,58.416,141.58
1011.3,579.98,59,143
1011.4,581.54,57.265,138.79
1010.9,580.92,57.837,140.18
1010.7,578.68,59.59,144.43
1011.3,579.96,59,143
1011.6,580.88,57.837,140.18
1011.4,581.59,57.265,138.79
1011.6,581.3,57.265,138.79
1010.9,579.61,58.416,141.58
1010.9,579.85,58.416,141.58
1011,579.46,59,143
1010.9,580.76,57.837,140.18
1010.5,579.52,59,143
1010.9,579.45,59,143
1010.5,579.52,58.416,141.58
1010.8,580.87,57.265,138.79
1010.5,579.39,58.416,141.58
1009.6,578.02,60.186,145.87
1010.3,579.72,58.416,141.58
1009.8,578.72,59.59,144.43
1010.2,580.64,57.837,140.18
1009.8,579.56,58.416,141.58
1009.6,580.42,57.837,140.18
1009.6,579.95,58.416,141.58
1009.8,580.31,57.837,140.18
1009.5,579.38,59,143
1009.6,579.4,59,143
1010.5,579.22,59,143
1010,578.63,59.59,144.43
1009.8,579.3,59,143
1010,579.49,59,143
1009.9,579.5,58.416,141.58
1009.9,580.62,57.837,140.18
1009.4,578.68,59.59,144.43
1009.5,578.57,59.59,144.43
1009.7,579.11,58.416,141.58
1009.6,579.21,58.416,141.58
1010.5,580.97,57.265,138.79
1010.5,581.78,56.698,137.42
1009.7,579.25,58.416,141.58
1009.5,577.86,60.186,145.87
1010.6,579.1,59,143
1010.4,580.5,57.837,140.18
1010.3,579,59,143
1010.5,579.23,58.416,141.58
1010.3,579.23,59,143
1010.3,579.23,59,143
1010.1,579.25,58.416,141.58
1010.1,579.03,59,143
1010.5,578.96,59,143
1010.1,578.56,59.59,144.43
1010.4,579.94,58.416,141.58
1010.2,578.9,59.59,144.43
1010.3,579.28,59.59,144.43
1010.7,581.28,57.837,140.18
1010.4,580.08,59,143
1010.3,580.29,59,143
1010.7,580.41,59,143
1010.8,580.71,59,143
1011.3,580.86,58.416,141.58
1011.2,580.87,59,143
1010.6,579.85,60.186,145.87
1011.2,581.39,58.416,141.58
1011.3,581.17,59,143
1010.9,579.67,60.186,145.87
1011.3,581.19,59,143
1011.4,582.92,57.265,138.79
1011.3,582.37,57.837,140.18
1011,580.6,59.59,144.43
1010.5,580.49,60.186,145.87
1011.7,582.11,59,143
1011.8,583.13,57.837,140.18
1011.8,582.2,59,143
1011.4,582.3,58.416,141.58
1011.5,582.27,58.416,141.58
1011.7,582.05,59,143
1011.8,582.02,59,143
1011.6,582.37,58.416,141.58
1011.2,582.38,58.416,141.58
1011.4,582.36,58.416,141.58
1011.6,583.02,57.837,140.18
1011.3,582.09,59,143
1011.4,583.34,57.837,140.18
1011.3,583.12,57.837,140.18
1011.4,582.4,58.416,141.58
1011.2,582.3,58.416,141.58
1011.4,582.51,58.416,141.58
1011.1,581.29,59.59,144.43
1011.2,580.85,60.186,145.87
1011.3,582.36,58.416,141.58
1010.8,582.28,58.416,141.58
1010.9,580.29,60.186,145.87
1011.5,582.01,59,143
1011,582.23,58.416,141.58
1010.9,581.73,59,143
1011.1,582.84,57.837,140.18
1010.8,580.87,59.59,144.43
1011.1,581.65,59,143
1010.8,580.97,59.59,144.43
1010.5,581.63,59,143
1010.6,581.51,59,143
1010.5,581.97,58.416,141.58
1010.1,581.37,58.416,141.58
1010,581.72,58.416,141.58
1010.1,581.53,58.416,141.58
1010,582.46,57.837,140.18
1009.9,582.83,57.837,140.18
1009.6,581.26,59,143
1009.9,580.3,59.59,144.43
1009.7,579.86,60.186,145.87
1009.5,581.62,58.416,141.58
1009.5,580.98,59,143
1009.9,581.04,59,143
1009.7,581.29,58.416,141.58
1009.7,581.97,57.837,140.18
1009.5,581.5,58.416,141.58
1009.7,582.04,57.837,140.18
1009.4,580.82,59,143
1009.4,580.34,59.59,144.43
1008.9,579.07,60.186,145.87
1009.5,581.23,58.416,141.58
1009.3,580.68,59,143
1009.3,581.81,57.837,140.18
1009.1,581.07,58.416,141.58
1009.1,581.77,57.837,140.18
1008.8,581.35,58.416,141.58
1008.5,579.13,60.186,145.87
1009.1,581,58.416,141.58
1009,582.01,57.837,140.18
1009,581.11,58.416,141.58
1008.7,578.92,60.186,145.87
1009.2,580.85,59,143
1008.6,579.46,60.186,145.87
1009.2,580.86,59,143
1009.4,580.5,59,143
1009.2,579.7,59.59,144.43
1009.5,580.31,59,143
1009.3,580.62,58.416,141.58
1009.5,582.02,57.265,138.79
1009.5,581.2,57.837,140.18
1009,579.76,59.59,144.43
1009,580.51,58.416,141.58
1009.2,580.49,58.416,141.58
1009.1,580.44,59,143
1009.1,580.34,58.416,141.58
1009.2,580.95,57.837,140.18
1008.9,580.29,58.416,141.58
1009.2,579.55,59.59,144.43
1010,581.58,57.837,140.18
1009.2,579.47,59.59,144.43
1009.6,581.49,57.837,140.18
1009.9,580.04,59,143
1009.8,580.25,58.416,141.58
1009.7,581.07,57.837,140.18
1009.5,581.25,57.837,140.18
1009.6,581.15,57.837,140.18
1009.7,580.7,58.416,141.58
1010,580.19,59,143
1010.3,580.58,58.416,141.58
1010.3,582.14,57.265,138.79
1010.4,582.04,57.265,138.79
1010.4,581.4,57.837,140.18
1009.7,579.79,59.59,144.43
1010.5,580.71,59,143
1010,579.13,60.186,145.87
1010.4,580.74,58.416,141.58
1010.7,581.26,57.837,140.18
1010.3,580.32,58.416,141.58
1010.3,580.42,58.416,141.58
1010.3,579.12,59.59,144.43
1010.9,580.87,57.837,140.18
1010.5,580.04,58.416,141.58
1010.9,581.63,57.265,138.79
1010.6,579.98,58.416,141.58
1010.6,580.22,58.416,141.58
1010.7,579.74,59,143
1010.6,579.12,59.59,144.43
1010.6,579.4,59.59,144.43
1010.5,579.55,59,143
1010.9,579.83,59,143
1010.6,579.88,59,143
1011,580.31,58.416,141.58
1010.8,579.9,59,143
1010.5,580.34,58.416,141.58
1010.2,578.96,59.59,144.43
1010.8,579.91,59,143
1010.7,580.36,58.416,141.58
1010.7,580.1,59,143
1010.7,579.66,59.59,144.43
1010.2,577.68,60.788,147.33
1010.2,577.73,60.788,147.33
1011,579.96,59,143
1010.8,580.38,58.416,141.58
1010.8,581.05,57.837,140.18
1010.4,580.28,58.416,141.58
1010.4,578.98,59.59,144.43
1010.8,579.64,59,143
1010.6,580.4,58.416,141.58
1010.6,580.15,59,143
1010.9,579.94,59,143
1011.2,581.59,57.837,140.18
1010.6,579.59,59.59,144.43
1011.1,580.55,58.416,141.58
1010.8,580.68,58.416,141.58
1011.1,581.25,57.837,140.18
1011.1,581.49,57.837,140.18
1010.8,580.36,58.416,141.58
1011.2,581.58,57.837,140.18
1010.4,580.55,58.416,141.58
1010.9,580.38,59,143
1011.1,580.85,58.416,141.58
1011.2,580.95,58.416,141.58
1010.8,579.61,59.59,144.43
1010.6,579.05,60.186,145.87
1010.7,579.54,59.59,144.43
1010.8,580.57,58.416,141.58
1011.1,581.11,57.837,140.18
1011.4,581.34,57.837,140.18
1011.2,581.16,57.837,140.18
1010.9,579.41,59.59,144.43
1010.7,579.36,59.59,144.43
1011.1,580.33,58.416,141.58
1011.6,580.55,59,143
1011.1,580.54,59,143
1011.4,580.49,59,143
1010.8,579.23,59.59,144.43
1010.9,580.34,58.416,141.58
1011.1,579.2,59.59,144.43
1011.2,579.72,59,143
1011.3,580.18,59,143
1011.2,580.53,58.416,141.58
1011.4,580.6,58.416,141.58
1011,580.02,59.59,144.43
1011.9,581.61,57.837,140.18
1011.2,579.87,59.59,144.43
1011.7,580.59,59,143
1011.9,580.76,59,143
1012.1,581,59,143
1011.6,581.15,59,143
1011.9,581.98,57.837,140.18
1011.7,580.46,59.59,144.43
1011.2,578.66,60.788,147.33
1011.6,579.4,60.186,145.87
1011.6,579.4,60.186,145.87
1011.7,580.94,59,143
1011.2,579.47,60.186,145.87
1011.9,581.65,58.416,141.58
1011.8,581.26,59,143
1011.6,581.15,58.416,141.58
1011.8,581.88,57.837,140.18
1011.6,582.8,57.265,138.79
1011.4,581.24,59,143
1011.3,581.6,58.416,141.58
1010.9,581.71,58.416,141.58
1010.6,579.97,60.186,145.87
1010.6,579.79,60.186,145.87
1010.6,579.53,60.186,145.87
1011.2,581.95,58.416,141.58
1011,581.52,58.416,141.58
1011,581.86,58.416,141.58
1011.3,582.78,57.837,140.18
1011.2,582.16,58.416,141.58
1010.5,580.89,59.59,144.43
1011.3,581.76,59,143
1010.9,581.03,59.59,144.43
1010.8,580.84,59.59,144.43
1010.5,580.07,60.186,145.87
1010.8,582.04,58.416,141.58
1010.7,581.78,59,143
1011.6,583.71,57.265,138.79
1011,581.46,59,143
1010.5,581.62,58.416,141.58
1010.1,579.7,60.186,145.87
1010.4,580.53,59.59,144.43
1010.2,581.02,59,143
1010.6,582.26,57.837,140.18
1010.2,580.38,59.59,144.43
1010.6,581.45,58.416,141.58
1010.3,581.27,59,143
1010.4,582.16,57.837,140.18
1010.2,581.13,59,143
1010.4,581.38,58.416,141.58
1010.4,581.09,59,143
1010.3,581.34,58.416,141.58
1010.3,581.3,58.416,141.58
1010.1,581.04,59,143
1010.3,581.16,59,143
1010,580.68,59,143
1010,579.96,59.59,144.43
1010.4,581.65,57.837,140.18
1010.4,580.98,58.416,141.58
1009.9,579.82,59.59,144.43
1010.2,581.04,58.416,141.58
1009.8,579.6,59.59,144.43
1010.1,580.47,59,143
1009.4,578.82,60.186,145.87
1009.5,578.67,60.186,145.87
1010,579.2,59.59,144.43
1009.7,580.66,58.416,141.58
1009.8,580.68,58.416,141.58
1010,581.53,57.837,140.18
1010.2,582.1,57.265,138.79
1009.8,580.31,58.416,141.58
1010.5,581.24,57.837,140.18
1010,580.58,58.416,141.58
1010.5,581.66,57.837,140.18
1010,580.34,58.416,141.58
1010.2,580.62,58.416,141.58
1010.2,580.87,58.416,141.58
1010.4,580.46,58.416,141.58
1010.1,580.18,58.416,141.58
1010.9,581.85,57.265,138.79
1010.5,581.04,57.837,140.18
1010.4,579.81,59,143
1010.5,579.86,59,143
1010.5,580.12,58.416,141.58
1010.5,580.09,58.416,141.58
1010.7,579.73,59,143
1010.2,578.4,60.186,145.87
1010.7,580.07,58.416,141.58
1009.8,579.7,58.416,141.58
1009.9,578.34,60.186,145.87
1010.4,579.48,59,143
1010.1,579.57,58.416,141.58
1010.3,579.91,58.416,141.58
1011,580.63,57.837,140.18
1010.5,579.67,58.416,141.58
1010.1,579.93,58.416,141.58
1010.5,581.61,57.265,138.79
1010.3,579.72,59,143
1010.7,581.25,57.265,138.79
1010.8,579.41,59,143
1010.5,581.16,57.265,138.79
1010.4,580.54,57.837,140.18
1010,578.5,59.59,144.43
1009.9,577.44,60.186,145.87
1009.5,576.85,60.788,147.33
1009.6,577.76,60.186,145.87
1009.9,578.42,59.59,144.43
1009.8,577.61,60.186,145.87
1010,579.37,58.416,141.58
1010.1,579.34,58.416,141.58
1010,579.22,58.416,141.58
1009.8,578.78,59,143
1010,578.92,59,143
1009.8,578.74,59,143
1009.6,578.92,58.416,141.58
1010.1,581.19,56.698,137.42
1009.8,580.4,57.265,138.79
1009.5,578.63,58.416,141.58
1009.6,577.78,59.59,144.43
1009.6,577.04,60.186,145.87
1009.2,576.94,60.186,145.87
1009.5,578.35,58.416,141.58
1009.6,578.62,58.416,141.58
1009.4,578.54,58.416,141.58
1009.8,579.52,57.837,140.18
1009.5,578.83,58.416,141.58
1009.1,578.31,58.416,141.58
1009.2,577.97,59,143
1009.5,579.18,57.837,140.18
1009.3,579.05,57.837,140.18
1009.1,577.45,59.59,144.43
1009.2,579.78,57.837,140.18
1009.3,578.51,59,143
1009.6,579.4,58.416,141.58
1009.5,579.05,59,143
1009.6,578.91,59,143
1008.9,577.5,60.186,145.87
1009.1,577.87,59.59,144.43
1009.4,579.21,58.416,141.58
1009.7,579.42,58.416,141.58
1009.5,579.48,58.416,141.58
1009.8,580.76,57.265,138.79
1009.2,579.48,58.416,141.58
1009.7,578.98,59,143
1009.3,577.95,60.186,145.87
1009.5,579.6,58.416,141.58
1009.4,580.3,57.837,140.18
1009,579.45,58.416,141.58
1009.8,581.55,57.265,138.79
1009.7,580.62,57.837,140.18
1009.9,580.84,57.265,138.79
1009.6,580.81,57.837,140.18
1009.4,579.89,58.416,141.58
1009.5,580.87,57.837,140.18
1009.6,579.06,59.59,144.43
1010,579.87,59,143
1009.6,580.48,58.416,141.58
1010.1,581.92,57.265,138.79
1010.4,582.76,56.698,137.42
1010.5,583.04,56.698,137.42
1010.2,582.58,57.265,138.79
1010.1,582.54,57.265,138.79
1009.4,580.99,58.416,141.58
1009.7,581.76,57.837,140.18
1009.5,581.18,58.416,141.58
1009.6,581.27,58.416,141.58
1009.9,582.19,57.837,140.18
1009.8,582.41,57.837,140.18
1009.7,582.08,57.837,140.18
1009.6,581.64,58.416,141.58
1009.5,582.15,57.837,140.18
1009.6,581.48,58.416,141.58
1009.8,583.08,57.265,138.79
1009.6,582.11,57.837,140.18
1009.6,581.53,58.416,141.58
1010,582.5,57.837,140.18
1009.3,581.5,58.416,141.58
1009.3,581.22,58.416,141.58
1009.6,582.23,57.837,140.18
1009.5,581.72,58.416,141.58
1009.7,582.36,57.837,140.18
1010.7,583.92,56.698,137.42
1009.8,581.82,58.416,141.58
1009.9,582.05,57.837,140.18
1010.3,582.89,57.265,138.79
1009.6,581.37,58.416,141.58
1009.1,581.2,59,143
1009.9,582.91,57.265,138.79
1009.5,581.95,57.837,140.18
1010,582.87,57.265,138.79
1009.6,581.17,59,143
1009.4,580.2,59.59,144.43
1010,581.36,58.416,141.58
1010.1,581.69,57.837,140.18
1010.1,580.88,58.416,141.58
1009.8,579.29,59.59,144.43
1010.2,580.73,58.416,141.58
1010.1,580.64,58.416,141.58
1009.7,578.46,60.186,145.87
1009.9,580.53,58.416,141.58
1010.4,580.61,59,143
1010.1,580.82,58.416,141.58
1011,579.91,59,143
1010.9,580.23,58.416,141.58
1011.3,581.17,57.837,140.18
1010.9,580.61,57.837,140.18
1010.7,580.38,57.837,140.18
1010.7,579.88,58.416,141.58
1011.1,581.26,57.265,138.79
1011.1,580.3,57.837,140.18
1011.2,580.14,57.837,140.18
1011.3,579.03,59,143
1011.1,579.01,59,143
1011.5,579.3,58.416,141.58
1011.5,579.3,58.416,141.58
1011.2,579.82,57.837,140.18
1011.2,578.85,58.416,141.58
1011.5,578.9,58.416,141.58
1011.2,578.75,58.416,141.58
1011,578.7,58.416,141.58
1011.4,578.67,58.416,141.58
1011,577.39,59.59,144.43
1011.7,579.45,57.837,140.18
1011.6,579.25,57.837,140.18
1011.5,578.14,59,143
1011.6,579.01,57.837,140.18
1011.7,579.43,57.265,138.79
1011.1,577.98,58.416,141.58
1011.5,577.53,59,143
1011.1,576.85,59.59,144.43
1011.2,577.5,59,143
1011.7,579.42,57.265,138.79
1011,577.42,58.416,141.58
1011.4,578.14,57.837,140.18
1011.1,577.24,58.416,141.58
1010.8,577.3,58.416,141.58
1011.1,577.15,58.416,141.58
1011.2,577.98,57.837,140.18
1011.6,577.46,58.416,141.58
1011.8,578.94,57.265,138.79
1011.5,578.05,57.837,140.18
1011.2,577.83,57.837,140.18
1011,577.12,58.416,141.58
1011.3,578.45,57.265,138.79
1010.8,578.05,57.837,140.18
1011.4,579.15,57.265,138.79
1010.9,577.28,59,143
1011,577.64,58.416,141.58
1011.1,577.4,59,143
1011,577.79,58.416,141.58
1010.9,577.62,58.416,141.58
1010.8,577.54,59,143
1010.9,577.22,59.59,144.43
1010.7,578.18,58.416,141.58
1010.3,577.87,59,143
1010.3,578.32,59,143
1010.5,578.49,58.416,141.58
1010.6,578.88,58.416,141.58
1010.9,580.39,57.265,138.79
1010.8,579.63,57.837,140.18
1010,579.01,58.416,141.58
1010.3,578.8,58.416,141.58
1010.3,579.88,57.837,140.18
1010.6,580.45,57.265,138.79
1010.2,579.06,58.416,141.58
1009.7,579.08,58.416,141.58
1010.1,580.2,57.837,140.18
1009.9,579.37,58.416,141.58
1009.5,578.22,59.59,144.43
1010.2,580.01,57.837,140.18
1010.3,579.1,59,143
1010.2,580.5,57.837,140.18
1009.7,578.42,59.59,144.43
1009.6,578.9,59.59,144.43
1009.4,579.09,59.59,144.43
1009.3,579.65,59,143
1009.3,580.01,59,143
1009.2,579.76,59,143
1009.2,580.25,58.416,141.58
1009.4,580.09,59,143
1009,580.07,58.416,141.58
1009.2,580.25,58.416,141.58
1009.4,580.26,58.416,141.58
1009.6,579.93,59,143
1009.5,580.33,58.416,141.58
1009.3,579.02,59.59,144.43
1009.9,580.48,58.416,141.58
1009.9,580.5,58.416,141.58
1010.1,580.09,59,143
1009.9,581.23,57.837,140.18
1009.7,579.26,59.59,144.43
1009.6,580.31,58.416,141.58
1009.7,579.76,59,143
1010.1,580.96,57.837,140.18
1010.1,579.85,59,143
1009.9,580.15,58.416,141.58
1010.1,579.63,58.416,141.58
1010,580.18,58.416,141.58
1010.9,582.35,56.698,137.42
1010.4,581.17,57.837,140.18
1010.2,580.67,58.416,141.58
1010.6,581.25,57.837,140.18
1010.6,580.45,58.416,141.58
1010,578.76,60.186,145.87
1010.4,580.54,58.416,141.58
1010.7,581.18,57.837,140.18
1010.6,580.76,58.416,141.58
1010.8,580.67,58.416,141.58
1010.7,580.57,58.416,141.58
1011.6,583.31,56.698,137.42
1011.2,582.46,57.265,138.79
1010.8,580.77,59,143
1011,581.1,58.416,141.58
1011.1,581.16,58.416,141.58
1011,579.7,59.59,144.43
1011.2,581.54,57.837,140.18
1010.9,580.48,59,143
1010.9,580.84,58.416,141.58
1011,581.13,58.416,141.58
1011.1,581,58.416,141.58
1012.2,583.05,56.698,137.42
1011.3,581.12,58.416,141.58
1011.4,580.87,59,143
1011.3,581.25,58.416,141.58
1011.3,581.56,58.416,141.58
1011.3,581.32,58.416,141.58
1010.9,580.89,58.416,141.58
1011.1,579.96,59.59,144.43
1011.1,581.41,58.416,141.58
1011.5,581.27,59,143
1011.2,581.14,58.416,141.58
1011.1,580.96,58.416,141.58
1011.2,582.48,57.265,138.79
1010.7,580.51,58.416,141.58
1010.9,580.29,59,143
1011.2,580.5,58.416,141.58
1012,582.61,56.698,137.42
1010.8,580.76,58.416,141.58
1010.7,579.92,59,143
1011,581.59,57.837,140.18
1011.2,581.12,57.837,140.18
1011,580.37,59,143
1011,580.18,59,143
1010.8,579.42,59.59,144.43
1011.3,580.95,57.837,140.18
1011.3,581.8,57.265,138.79
1010.9,580.64,59,143
1010.8,579.73,59.59,144.43
1011.4,580.2,59,143
1010.8,580.29,58.416,141.58
1010.5,579.02,59.59,144.43
1010.8,580.21,59,143
1011.2,581.72,57.265,138.79
1010.8,579.75,59,143
1010.9,580.04,58.416,141.58
1010.6,578.15,60.186,145.87
1010.9,579.71,58.416,141.58
1010.5,578.52,59.59,144.43
1010.2,576.85,60.788,147.33
1010.7,579.14,59.59,144.43
1010.7,580.74,57.837,140.18
1010.6,581.04,57.837,140.18
1010.2,579.81,59,143
1010.7,580.83,57.837,140.18
1010.2,579.8,58.416,141.58
1010.8,581,57.265,138.79
1010.4,579.96,58.416,141.58
1010.5,580.72,57.837,140.18
1010.4,579.68,58.416,141.58
1010.5,580.57,57.837,140.18
1010.8,580.5,57.837,140.18
1010,579.76,58.416,141.58
1010.5,580,59,143
1010.2,577.54,60.788,147.33
1010.3,578.21,60.186,145.87
1010.7,579.86,59,143
1010.4,579.11,59.59,144.43
1010.9,580.92,57.837,140.18
1010.1,578.99,59.59,144.43
1010.4,580.01,59,143
1010.6,581.46,57.837,140.18
1010.6,581.24,57.837,140.18
1010.7,581.22,57.837,140.18
1010,580.01,59,143
1010.4,580.21,58.416,141.58
1010.6,581.83,57.265,138.79
1010.3,580.86,57.837,140.18
1010.4,580.26,58.416,141.58
1010,579.92,59.59,144.43
1010.6,580.29,59,143
1010.4,580.52,58.416,141.58
1010,578.86,60.186,145.87
1010.8,580.45,59,143
1010.3,579.59,59.59,144.43
1010,579.12,59.59,144.43
1010.3,580.45,58.416,141.58
1010.7,581.75,57.265,138.79
1010.3,580.68,58.416,141.58
1010.2,579.67,59.59,144.43
1010.7,580.74,58.416,141.58
1009.8,578.52,60.186,145.87
1010.5,580.6,58.416,141.58
1011,581.47,57.837,140.18
1010.5,580.52,58.416,141.58
1010.5,580.03,59,143
1010.4,581.05,57.837,140.18
1010.5,580.47,58.416,141.58
1010.2,579.04,59.59,144.43
1010.3,579.96,59,143
1010.2,580.22,58.416,141.58
1010.4,580.42,58.416,141.58
1010.7,581.04,57.837,140.18
1009.9,579.99,59,143
1010.2,580.12,59,143
1010.2,580.28,58.416,141.58
1010.4,580.15,58.416,141.58
1010,579.63,58.416,141.58
1010.6,580.68,57.837,140.18
1010.4,580.12,58.416,141.58
1010.8,581.52,57.265,138.79
1010.3,580.52,57.837,140.18
1010.1,579.74,58.416,141.58
1010,579.82,58.416,141.58
1010.3,580.52,57.837,140.18
1010.2,579.84,58.416,141.58
1010.9,581.86,56.698,137.42
1011.4,583.31,56.136,136.06
1011.4,583.58,56.136,136.06
1010.7,580.61,57.837,140.18
1010.4,580.28,57.837,140.18
1010,579.55,58.416,141.58
1010.2,579.33,58.416,141.58
1011.1,581.24,57.265,138.79
1010.5,579.61,58.416,141.58
1010.6,580.13,57.837,140.18
1010.2,579.54,58.416,141.58
1010.4,579.4,59,143
1010.3,578.83,59,143
1010.3,579.39,58.416,141.58
1009.7,577.14,60.186,145.87
1010.2,579.25,58.416,141.58
1010.1,579.77,57.837,140.18
1009.8,579.4,58.416,141.58
1010,579,58.416,141.58
1010.5,580.46,57.265,138.79
1010,578.79,58.416,141.58
1009.8,578.13,59.59,144.43
1009.8,579.26,58.416,141.58
1010,580.05,57.837,140.18
1009.3,578.46,59.59,144.43
1009.3,576.66,60.788,147.33
1009.2,577.01,60.788,147.33
1008.9,577.1,60.788,147.33
1009.4,577.91,60.186,145.87
1009.6,579.27,58.416,141.58
1009.7,579.08,59,143
1009.4,579.27,58.416,141.58
1009.3,579.57,58.416,141.58
1009.1,579.81,58.416,141.58
1008.7,577.99,60.186,145.87
1009.2,580.05,58.416,141.58
1009.3,579.57,59,143
1009.1,580.37,59,143
1008.5,578.46,60.186,145.87
1008.6,579.94,58.416,141.58
1008.8,581.58,57.265,138.79
1008.5,580.12,58.416,141.58
1008.5,581.03,57.837,140.18
1008.4,580.43,58.416,141.58
1008.5,580.6,58.416,141.58
1008.9,581.1,57.837,140.18
1009.1,581.05,57.837,140.18
1009.2,580.5,58.416,141.58
1009,580.21,58.416,141.58
1008.8,581.31,57.837,140.18
1008.7,580.6,58.416,141.58
1008.6,580.58,58.416,141.58
1008.8,580.35,58.416,141.58
1010.1,582.75,56.698,137.42
1009.5,580.63,58.416,141.58
1009.4,581.72,57.837,140.18
1009.4,580.94,58.416,141.58
1009.9,581.5,57.837,140.18
1009.5,581.05,59,143
1009.3,579.45,60.186,145.87
1010.1,581.04,58.416,141.58
1010.3,581.48,57.837,140.18
1010,580.74,58.416,141.58
1010,580.96,58.416,141.58
1010.1,580.59,58.416,141.58
1010.3,580.54,58.416,141.58
1010.6,580.53,58.416,141.58
1010.7,580.8,58.416,141.58
1010.4,580.51,58.416,141.58
1010.9,580.5,59,143
1010.5,579.09,60.186,145.87
1011.1,581.01,58.416,141.58
1011.1,581.95,57.265,138.79
1011,581.09,57.837,140.18
1012.1,584.29,56.136,136.06
1011.5,581.6,57.837,140.18
1010.8,580.27,58.416,141.58
1011,581.01,57.837,140.18
1011.3,581.02,57.837,140.18
1011.3,581.12,57.837,140.18
1011.2,579.5,59.59,144.43
1011.4,579.49,59,143
1011.6,581.68,57.265,138.79
1011.5,580.43,58.416,141.58
1011.5,580.22,58.416,141.58
1011.7,579.76,59,143
1011.4,578.74,59.59,144.43
1012.3,580.44,57.837,140.18
1011.8,579.52,58.416,141.58
1012.1,581.64,57.265,138.79
1011.5,580.47,58.416,141.58
1011.2,580.2,58.416,141.58
1011.3,580.19,58.416,141.58
1011.7,580.41,58.416,141.58
1011.2,578.97,59.59,144.43
1011.4,580.08,58.416,141.58
1011.3,579.85,58.416,141.58
1012,581.38,57.265,138.79
1011.4,579.79,58.416,141.58
1011.2,579.51,59,143
1011,578.31,60.186,145.87
1011.6,579.7,59,143
1010.9,577.96,60.186,145.87
1010.9,577.84,60.186,145.87
1011.2,579.11,58.416,141.58
1011.1,578.49,59.59,144.43
1011.4,580.36,57.837,140.18
1011.5,580.3,57.837,140.18
1011.1,579.8,58.416,141.58
1011.2,579.61,58.416,141.58
1011.4,580.27,57.837,140.18
1011.2,579.73,58.416,141.58
1011.4,579.73,58.416,141.58
1011.3,579.41,59,143
1010.6,578.52,59.59,144.43
1010.5,577.84,60.186,145.87
1011.3,579.26,59,143
1011,579.5,59,143
1010.9,579.43,59,143
1010.5,579.62,59,143
1010.4,578.82,59.59,144.43
1010.5,580.09,58.416,141.58
1010.2,579.71,58.416,141.58
1010.5,579.7,58.416,141.58
1010.2,579.08,58.416,141.58
1010.2,578.93,59,143
1010.2,579.91,57.837,140.18
1010,579.32,58.416,141.58
1010.2,579.23,58.416,141.58
1009.6,578.33,59.59,144.43
1010.2,579.2,59,143
1009.9,578.08,59.59,144.43
1010,578.78,59,143
1009.5,578.95,58.416,141.58
1009,577.1,60.186,145.87
1009.8,578.4,59,143
1009.5,578.34,58.416,141.58
1009.6,577.65,59.59,144.43
1009.7,578.68,58.416,141.58
1009.9,579.44,57.837,140.18
1010.2,580.67,56.698,137.42
1010,579.89,57.265,138.79
1009.7,579.11,57.837,140.18
1009.8,579.08,57.837,140.18
1010.1,579.97,57.265,138.79
1010.1,578.2,59,143
1009.7,578.42,58.416,141.58
1009.9,578.15,59,143
1009.9,577.48,59.59,144.43
1009.4,576.21,60.788,147.33
1009.8,577.15,59.59,144.43
1010.4,578.06,59,143
1011,579.37,57.265,138.79
1010.5,578.01,59,143
1010.7,578.08,59,143
1010.4,576.55,60.186,145.87
1011.3,578.12,59,143
1010.8,578.32,58.416,141.58
1010.7,579.26,57.837,140.18
1010.4,577.67,59.59,144.43
1010.2,576.62,60.186,145.87
1010.6,578.66,58.416,141.58
1010.5,576.86,60.186,145.87
1010.8,578.18,59,143
1010.6,577.18,59.59,144.43
1010.8,578.79,58.416,141.58
1010.8,578.58,59,143
1010.7,578.25,59.59,144.43
1010.6,579.23,59,143
1010.4,579.28,58.416,141.58
1010.4,579.42,58.416,141.58
1010.3,579.22,58.416,141.58
1010.1,578.23,59.59,144.43
1010.1,578.41,59.59,144.43
1010.4,579.27,59,143
1010.1,578.55,59.59,144.43
1010.6,578.87,59,143
1010.9,579.21,59,143
1010.7,579.5,58.416,141.58
1010.4,579.98,58.416,141.58
1010.4,579.17,59,143
1009.8,579.01,59.59,144.43
1010.2,579.26,59.59,144.43
1011.2,580.1,59,143
1011.2,580.06,59,143
1010.7,580.34,58.416,141.58
1010.7,579.55,59.59,144.43
1011.2,581.5,57.837,140.18
1011.3,580.54,59,143
1010.8,580.92,58.416,141.58
1011.1,581.15,57.837,140.18
1010.4,580.22,59.59,144.43
1010.6,580.99,58.416,141.58
1010.7,581.3,58.416,141.58
1010.2,580.86,58.416,141.58
1010.8,581.59,57.837,140.18
1011.1,580.79,59,143
1011,581.15,58.416,141.58
1010.8,580.33,59,143
1010.4,580.8,58.416,141.58
1010.8,582.02,57.265,138.79
1010.4,580.57,58.416,141.58
1010.5,581.17,57.837,140.18
1010.8,580.53,59,143
1010.5,578.95,60.186,145.87
1010.8,580.37,59,143
1010.8,580.53,59,143
1010.1,579.64,60.186,145.87
1009.7,578.31,60.788,147.33
1010.5,580.13,59,143
1011.1,580.67,59,143
1010.3,579.85,59.59,144.43
1010.6,580.35,59,143
1010.4,580.25,58.416,141.58
1010.3,580.25,58.416,141.58
1010.5,580.22,58.416,141.58
1010.7,580.16,58.416,141.58
1011.1,580.89,57.265,138.79
1010.8,580.81,57.837,140.18
1010.2,580.1,58.416,141.58
1010.3,578.97,59.59,144.43
1010.4,580.09,58.416,141.58
1010.6,579.62,58.416,141.58
1010.4,579.64,58.416,141.58
1010.4,580.02,58.416,141.58
1010.4,579.76,58.416,141.58
1010.8,579.52,58.416,141.58
1010.7,579.36,58.416,141.58
1009.8,577.39,60.186,145.87
1009.7,577.38,60.788,147.33
1009.8,577.98,60.186,145.87
1010.2,579.25,59,143
1010,579.3,59,143
1009.7,577.74,60.186,145.87
1010.2,579.34,59,143
1009.7,577.84,60.186,145.87
1010.1,579.57,58.416,141.58
1009.9,578.47,59.59,144.43
1009.9,579.12,59,143
1010.1,580.03,57.837,140.18
1010.4,579.01,59,143
1010.2,579.26,59,143
1009.8,578.29,59.59,144.43
1010.1,579.5,58.416,141.58
1010.1,579.14,58.416,141.58
1010.4,579.26,59,143
1010.4,579.46,58.416,141.58
1010,578.43,59.59,144.43
1010.6,580.56,57.837,140.18
1010.4,579.11,59,143
1010.1,576.96,60.788,147.33
1011.1,579.25,59,143
1010.8,580.04,57.837,140.18
1010.5,579.75,58.416,141.58
1010.1,577.85,60.186,145.87
1010.7,579.05,59,143
1010.6,577.95,60.186,145.87
1010.3,578,60.186,145.87
1010.8,578.32,59.59,144.43
1010.8,579.39,59,143
1010.6,577.94,60.186,145.87
1010.9,579.17,59,143
1010.4,579.26,59,143
1010.5,579.63,58.416,141.58
1010.3,577.97,60.186,145.87
1010.9,579.77,58.416,141.58
1011.5,580.61,57.837,140.18
1011,579.67,59,143
1010.8,578.69,59.59,144.43
1010.8,579.27,59,143
1011.1,579.52,59,143
1010.5,577.97,60.186,145.87
1010.9,580.23,58.416,141.58
1011.1,580.51,57.837,140.18
1010.9,579.37,59,143
1010.9,580.48,57.837,140.18
1010.6,579.86,58.416,141.58
1010.8,579.46,59,143
1010.6,579.94,58.416,141.58
1010.6,579.17,58.416,141.58
1010.6,579.36,58.416,141.58
1010.4,579.7,58.416,141.58
1010.3,578.84,59.59,144.43
1010.6,578.81,59.59,144.43
1010.9,579.09,59.59,144.43
1010.7,578.38,60.186,145.87
1010.8,579.7,59,143
1010.4,579.45,59.59,144.43
1010,577.76,60.788,147.33
1011,579.95,59,143
1010.2,578.31,60.186,145.87
1010.9,580.15,58.416,141.58
1010.8,579.87,59,143
1010.4,580.24,58.416,141.58
1010.8,579.94,59,143
1010.6,580.43,58.416,141.58
1010,578.41,60.186,145.87
1010.4,579.45,59.59,144.43
1009.8,578.36,60.788,147.33
1010,578.53,60.788,147.33
1010.4,579.71,59.59,144.43
1010.1,579.35,60.186,145.87
1010,580.1,59.59,144.43
1010.1,579.49,59.59,144.43
1010.3,580.63,59,143
1010.3,580.48,59,143
1010.2,580.88,59,143
1010.1,581.09,58.416,141.58
1010.1,580.73,59,143
1009.7,578.68,60.788,147.33
1010.7,581.19,59,143
1009.6,579.25,60.186,145.87
1009.9,580.34,59.59,144.43
1009.8,579.77,60.186,145.87
1010.4,581.03,59,143
1010.2,580.66,59,143
1010.1,581.29,58.416,141.58
1010.2,581.82,57.837,140.18
1009.9,580.03,59.59,144.43
1010.5,581.74,57.837,140.18
1009.9,580.69,59,143
1010.3,580.99,59,143
1009.9,579.64,60.186,145.87
1010.4,580.34,59.59,144.43
1010.3,581.33,58.416,141.58
1009.8,580.38,59.59,144.43
1010.3,581.42,58.416,141.58
1009.6,580.19,60.186,145.87
1010,582.26,58.416,141.58
1009.7,581.99,58.416,141.58
1010,581.35,59,143
1010.5,581.55,59,143
1009.4,580.05,60.186,145.87
1009.6,580.03,60.186,145.87
1009.8,580.51,59.59,144.43
1010.2,581.62,58.416,141.58
1010.1,581.7,58.416,141.58
1010.2,581.62,59,143
1009.4,579.26,60.788,147.33
1010.2,581.65,59,143
1009.5,580.59,60.186,145.87
1010.1,581.54,59,143
1010.4,581.42,59,143
1010.5,581.71,59,143
1009.9,580.56,60.186,145.87
1010.4,582.11,58.416,141.58
1010.8,584.03,56.698,137.42
1010.5,582.82,57.837,140.18
1010.4,581.72,59,143
1010.3,581.14,59.59,144.43
1010.4,581.3,59.59,144.43
1010.5,583.21,57.837,140.18
1010.1,582.46,58.416,141.58
1010.5,583.24,57.837,140.18
1010.6,582.21,58.416,141.58
1010.1,581.94,58.416,141.58
1010.4,582.37,58.416,141.58
1010.4,582.12,58.416,141.58
1010.5,582.16,58.416,141.58
1010.3,582.32,58.416,141.58
1010.7,582.14,59,143
1010.9,583.44,57.837,140.18
1010.6,582.25,59,143
1011.2,581.61,59,143
1010.9,582.69,57.837,140.18
1010.4,581.6,59,143
1010.3,581.23,59.59,144.43
1010.6,581.68,59,143
1010.7,581.47,59,143
1010.7,581.69,59,143
1010.5,581.48,59,143
1010.4,580.87,59.59,144.43
1010.3,580.13,60.186,145.87
1010.6,581.84,58.416,141.58
1010.2,580.84,59.59,144.43
1010.7,581.97,59,143
1010.8,582.32,58.416,141.58
1010.3,580.76,59.59,144.43
1009.9,579.79,60.186,145.87
1010.4,581.61,58.416,141.58
1010.3,580.37,59.59,144.43
1010.4,580.63,59.59,144.43
1010.1,580.23,60.186,145.87
1009.6,578.22,61.396,148.81
1009.7,579.67,60.186,145.87
1009.8,580.89,59.59,144.43
1009.8,580.15,60.186,145.87
1009.9,580.55,59.59,144.43
1010.2,581.43,58.416,141.58
1010.4,581.22,59,143
1009.9,580.47,59.59,144.43
1010.1,580.98,58.416,141.58
1009.9,579.29,60.186,145.87
1010.5,580.02,59.59,144.43
1010.7,580.73,59,143
1010.6,581.06,59,143
1010.7,580.99,59,143
1010.8,580.68,59,143
1010.7,580.76,59,143
1011,581.73,57.837,140.18
1010.4,580.85,58.416,141.58
1010.6,581.4,58.416,141.58
1010.6,580.58,59,143
1010.2,578.5,60.788,147.33
1010.2,577.55,61.396,148.81
1010.8,579.7,59.59,144.43
1011.1,580.93,58.416,141.58
1011.1,580.73,59,143
1011.1,581.04,58.416,141.58
1011,580.84,58.416,141.58
1011.1,580.18,59,143
1010.8,580.51,59,143
1010.4,579.3,60.186,145.87
1011.1,580.25,59.59,144.43
1010.5,579.87,59.59,144.43
1011.1,580.9,59,143
1010.8,580.29,59.59,144.43
1011,580.92,59,143
1011.1,581.5,58.416,141.58
1011.1,580.94,59,143
1010.8,580.17,59.59,144.43
1010.7,581.62,58.416,141.58
1011.1,580.89,59,143
1010.6,580.35,59.59,144.43
1011.1,580.4,59,143
1010.7,579.27,60.186,145.87
1011.4,581.07,59,143
1011.4,580.92,59,143
1010.9,579.81,59.59,144.43
1011,580.12,59.59,144.43
1011.3,581.09,59,143
1011.2,580.83,59,143
1010.4,578.86,60.788,147.33
1010.7,579.57,60.186,145.87
1011,580.19,59.59,144.43
1011.1,580.31,59.59,144.43
1010.8,580.38,59.59,144.43
1010.9,580.17,59.59,144.43
1010.4,578.91,60.788,147.33
1010.9,580.43,59.59,144.43
1010.5,579.77,60.186,145.87
1011,581.09,59,143
1010.8,580.98,59,143
1010.6,580.36,59.59,144.43
1010.9,580.75,59,143
1010.2,579.21,60.186,145.87
1010.6,579.71,59.59,144.43
1010.9,580.57,58.416,141.58
1010.8,579.1,59.59,144.43
1011.1,579.54,59,143
1011.1,579.76,59,143
1011.3,579.57,59,143
1010.7,577.7,60.186,145.87
1011.2,578.32,59.59,144.43
1011.3,579.38,58.416,141.58
1011.7,580.61,57.265,138.79
1011.3,579.01,58.416,141.58
1010.8,576.68,60.186,145.87
1011.1,578.48,59,143
1011.4,578.94,58.416,141.58
1011.2,578.97,58.416,141.58
1011,576.83,60.186,145.87
1011.4,578.65,59,143
1010.6,577.05,60.186,145.87
1010.9,577.93,59.59,144.43
1010.7,578.21,59.59,144.43
1011,578.07,59.59,144.43
1011.4,579.18,59,143
1010.9,577.72,60.186,145.87
1011,577.86,60.186,145.87
1010.9,578.06,60.186,145.87
1011.4,579.63,58.416,141.58
1011.1,580.15,58.416,141.58
1010.6,578.55,60.186,145.87
1011,580.59,58.416,141.58
1011.2,580.25,59.59,144.43
1010.6,579.77,60.186,145.87
1010.9,581.44,59,143
1010.6,580.8,59.59,144.43
1010.5,580.66,60.186,145.87
1010.4,580.05,60.788,147.33
1010.4,581.98,59.59,144.43
1010.5,582.1,59.59,144.43
1010.7,583.86,58.416,141.58
1009.9,581.74,60.186,145.87
1009.4,582.17,60.186,145.87
1009.9,584.48,58.416,141.58
1009.7,582.93,60.186,145.87
1010.1,585.3,58.416,141.58
1009.6,584.7,59.59,144.43
1010.2,585.86,58.416,141.58
1009.3,585.39,59.59,144.43
1009.6,587.02,58.416,141.58
1009.3,587.55,58.416,141.58
1008.8,586.73,59.59,144.43
1009.1,588,58.416,141.58
1009.4,587.53,59.59,144.43
1008.9,586.49,60.788,147.33
1009.1,588.13,60.186,145.87
1009.4,589.86,59,143
1008.9,590.66,58.416,141.58
1009.4,592.23,57.837,140.18
1009,591.92,59,143
1009.3,592.65,59,143
1009,593.22,59,143
1008.7,594.11,58.416,141.58
1008.5,594.64,58.416,141.58
1008.3,595.28,58.416,141.58
1008.2,595.78,58.416,141.58
1008.5,596.1,58.416,141.58
1008.1,596.1,59.59,144.43
1008.1,597.28,59,143
1007.9,598.47,58.416,141.58
1007.6,596.55,60.186,145.87
1007.4,599,58.416,141.58
1007.6,599.6,59,143
1008,600.84,57.837,140.18
1007.5,600.56,59,143
1007.6,601.26,59,143
1007.4,602.33,58.416,141.58
1007.7,604.53,57.265,138.79
1007.4,604.06,57.837,140.18
1007.4,603.95,58.416,141.58
1007.2,604.34,59,143
1006.6,605.64,58.416,141.58
1007,605.33,59,143
1007.2,608.39,57.265,138.79
1006.7,607.54,58.416,141.58
1006.5,607.76,59,143
1006,606.16,60.788,147.33
1006,608.34,59.59,144.43
1006.1,610.16,58.416,141.58
1005.6,610.13,58.416,141.58
1006.1,611.88,57.265,138.79
1005.9,611.06,58.416,141.58
1006,611.65,58.416,141.58
1006,612.27,59,143
1005.9,613.09,59,143
1005.6,614.99,57.837,140.18
1005.9,614.98,58.416,141.58
1005.5,613.61,60.186,145.87
1006.1,616.43,58.416,141.58
1005.4,615.06,60.186,145.87
1005.6,615.6,60.186,145.87
1005.4,616.33,60.186,145.87
1005.5,616.65,60.186,145.87
1005.4,619.48,58.416,141.58
1005.9,619.86,59,143
1005,618.36,60.788,147.33
1004.9,619.9,60.186,145.87
1005.4,622.32,58.416,141.58
1004.8,622.71,58.416,141.58
1005.1,624.26,57.837,140.18
1005.3,624.19,59,143
1005.5,624.98,59,143
1004.8,625.97,58.416,141.58
1004.8,624.99,59.59,144.43
1004.5,627.32,58.416,141.58
1004.7,627.83,58.416,141.58
1004.2,628.59,58.416,141.58
1004.3,629.17,58.416,141.58
1004.1,629.91,58.416,141.58
1004.6,631.34,57.837,140.18
1004,631.07,58.416,141.58
1004.1,631.82,58.416,141.58
1003.9,631.1,60.186,145.87
1004.2,633.62,58.416,141.58
1003.8,632.51,60.186,145.87
1003.5,632.56,60.788,147.33
1003.4,633.97,60.186,145.87
1003.5,635.84,59,143
1003.8,636.83,59,143
1003.3,635.15,60.788,147.33
1003.4,636.01,60.788,147.33
1003.2,637.67,60.186,145.87
1003.5,639.54,59.59,144.43
1003.1,639.67,60.186,145.87
1003.5,641.54,58.416,141.58
1003.2,642.8,59,143
1003.3,643.45,58.416,141.58
1003.4,644.32,58.416,141.58
1003.8,644.31,59,143
1003.6,645.38,58.416,141.58
1003.4,644.95,60.186,145.87
1003.9,646.95,59,143
1003.8,646.74,59.59,144.43
1003.4,648.39,58.416,141.58
1003.2,649.23,57.837,140.18
1003.2,649.31,58.416,141.58
1003.3,650.68,58.416,141.58
1003.6,651.2,58.416,141.58
1003.1,649.68,60.186,145.87
1003,650.14,60.186,145.87
1003.3,652.39,58.416,141.58
1003.6,652.26,59.59,144.43
1003.7,654.45,57.837,140.18
1003.5,654.44,58.416,141.58
1002.9,652.8,60.186,145.87
1003.5,655.28,58.416,141.58
1003.3,656,59,143
1003.1,657.28,58.416,141.58
1002.9,656.25,59.59,144.43
1002.6,658.01,58.416,141.58
1002.6,658.7,58.416,141.58
1002.5,657.46,60.186,145.87
1003,659.16,59,143
1002.2,658.76,58.416,141.58
1002.6,658.3,59,143
1002.8,657.77,59,143
1002.7,657.22,59,143
1002.8,656.88,59,143
1002.6,656.79,58.416,141.58
1002.4,655.89,58.416,141.58
1002.3,654.37,60.186,145.87
1003.1,654.9,59,143
1002.6,653.9,59.59,144.43
1003,653.13,59.59,144.43
1002.5,653.65,58.416,141.58
1001.8,650.82,60.186,145.87
1002.6,652.2,59,143
1002.3,651,59.59,144.43
1002.1,651.19,59,143
1001.6,650.67,58.416,141.58
1001.5,648.44,60.186,145.87
1002.1,648.41,59.59,144.43
1002.3,648.92,59,143
1001.8,647.37,59.59,144.43
1001.4,645.74,60.788,147.33
1001.8,646.73,59.59,144.43
1002.1,647.15,59,143
1001.9,646.92,58.416,141.58
1001.9,646.68,58.416,141.58
1002.1,645.91,59.59,144.43
1002.2,646.38,58.416,141.58
1002.3,646.69,57.837,140.18
1002.5,644.94,59,143
1002,642.99,60.186,145.87
1002.2,643.53,59.59,144.43
1002.5,642.36,60.186,145.87
1002.4,641.19,60.186,145.87
1002.4,641.15,60.186,145.87
1002.1,641.98,59,143
1002.7,643.82,57.265,138.79
1002.4,641.9,59,143
1002.1,641.56,59,143
1001.5,641.67,58.416,141.58
1001.8,641.43,59,143
1001.4,641.43,58.416,141.58
1001.6,641.57,59,143
1001.4,643.05,57.837,140.18
1001.6,642.14,59,143
1001,640.61,60.186,145.87
1001.6,642.73,58.416,141.58
1001.4,642.42,59,143
1001.2,642.56,58.416,141.58
1001.2,642.81,59,143
1001.3,643.98,57.837,140.18
1001.1,643.52,59,143
1000.7,644.18,58.416,141.58
1000.8,642.27,60.186,145.87
1001.1,644.6,59,143
1001,645.91,59,143
1000.9,646.84,58.416,141.58
1001.1,647.35,58.416,141.58
1000.8,648.43,58.416,141.58
1000.8,647.94,59.59,144.43
1001.2,649.39,59,143
1001.1,650.16,58.416,141.58
1001.2,652.49,57.265,138.79
1001.1,651.25,59,143
1001.1,652.95,57.837,140.18
1000.2,652.77,58.416,141.58
1000.3,652.44,59.59,144.43
1000.5,652.86,59.59,144.43
1000.7,653.92,59.59,144.43
1000.9,655.4,58.416,141.58
1000.8,655.78,59,143
1000.9,657.41,57.837,140.18
1000.6,655.96,59.59,144.43
1000.4,656.12,60.186,145.87
1000.9,658.53,58.416,141.58
1000.7,657.88,59.59,144.43
1000.6,659.73,58.416,141.58
1000.3,660.51,58.416,141.58
1001,661.48,57.837,140.18
1001,662.16,57.837,140.18
1000.6,662.05,58.416,141.58
1000.2,662.57,58.416,141.58
1000.2,663.39,58.416,141.58
1000.3,662.92,59.59,144.43
1000.2,663.26,59.59,144.43
1000.6,664.6,59,143
1000.2,663.4,60.186,145.87
1000.7,665.14,59.59,144.43
1001.1,665.97,59,143
1000.6,665.7,59.59,144.43
1000.6,667.54,58.416,141.58
1000.4,667.95,58.416,141.58
1000.7,669.07,57.837,140.18
1001.1,669.02,59,143
1000.9,669.5,59,143
1001.3,671.03,57.837,140.18
1001.2,671.98,57.837,140.18
1001.1,671.74,58.416,141.58
1001.4,671.65,59,143
1001.5,673.34,57.837,140.18
1000.9,671.67,59.59,144.43
1001,672.32,59.59,144.43
1000.9,673.71,58.416,141.58
1001,673.22,59.59,144.43
1001.3,674.91,58.416,141.58
1001.5,674.89,59,143
1001,673.8,60.186,145.87
1001.4,674.89,59.59,144.43
1000.7,674.24,60.788,147.33
1000.8,674.71,60.788,147.33
1001.2,676.61,59.59,144.43
1002.2,678.06,59,143
1001.9,678.33,59,143
1001.5,678,59.59,144.43
1001.8,680.19,57.837,140.18
1001.5,678.99,59,143
1001.6,679.74,58.416,141.58
1001,678.03,60.186,145.87
1001.7,680.14,58.416,141.58
1001.4,678.32,60.186,145.87
1001.4,678.78,60.186,145.87
1001.3,679.11,60.186,145.87
1001.8,681.3,58.416,141.58
1001.6,681.07,58.416,141.58
1001.4,681.09,58.416,141.58
1001.3,681.2,58.416,141.58
1001.8,680.73,59,143
1001.6,680.25,59.59,144.43
1001.8,681.88,57.837,140.18
1001.6,680.83,58.416,141.58
1001.2,680.29,59,143
1001.2,680.37,58.416,141.58
1001.4,680.6,58.416,141.58
1001.3,679.79,59,143
1001.3,680.5,58.416,141.58
1001.6,681.15,57.837,140.18
1001.3,680.13,58.416,141.58
1001.3,678.84,59.59,144.43
1001.1,678.36,60.186,145.87
1001.5,679.97,59,143
1001.1,678.09,60.186,145.87
1001,678.29,60.186,145.87
1001.6,679.97,59,143
1001.7,680.44,59,143
1001.2,680.45,58.416,141.58
1001.1,679.8,59,143
1000.7,677.99,60.788,147.33
1001.4,679.39,59.59,144.43
1001.3,679.25,59.59,144.43
1001.2,678.56,60.186,145.87
1001.4,678.62,60.186,145.87
1001.3,679.08,59.59,144.43
1001.1,680.27,58.416,141.58
1001.3,680.01,58.416,141.58
1001.4,679.93,58.416,141.58
1001.2,679.84,59,143
1001.5,679.87,59,143
1001.4,679.26,59.59,144.43
1001.6,678.46,60.186,145.87
1001.6,679.31,59.59,144.43
1001.9,679.9,59,143
1001.8,679.84,59,143
1001.7,678.86,59.59,144.43
1001.4,678.45,60.186,145.87
1001.7,678.45,60.186,145.87
1001.7,678.35,60.186,145.87
1001.4,678.94,59.59,144.43
1001.3,678.47,60.186,145.87
1001.6,679.01,59.59,144.43
1001.9,679.86,59,143
1001.6,678.34,60.186,145.87
1001.6,678.15,60.186,145.87
1001.7,678.27,60.186,145.87
1002.2,679.46,59,143
1002.6,679.94,57.837,140.18
1001.7,678.21,59.59,144.43
1001.6,677.43,60.186,145.87
1001.9,677.91,59.59,144.43
1001.9,678.52,59,143
1001.9,678.6,59,143
1001.4,676.73,60.788,147.33
1001.7,679.03,59,143
1001.7,677.73,59.59,144.43
1001.9,678.61,59,143
1001.7,677.83,59.59,144.43
1001.4,676.3,60.788,147.33
1001.5,676.63,60.186,145.87
1001.3,678.11,58.416,141.58
1001.3,676.59,59.59,144.43
1001.5,677.03,59.59,144.43
1001.4,677.23,58.416,141.58
1001.4,677.98,58.416,141.58
1000.8,675.78,60.186,145.87
1001.4,676.06,59.59,144.43
1001.2,677.48,59,143
1001,675.12,60.788,147.33
1001,674.51,60.788,147.33
1001.4,675.22,60.186,145.87
1000.9,675.05,60.186,145.87
1000.8,674.83,60.788,147.33
1001.6,675.16,59.59,144.43
1001.8,674.87,59.59,144.43
1001.2,674.18,60.788,147.33
1001,672.31,61.396,148.81
1000.7,669.3,62.63,151.8
1001.1,668.8,61.396,148.81
1001.8,671.19,60.186,145.87
1002.2,669.23,58.416,141.58
1002.7,670.43,57.837,140.18
1002.2,668.45,59,143
1001.6,666.73,60.788,147.33
1002.1,667.67,59.59,144.43
1002.3,666.11,59,143
1001.4,666.37,58.416,141.58
1001.5,665.79,57.837,140.18
1001.4,664.33,58.416,141.58
1001.4,663.2,58.416,141.58
1001,660.87,60.186,145.87
1001.2,661.47,58.416,141.58
1001.6,662.68,57.265,138.79
1001.6,660.79,59,143
1001.9,660.53,57.837,140.18
1002.3,660.01,56.698,137.42
1001.9,657.92,57.837,140.18
1002.3,657.74,57.837,140.18
1002,654.84,59.59,144.43
1001.4,653.86,59.59,144.43
1002,653.79,59,143
1001.9,653.23,59,143
1001.6,652.26,59,143
1002.1,651.34,59,143
1002,650.33,59,143
1002.6,651.04,57.265,138.79
1002.7,650.97,56.698,137.42
1004,652.06,55.03,133.38
1003.8,650.62,55.03,133.38
1003.5,650.56,54.486,132.06
1003.4,649.88,54.486,132.06
1002.6,648.54,54.486,132.06
1003.1,646.98,55.581,134.71
1001.4,643.22,57.265,138.79
1003.2,643.76,56.136,136.06
1003.2,642.88,56.136,136.06
1003.8,641.73,55.581,134.71
1004.6,643.1,53.946,130.75
1003.6,640.3,55.581,134.71
1004.4,640.25,54.486,132.06
1004.2,638.29,55.581,134.71
1003.9,636.33,55.581,134.71
1004.4,636.3,55.03,133.38
1003.5,632.3,56.698,137.42
1004,632.48,56.136,136.06
1004.5,632.5,55.581,134.71
1003.1,629.17,56.698,137.42
1004.4,630.12,55.03,133.38
1003.1,626.47,56.698,137.42
1003.9,627.47,55.581,134.71
1003.2,624.2,56.698,137.42
1003.1,623.05,56.698,137.42
1003,621.66,56.698,137.42
1003.3,620.81,56.698,137.42
1004.5,622.06,55.03,133.38
1004.6,621.5,54.486,132.06
1004.3,620.46,54.486,132.06
1005,621.44,53.412,129.46
1004.7,617.43,55.03,133.38
1003.6,614.94,56.136,136.06
1003.7,614,56.136,136.06
1004.7,613.91,55.03,133.38
1004.4,612.07,55.581,134.71
1005.2,613.34,53.946,130.75
1005.3,613.12,53.412,129.46
1004.7,610.8,53.946,130.75
1005.3,610.51,53.412,129.46
1004.5,607.99,53.946,130.75
1004.1,605.97,54.486,132.06
1005.3,607.79,52.883,128.17
1003.9,603.23,54.486,132.06
1003.8,601.97,55.03,133.38
1003.6,600.99,54.486,132.06
1003.9,599.24,54.486,132.06
1003.3,596.41,56.136,136.06
1003.7,595.72,55.581,134.71
1004.3,596.16,53.946,130.75
1003.9,592.48,55.581,134.71
1004.6,592.68,55.03,133.38
1004.8,590.94,55.03,133.38
1003.6,586.87,56.698,137.42
1004.1,586.99,56.136,136.06
1004.4,587.87,54.486,132.06
1004.8,584.7,56.136,136.06
1005.3,585.73,55.03,133.38
1005.2,585.34,54.486,132.06
1005.5,583.76,55.03,133.38
1006,583.36,55.03,133.38
1006.8,582.35,55.03,133.38
1007.5,582.38,53.946,130.75
1006.9,579.9,55.581,134.71
1007.1,580.22,55.03,133.38
1005.6,576.3,56.698,137.42
1005.5,574.5,57.837,140.18
1006.3,575.79,56.698,137.42
1007.1,576.86,56.136,136.06
1007.7,577.07,55.581,134.71
1007.1,575.61,56.136,136.06
1007.7,577.1,54.486,132.06
1007.9,577.49,53.946,130.75
1007.7,575.99,55.03,133.38
1007.8,576.03,54.486,132.06
1007.8,575.91,54.486,132.06
1007.7,575.76,54.486,132.06
1008,576.61,53.946,130.75
1009.1,577.58,53.412,129.46
1009.7,578.73,52.883,128.17
1009,575.59,54.486,132.06
1009.8,576,53.946,130.75
1010.2,576.86,53.412,129.46
1009.7,575.5,54.486,132.06
1009.5,574.32,55.581,134.71
1009.2,573.49,56.136,136.06
1009.9,575.63,54.486,132.06
1010.6,575.89,53.946,130.75
1010.8,574.63,55.03,133.38
1010.9,573.41,56.136,136.06
1009.6,572.18,56.698,137.42
1009.8,572.26,56.698,137.42
1009.6,572.5,56.698,137.42
1010.2,574.15,56.136,136.06
1009.5,573.52,57.265,138.79
1010,573.76,56.698,137.42
1010.2,573.7,56.698,137.42
1011.1,575.18,56.136,136.06
1011.5,577.39,55.03,133.38
1011.8,577.86,55.03,133.38
1011.7,577.9,54.486,132.06
1011.9,578.86,53.946,130.75
1012.1,578.3,55.03,133.38
1010.8,575.55,56.698,137.42
1012,577.49,55.581,134.71
1012.3,579.5,53.946,130.75
1012.2,578.85,55.03,133.38
1012.5,579.31,54.486,132.06
1012.9,578.94,55.03,133.38
1013.1,580.26,53.946,130.75
1013,580.58,53.946,130.75
1012.9,579.91,54.486,132.06
1012.8,579.99,54.486,132.06
1013.6,582,53.412,129.46
1012.6,580.18,55.03,133.38
1012.9,580.2,55.03,133.38
1013.9,582.45,53.412,129.46
1013.9,582.41,53.412,129.46
1013.9,583.74,52.36,126.91
1013.6,582.07,53.412,129.46
1013.9,581.92,53.412,129.46
1012.9,580.79,53.946,130.75
1012.4,579.34,55.581,134.71
1012.7,581.12,53.946,130.75
1013.8,582.51,52.883,128.17
1012.6,580.41,53.946,130.75
1011.9,578.72,55.581,134.71
1012.6,580.7,53.946,130.75
1012.4,580.58,53.946,130.75
1012.4,580.74,53.946,130.75
1012.2,581.09,53.946,130.75
1011.9,580.35,54.486,132.06
1012,579.92,55.03,133.38
1011.9,581.13,53.946,130.75
1011.5,580.34,54.486,132.06
1012.1,581.22,53.946,130.75
1013.3,582.95,52.883,128.17
1011.8,580.65,54.486,132.06
1012,581.07,53.946,130.75
1012.5,583.28,52.36,126.91
1011.8,581.22,53.946,130.75
1011.7,581.09,53.946,130.75
1011.6,580.03,55.03,133.38
1011.3,580.35,54.486,132.06
1012.3,583.23,52.883,128.17
1011.6,582.73,53.412,129.46
1011.2,581.83,53.946,130.75
1011.9,582.78,53.412,129.46
1011.9,584.14,52.36,126.91
1012.2,584.24,52.36,126.91
1011.4,582.24,53.946,130.75
1012.3,584.03,52.36,126.91
1012.2,584.09,52.883,128.17
1012.2,584.22,52.883,128.17
1011.9,583.44,53.412,129.46
1011.1,581.19,55.03,133.38
1011.9,583.13,53.412,129.46
1012,583.68,52.883,128.17
1011.7,583.08,53.412,129.46
1011.7,584.24,52.36,126.91
1011.5,584.44,52.36,126.91
1011.7,584.59,52.36,126.91
1010.9,582.92,53.946,130.75
1011.5,584.05,53.412,129.46
1011,583.1,53.946,130.75
1011.4,584.01,53.412,129.46
1011.7,585.36,52.36,126.91
1011.6,586.1,51.841,125.65
1011.3,585.65,52.36,126.91
1011.7,586.41,51.841,125.65
1011.3,585.07,53.412,129.46
1010.5,583.93,53.946,130.75
1011,586.21,52.36,126.91
1011.2,586.36,52.36,126.91
1011.4,586.37,52.36,126.91
1012.5,589.21,50.82,123.17
1012.3,589.65,50.316,121.95
1011.5,587.49,51.841,125.65
1011.3,587.54,51.841,125.65
1011.2,587.76,51.841,125.65
1012.3,589.99,50.82,123.17
1011.1,587.73,52.36,126.91
1011.2,587.63,52.36,126.91
1012.1,589.69,51.328,124.4
1011.1,587.4,52.883,128.17
1011,587.5,52.883,128.17
1010.9,587.94,52.36,126.91
1011,588.07,52.36,126.91
1011,588.43,52.36,126.91
1010.9,588.42,52.36,126.91
1012,590.8,51.328,124.4
1011.1,589.78,51.841,125.65
1012,591.25,51.328,124.4
1011.9,591.11,51.328,124.4
1011.2,589.04,52.883,128.17
1011.1,590.27,51.841,125.65
1011.2,589.26,52.883,128.17
1011,589.63,52.36,126.91
1011,590.52,51.841,125.65
1010.7,589.76,52.36,126.91
1011,590.7,51.841,125.65
1010.6,590.01,52.36,126.91
1010.5,588.93,53.412,129.46
1010.6,589.95,52.36,126.91
1010.8,589.83,52.36,126.91
1011.1,590.68,51.841,125.65
1011.8,591.93,51.328,124.4
1011.8,592.22,51.328,124.4
1012,592.86,50.82,123.17
1010.7,590.1,52.36,126.91
1010.5,589.94,52.36,126.91
1010.5,590.08,52.36,126.91
1010.3,590.13,52.36,126.91
1010.8,590.52,51.841,125.65
1010.8,590.66,51.841,125.65
1010.7,589.49,52.883,128.17
1010.9,590.5,51.841,125.65
1010.6,589.44,52.883,128.17
1009.5,587.48,53.946,130.75
1010.3,589.36,52.36,126.91
1010.4,588.33,53.412,129.46
1010.5,589.48,52.36,126.91
1010.6,588.79,52.883,128.17
1010.9,589.79,51.841,125.65
1011.3,591.87,50.316,121.95
1011.2,590.94,51.328,124.4
1010.4,589.38,51.841,125.65
1011.3,590.41,51.328,124.4
1010.1,588.1,52.36,126.91
1010.3,588.65,51.841,125.65
1010.3,588.47,51.841,125.65
1009.8,586.51,53.412,129.46
1009,585.13,53.946,130.75
1009.8,587.02,52.36,126.91
1009.9,586.91,52.883,128.17
1009.6,586.97,52.36,126.91
1009.6,586.68,52.883,128.17
1010,587.56,51.841,125.65
1009.9,587.57,51.841,125.65
1010.1,587.23,51.841,125.65
1009.8,586.29,52.36,126.91
1009.5,586.05,52.36,126.91
1010.1,585.76,52.883,128.17
1009.9,586.11,52.36,126.91
1010.3,586.88,51.841,125.65
1009.8,584.98,53.412,129.46
1010.1,585.63,52.883,128.17
1011.4,587.68,51.328,124.4
1010.6,585.46,52.883,128.17
1010.8,587.08,51.328,124.4
1010,585.59,51.841,125.65
1009.6,584.71,52.883,128.17
1009.7,583.98,53.412,129.46
1009.7,585.05,52.36,126.91
1009.7,584.64,52.883,128.17
1009.9,585.52,51.841,125.65
1010.3,586.27,51.328,124.4
1009.3,584.07,52.36,126.91
1009.4,583.57,52.883,128.17
1009.5,583.21,52.883,128.17
1009.3,583.42,52.36,126.91
1010.2,585.25,51.328,124.4
1009.1,583.03,52.36,126.91
1009.4,582.47,52.883,128.17
1009.8,583.4,51.841,125.65
1009.5,582.47,52.36,126.91
1009.3,581.2,53.412,129.46
1009.3,581.01,53.412,129.46
1009.3,580.72,53.412,129.46
1009.4,582.16,51.841,125.65
1008.9,581.3,52.36,126.91
1009,581.18,52.36,126.91
1009.2,580.6,52.883,128.17
1009.1,580.64,52.36,126.91
1009.2,580.38,52.36,126.91
1009.3,579.82,52.883,128.17
1008.9,579.85,52.36,126.91
1009.8,581.55,51.328,124.4
1009.1,580.15,51.841,125.65
1009.1,578.89,52.883,128.17
1009.1,578.54,52.883,128.17
1009.2,579.31,51.841,125.65
1009,579.03,51.841,125.65
1009,578.85,51.841,125.65
1008.9,577.47,52.883,128.17
1009.5,579.39,51.328,124.4
1008.7,577.14,52.36,126.91
1008.7,576.52,52.883,128.17
1008.9,577.48,51.841,125.65
1009,577.14,51.841,125.65
1008.8,576.86,51.841,125.65
1008.7,576.68,51.841,125.65
1008.6,575.31,52.883,128.17
1009.5,577.36,51.328,124.4
1008.6,575.13,52.36,126.91
1008.9,574.58,52.883,128.17
1008.8,574.4,52.883,128.17
1009.7,576.48,51.328,124.4
1009.6,576.36,51.328,124.4
1009.1,574.81,51.841,125.65
1009,574.52,51.841,125.65
1009.6,575.72,51.328,124.4
1009.8,576.37,50.316,121.95
1008.9,573.58,51.841,125.65
1008.8,572.16,52.883,128.17
1010,574.23,51.328,124.4
1009,572.84,51.841,125.65
1009,571.62,52.883,128.17
1009,571.34,52.883,128.17
1008.7,571.23,52.36,126.91
1009.7,572.7,51.328,124.4
1009.4,572.67,51.328,124.4
1009.5,573.24,50.316,121.95
1008.8,570.69,51.841,125.65
1008.8,570.33,51.841,125.65
1008.3,569.28,52.36,126.91
1008.4,569.56,51.841,125.65
1008.5,569.21,51.841,125.65
1009.1,570.21,51.328,124.4
1008.5,568.51,51.841,125.65
1009.3,570.43,50.316,121.95
1009.2,569.14,51.328,124.4
1008.3,566.83,52.36,126.91
1009.2,568.38,51.328,124.4
1008.1,566.07,52.36,126.91
1009.2,567.69,51.328,124.4
1009.1,567.29,51.328,124.4
1009.2,568.04,50.316,121.95
1008.5,565.66,51.841,125.65
1009.4,567.27,50.316,121.95
1008.7,564.78,51.841,125.65
1009.2,566.26,50.82,123.17
1009.2,565.55,50.82,123.17
1009.9,566.87,49.818,120.75
1009.1,564.36,51.328,124.4
1008.3,561.37,52.883,128.17
1008.5,562.1,51.841,125.65
1009.4,563.62,50.82,123.17
1009.4,563.68,50.316,121.95
1009.2,563.18,50.316,121.95
1009.1,562.81,50.316,121.95
1009.3,561.55,51.328,124.4
1008.5,559.9,51.841,125.65
1009.4,560.73,51.328,124.4
1009.6,561.1,50.82,123.17
1009.5,560.7,50.316,121.95
1009.4,559.45,51.328,124.4
1009.2,560.08,50.316,121.95
1008.4,557.46,51.841,125.65
1009.3,559.29,50.316,121.95
1009.6,558.9,50.82,123.17
1008.7,556.45,51.841,125.65
1009.8,558.41,50.82,123.17
1009.8,558.18,50.82,123.17
1009.6,557.2,51.328,124.4
1008.6,555.01,52.36,126.91
1008.9,555.4,51.841,125.65
1008.8,554.11,52.883,128.17
1009.7,556,51.328,124.4
1010.1,558.1,49.818,120.75
1009.6,556.71,50.316,121.95
1009.7,556.07,50.316,121.95
1009,553.68,51.841,125.65
1010.1,554.94,50.82,123.17
1009.8,554.73,50.316,121.95
1009.7,554.27,50.316,121.95
1009.7,553.92,50.316,121.95
1010,553.04,50.82,123.17
1009.9,551.86,51.328,124.4
1010.2,552.21,50.82,123.17
1009.9,550.78,51.328,124.4
1010.1,551.04,50.82,123.17
1010.5,552.26,49.325,119.55
1010.5,550.15,50.82,123.17
1011,551.1,49.818,120.75
1011,550.87,49.818,120.75
1010.4,548.61,50.82,123.17
1010.4,548.35,50.316,121.95
1010.4,547.85,50.316,121.95
1010.6,547,50.82,123.17
1011,548.2,49.818,120.75
1010.6,546.59,50.316,121.95
1011.1,545.68,50.82,123.17
1010.7,545.39,50.316,121.95
1009.8,542.64,51.841,125.65
1010.6,544.6,50.316,121.95
1010.8,543.88,50.82,123.17
1010.9,543.8,50.316,121.95
1010.9,543.21,50.316,121.95
1011,542.92,50.316,121.95
1010.8,542.69,50.316,121.95
1011.4,544.43,48.837,118.37
1010.8,541.93,50.316,121.95
1011.3,542.72,49.325,119.55
1011.7,541.85,49.818,120.75
1010.7,540.25,50.316,121.95
1011.4,541.42,49.325,119.55
1011.6,540.93,49.818,120.75
1011.5,540.65,49.325,119.55
1011.9,540.97,48.837,118.37
1012.4,541.64,48.353,117.19
1011.5,539.87,48.837,118.37
1011.4,538.54,49.325,119.55
1011.6,538.12,49.325,119.55
1012,537.45,49.818,120.75
1012.9,539.32,48.353,117.19
1012.1,536.92,49.325,119.55
1011.6,535.07,50.316,121.95
1011.8,534.44,50.316,121.95
1012.2,535.25,49.325,119.55
1012.6,535.13,49.325,119.55
1011.8,533.09,50.316,121.95
1012.6,534.34,49.325,119.55
1012.8,534.2,48.837,118.37
1012.5,531.63,50.316,121.95
1013,532.63,49.325,119.55
1013.3,532.75,48.837,118.37
1013.1,531.81,49.325,119.55
1013.2,531.45,49.325,119.55
1013.8,531.04,49.325,119.55
1014.2,532.58,47.874,116.03
1014,530,49.325,119.55
1014.4,529.28,49.818,120.75
1013.9,527.71,50.316,121.95
1014.8,528.43,49.818,120.75
1014.5,529.05,48.837,118.37
1014.6,528.09,49.325,119.55
1015.7,529.43,48.353,117.19
1015.9,529.06,48.353,117.19
1016.3,528.56,48.353,117.19
1016,528.43,47.874,116.03
1015.6,525.75,49.325,119.55
1015.8,525.19,49.818,120.75
1015.8,525.09,49.325,119.55
1016.4,524.38,49.818,120.75
1016.6,525.21,48.837,118.37
1016.9,524.67,48.837,118.37
1017.1,523.39,49.818,120.75
1017.3,524.11,48.837,118.37
1017.4,523.09,49.325,119.55
1018.6,524.72,48.353,117.19
1017.4,522.82,49.325,119.55
1018.3,521.9,49.818,120.75
1018.2,521.77,49.325,119.55
1018.1,520.03,50.316,121.95
1018.1,519.67,50.316,121.95
1018.9,521.55,48.837,118.37
1019.9,522.67,48.353,117.19
1020.1,522.26,48.353,117.19
1020,521.99,47.874,116.03
1019.8,520.36,48.837,118.37
1020.9,521,48.353,117.19
1020.4,519.55,48.837,118.37
1020.6,518.17,49.818,120.75
1020.2,516.4,50.82,123.17
1020.9,517.53,49.818,120.75
1021,517.07,49.818,120.75
1021,517.18,49.325,119.55
1021.9,519.11,47.874,116.03
1021.6,517.4,48.837,118.37
1022,516.93,48.837,118.37
1022.2,516.79,48.837,118.37
1021.9,515.92,49.325,119.55
1022.4,515.24,49.818,120.75
1023.2,517.16,48.353,117.19
1022.8,516.12,48.837,118.37
1022.7,514.87,49.818,120.75
1023.4,516.71,48.353,117.19
1022.9,515.49,48.837,118.37
1023.7,516.25,48.353,117.19
1023.7,516.11,47.874,116.03
1023.4,513.76,49.325,119.55
1023.2,513.65,49.325,119.55
1024.1,515.38,47.874,116.03
1024,515.32,47.874,116.03
1023.6,512.99,49.325,119.55
1024.2,512.4,49.818,120.75
1024.3,511.87,49.818,120.75
1024.8,513.92,48.353,117.19
1024.1,511.63,49.818,120.75
1023.9,512.59,48.837,118.37
1025,512.92,48.353,117.19
1025.1,514.69,46.931,113.75
1024.5,513.04,47.874,116.03
1025.3,512.36,48.353,117.19
1025.3,512.29,47.874,116.03
1025.1,511.82,47.874,116.03
1024.9,510.27,48.837,118.37
1025.5,511.07,48.353,117.19
1024.9,509.46,48.837,118.37
1024.2,507.37,50.316,121.95
1024.6,508.58,49.325,119.55
1024.5,508.47,49.325,119.55
1025.3,507.98,49.818,120.75
1025.3,508.77,48.837,118.37
1025.1,508.54,48.837,118.37
1025.7,509.76,47.874,116.03
1025.9,509.59,47.874,116.03
1025.3,508.2,48.837,118.37
1025.6,508.07,48.837,118.37
1026.2,509.23,48.353,117.19
1026.4,508.99,48.353,117.19
1026.7,508.93,48.353,117.19
1025.9,506.42,49.818,120.75
1025.7,507.21,48.837,118.37
1025.6,506.35,49.325,119.55
1025.5,506.24,49.325,119.55
1025.6,506.02,49.325,119.55
1026.2,507.82,47.874,116.03
1025.9,506.39,48.837,118.37
1027.3,508.57,47.4,114.89
1027.2,508.14,47.4,114.89
1027.1,508.22,47.4,114.89
1026.5,506.32,47.874,116.03
1026.9,507.65,46.931,113.75
1027.3,507.46,46.931,113.75
1027,505.9,47.874,116.03
1026.9,505.55,47.874,116.03
1026.3,503.11,49.325,119.55
1027.1,504.9,47.874,116.03
1027.3,504.53,47.874,116.03
1027.7,505.78,46.931,113.75
1027.6,504.09,48.353,117.19
1027.2,502.55,48.837,118.37
1027,502.22,48.837,118.37
1027.8,503.35,48.353,117.19
1028.3,504.75,46.931,113.75
1027.8,503,47.874,116.03
1027.2,501.66,48.837,118.37
1027.5,501.46,48.837,118.37
1028.8,503.98,47.4,114.89
1028.7,504,46.931,113.75
1028.9,503.64,46.931,113.75
1028.7,501.96,47.874,116.03
1029.2,502.85,47.4,114.89
1029.1,502.96,46.931,113.75
1028.6,501.24,47.874,116.03
1028.8,500.93,47.874,116.03
1028.1,498.64,49.325,119.55
1028.7,500.41,47.874,116.03
1028.2,499.04,48.837,118.37
1028.4,498.51,48.837,118.37
1029.2,499.57,48.353,117.19
1029,499.57,47.874,116.03
1028.3,496.94,49.325,119.55
1028.9,498.8,47.874,116.03
1030.1,501.22,46.466,112.62
1029.3,498.81,47.874,116.03
1028.8,496.89,48.837,118.37
1029.6,498.31,48.353,117.19
1029.8,499.41,47.4,114.89
1029.7,499.46,46.931,113.75
1029.8,499.32,46.931,113.75
1030.1,499.12,47.4,114.89
1029.3,497.53,47.874,116.03
1029.3,497.18,47.874,116.03
1029.9,498.27,47.4,114.89
1030,498.04,47.4,114.89
1028.9,495.47,48.837,118.37
1029.5,496.51,48.353,117.19
1028.9,495.45,48.837,118.37
1029.3,496.81,47.874,116.03
1029.4,496.55,47.874,116.03
1029.3,496.64,47.874,116.03
1030,497.73,47.4,114.89
1029.7,496.76,47.874,116.03
1029.9,498.05,46.931,113.75
1030.4,498.98,46.466,112.62
1029.8,497.46,47.4,114.89
1029.5,497.44,46.931,113.75
1030,498.64,46.006,111.51
1029.7,497.24,46.931,113.75
1029.6,495.35,48.353,117.19
1029.3,495.43,47.874,116.03
1029.6,495.17,48.353,117.19
1028.7,493.28,49.325,119.55
1029.5,495.21,47.874,116.03
1030.4,496.38,47.4,114.89
1030.2,496.55,46.931,113.75
1029.8,495.21,47.874,116.03
1028.9,492.92,49.325,119.55
1028.6,492.85,49.325,119.55
1029.1,495.35,47.874,116.03
1029.5,496.87,46.931,113.75
1029.3,496.78,46.931,113.75
1029.1,495.34,47.874,116.03
1028.5,493.85,48.837,118.37
1028.5,493.72,48.837,118.37
1028.3,492.96,49.325,119.55
1029,495.41,47.874,116.03
1028.8,494.98,47.874,116.03
1029.2,494.7,48.353,117.19
1028.5,492.73,49.325,119.55
1029.6,494.84,48.353,117.19
1028.7,493.52,48.837,118.37
1029.5,494.77,48.353,117.19
1029.6,494.62,48.353,117.19
1029.2,494.69,47.874,116.03
1030,495.87,47.4,114.89
1030,495.84,47.4,114.89
1030,494.54,48.353,117.19
1030.2,495.73,47.4,114.89
1030.1,496.11,47.4,114.89
1030.6,497.51,46.006,111.51
1030,496.71,46.931,113.75
1030.4,496.8,47.4,114.89
1030.8,498.29,46.466,112.62
1030.3,495.98,47.874,116.03
1030.4,497.23,46.931,113.75
1029.9,496.19,47.874,116.03
1029.8,496.35,47.874,116.03
1030.1,497.66,46.931,113.75
1029.7,496.82,47.874,116.03
1029.8,497.15,47.874,116.03
1030.2,497.14,48.353,117.19
1030.6,498.86,47.4,114.89
1029.2,496.43,48.837,118.37
1030.4,499.02,47.4,114.89
1030.4,499.76,47.4,114.89
1030.7,499.89,47.4,114.89
1030.4,500.12,46.931,113.75
1030.1,500.38,46.931,113.75
1029.8,499.33,47.874,116.03
1029.7,499.42,47.874,116.03
1030.4,500.9,47.4,114.89
1030.4,501.33,47.4,114.89
1029.8,500.42,47.874,116.03
1030.5,502.11,47.4,114.89
1029.9,501.7,47.874,116.03
1030.9,504.94,46.466,112.62
1031.2,507.02,45.551,110.4
1030.6,506.6,46.466,112.62
1029.6,504.27,47.874,116.03
1029.9,506.74,46.931,113.75
1030,507.54,46.931,113.75
1030.1,509.57,46.466,112.62
1029.2,507.63,47.874,116.03
1029.6,509.92,46.931,113.75
1029.9,510.26,47.4,114.89
1028.6,508.19,48.837,118.37
1029.8,511.81,47.4,114.89
1029,511.24,47.874,116.03
1028.6,512.09,47.874,116.03
1029.5,514.02,47.4,114.89
1028.8,513.43,48.353,117.19
1028.8,516.09,46.931,113.75
1029,518.3,46.006,111.51
1028.1,516.88,46.931,113.75
1027.9,514.7,47.874,116.03
1028.3,516.48,46.931,113.75
1027.7,518.12,47.4,114.89
1027.4,518.7,46.931,113.75
1027.6,519.12,47.4,114.89
1025.8,516.35,48.837,118.37
1026.1,517.8,47.874,116.03
1027.3,521.01,46.466,112.62
1026.5,519.68,47.4,114.89
1026.4,520.01,46.931,113.75
1026.8,521.36,46.466,112.62
1026.5,521.49,46.006,111.51
1026.2,521.36,46.006,111.51
1026.7,521.13,46.466,112.62
1026.3,519.39,47.4,114.89
1026,519.67,46.931,113.75
1026.4,520.72,46.466,112.62
1026.2,520.43,46.466,112.62
1025.3,517.38,47.874,116.03
1026.4,519.75,46.466,112.62
1026.9,520.65,45.551,110.4
1025.8,519.35,46.006,111.51
1026.8,521.55,44.653,108.23
1026.8,521.22,44.653,108.23
1026.2,520.9,44.211,107.16
1026.1,519.06,45.551,110.4
1025.1,517.92,46.006,111.51
1025.4,518.75,45.1,109.31
1024.9,518.43,45.1,109.31
1024.7,518.23,45.1,109.31
1024.9,517.89,45.1,109.31
1024.4,516.25,46.006,111.51
1024.5,517.47,45.1,109.31
1024.4,515.64,46.466,112.62
1023.5,515.72,46.006,111.51
1023.7,517.1,45.1,109.31
1023.3,515.44,46.006,111.51
1023.4,516.74,45.1,109.31
1023.1,516.1,45.1,109.31
1023.8,517.07,44.653,108.23
1023.2,516.98,44.211,107.16
1022.4,515.17,45.1,109.31
1021.7,513.43,46.006,111.51
1022,514.53,45.1,109.31
1022.4,515.72,44.211,107.16
1021.9,513.82,45.551,110.4
1021,512.23,46.006,111.51
1021.9,514.5,44.653,108.23
1021.1,512.83,45.1,109.31
1021.4,513.76,44.211,107.16
1021.2,513.32,44.211,107.16
1020.4,511.67,45.1,109.31
1020.5,511.2,45.1,109.31
1020.7,512.03,44.211,107.16
1020.4,511.82,44.211,107.16
1019.7,509.96,45.1,109.31
1020.6,512.03,43.773,106.09
1020,510.58,44.211,107.16
1019.4,508.36,45.551,110.4
1019.5,509.34,44.211,107.16
1019.3,508.84,44.211,107.16
1019.4,509.83,43.34,105.04
1018.5,507.99,44.211,107.16
1019.1,508.72,43.34,105.04
1019.4,510.13,42.065,101.96
1019.3,509.59,42.065,101.96
1018.4,507.09,43.34,105.04
1018.1,506.64,43.34,105.04
1018,506.07,43.34,105.04
1017.9,505.32,43.34,105.04
1017.5,504.91,43.34,105.04
1017.3,504.29,43.34,105.04
1017.2,504.02,43.34,105.04
1016.3,502.18,44.211,107.16
1016.7,503.16,43.34,105.04
1016.1,502.69,43.34,105.04
1016.1,503.9,42.486,102.97
1015.4,502.32,43.34,105.04
1014.6,500.52,44.211,107.16
1014.2,500.21,44.211,107.16
1013.9,499.88,44.211,107.16
1014,501.1,43.34,105.04
1014.1,502.89,42.065,101.96
1013.6,502.18,42.486,102.97
1012.7,500.89,43.34,105.04
1012.1,499.21,44.211,107.16
1012.5,500.37,43.34,105.04
1012.6,502.45,42.065,101.96
1012.7,503.57,41.237,99.946
1012.7,503.21,41.649,100.95
1011.6,501.33,42.486,102.97
1011.1,500.99,42.486,102.97
1010.6,501.01,42.486,102.97
1010,501.03,42.486,102.97
1009.5,499.7,43.34,105.04
1009.9,501.52,42.065,101.96
1009.1,499.64,43.34,105.04
1008.7,499.54,43.34,105.04
1008.5,499.32,43.34,105.04
1008.7,501.34,42.065,101.96
1008.5,502.34,41.237,99.946
1008.1,501.09,42.065,101.96
1008.5,502.87,40.828,98.957
1007.3,500.94,42.065,101.96
1006.5,498.79,43.34,105.04
1006.5,499.98,42.486,102.97
1006.2,500.62,42.065,101.96
1005.5,498.59,43.34,105.04
1005.3,499.99,42.486,102.97
1005,500.07,42.486,102.97
1004.7,499.76,42.486,102.97
1004.9,499.68,42.911,104
1003.7,498.39,43.34,105.04
1004.1,500.34,42.065,101.96
1003.7,500.48,42.065,101.96
1003.1,499.6,42.486,102.97
1003.1,501.74,41.237,99.946
1002.3,500.07,42.486,102.97
1002.3,501.99,41.237,99.946
1001.4,500.78,42.065,101.96
1000.5,498.97,43.34,105.04
1000.4,499.22,43.34,105.04
1000.2,501.13,42.486,102.97
999.94,501.92,42.065,101.96
998.99,499.85,43.34,105.04
998.99,501.78,42.065,101.96
998.56,502.08,42.065,101.96
999.21,503.35,41.649,100.95
998.3,502.06,42.486,102.97
998.09,502.26,42.486,102.97
998.91,503.12,42.065,101.96
1000.4,505.02,40.828,98.957
1001.5,505.2,40.828,98.957
1003.1,506.46,40.024,97.007
1003.2,504.57,41.237,99.946
1004.4,505.28,40.828,98.957
1006.8,506.96,39.628,96.046
1007.3,505.3,40.828,98.957
1008.1,504.64,41.237,99.946
1008.8,504.51,41.237,99.946
1010.9,506.17,40.024,97.007
1012.1,506.34,40.024,97.007
1013,505.09,40.828,98.957
1014.8,505.2,40.828,98.957
1016.6,506.62,40.024,97.007
1018.9,507.22,39.628,96.046
1020.7,506.58,40.424,97.977
1022.4,507.22,39.628,96.046
1023.9,506.7,40.024,97.007
1024.5,505.12,40.828,98.957
1025.8,505.16,40.828,98.957
1027.5,506.44,40.024,97.007
1027.5,505.24,40.828,98.957
1027.2,503.54,42.065,101.96
1026.9,503.09,42.486,102.97
1026.6,503.62,42.065,101.96
1026.2,503.82,42.065,101.96
1026.3,506.2,40.828,98.957
1025.1,505.15,42.065,101.96
1024.8,506.06,42.065,101.96
1024.8,508.08,41.237,99.946
1024.6,508.67,41.237,99.946
1024.4,510.82,40.828,98.957
1024.2,511.73,40.828,98.957
1024.4,513.8,40.024,97.007
1024.1,514.59,40.024,97.007
1023.9,516.18,39.628,96.046
1024.2,519.24,38.462,93.222
1023.3,519.12,38.847,94.154
1023.3,520.36,38.847,94.154
1022.8,519.26,40.024,97.007
1023,521.85,38.847,94.154
1022.3,521.32,39.628,96.046
1022.2,522.55,39.628,96.046
1022.5,524.82,38.847,94.154
1023,527.93,37.704,91.385
1021.9,527.23,38.462,93.222
1021.8,528,38.462,93.222
1021.5,528.83,38.847,94.154
1021.4,530.4,38.462,93.222
1020.5,529.34,39.628,96.046
1020.9,531.42,39.235,95.095
1021.3,534.04,38.081,92.299
1020.5,533.9,38.462,93.222
1020.7,536.83,37.331,90.48
1019.6,535.98,38.462,93.222
1020,538.63,37.331,90.48
1019.7,539.61,37.331,90.48
1019.7,540.19,38.081,92.299
1018.7,539.67,38.847,94.154
1019.4,542.47,38.081,92.299
1018.1,541.53,38.847,94.154
1018.2,542.53,38.847,94.154
1017.7,543.8,38.847,94.154
1017,542.98,40.024,97.007
1017.3,546.2,38.847,94.154
1016.8,546.9,38.847,94.154
1017.9,550.47,37.704,91.385
1016.8,550,38.462,93.222
1016.4,548.99,39.628,96.046
1016.4,551.95,38.462,93.222
1017.4,554.6,37.704,91.385
1016.2,553.81,38.847,94.154
1017,557.63,37.704,91.385
1016.1,556.65,38.462,93.222
1015.1,555.79,39.628,96.046
1015.5,558.75,38.462,93.222
1014.9,559.18,38.847,94.154
1014.4,558.85,40.024,97.007
1014.8,562.15,38.847,94.154
1014,561.67,39.628,96.046
1014.7,564.51,38.462,93.222
1014.2,565.89,38.462,93.222
1013.9,566.2,38.847,94.154
1015,569.24,38.081,92.299
1013.8,568.52,38.847,94.154
1012.9,568.21,39.628,96.046
1013.2,571.38,38.462,93.222
1014.4,574.06,37.704,91.385
1012.7,572.92,38.847,94.154
1013.4,576.54,37.704,91.385
1012.9,578.02,36.961,89.584
1012.8,578.82,36.961,89.584
1012.7,579.43,37.331,90.48
1012.5,580.68,36.961,89.584
1012.4,580.26,37.704,91.385
1011.3,578.49,38.847,94.154
1010.9,578.15,38.847,94.154
1010.9,578.23,38.462,93.222
1011.3,578.97,37.331,90.48
1011.4,579.34,36.595,88.697
1010.9,577.3,37.331,90.48
1011.3,575.98,37.704,91.385
1010.9,575.89,36.961,89.584
1011,574.27,37.704,91.385
1010.5,574.66,36.595,88.697
1011.3,575.57,35.874,86.95
1010.1,573.33,36.595,88.697
1009.7,571.47,37.331,90.48
1009.6,570.67,37.331,90.48
1009.6,570.29,36.961,89.584
1009.9,571.36,36.233,87.819
1009.9,570.63,36.233,87.819
1010,570.38,35.874,86.95
1009.8,569.6,35.874,86.95
1009.5,568.47,36.233,87.819
1009.3,568.17,35.874,86.95
1009,566.81,36.233,87.819
1007.9,564.75,36.961,89.584
1008.7,565.83,35.874,86.95
1008.6,565.34,35.874,86.95
1008.5,564.46,35.874,86.95
1007.9,563.28,36.233,87.819
1008.1,563.53,35.519,86.089
1008.2,562.01,36.233,87.819
1008,562.57,35.167,85.236
1008.6,563.79,34.133,82.73
1008.6,563.47,34.133,82.73
1007.8,562.05,34.474,83.557
1007.1,560.05,35.167,85.236
1007.1,558.97,35.874,86.95
1006.1,556.89,36.595,88.697
1006.4,557.11,36.233,87.819
1006.9,557.14,35.874,86.95
1006.2,557.36,35.167,85.236
1005.9,556.2,35.519,86.089
1006.1,555.14,36.233,87.819
1005.8,555.23,35.874,86.95
1005.6,554.54,35.874,86.95
1005.3,554.64,35.167,85.236
1005.1,553.67,35.519,86.089
1005.1,553.8,35.167,85.236
1004.8,553.11,35.167,85.236
1004.9,552.74,35.167,85.236
1005,553.39,34.474,83.557
1004.8,552.47,34.819,84.392
1004.7,552.07,34.819,84.392
1004.3,550.91,35.519,86.089
1004.1,550.3,35.519,86.089
1004.4,550.41,35.167,85.236
1004.1,550.19,35.167,85.236
1003.9,549.14,35.519,86.089
1003.9,550.37,34.474,83.557
