1253,408,60,166
1252.7,408.85,59.843,165.57
1252.4,410.23,59.509,164.64
1251.7,411.15,59.151,163.65
1250.9,411.28,59.718,165.22
1251.3,412.26,59.096,163.5
1252.3,412.16,59.78,165.39
1252.2,412.55,59.84,165.56
1251.2,413.51,59.525,164.69
1251.9,413.75,58.926,163.03
1251.7,412.46,59.325,164.13
1252.5,413.66,59.516,164.66
1251.5,413.89,59.362,164.23
1252.1,413.77,59.837,165.55
1252.5,414.5,60.771,168.13
1253.8,414,60.748,168.07
1254.2,413.6,61.448,170
1253.5,413.03,61.187,169.28
1254.8,413.88,61.367,169.78
1256,416.39,59.879,165.66
1256.3,415.95,60.214,166.59
1256.5,416.24,60.334,166.92
1256.5,416.78,60.298,166.82
1256.8,416.31,60.385,167.06
1255.4,417.84,59.491,164.59
1256.2,417.9,59.935,165.82
1256.3,418.22,59.567,164.8
1257.8,418.13,59.559,164.78
1256.7,418.35,60.024,166.07
1256.6,417.17,60.373,167.03
1256.7,417.56,60.27,166.75
1257.5,418.49,60.568,167.57
1257.3,418.17,60.721,167.99
1258,419.3,60.554,167.53
1256.9,418.86,60.643,167.78
1257.2,419.71,60.796,168.2
1257.1,420.47,61.005,168.78
1256,420.42,60.931,168.58
1256.2,420.4,61.124,169.11
1255.9,420.99,61.308,169.62
1257.1,421.79,61.504,170.16
1255.9,421.59,61.258,169.48
1257,422.61,61.626,170.5
1256.1,421.99,61.944,171.38
1257.4,422.89,62.152,171.96
1256.9,421.7,62.124,171.88
1257.2,421.81,62.229,172.17
1257.4,422.31,62.131,171.89
1258.3,421.96,62.155,171.96
1257.1,421.33,62.154,171.96
1256.5,421.28,62.059,171.7
1256.1,421.73,62.13,171.89
1255.8,422,62.401,172.64
1256.4,423.09,62.559,173.08
1255.6,422.54,62.255,172.24
1255.8,424.66,62.321,172.42
1255.9,425.51,61.973,171.46
1256,425.39,61.854,171.13
1256.2,425.36,61.373,169.8
1255.7,425.09,61.454,170.02
1253.8,424.02,61.786,170.94
1255.4,425.27,61.585,170.38
1255.3,424.84,61.362,169.77
1255.7,426.55,61.323,169.66
1254.8,426.58,61.772,170.9
1254.1,425.87,62.316,172.41
1254.8,425.44,62.698,173.46
1253.4,424.37,62.816,173.79
1254.1,424.52,63.145,174.7
1252.1,424.24,62.951,174.16
1253.6,426.4,63.115,174.62
1251.4,426.03,63.33,175.21
1251.1,426.5,63.016,174.34
1252.4,427.25,62.887,173.99
1252.3,428.31,62.697,173.46
1250.6,429.35,62.343,172.48
1252.8,429.96,61.821,171.04
1252.3,429.65,62.084,171.77
1252,429.37,61.54,170.26
1250.8,430.02,61.591,170.4
1251.5,430.25,61.94,171.37
1251.4,430.41,62.338,172.47
1252,428.87,62.356,172.52
1251.9,428.92,62.621,173.25
1250.6,427.04,62.724,173.54
1249.4,427.27,62.986,174.26
1249.2,427.54,63.19,174.83
1247.8,426.67,63.031,174.38
1246.4,427.31,63.258,175.01
1244.9,427.57,63.158,174.74
1243.2,428.51,63.318,175.18
1242.1,429.93,63.091,174.55
1240.6,430.1,63.159,174.74
1239.8,431.23,63.32,175.19
1239,431.45,63.317,175.18
1239.3,431.54,63.15,174.71
1238.5,431.47,63.215,174.9
1237.6,431.79,63.193,174.83
1236.7,431.85,63.314,175.17
1236.7,432.01,63.325,175.2
1236.7,431.86,63.54,175.8
1237.1,431.36,63.861,176.68
1236,430.26,63.804,176.52
1234.4,431.01,64.326,177.97
1233.5,430.89,64.217,177.67
1231.8,431.72,64.112,177.38
1230.8,433.06,64.265,177.8
1230,432.17,64.601,178.73
1230.3,433.54,64.958,179.72
1230.1,433.12,65.522,181.28
1228.8,434.17,65.55,181.35
1227.5,434.49,65.796,182.04
1225.7,434.64,65.747,181.9
1226.5,435.69,65.867,182.23
1224.7,435.59,65.535,181.31
1225.3,436.91,65.416,180.99
1223.5,436.18,65.408,180.96
1222.9,436.09,65.166,180.29
1222.5,437.4,65.073,180.03
1222.1,437.28,65.109,180.14
1221.4,436.98,65.453,181.09
1219.2,436.44,65.636,181.59
1219.3,437.6,65.529,181.3
1218,438.23,65.697,181.76
1216.3,438.16,65.928,182.4
1213.4,437.68,66.244,183.28
1213.8,438.75,66.15,183.02
1212.7,439.25,66.253,183.3
1212.4,439.69,66.067,182.78
1210.9,440.7,66.24,183.26
1210.2,440.55,66.203,183.16
1209.8,440.56,66.01,182.63
1208.5,439.85,65.976,182.53
1207.6,439.87,65.873,182.25
1207,440.35,65.365,180.84
1205.6,440.38,65.347,180.79
1205.2,440.48,64.885,179.51
1203.9,441.2,64.932,179.64
1203.5,440.86,65.004,179.85
1204.7,442.15,65.094,180.09
1203.2,441.73,65.593,181.47
1202,442.52,66.371,183.63
1200.7,441.86,66.655,184.41
1200.7,441.94,67.418,186.52
1198.3,442.08,67.931,187.94
1198.7,442.17,68.099,188.41
1198.9,441.29,68.276,188.9
1199.8,442.33,68.632,189.88
1199.9,441.41,68.73,190.15
1199,442.86,68.794,190.33
1200.5,443.36,68.845,190.47
1201.2,444.31,68.916,190.67
1201.1,444.16,69.11,191.2
1199.6,442.51,69.012,190.93
1199.7,442.78,69.308,191.75
1199,443.35,69.691,192.81
1197.9,442.54,69.304,191.74
1198.2,444.1,69.227,191.53
1197.6,443.97,69.252,191.6
1197.6,443.68,69.366,191.91
1198.4,445.31,69.299,191.73
1198.5,445.6,69.466,192.19
1198.9,445.87,69.963,193.56
1198.6,446.22,70.059,193.83
1198,447.13,70.383,194.73
1198.4,447.51,70.797,195.87
1197.4,446.76,71.046,196.56
1199,446.5,71.621,198.15
1200,446.19,72.252,199.9
1200.6,444.4,73.026,202.04
1202.1,444.01,73.25,202.66
1204.5,443.26,73.938,204.56
1203.9,443.95,74.12,205.06
1204.9,442.95,74.068,204.92
1205.3,443.98,74.221,205.35
1207.7,444.48,74.617,206.44
1207.6,444.8,74.461,206.01
1208,444.83,74.131,205.1
1208.4,445.51,73.865,204.36
1208.8,447.48,73.678,203.84
1209.5,447.1,74.208,205.31
1210,447.36,75.103,207.78
1209.5,446.59,75.946,210.12
1211.2,447.45,77.593,214.67
1210.5,446.98,79.555,220.1
1210.8,445.24,81.296,224.92
1213.6,444.3,81.679,225.98
1215,440.07,80.877,223.76
1214.5,442.27,80.934,223.92
1213,445.35,81.733,226.13
1226.5,446.09,79.555,220.1
1228.7,446.93,79.053,218.71
1231.1,449.96,78.324,216.7
1231.1,450.7,76.828,212.56
1233.4,452.94,76.166,210.72
1237.8,452.71,75.918,210.04
1243,452.51,75.843,209.83
1242.7,453.85,74.746,206.8
1243.4,457.8,74.849,207.08
1241.8,459.11,74.475,206.05
1243.8,458.39,74.383,205.79
1243.9,459.43,73.868,204.37
1243,459.24,74.042,204.85
1245.9,457.89,73.858,204.34
1248.7,459.5,74.046,204.86
1249.1,458.16,73.937,204.56
1250.7,459.24,73.845,204.3
1251.1,460.78,74.412,205.87
1251.3,459.62,74.532,206.21
1250.7,460.27,74.878,207.16
1251.8,461.12,75.398,208.6
1249.2,461.21,75.418,208.66
1252.8,460.71,75.341,208.44
1252.3,462.25,75.68,209.38
1253.4,460.62,75.044,207.62
1254.6,462.72,75.159,207.94
1254.9,462.18,74.764,206.85
1256.2,464.65,74.943,207.34
1257.4,465.72,75.413,208.64
1260.4,465.25,75.592,209.14
1260.7,465.8,76.366,211.28
1262.2,463.49,76.707,212.22
1264.5,462.83,76.21,210.85
1266.8,461.82,75.282,208.28
1268,462.76,75.745,209.56
1267.2,463.79,76.719,212.26
1267.4,461.11,76.502,211.66
1273.7,458.97,77.249,213.72
1270.5,458.44,76.511,211.68
1273.5,460.89,77.439,214.25
1274.4,458.76,77.16,213.48
1275.5,460.86,77.796,215.24
1275.7,460.41,77.98,215.74
1276.1,461.8,79.041,218.68
1277.1,459.92,79.096,218.83
1278.3,461.08,79.418,219.72
1278.6,458.91,79.095,218.83
1280.8,460.68,79.294,219.38
1281.7,459.59,79.6,220.23
1283.8,460.24,78.743,217.85
1285.4,460.85,78.55,217.32
1288.4,461.35,77.967,215.71
1289.8,461.72,78.423,216.97
1290.6,459.37,78.303,216.64
1291.1,461.09,78.123,216.14
1293.8,461,78.916,218.33
1294,460.03,78.97,218.48
1294.5,458.67,79.195,219.11
1297.2,459.14,79.601,220.23
1298,458.94,80.126,221.68
1298.9,458.28,79.973,221.26
1301.3,458.95,79.649,220.36
1302.5,459.7,79.667,220.41
1305.3,461.46,79.443,219.79
1306.5,459.94,79.756,220.66
1309.2,461.47,79.741,220.62
1311.3,461.6,79.755,220.66
1313,463.67,79.823,220.84
1315.2,463.52,79.46,219.84
1318.5,463,79.493,219.93
1320.7,462.02,79.649,220.36
1323.4,461.57,80.967,224.01
1324.8,459.64,80.79,223.52
1327.8,459.81,81.778,226.25
1328.9,459.52,81.984,226.82
1329.7,457.95,82.446,228.1
1333.4,457.22,83.08,229.85
1332.7,456.42,82.829,229.16
1335.9,456.23,83.155,230.06
1335.5,456.68,83.135,230.01
1337.3,455.99,82.964,229.53
1339.5,458.19,83.063,229.81
1338.4,458.69,83.146,230.04
1343.4,457.2,82.514,228.29
1344.4,456.3,82.219,227.47
1346.4,457.36,81.901,226.59
1349,457.49,82.423,228.04
1351,456.89,82.597,228.52
1351.3,455.61,82.166,227.33
1354,454.83,81.85,226.45
1357,454.4,82.077,227.08
1357,454.19,82.316,227.74
1358.6,454.01,82.982,229.58
1359.1,452.41,83.724,231.64
1360.1,450.46,83.795,231.83
1361.9,448.69,84.484,233.74
1364.6,449.03,84.857,234.77
1365.8,447.9,85.067,235.35
1367.1,448.47,85.259,235.88
1367.1,447.36,85.589,236.8
1368.8,448.31,85.605,236.84
1372.8,447.76,85.804,237.39
1373.6,446.73,85.493,236.53
1375.6,446.47,85.378,236.21
1376.7,446.03,84.795,234.6
1377.9,444.74,84.266,233.14
1380.6,444.85,83.803,231.85
1381.1,443.88,83.341,230.58
1383.2,443.71,83.425,230.81
1382.2,442.89,83.425,230.81
1383.7,442.41,83.874,232.05
1383.3,441.56,83.995,232.38
1384.6,440.22,84.245,233.08
1383.9,437.95,84.275,233.16
1384.8,436.32,84.388,233.47
1385.8,436.37,84.113,232.71
1388.3,436.22,84.33,233.31
1387.3,435.86,84.138,232.78
1388,434.12,83.903,232.13
1390.9,434.38,83.773,231.77
1391.2,433.61,83.472,230.94
1393,434.69,83.424,230.81
1394.6,434.15,83.312,230.5
1395.2,431.02,82.675,228.73
1396.1,431,82.576,228.46
1396.6,431.4,82.402,227.98
1398.3,430.5,83.008,229.66
1399.2,429.79,83.228,230.26
1398.4,428.22,83.315,230.5
1398.6,427.16,83.431,230.82
1402,426.45,84.299,233.23
1401,423.12,84.692,234.31
1400.5,422.07,85.153,235.59
1402,420.71,85.48,236.49
1401.3,419.23,85.286,235.96
1401.8,419.81,85.544,236.67
1403.8,419.33,86.483,239.27
1402.2,418.11,86.468,239.23
1403.5,418.08,86.102,238.22
1405.2,417.86,86.733,239.96
1407.5,416.64,86.746,240
1407.5,415.91,87.005,240.71
1407.6,414.52,86.601,239.6
1410.2,414.46,86.828,240.22
1410.7,412.02,87.064,240.88
1410.4,410.15,87.419,241.86
1409.7,407.37,87.087,240.94
1410.1,407.25,87.305,241.54
1408.1,406.19,87.037,240.8
1406.5,405.18,87.389,241.78
1405.3,402.85,87.67,242.55
1406.2,402.9,86.865,240.33
1404.9,402.6,86.784,240.1
1405.7,402.87,86.984,240.66
1403,400.83,86.984,240.66
1404.5,398.88,87.534,242.18
1403.7,398.72,87.685,242.6
1404.2,398.34,87.871,243.11
1405.5,397.79,87.619,242.41
1401.4,398.25,87.675,242.57
1406.1,396.82,87.736,242.74
1404.7,396.15,87.425,241.88
1404.6,392.48,87.167,241.16
1404.1,393.93,87.111,241.01
1403.9,392.97,86.947,240.55
1403.7,392.3,87.176,241.19
1403.9,390.81,87.607,242.38
1402.2,389.59,87.895,243.18
1400.9,389.1,88.279,244.24
1398.1,387.27,88.244,244.14
1396.3,386.49,88.557,245.01
1395.6,385.91,88.722,245.46
1394.7,385.82,88.927,246.03
1394,381.5,88.843,245.8
1397.5,381.36,89.26,246.95
1393.6,378.76,88.597,245.12
1394.1,377.49,88.21,244.05
1395.4,377.57,88.654,245.28
1391.6,375.89,88.357,244.46
1392.1,374.14,88.177,243.96
1386.9,372.66,87.254,241.4
1388,371,87.786,242.88
1384.7,369.32,87.832,243
1386.2,369.27,88.434,244.67
1380.3,367.55,89.145,246.63
1375.8,365.19,88.681,245.35
1375.1,365.23,88.924,246.02
1373.5,363.84,89.409,247.36
1370.3,364.02,89.985,248.96
1369.4,360.87,89.716,248.22
1367.8,362.34,89.581,247.84
1365.2,359.52,89.816,248.49
1361.7,359.03,89.447,247.47
1362,358.55,89.188,246.75
1356.4,357.2,88.586,245.09
1358.7,356.16,88.766,245.59
1354.7,356.42,88.885,245.91
1353.1,355.3,89.445,247.47
1351.7,352.66,89.805,248.46
1346.8,349.61,89.888,248.69
1345.3,348.95,89.551,247.76
1346,348.88,90.341,249.94
1342.6,347.88,90.972,251.69
1340.1,347.15,91.955,254.41
1337.1,348.02,92.668,256.38
1335.1,346.53,93.072,257.5
1330.2,346.45,93.212,257.89
1332,345.11,93.563,258.86
1331.1,343.98,93.889,259.76
1327.2,343.62,93.914,259.83
1326.1,342.49,93.387,258.37
1326.5,341.25,92.683,256.42
1325.4,342.48,91.781,253.93
1324.9,340.81,92.123,254.87
1323.7,338.63,92.045,254.66
1322.4,337.58,91.708,253.73
1317.4,335.16,91.167,252.23
1318.8,334.49,91.969,254.45
1316,333.16,92.527,255.99
1313.6,331.8,92.68,256.42
1313,331.22,92.599,256.19
1309.9,331.3,93.52,258.74
1306.7,329.68,94.122,260.41
1304.1,327.32,94.344,261.02
1302.2,328.16,94.596,261.72
1302.2,328.18,94.774,262.21
1298,327.47,94.182,260.57
1296.3,327.45,93.704,259.25
1295.9,327.04,93.662,259.13
1293.2,324.23,93.957,259.95
1289,322.49,93.973,259.99
1289.5,321.4,93.932,259.88
1286.9,319.26,94.194,260.6
1286.4,319.24,94.657,261.88
1284.2,316.68,95.036,262.93
1284,315.48,95.51,264.24
1281.7,313.12,96.255,266.31
1281.1,313.47,96.418,266.76
1279.5,311.94,96.811,267.84
1280.3,311.69,97.355,269.35
1279.1,310.28,98.059,271.3
1279.4,310.3,98.465,272.42
1281.7,310.36,98.616,272.84
1280.8,310.81,99.351,274.87
1280.6,309.45,99.696,275.82
1280.6,307.47,99.544,275.41
1280.5,306.14,99.462,275.18
1280.7,304.3,98.828,273.42
1281.2,303.25,97.868,270.77
1280.6,303.25,97.403,269.48
1281.3,302.3,97.104,268.65
1281,302.55,96.456,266.86
1280.5,301.96,95.98,265.54
1280.4,301.87,96.267,266.34
1279,301.06,96.518,267.03
1277.7,299.17,97.198,268.92
1276.6,298.99,97.101,268.64
1276,298.79,97.495,269.74
1275.9,298.95,97.907,270.88
1273.7,298.96,98.255,271.84
1273.6,298.61,98.794,273.33
1271.9,298.34,98.605,272.81
1272.5,298.62,98.823,273.41
1270.4,298.25,98.81,273.37
1269.3,297.14,98.613,272.83
1269.7,298.94,98.449,272.38
1268.4,299.15,99.222,274.51
1267.9,298.2,99.868,276.3
1266.2,298.56,98.965,273.8
1265.1,298.1,98.596,272.78
1265.6,298.79,99.238,274.56
1265.3,299.89,99.97,276.58
1264.3,298.78,100.38,277.72
1262.7,298.12,100.17,277.13
1263.5,299.54,100.3,277.49
1262.2,300.73,100.77,278.79
1261.6,301.66,101.74,281.49
1262.3,303.75,102.1,282.49
1261.8,304.45,103.09,285.21
1262.7,306.16,103.18,285.45
1262.8,306.96,103.24,285.63
1263.6,308.21,103.26,285.67
1264.2,308.74,103.52,286.42
1263.9,308.14,103.68,286.84
1263.2,310.98,102.6,283.85
1266.1,310.6,102.42,283.37
1266.4,311.92,102.65,283.99
1268.9,312.19,102.69,284.12
1271.1,315.84,102.92,284.74
1271.9,316.83,103.06,285.14
1272.8,316.31,103.64,286.73
1273,315.48,104.25,288.43
1275,319.37,104.11,288.03
1275.7,320.3,104.55,289.25
1274.1,320.05,104.46,289
1274.9,321.52,104.86,290.11
1276.2,323.88,105.93,293.08
1276.6,325.02,105.89,292.95
1276.9,326.68,105.91,293.01
1277.2,328.9,105.54,292.01
1277.1,330.96,105.7,292.44
1277.2,331.25,105.34,291.45
1276.4,331.46,105.6,292.17
1277.5,332.7,104.71,289.7
1277,333.67,104.23,288.38
1278.2,335.88,104.12,288.05
1278.2,336.36,104.39,288.82
1277.1,336.3,104.16,288.16
1278.3,338.5,104.76,289.83
1279.3,339.88,105.06,290.67
1278.6,340.93,105.35,291.46
1277.7,339.91,104.72,289.72
1277.6,340.97,104.95,290.37
1278.4,343.25,105.26,291.21
1277.4,343.4,105.18,290.99
1278,343.21,104.89,290.19
1279.6,344.83,105.12,290.83
1280.2,345.1,105.16,290.94
1279,345.05,105.38,291.55
1279.7,344.34,104.45,288.98
1280.3,343.47,103.89,287.44
1281.4,343.02,102.86,284.57
1282.4,344.76,102.55,283.72
1284.2,344.13,102.59,283.84
1285.1,344.45,102.66,284.04
1284.8,344.95,102.63,283.94
1285.4,344.45,102.66,284.03
1286.4,345.64,102.27,282.94
1286,344.32,101.74,281.48
1286.5,346.55,101.53,280.9
1287.1,345.03,101.94,282.02
1285.4,344.27,101.63,281.17
1286.1,345.81,101.82,281.7
1286.5,345.17,102.19,282.72
1284.5,343.4,102.5,283.57
1286.5,345.02,102.88,284.64
1284.2,342.7,103.12,285.29
1285.8,343.77,103.08,285.18
1283.9,342.42,102.89,284.67
1283.1,340.66,102.82,284.46
1283.5,341.51,102.54,283.7
1283.4,341.25,102.72,284.19
1281.7,339.63,102.86,284.58
1281.2,338.83,103.24,285.64
1281.3,338.75,103.55,286.48
1279.7,337.2,103.62,286.68
1279.6,337.46,103.87,287.36
1278.5,335.9,104.23,288.38
1280.1,337.31,104.74,289.77
1280.2,337.31,105,290.5
1280,336.27,105.61,292.18
1279.8,336.9,105.83,292.79
1280.1,337.41,106.1,293.54
1278.1,335.84,105.83,292.8
1280.1,336.94,105.95,293.13
1278.4,336.42,105.4,291.62
1278.8,336.43,104.44,288.94
1277.7,336.2,103.89,287.42
1279.1,334.7,103.43,286.15
1279,335.69,102.94,284.79
1276.8,335.08,102.59,283.84
1277,336.76,102.17,282.68
1274.7,335.81,101.96,282.08
1271.1,335.68,102,282.2
1270.9,332.73,101.85,281.78
1268.6,334.97,102.14,282.6
1266.1,335.19,101.18,279.93
1263.3,334.34,100.91,279.17
1263.2,336.12,101.09,279.68
1258.4,335.9,100.7,278.61
1258.6,337.25,100.54,278.17
1255.4,335.73,100.12,277
1254.5,337.2,99.892,276.37
1251.7,336.12,100.14,277.06
1248.9,336.36,99.588,275.53
1247.2,334.92,99.72,275.89
1244.9,332.76,99.491,275.26
1242,333.01,99.483,275.24
1238.2,331.75,99.477,275.22
1237.1,332.62,99.208,274.47
1236.3,333.98,99.896,276.38
1235.7,328.71,100.35,277.64
1233.6,328.12,100.95,279.29
1234.5,328.46,102.14,282.58
1233.5,326.28,101.64,281.2
1234,329.65,102.15,282.63
1235,325.2,101.83,281.74
1236.2,326.38,101.65,281.24
1239.5,325.52,101.43,280.62
1240.3,324.48,100.24,277.33
1241.4,325.02,99.47,275.2
1242.2,322.74,98.498,272.51
1243.6,326.71,99.08,274.12
1244.9,323.87,100.09,276.91
1245.4,323.06,100.69,278.58
1243.7,327.71,101.44,280.66
1243,323.05,101.79,281.62
1246.8,319.82,100.92,279.22
1247.7,323.05,101.24,280.11
1247.1,321.22,101.23,280.07
1247.3,322.24,101.61,281.12
1248.8,320.9,102.7,284.14
1246.5,320.51,102.57,283.77
1247.2,323.01,103.33,285.88
1245.1,323.07,103.37,285.99
1245.4,323.69,104.05,287.87
1241.9,323.77,102.98,284.91
1239.7,324.26,102.32,283.1
1240.2,324.57,103.3,285.81
1237.7,324.33,103.33,285.88
1235.6,324.68,104.4,288.83
1230.4,326.55,103.63,286.71
1229.8,324.92,103.34,285.9
1225,327.27,102.89,284.65
1225.2,324.99,102.96,284.85
1222,324.47,103.75,287.05
1219.5,323.74,104.04,287.86
1215.9,328,104.94,290.32
1217.3,323.38,105.66,292.33
1213,325.1,106.36,294.27
1214,325,106.82,295.53
1208.2,324.33,106.59,294.91
1208.7,325.05,106.61,294.96
1205.9,324.32,106.39,294.35
1204.7,325.2,106.46,294.55
1202.1,325.01,106.47,294.57
1198.9,325.87,106.72,295.26
1197.2,326.98,106.44,294.49
1194.2,330.14,105.99,293.24
1189.8,329.24,105.3,291.34
1188.1,327.39,104.88,290.16
1188.3,328.07,104.82,290
1186.9,328.49,105.12,290.82
1185,328.32,105.18,291.01
1183.2,327.95,105.33,291.41
1182.8,330.16,105.62,292.22
1182.5,329.15,105.79,292.7
1181,332.47,106.2,293.81
1179.3,328.29,106.7,295.2
1179.3,329.52,106.97,295.95
1176.9,327.52,107.58,297.65
1175.5,329.19,108.45,300.05
1173.7,327.76,108.89,301.28
1177.2,328.18,108.72,300.81
1173.7,326.39,108.82,301.06
1175,329.35,108.87,301.2
1168.7,331.25,108.41,299.95
1158.6,336.9,110.19,304.87
1160.8,335.26,110.83,306.64
1152.1,337.93,112.8,312.09
1152.9,340.31,113.55,314.16
1152.2,339.52,114.31,316.25
1150.8,342.41,114.1,315.68
1152.5,340.44,114.05,315.54
1152.6,338.75,113.43,313.81
1155.6,339.58,112.64,311.64
1155.1,338.94,112.09,310.12
1172.4,336.23,110.78,306.5
1166.6,340.81,109.94,304.16
1167.2,337.46,109.08,301.8
1164.6,341,107.6,297.68
1165.2,345.93,107.07,296.23
1165.7,350.92,106.54,294.77
1166.1,353.79,106.79,295.46
1167.9,347.93,105.77,292.63
1169.2,350.49,105.57,292.09
1172.3,353.1,105.26,291.22
1173.1,348.58,104.37,288.76
1173.4,359.04,103.71,286.92
1178.7,355.15,103.95,287.59
1179.8,361.66,103.97,287.66
1183.3,361.97,104.37,288.74
1183.1,363.41,104.48,289.06
1186.1,361.12,104.36,288.74
1187.1,364.04,104.35,288.7
1188,365.43,104.37,288.76
1190.7,366.12,104.64,289.5
1193.2,366.22,105.05,290.65
1196.6,368.04,105.42,291.67
1196.7,367.73,106.06,293.44
1196.5,368.41,106.01,293.29
1199.6,373.52,106.26,293.99
1201.2,373.16,106.97,295.94
1201.8,375.53,107.27,296.77
1204.3,375.94,108.14,299.18
1205.5,376.86,108.38,299.86
1206.4,376.99,108.87,301.2
1209.2,379.82,109.16,302.02
1211.3,380.23,109.25,302.26
1211.4,378.03,109.49,302.92
1213.9,379.79,110.23,304.98
1216,379.85,110.43,305.52
1218.4,382.9,111.21,307.68
1219.9,380.51,111.63,308.84
1219.6,386.18,112.15,310.28
1229.9,383.17,112.8,312.09
1231.8,379.89,113.24,313.31
1229.6,380.68,113.82,314.9
1229.3,384.38,114.62,317.12
1230.4,384.81,115.18,318.66
1233.5,383.42,115.96,320.83
1236.7,381.56,117.22,324.32
1238.9,385.74,118.2,327.02
1240,384.08,118.51,327.88
1241.4,385.65,119.17,329.71
1239.1,392.4,118.87,328.88
1237.9,396.48,117.86,326.07
1242.6,399.86,117.35,324.66
1239.7,405.08,116.57,322.51
1245.5,405.84,115.92,320.71
1247.9,402.99,114.99,318.14
1248.8,411.02,114.5,316.78
1252.4,415.75,113.43,313.84
1250.7,419.48,112.66,311.68
1254.7,422.56,111.43,308.3
1258.2,426.99,110.6,306
1261.6,429.71,109.66,303.4
1265.9,434.38,109.7,303.49
1269.4,435.97,109.38,302.63
1274.2,437.32,109.5,302.96
1274.9,439.69,107.98,298.74
1284.5,443.23,108.13,299.17
1288,445.36,108.18,299.31
1288.2,443.97,106.87,295.66
1291.1,453.06,107.57,297.61
1295.6,457.48,108.2,299.35
1305,457.4,110.03,304.43
1304.3,457.41,109.83,303.86
1306.4,459.28,109.14,301.95
1315.5,465.94,110.22,304.93
1316.3,463.01,110.49,305.7
1318.2,468.09,110.6,306
1319.5,472.01,111.2,307.65
1321.6,468.76,109.89,304.04
1330.1,477.22,111.66,308.93
1327.5,477.21,111.15,307.52
1333.7,478.61,111,307.1
1334.9,481.35,110.98,307.06
1340,481.01,111.6,308.75
1343.6,481,111.81,309.34
1345.3,485.24,111.24,307.77
1348.9,484.54,111.29,307.89
1352.1,488,112.08,310.1
1355.4,491.62,112.62,311.57
1356.3,493.4,113.06,312.79
1363,494.7,112.91,312.39
1364.1,494.71,112.91,312.39
1367,495.55,112.52,311.29
1368.3,497.16,111.56,308.64
1375.2,499.75,111.94,309.71
1375.9,500.67,112.2,310.42
1379.9,504.5,113.6,314.3
1380.5,504.22,112.21,310.44
1386.3,506.45,112.63,311.6
1388.5,507.05,112.19,310.4
1391,509.65,111.97,309.78
1393.9,512.06,112.2,310.43
1396.7,514.84,113.07,312.83
1399.8,512.76,113.52,314.08
1399.1,513,113.54,314.12
1400.7,516.63,113.08,312.84
1404.5,519.28,114.16,315.85
1403.3,520.39,113.54,314.13
1406.4,522.19,114.18,315.9
1406.3,523.94,113.57,314.2
1408.7,524.27,113.68,314.52
1407.7,529.71,113.7,314.58
1410.4,532.03,113.45,313.88
1408,534.48,113.02,312.69
1409.6,533.89,111.68,308.98
1407.8,537.42,110.63,306.09
1406.3,539.67,109.75,303.64
1405.1,543.22,110.59,305.97
1404.9,544.69,110.39,305.42
1400.2,545.71,110.6,305.98
1399.4,546.89,110.59,305.98
1395.6,547.84,109.55,303.09
1384.9,554.62,109.06,301.73
1382.7,552.84,108.43,299.98
1376.5,554.87,108.15,299.21
1371.3,556.34,108.08,299.01
1365.1,558.24,108.71,300.77
1359,557.67,109.02,301.63
1355.8,558.51,109.44,302.77
1342.9,556.9,109.7,303.5
1343.2,556.3,110.09,304.57
1333.8,553.64,109.59,303.21
1332.5,554.79,109.81,303.82
1329.3,552.68,110.33,305.25
1321.8,553.11,110.93,306.9
1312.5,553.55,111.68,308.98
1310.2,552.11,112.75,311.95
1326.7,525.66,112.38,310.93
1327.6,521.95,113.18,313.14
1326.2,523.57,114.15,315.81
1326,521.59,114.97,318.09
1327.5,520.4,115.31,319.03
1328.6,522.99,116.97,323.62
1327.3,522.83,118.3,327.3
1327.9,518.4,119.27,329.99
1327.6,518.4,119.5,330.61
1328.1,518.8,119.84,331.56
1326.1,520.21,120.43,333.19
1327.2,516.32,120.9,334.49
1324.7,518.65,121.06,334.94
1323.4,520.48,120.64,333.78
1324.2,522.18,120.54,333.49
1322.7,523.82,121.43,335.96
1321.6,521.23,122.54,339.02
1319.6,523.47,123.02,340.35
1313.7,523.49,122.44,338.75
1316.2,523.76,122.23,338.18
1310.6,518.89,121.87,337.17
1308.8,520.25,121.95,337.38
1304.9,516.71,121.69,336.66
1304.7,519.32,121.22,335.38
1300.1,514.22,120.64,333.77
1301.4,519.68,119.79,331.43
1295.2,512.31,119.42,330.41
1294,518.06,119.76,331.34
1289.3,512.49,118.78,328.63
1288.6,517.64,118.37,327.48
1283.8,514.41,118.17,326.92
1282.5,511.5,117.88,326.15
1279.4,511.32,116.97,323.61
1279.1,511.76,117.14,324.09
1277.6,510.41,116.16,321.39
1276.1,512.29,116.35,321.9
1273.8,513.92,115.91,320.69
1272.2,513.02,114.43,316.58
1270.3,514.79,113.35,313.59
1269,517.02,112.36,310.85
1270,514.26,112.72,311.85
1266.4,515.2,112.03,309.95
1265.3,517.93,111.46,308.39
1263.1,517.48,110.72,306.32
1258.7,520.47,110.92,306.87
1258.5,514.66,111.01,307.12
1256.4,512.25,110.78,306.49
1256.1,511.31,110.78,306.49
1252.1,512.44,111.17,307.57
1251.2,510,111.33,308.01
1249.8,511.05,112.28,310.63
1247.8,507.49,112.79,312.04
1245.4,506.38,113.14,313.03
1242.4,508.71,113.6,314.28
1240.2,504.91,113.19,313.15
1240.2,507.98,113.63,314.38
1236.5,506.76,114.02,315.46
1234,508.66,115.22,318.77
1231.3,507.84,115.29,318.97
1228.5,510.18,116.28,321.7
1225.6,510.02,116.72,322.94
1221.1,508.91,116.78,323.1
1217.4,505.29,115.96,320.82
1213.7,508.55,115.69,320.09
1210.7,509.16,115.73,320.18
1205.3,507.09,115.33,319.08
1202.7,509.05,115.43,319.36
1200.7,508.72,115.26,318.87
1195.8,507.2,114.41,316.53
1194.5,507.56,113.86,315.01
1194.4,507.05,113.65,314.42
1192.6,507.61,113.56,314.18
1190.3,505.86,112.97,312.56
1190.8,507.55,112.82,312.13
1189.5,506.69,112.43,311.06
1189.9,506.42,112.33,310.77
1191.7,508.11,112.23,310.5
1191.3,510.45,111.83,309.39
1190.7,510.4,111.91,309.61
1190.9,511.98,111.47,308.4
1192.4,511,111.66,308.91
1193.7,511.82,111.31,307.95
1194.4,510.27,111.7,309.04
1195.3,510.88,111.84,309.41
1196.3,510.66,111.83,309.4
1196.9,510.01,111.94,309.69
1197,511.91,111.77,309.24
1199.2,509.72,111.86,309.49
1198,511.2,112.49,311.23
1198.1,510.65,113.73,314.66
1200.4,512.66,114,315.41
1200.1,512.83,115.02,318.23
1198.3,513.1,115.23,318.81
1198.3,513.8,115.43,319.35
1199.5,515.58,115.25,318.85
1196.8,518.2,114.86,317.79
1197.1,518.67,114.97,318.09
1198.3,519.32,115.11,318.48
1197.4,520.87,114.61,317.08
1198.1,521.06,114.82,317.66
1198.4,523,114.67,317.24
1198,523.25,114.16,315.85
1197.1,522.85,114.02,315.45
1197.2,523.33,114.26,316.12
1195.9,521.55,114.2,315.95
1196.3,522.44,114.26,316.11
1195.3,523.11,114.66,317.24
1197.6,524.72,114.8,317.62
1198,524.86,114.98,318.11
1197.8,523.82,115.13,318.54
1199.5,525.67,115.4,319.28
1200.4,528.93,115.76,320.28
1200.2,529.05,115.61,319.87
1201.6,531.15,115.74,320.21
1202.1,533.28,115.62,319.88
1203.1,534.63,115.91,320.69
1205.1,535.16,115.63,319.92
1208.3,537.16,115.72,320.16
1210.3,535.18,115.81,320.41
1211.4,536.25,115.85,320.52
1211.9,537.28,115.9,320.65
1214.1,538.84,115.59,319.79
1217.5,541.23,116.07,321.12
1217.4,539.69,115.41,319.31
1219,542.81,115.51,319.58
1221.1,545.31,115.59,319.81
1221.2,547.08,115.91,320.68
1220.6,547.09,115.64,319.93
1221.8,549.38,115.74,320.22
1221.4,549.98,115.86,320.56
1221.9,551.61,116.17,321.41
1222.8,554.73,116.53,322.39
1222,555.59,116.72,322.94
1221.4,554.83,116.52,322.37
1222.2,556.7,116.48,322.27
1222.1,556.53,116.41,322.07
1224.2,557.82,116.35,321.89
1225.7,557.83,116.37,321.97
1226,558.45,115.71,320.14
1225.5,559.92,115.69,320.07
1226.1,560.72,115.71,320.13
1225.1,560.8,116.09,321.17
1227.5,562.38,116.88,323.37
1227.4,563.3,118.04,326.58
1228,563.8,118.03,326.54
1226.3,562.83,118.25,327.15
1228.9,565.74,118.54,327.96
1229.1,567.68,118.62,328.18
1229.9,566.9,119.12,329.57
1231.2,569.66,119.27,329.99
1232.9,570.9,119.91,331.75
1233.7,569.82,119.62,330.96
1237,570.81,120.03,332.08
1238.4,570.07,119.21,329.82
1240.8,571.86,119.5,330.61
1244.2,572.38,118.78,328.62
1243.5,573.11,118.49,327.81
1246.1,575.75,118.36,327.46
1246.4,576.32,118.45,327.72
1247.4,578.55,118.39,327.56
1247.4,579.1,118.98,329.17
1245.3,580.56,118.14,326.85
1246.2,584.13,117.74,325.75
1244.3,585.48,118.03,326.54
1242.3,587.3,117.71,325.67
1241.7,589.98,117.3,324.53
1240.1,591.81,116.67,322.78
1238.3,592.95,116.38,321.99
1237.9,594.33,115.94,320.76
1236.3,593.8,115.33,319.08
1234.5,594.3,115.59,319.79
1233,594.76,115.8,320.38
1230.1,594.31,115.94,320.78
1228.4,593.85,116.52,322.37
1226.2,593.68,117.77,325.83
1223.2,593.51,118.32,327.34
1222.3,596.08,118.84,328.78
1218.1,595.67,119.75,331.31
1215.4,596.87,120.44,333.21
1215.5,599.88,121.21,335.36
1214.1,599.57,121.39,335.84
1215.2,602.49,121.2,335.32
1213.1,602.57,121,334.75
1213.6,602.58,120.71,333.98
1215.6,605.92,120.23,332.64
1216,606.75,120.28,332.77
1217,607.87,119.97,331.91
1215.7,606.5,119.37,330.24
1216.9,609.18,119.58,330.84
1217.2,610.21,119.26,329.95
1215.7,611.35,119.98,331.94
1213.8,610.47,120.23,332.62
1215.1,612.98,120.23,332.64
1214.6,614.86,120.69,333.92
1214.6,616.64,120.08,332.21
1211.7,617.7,119.77,331.36
1210.2,619.49,119.72,331.23
1210.3,621.95,119.37,330.27
1211.5,626.63,119.36,330.24
1210.5,628.06,119.02,329.28
1208.9,628.81,118.17,326.93
1209.1,632.48,117.59,325.34
1207.4,630.92,117.86,326.08
1204.9,630.18,118.34,327.42
1205.1,630.76,118.69,328.37
1202.7,629.8,118.76,328.58
1201.2,629.7,118.98,329.16
1199.2,629.79,119.21,329.82
1198.3,632.72,119.46,330.52
1196.8,632.81,120.24,332.66
1195.2,633.32,121.25,335.46
1191.1,632.04,121.91,337.28
1191.6,630.69,123,340.3
1188.4,633,123.43,341.5
1192,635.73,123.93,342.88
1191.3,637.27,124.04,343.18
1189.4,637.6,124.06,343.22
1190.4,638.09,124.23,343.7
1190.7,636.88,124.67,344.92
1195.2,639.06,124.66,344.88
1195.6,639.49,125.31,346.68
1197.5,639.35,125.39,346.91
1199.9,637.75,125.11,346.14
1202.9,638.78,124.8,345.28
1203.2,638.98,125.09,346.08
1202.7,643.07,123.47,341.61
1202.5,643.98,123.75,342.37
1203.7,645.81,122.96,340.18
1200.9,648.13,122.47,338.82
1201,650.07,122.19,338.07
1198.6,651.22,121.49,336.13
1200.5,653,121.73,336.8
1198.6,651.85,121.81,337.01
1195.6,650.96,121.68,336.65
1196.1,651.06,121.82,337.03
1192.7,650.3,121.81,337
1194.5,650.92,121.54,336.27
1193.7,650.75,121.18,335.27
1191,647.65,121.01,334.79
1189.6,649.11,120.48,333.32
1190.1,649.54,120.19,332.53
1190.5,649.18,120.01,332.02
1187.2,646.75,120.69,333.91
1189.8,647.53,120.97,334.69
1186.9,645.77,121.94,337.36
1187.4,644.44,122.8,339.75
1188.9,646.07,123.53,341.76
1190,646.78,124.27,343.81
1188.6,645.19,124.79,345.26
1191,645.99,125.37,346.87
1190,645.53,125.56,347.39
1191.4,646.9,125.08,346.06
1192.3,648.28,124.59,344.7
1196.1,650.59,124.26,343.79
1197.5,649.14,124.04,343.19
1200.1,648.98,123.65,342.09
1203.1,651.03,123.12,340.64
1204.9,649.09,122.82,339.79
1208,649.54,122.87,339.93
1210.1,648.45,122.81,339.78
1210.9,648.31,122.75,339.61
1212.6,649.82,121.96,337.44
1211.6,649.02,121.72,336.75
1216.4,651.57,120.98,334.71
1215,649.87,121.6,336.42
1217.4,652.65,121.2,335.32
1216.8,653.36,121.89,337.24
1218.4,651.37,121.67,336.63
1221.7,654.36,120.34,332.95
1221.9,652.92,120.2,332.56
1222.9,654.66,119.6,330.88
1227.2,655.21,118.99,329.19
1224.6,652.35,119.39,330.31
1227.9,655.08,118.23,327.1
1227.2,656.21,118.63,328.2
1226.6,651.25,118.38,327.5
1226.5,652.76,118.6,328.12
1224.6,650.68,119.6,330.9
1227.8,650.76,119.9,331.73
1226,649.05,120.28,332.77
1229.6,647.53,121.08,335
1229.7,647.87,121.41,335.89
1231.7,649.27,121.42,335.93
1234.8,651.22,121.45,336.02
1237.5,652.45,120.89,334.47
1236.4,649.77,120.61,333.7
1240.6,652.42,120.66,333.82
1243,651.69,120.66,333.83
1245,650.42,120.5,333.37
1248.7,648.33,120.57,333.56
1253,645.72,120.88,334.42
1253.5,642.67,121.2,335.33
1257.3,638.97,121.3,335.6
1261.2,640.9,121.19,335.28
1261.8,637.45,120.92,334.55
1263.3,636.32,121.62,336.48
1265.8,638.33,120.82,334.26
1265.8,638.15,120.3,332.82
1267.2,640.48,119.83,331.54
1265.8,640.16,119.07,329.43
1266,640.17,119.01,329.26
1265.8,640.03,118.81,328.7
1266.2,639.56,118.58,328.07
1266.3,639.04,118.24,327.14
1267.8,639.64,117.64,325.46
1265.4,637.48,117.94,326.31
1266.4,634.92,117.42,324.86
1266.2,635.88,117.54,325.19
1266,631.94,117.44,324.92
1267.1,632.31,117.15,324.11
1267.8,632.84,116.95,323.57
1268.8,632.48,116.11,321.24
1268.9,634.06,115.83,320.48
1268.5,630.6,115.96,320.83
1274,622.61,116.03,321.03
1277.7,625.69,116.78,323.09
1279.9,623.09,116.39,322.03
1281.4,623.8,116.91,323.44
1282.2,621.27,116.88,323.37
1283.6,619.44,117.04,323.82
1286.9,621.9,116.4,322.05
1289.4,619.85,115.03,318.26
1291.1,619.04,114.64,317.18
1293.4,618.14,113.71,314.59
1297.1,615.1,113.43,313.83
1295.9,612.69,112.99,312.6
1298.1,609.46,113.18,313.14
1297.8,607.08,113.57,314.21
1296.9,602.75,113.76,314.75
1299.7,603.1,113.89,315.09
1299.7,600.55,114.08,315.61
1301.2,594.6,113.96,315.3
1303.3,589.86,114.84,317.73
1303.4,588.44,115.49,319.53
1302.8,586.08,115.4,319.27
1301.4,583.87,115.38,319.22
1302.6,582.54,115.2,318.73
1299,582.06,114.26,316.13
1299.7,580.69,113.81,314.87
1299.7,581.9,113.42,313.81
1298.8,578.88,112.82,312.13
1299,573.66,112.14,310.25
1300.5,572.98,111.46,308.37
1300.8,569.62,111.28,307.87
1300.3,566.47,111.25,307.81
1301,563.68,111.32,308
1300.2,561.19,110.54,305.83
1300.3,558.59,111.28,307.89
1300.4,555.17,111.02,307.15
1298.2,552.95,111.34,308.04
1298.2,550.84,111.67,308.95
1297.5,550.11,111.52,308.53
1298.1,548.72,112.05,309.99
1299.5,550.05,112.27,310.6
1300.2,548.65,112.43,311.05
1297.5,546.01,111.56,308.66
1301.4,545.46,111.63,308.83
1305.2,546.39,111.44,308.32
1311.1,541.96,111.51,308.51
1311.3,533.27,110.97,307.03
1310,530.01,111.19,307.62
1312.2,527.17,110.67,306.18
1316,525.08,110.52,305.76
1316.3,524.26,110.31,305.18
1315.4,521.94,110.77,306.45
1318.5,519.93,111.18,307.59
1316.3,515.55,110.91,306.84
1319,512.32,110.44,305.54
1320.5,512.97,110.33,305.24
1318.6,511.85,110.35,305.3
1320.9,508.96,110.46,305.61
1320.9,508.6,110.18,304.83
1318.9,506.28,109.84,303.9
1320.8,505.95,109.37,302.59
1319.5,506.07,109.04,301.67
1319.7,504.82,109.29,302.37
1317.4,502.15,109.63,303.31
1318.1,499.87,110.1,304.61
1315.9,494.16,110.83,306.64
1315.5,487.86,111.44,308.31
1316.8,484.57,111.59,308.73
1318.1,481.82,111.08,307.32
1316.6,477.84,111.07,307.29
1316.8,474.8,111.44,308.33
1318.2,473.25,111.25,307.79
1317.9,471.22,111.26,307.81
1318.9,468.59,111.19,307.64
1316.3,466.55,111.16,307.55
1317,463.95,111.29,307.9
1317.8,465.24,111.38,308.16
1317.5,462.99,112.04,309.99
1317.7,461.58,112.54,311.36
1318.9,458.97,113.16,313.08
1321.7,460.91,112.95,312.48
1323,462.27,112.98,312.58
1326.5,460.04,112.99,312.62
1329.7,460.5,111.98,309.82
1327.9,457.42,112.35,310.84
1329.2,455.34,112.05,310.01
1331,455.72,111.88,309.54
1331.1,450.92,111.83,309.39
1343.7,440.95,109.77,303.69
1346.2,446.13,108.6,300.47
1344.6,443,107.87,298.45
1344.8,441.29,106.71,295.23
1351.8,437.44,106.81,295.52
1351.5,434.89,106.53,294.73
1353.5,435.13,106.4,294.36
1354.2,433.93,105.64,292.26
1354.1,433.09,106.31,294.12
1351.7,430,106.36,294.28
1354.8,433.57,106.33,294.19
1350,430.48,106.9,295.76
1351.4,428.86,107.62,297.75
1349.4,429.25,107.91,298.55
1351.1,429.59,107.24,296.69
1353.1,428.17,107.46,297.3
1351.4,428.09,107.24,296.71
1355.1,425.18,106.65,295.07
1351,423.49,106.2,293.83
1360.7,412.25,104.76,289.85
1350.2,418.06,103.7,286.89
1363.4,406.59,102.82,284.46
1361.1,408.85,102.11,282.5
1360.8,408.71,101.52,280.88
1360.6,406.72,101.5,280.82
1363.3,406.73,100.87,279.07
1361.1,404.55,101.32,280.32
1359.6,400.18,101.49,280.78
1362.5,400.62,101.59,281.07
1364.3,399.36,102,282.21
1363.6,396.73,102.54,283.69
1365,396.48,102.93,284.76
1367.2,395.3,103.24,285.64
1368.6,393.94,103.88,287.4
1369.3,393.55,104.54,289.24
1369.4,390.62,104.93,290.3
1371.1,388.37,105.39,291.57
1374.9,387.19,105.52,291.93
1373.7,385.03,106.11,293.57
1376.1,382.64,106.54,294.76
1382.1,382.54,106.18,293.77
1381.5,377.32,105.83,292.79
1384.6,375.54,105.97,293.19
1385.9,370.59,104.97,290.41
1390.5,371.87,104.82,290
1394.5,369.87,104.61,289.43
1394.6,368.59,103.97,287.65
1395.5,369.49,103.89,287.43
1395.1,364.03,104.3,288.56
1398.2,364.12,104.53,289.21
1397.8,362.07,105.22,291.11
1399.4,360.57,105.8,292.71
1401.6,360.95,106.13,293.62
1399.7,358.88,106.59,294.89
1401.3,359.53,107.1,296.3
1402.6,356.84,107.85,298.39
1403.5,355.6,107.94,298.62
1404.6,353.97,108.2,299.36
1406.5,355.68,108.84,301.13
1408.4,351.78,108.8,301.02
1408.4,351.19,109.03,301.66
1410.1,348.14,109.11,301.87
1411.9,343.91,108.92,301.35
1414.6,342.26,108.37,299.83
1416.7,338.53,107.95,298.65
1417.3,337.02,108.12,299.14
1420.3,336.76,108.26,299.51
1421,333.67,108.56,300.34
1422.6,331.44,108.21,299.38
1424,329.55,108.65,300.59
1424.1,327.96,108.83,301.1
1426.1,327.63,109.56,303.11
1425.9,326.14,109.8,303.77
1430.4,326.08,110.28,305.1
1430.8,324.77,110.35,305.3
1431.6,323.47,110.61,306.03
1434.4,325.39,110.82,306.61
1436.3,324.8,110.63,306.09
1440.2,327,110.78,306.49
1443,326.26,111,307.09
1441.8,323.48,110.95,306.95
1443.2,323.17,110.65,306.13
1445.8,322.8,110.76,306.43
1448.9,322.33,110.16,304.77
1451.1,317.61,109.44,302.77
1454,315.68,108.2,299.36
1458.3,316.74,107.21,296.61
1460,313.64,106.94,295.86
1461.2,312.26,106.95,295.89
1462.7,309.51,107.07,296.23
1463.7,309.17,106.98,295.97
1466.3,308.38,107.08,296.25
1463.4,307.33,107.64,297.79
1465.1,307.67,107.77,298.16
1466.4,307.87,108.52,300.23
1466.7,306.96,108.52,300.24
1467.2,306.73,108.86,301.18
1467.3,306.84,109.53,303.04
1466.4,305.95,109.59,303.2
1467.9,306.43,109.88,304.01
1467.8,306.04,110.2,304.89
1465.8,303.85,110.23,304.97
1467.1,300.96,110.76,306.44
1467.1,301.78,111.25,307.79
1467.6,297.45,111.46,308.36
1468.8,295.83,111.57,308.68
1468.1,293.23,111.36,308.1
1467.8,292.07,111.44,308.32
1468.8,288.91,110.84,306.65
1466.7,287.94,110.41,305.48
1467.8,286.89,110.23,304.96
1466.2,285.08,109.83,303.87
1466.4,285.09,110.32,305.23
1464.8,283.86,110.35,305.3
1464.1,283.31,110.84,306.66
1464.1,282.91,110.86,306.71
1463.1,283.84,110.81,306.59
1463.4,283.7,111.18,307.6
1463.5,283.29,111.52,308.53
1464.1,285.08,111.91,309.62
1463.7,284.31,112.06,310.03
1465.4,286.35,111.66,308.93
1465.4,286.46,111.28,307.86
1467.3,288.98,110.88,306.77
1466.4,290.38,110.52,305.77
1468.5,293.39,110.36,305.33
1469.4,294.8,109.95,304.19
1472.3,296.68,109.77,303.69
1473.5,296.05,110.3,305.17
1474.5,295.78,110.4,305.44
1477.1,296.53,110.61,306.01
1478.5,296.85,110.96,306.98
1480.1,297.19,110.74,306.38
1481.3,297.62,111,307.11
1481.6,297.37,111.37,308.13
1482.9,297.78,111.63,308.84
1483.2,298.04,110.86,306.71
1484.8,298.69,111,307.1
1484.4,300.4,110.34,305.28
1486.9,301.95,109.81,303.8
1487.1,304.23,109.79,303.76
1488.6,307.79,109.53,303.03
1487,308.28,109.12,301.89
1490.2,310.97,109.15,301.98
1489.8,310.44,109.25,302.26
1488.8,310.24,108.79,301
1492.2,312.07,108.99,301.55
1490.8,313,109.24,302.23
1489.2,311.27,109.57,303.14
1489.7,310.82,109.61,303.27
1490.6,312.47,109.96,304.21
1491.6,312.27,109.69,303.46
1491.9,314.05,109.4,302.68
1489.2,313.98,109.16,302.02
1492.5,318.08,108.94,301.41
1492.4,318.42,108.88,301.24
1491.5,321.01,108.91,301.31
1491.4,322.75,108.47,300.1
1490.5,324.07,108.59,300.42
1490.1,324.62,108.3,299.63
1491.3,326.99,108.19,299.32
1491.1,327.06,107.93,298.6
1490.4,326.12,107.58,297.65
1489.8,326.81,107.15,296.45
1489.1,327.35,106.61,294.97
1491.2,329.88,106.38,294.33
1489.8,330.38,106.36,294.26
1490.8,330.9,106.53,294.73
1488.3,330.87,106.92,295.81
1485.4,330.14,107.53,297.5
1485,332.98,107.47,297.33
1483.2,334.5,107.81,298.27
1480.8,335.47,107.42,297.2
1480.8,338.89,107.02,296.1
1478.1,339.2,106.59,294.91
1477,342.54,106.57,294.84
1475.3,344.42,106.81,295.51
1469.2,345.19,106.72,295.25
1469.7,346.96,106.37,294.3
1467.6,347.87,106.23,293.89
1464.4,347.96,105.78,292.66
1464,349.4,105.51,291.9
1461.2,347.67,105.01,290.54
1459.5,350.3,105.08,290.73
1457.5,347.67,105.39,291.57
1455.4,347.19,105.64,292.28
1454.9,348.46,106.07,293.45
1452.2,349.01,106.34,294.21
1451.1,349.03,106.33,294.17
1450.3,351.5,106.47,294.57
1450.5,352.48,106.92,295.81
1448.8,353.71,107.29,296.83
1449.4,356.21,107.02,296.1
1448.8,356.83,106.76,295.38
1449.1,356.8,106.57,294.84
1450.7,359.47,106.58,294.86
1451.2,360.19,106.86,295.64
1451.1,359.67,106.86,295.64
1450.6,358.55,107.12,296.35
1452.3,358.11,106.53,294.74
1453.3,359.9,106.54,294.77
1455.6,359.85,106.43,294.47
1454.7,360,107.03,296.12
1454.4,359.12,106.64,295.04
1456.1,362.46,107.11,296.35
1453.3,362.52,107.12,296.37
1453.4,363.63,106.85,295.61
1453.1,365.91,106.91,295.79
1453.1,366.66,107.18,296.54
1454.6,369.09,107.49,297.39
1454,371.32,107.64,297.82
1453,372.72,107.32,296.92
1452.8,374.91,107.35,297
1454.3,375.93,106.78,295.43
1451.2,376.37,106.56,294.82
1453.5,377.69,106.16,293.71
1452.8,376.58,105.87,292.9
1452.4,378.17,105.5,291.88
1449.7,376.81,105.21,291.07
1448.7,377.56,105.17,290.98
1448.6,378.71,105.18,290.99
1448.2,378.36,105.48,291.83
1447.9,379.24,105.43,291.69
1447.8,379.98,106.06,293.42
1447.7,381.63,105.91,293.03
1449.4,382.91,105.99,293.25
1450.3,383.84,105.96,293.16
1450.7,385.29,105.94,293.09
1453.5,389.29,105.19,291.03
1453.9,390.33,104.84,290.05
1457.5,392.26,104.14,288.12
1457.7,393.44,104.15,288.16
1459,395.13,103.56,286.51
1458.1,395.4,103.48,286.31
1462.6,394.82,103.59,286.59
1460.7,393.93,103.19,285.49
1462.9,395.34,103.23,285.61
1463,395.33,103.16,285.42
1463.2,393.79,103.2,285.51
1463.6,393.99,102.95,284.83
1463.8,393.5,103.08,285.2
1461.7,395.69,103.17,285.44
1463.9,396.75,103.49,286.33
1463.8,397.25,103.73,286.99
1462.6,398.14,104.1,288.02
1464.1,400.6,104.81,289.98
1463.2,402.82,104.87,290.14
1465.1,403.4,104.8,289.95
1463.8,405.43,105.18,291.01
1462.1,404.31,105.25,291.2
1462.9,405.3,105.43,291.7
1462.3,406.17,105.22,291.1
1463,405.46,105.75,292.56
1465,406.32,105.94,293.11
1462.9,405.41,106.3,294.09
1464.4,406.42,106.83,295.57
1464.3,406.22,107.06,296.21
1464.9,407.87,107.32,296.91
1467.2,407.65,108.01,298.82
1466.5,409.23,107.98,298.74
1469.5,409.23,108.89,301.25
1468.2,411.13,108.8,301.01
1470.1,411.36,109.4,302.67
1469.3,410.95,109.26,302.27
1470.7,411.76,109.14,301.95
1473.6,414.3,109.2,302.12
1474.3,412.88,109.33,302.48
1477,411.69,109.02,301.62
1480.2,413.64,108.74,300.85
1480.1,413.39,108.7,300.74
1480.6,414.14,108.82,301.07
1484.9,414.41,108.7,300.73
1484.1,415.09,108.97,301.47
1486.8,417.16,109.33,302.48
1486.7,417.85,109.79,303.74
1489,418.91,109.78,303.73
1490.6,419.68,110.49,305.69
1490,422.22,110.38,305.39
1491.1,422.79,109.58,303.17
1492.3,425.48,108.94,301.39
1494.8,429.36,108.57,300.37
1494.3,430.55,108.18,299.3
1495.1,433.13,107.83,298.34
1495.7,434.94,107.33,296.95
1497.2,437.62,107.45,297.28
1497.1,438.08,108.2,299.35
1497,438.9,107.98,298.73
1498.3,440.07,107.88,298.47
1496.9,439.12,108.03,298.89
1499.5,440.49,108.16,299.25
1499.1,442.36,108.7,300.75
1499.5,440.97,108.93,301.37
1500.9,443.72,109.39,302.64
1500.2,444.87,109.6,303.22
1502.9,447.85,109.58,303.16
1502.4,448.37,109.55,303.08
1503.1,449.7,109.74,303.6
1506.5,452.23,109.63,303.31
1507.2,455.02,109.67,303.42
1509.8,455.39,109.7,303.52
1512.1,457.2,109.48,302.88
1511.5,455.95,108.94,301.4
1514.7,458.44,109.1,301.83
1516.3,459.65,109.47,302.86
1515.1,458.5,109.52,303
1515.2,458.07,109.71,303.52
1517.6,460.34,109.28,302.33
1515.2,461.59,109.42,302.73
1515.7,463.12,109.14,301.97
1519.2,465.28,109.58,303.17
1516,466.13,109.34,302.52
1516.8,468.47,108.82,301.08
1518.3,469.85,109.06,301.72
1518.3,470.02,108.48,300.13
1515.4,475.56,107.77,298.15
1512.8,477.53,107.46,297.3
1513,480.67,107.04,296.14
1512.1,480.36,106.58,294.88
1508.8,482.19,107.02,296.09
1505.9,480.23,106.93,295.85
1502.8,481.62,106.54,294.77
1504.8,482.22,106.93,295.84
1499.6,482.47,106.13,293.62
1500.3,485.98,106.42,294.44
1502.1,486.25,106.93,295.84
1498.7,487.01,106.96,295.92
1497.7,486.41,106.71,295.24
1498.1,489.95,107.04,296.15
1496.4,490.19,106.55,294.78
1498,494.03,106.56,294.82
1496.7,496.02,107.9,298.52
1493.6,497.14,108.27,299.54
1495.3,498.45,107.71,298
1495.3,498.41,107.19,296.57
1494,501.61,107.2,296.58
1492.3,502.71,107.6,297.69
1490,503.6,107.48,297.35
1489.6,503.66,107.93,298.62
1487.6,504.77,108.42,299.96
1486.3,502.82,108.53,300.26
1485.4,503.65,108.43,299.98
1485.4,502.77,108.67,300.65
1483.3,503.49,108.28,299.56
1484.2,504.57,108.71,300.76
1482.7,505.21,109.13,301.92
1482,505.74,109.24,302.23
1480.2,505.89,109.35,302.53
1478,507.75,109.39,302.65
1476.1,509.59,109.46,302.83
1473.2,511.56,109.25,302.25
1473.6,510.64,108.95,301.44
1471.4,513.82,109.02,301.64
1469.1,515.35,108.74,300.84
1466.7,515.44,108.15,299.23
1465.9,516.42,107.54,297.53
1463.3,516.93,107.08,296.25
1462.3,515.29,107.33,296.95
1456.8,516.63,106.19,293.78
1453.5,515.92,106.04,293.39
1450.9,516.8,105.13,290.86
1450.5,518.06,105.47,291.81
1447.7,517.56,104.8,289.95
1446.8,519.36,104.4,288.83
1444.4,520.16,104.24,288.38
1443.6,523.02,104.32,288.61
1442.2,524.3,104.37,288.75
1442.5,522.65,103.81,287.2
1439.4,525.9,103.29,285.77
1439.7,528.11,103.52,286.4
1437.9,527.11,103.07,285.15
1436.9,527.98,103.19,285.49
1433.2,529.54,103.51,286.39
1431.9,528.02,103.55,286.48
1430.9,530.54,103.86,287.33
1431.2,528.11,103.23,285.59
1430.3,531.11,103.49,286.31
1429.8,531.74,103.78,287.13
1425.5,530.48,103.85,287.31
1423.7,532.57,104.37,288.77
1421.2,532.6,105.2,291.06
1419.1,531.39,104.85,290.07
1417.4,534.01,105.2,291.06
1415.1,534.68,105.3,291.33
1413.2,535.84,105.51,291.92
1410.5,537.01,105.4,291.6
1408.4,538.63,105.6,292.17
1405.7,539.93,105.43,291.68
1402.1,539.81,104.88,290.17
1401.7,540.02,105.22,291.1
1395.7,540.46,104.73,289.76
1395.1,541.5,105.02,290.56
1393.8,541.1,105.37,291.52
1386.1,541,104.97,290.43
1385.3,543.17,104.93,290.31
1383.7,543.8,104.07,287.91
1381.7,546.29,103.54,286.47
1377.9,545.46,103.14,285.36
1378.2,549.86,103.09,285.21
1375,550.16,103.02,285.02
1372.4,549.66,102.86,284.58
1370.2,551.96,102.55,283.71
1370.3,555.95,101.58,281.03
1370.5,559.82,100.96,279.33
1364.6,558.96,101.11,279.75
1362.8,561.75,101.15,279.85
1358.2,562.5,100.43,277.84
1359.5,560.92,100.56,278.21
1358.1,562.91,100.07,276.86
1356,564.93,99.522,275.34
1352.9,565.5,99.681,275.79
1352,563.35,99.765,276.02
1348.7,567.55,99.736,275.94
1347.1,569.38,99.798,276.11
1344.7,568.36,100.4,277.76
1341.4,567.85,100.29,277.48
1337.9,568.41,99.895,276.37
1337.4,572.15,99.841,276.23
1335.6,571.55,99.323,274.79
1333.3,573.98,99.549,275.42
1326.7,577.08,99.917,276.44
1324.7,574.64,99.62,275.61
1323.1,577.94,99.413,275.04
1317.1,576.55,99.414,275.05
1307.3,580.89,100.14,277.07
1307.6,580.24,100.96,279.33
1307.3,579.52,101.09,279.69
1304.6,576.95,100.73,278.68
1299.4,582.53,100.87,279.07
1299.2,579.84,100.29,277.46
1295.2,580.27,99.929,276.47
1293.5,581.75,99.759,276
1291.8,581.5,100.26,277.38
1289.3,583.74,99.457,275.16
1289,584.38,99.426,275.08
1287.6,584.56,99.216,274.5
1286.1,590.38,98.559,272.68
1283.1,588.34,98.226,271.76
1282.8,587.28,97.613,270.06
1279,596.89,96.971,268.29
1277.6,596.69,97.117,268.69
1273.5,592.84,96.895,268.08
1272.8,596.04,96.401,266.71
1270.6,594.06,96.083,265.83
1270.2,595.22,95.266,263.57
1269.3,594.45,94.798,262.27
1267.6,599.25,94.43,261.26
1266.6,598,93.922,259.85
1263.1,601.89,93.544,258.81
1271.2,601.17,92.932,257.11
1266.1,605.18,92.7,256.47
1264.8,606,92.264,255.26
1261.6,605.83,91.69,253.68
1266.1,605.14,90.88,251.43
1265.3,607.51,90.125,249.35
1265,609.24,89.751,248.31
1267.8,609.96,89.38,247.28
1267.4,610.58,89.315,247.11
1266.9,612.15,88.613,245.16
1266.5,611.95,88.499,244.85
1265.6,611.45,88.508,244.87
1267.2,613.74,87.897,243.18
1268.6,616.43,86.937,240.52
1267.3,615.87,86.457,239.2
1267,617.1,85.887,237.62
1267.2,619.19,86.071,238.13
1268.1,620.23,86.193,238.47
1276.9,620.49,85.616,236.87
1276.4,621.91,84.836,234.71
1278.9,623.33,84.768,234.52
1275.4,627.45,84.375,233.44
1276.4,629.19,84.769,234.53
1279.4,630.18,84.773,234.54
1279.9,628.06,85.041,235.28
1288.9,625.27,84.1,232.68
1289.6,626.23,84.01,232.43
1289.8,626.93,83.562,231.19
1292.3,626.94,83.639,231.4
1292.4,625.78,83.495,231
1295.7,624.78,83.49,230.99
1298,625.15,83.4,230.74
1298.4,626.55,83.047,229.76
1298.8,627.83,83.144,230.03
1297.7,627.42,83.29,230.43
1296.4,630.95,83.106,229.93
1299.5,628.75,82.636,228.63
1297.1,630.99,82.274,227.62
1297.5,631.74,82.064,227.04
1293.4,634.5,82.308,227.72
1295.2,631.78,82.073,227.07
1291.9,631.74,81.85,226.45
1293.8,632.4,82.04,226.98
1288.1,632.9,81.845,226.44
1291.2,632.56,81.821,226.37
1286.3,633.09,81.819,226.37
1285.8,632.17,81.836,226.41
1287,632.17,81.516,225.53
1285.9,632.21,81.129,224.46
1285.9,633.78,81.001,224.1
1286.9,633.28,80.515,222.76
1286.6,636.01,80.054,221.48
1285,635.35,80.201,221.89
1285.2,638.11,79.761,220.67
1284.8,640.3,79.361,219.57
1283.6,640.47,78.941,218.4
1286.6,638.75,79.082,218.79
1285,637.34,78.666,217.64
1287,637.7,78.444,217.03
1281.8,636.15,78.069,215.99
1282.2,640.8,78.402,216.91
1282.1,637.55,78.685,217.7
1284.4,640.96,79.026,218.64
1282.6,640.01,79.467,219.86
1280.2,639.67,79.83,220.86
1283,638.93,79.705,220.52
1282.4,639.81,79.935,221.15
1282.3,642.16,79.75,220.64
1281.2,641.81,79.824,220.85
1279.1,645.17,79.68,220.45
1279.8,647.13,79.47,219.87
1277.7,647.04,79.333,219.49
1275.6,646.5,79.761,220.67
1275.6,646.01,79.761,220.67
1274.1,648.23,80.505,222.73
1272.3,646.11,80.784,223.5
1273.6,648.25,81.162,224.55
1272.6,646.24,80.591,222.97
1266,645.73,80.841,223.66
1269.7,648.24,80.739,223.38
1269,649.07,80.647,223.12
1268.1,650.81,80.399,222.44
1270.2,651.28,80.149,221.75
1271.2,653.44,79.909,221.08
1269.3,656.19,79.098,218.84
1271.7,658.72,78.586,217.42
1272.9,659.78,78.042,215.91
1271.5,661.65,77.244,213.71
1273.9,663.51,77.357,214.02
1272.1,664.53,77.152,213.45
1275.6,663.97,76.97,212.95
1276,665.88,77.02,213.09
1277.8,664.78,77.35,214
1275.2,663.8,77.829,215.33
1278.7,663.62,78.465,217.09
1280.1,663.8,78.813,218.05
1281.7,661.71,79.4,219.67
1284.8,662.28,79.413,219.71
1287.1,663.11,79.48,219.89
1289.7,663.02,79.084,218.8
1292.6,664.52,79.211,219.15
1295.2,666.16,79.369,219.59
1295.3,666.06,79.517,220
1296.3,667.78,79.665,220.41
1303,669.59,79.179,219.06
1302.9,670.57,79.408,219.7
1305.2,670.98,78.943,218.41
1305.3,671.8,78.78,217.96
1310,672.59,78.775,217.95
1310.9,671.89,79.29,219.37
1312.3,671.44,79.159,219.01
1313.9,672.36,79.464,219.85
1314.7,671.26,79.834,220.87
1317.3,673.26,79.527,220.02
1318.8,673.44,80.046,221.46
1320.6,674.93,79.851,220.92
1323,675.58,80.165,221.79
1326.6,676.91,79.867,220.96
1334.3,678.96,79.53,220.03
1333.9,681.61,79.145,218.97
1338.6,683.41,79.233,219.21
1349.2,685.43,78.929,218.37
1349,686.68,78.529,217.26
1351.5,689.02,78.403,216.91
1355.3,688.83,78.868,218.2
1358.4,688.36,78.981,218.51
1360.9,689.3,79.332,219.48
1362.5,690.5,79.939,221.17
1362.5,692,80.623,223.06
1366.7,693.52,80.828,223.62
1367.3,695.12,80.615,223.03
1368.1,695.68,80.56,222.88
1369.8,698.2,80.534,222.81
1370.2,700.66,80.737,223.37
1373.5,702.59,80.169,221.8
1373.7,705.52,79.487,219.91
1371.9,706.79,79.783,220.73
1372.3,709.59,80.087,221.57
1373.5,710.9,80.487,222.68
1372.5,710.4,80.86,223.71
1374.2,712.62,80.974,224.03
1373.1,711.95,80.849,223.68
1373.6,714.13,80.456,222.59
1371.9,715.32,80.877,223.76
1373.4,716.92,81.519,225.53
1371.6,716.97,81.784,226.27
1373.1,719.54,82.107,227.16
1372.7,719.88,82.327,227.77
1374.1,720.46,82.557,228.41
1373.1,722.27,82.274,227.62
1373.6,724.12,82.711,228.83
1373.1,725.61,82.661,228.7
1374.8,727.66,82.417,228.02
1376.1,730.13,82.639,228.63
1378.2,731.46,81.945,226.72
1379.6,734.4,81.829,226.39
1383.4,736.95,81.037,224.2
1383.9,737.76,80.976,224.03
1385.8,739.87,80.87,223.74
1388.2,742.62,80.35,222.3
1388.7,740.85,80.03,221.42
1392.4,743.84,79.196,219.11
1397,746.22,78.652,217.6
1398.4,745.49,78.333,216.72
1399.2,745.47,78.413,216.94
1400.8,745.4,78.204,216.37
1400.1,745.96,78.58,217.4
1406,748.11,78.64,217.57
1407.2,749.45,78.785,217.97
1407.7,749.41,79.339,219.5
1410.4,750.97,79.169,219.03
1412.8,751.76,79.266,219.3
1416.4,753.68,78.989,218.54
1416.9,753.95,78.727,217.81
1420.1,755.94,78.114,216.12
1422.3,757.32,78.282,216.58
1423.5,758.46,78.394,216.89
1425,758.71,78.385,216.87
1428.9,760.06,77.531,214.5
1431.7,762.75,77.496,214.41
1435.3,763.42,77.099,213.31
1438.2,765.01,76.707,212.22
1439.1,764.43,76.591,211.9
1441.2,763.73,76.754,212.35
1444,765.49,76.853,212.63
1445.9,768.06,77.494,214.4
1448.2,767.14,77.703,214.98
1449.1,766.92,78.301,216.63
1451.1,769.01,78.495,217.17
1455.6,770.99,78.197,216.35
1458,772.04,78.364,216.81
1460.8,774.15,78.334,216.72
1462.8,774.5,78.164,216.25
1467.6,776.93,77.988,215.77
1473.5,777.82,77.538,214.52
1475.5,777.65,77.55,214.55
1480.2,776.24,77.488,214.38
1483.3,778,77.156,213.46
1484.4,777.47,77.281,213.81
1486.8,776.65,77.826,215.32
1487.4,776.82,77.693,214.95
1488.6,777.8,77.799,215.24
1491,776.77,78.1,216.08
1495.3,779.36,77.958,215.68
1496.4,779.81,78.158,216.24
1498.3,780.94,77.873,215.45
1499.3,781.65,78.548,217.31
1501.3,782.93,78.779,217.96
1503.2,782.78,78.655,217.61
1504.9,783.96,78.778,217.95
1506.3,783.73,78.672,217.66
1508.4,784.38,78.61,217.49
1511.1,782.77,78.411,216.94
1511.6,779.54,78.007,215.82
1515.1,778.66,77.522,214.48
1517.2,777.52,77.717,215.02
1516.6,759.05,76.936,212.86
1520.2,769.6,77.433,214.23
1518.9,741.04,77.022,213.09
1522.7,762.24,77.268,213.78
1522.4,755.31,77.671,214.89
1523.2,753.77,77.974,215.73
1526.9,751.76,78.212,216.39
1527.6,747.12,78.166,216.26
1529.1,744.95,77.702,214.98
1530.1,741.35,77.519,214.47
1533.5,739.45,77.628,214.77
1534.2,737.12,77.087,213.27
1535.8,735.31,77.207,213.61
1538.4,713.59,75.87,209.91
1539.4,729.05,75.739,209.54
1540.6,724.3,76.057,210.43
1540.9,720.66,76.101,210.54
1542.4,715.97,76.592,211.9
1544.6,712.94,76.608,211.95
1546.2,704.77,76.537,211.75
1547.2,703.36,76.628,212
1547.9,699.69,76.121,210.6
1547.9,696.41,75.769,209.63
1549.2,693.28,75.687,209.4
1549.4,690.64,75.833,209.81
1549.7,687.91,76.429,211.45
1547.9,685.01,77.045,213.16
1546.8,683.02,77.389,214.11
1545.6,676.95,77.155,213.46
1545,675.93,77.112,213.34
1545.7,671.69,76.432,211.46
1546.8,668.25,75.826,209.79
1546.2,664.59,75.292,208.31
1547.9,661.41,74.978,207.44
1546.4,656.28,75.29,208.3
1547.7,651.31,75.595,209.15
1546.4,644.01,75.651,209.3
1548.1,637.5,74.822,207.01
1548.6,638.1,74.697,206.66
1550.5,632.12,74.273,205.49
1553.5,628.6,73.974,204.66
1554.4,624.29,73.651,203.77
1556.6,622.91,73.506,203.37
1559.7,617.59,73.043,202.09
1561.3,617.88,73.013,202
1563.8,612.79,72.021,199.26
1567.8,612.13,71.997,199.19
1570.2,609.75,71.886,198.88
1572,605.64,72.145,199.6
1575.4,603.51,72.474,200.51
1577.8,600.32,72.36,200.2
1578.8,597.3,72.393,200.29
1580.9,593.97,71.93,199.01
1581.7,593.11,72.059,199.36
1583.7,590.85,72.405,200.32
1584.8,590.01,72.518,200.63
1586.3,588.66,72.654,201.01
1585.7,587.11,72.968,201.88
1585.7,584.46,72.986,201.93
1587.9,585.23,72.598,200.86
1588.5,585.47,72.686,201.1
1589.6,585.56,72.733,201.23
1590.4,584.82,72.899,201.69
1591,581.76,72.722,201.2
1593,583.22,72.775,201.34
1594.4,581.45,73.026,202.04
1593.4,578.8,73.356,202.95
1598.4,578.65,72.718,201.19
1603.2,576.79,72.394,200.29
1605.8,576.3,71.693,198.35
1607.8,576.54,72.105,199.49
1610.3,576.12,71.652,198.24
1611.2,574.18,71.103,196.72
1615.3,575.39,70.675,195.53
1616.7,576.14,70.401,194.78
1617.3,577.96,70.25,194.36
1618.9,575.23,69.831,193.2
1623,577.82,69.028,190.98
1624.5,579.19,68.937,190.73
1627.4,580.68,69.342,191.85
1631.1,582.65,68.87,190.54
1632.9,579.71,68.96,190.79
1636.9,580.3,68.852,190.49
1641,581.47,69.21,191.48
1641.6,582.33,69.423,192.07
1642.8,581.66,69.601,192.56
1644.2,580.22,69.098,191.17
1644.1,579.48,69.463,192.18
1645.1,580.1,69.378,191.94
1644.6,579.83,69.595,192.55
1643.1,580.43,69.29,191.7
1644.9,579.86,68.756,190.23
1646.5,579.91,68.185,188.65
1643.4,582.45,67.939,187.96
1643.4,583.24,68.05,188.27
1643.6,582.79,67.674,187.23
1644.4,585.33,67.898,187.85
1644.1,584.77,68.365,189.14
1643.1,584.33,68.449,189.38
1642.5,583.15,68.877,190.56
1642.8,582.62,69.043,191.02
1640.1,581.36,69.085,191.13
1638.1,579.72,68.889,190.59
1637.1,579.18,68.807,190.37
1635.6,579.66,68.728,190.15
1633,579.73,68.542,189.63
1632.9,580.68,68.015,188.18
1628.4,581.68,68.032,188.22
1626.3,582.01,67.548,186.88
1625.8,584.54,67.992,188.11
1622.7,583.39,68.121,188.47
1621.2,583.08,67.782,187.53
1619.7,584.62,68.218,188.74
1616.7,582.57,68.266,188.87
1615.1,581.81,68.234,188.78
1613.2,582.13,68.626,189.86
1606.4,580.33,69.142,191.29
1605.2,579.38,69.166,191.36
1603.7,577.78,68.413,189.27
1602.1,578.7,68.686,190.03
1598.4,577.38,68.785,190.31
1595.2,577.46,69.07,191.09
1589,578.7,68.782,190.3
1588.5,579.76,68.93,190.71
1585.3,579.7,68.328,189.04
1577.6,580.13,68.355,189.12
1577.8,581.71,68.297,188.95
1570.3,582.22,67.746,187.43
1570.4,581.18,67.807,187.6
1564.9,580.62,68.207,188.71
1563.3,577.9,68.24,188.8
1559.7,577.45,68.236,188.79
1556.2,576.82,68.035,188.23
1550.5,575.95,68.065,188.31
1549.2,577.31,67.829,187.66
1545.3,576.65,68.386,189.2
1543.7,576.15,68.554,189.67
1537.5,574.93,68.601,189.8
1535.1,573.27,67.964,188.03
1533.1,574.24,66.949,185.23
1530.7,577.11,66.622,184.32
1528.7,576.98,66.949,185.22
1525.6,578.34,66.376,183.64
1520.5,578.63,65.587,181.46
1519.4,578.75,66.171,183.07
1515.8,578.4,66.616,184.3
1514.7,577.42,66.783,184.77
1508.7,575.92,66.971,185.29
1506.1,575.36,66.421,183.77
1500.1,574.91,66.484,183.94
1500.2,574.67,66.18,183.1
1499,574.18,66.012,182.63
1491.6,574.17,66.154,183.03
1491.9,575.17,65.685,181.73
1490.1,572.92,65.069,180.02
1488.6,573.61,64.177,177.56
1480.2,577.15,64.937,179.66
1479.6,574.4,64.303,177.9
1480.8,575.3,63.871,176.71
1476.7,574.62,64.275,177.83
1474.9,572.58,63.357,175.29
1472.6,576.12,63.429,175.49
1469.7,573.09,62.901,174.03
1466.8,575.33,63.304,175.14
1464.7,573.39,63.413,175.44
1461.3,572.43,63.767,176.42
1460.1,570.11,63.552,175.83
1457.1,572.31,64.003,177.08
1454.3,570.49,63.845,176.64
1453.4,570.01,64.248,177.75
1450.1,569.24,63.413,175.44
1448.6,570.2,63.554,175.83
1448,569.89,63.569,175.87
1446.2,570.3,63.734,176.33
1445.2,569.03,63.319,175.18
1445.8,569.13,62.48,172.86
1446.1,569.69,62.47,172.83
1444.3,567.27,62.704,173.48
1441.7,566.5,63.298,175.12
1440.6,563.95,62.775,173.68
1439.9,563.56,62.765,173.65
1437.6,560.86,62.926,174.09
1438,560.5,63.039,174.41
1435.3,559.5,62.865,173.93
1434,559.92,63.183,174.8
1430.5,557.36,63.178,174.79
1428.3,557.25,63.29,175.1
1426,555.25,63.476,175.62
1424.8,556.28,63.726,176.31
1421.9,553.99,63.646,176.09
1419.6,553.46,63.088,174.54
1417,550.11,63.087,174.54
1415,545.39,62.541,173.03
1413.9,538.96,61.926,171.33
1410.4,540.61,61.813,171.01
1410.3,537.64,61.631,170.51
1407.5,531.82,61.677,170.64
1405.1,531.74,61.615,170.47
1403.1,528.26,61.128,169.12
1402,526.35,61.12,169.1
1401.4,526.55,61.241,169.43
1399.9,524.93,61.288,169.56
1398.9,522.11,61.255,169.47
1397.6,521.97,61.057,168.93
1395.8,520.17,61.082,168.99
1394.4,518.53,61.472,170.07
1394.9,516.57,61.761,170.87
1393.9,517.46,61.997,171.53
1393.2,515.88,62.049,171.67
1392.7,515.61,61.976,171.47
1393.5,516.23,61.973,171.46
1394,517.21,61.502,170.16
1394.1,516.66,61.354,169.75
1394,517.66,61.058,168.93
1394.2,517.36,60.73,168.02
1395.6,517.43,60.661,167.83
1395.4,517.51,60.927,168.57
1394.5,515.48,60.684,167.89
1396.2,514.61,61.135,169.14
1393.9,513.38,61.186,169.28
1394.5,513.41,61.795,170.97
1394,511.84,61.98,171.48
1392.6,510.9,62.128,171.89
1390.3,508.69,62.378,172.58
1391.6,507.7,62.223,172.15
1390,506.75,61.667,170.61
1389.4,505.7,61.74,170.81
1390.2,506.73,61.375,169.8
1390.1,506.59,61.409,169.9
1391.3,505.99,60.991,168.74
1389.7,506.42,61.097,169.04
1389.3,505.98,61.033,168.86
1389.3,504.9,60.651,167.8
1390.5,504.03,60.459,167.27
1389.3,502.28,60.366,167.01
1388.6,500.69,60.075,166.21
1389.8,500,60.814,168.25
1389.9,497.83,60.997,168.76
1388.4,495.51,61.86,171.15
1388.8,493.93,62.298,172.36
1389.6,492.44,62.875,173.95
1389.3,490.37,63.405,175.42
1390.1,489.2,63.184,174.81
1389.4,488.84,62.561,173.08
1390.2,488.77,62.147,171.94
1389.9,488.89,61.709,170.73
1392.1,489.66,61.315,169.64
1392.6,490.85,61.372,169.8
1393.9,490.8,61.435,169.97
1395.2,490.51,61.651,170.57
1394.8,488.78,61.305,169.61
1396.6,488.09,60.988,168.73
1395.9,486.23,60.848,168.34
1396.8,485.24,60.878,168.43
1397,483.12,61.356,169.75
1397.2,481.44,61.237,169.42
1397,480.55,61.465,170.05
1395.6,479.24,61.159,169.21
1394.8,478.26,61.229,169.4
1395,477.89,61.387,169.84
1394.9,477.63,61.29,169.57
1394.6,477.39,61.264,169.5
1394.3,476.62,61.446,170
1392.8,475.68,61.405,169.89
1394.1,476.93,61.087,169.01
1392.5,477.35,60.78,168.16
1393.5,477.96,60.762,168.11
1393.3,478.35,60.609,167.69
1391.3,477.35,60.895,168.48
1391.8,477.13,61.089,169.01
1391,476.61,61.104,169.05
1391.4,475.15,61.089,169.01
1391,475.21,61.374,169.8
1392.5,476.03,61.545,170.27
1391.7,475.15,61.691,170.68
1391.5,475.4,61.39,169.85
1392.1,475.39,61.929,171.34
1392.6,474.28,62.333,172.46
1393.3,474.25,62.144,171.93
1392.2,474.61,61.332,169.69
1396.4,479.3,61.868,171.17
1396.7,478.2,61.526,170.22
1396.2,479.91,60.883,168.44
1402.1,485.54,61.889,171.23
1401.3,483.88,61.944,171.38
1400.7,483.63,61.65,170.56
1400.5,485.45,60.974,168.69
1405.1,486.01,60.968,168.68
1406.1,485.89,60.394,167.09
1406.8,486.14,60.526,167.46
1408.9,485.6,60.482,167.33
1409.5,486.22,60.072,166.2
1412.2,488.11,60.276,166.76
1411.8,488.46,61.042,168.88
1412,487.08,61.188,169.29
1413.4,487.94,61.359,169.76
1413.3,489.04,61.897,171.25
1414.1,489.18,61.559,170.31
1415.5,490.02,61.266,169.5
1416.6,492.89,61.277,169.53
1417.8,494.82,61.053,168.91
1418.3,495.93,60.856,168.37
1419.5,497.86,60.944,168.61
1419.7,498.53,60.733,168.03
1421.8,500.68,60.521,167.44
1421.7,500.01,60.698,167.93
1423,500.76,61.071,168.96
1422.1,500.48,61.396,169.86
1423,500.18,62.09,171.78
1422.8,499.8,61.877,171.19
1424.1,500.64,61.857,171.14
1425.1,500.93,61.602,170.43
1424.3,501.47,61.562,170.32
1425.3,502.69,61.333,169.69
1427.3,505.18,60.878,168.43
1428.5,506.93,60.419,167.16
1429.1,508.18,59.92,165.78
1430.4,510.21,59.635,164.99
1431.1,511.36,59.38,164.29
1431.8,511.87,59.131,163.6
1431.8,512.24,59.109,163.54
1432.8,512.01,59.237,163.89
1433.9,512.5,59.802,165.45
1434.9,510.93,60.489,167.35
1434.9,509.03,59.962,165.9
1436.5,510.19,59.956,165.88
1436.8,509.98,60.048,166.13
1437.7,510.26,60.21,166.58
1438.6,510.74,60.122,166.34
1439.3,511.77,59.518,164.67
1439.6,512.98,59.495,164.6
1440.9,513.38,59.155,163.66
1441.3,513.53,58.979,163.18
1442.2,514.75,58.8,162.68
1443.1,515.08,58.591,162.1
1443.4,514.38,58.693,162.38
1445.1,514.68,58.901,162.96
1445.1,514.15,58.943,163.08
1445.7,514.04,59.081,163.46
1446.9,513.61,59.327,164.14
1448.2,512.63,59.09,163.48
1449.8,511.55,58.648,162.26
1451.3,511.55,58.023,160.53
1452.9,511.14,57.712,159.67
1454.8,511.03,57.696,159.63
1456.4,511.08,57.662,159.53
1458,511.25,57.606,159.38
1460.2,511.54,57.295,158.52
1461.4,511.89,56.694,156.85
1462.4,512.35,56.935,157.52
1462.4,511.22,57.771,159.83
1463.7,509.63,57.712,159.67
1465,507.76,58.371,161.49
1466.3,505.33,58.233,161.11
1468.4,504.31,57.87,160.11
1468.9,503.87,57.677,159.57
1469.9,502.95,57.575,159.29
1470.6,502.23,56.98,157.64
1471.4,502.18,56.511,156.35
1472,502.29,56.063,155.11
1472.5,502.32,56.313,155.8
1472.5,501.89,57.021,157.76
1472.3,499.53,57.226,158.32
1472.6,499.5,57.07,157.89
1473.3,498.41,57.163,158.15
1473.3,498.1,56.944,157.55
1473.8,497.31,57.059,157.86
1474,497.62,57.261,158.42
1473.4,497.54,57.34,158.64
1474.5,498.63,57.368,158.72
1474.6,498.74,57.134,158.07
1475.6,499.74,56.762,157.04
1474.4,499.64,57.107,158
1474.8,499.56,57.063,157.87
1474.7,499.26,57.322,158.59
1474.1,498.75,57.195,158.24
1474.8,498.84,56.71,156.9
1474,499.56,57.089,157.95
1473.6,500.85,57.303,158.54
1472.2,501.26,57.18,158.2
1471.2,503.39,57.464,158.98
1469.8,504.24,57.676,159.57
1470,507,57.312,158.56
1464.8,513.95,57.608,159.38
1467,514.6,57.269,158.44
1466.7,517.53,56.583,156.55
1464.4,521.6,56.341,155.88
1463.5,522.26,55.918,154.71
1461.8,523.3,55.247,152.85
1461,522.93,55.063,152.34
1460.5,523.1,54.878,151.83
1459.8,521.41,54.658,151.22
1460.8,520.35,54.742,151.45
1460.1,519.98,55.043,152.28
1460.9,519.06,54.262,150.12
1461.3,519.5,53.949,149.26
1462.1,519.63,53.902,149.13
1462.8,519.89,53.565,148.2
1462.4,519.21,53.502,148.02
1462.6,517.19,53.333,147.56
1462.5,516.23,53.746,148.7
1462.6,514.86,53.636,148.39
1462.7,514.86,53.893,149.1
1462.3,514.31,54.041,149.51
1461.9,512.73,54.073,149.6
1461.9,512.96,54.237,150.06
1461.9,512.87,53.888,149.09
1462.6,513.23,53.537,148.12
1462.4,513.16,53.338,147.57
1463.1,512.59,53.299,147.46
1463.9,510.94,53.393,147.72
1465.1,509.74,53.57,148.21
1465.9,508.54,53.674,148.5
1466.9,507.16,53.789,148.82
1466.9,506.69,53.787,148.81
1468.4,506.4,53.705,148.58
1470.5,507.15,53.328,147.54
1472.9,507.75,53.229,147.27
1474.1,508.02,52.935,146.45
1476.1,506.66,52.665,145.71
1477.6,505.83,52.573,145.45
1478.9,505.7,52.544,145.37
1479.8,504.82,52.42,145.03
1479.6,504.05,52.651,145.67
1480.1,503.6,52.718,145.85
1481,504.05,52.457,145.13
1481.4,504.84,52.217,144.47
1481.5,505.88,52.132,144.23
1481.6,505.24,51.944,143.71
1481.9,505.06,51.993,143.85
1481.4,504.42,52.307,144.72
1481.7,503.67,51.964,143.77
1481.7,503.65,51.482,142.43
1481.1,503.13,51.447,142.34
1480.7,503.24,51.355,142.08
1479.3,503.33,51.043,141.22
1479.6,503.7,50.851,140.69
1479.3,504.56,50.873,140.75
1479.2,504.87,50.899,140.82
1478.8,504.15,51.062,141.27
1478.3,502.67,50.945,140.95
1477.3,503.03,50.903,140.83
1476.4,502.16,51.046,141.23
1474,501.35,51.448,142.34
1473.5,501.55,51.361,142.1
1472,501.72,51.255,141.81
1470.8,502.39,50.571,139.91
1469.9,502.87,50.121,138.67
1468.4,504.88,49.982,138.28
1466.1,504.79,49.719,137.56
1464.4,505.39,49.684,137.46
1462.8,505.08,49.659,137.39
1462.4,505.1,49.32,136.45
1462.2,505.29,49.452,136.82
1460.7,505.33,49.285,136.36
1461.4,505.85,48.747,134.87
1461.1,506.21,48.701,134.74
1460.2,506.26,48.687,134.7
1460.7,504.77,48.579,134.4
1460.2,503.62,48.187,133.32
1460,501.44,47.894,132.51
1460,499.77,47.427,131.22
1459.9,498.56,47.133,130.4
1460,498.16,46.988,130
1459.2,497.23,46.942,129.87
1459.2,497.16,47.06,130.2
1458,496.67,47.505,131.43
1457.7,495.11,47.723,132.03
1457.6,495.44,48.148,133.21
1457.4,495.26,48.352,133.77
1456.5,495.05,48.659,134.62
1456.4,495.02,48.621,134.52
1456.2,494.89,49.049,135.7
1457.4,496.73,48.889,135.26
1457.6,497.53,48.69,134.71
1458.7,498.93,48.949,135.43
1459.4,500.25,48.425,133.97
1463.5,504.45,49.326,136.47
1462.2,504.04,49.044,135.69
1462.8,505.6,48.885,135.25
1463.9,505.88,49.187,136.08
1465.6,506.46,49.432,136.76
1467.4,506.68,49.815,137.82
1468.7,507.35,50.239,139
1469.5,508.05,50.037,138.44
1473.5,512.51,51.694,143.02
1473.2,510.83,51.898,143.58
1473.1,511.9,51.203,141.66
1474.9,514.78,50.831,140.63
1476.6,517.81,50.248,139.02
1477.9,520.27,49.888,138.02
1481.9,525.53,50.429,139.52
1481.5,525.61,49.705,137.52
1482.3,526.95,49.673,137.43
1483.6,528.37,49.408,136.69
1485,529.99,49.173,136.05
1487,531.3,49.073,135.77
1489.9,534.62,50.224,138.95
1490.7,534.55,49.993,138.31
1492.6,536.94,50.205,138.9
1494.8,539.32,50.329,139.24
1497,542.45,50.883,140.78
1499.5,545.29,50.683,140.22
1502.4,547.89,50.433,139.53
1504.6,551.5,50.338,139.27
1506.8,553.48,50.813,140.58
1508.8,555.8,50.631,140.08
1511.4,559.45,50.736,140.37
1513.7,561.45,50.814,140.58
1515.5,564.89,50.898,140.82
1518.6,568.93,51.208,141.68
1520.1,572.82,51.385,142.16
1521.9,576.36,51.728,143.12
1523.3,579.64,52.001,143.87
1525.8,582.96,51.779,143.25
1527.7,586.05,51.471,142.4
1529.4,587.8,51.219,141.71
1530.9,589.64,51.25,141.79
1532.3,590.73,51.286,141.89
1535.7,592.68,50.958,140.98
1538.9,594.6,50.787,140.51
1541.7,596.75,50.079,138.55
1544.8,599.5,49.693,137.48
1547.2,601.78,49.315,136.44
1550.6,604.49,49.28,136.34
1552.7,606.98,49.472,136.87
1554.8,607.77,49.732,137.59
1558.4,608.46,49.585,137.18
1561.8,610.06,49.841,137.89
1563.6,609.73,50.067,138.52
1564.9,611.04,50.559,139.88
1566.8,611.98,50.19,138.86
1568,613.8,50.016,138.38
1569.2,615.13,50.158,138.77
1570.2,617.43,49.781,137.73
1570.6,619.52,49.852,137.92
1571.4,620.65,49.902,138.06
1571.1,621.57,49.862,137.95
1571,623.19,50.039,138.44
1570.5,624.2,50.165,138.79
1569.2,625.25,50.323,139.23
1568.8,625.34,50.356,139.32
1568,626.53,50.466,139.62
1567.5,626.86,50.445,139.56
1566.9,628.75,50.13,138.69
1566.6,630.44,50.047,138.46
1566.9,632.27,49.8,137.78
1566.6,633.66,49.984,138.29
1566.2,634.81,49.785,137.74
1566.2,636.38,49.906,138.07
1566.6,636.12,49.753,137.65
1566.7,636.81,49.868,137.97
1566.9,637.82,50.115,138.65
1567.2,637.26,50.236,138.99
1566.1,638.26,50.304,139.18
1565.7,639.6,50.696,140.26
1565.2,640.86,50.835,140.64
1564,642.27,50.601,139.99
1563.2,644.33,50.909,140.85
1563.2,646.68,50.342,139.28
1562.8,648.26,50.6,139.99
1562.2,649.45,50.854,140.7
1562.2,650.92,51.134,141.47
1562.4,651.95,51.283,141.88
1562.1,652.86,51.374,142.13
1563,653.62,51.288,141.9
1563.8,655.16,51.332,142.02
1564.6,656.23,51.582,142.71
1565.9,658.24,51.312,141.96
1567.7,660.36,51.171,141.57
1569.2,663.41,51.225,141.72
1570.3,665.26,51.382,142.16
1571.8,666.21,51.541,142.6
1573.9,667.69,51.853,143.46
1574.9,668.05,52.379,144.91
1577.3,669.09,52.584,145.48
1579.2,669.68,52.964,146.53
1580.5,670.65,52.543,145.37
1582.2,672.3,52.78,146.02
1582.8,674.41,52.842,146.2
1584,676.65,52.585,145.49
1585,678.03,52.594,145.51
1585.3,680.57,52.389,144.94
1585.7,682.29,52.264,144.6
1586.2,684.32,52.364,144.87
1586.6,685.96,52.158,144.3
1586.7,687.32,52.107,144.16
1586.8,688.56,52.343,144.81
1587.3,689.7,52.569,145.44
1588.5,691.29,52.833,146.17
1589.2,692.49,53.215,147.23
1589.6,694.21,52.915,146.4
1590.3,696.72,52.949,146.49
1591.2,698.79,52.831,146.17
1592.4,701.32,52.695,145.79
1592.8,702.66,52.938,146.46
1593.6,703.62,53.182,147.14
1594.4,704.64,53.167,147.1
1595.7,706.09,53.214,147.23
1596.1,707.72,53.274,147.39
1596.9,708.68,53.388,147.71
1597.6,710.5,53.449,147.88
1597.9,712.25,53.72,148.63
1597.8,714.47,53.666,148.48
1598,717.94,53.733,148.66
1597.8,719.83,53.716,148.62
1597.8,722.46,53.707,148.59
1597.6,724.5,53.637,148.4
1597.7,725.79,54.016,149.45
1596.6,727.76,53.947,149.25
1596.6,729.2,54.231,150.04
1595.5,729.46,54.358,150.39
1595.5,730.03,54.656,151.22
1595.3,729.75,54.674,151.27
1595.2,729.55,54.668,151.25
1595.7,729.33,54.299,150.23
1596.1,729.03,53.732,148.66
1596.4,728.34,53.962,149.3
1596.5,727.79,53.995,149.39
1597.4,726.05,53.825,148.92
1598.2,725.77,53.609,148.32
1599.7,724.22,53.088,146.88
1600.7,722.56,52.702,145.81
1601.2,718.88,52.433,145.06
1601.8,717.74,52.328,144.77
1602.8,716.05,52.21,144.45
1602.8,713.55,52.657,145.69
1602.6,711.29,52.663,145.7
1602.1,709.25,52.959,146.52
1601.8,708.04,53.393,147.72
1601.7,706.66,53.598,148.29
1601.1,705.12,53.487,147.98
1599.6,702.94,53.141,147.02
1598.9,700.93,53.052,146.78
1598.7,699.74,53.191,147.16
1597.2,696.32,53.316,147.51
1596.9,693.86,53.449,147.88
1595.3,690.88,53.258,147.35
1594.1,688.23,53.786,148.81
1593.1,686.47,53.453,147.89
1592.6,684.64,53.512,148.05
1592.9,683.28,53.349,147.6
1593.8,681.31,51.842,143.43
1592.2,681.44,52.96,146.52
1592.6,679.39,52.918,146.41
1592,678.48,52.746,145.93
1592.5,676.66,52.757,145.96
1591.7,673.94,53.576,148.23
1593,671.29,53.213,147.22
1594,668.38,52.574,145.46
1594.2,665.56,53.156,147.06
1595,661.88,52.959,146.52
1595.3,659.48,53.155,147.06
1595.4,656.66,53.313,147.5
1595.9,654.81,53.876,149.06
1595.2,652.61,54.443,150.63
1595.5,650.35,55.229,152.8
1594.9,648.43,55.253,152.87
1594.6,646.94,55.198,152.72
1593.9,644.99,55.154,152.59
1592.7,642.03,54.603,151.07
1592.6,640.84,53.901,149.13
1592.1,638.75,53.973,149.32
1591.6,635.12,53.588,148.26
1590.6,634.21,53.463,147.91
1590.6,630.33,53.367,147.65
1591.1,628.82,53.577,148.23
1591.4,626.14,53.878,149.06
1592.3,623.45,54.564,150.96
1592.7,621.08,54.74,151.45
1593.4,619.66,55.191,152.7
1594.9,617.44,55.318,153.05
1595,615.42,55.127,152.52
1597.1,613.38,55.098,152.44
1598,611.56,54.85,151.75
1599.9,608.88,54.647,151.19
1601.3,607.72,54.685,151.29
1601.7,606.14,55.356,153.15
1602.3,604.74,55.233,152.81
1602.4,605,55.632,153.91
1602,603.88,56.199,155.48
1602.1,603.8,56.269,155.68
1601.9,605.23,56.442,156.16
1601,605.92,56.183,155.44
1601.3,607.47,55.676,154.04
1600.7,609.12,55.624,153.89
1599.9,609.58,55.773,154.31
1599,610.95,55.792,154.36
1598.6,610.93,55.345,153.12
1597.1,611.17,55.687,154.07
1596.4,610.89,55.717,154.15
1596.3,612.3,55.745,154.23
1595.6,612.54,56.066,155.11
1594.4,612.57,56.146,155.34
1593.8,613.56,56.186,155.45
1593.2,614.43,56.225,155.55
1593.3,615.95,56.379,155.98
1593.6,618.4,56.162,155.38
1593.2,619.74,56.309,155.79
1593.6,622.76,56.031,155.02
1593.7,624.5,56.131,155.29
1593.8,625.49,55.757,154.26
1594.9,627.39,55.936,154.76
1594.5,628,56.115,155.25
1595.4,629.01,56.332,155.85
1596.5,630.18,56.39,156.01
1597.2,630.85,56.263,155.66
1597.8,632.44,56.494,156.3
1599,634.11,55.937,154.76
1600,635.62,55.953,154.8
1600.8,637.21,55.798,154.37
1601.4,639.87,55.837,154.48
1601,641.51,56.066,155.12
1601.9,643.43,56.257,155.64
1601.8,645.78,56.494,156.3
1601.2,647.29,56.579,156.54
1601.1,648.95,56.584,156.55
1602.1,650.92,56.587,156.56
1601.5,651.81,56.694,156.85
1601.6,652,56.534,156.41
1602.4,653.4,56.443,156.16
1602.4,654.22,56.415,156.08
1602.8,655.28,56.275,155.69
1603.3,656.63,56.643,156.71
1604.4,658.11,56.848,157.28
1605.5,659.79,56.863,157.32
1607.3,661.7,56.993,157.68
1608.7,663.7,56.62,156.65
1610.7,667.08,56.448,156.17
1611.3,668.44,56.548,156.45
1612.6,669.9,56.988,157.67
1613.8,671.15,56.86,157.31
1615.3,671.99,57.548,159.22
1617.2,673.04,57.283,158.48
1619.4,674.52,57.183,158.21
1622,676.57,57.029,157.78
1623.8,677.4,56.847,157.28
1624.4,678.55,57.831,160
1624.6,679.81,57.982,160.42
1627,682.09,57.876,160.12
1627.2,684.51,57.691,159.61
1627.9,686.61,57.781,159.86
1627.4,688.83,57.657,159.52
1628.2,690.8,57.785,159.87
1627.8,692.43,57.781,159.86
1628,693.87,57.901,160.19
1629,695.55,57.847,160.04
1628.9,696.62,57.666,159.54
1629.3,697.76,57.84,160.02
1629.3,698.52,57.523,159.15
1629.2,699.38,57.826,159.99
1629.9,700.03,57.784,159.87
1631.1,701.53,58.096,160.73
1632.2,703.09,58.172,160.94
1634.6,705.12,57.853,160.06
1635.3,706.87,57.402,158.81
1637,708.64,57.814,159.95
1637.4,709.56,57.634,159.45
1639.4,711.46,57.496,159.07
1640.3,711.66,57.48,159.03
1642,712.47,56.992,157.68
1643.5,712.63,57.382,158.76
1645.5,712.5,57.597,159.35
1647.2,712.99,57.862,160.08
1648.8,712.14,57.722,159.7
1650.3,711.76,58.496,161.84
1651,712.01,58.831,162.77
1652.3,712.52,58.499,161.85
1654.1,713.69,58.586,162.09
1654.9,714.55,58.442,161.69
1656.6,716.15,58.611,162.16
1656.5,716.58,58.555,162
1656.8,716.83,58.655,162.28
1658.4,716.92,58.622,162.19
1658.7,717.12,58.608,162.15
1660.2,716.87,58.605,162.14
1660.9,717.04,58.645,162.25
1661.1,716.32,58.961,163.13
1662.7,716.67,58.91,162.98
1662.9,715.97,58.658,162.29
1664.4,716.52,58.773,162.6
1666.3,716.47,58.819,162.73
1667.1,716.08,59.029,163.31
1670,716.24,58.914,163
1671.6,716.96,58.453,161.72
1673.3,717.6,58.494,161.83
1675.3,717.28,58.746,162.53
1677.2,716.71,58.712,162.44
1680.3,716.62,58.444,161.69
1681.6,716.27,58.314,161.34
1683.4,714.24,58.494,161.83
1686.6,713.77,58.883,162.91
1687.1,712.45,59.222,163.85
1690,711.61,59.775,165.38
1691.4,710.65,60.056,166.15
1693.1,710.37,59.869,165.64
1693.7,709.97,59.94,165.83
1694.3,710.24,59.515,164.66
1695.3,711.05,59.818,165.5
1696.1,710.64,60.038,166.1
1696.5,710.72,60.023,166.06
1696.3,709.89,59.755,165.32
1697,710.3,59.439,164.45
1697.8,709.45,59.226,163.86
1698.7,708.93,59.039,163.34
1698.4,707.2,59.212,163.82
1698.1,704.48,57.788,159.88
1699.3,704.99,58.365,161.48
1699,703.44,59.032,163.32
1700.1,703.59,58.946,163.08
1700.6,702.28,59.453,164.49
1700,701.92,59.072,163.43
1701.4,701.81,59.052,163.38
1700.2,701.75,58.983,163.19
1699.5,701,58.877,162.89
1697.6,699.82,59.173,163.71
1697.3,698.91,58.817,162.73
1696,697.81,58.715,162.44
1696,696.48,58.563,162.02
1693.3,693.43,58.775,162.61
1691.1,691.22,59.081,163.46
1689,689.53,58.419,161.63
1684.3,688.01,59.208,163.81
1681.2,685.23,58.864,162.86
1676.6,683.32,58.588,162.09
1672.8,681.35,58.875,162.89
1669,679.64,58.735,162.5
1665.5,679.12,58.783,162.63
1660.1,676.59,58.242,161.14
1653.8,672.29,58.372,161.5
1651.9,669.89,58.435,161.67
1647.3,665.7,58.719,162.45
1644.1,661.71,58.963,163.13
1638.4,657.86,59.016,163.28
1634.7,653.42,59.548,164.75
1631.8,651.11,59.513,164.65
1627.3,647.29,59.552,164.76
1624.4,644.04,59.745,165.29
1622,641.03,59.512,164.65
1619,639.37,58.975,163.16
1617.1,637.47,58.933,163.05
1612.8,635.18,58.313,161.33
1608.4,633.66,58.687,162.37
1607.1,630.21,58.712,162.44
1604.4,628.78,58.003,160.48
1600.9,624.68,58.07,160.66
1598.7,622.36,58.259,161.18
1597.8,617.57,58.25,161.16
1596,616.08,58.452,161.72
1592.7,611.25,59.105,163.52
1588.4,608.11,59.154,163.66
1586,604.62,60.157,166.43
1580.5,601.78,60.566,167.57
1577.4,598.97,60.595,167.65
1571.7,597,60.156,166.43
1570.2,596.82,60.206,166.57
1567.2,594.84,60.136,166.38
1562.4,593.5,59.544,164.74
1559.6,590.59,59.837,165.55
1554.6,587.03,59.846,165.57
1552.1,584.27,59.537,164.72
1547.8,582.09,59.102,163.52
1543.7,579.83,59.208,163.81
1540.6,577.56,58.96,163.12
1539.5,576.88,58.871,162.88
1536.9,575.27,58.463,161.75
1534.5,574.33,59.09,163.48
1531.5,572.75,58.845,162.8
1529.8,571.87,58.57,162.04
1527.6,570.89,58.501,161.85
1526.2,570.37,58.352,161.44
1524.9,568.1,58.642,162.24
1523.7,567.49,58.611,162.16
1522.9,565.54,58.8,162.68
1522.4,565.68,58.692,162.38
1522,564.46,59.508,164.64
1520.7,563.93,59.394,164.32
1519.4,563.47,59.599,164.89
1519,563.77,59.579,164.84
1518.5,563.59,60.055,166.15
1517.2,564.02,60.129,166.36
1516.9,566.41,59.816,165.49
1515.7,566.41,59.789,165.42
1514.5,566.64,59.681,165.12
1513.2,566.84,58.847,162.81
1512.7,567.22,58.828,162.76
1512,566.46,58.522,161.91
1511.5,566.61,58.326,161.37
1510.6,565.73,58.027,160.54
1509.9,565.8,57.895,160.18
1510.2,566.15,58.027,160.54
1509.6,565.29,58.368,161.49
1510.1,565.44,58.484,161.81
1510.6,566.71,58.926,163.03
1510.1,567.19,59.351,164.21
1510.9,568.86,58.735,162.5
1512.4,570.57,58.908,162.98
1511.8,570.65,59.364,164.24
1512.5,571.61,59.219,163.84
1513.3,573.33,59.341,164.18
1514.8,573.94,59.947,165.85
1514.5,575.58,59.567,164.8
1516.2,576.81,59.734,165.26
1516.7,577.79,59.837,165.55
1518.2,579.14,59.837,165.55
1518.6,580.58,60.044,166.12
1519.1,583.01,60.311,166.86
1520.1,586.03,59.309,164.09
1520,588.73,59.331,164.15
1519.1,591.16,59.178,163.73
1519,592.73,59.368,164.25
1518.8,595.15,59.668,165.08
1518.7,597.42,59.298,164.06
1518.8,597.78,59.158,163.67
1517.8,599.37,59.302,164.07
1517.8,600.09,59.463,164.52
1516.4,599.64,59.462,164.51
1515.8,599.4,59.831,165.53
1515.6,599.63,60.331,166.92
1515.1,599.46,60.924,168.56
1514.1,598.94,60.46,167.27
1514.4,599.52,60.534,167.48
1513.7,599.53,60.762,168.11
1515.1,601.23,60.587,167.62
1513.5,599.68,60.71,167.97
1514.6,600.78,60.435,167.2
1513.3,600.12,60.521,167.44
1512.7,599.79,60.54,167.49
1513,599.72,60.328,166.91
1514.1,600.4,60.532,167.47
1514.1,598.82,59.94,165.83
1515.4,598.2,59.938,165.83
1515.9,596.8,59.993,165.98
1516.7,595.39,59.983,165.95
1516.4,595.05,60.235,166.65
1517.4,595.09,60.211,166.58
1516.8,594.48,60.322,166.89
1515.7,593.76,60.729,168.02
1515.3,593.68,60.532,167.47
1513.7,592.93,60.556,167.54
1512.9,592.66,60.378,167.05
1511,592.5,60.312,166.86
1511.6,591.92,60.784,168.17
1510.7,591.2,60.869,168.4
1509.8,590.04,61.34,169.71
1508.2,588.39,61.528,170.23
1505.9,585.75,61.291,169.57
1505.8,585.43,61.532,170.24
1504.5,583.7,61.012,168.8
1503.8,583.65,61.067,168.95
1503.3,583.45,60.819,168.26
1503.8,583.63,61.486,170.11
1502.5,582.67,60.815,168.26
1503.1,583.05,61.184,169.27
1502.2,583.44,61.132,169.13
1502.5,580.05,60.278,166.77
1502.2,581.5,60.432,167.2
1502.2,579.57,60.018,166.05
1501.6,579.25,59.786,165.41
1503.1,578.82,59.892,165.7
1503.4,577.04,60.009,166.03
1503.3,576.44,60.288,166.8
1503,575.91,60.742,168.05
1503.1,575.44,60.912,168.52
1501.4,573.96,60.971,168.69
1501.2,574.18,61.215,169.36
1501.1,574.07,61.662,170.6
1499.3,573.83,61.122,169.1
1498,573.4,61.499,170.15
1497.4,573.04,60.941,168.6
1495.8,572.95,61.024,168.83
1493.9,571.26,61.184,169.28
1492.4,569.73,61.301,169.6
1491.8,569.3,61.694,170.69
1490.5,567.42,61.237,169.42
1490.1,566.69,61.723,170.77
1489,566.08,62.027,171.61
1488.3,565.15,61.936,171.36
1489.2,565.65,62.255,172.24
1490.5,566.23,62.011,171.57
1488,565.54,62.92,174.08
1488.4,565.56,63.048,174.43
1488.5,565.74,63.556,175.84
1488.8,564,63.394,175.39
1489.6,564.34,63.518,175.73
1492.1,563.02,63.21,174.88
1493.4,561.44,61.916,171.3
1496.4,561.25,62.028,171.61
1497.3,559.21,62.051,171.67
1498.4,558.92,62.688,173.44
1499.6,558.77,62.826,173.82
1502.6,560.86,63.205,174.87
1503.1,560.11,63.088,174.54
1503.7,560.37,62.914,174.06
1504.7,561.66,63.309,175.16
1505.4,560.95,62.325,172.43
1506.6,561.55,62.578,173.13
1505,560.09,62.367,172.55
1506.5,560.36,62.557,173.08
1506.4,557.99,62.142,171.93
1506.3,557.7,61.214,169.36
1508.8,557.57,61.958,171.42
1508.3,556.29,61.91,171.28
1508.6,555.39,62.604,173.21
1507.6,553.04,62.151,171.95
1507.6,553.49,62.145,171.93
1507.4,551.99,62.229,172.17
1509,551.87,61.617,170.47
1508.7,552.13,61.615,170.47
1509.6,551.89,61.344,169.72
1510.9,551.88,61.849,171.12
1510.9,548.34,61.981,171.48
1512.6,547.52,62.268,172.28
1513.3,544.47,61.852,171.12
1514.5,542.87,62.721,173.53
1513.6,539.83,62.517,172.96
1514.1,540.5,63.164,174.75
1513.4,537.03,63.272,175.05
1512.9,537.83,63.241,174.97
1511.7,536.76,63.455,175.56
1511.7,537.87,63.603,175.97
1511.2,538.52,63.5,175.68
1509.1,537.49,63.369,175.32
1507.2,537.49,62.965,174.2
1505.1,536.91,62.675,173.4
1503.5,535.59,62.383,172.59
1501.6,536.27,62.204,172.1
1499.7,534.59,61.914,171.3
1497.1,534.65,62.463,172.81
1496.3,533.65,62.522,172.98
1493.7,532.13,62.778,173.68
1490.8,530.57,62.837,173.85
1490.2,530.51,63.074,174.51
1487.8,528.92,63.444,175.53
1489.2,529.76,63.38,175.35
1487.7,528.74,64.314,177.94
1486.6,527.58,64.308,177.92
1486.9,526.39,64.245,177.74
1486.8,526.41,64.128,177.42
1488.1,526.32,63.584,175.92
1488.6,525.88,63.672,176.16
1488.3,523.95,62.993,174.28
1489.1,524.52,62.993,174.28
1491,522.81,62.834,173.84
1492.1,523.58,62.674,173.4
1491,521.9,62.745,173.59
1490.8,522.66,63.078,174.52
1491.4,521.8,62.728,173.55
1491.6,523.46,62.843,173.86
1492.5,523.77,62.833,173.84
1492.5,524.09,63.042,174.42
1491.3,523.94,62.764,173.65
1490,522.56,62.561,173.08
1488,521.85,62.454,172.79
1488.2,521.58,62.643,173.31
1485.9,519.49,63.065,174.48
1485.8,518.91,63.45,175.54
1487.2,519.57,63.595,175.95
1484.7,520.06,64.178,177.56
1482.7,519.49,64.266,177.8
1481.5,519.35,65.045,179.96
1480.1,520.27,65.652,181.64
1480.7,521.35,65.948,182.46
1477.8,521.87,65.742,181.89
1479.1,525.05,65.643,181.61
1478.5,525.47,65.222,180.45
1477.6,527.16,65.16,180.27
1477.1,528.61,64.95,179.7
1477.6,527.84,64.027,177.14
1477.3,529.33,64.043,177.19
1476.6,529.24,64.058,177.23
1476.9,531.48,63.635,176.06
1474.6,530.42,63.802,176.52
1474.2,531.43,63.569,175.88
1474.1,534.18,63.384,175.36
1473.3,534.13,63.284,175.09
1471.4,535.56,63.176,174.79
1470.1,535.95,63.497,175.67
1463.2,540.29,64.064,177.24
1461,540.59,64.638,178.83
1460.4,541.16,64.169,177.53
1458.8,540.1,64.501,178.45
1452.6,542.91,64.58,178.67
1451.5,541.62,64.34,178.01
1449.4,541.73,64.422,178.24
1447.3,543.63,64.129,177.42
1445.7,545.16,63.797,176.5
1442.1,545.4,63.676,176.17
1441.4,546.72,63.339,175.24
1441.8,549.96,63.562,175.85
1439.3,551.53,63.977,177
1436.4,553.28,64.624,178.79
1435.7,553.96,64.887,179.52
1429.6,554.33,65.179,180.33
1431.2,555.8,65.031,179.92
1429.6,557.1,65.021,179.89
1428,557.51,64.943,179.68
1425.6,556.7,64.747,179.13
1426.4,556.99,64.241,177.73
1423.2,558.23,64.411,178.2
1424.1,558.36,64.181,177.57
1420.3,560.92,64.029,177.15
1421.1,562.84,63.85,176.65
1416.3,564.93,63.587,175.93
1416.8,566.63,63.348,175.26
1413.3,568.75,63.637,176.06
1409.1,570.99,63.008,174.32
1406.1,574.79,62.772,173.67
1403,576.24,62.537,173.02
1400,579.24,61.94,171.37
1397.1,581.58,62.161,171.98
1394.3,582.1,62.01,171.56
1392.6,582.62,62.137,171.91
1389,584.16,62.222,172.15
1386.9,585.31,62.651,173.34
1385.6,584.86,63.031,174.39
1384.2,587.3,62.859,173.91
1381.3,588.33,63.888,176.76
1381.3,589.12,63.938,176.9
1377.6,591,64.263,177.79
1376.8,591.14,64.203,177.63
1375.6,592.62,64.338,178
1374.1,593.26,64.166,177.53
1373.1,595.57,64.463,178.35
1373.9,596.06,64.682,178.95
1372.5,599.09,64.466,178.35
1371.7,598.69,64.416,178.22
1369.6,600.57,64.507,178.47
1369.2,600.27,64.687,178.97
1366,600.04,64.98,179.78
1367.7,599.68,65.038,179.94
1364.5,599.72,65.154,180.26
1363.1,598.9,65.253,180.53
1360.1,598.11,64.906,179.57
1357.2,596.72,64.764,179.18
1355.1,595.35,64.411,178.2
1353,595.05,64.581,178.67
1352.6,593.31,64.537,178.55
1347.2,588.63,64.076,177.28
1346.3,588.47,63.636,176.06
1340,582.58,63.387,175.37
1338.2,582.23,63.644,176.08
1331.7,576.48,63.914,176.83
1333,574.25,64.204,177.63
1325.5,568.6,64.535,178.55
1325,567.02,64.677,178.94
1322.9,565.37,64.859,179.44
1316.3,558.44,64.521,178.51
1317.3,560.84,65.075,180.04
1315.9,558.38,65.111,180.14
1312.7,557.24,65.43,181.02
1306,551.22,64.996,179.82
1307.5,552.53,65.046,179.96
1304.5,550.25,65.244,180.51
1301.5,546.21,64.623,178.79
1301.7,544.39,63.754,176.39
1298.3,542.35,63.654,176.11
1296.8,538.24,63.839,176.62
1295.7,537.1,63.875,176.72
1294.3,537.15,63.827,176.59
1292.2,536.13,63.654,176.11
1290.1,536.43,63.722,176.3
1289.4,536.97,63.679,176.18
1285.6,539.89,63.526,175.76
1285.4,541.19,64.104,177.35
1280.3,545.24,63.926,176.86
1277.4,546.63,63.942,176.91
1272.7,548.09,63.785,176.47
1269.6,547.05,63.963,176.97
1264.4,546.86,63.663,176.13
1259.7,543.23,63.426,175.48
1258.1,541.38,63.217,174.9
1251.1,537.39,63.257,175.01
1250,534.98,63.064,174.48
1246.4,533.44,63.366,175.31
1244.4,530.15,63.514,175.72
1242.2,528.29,63.855,176.67
1238.3,526.21,64.002,177.07
1235.8,525.23,63.979,177.01
1231.6,522.25,64.385,178.13
1224.1,515.24,64.116,177.39
1226.5,515.84,63.989,177.04
1220.2,510.45,63.329,175.21
1221.7,511.15,62.677,173.41
1215.8,505.98,62.278,172.3
1217.2,507.21,61.65,170.56
1215.5,503.84,61.563,170.32
1213.5,502.8,61.102,169.05
1211.1,500.07,60.955,168.64
1208.9,498.07,60.624,167.73
1204.2,496.61,60.926,168.56
1203.2,493.55,61.248,169.45
1200.9,492.23,61.116,169.09
1195.3,489.97,61.285,169.55
1191.8,489.53,61.365,169.78
1187.7,486.89,61.273,169.52
1184.3,485.66,61.602,170.43
1177.4,481.4,61.121,169.1
1173.7,479.63,61.421,169.93
1172.5,476.42,61.351,169.74
1170.5,474.39,61.288,169.56
1167.4,472.76,61.204,169.33
1164,468.82,61.159,169.21
1158.9,464.83,60.883,168.44
1160,464.3,60.81,168.24
1155.3,461.69,60.837,168.32
1153.6,459.26,61.358,169.76
1148.8,456.01,61.838,171.09
