564,683,61,98
568.15,677.91,61.903,99.451
573.39,672.98,60.786,97.656
575.57,669.72,62.063,99.708
581.77,664.46,61.703,99.129
585.75,659.38,62.632,100.62
590.32,654.65,62.683,100.7
594.31,646.99,64.74,104.01
599.67,641.45,65.789,105.69
602.67,640.19,63.476,101.98
607.06,636.57,62.827,100.93
613.05,631.81,61.243,98.391
617.82,627.57,60.26,96.811
621.68,622.28,60.472,97.152
626.83,617.76,58.899,94.625
628.16,613.25,61.414,98.665
632.52,606.94,62.99,101.2
637.57,602.68,62.001,99.608
642.34,596.94,61.876,99.408
645.41,592.45,61.134,98.216
649.92,584.61,62.32,100.12
650.51,582.65,64.732,104
656.17,578.85,62.866,101
660.91,574.06,60.878,97.803
664.42,570.16,59.891,96.218
670.95,565.92,57.899,93.019
672.06,558.24,59.812,96.091
673.35,556.53,60.897,97.835
678.12,551.17,61.319,98.513
684.75,546.41,60.234,96.769
686.53,542.67,59.128,94.992
693.96,536.99,58.402,93.826
693.87,533.69,60.192,96.702
697.51,529.81,59.901,96.234
701.97,525.79,59.93,96.281
703.05,521.84,60.689,97.501
710.05,517.63,60.01,96.41
711.04,514.81,61.249,98.4
716.98,510.51,59.386,95.407
718.18,510.78,58.849,94.544
720.07,505.52,59.724,95.95
725.02,501.04,60.593,97.347
725.74,497.04,60.858,97.773
733.73,490.79,61.205,98.329
732.68,491.29,60.399,97.035
736.31,488.82,60.259,96.809
737.85,486.68,60.371,96.99
739.68,483.02,60.923,97.876
747.37,479.12,60.486,97.175
747.66,477.14,59.414,95.452
749.93,476.06,59.511,95.607
751.9,472.95,58.55,94.064
757.2,470.66,59.742,95.978
758.53,468.98,59.595,95.743
763.07,465.77,60.408,97.049
763.77,463.07,61.105,98.168
768.41,460.04,61.565,98.907
770.14,460.28,60.815,97.703
772.92,458.31,60.458,97.13
775.34,455.61,60.864,97.781
780.34,452.3,60.294,96.866
782.17,453.28,60.172,96.67
783.71,450.89,60.467,97.144
787.31,447.88,60.888,97.82
788.76,446.71,60.944,97.91
791.05,444.69,61.796,99.279
795.35,441.26,61.739,99.187
797.09,441.49,62.249,100.01
799.18,441.35,61.317,98.509
803.53,439.07,61.522,98.839
804.78,436.23,62.209,99.942
807.38,436.09,61.959,99.541
810.25,435.04,61.659,99.059
812.9,434.21,61.588,98.945
814.93,431.54,62.356,100.18
817.38,431.19,62.799,100.89
818.86,430.57,63.061,101.31
821.39,432.9,63.435,101.91
823.82,431.31,62.899,101.05
826.27,432.14,62.011,99.624
830.99,431.03,62.075,99.726
831.31,430.81,62.544,100.48
832.13,430.07,63.112,101.39
835.8,429.92,63.2,101.53
837.75,431.23,63.159,101.47
838.66,431.17,63.753,102.42
840.79,431.71,63.817,102.53
842.12,430.36,64.151,103.06
845.14,434.59,62.774,100.85
846.87,432.98,62.014,99.629
850.56,433.87,62.585,100.55
851.56,433.88,62.022,99.641
853.77,436.82,62.096,99.761
854.8,434.78,61.899,99.445
856.3,437.54,61.732,99.176
858.19,439.27,62.414,100.27
860.93,440.34,62.461,100.35
862.17,440.28,62.964,101.16
864.77,442.56,62.323,100.13
865.68,442.27,63.293,101.68
868.41,443.99,62.991,101.2
869.88,445.7,63.066,101.32
871.15,447.32,63.441,101.92
872.06,448.23,63.96,102.75
873.67,450.03,64.204,103.15
874.68,451.31,64.655,103.87
875.99,453.38,64.84,104.17
877.55,453.55,64.661,103.88
879.06,456.82,64.103,102.98
878.99,455.42,64.884,104.24
881.25,459.07,64.643,103.85
882.32,460.9,64.45,103.54
883.33,461.84,65.1,104.59
882.99,462.87,65.913,105.89
885.56,466.9,65.572,105.34
885.73,466.27,65.182,104.72
887.85,469.46,64.722,103.98
889.68,472.62,65.123,104.62
890.22,474.22,65.459,105.16
890.89,475.97,65.832,105.76
892.37,477.81,65.98,106
893.62,480.16,66.16,106.29
893.12,481.94,66.702,107.16
894.69,484.41,66.846,107.39
895.01,488.08,66.815,107.34
894.63,489.39,67.657,108.7
895.26,491.68,68.352,109.81
896.16,495.21,68.808,110.54
903.03,498.55,68.417,109.92
901.71,500.04,68.778,110.5
902.04,502.41,69.42,111.53
900.89,508.21,68.907,110.7
901.29,511.05,68.387,109.87
901.11,515.63,68.241,109.63
902.33,518.32,68.217,109.59
902.71,519.75,68.356,109.82
903.31,524.95,68.246,109.64
902.94,527.89,68.164,109.51
903.51,527.92,68.321,109.76
907.93,534.12,68.009,109.26
908.89,537.22,67.83,108.97
907.89,539.4,68.073,109.36
909.78,542.73,68.214,109.59
910.08,545.42,68.658,110.3
910.25,550.16,68.593,110.2
911.53,553.71,68.366,109.83
911.86,558.4,67.718,108.79
912.13,561.84,68.009,109.26
912.86,563.75,68.212,109.59
913.07,570.02,67.778,108.89
912.53,569.93,67.937,109.14
915.37,578.09,67.485,108.42
915.89,579.67,67.577,108.57
917.74,583.68,67.613,108.62
919.24,587.97,67.046,107.71
920.33,589.48,66.662,107.1
921.64,594.24,66.327,106.56
924.28,596.54,65.929,105.92
926.18,599.51,65.282,104.88
925.72,602.59,64.943,104.33
926.54,605.09,64.569,103.73
928.17,607.23,64.421,103.5
925.96,617.85,64.427,103.51
926.93,619.77,64.476,103.58
928.29,621.98,64.539,103.69
928.89,624.1,64.339,103.36
929.97,630.3,64.376,103.42
930.09,632,64.36,103.4
932.39,634.76,64.257,103.23
930.97,637.63,64.317,103.33
931.96,640.79,64.251,103.22
930.95,643.71,64.113,103
932.27,647.02,63.856,102.59
932.12,649.23,64.246,103.22
933,653.23,63.903,102.66
933.29,655.7,64.115,103
935.66,658.03,63.923,102.7
934.78,658.03,64.098,102.98
936.17,660.87,64.23,103.19
937.89,663.48,64.456,103.55
935.27,666.39,64.559,103.72
937.04,670.7,64.353,103.39
937.9,673.48,64.454,103.55
937.26,675.14,64.342,103.37
937.93,679.26,64.187,103.12
937.63,682.12,64.149,103.06
936.72,684.31,64.522,103.66
937.11,687.3,64.495,103.61
935.57,692.27,64.174,103.1
937.12,692.07,65.022,104.46
937.73,693.67,64.982,104.4
939.01,696.83,65.169,104.7
938.67,696.13,65.724,105.59
940.52,697.96,66.261,106.45
938.4,701.16,66.473,106.79
939.47,700.24,67.012,107.66
938.93,706.66,66.53,106.88
938.81,704.01,66.913,107.5
940.73,708.74,66.034,106.09
942.25,709.98,65.625,105.43
944.04,712.34,65.413,105.09
945.68,713.93,65.165,104.69
945.53,715.95,65.104,104.59
946.11,716.02,64.936,104.32
947.26,719.27,64.934,104.32
946.64,721.02,64.515,103.65
946.97,720.67,64.691,103.93
947.76,722.79,64.591,103.77
947.55,724.35,64.685,103.92
946.8,727.39,64.4,103.46
948.23,729.64,64.397,103.46
947.29,732.5,63.604,102.18
947.55,733.53,63.493,102.01
946.02,734.15,63.903,102.66
947.4,735.8,63.864,102.6
948.5,735.54,63.832,102.55
947.81,736.2,64.188,103.12
948.45,739.84,63.35,101.78
949.27,740.27,63.091,101.36
949.3,741.23,63.069,101.32
947.54,740.9,63.473,101.97
947.53,742.51,63.371,101.81
948.76,744.19,62.78,100.86
947.88,744.15,63.028,101.26
948.94,745.96,62.379,100.22
948.93,747.29,61.962,99.545
949.02,746.98,61.796,99.279
948.54,747,62.029,99.653
948.45,747.81,62.062,99.706
949.31,748.19,62.401,100.25
949.43,747.66,63.276,101.66
949.66,748.18,62.729,100.78
948.22,748.81,62.363,100.19
949.1,747.14,63.297,101.69
948.79,748.11,62.838,100.95
948.18,747.21,63.785,102.47
947.65,746.36,64.379,103.43
949.66,747.3,63.72,102.37
947.4,746.55,63.892,102.65
947.92,746.63,63.596,102.17
947.4,746.07,63.9,102.66
945.98,745.39,63.983,102.79
947.73,746.77,63.24,101.6
946.66,746.08,63.013,101.23
947.28,745.21,63.654,102.26
947.61,746.82,62.997,101.21
947.12,745.88,62.46,100.35
946.27,746.01,62.22,99.96
946.03,745.61,61.97,99.558
946.68,745.7,61.44,98.706
946.43,745.3,61.122,98.196
945.14,743.56,61.553,98.889
945.6,744.51,60.64,97.422
946.02,743.86,60.323,96.913
946.34,743.71,59.616,95.776
946.11,742.79,59.582,95.722
944.18,741.74,59.847,96.147
943.92,739.33,60.594,97.347
943.84,739.36,60.029,96.441
945.36,739.26,59.191,95.093
944.49,738.28,58.938,94.688
943.54,736,59.608,95.763
943.82,736.19,59.355,95.357
943.73,735,59.34,95.333
942.3,732.29,59.788,96.054
942.49,732.68,58.915,94.651
941.1,730.27,58.863,94.567
940.23,729.54,58.517,94.011
940.34,728.93,58.255,93.59
938.62,727.04,58.449,93.901
939.95,727.24,57.719,92.729
939.2,723.65,58.803,94.471
937.42,721.03,59.338,95.329
937.37,720.21,59.15,95.028
937.71,718.04,59.344,95.34
937,717.75,58.886,94.604
935.66,715.43,58.647,94.219
935.06,713.76,58.954,94.713
934.81,710.79,59.453,95.514
933.56,708.93,59.557,95.682
933.86,708.21,59.014,94.809
933.41,706.58,58.871,94.58
932.39,706.31,57.865,92.964
933.03,704.57,57.759,92.793
931.2,702.22,57.645,92.61
930.71,699.27,58.082,93.313
929.55,698.91,57.598,92.535
928.61,695.29,58.369,93.773
926.43,691.94,59.172,95.063
925.53,690.16,59.118,94.976
926.09,688.8,58.744,94.376
924.21,687.57,57.965,93.123
923.54,686,57.227,91.939
922.45,684.95,56.737,91.152
922.53,682.16,57.228,91.94
920.37,678.67,57.945,93.092
918.07,674.5,59.183,95.081
917.45,672.42,59.54,95.654
917.14,670.59,59.402,95.433
915.86,669.43,58.77,94.418
915.49,667.45,58.541,94.05
914.13,665.84,58.146,93.415
912.97,663.8,57.088,91.715
912.13,662.43,56.635,90.988
911.89,660.45,56.382,90.581
911.58,658.81,56.146,90.201
909.9,655.43,57.118,91.763
909.17,654.62,56.024,90.006
906.96,651.93,56.7,91.091
905.29,648.08,57.747,92.774
905.09,647.26,57.165,91.839
903.42,644.2,57.243,91.964
901.61,642.17,57.345,92.128
902.12,641.75,55.788,89.627
899.31,640.35,55.243,88.75
899.24,637.3,55.628,89.369
897.6,635.74,55.586,89.302
898.39,635.23,53.947,86.668
897.27,632.48,54.038,86.815
895.61,632.05,53.019,85.178
895.88,630.5,52.414,84.206
895.46,629.02,51.659,82.994
894.48,626.03,52.57,84.456
892.98,623.41,52.704,84.671
891,621.84,52.649,84.584
888.32,618.41,53.044,85.219
887.98,615.42,53.821,86.467
886.92,613.9,53.726,86.314
886.35,612.39,53.41,85.807
885.75,611.35,52.564,84.447
884.32,608.8,52.414,84.207
883.2,606.93,52.405,84.192
880.98,604.81,52.362,84.123
880.08,602.55,52.229,83.909
878.93,601.31,51.675,83.019
878.58,599.64,51.031,81.984
879.33,598.33,50.846,81.687
876.35,596.07,50.411,80.989
876.12,594.47,50.461,81.068
876.08,592.72,49.837,80.066
874.54,591.11,50.066,80.434
874.67,589.57,49.403,79.369
873.3,585.59,50.655,81.381
871.35,582.83,50.974,81.893
870.94,580.08,50.252,80.732
867.82,577.3,52.076,83.663
867.26,574.71,53.037,85.207
865.93,572.7,52.536,84.402
864.73,568.92,53.622,86.146
862.04,566.4,54.509,87.572
861.93,564.33,54.063,86.855
862.15,564.39,52.549,84.423
861.36,563.33,52.168,83.811
861.1,561.99,51.587,82.877
859.12,558,52.587,84.485
856.67,555.43,53.238,85.531
856.05,554.67,52.326,84.065
854.32,551.22,53.179,85.435
854.62,550.93,51.931,83.431
854.04,549.53,51.235,82.312
852.52,547.85,51.488,82.718
851.73,545.77,51.791,83.206
851.29,544.75,50.746,81.526
849.89,541.62,52.023,83.578
849.86,540.73,51.54,82.802
848.18,538.57,51.75,83.14
848.28,538.09,51.088,82.076
846.58,536.05,51.047,82.01
846.99,533.8,51.262,82.355
844.35,530.1,52.626,84.547
843.22,528.83,52.467,84.292
842.69,529.08,51.158,82.188
843.1,527.18,51.183,82.228
842.7,527,49.766,79.951
840.34,525.02,50.3,80.811
838.95,521.81,51.074,82.054
839.8,521.23,50.994,81.924
838.13,519.3,50.933,81.827
836.89,517.86,50.779,81.579
837.46,517.47,49.913,80.188
836.17,515.58,50.163,80.59
835.54,515,49.516,79.551
835.07,515.25,47.998,77.112
834.57,513.15,48.201,77.438
833.68,512.72,47.716,76.658
833.05,510.07,48.695,78.232
830.95,507.4,49.544,79.596
829.11,503.79,50.692,81.439
829.34,503.58,50.29,80.793
828.07,501.6,50.67,81.404
827.19,500.22,50.443,81.04
826.14,500.37,49.469,79.474
826.19,500.05,48.967,78.668
824.28,497.42,49.774,79.964
824.17,496.49,49.727,79.89
823.52,495.43,48.894,78.551
822.1,492.98,49.899,80.165
821.14,491.77,50.381,80.94
820.5,490.78,49.829,80.053
820.11,490.08,49.15,78.962
820.3,489.56,48.508,77.932
819.55,489.4,48.103,77.28
819.05,488.19,47.953,77.039
817.61,487.51,47.855,76.882
817.93,486.65,47.619,76.502
816.19,485.96,47.263,75.931
816.51,485,46.822,75.222
816.33,484.48,46.46,74.641
815.43,483.84,46.584,74.841
813.57,481.96,47.407,76.162
813.08,480.91,47.609,76.486
811.77,478.68,48.291,77.582
810.19,476.57,49.24,79.107
809.46,475.68,49.184,79.016
809.58,475.97,48.439,77.821
809.65,476.54,47.269,75.941
809.15,476.25,46.688,75.008
808.22,475.33,46.72,75.059
806.21,474.06,47.844,76.864
807.27,473.71,47.486,76.29
806.59,474.63,46.576,74.827
805.31,472.88,47.573,76.429
804.27,473.02,47.023,75.545
804.31,471.68,47.974,77.073
803.28,471.82,47.279,75.956
803.64,472.34,46.54,74.77
804.03,473.35,45.534,73.153
803.33,472.34,46.173,74.18
803.48,472.5,45.729,73.467
801.96,472.38,45.342,72.845
801.2,470.88,46.421,74.578
800.65,470.65,47.048,75.586
799.91,469.96,46.912,75.367
798.54,468.42,48.37,77.71
797.4,467.77,49.097,78.878
797.74,467.8,49.245,79.114
797.03,467.39,49.278,79.168
796.41,467.57,48.869,78.51
797.26,467.86,48.693,78.228
796.03,467.79,48.859,78.495
796.33,468.12,48.856,78.49
795.94,468.03,48.731,78.29
796.46,469.72,47.162,75.768
796.24,470.38,46.932,75.399
795.67,470.19,46.807,75.198
795.44,470.19,47.535,76.368
796.27,471.61,46.1,74.062
796.23,472.09,46.529,74.752
795.68,471.8,46.827,75.23
796.15,472.93,45.814,73.603
795.34,473.04,45.946,73.815
794.89,472.56,47.126,75.711
795.17,473.24,46.612,74.885
794.2,473.2,47.327,76.034
793.75,472.46,48.357,77.688
794.08,473.22,47.845,76.865
794.41,473.72,48.094,77.265
794.73,474.93,47.903,76.958
794.5,474.29,48.364,77.7
793.84,475.32,48.091,77.262
795.63,476.47,47.57,76.424
795.89,478.2,46.74,75.091
796.31,479.6,46.358,74.477
796.03,479.36,47.319,76.021
795.13,478.21,48.616,78.104
795.58,478.54,49.141,78.948
796.21,479.93,49.023,78.758
795.14,479.16,49.806,80.016
796.28,480.08,50.021,80.362
796.55,480.95,49.265,79.146
796.89,482.62,48.791,78.386
798.63,485.69,47.486,76.289
799.92,486.83,47.296,75.984
799.15,486.41,48.636,78.137
798.86,486.59,49.478,79.49
799.7,487,50.373,80.927
799.85,487.68,50.657,81.383
800.71,489.53,49.768,79.955
802.24,493.45,47.889,76.937
801.53,492.46,49.775,79.967
802.52,494.43,49.062,78.822
803.88,497.37,47.676,76.594
804.17,498.07,48.467,77.866
804.92,500.33,47.935,77.011
804.97,500.61,49.038,78.783
805.15,502.25,48.95,78.642
805.52,502.95,49.886,80.144
806.32,505.09,49.181,79.012
808.41,509.41,47.456,76.242
809.56,510.84,47.777,76.757
809.38,511.37,48.42,77.79
810.17,513.3,48.206,77.445
811.48,515.78,47.322,76.025
811.15,516.52,48.205,77.444
812.76,519.81,48.009,77.129
811.93,520.96,48.489,77.9
813.31,523.15,48.611,78.097
813.38,524.68,49.214,79.065
813.41,526.55,49.258,79.136
814.04,528.06,49.273,79.16
813.94,530.69,49.325,79.244
814.38,532.06,49.621,79.718
814.46,534.23,49.257,79.134
815.18,536.23,49.335,79.26
814.82,539.47,48.71,78.256
816.73,543.69,48.188,77.417
817.55,546.92,47.414,76.173
817.48,550.12,47.025,75.548
817.07,551.33,47.812,76.812
818.6,556.96,45.563,73.2
820.02,559.68,44.801,71.976
821.01,564.21,43.441,69.791
820.95,566.54,42.788,68.741
822.97,569.97,41.915,67.339
822.52,573.39,41.492,66.66
822.72,575.43,42.331,68.008
821.36,577.26,42.706,68.609
822.5,580.93,42.4,68.117
821.34,580.92,43.965,70.633
820.98,582.17,45.078,72.421
821.31,584.35,45.357,72.868
820.82,585.97,45.627,73.302
820.68,587.76,46.862,75.287
822.11,590.13,46.716,75.052
821.92,592.59,46.47,74.656
822.66,594.09,46.702,75.029
822.04,596.66,46.924,75.386
821.87,597.28,47.988,77.096
821.79,598.94,48.412,77.776
822.67,602.14,48.177,77.399
823.36,605.54,47.541,76.378
825.02,609.72,46.232,74.274
823.67,610.41,47.243,75.898
823.96,610.84,48.4,77.757
824.75,614.56,48.095,77.267
824.83,616.89,48.058,77.208
824.34,617.36,49.347,79.279
824.05,619.7,49.216,79.068
824.2,621.3,49.001,78.722
824.04,623.03,49.626,79.728
823.79,624.98,50.202,80.652
824.28,626.04,50.739,81.514
825.12,629.85,49.989,80.31
824.72,631.33,50.587,81.271
825.93,635.01,49.838,80.067
826.21,637.09,50.211,80.668
825.52,638.32,50.928,81.819
824.63,638.6,52.115,83.726
825.39,641.75,51.196,82.25
825.33,643.74,51.76,83.155
826.08,645.78,51.8,83.22
825.19,647.38,52.049,83.62
826.56,650.94,51.138,82.156
827.15,655.05,49.195,79.034
828.39,659.62,47.524,76.351
827.86,661.9,47.899,76.952
827.43,663.21,48.388,77.738
827.74,664.79,48.227,77.479
827.05,666.75,48.693,78.229
826.37,667.37,49.856,80.096
827.92,672.21,47.88,76.921
826.71,672.72,49.495,79.517
827.3,674.25,49.418,79.393
827.35,675.61,50.17,80.6
826.84,677.82,50.371,80.923
827.16,679.58,50.738,81.513
828,683.1,49.584,79.659
826.15,682.79,51.165,82.2
827.21,685.08,51.441,82.643
827.4,686.68,51.296,82.41
826.76,688.32,51.871,83.333
826.19,690.52,51.359,82.511
827.9,694.65,49.684,79.82
827.4,697.21,49.185,79.018
828.69,701.23,47.967,77.062
828.19,702.34,48.03,77.162
828.5,705.66,47.366,76.096
828.24,706.16,48.128,77.321
828.48,708.17,48.303,77.602
827.8,710.13,48.564,78.021
827.94,711.8,48.236,77.494
827.37,712.89,49.222,79.078
826.18,714.08,49.38,79.332
826.64,716.24,49.152,78.965
826.6,718.64,49.613,79.707
826.25,719.95,49.276,79.164
826.04,720.65,50.341,80.876
825.57,722.09,50.878,81.739
824.66,722.08,51.951,83.462
824.45,724.6,51.784,83.194
824.94,727.38,51.079,82.062
825.38,729.36,50.847,81.689
825.63,731.71,50.341,80.876
824.01,732.1,51.502,82.741
824.87,734.12,51.096,82.089
825.4,736.81,50.367,80.917
825,739.01,49.784,79.981
825.37,741.31,49.395,79.356
825.61,743.74,48.909,78.576
824.67,744.35,49.797,80.001
825.21,747.46,48.683,78.211
824.24,748.19,49.187,79.022
824.59,751.2,48.388,77.738
824.83,753.29,47.84,76.858
825.02,756.37,46.754,75.113
824.62,757.26,47.111,75.686
824.68,759.23,47.043,75.577
823.33,759.69,48.258,77.529
822.21,760.11,48.941,78.627
822.05,761.82,48.558,78.011
820.97,762.62,49.637,79.745
820.49,764.16,49.551,79.606
819.62,764.82,50.582,81.263
818.75,764.78,51.905,83.389
818.18,765.06,52.7,84.665
818.05,766.95,52.565,84.448
817.34,767.66,53.12,85.34
817.46,770.07,52.103,83.707
817.89,771.5,52.19,83.846
817.4,773.57,51.12,82.127
817.43,776.86,49.8,80.006
817.59,777.99,50.414,80.994
816.99,780.05,49.56,79.62
816.26,781.01,49.76,79.942
816.91,783.07,49.188,79.023
816.47,785.87,48.352,77.681
815.16,787.07,48.286,77.574
814.51,787.69,49.497,79.519
815.25,789.8,48.94,78.625
813.63,790.88,49.324,79.242
814.13,792.95,48.087,77.254
813.58,794.88,48.064,77.217
813.32,796.62,47.502,76.314
813.2,798.08,47.562,76.411
811.05,799.61,47.594,76.462
811.46,800.57,47.633,76.526
809.5,801.4,48.639,78.142
809.73,803.71,47.086,75.646
809.68,805.02,47.336,76.048
808.48,805.87,47.902,76.957
807.3,806.48,48.11,77.291
807.26,808.57,47.518,76.341
807.44,810.08,46.656,74.956
806.2,810.98,46.937,75.407
804.8,811.45,47.511,76.328
805.62,814.9,45.685,73.395
804.43,815.91,45.873,73.698
804.16,818.39,45.441,73.003
803.68,818.15,46.228,74.268
802.79,818.65,47.031,75.557
801.28,817.23,48.664,78.182
800.82,817.7,49.364,79.306
800.61,818.08,49.16,78.978
799.39,819.48,49.797,80.002
799.18,819.88,50.018,80.356
798.34,820.88,50.261,80.746
798.01,821.63,50.546,81.205
797.38,822.58,49.735,79.902
798.08,825.91,48.367,77.705
797.97,827.19,47.908,76.968
797.51,828.57,47.232,75.882
797.35,829.7,47.161,75.767
798.58,831.26,46.745,75.098
798.44,832.78,45.992,73.89
797.02,832.79,46.801,75.188
797.35,833.92,46.24,74.287
795.89,833.26,47.361,76.089
796.04,834.11,46.862,75.286
797.38,835.64,46.189,74.206
796.66,836.02,46.625,74.906
796.3,836.7,45.921,73.775
796.38,836.85,46.431,74.595
796.65,838.31,45.845,73.653
797.1,839.44,45.147,72.531
797.46,839.76,45.341,72.842
796.48,839.25,46.336,74.442
797.24,839.6,46.242,74.291
796.7,839.44,46.708,75.039
796.76,839.56,46.959,75.442
797.3,840.33,46.604,74.872
796.44,840.14,47.367,76.099
796.88,841.68,45.933,73.794
796.77,842.13,46.029,73.948
796.2,841.67,46.978,75.473
795.81,841.3,47.491,76.297
796.97,842.94,45.954,73.828
796.28,842.67,46.304,74.39
795.06,842.35,47.164,75.772
795.85,843.86,45.964,73.845
795.35,843.94,45.67,73.371
795.16,844.1,45.888,73.721
795.63,844.15,46.217,74.251
795.5,845.86,44.849,72.053
795.45,846.52,44.4,71.331
794.99,846.08,44.673,71.77
794.03,846.29,44.837,72.033
794.6,846.3,44.972,72.25
793.43,846.53,44.22,71.042
794.36,846.98,43.81,70.384
794.08,847.55,43.451,69.806
793.73,847.48,43.212,69.422
793.66,847.71,43.05,69.162
793.04,847.24,42.75,68.68
792.82,847.15,43.266,69.509
792.74,847.2,42.719,68.631
791.38,847.46,43.052,69.166
791.16,847.02,42.941,68.987
789.56,846.11,43.778,70.332
790.54,846.64,43.234,69.457
790.4,846.89,42.469,68.228
790.83,847.36,41.505,66.68
790.22,848.02,40.935,65.765
790.12,848.77,40.007,64.274
789.45,848.95,39.631,63.669
788.92,848.96,39.412,63.318
787.46,847.65,40.659,65.322
787.07,847.33,40.683,65.36
785.45,847.13,40.6,65.226
786.54,847.65,40.216,64.609
786.14,847.98,39.682,63.752
784.95,846.74,40.76,65.483
784.56,846.18,40.549,65.145
784.2,846.73,40.577,65.189
784.11,847.26,39.747,63.856
783.18,847.59,38.885,62.47
784.1,848.13,38.169,61.32
783.41,849.13,37.215,59.788
784.29,849.85,35.979,57.803
782.21,848.16,37.003,59.448
781.09,847.11,37.712,60.587
780.53,846.63,37.952,60.972
781.67,846.98,37.104,59.61
779.7,845.88,37.558,60.34
780.25,845.91,36.985,59.419
778.95,845.1,37.148,59.68
779.69,845.37,36.633,58.854
778.16,845.73,36.089,57.98
778.04,844.52,36.089,57.978
777.18,843.03,37.091,59.589
776.68,841.84,38.163,61.31
776.3,841.6,37.846,60.802
776.6,842.02,36.798,59.119
775.25,839.79,37.977,61.012
774.7,839.46,37.85,60.809
774.59,838.42,38.518,61.881
775.22,838.51,37.507,60.258
774.66,838.2,37.748,60.645
773.9,836.08,37.919,60.919
774.74,836.88,37.283,59.897
773.92,835.53,38.737,62.233
772.89,832.55,39.591,63.606
773.21,832.88,39.303,63.142
772.71,831.37,39.22,63.009
773.35,831.97,38.042,61.117
772.4,829.98,39.192,62.965
773.13,830.29,38.844,62.406
773.75,830.74,37.893,60.877
773.36,829.51,38.552,61.936
773.42,829.32,37.683,60.54
773.04,828.36,38.492,61.84
773.58,828.67,37.967,60.996
773.2,826.96,38.596,62.006
773.61,827.17,38.339,61.594
773.05,825.81,39.135,62.872
773.92,825.78,39.094,62.807
773.77,823.7,40.039,64.325
774.34,824.14,39.054,62.743
775.19,824.4,38.719,62.204
775.13,823.64,39.318,63.167
775.88,823.21,39.259,63.072
777.06,823.65,39.012,62.675
777.23,823.28,38.903,62.5
778.09,823.97,38.508,61.865
779.32,824.26,37.987,61.028
779.16,824.07,37.997,61.044
779.8,824.32,37.771,60.681
780.9,824.18,37.811,60.746
781.93,824.3,37.985,61.025
782.73,824.06,37.94,60.952
783.79,824.25,38.381,61.661
784.59,823.97,38.55,61.933
785.66,824.05,38.804,62.341
786.98,825.54,37.635,60.462
786.79,824.94,38.317,61.558
787.6,824.96,38.723,62.211
789.11,826.3,37.768,60.676
789.48,825.98,38.497,61.848
791.23,825.36,39.621,63.654
791.66,825.97,39.675,63.74
792.88,825.8,39.865,64.045
794.1,827.29,39.334,63.192
794.34,826.77,40.309,64.759
795,827.61,39.845,64.014
796.84,829.15,39.227,63.02
797.69,830.26,39.17,62.929
799.47,831.31,38.957,62.587
799.44,831.27,39.732,63.832
800.58,831.87,40.42,64.936
800.73,831.91,41.253,66.275
803,834.35,40.226,64.626
804.02,835.47,40.085,64.398
804.56,836.33,40.288,64.726
805.79,837.17,40.611,65.243
806.78,837.79,41.155,66.117
808.06,838.67,41.717,67.021
808.39,839.32,42.058,67.569
809.8,840.15,42.175,67.756
812.74,842.67,40.909,65.722
813.82,843.84,41.236,66.249
815.15,846.49,40.503,65.07
818.34,848.75,39.638,63.68
818.86,849.49,39.993,64.251
819.45,850.35,40.037,64.321
820.88,851.36,40.103,64.427
822.43,852.43,40.3,64.745
823.54,853.27,41.229,66.236
825.34,855.12,41.221,66.223
827.42,857.24,40.272,64.699
828.97,858.27,40.538,65.126
830.81,860.48,39.88,64.069
832.84,863.63,39.43,63.346
834.56,866.58,39.254,63.064
838.85,871.33,38.478,61.817
839.87,872.01,37.921,60.923
840.03,871.99,38.213,61.392
842.11,871.57,37.664,60.509
842.72,871.89,37.03,59.491
843.32,871.65,38.042,61.116
844.81,872.04,38.551,61.935
846.59,873.18,38.47,61.804
848.33,875.09,38.359,61.625
849.4,874.47,39.669,63.73
849.95,874.75,40.628,65.272
851.6,876.02,40.452,64.989
853.92,877.16,41.097,66.024
853.63,877.74,41.751,67.075
854.97,878.72,41.944,67.385
857.17,880.18,41.558,66.766
859.12,881.98,41.245,66.262
860.86,883.23,41.111,66.047
862.61,885.18,40.367,64.851
863.28,885.44,41.075,65.989
864.06,886.7,40.891,65.694
866.72,887.99,41.689,66.976
867.31,888.44,42.109,67.651
870.61,890.61,41.226,66.232
871.11,892.04,40.989,65.852
872.62,893.2,40.861,65.646
874.54,895.43,40.363,64.846
875.33,895.29,40.988,65.85
876.61,896.16,40.602,65.23
878.39,897.53,40.486,65.043
880.01,899.09,39.999,64.261
880.92,900.24,39.922,64.137
883.36,901.28,39.437,63.357
883.1,901.89,39.39,63.282
884.51,902.15,39.988,64.243
885.36,902.33,40.531,65.115
888.8,903.63,39.759,63.876
888.91,903.85,40.292,64.732
889.95,904.41,40.472,65.021
891.44,904.71,40.818,65.576
893.94,905.84,40.354,64.832
894.09,906.51,40.036,64.32
895.3,907.03,39.728,63.825
896.17,907.27,39.85,64.022
898.01,908.37,39.099,62.816
899.39,908.62,39.045,62.728
899.58,908.18,39.383,63.27
901.21,908.29,39.794,63.932
902.76,909.34,39.244,63.048
903.88,909.6,39.103,62.822
904.51,909.19,39.709,63.794
905.98,909.16,39.691,63.766
906.76,908.79,40.092,64.41
908.09,908.6,40.091,64.409
908.51,908.47,40.215,64.607
910.65,908.85,40.55,65.147
911.84,908.86,40.494,65.056
912.83,908.87,40.219,64.614
913.3,907.63,40.658,65.32
914.62,907.38,40.687,65.366
915.98,906.88,40.811,65.564
917.8,907.36,40.378,64.87
918.74,907.29,40.374,64.863
920.29,907.53,39.622,63.655
922,907.41,39.494,63.449
923.27,908.15,39.51,63.476
924.42,907.17,39.777,63.904
924.35,905.7,40.271,64.698
925.85,905.63,40.287,64.723
927.15,904.09,40.668,65.335
928.87,903.25,40.254,64.67
929.43,903.83,40.426,64.946
931.18,902.78,40.001,64.263
932.22,902.94,39.256,63.067
933.36,902.89,39,62.656
934.28,901.98,39.377,63.261
935.43,900.76,38.939,62.558
937.13,900.17,39.177,62.941
937.82,899.75,39.425,63.338
938.91,897.8,39.7,63.781
939.99,897.31,39.482,63.43
941.1,896.71,39.672,63.735
941.41,894.96,39.923,64.139
942.47,894.8,40.123,64.46
943.67,893.92,40.484,65.04
944.51,893.28,40.19,64.567
945.35,891.54,40.061,64.36
946.05,890.92,39.676,63.742
946.13,889.21,39.927,64.145
947.89,889.13,39.724,63.819
947.76,886.75,39.765,63.884
949.12,886.93,39.534,63.513
950.38,885.78,39.156,62.906
951.01,883.72,39.369,63.249
951.01,882.54,39.416,63.323
952.17,881.28,39.151,62.898
952.67,880.48,39.012,62.675
952.9,878.75,38.854,62.421
954.76,877.18,38.811,62.353
955.42,875.91,38.485,61.828
956.47,874.51,38.254,61.456
957.1,873.53,38.187,61.35
958.4,871.24,38.285,61.507
959.35,870.1,38.232,61.422
960,867.89,38.462,61.791
960.65,866.66,38.362,61.63
961.16,863.95,38.513,61.873
962.5,862.56,38.561,61.95
963.64,861.2,38.828,62.38
964.52,858.3,38.951,62.578
965.49,856.85,39.083,62.789
965.46,854.51,39.115,62.84
966.67,852.85,39.398,63.295
967.52,850.28,39.265,63.081
969.56,849.55,39.018,62.685
970.23,846.8,38.721,62.207
971.22,845.12,39.089,62.799
972.75,843.25,38.684,62.149
973.45,841.57,38.797,62.33
975.07,840.05,38.864,62.437
976.46,837.42,38.783,62.307
977.58,835.54,38.473,61.809
979.49,834.37,38.452,61.775
979.98,832.02,38.564,61.955
981.95,830.13,38.592,62.001
983.92,827.85,38.202,61.374
985.92,825.82,37.669,60.517
986.72,824.33,37.348,60.002
987.31,822.94,37.552,60.33
990.11,820.58,37.051,59.525
990.98,817.45,37.238,59.825
992.3,816.63,36.968,59.391
992.77,815.17,36.838,59.182
994.12,813.44,36.937,59.341
996.19,810.57,36.887,59.261
996.7,807.85,37.159,59.699
997.79,804.65,37.034,59.497
998.21,802.79,36.753,59.046
999.01,800.68,36.711,58.979
999.98,798.17,36.877,59.244
1000.9,795.78,36.781,59.091
1001.7,793.3,36.704,58.967
1001.2,790.66,36.84,59.186
1002.6,787.95,36.899,59.28
1002.5,785.17,37.149,59.683
1003.4,782.35,37.342,59.992
1003,779.78,37.246,59.838
1004.4,777.93,36.941,59.348
1004.1,775.41,36.824,59.16
1004.7,772.33,37.063,59.543
1003.9,769.27,37.239,59.826
1004.7,766.93,37.033,59.496
1003.8,764.22,37.031,59.493
1004.1,762.04,36.874,59.24
1008,758.73,36.821,59.156
1004.4,756.18,36.828,59.167
1008.6,751.85,36.797,59.117
1005.7,751.49,36.529,58.685
1009.4,748.37,36.428,58.524
1008.5,746.4,36.228,58.202
1006.8,742.81,36.114,58.02
1007.2,739.53,36.22,58.19
1007,736.35,36.121,58.031
1006.8,735.5,35.787,57.494
1005,732.84,35.405,56.88
1004.4,729.46,35.427,56.916
1004,725.76,35.715,57.378
1001.1,723.99,35.359,56.807
1000.6,719.99,35.478,56.997
1000.7,719.18,35.699,57.353
996.84,718.02,35.773,57.471
996.02,712.09,35.772,57.47
988.71,712.91,36.021,57.87
983.92,708.53,35.582,57.164
983.92,705.85,35.555,57.121
983.23,706.84,35.432,56.923
981.72,701.09,35.164,56.493
978.5,699.71,35.366,56.818
976.69,696.47,35.086,56.367
981.39,690.89,35.678,57.319
974.51,691.75,35.472,56.988
968.98,687.85,35.682,57.324
970.78,687.26,35.751,57.435
971.64,683.21,35.908,57.687
967.9,682.01,35.929,57.722
964.33,678.16,35.892,57.662
961.66,675.26,35.777,57.478
962.14,670.07,35.664,57.297
962.27,669.44,35.74,57.418
959.78,667.74,36.055,57.924
960.07,662.81,36.182,58.129
957.07,661.1,36.269,58.268
956.65,656.18,36.142,58.065
952.22,655.71,35.963,57.777
952.72,653.88,36.291,58.303
952.29,649.18,36.521,58.673
951.25,645.9,36.787,59.101
948.26,642.41,36.432,58.531
945,641.69,36.278,58.283
944.63,638.86,36.24,58.222
944.04,636.58,36.378,58.444
941.12,635.03,36.658,58.894
941.05,630.68,36.571,58.753
940.72,627.88,36.963,59.383
939.76,623.7,37.046,59.517
938.39,620.71,36.982,59.414
937.33,621.23,37.111,59.621
936.06,614.88,37.21,59.779
934.9,612.86,37.316,59.95
933.5,608.84,36.945,59.354
932.75,605.91,36.309,58.332
932.52,602.34,35.799,57.513
931.83,602.79,36.005,57.844
930.75,598.2,35.87,57.627
930.63,594.64,35.533,57.085
929.28,592.21,35.629,57.241
928.78,590.35,35.665,57.297
927.55,587.09,35.633,57.246
927.88,585.72,35.806,57.524
927.46,585.25,35.97,57.788
926.15,581.32,36.019,57.867
924.32,576.92,36.119,58.028
923.74,574.12,36.753,59.046
923.2,571,36.567,58.747
923.2,568.33,36.773,59.078
921.37,564.85,37.126,59.645
921.99,563.18,37.324,59.963
921.16,560.06,37.507,60.256
921.63,557.31,37.744,60.638
920.43,554.24,37.909,60.903
920.74,552.56,37.976,61.011
920.05,548.35,38.225,61.411
920.71,546,38.225,61.411
920.17,543.7,38.455,61.78
919.36,541.11,38.411,61.709
920.13,537.71,38.952,62.579
919.97,534.96,39.196,62.971
921.02,533.27,38.984,62.63
919.89,530.73,39.24,63.041
920.81,529.75,38.717,62.201
920.62,527.18,38.488,61.834
920.96,525.68,38.275,61.492
921.66,523.83,37.749,60.646
921.14,521.5,37.862,60.828
922.43,519.78,37.255,59.852
922.19,517.93,37.121,59.637
922.91,515.08,37.231,59.814
923.68,513.37,37.243,59.833
924.13,512.33,36.414,58.5
923.23,509.77,36.84,59.185
924.31,508.42,36.713,58.982
924.06,506.38,36.721,58.995
923.82,506.15,37.007,59.453
924.56,505.59,37.183,59.736
925.17,504.68,36.973,59.399
925.21,502.09,36.911,59.3
926.04,500.67,37.03,59.491
925.7,498.26,37.346,59.999
925.91,496.35,37.644,60.477
926.52,494.44,37.744,60.638
926.36,492.53,37.45,60.165
926.6,489.8,38.187,61.349
928.21,488.3,37.725,60.607
927.72,486.42,38.034,61.103
928.33,485.81,37.363,60.026
928.19,483.83,38.143,61.279
929.36,483.35,37.611,60.425
930.77,482.74,37.324,59.964
930.43,481.02,37.137,59.663
931.36,480.77,36.982,59.413
931.41,479.03,36.801,59.122
