1117,258,133,151
1118.1,263.14,130.82,148.52
1118.2,266.63,129.24,146.73
1118.3,273.94,129.62,147.17
1118.3,277.48,129.35,146.85
1119,284.86,130.87,148.58
1118.5,287.42,130.31,147.94
1118.8,294.76,131.56,149.37
1118.9,297.81,132.08,149.95
1118.4,302.02,131.18,148.94
1118.2,307.68,130.84,148.54
1118.1,312.9,131.24,149
1118.2,318.06,131.03,148.76
1118.7,324.17,131.35,149.12
1120,328.54,131.46,149.25
1119.8,333.99,132.28,150.18
1119.2,338.04,131.21,148.97
1119,343.33,131.37,149.16
1119.4,350.01,133.82,151.93
1119.8,353.69,133.46,151.53
1119.3,357.17,133.18,151.21
1118.2,362.5,133.41,151.47
1115.3,367.36,133.57,151.65
1112.6,373.59,133.62,151.71
1098.9,377.59,133.86,151.97
1096.7,385.57,137.35,155.94
1082.9,388.63,135.14,153.43
1073.7,394.44,135.02,153.3
1064.4,398.81,135.88,154.27
1067.9,405.73,137.53,156.14
1045.2,410.04,135.69,154.05
1033.6,414.92,134.4,152.59
1020.6,420.63,135.58,153.93
1007.3,426.64,134.95,153.22
993.54,433.31,136.63,155.12
978.72,437.79,137.34,155.93
964.15,444.45,137.26,155.84
949.27,449.71,137.47,156.08
935.29,455.76,137.64,156.27
922.8,461.37,138.23,156.93
913.59,465.49,137.05,155.6
912.03,470.88,136.34,154.79
912.2,479.37,138.58,157.34
912.29,482.22,137.98,156.66
912.24,483.69,137.38,155.97
915.17,495.02,136.85,155.37
914.83,496,135.7,154.07
913.72,482.18,137.17,155.73
913.69,478.3,137.91,156.58
913.78,473.14,138.35,157.07
914.49,466.63,137.86,156.52
914.6,459.06,138.53,157.27
915.75,453.4,139.21,158.06
915.67,443.96,138.51,157.26
916.42,438.54,139.58,158.47
916.33,428.98,138.96,157.77
917.23,423.78,139.49,158.37
917.38,414.97,139.24,158.09
918.26,434.28,139.7,158.61
937.45,403.86,141.35,160.48
952.22,397.81,141.42,160.55
966.82,391.35,140.03,158.98
983.68,387.59,140.73,159.78
998.27,380.1,140.74,159.79
1012.5,375.07,140.53,159.55
1025.3,369.25,140.64,159.67
1037.5,363.58,140.45,159.45
1048.6,357.81,141.03,160.12
1061,353.41,141.86,161.06
1071.2,346.91,141.39,160.52
1082.9,342.96,141.18,160.28
1095.4,339.72,142.3,161.55
1106.8,336.16,142.89,162.23
1116.8,332.55,142.18,161.43
1127.9,331.39,142.9,162.24
1132.9,329.73,142.68,161.99
1137.5,328.62,143.01,162.36
1139.1,327.99,142.9,162.24
1139.7,327.04,142.97,162.31
1140.4,325.46,143.12,162.49
1140.8,323.22,143.24,162.63
1142.5,322.09,144.21,163.73
1142.2,318.4,144.32,163.85
1143.2,316.15,145.04,164.67
1143,312.67,144.94,164.55
1143.5,309.69,144.71,164.29
1144.7,308.58,144.82,164.42
1145.4,305.49,145.29,164.95
1145.2,301.7,145.21,164.86
1145.2,299.68,145.1,164.74
1145.7,297.51,145.2,164.85
1146.6,295.18,144.93,164.55
1147.2,292.66,144.96,164.58
1147.3,289.83,145.43,165.11
1147.6,286.98,145.97,165.73
1149.2,285.91,146.51,166.34
1149.2,282,145.94,165.7
1150.2,279.94,146.71,166.57
1151.2,277.45,146.77,166.63
1151.5,274.15,147.3,167.23
1151.2,269.75,147.04,166.94
1152.3,268.65,147.68,167.67
1152.5,264.39,147.63,167.61
1152.7,261.64,147.24,167.17
1154.1,259.44,148.37,168.46
1155.1,256.24,148.4,168.49
1155.8,253.47,148.32,168.4
1156.1,250.59,148.73,168.86
1156.1,246.78,148.16,168.21
1157.2,244.78,148.56,168.66
1157.1,240.6,148.17,168.22
1158.5,238.74,148.65,168.77
1158.3,234.39,148.46,168.55
1158.8,231.14,148.78,168.92
1159.6,227.97,148.84,168.99
1160.3,224.87,149.28,169.49
1162.1,222.83,150.05,170.36
1162.4,218.39,149.97,170.27
1163,215.13,149.95,170.25
1164.1,212.65,149.34,169.55
1165.4,210.7,150.56,170.94
1166.8,208.13,150.32,170.66
1167.8,205.27,150.39,170.75
1168.3,201.85,151.36,171.85
1168.9,198.1,149.77,170.03
1169.9,195.13,149.88,170.17
1171.5,192.71,148.9,169.05
1172.3,189.54,149.28,169.48
1173.8,188.57,151.09,171.54
1174.8,184.33,149.89,170.17
1175.7,181.21,149.93,170.22
1176.6,178.29,150.69,171.08
1178,177.05,152.55,173.19
1179.8,173.15,150.6,170.98
1181.2,172.14,151.72,172.26
1182.8,169.46,151.31,171.78
1183.8,165.96,150.04,170.34
1185.1,164.35,149.81,170.09
1185.9,162.18,150.29,170.64
1187.6,160.77,151.89,172.45
1188.7,157.19,153,173.71
1190.7,155.05,152.23,172.83
1191.5,151.4,151.74,172.27
1193.4,151.96,153.38,174.14
1194.2,147.76,152.61,173.26
1196.3,147.75,153.41,174.17
1197.3,143.36,153.17,173.9
1199,143.76,154.9,175.86
1200.5,139.74,153.66,174.46
1201.7,138.2,154.2,175.07
1204.6,139.6,154.33,175.22
1206.3,136.63,154.47,175.38
1207.2,133.1,154.05,174.9
1209.5,134.67,155.35,176.37
1209.2,131.71,155.69,176.76
1206.8,129.31,155.01,175.99
1207.9,130.84,156.05,177.16
1204.4,126.77,154.86,175.82
1204,127.82,155.72,176.8
1201.9,125.5,156.42,177.59
1202.5,126.54,156.4,177.57
1198.3,124.56,156.87,178.1
1188.2,124.04,157.02,178.27
1183.6,122.16,156.46,177.63
1178.9,122.68,157.17,178.44
1160.6,121.71,157.24,178.52
1144.6,121.84,158.5,179.95
1128.9,122.49,159.11,180.64
1108.3,119.55,157.89,179.26
1093.5,121.69,159.62,181.22
1078.2,121.66,160.02,181.68
1053.4,120.58,160.07,181.73
1033.7,120.08,159.95,181.6
1016.8,120.64,160.67,182.41
998.82,119.03,159,180.52
986.1,121.34,160.54,182.27
972.02,119.13,159.62,181.22
969.72,121.05,158.51,179.96
965.44,122.52,158.79,180.28
966.67,125.18,158.89,180.4
967.35,126.56,158.94,180.45
968.62,128.21,159.22,180.77
969.13,130.86,158.91,180.42
972.29,133.64,157.86,179.23
973.75,135.87,158.1,179.49
975.28,138.88,158.39,179.82
978.02,142.99,157.74,179.09
982.98,146.56,157.31,178.6
984.37,149.99,156.97,178.22
985.76,153.8,156.07,177.2
986.96,154.43,155.38,176.41
992.39,167.02,157.67,179.01
994.29,169.76,158.19,179.6
996.17,174.07,157.39,178.69
999.16,178.3,158.01,179.4
999.9,182.74,157.92,179.29
1002.3,188.18,157.3,178.59
1004.6,191.72,158.22,179.64
1007.1,196.93,157.76,179.12
1011.2,201.69,157.63,178.97
1013.4,206.1,158.38,179.81
1014.8,210.73,158.57,180.03
1017.5,216.01,158.62,180.09
1021,220.14,158.77,180.26
1023,225.36,158.74,180.22
1025.5,229.58,158.64,180.11
1028.1,233.71,158.85,180.35
1030.8,237.69,158.93,180.44
1033.4,242.55,158.92,180.43
1035.9,246.58,159.96,181.6
1038.3,252.26,160.05,181.71
1040.5,256.39,160.17,181.84
1043.1,259.61,160.96,182.74
1046,264.87,161.21,183.02
1048.9,269.01,161.07,182.87
1052,274.17,160.63,182.37
1053.4,277.34,160.27,181.97
1056.6,281.57,160.32,182.02
1059.8,286.37,161,182.79
1062.9,290.36,161.74,183.63
1065.7,296.01,161.88,183.79
1069,300.01,162.34,184.31
1073,304.35,162.29,184.25
1076.8,309.43,162.07,184
1080.6,314.16,162.02,183.95
1083.1,318.28,162.59,184.59
1086.9,323.43,162.58,184.58
1086.6,327.1,162.7,184.72
1082.9,330.15,162.9,184.94
1081,334.72,163.17,185.25
1077.5,339.03,163.59,185.74
1076.2,344.06,163.67,185.82
1070.4,348.2,164.36,186.61
1063.6,350.7,164.53,186.79
1060.7,356.76,165.03,187.37
1050.6,359.23,164.72,187.01
1049.1,365.59,165.15,187.5
1037.5,367.59,165.54,187.95
1031.5,371.61,165.58,187.99
1027.9,377.66,165.98,188.44
1019.1,381.31,165.9,188.35
1010.2,384.49,166.11,188.59
1002.7,388.68,165.94,188.39
994.23,392.92,166.02,188.48
987.29,397.94,165.62,188.03
979.24,401.54,165.4,187.79
969.49,405.08,165.13,187.47
962.43,409.04,165.43,187.82
955.86,412.84,165.39,187.77
949.12,416.86,165.4,187.78
943.48,421.69,165.58,187.99
938.18,427.1,165.41,187.8
929.91,429.97,164.7,186.99
925.6,435.61,166.03,188.5
916.33,439.91,166.37,188.89
909.61,443.05,166.22,188.72
902.95,446.8,166.2,188.7
896.81,450.57,166.69,189.25
889.94,452.82,166.3,188.8
884.93,452.3,167.11,189.73
878.69,450.49,168.74,191.57
869.85,441.87,167.1,189.72
870.02,441.78,168.34,191.12
864.91,432.81,169,191.88
860.47,423.87,167.87,190.59
857.28,414.3,167.93,190.65
853.97,405.14,168.13,190.88
852.48,397.46,169.12,192
851.01,387.11,169.34,192.26
848.28,376.06,169.72,192.69
844.01,364.45,169.44,192.37
845.94,355.29,168.75,191.59
841.94,342.88,168.67,191.5
839.91,331.55,169.06,191.94
838.86,320.92,168.8,191.64
837.91,309.34,169.11,192
838.05,299.88,169.95,192.95
835.68,286.87,170.64,193.74
837.04,277.45,171.57,194.79
834.66,265.62,172.18,195.48
836.45,258.91,172.74,196.11
837.24,250.58,172.9,196.3
835.99,242.72,173.68,197.18
841.84,241.99,174.81,198.47
844.55,240.6,176.27,200.13
849.82,243.22,176.45,200.33
855.07,248.19,176.15,199.99
860.91,251.7,176.6,200.5
866.85,257.18,176.47,200.35
872.16,261.87,176.47,200.35
878.01,266.33,176.84,200.77
886.54,273.75,178.16,202.27
890.68,277.4,177.14,201.12
897.42,282.83,177.05,201.01
902.85,287.31,176.9,200.84
906.76,290.85,177.88,201.95
907.96,292.06,177.82,201.88
913.14,295.56,176.92,200.86
915.88,299.29,178.67,202.85
917.71,302.92,179.1,203.34
917.49,304.44,179.98,204.33
919.93,309.11,179.38,203.66
918.42,310.92,178.41,202.56
917.7,314.4,179.34,203.61
913.09,314.01,180.03,204.4
909.23,315.53,180.14,204.52
904.84,315.33,180.35,204.75
897.39,313.39,181.32,205.86
889.94,310.82,180.55,204.98
885.52,310.82,181.48,206.04
878.75,309.55,181.28,205.81
872.3,306.37,180.12,204.5
868.09,306.67,180.56,204.99
861.2,304.29,182.01,206.64
854.85,302.82,182.15,206.81
848.87,301.32,182.69,207.42
840.8,297.3,182.84,207.58
834.86,296.49,182.1,206.74
829.21,296.45,183.93,208.82
819.84,293.3,183.13,207.91
815.35,294.3,184.07,208.98
807.76,290.69,183.94,208.83
801.81,290.31,182.34,207.02
794.74,288.57,183.36,208.17
790.44,289.54,183.2,207.99
784.2,288.52,183.37,208.19
778.1,287.06,184.23,209.17
769.58,283.87,185.11,210.16
766.61,284.94,185.02,210.06
762.88,284.02,184.81,209.82
759.56,283.66,184.22,209.15
753.66,280.14,183.85,208.73
749.73,278.85,184.32,209.27
744.94,277.1,185.95,211.12
741.32,276.92,185.76,210.9
738.53,276.83,185.55,210.66
736.08,275.86,185.92,211.08
734.1,276.13,185.23,210.29
732.51,277.47,186.03,211.21
729.54,276.55,185.84,210.99
727.96,277.34,185.45,210.55
726,277.06,186.46,211.7
726.12,279.35,187.01,212.32
724.54,278.8,186.41,211.64
724.61,281.11,186.46,211.69
724.7,282.49,186.36,211.58
722.78,282.84,187.25,212.59
720.18,281.61,188.31,213.8
719.77,284.02,189.34,214.97
719.47,285.72,188.87,214.44
717.6,284.87,188.76,214.31
717.35,286.41,188.21,213.69
719.01,289.59,188.14,213.6
718.34,291.61,188.9,214.47
716.97,291.97,188.54,214.06
716.69,293.51,189.08,214.66
717.41,295.36,189,214.58
717.3,296.97,189.51,215.16
719.25,300.11,189.76,215.44
719.31,301.47,190.37,216.13
718.99,301.54,189.57,215.23
720.68,305.08,190.13,215.86
719.42,306.24,190.53,216.31
720.06,307.7,190.67,216.48
721.61,310.14,190.55,216.34
722.69,311.78,190.88,216.72
724.91,316.25,191.13,217
727.81,318.89,191.45,217.36
729.03,321.03,191.82,217.78
728.78,322.34,191.94,217.92
730.89,324.81,191.07,216.92
734.17,328.89,192,217.98
734.2,329.78,191.95,217.93
736.64,332.3,191.67,217.62
738.19,334.22,191.98,217.96
740.1,336.06,192.78,218.87
744.24,340.2,193.51,219.7
744.3,341.94,193.66,219.87
747.55,344.48,192.91,219.02
751.05,348.45,193.91,220.15
751.9,349.36,194.22,220.51
754.97,353.28,194.85,221.22
755.47,354.65,194.54,220.87
758.44,358.44,194.73,221.08
761.05,360.81,194.91,221.28
759.95,361.26,195.69,222.18
763.12,365.81,195.5,221.96
763.4,366.56,195.57,222.04
765.78,369.21,195.46,221.91
766.45,371.39,196.18,222.73
770.51,375.51,196.16,222.71
772.46,377.68,196.38,222.95
772,378.5,197.43,224.15
775.73,382.63,197.8,224.57
777.14,384.88,198.31,225.15
776.74,386.33,199.38,226.37
780.1,390.23,199.51,226.51
780.45,391.47,199.61,226.63
781.57,394.23,199.4,226.38
785.29,398.29,200.04,227.11
785.21,399.5,200.32,227.43
789.29,403.74,200.82,228
791.19,406.28,201.4,228.65
791.23,408.22,201.04,228.24
794.95,412.31,201.58,228.87
795.39,413.94,201.61,228.89
796.86,416.79,201.82,229.13
799.11,419.84,201.5,228.78
800.94,423.39,201.35,228.61
803.11,427.6,200.58,227.72
806.39,431.74,201.24,228.47
806.3,433.3,201.33,228.58
807.1,436.19,201.47,228.73
808.59,439.58,201.47,228.73
809.77,441.93,201.82,229.14
811.53,444.28,202.02,229.36
813.09,448.64,202.92,230.39
811.75,449.95,202.61,230.03
813.96,454.26,203.34,230.85
812.77,455.45,203.11,230.6
813.31,457.74,202.98,230.45
813.21,460,203.12,230.61
813.15,463.04,203.32,230.84
812.76,465.4,203.76,231.34
814.68,469.69,204.12,231.74
814.6,472.92,204.44,232.11
811.04,474.03,205.03,232.78
812.09,477.4,205.77,233.62
812.16,479.58,206.2,234.1
809.8,480.89,205.45,233.26
811.16,484.14,205.77,233.62
810.01,486.64,206.05,233.94
806.35,488.19,206.21,234.12
805.96,490.89,206.03,233.92
806.1,493.43,205.97,233.84
805.1,495.66,206.05,233.93
804.32,498.01,206.47,234.42
804.97,500.57,206.54,234.5
804.4,502.88,206.5,234.44
803.3,505.54,206.37,234.3
804.45,507.9,205.6,233.42
805.2,511.13,206.4,234.33
803.71,512.73,206.45,234.39
805.16,513.81,205.82,233.67
807.35,514.78,206.57,234.53
805.93,515.26,206.92,234.92
808.83,517.1,206.7,234.68
809.29,517.93,207.53,235.62
807.93,516.61,207.66,235.77
808.7,516.64,207.3,235.35
811.85,517.88,208,236.15
810.88,516.54,208.46,236.67
812.75,517.53,208.99,237.27
811.6,517.35,208.52,236.74
814.78,517.5,209,237.29
813.44,515.57,210.26,238.71
815.66,515.18,211.35,239.96
817.24,514.92,212.4,241.15
820.56,513.81,210.38,238.85
822.88,513.82,210.59,239.09
822.69,511.79,212.03,240.72
825.72,512.9,212.79,241.58
827.98,511.75,209.99,238.41
829.89,512.88,210.82,239.35
832.82,512.56,209.34,237.67
835.62,512.26,208.78,237.04
838.32,511.02,212.32,241.05
839.69,509.7,211.9,240.58
841.28,509.25,213.09,241.92
840.66,508.76,216.32,245.6
840.13,506.06,217,246.37
842.69,506.99,217.38,246.8
843.71,502.96,218.46,248.02
841.76,499.83,215.86,245.07
844.82,498.67,215.54,244.72
845.23,496.61,216.96,246.32
845.24,495.62,215.47,244.63
844.21,493.84,216.7,246.03
840.61,493.37,214.36,243.37
841.96,492.1,212.8,241.6
840.72,492.54,210.87,239.4
841.22,491.72,210.88,239.42
840.01,491.64,211.25,239.84
840.92,491.23,211.17,239.75
841.44,491.56,210.98,239.54
839.64,492.58,211.72,240.37
840.26,493.22,213.86,242.81
840.72,493.78,214.12,243.1
838.04,492.4,213.99,242.95
840.24,493.31,212.99,241.81
841.77,498.4,212.24,240.97
841.66,499.05,211.28,239.87
843.8,502.94,209.82,238.21
845.15,508.99,211.4,240.01
847.93,516.45,211.05,239.61
848.63,521.88,210.77,239.3
851.25,529.49,209.07,237.37
852.75,536.67,209.82,238.22
854.93,547.01,211.29,239.89
858.01,551.63,210.14,238.58
861.06,561.02,211.65,240.29
865.13,568.37,211.21,239.79
866.15,573.62,209.83,238.23
872.07,581.69,208.63,236.86
873.67,587.58,209.61,237.98
875.66,593.87,207.16,235.19
879.49,601.91,207.8,235.93
881.92,606.47,206.81,234.8
885.45,613.91,207.12,235.15
888.44,620.08,207.25,235.3
890.82,624.91,208.02,236.17
892.25,630.63,205.88,233.74
894.6,636.2,204.42,232.09
896.59,641.06,203.32,230.84
898.39,646.18,203.1,230.58
901.17,651.96,201.55,228.83
902.32,655.85,202.22,229.59
904.13,660.54,203.58,231.14
905.89,664.32,203.26,230.77
905.94,666.3,203.26,230.77
906.29,669.21,203.1,230.58
907.25,672.33,203.51,231.05
910.27,676.74,203.55,231.1
911.94,679.21,204.07,231.68
912.67,681.67,204.37,232.03
911.64,683.13,203.53,231.07
912.06,686.46,204.91,232.64
909.59,686.17,205.71,233.55
910.45,688.31,206.67,234.64
909.44,691,207.78,235.9
907.85,691.65,207.07,235.1
909.13,693.93,207.8,235.92
906.74,693.82,208.13,236.3
905.77,695.98,207.41,235.49
905.08,696.82,206.7,234.68
904.93,699.32,207.79,235.91
901.28,697.58,207.76,235.88
900.73,697.13,208.13,236.3
900.4,696.93,208.18,236.35
900.41,700.43,208.17,236.35
899.41,700.8,208.28,236.47
899.16,700.35,208.38,236.58
898.48,699.59,208.5,236.72
897.35,700.08,208.57,236.8
896.63,698.24,208.78,237.04
895.77,697.73,209.24,237.56
893.59,694.89,209.53,237.88
893.12,693.4,209.33,237.66
892.87,690.82,209.81,238.21
893.94,692.41,210.69,239.2
892.26,688.95,211.31,239.9
892.12,687.13,211.06,239.62
892.78,685.68,211.3,239.9
892.31,685.44,211.57,240.2
893.73,686.53,210.72,239.24
892.46,683.14,209.02,237.31
893,680.19,209.06,237.35
893.48,680.6,208.02,236.17
892.76,678.43,208.05,236.2
894.6,675.33,209.97,238.39
897.38,675.07,209.64,238.01
892.69,671.91,210.19,238.63
894.12,671.13,210.15,238.59
895.87,669.83,209.84,238.24
896.32,664.63,210.98,239.54
894.26,660.77,211.55,240.18
897.77,661.11,211.78,240.44
899.88,659.75,211.46,240.08
899.71,658.59,211.9,240.57
899.86,656.96,212.98,241.8
897.21,653.06,213.8,242.73
902.93,653.61,213.58,242.49
904.54,652.49,213.66,242.58
906.31,651.44,213.13,241.97
907.03,649.81,213.3,242.17
908.28,648.19,213.3,242.17
909.42,647.1,213.97,242.93
909.4,644.83,214.29,243.29
910.34,643.24,214.35,243.35
911.74,641.81,214,242.97
912.49,638.65,214.05,243.02
915.11,636.42,214.3,243.3
916.78,633.43,214.16,243.14
917.81,630.89,214.94,244.03
919.19,627.6,215.64,244.82
922.52,625.52,216.77,246.11
921.87,619.52,217.72,247.18
926.01,618.52,218.44,248.01
925.2,613,218.74,248.35
926.89,608.36,218.38,247.94
929.05,604.64,218.24,247.77
930.96,600.7,219.1,248.75
933.65,598.12,220.31,250.13
934.57,589.79,219.64,249.37
936.76,587.79,221.08,251
937.92,582,223.22,253.43
937.98,576.35,224.55,254.94
938,568.85,224.04,254.36
938.08,564.08,224.63,255.04
940.55,558.1,225.09,255.55
946.34,557.41,225.13,255.6
949.03,556.03,226.07,256.67
951.36,554.12,224.65,255.05
955.43,552.07,222.8,252.95
958.84,550.5,222.72,252.86
961.8,550.02,223.32,253.55
967.45,552.59,224.65,255.05
968.76,551.32,224.76,255.17
970.75,552.11,225.48,255.99
975.6,557.58,226.19,256.8
978.52,560.05,225.78,256.34
981.85,562.95,225.5,256.02
987.98,570.68,225.63,256.16
991.5,577.78,225.76,256.32
995.73,584.19,225.43,255.93
999.61,589.24,225.9,256.47
1001.2,593.79,225.8,256.36
1005.6,601.76,224.98,255.42
1011.1,609.95,226.36,257
1015,618.31,226.48,257.14
1019.3,624.99,226.17,256.78
1022.7,632.79,224.95,255.4
1027.3,641.27,226.72,257.41
1028.3,646.63,227.39,258.17
1033.3,656.22,226.18,256.79
1034.7,665.2,224.1,254.43
1037.7,672.24,222.41,252.51
1039.9,679.05,222.51,252.62
1043,688.31,222.24,252.31
1044,695.69,222.15,252.21
1044.2,702.78,222.53,252.64
1043.8,709.19,223.01,253.19
1044.9,719.75,223.96,254.27
1041.1,723.94,225.04,255.5
1042.2,733.47,224.89,255.33
1040.3,736.91,225.08,255.54
1036.6,742.87,225.42,255.93
1034.9,748.48,225.46,255.97
1031.2,753.37,225.71,256.26
1026.7,757.67,225.52,256.05
1022.6,761.58,224.59,254.99
1016.2,763.57,223.88,254.18
1010.4,766.04,223.11,253.3
1007,771.69,224.36,254.73
998.88,773.78,222.3,252.38
993.98,776.4,220.97,250.88
988.75,779.53,222.28,252.36
979.42,779.45,220.08,249.86
971.77,780.62,220.24,250.05
965.28,781.65,219.3,248.98
960.5,782.47,221.32,251.27
953.09,783.04,221.86,251.88
940.96,779.86,221.01,250.92
936.58,780.89,221.51,251.49
929.61,781.91,221.87,251.9
915.34,779.39,220.76,250.64
908.9,779.96,220.4,250.23
901.65,779.61,220.48,250.31
889.69,780.67,217.42,246.84
885.35,781.16,218.73,248.33
871.93,779.67,217.16,246.55
866.86,780.61,217.69,247.16
857.36,779.9,218.82,248.44
844.46,778.26,216.75,246.09
838.04,778.69,216,245.24
829.7,776.04,217.15,246.54
822.22,776.11,218.25,247.79
809.14,773.64,217.04,246.41
804.21,774.41,217.87,247.36
792.6,772.09,216.74,246.08
783.46,769.34,218.23,247.77
777.45,767.17,218.54,248.11
776.56,765.01,217.15,246.53
783.26,763.08,218.67,248.26
789.88,757.69,218.38,247.93
805.7,754.15,216.84,246.19
817.9,750.64,215.77,244.97
834.45,749.01,217.35,246.77
846.03,744.82,216.34,245.61
855.32,741.61,215.45,244.61
871.31,739.55,216.04,245.28
877.88,734.23,213.96,242.92
893.1,731.73,216.42,245.71
899.69,725.83,215.77,244.98
911.86,724.7,216.12,245.37
918.41,719.59,213.04,241.88
930.02,717.72,215.23,244.36
936.57,714.34,216.78,246.12
941.52,709.55,215.84,245.05
948.97,706.91,218.36,247.91
953.88,700.12,218.34,247.89
958.78,696.19,216.71,246.04
961.39,691.77,216.49,245.79
963.27,688.73,216.43,245.73
964.65,683.68,216.31,245.59
965.2,679.94,214.14,243.12
964.02,677.31,212.6,241.38
962.02,674.22,212.89,241.7
958.63,670.08,213.44,242.33
958.11,667.96,214.63,243.68
952.77,663.69,212.42,241.17
949.96,658.95,212.9,241.71
943.88,654.91,214.18,243.17
939.19,652.53,214.82,243.89
934.6,648.2,213.89,242.84
932.52,646.83,214.61,243.66
923.27,642.41,213.84,242.78
921.08,641.51,214.27,243.27
915.83,637.43,214.17,243.15
908.09,631.74,215.26,244.4
902.52,631.34,216.37,245.65
894.5,626.95,215.42,244.57
890.01,626.19,214.8,243.88
881.85,621.7,214.73,243.79
874.62,618.6,214.92,244
868.24,615.12,213.85,242.79
865.17,615.14,214.94,244.03
856.51,609.79,213.8,242.74
854.37,610.19,214.91,244
847.09,608.14,213.15,242
844.24,608.3,213.74,242.67
837.03,606.97,214.67,243.73
828.24,604.43,213.25,242.11
826.54,605.52,214.26,243.26
814.78,601.94,214.18,243.16
811.53,601.34,214,242.97
805.72,600.45,213.33,242.2
800.93,601.09,214.49,243.52
790.55,599.2,214.24,243.23
786.73,598.14,213.97,242.93
781.35,597.29,212.74,241.54
775.23,596.77,211.99,240.68
772.6,597.89,213.37,242.24
766.39,597.04,213.42,242.31
759.43,596.77,214.29,243.29
748.56,594.67,213.84,242.78
746.09,597.06,214.33,243.34
735.41,594.87,213.76,242.69
733.75,596.97,214.28,243.28
723.11,596.94,213.27,242.13
720.24,600.08,214.07,243.04
709.03,599.79,214.58,243.62
705.52,601.3,214.27,243.27
699.68,603.31,214.55,243.58
694.36,605.52,215.26,244.39
692.63,609.74,215.23,244.36
686.81,611.54,215.32,244.46
681.91,614.32,215.43,244.59
676.82,617.14,215.08,244.19
672.77,618.75,215.43,244.58
669.1,620.48,215.71,244.91
667.19,621.89,215.47,244.63
664.04,624.67,215.67,244.86
662.02,626.35,216.2,245.46
660.6,626.5,217.34,246.75
664.8,629.9,216.71,246.04
668.58,629.5,216.85,246.2
677.84,631.35,217.54,246.98
692.86,636.39,217.3,246.71
699.54,637.75,217.5,246.93
708.29,638.26,217.12,246.5
717,639.69,216.35,245.64
724.33,640.75,215.9,245.12
738.19,644.05,216.66,245.98
741.6,643.66,217.43,246.86
756.15,648.78,216.97,246.34
762.61,649.22,215.93,245.15
770.99,650.28,215.93,245.15
780.14,652.96,216.15,245.41
785.68,653.13,214.91,243.99
794.31,656.59,214,242.97
801.2,656.82,214.88,243.97
809.18,657.72,213.87,242.81
816.21,660.94,214.16,243.14
820.2,662.49,213.17,242.02
823.7,666.5,213.08,241.91
823.43,669.13,214.2,243.19
821.57,669.13,212.72,241.51
820.04,671.58,211.49,240.11
818.94,676.33,212.9,241.71
816.62,675.89,211.75,240.41
815.27,681.37,211.85,240.52
814.17,683.81,211.63,240.27
812.33,685.77,211.98,240.67
809.99,688.24,211.1,239.67
805.16,688.69,211.37,239.98
804.57,693.9,211.08,239.64
798.58,694.08,210.31,238.78
795.88,698.1,211.93,240.62
790.76,700.16,212.3,241.03
781.83,702.73,210.65,239.16
777.53,707.04,209.84,238.24
774.1,708.89,210.28,238.74
766.76,710.69,211.68,240.33
760.12,714.38,212.19,240.9
747.95,715.73,213.05,241.88
746.38,719.76,212.73,241.52
740.47,721.34,211,239.55
738.88,720.55,209.72,238.1
739.14,724.31,208.62,236.86
739.35,729.83,209.12,237.42
740.96,729.28,207.63,235.73
745.03,732.5,206.15,234.05
750.22,736.75,204.88,232.61
753.98,738.29,204.94,232.68
757.21,736.82,203.98,231.58
769.69,740.87,202.8,230.24
769.97,741.84,202.17,229.53
774.88,748.26,202.14,229.49
780.55,742.6,200.92,228.11
785.49,744.04,199.76,226.79
788.74,744.25,198.11,224.92
793.89,745.44,198.24,225.07
798.42,744.59,198.22,225.05
804.24,744.47,197.52,224.25
810.59,747.41,196.56,223.17
812.08,746.46,196.46,223.05
816.44,745.7,195.57,222.03
820.36,746.85,194.48,220.8
827.45,748.74,193.54,219.74
829.55,745.09,192.57,218.63
835.31,748.53,193.3,219.46
838.68,743.55,192.01,218
843.23,742.75,191.17,217.04
849.76,742.51,191.18,217.05
854.65,741.37,189.75,215.43
857.91,738.93,190.2,215.95
860.6,733.73,189.63,215.29
864.48,731.53,190.22,215.97
866.6,724.18,190.75,216.57
869.71,717,191.41,217.31
873.75,708.66,193.12,219.26
879.36,698.94,191.28,217.17
882.72,689.08,190.29,216.04
885.33,678.54,189.34,214.96
886.74,672.12,191,216.85
889.22,663.45,192.5,218.55
891.5,654.04,193.19,219.33
894.28,644.52,193.95,220.2
896.09,633.14,193.78,220.01
898.28,624.45,193.64,219.85
901.73,615.67,193.11,219.24
906.41,608.25,193.38,219.55
908.49,598.6,192.49,218.54
912.84,590.42,192.15,218.15
914.36,579.73,191.65,217.59
916.8,571.35,191.67,217.61
919.31,562.44,191.8,217.76
922.28,555.4,190.92,216.76
925.11,550.13,191.61,217.54
927.57,545.68,191.38,217.29
930.67,543.12,190.41,216.18
930.75,539.12,191,216.85
933.91,537.74,191.61,217.54
936.54,537.32,191.09,216.95
939.32,536.29,190.35,216.11
939.9,535.39,190.68,216.49
942.97,535.09,189.58,215.24
947.46,537.03,187.31,212.66
948.3,534.96,188.03,213.48
953.33,539.25,184.87,209.89
955.59,537.65,183.49,208.33
958.2,539.87,182.7,207.43
957.2,537.32,183.69,208.55
960.27,540.15,184.01,208.91
960.03,537.75,184.33,209.28
959.83,537.53,186.81,212.09
963.14,540.11,186.61,211.86
965.75,541.62,184.59,209.57
967.54,541.52,184.68,209.67
969.24,543.25,184.18,209.11
969.5,541.79,183.25,208.05
972.93,545.65,183.03,207.81
973.4,546.43,183.16,207.95
975.26,547.91,182.55,207.26
973.79,546.64,184.39,209.34
974.88,547.15,183.36,208.18
977.45,550.82,182.81,207.55
976.69,550.22,182.88,207.63
977.15,550.35,183.56,208.4
978.73,554.02,184.11,209.02
977.95,553.42,183.69,208.55
979.74,557.3,183.97,208.87
979.31,557.71,183.83,208.71
979.93,559.37,183.2,207.99
981.52,564.24,182.82,207.56
981.12,563.86,182.41,207.1
981.21,566.51,181.84,206.45
982.78,571.53,182.13,206.78
981.93,572.82,183.04,207.81
981.64,574.83,183.05,207.83
981.34,576.66,183.15,207.94
980.56,579.41,183.88,208.76
979.73,581.18,182.88,207.63
978.92,582.45,182.81,207.56
978.26,584.98,183.16,207.95
978.84,589.52,183.46,208.29
977.83,591.83,183.63,208.48
976.61,593.82,183.43,208.26
976.32,597.59,183.5,208.34
975.02,599.23,183.77,208.64
972.25,598.91,184.29,209.23
971.44,604.3,183.92,208.81
970.39,606.22,184.92,209.95
970.56,610.71,185.76,210.9
967.48,611.48,186.29,211.5
967.67,615.71,186.56,211.81
966.52,618.44,186.05,211.23
964.21,619.57,184.63,209.61
964.58,625.33,183.95,208.84
962.7,625.81,182.98,207.75
963.06,632.4,182.5,207.2
960.21,632.59,181.44,206
960.6,637.63,181.23,205.76
957.36,637.88,180.33,204.74
956.21,643.29,181.4,205.95
953.76,643.84,180.47,204.89
952.82,648.67,181.65,206.24
950.53,650,181.58,206.15
948.5,651.5,182.38,207.06
944.31,651.73,182.22,206.89
941.91,655.73,182.28,206.95
939.49,656.7,182.6,207.31
937.34,658.89,183.16,207.95
937.12,662.6,184.12,209.04
932.73,661.34,184.23,209.16
929.72,662.89,185.09,210.15
928.34,666.65,185.91,211.07
925.61,665.18,186.24,211.45
923.95,669.83,187.77,213.18
921.33,669.01,188.82,214.37
918.91,669.92,188.23,213.7
918.38,672.19,188.03,213.48
916.15,673.04,187.54,212.92
912.07,671.86,187.13,212.45
910.4,675.28,187.01,212.32
908.64,675.5,187.83,213.25
909.63,679.52,188.25,213.72
908.21,680.69,188.61,214.14
906.53,680.66,188.42,213.92
910.43,683.62,188.57,214.09
912.91,682.14,187.34,212.7
918.23,683.26,185.89,211.05
923.74,686,185.73,210.87
931.17,687.11,185.27,210.34
938.91,690.44,185.91,211.07
943.09,690.19,186.61,211.86
952.87,692.79,187.56,212.94
957.52,691.27,187.04,212.35
963.31,692.96,185.72,210.85
968.63,693.82,186.34,211.56
975.89,697.06,186.94,212.24
980.17,696.95,186.81,212.09
989.58,701.33,187.15,212.48
992.63,700.53,187.27,212.61
998.84,702.14,187.82,213.24
1006.8,705.73,187.67,213.07
1011.1,704.47,186.4,211.62
1017.3,707.54,186.3,211.51
1016.8,707.51,185.92,211.08
1012.3,707.21,186.11,211.3
1009.7,708.3,185.47,210.57
1007.4,709.24,184.3,209.24
1004.7,709.61,184.01,208.92
1001.8,710.17,183.35,208.17
1001.4,711.2,183.98,208.88
996.52,710.35,184.42,209.38
993.83,710.26,183.14,207.92
992.03,712.23,183.44,208.26
989.18,711.57,183.9,208.79
984.86,711.33,184.25,209.19
982.04,710.82,184.5,209.47
978.72,710.88,185.11,210.16
977.69,711.93,184.68,209.67
974.5,711.95,184.7,209.69
972,712.15,184.21,209.15
967.64,712.36,183.66,208.51
966.02,713.82,184.81,209.83
962.79,714.15,185.74,210.88
958.66,712.73,186.04,211.22
956.64,715.15,184.55,209.52
952.91,714.96,184.77,209.78
951.98,716.53,185.3,210.38
949.79,718.39,184.42,209.38
946.14,717.65,184.34,209.29
943.61,719.1,183.69,208.55
942.95,720.92,184.38,209.33
938.22,720.17,185.11,210.16
937.09,722.08,183.94,208.84
933.78,722.39,183.07,207.84
931.77,723.95,184.21,209.14
927.8,723.02,184.17,209.1
924.76,724.45,183.42,208.25
924.72,727.1,182.97,207.73
919.84,726.09,184.23,209.17
917.14,727.78,182.88,207.63
915.41,729.61,181.07,205.58
912.3,729.99,182.07,206.71
911.37,731.84,183.36,208.17
909.79,734.54,182.78,207.52
905.93,733.57,182.46,207.15
902.22,734.52,184.21,209.14
900.58,736.62,182.83,207.57
897.3,737.59,184.05,208.96
896.67,739.35,182.87,207.61
895.49,740.62,181.07,205.57
892.61,742.25,180.83,205.3
890.65,744.13,180.33,204.74
889.89,747.33,181.07,205.57
886.81,746.47,181.89,206.5
886.24,745.25,183.78,208.65
882.48,742.12,184.61,209.6
881.74,740.58,184.65,209.64
879.22,736.85,185.12,210.17
876.81,733.01,186.37,211.59
874.88,730.94,186.88,212.18
872.91,728.3,186.74,212.01
871.82,723.9,186.62,211.88
870.33,721.44,185.97,211.13
868.46,719.73,182.12,206.77
869.2,717.75,180.87,205.35
865.83,714.23,182.2,206.86
863.54,710.23,183.76,208.63
863.7,707.67,183.92,208.82
862.4,704.75,181.45,206
862.18,701.93,182.51,207.21
859.97,699.14,180.53,204.97
860.96,696.58,182.13,206.78
858.62,692.37,183.67,208.52
857.43,689.12,184.31,209.26
856,686.43,181.43,205.98
857.16,684.94,180.55,204.99
857.33,681.49,181.02,205.52
854.89,678.45,180.11,204.48
856.36,676.09,179.58,203.88
853.69,671.61,180.49,204.92
854.28,669.51,180.76,205.22
852.83,665.23,180.94,205.43
851.93,662.95,180.21,204.6
853.78,661.08,180.06,204.43
852.81,657.35,182.06,206.7
852.43,653.79,182.92,207.67
852.6,649.87,181.36,205.9
853.53,647.81,179.71,204.04
853.61,645.29,178.97,203.19
856.39,644.87,177.24,201.23
855.42,640.85,179.39,203.66
855.7,638.7,177.41,201.43
856.38,635.2,179.16,203.4
855.05,631.69,179.38,203.66
856.1,628.83,179.27,203.53
856.3,626.54,179.09,203.33
858.3,623.19,178.71,202.9
861.19,622.22,177.78,201.84
861.26,618.48,177.58,201.62
862.66,614.98,178.16,202.27
864.35,612.53,177.2,201.18
867.62,611.19,176.08,199.91
868.19,606.49,176.46,200.35
869.03,603.72,175.9,199.7
872.22,602.45,176.05,199.87
873.59,598.84,176.03,199.86
875.06,595.9,175.76,199.55
878.99,594.19,175.6,199.36
881.94,591.89,175.04,198.73
883.64,588.95,173.77,197.29
886.83,586.67,174.65,198.28
887.93,583.93,172.86,196.25
890.65,581.15,172.86,196.25
892.74,578.15,173.43,196.9
896.34,575.4,172.33,195.65
901,574.04,172.89,196.29
902.94,570.98,172.41,195.74
907.34,569.39,173.21,196.65
909.8,566.18,172.57,195.92
915.04,564.69,173.84,197.36
917.09,562.28,174.47,198.08
918.32,559.02,173.81,197.34
924.3,557.71,174.27,197.86
928.49,554.35,174.24,197.82
932.82,551.02,174.9,198.57
934.98,547.53,174.05,197.6
941.3,546.6,174.31,197.9
945.65,545.72,174.44,198.04
947.95,542.97,173.85,197.38
954.17,542.5,173.9,197.44
959.58,539.74,174.17,197.74
963.75,537.81,174.09,197.65
969.19,535.33,173.4,196.87
973.43,533.76,172.74,196.12
979.43,532.38,172.36,195.69
984.5,530.86,171.91,195.18
988.47,528.56,170.14,193.17
992.4,527.57,168.99,191.86
995.37,526,169.74,192.71
997.59,523.56,169.87,192.86
999.79,521.95,169.68,192.65
1002.4,522.07,169.53,192.47
1003.3,519.29,169.97,192.97
1002.3,517.41,169.03,191.91
1001.7,516.07,168.8,191.65
997.54,515.5,168.07,190.82
995.17,515.34,168.91,191.77
989,512.08,169.51,192.45
986.8,512.84,169.77,192.75
979.39,509.17,169.92,192.91
975.13,508.75,169.08,191.96
968,508.15,169.56,192.5
964.06,508.37,169.98,192.99
955.82,505.48,170.27,193.31
949.74,504.74,169.63,192.58
945.19,503.94,169.63,192.59
940.75,503.13,168.42,191.22
935.19,502.22,167.22,189.85
928.94,501.17,167.16,189.79
923.86,500.26,166.59,189.14
916.07,498.72,167.01,189.62
914.06,499.03,165.93,188.38
907.69,498,165.79,188.22
901.73,496.2,165.41,187.79
895.1,494.86,165.05,187.39
890.25,493.79,165.38,187.76
885.12,492.86,164.83,187.14
882.21,492.74,165.15,187.5
876.44,490.7,164.67,186.96
874.66,491.13,164.92,187.24
872.25,490.68,163.49,185.61
867.03,488.69,163.77,185.94
865.63,488.2,163.14,185.21
864.35,486.48,162.16,184.11
865.39,487.07,161.96,183.88
866.26,485.59,162.27,184.23
866.95,485.66,162.58,184.58
870.3,484.81,162.27,184.23
872.22,484.06,162.24,184.2
876.19,483.79,161.05,182.85
878.74,483.06,161.48,183.34
880.23,482.14,159.8,181.43
884.22,482.73,161.13,182.94
888.27,481.8,160.88,182.66
891.16,480.27,161.46,183.31
893.27,479.02,160.35,182.06
897.51,480.01,159.28,180.84
901.81,478.35,158.74,180.23
908.48,479.1,158.52,179.98
912.58,478.12,158.42,179.86
916.61,476.37,156.53,177.71
921.64,479.31,156.44,177.62
925.75,478.22,155.92,177.02
927.93,477.19,155.96,177.06
935.26,475.44,155.75,176.83
940.09,475.6,155.45,176.49
943.74,476.72,155.58,176.63
950.04,474.45,155.03,176.02
954.32,477.43,154.93,175.9
959.21,474.17,154.77,175.71
962.03,474.98,153.59,174.38
966.62,474.1,153.25,173.99
973.31,475.52,153.4,174.16
978.69,475.45,153.75,174.56
983.35,478.28,153.28,174.02
988.79,476.09,154.12,174.98
997.41,475.86,154.41,175.31
1000.1,473.72,154.49,175.39
1004.7,475.03,153.34,174.1
1010.3,473.01,152.83,173.51
1017.8,472.61,153.71,174.51
1020,471.46,153.52,174.29
1023.5,472.09,153.78,174.59
1028.9,474.98,154.23,175.1
1038.4,473.86,154.74,175.69
1040.2,471.86,155.3,176.31
1049.1,472.89,155.27,176.29
1053,470.66,155.05,176.04
1061.8,471.72,154.31,175.19
1064.3,472.96,155.24,176.25
1070.7,473.23,155.18,176.18
1076.1,472.38,155.99,177.11
1079.5,470.7,156.72,177.92
1084,470.97,156.69,177.9
1089.6,472.88,157.89,179.25
1095.6,471.61,158.52,179.97
1099.9,471.77,159.16,180.7
1104.5,470.47,158.68,180.16
1109.7,471.79,159.76,181.39
1114.4,471.38,160,181.65
1120.7,471.04,159.76,181.38
1125.4,471.05,158.95,180.47
1130,469.86,159.59,181.18
1132.1,469.2,158.7,180.18
1135.2,470.05,158.79,180.28
1137.7,469.98,158.91,180.42
1138.8,469.39,158,179.38
1139,468.1,157.24,178.52
1139.8,467.61,157.16,178.43
1137.7,468.04,157.34,178.64
1138,467.64,158.75,180.24
1135.5,467.07,159.01,180.53
1134.3,466.38,158.67,180.14
1130.3,465.28,158.98,180.49
1126.2,465.57,159.29,180.85
1119.7,463.39,159.27,180.82
1114.5,462.8,158.65,180.12
1110.4,463.26,159.71,181.33
1103.7,462.57,159.67,181.28
1097.6,462.19,159.96,181.61
1090.9,461.26,160.56,182.29
1082.9,460.62,159.34,180.9
1076,459.78,159.5,181.09
1069.2,459.29,158.75,180.24
1062.2,458.96,161.07,182.87
1054.6,458.11,161.9,183.82
1045.9,455.67,162.1,184.03
1040.4,455.98,162.31,184.28
1034.7,455.62,161.58,183.45
1028,453.98,161.73,183.62
1024.3,454.02,160.73,182.48
1020.9,452.82,160.79,182.55
1017.6,452.84,159.65,181.26
1013.9,451.07,160.32,182.01
1011.1,450.91,159.24,180.79
1007.5,449.6,159.92,181.56
1004.3,449.34,162.55,184.55
999.81,447.93,163.37,185.47
995.91,446.72,164.59,186.87
991.87,445.79,166.03,188.49
988.63,443.95,166.64,189.19
984.57,442.11,165.96,188.42
983.44,441.82,166.85,189.43
981.75,440.58,167.45,190.11
977.91,437.94,168.34,191.13
978.15,437.6,169.16,192.05
977.01,436.24,169.19,192.09
977.47,435.44,168.55,191.37
976.59,433.81,167.53,190.2
976.79,432.88,167.2,189.83
978.05,432.53,167.57,190.25
977.3,431.02,165.99,188.46
976.66,430.59,167.63,190.32
974.13,429.06,166.28,188.78
973.06,427.85,166.03,188.5
972.61,427.79,167.41,190.07
969.16,425.65,167.34,189.98
969.34,424.93,168.1,190.86
967.75,423.65,169.44,192.38
966.6,422.63,169.54,192.49
964.6,421.29,170.24,193.27
962.22,418.34,170.84,193.96
962.72,419.5,170.91,194.04
961.26,417.2,171.6,194.82
961.09,417.67,169.36,192.28
962.48,417.94,169.98,192.99
962.25,417.35,168.03,190.77
962.86,417.54,168.51,191.31
962.17,416.97,168.99,191.87
960.83,416.06,167.56,190.24
960.36,415.98,167.48,190.15
959.63,415.65,167.69,190.38
959.41,415.08,167.81,190.52
959.33,414.87,167.95,190.68
959.38,415.32,168.73,191.57
958.25,413.38,169.52,192.47
960.21,414.19,169.72,192.69
961.71,413.59,168.15,190.91
965.39,413.26,169.65,192.61
970.57,412.92,169.39,192.31
977.28,412.44,169.81,192.79
984.51,410.63,169.23,192.13
994.56,411.08,169.2,192.1
1001.9,410.5,169.77,192.75
1010,409.56,168.19,190.95
1020.5,409.57,168.66,191.49
1026.4,407.31,170.06,193.07
1033.9,406.82,169.2,192.1
1040.3,406.78,170.66,193.76
1044.3,406.78,171.01,194.16
1047.8,405.22,169.91,192.91
1052.3,405.91,167.38,190.03
1055.5,405.34,167.77,190.48
1058.6,403.96,169.06,191.94
1064.3,403.92,168.82,191.67
1070.3,404.08,167.82,190.53
1077,403,167.97,190.7
1085.4,403.08,169.09,191.97
1090.9,401.59,169.77,192.75
1097,401.42,169.53,192.47
1105,402.25,170.11,193.14
1107.1,400.95,170.24,193.28
1108.2,400.26,169.33,192.24
1106.2,401.01,169.59,192.54
1100.6,399.62,170.37,193.43
1094.1,397.66,171.22,194.39
1084.9,394.52,171.4,194.6
1079.1,393.31,171.39,194.58
1073.3,393.05,170.05,193.06
1067.5,392.91,169.81,192.79
1062.6,390.54,170.85,193.97
1061.1,389.46,171.67,194.91
1062.1,386.81,170.96,194.1
1068.2,385.5,170.97,194.11
1073.4,383.88,172.16,195.46
1080.1,382.96,173.92,197.45
1082.7,381.42,174.39,197.99
1084.4,380.16,172.79,196.18
1085.3,377.62,173.2,196.64
1087.3,377.76,171.38,194.57
1087.9,375.74,172.01,195.29
1090.8,375.13,173.1,196.52
1092.4,372.68,173.27,196.72
1095.8,371.21,172.43,195.77
1101,370.25,172.7,196.08
1105.1,368.25,173.33,196.79
1108,365.14,172.63,195.99
1114.7,363.58,173.35,196.81
1117.1,359.84,174.45,198.06
1123.3,358.08,174.39,198
1128.3,355.64,175.57,199.33
1135.8,354.56,176.06,199.89
1138.5,350.77,176.46,200.34
1143.4,348.15,176.07,199.9
1148.9,345.44,176.82,200.75
1159.5,345.45,175.73,199.51
1163.1,343.9,176.06,199.89
1166.6,339.93,177.15,201.12
1173.8,339.5,176.93,200.88
1180.4,338.43,175.57,199.33
1186.4,336.76,176.03,199.85
1190.5,333.25,176.88,200.82
1200.7,333.48,175.89,199.69
1205.5,332.52,175.85,199.64
1212,330.51,176.96,200.91
1219.5,329.79,175.23,198.94
1225.3,328.36,175.78,199.57
1232.1,327.57,175.01,198.69
1236.6,324.79,174.96,198.64
1242.4,323.44,175.49,199.24
1251.6,323.88,175.11,198.81
1256.5,324.01,175.29,199.01
1262.5,321.94,176.18,200.02
1267.1,320.17,175.11,198.81
1274.2,319.09,173.64,197.15
1281.8,319.03,173.7,197.21
1287,317.66,174.53,198.15
1290.3,315.09,174.95,198.63
1295.9,313.07,176.28,200.13
1301.6,312.45,175.25,198.97
1310.7,313.07,174.35,197.94
1313.3,310.73,175.39,199.12
1321.1,310.79,175.57,199.33
1324.8,309.64,177.2,201.18
1330.6,309.46,176.17,200.02
1333.6,306.84,176.76,200.69
1338.8,306.57,177.17,201.15
1341.1,305.81,177.69,201.74
1339.8,302.78,178.58,202.75
1340.2,302.94,179.39,203.67
1337,301.08,178.77,202.96
1334.9,300.43,178.8,203
1330.3,299.47,179.13,203.37
1323.8,298.74,177.89,201.97
1318.8,297.08,177.74,201.79
1314.3,296.81,176.27,200.13
1309,296.5,175.25,198.96
1305.1,297.43,175.14,198.84
1299.3,297.1,175.27,198.99
1292.4,295.45,176.68,200.59
1285.2,294.4,175.42,199.16
1281.5,294.37,175.26,198.98
1274.6,294.46,175.2,198.91
1268.5,294.21,175,198.69
1257.9,291.02,178.07,202.17
1252.3,289.44,179.92,204.27
1249.3,288.82,181.31,205.84
1243.5,288.72,179.85,204.19
1241.8,288.73,179.31,203.58
1238.3,288.37,178.59,202.77
1238.2,289.67,177.69,201.74
1235,287.95,178.87,203.07
1235.7,288.46,179.31,203.58
1234.4,288.02,178.94,203.16
1235.8,288.48,179.67,203.99
1235.6,287.99,178.68,202.86
1238.2,288.97,179.15,203.4
1238.5,288.19,178.49,202.65
1241.4,290.62,177.63,201.67
1241.6,289.85,177.88,201.95
1242.4,291.45,177.11,201.08
1245,296.48,177.22,201.2
1245.5,297.89,178.12,202.23
1244.3,298.39,178.35,202.49
1245.6,301.85,179.56,203.86
1245.3,302.36,178.55,202.71
1247.5,308.14,178.53,202.69
1248,310.56,177.96,202.04
1246.3,311.65,178.44,202.59
1248.1,318.01,179.5,203.79
1247.2,318.68,178.63,202.81
1250.2,323.06,179.51,203.8
1250.5,324.62,178.67,202.85
1254.2,330.4,179.48,203.77
1253.9,331.79,178.79,202.98
1257.4,337.8,180.15,204.53
1258.9,340.72,179.23,203.49
1259.1,343.09,178.89,203.1
1263.1,349.4,179.48,203.77
1262.1,350.06,179.72,204.05
1263.5,353.74,179.91,204.26
1267.4,361.16,180.11,204.48
1268.5,363.76,179.38,203.65
1268.5,365.41,179.4,203.68
1269.1,369.02,179.45,203.74
1270.6,373.13,179.65,203.96
1271.5,376.69,179.69,204.01
1272.9,381.23,179.58,203.88
1273.6,385.19,179.32,203.59
1274.8,389.83,179.33,203.6
1275.2,394.56,179.8,204.14
1276.2,397.96,179.18,203.43
1276.6,401.74,179.3,203.56
1278,406.64,178.34,202.48
1279.6,412.01,180.91,205.4
1278.2,414.05,179.76,204.09
1279.5,418.59,177.96,202.05
1279.4,421.67,177.72,201.77
1278.8,425.35,179.6,203.9
1278.6,428.66,178.73,202.92
1280.2,434.62,180.53,204.96
1279.3,437.52,180.19,204.58
1278.8,441.06,179.59,203.9
1276.4,442.93,179.04,203.27
1277.5,448.91,180.78,205.24
1275.2,450.76,179.82,204.16
1274.9,453.29,179.27,203.54
1274.1,456.76,178.97,203.2
1275.8,462.06,180.36,204.76
1275.3,465.66,180.15,204.53
1274.6,469.43,179.48,203.77
1272.2,470.38,179.84,204.18
1271.1,474.57,182.29,206.96
1270.3,477.31,179.4,203.68
1268.6,480.2,179.38,203.65
1267.9,483.96,178.28,202.41
1266.7,487.19,181.25,205.77
1265.2,490.71,178.51,202.67
1263.8,492.75,181.23,205.75
1260.6,495.48,181.89,206.51
1260.6,499.73,181.97,206.6
1259.5,502.74,181.82,206.43
1257.7,506.13,182.14,206.8
1256.1,509.42,181.6,206.18
1255,513.69,180.64,205.08
1251.7,516.36,180.09,204.47
1249.5,519.35,182.42,207.11
1246.1,522.16,182.71,207.44
1243.4,525.6,182.3,206.97
1241.4,528.61,181.89,206.51
1240.4,534.48,183.83,208.71
1237.8,536.62,181.88,206.49
1235.9,540.69,182.65,207.37
1231.9,542.99,183.14,207.93
1229.6,547.71,184.77,209.77
1227.9,551.04,184.7,209.7
1225.7,555.68,184.8,209.81
1222.5,558.87,184.44,209.41
1218.2,560.92,184.4,209.36
1214.1,564.67,184.5,209.46
1211.3,567.9,183.44,208.26
1210.2,573.82,184.42,209.38
1205.3,576.09,184.71,209.7
1203.2,582.12,184.75,209.75
1200.6,586.23,184.54,209.51
1195.2,588.48,184.43,209.38
1191.3,592.06,183.73,208.6
1189.5,597.97,184.37,209.32
1184.7,599.84,184.43,209.39
1180.6,604.1,184.22,209.16
1176.4,608.01,184.89,209.92
1174,614.51,185.77,210.91
1168.9,616.12,185.95,211.11
1165,620.14,185.38,210.47
1162.1,625.05,184.09,209
1159.4,629.76,182.48,207.17
1154.6,633.28,183.19,207.98
1151.1,639.27,185.35,210.43
1144.9,641.65,185.81,210.96
1141.4,645.05,185.22,210.28
1137.8,651.18,186.1,211.29
1131.7,654.76,184.95,209.98
1127.9,659.7,186.81,212.1
1122.6,662.39,187.23,212.57
1115.5,664.03,187.96,213.4
1112.3,668.66,188.05,213.5
1107.1,672.12,189.66,215.33
1101.4,674.19,191.63,217.57
1097.8,677.87,192.22,218.24
1096.3,679.23,191.58,217.51
1100.3,684.44,190.77,216.59
1101.4,686.86,187.81,213.23
1108.1,691.3,188.88,214.44
1106.6,692.16,189.27,214.89
1110.9,695.2,189.97,215.68
1116.4,699.97,190.34,216.1
1117.6,701.57,188.05,213.51
1122.9,705.77,190.18,215.92
1122.4,707.5,187.64,213.04
1126.7,711.62,186.41,211.63
1133.2,714.19,188.99,214.57
1133.3,716.16,187.39,212.75
1138.7,719.81,186.08,211.26
1142.3,722.86,185.71,210.84
1145.9,725.66,186.45,211.69
1152.1,730.14,188.74,214.28
1152.6,731.89,187.01,212.32
1153.8,734.79,188.83,214.38
1155.8,737.67,189.35,214.97
1157.5,742.73,189.55,215.21
1157.3,743.96,191.33,217.23
1156.8,747.34,191.44,217.35
1155.8,750.41,191.68,217.62
1152.8,752.23,191.14,217.01
1152.9,756.47,191.33,217.23
1149.9,759.09,191.73,217.68
1145.9,759.9,192.49,218.54
1144.5,764.96,192.19,218.2
1140.9,765.8,192.34,218.37
1139.2,769.16,192.29,218.31
1137.6,772.72,191.79,217.75
1137.1,776.15,191.77,217.72
1136.6,778.98,191.8,217.76
1135.9,781.74,191.27,217.16
1138.3,786.34,193.44,219.62
1136.6,789.67,190.91,216.75
1139.8,793.78,191.93,217.91
1138.3,795.65,190.63,216.43
1139.6,798.41,190.44,216.21
1139.9,802.25,189.79,215.48
1142.9,807.49,191.66,217.6
1141.1,808.3,192.07,218.07
1147.2,811.94,191.85,217.81
1152.9,815.18,191.29,217.18
1162.8,819.94,193.51,219.7
1166,822.95,190.73,216.55
1173.9,826.48,189.66,215.33
1181,831.01,191.07,216.92
1184.2,834.88,190.93,216.77
1186.2,837.49,191.76,217.72
1184.7,839.15,191.62,217.55
1186.5,843.03,194.09,220.36
1183.2,845.27,195.97,222.49
1181,848.49,196.44,223.03
1178.3,850.89,193.61,219.82
1175,853.1,193.32,219.48
1170,854.45,194.01,220.26
1166.1,858.16,195.29,221.71
1161.1,859.36,193.72,219.93
1155.3,860.62,193.58,219.78
1151.7,864.77,191.04,216.89
1148.5,867.59,190.66,216.46
1144.5,867.46,189.53,215.19
1137.7,870,193.37,219.54
1130.4,870.43,192.96,219.07
1124.2,873.42,194.44,220.75
1118.9,875.83,192.94,219.05
1111.7,876.23,193.97,220.22
1103.6,877.18,190.42,216.19
1095.5,877.38,190.97,216.81
1089.7,879.26,190.11,215.84
1081.4,878.48,188.13,213.6
1075.5,877.57,190.27,216.02
1068,877.41,188.85,214.41
1059.9,876.65,188.56,214.08
1052.7,875.68,188.07,213.52
1046.6,874.9,188.74,214.28
1038.1,871.66,188.33,213.81
1030.6,869.77,190.48,216.26
1020.9,865.12,191.28,217.17
1012.9,863.71,194.28,220.57
1004.3,860.74,196.02,222.55
997.76,857.14,196.25,222.81
989.77,853.66,196.85,223.49
985.51,851.04,194.15,220.42
980.64,847.27,197.07,223.74
975.97,842.91,198.73,225.62
974.71,840.78,199.73,226.76
974.12,837.07,197.41,224.12
977.23,834.29,199.65,226.67
977.15,830.59,197.26,223.95
979.44,828.21,200,227.06
980.66,824.23,198.02,224.82
984.63,820.72,197.72,224.48
987.1,818.9,197.64,224.39
988.71,814.53,201.57,228.85
988.23,809.65,200.38,227.5
993.68,808.31,200.55,227.7
996.09,804.02,201.1,228.32
998.11,800.5,198.6,225.47
1003.5,797.25,197.98,224.78
1006.6,792.6,198.56,225.43
1009.4,789.2,199.2,226.15
1013.7,786.59,200.4,227.52
1017.4,782.42,201.47,228.74
1018.9,777.8,199.87,226.92
1023.6,775.33,198.9,225.82
1028.5,775.51,199.31,226.29
1030.4,774.73,199.8,226.85
1031.7,774.4,199.43,226.42
1036.9,777.46,199.98,227.05
1037.3,778.45,198.24,225.07
1040.3,780.97,198.3,225.13
1043.1,783.37,198.84,225.75
1048.3,787.2,199.63,226.65
1048.9,788.23,198.32,225.16
1051.7,790.51,198.26,225.1
1054.6,792.55,198.81,225.72
1058.4,796.09,199.47,226.47
1060.8,798.18,200.53,227.67
1062.6,799.94,201.99,229.33
1064.7,801.87,203.49,231.03
1066.6,804.73,203.97,231.58
1068.4,806.09,205.31,233.1
1071,809.73,203.85,231.44
1073.4,811.69,203.76,231.33
1074.9,814.28,204.41,232.07
1075.9,815.71,202.86,230.31
1077.7,817.54,203.36,230.88
1079.6,819.1,204.31,231.96
1081.4,821.57,204.74,232.45
1084.4,824.61,203.6,231.15
1088.6,827.15,206.37,234.3
1088,828.05,205.96,233.84
1089.8,829.71,206.64,234.61
1093.6,832.94,207.46,235.54
1094.3,834.56,206.5,234.45
1097.2,836.86,206.2,234.1
1100.2,839.65,203.86,231.45
1103.1,842.04,206.83,234.82
1103.4,843.16,209.16,237.46
1104.2,844.55,208.13,236.3
1106,846.5,206.92,234.92
1110.3,848.82,209.41,237.75
1110.8,850.39,208.78,237.04
1116.4,854.31,208.47,236.69
1117.2,855.39,210.49,238.97
1119.9,856.69,211.44,240.06
1123.2,860.07,209.78,238.17
1124.4,861.81,209.96,238.37
1126.2,863.33,210.97,239.52
1126,864.27,210.02,238.45
1128,867.69,209.99,238.41
1126.5,869.37,210.77,239.29
1123.7,869.76,209.75,238.14
1123.8,872.41,210.21,238.66
1123.1,874.17,209.81,238.21
1121.7,876.27,210.15,238.59
1119.3,877.5,212.04,240.73
1118.4,880.98,210.3,238.76
1115.9,881.11,211.61,240.25
1115.2,884.23,209.87,238.28
1112.7,884.43,211.05,239.61
1111.2,885.18,208.11,236.27
1110,886.37,208.49,236.7
1108.6,889.13,212.87,241.68
1105.1,889.22,214.3,243.3
1102.7,890.83,215.41,244.56
1105,893.44,217.45,246.88
1103.9,894.43,217.86,247.35
1102.7,894.58,219.27,248.94
1102.5,896.86,218.44,248.01
1100.8,896.6,213.67,242.59
1100.4,898.2,213.58,242.49
1099.1,900.05,215.27,244.4
1097.3,901.29,217.35,246.76
1096.5,902.31,216.96,246.32
1096.2,903.85,216.02,245.25
1093.8,903.73,214.47,243.49
1095.7,905.05,212.86,241.67
1094.6,905.52,212.51,241.27
1096.8,908.21,209.94,238.35
1097.3,910.19,212.54,241.31
1095.8,909.78,212.68,241.46
1095.8,912.29,211.85,240.52
1097.7,914.52,213.64,242.55
1096.6,914.42,215.49,244.66
1096.7,916.08,215.39,244.54
1098.3,917.75,214.38,243.39
1096.8,915.87,214.78,243.85
1098.8,918,212.86,241.67
1100,918.76,211.79,240.45
1100.4,919.69,213.78,242.71
1099.2,920.66,213.67,242.59
1099.5,921.5,215.48,244.64
1099,921.71,215.93,245.15
1096.5,921.79,218.02,247.52
1094.9,922.05,216.09,245.34
1093,922.88,215.45,244.61
1091.8,925.74,215.81,245.01
1088.7,925.07,218.53,248.1
1085.6,925.41,216.82,246.16
1081,924.35,218.9,248.53
1078.9,925.98,221.14,251.07
1076.5,926.11,223.04,253.23
1074.9,927.3,221.96,252
1071.9,927.14,220.84,250.73
1071,926.96,219.78,249.53
1070.2,929.38,219.33,249.02
1068.4,928.73,221.86,251.89
1067,930.08,219.06,248.71
1065.9,930.7,220.88,250.77
1064.3,931.42,221.12,251.04
1060.8,930.09,224.69,255.1
1056.8,929.93,225.6,256.14
1055.6,930.82,226.11,256.71
1053,931.55,224.59,254.99
1050.9,931.5,224.03,254.35
1050.2,931.66,224.16,254.5
1049.7,931.9,223.19,253.4
1050.9,933.99,222.19,252.26
1049.3,933.44,221.26,251.2
1051.3,934.04,221.88,251.91
1049.6,933.86,221.17,251.1
1050.4,935.07,220.64,250.51
1048.6,933.28,221.79,251.8
1049.8,934.19,222.87,253.03
1049.8,934.93,222.97,253.15
1050,935.4,222.49,252.6
1050.1,935.58,219.69,249.42
1051.8,935.2,221.47,251.44
1050.3,934.98,222.92,253.09
1048.8,935.86,223.33,253.55
1048.5,936.04,223.5,253.74
1048.7,935.61,223.65,253.92
1048.5,935.6,224.05,254.37
1046.7,933.48,224.65,255.05
1045.6,932.62,225.48,256
1049.6,934.78,224.84,255.27
1049.6,934.89,224.52,254.91
1047.5,933.68,224.56,254.95
1046.6,933.13,225.48,255.99
1050.9,935.39,224.07,254.4
1049.2,934.51,223.64,253.91
1051.6,935.53,223.02,253.21
1052.5,936.49,221.45,251.42
1052.2,936.1,222.02,252.06
1050.3,934.02,223.59,253.85
1052.9,935.55,222.38,252.47
1053.3,935.84,219.42,249.11
1052.9,935.66,221.65,251.64
1051.8,935.19,223.23,253.45
1051,934.63,223.77,254.05
1049.5,933.41,225.57,256.1
1049.3,932.34,225.81,256.37
1046.3,931.33,225.68,256.22
1048.6,931.85,225.75,256.3
1047.5,930.87,225.81,256.37
1044.6,929.97,225.88,256.45
1041.4,929.27,226.02,256.61
1039.4,928.93,225.25,255.73
1038.4,928.97,225,255.45
1034.7,928.67,225.01,255.46
1030.1,927.9,226.02,256.61
1023.7,926.7,226.18,256.79
1019.7,926.01,225.46,255.97
1018,925.57,225.21,255.69
1014.7,925.31,225.61,256.14
1010.5,924.46,225.92,256.49
1004.7,923.84,224.75,255.17
1001,922.62,224.56,254.95
996.86,922.04,224.39,254.76
994.65,922,222.02,252.07
992.25,921.67,220.8,250.68
988.41,920.83,220.99,250.9
985.85,920.93,221.35,251.31
983.36,921,221.52,251.5
980.17,919.54,222.47,252.58
975.35,918.58,219.93,249.7
972.81,918.68,217.87,247.35
970.81,919.16,219.02,248.66
967.64,918.76,219.53,249.24
964.68,918.77,217.6,247.05
961.04,918.2,217.29,246.7
957.82,917.32,217.37,246.79
953.52,915.76,219.54,249.25
950.51,915.35,220.49,250.33
946.59,914.63,219.32,249.01
944.19,914.87,219.1,248.75
940.11,914.15,220.19,249.99
934.65,911.72,221.37,251.33
932.68,911.23,222.83,252.99
931.24,910.39,223.77,254.06
927.91,909.8,225.71,256.25
926.11,909.38,223.69,253.97
923.57,908.04,224.57,254.96
918.75,906.47,224.68,255.09
915.48,905.02,226.43,257.07
914.36,905.3,223.99,254.31
912.01,904.24,224.6,255
908.23,902.9,225.82,256.38
906.81,902.54,224.04,254.36
903.22,900.12,224.67,255.08
901.32,898.95,223.97,254.28
899.12,897.47,224.28,254.63
898.13,897.03,222.82,252.97
894.37,894.63,224.23,254.58
892.84,894.35,222.42,252.53
889.86,892.66,223.5,253.74
888.71,891.8,225.05,255.5
888.83,891.56,223.41,253.65
886.88,889.5,224.07,254.4
883.35,888.06,223.91,254.21
880.22,886.54,224.38,254.75
878.42,884.45,224.67,255.07
875.96,882.05,225.39,255.89
874.22,881.83,226.21,256.82
871.34,879.58,226.51,257.17
869.25,878.24,227.04,257.77
866.77,877.15,229.15,260.17
864.75,875.92,230,261.13
860.22,869.35,232.85,264.36
859.34,864.08,233.17,264.73
859.39,845.52,230.74,261.97
856.88,823.74,232.01,263.4
855.32,799.22,228.85,259.83
855,772.01,229.36,260.4
854.44,735.95,227.88,258.72
853.42,693.25,225.89,256.46
851.19,648.38,224.67,255.08
848.88,601.02,224.77,255.2
847.99,553.42,224.41,254.78
845.65,507.37,224.58,254.98
844.62,463.05,224.89,255.33
844.87,424.24,225.75,256.3
844.04,389.23,226.62,257.29
841.76,354.38,229.25,260.28
847.7,331.53,229.18,260.19
848.73,308.71,230.06,261.2
846.88,290.9,227.38,258.16
849.09,286.07,227.65,258.46
846.13,280.73,229.62,260.69
845.71,277.01,229.66,260.75
843.2,275.61,228.82,259.78
840.54,273.1,229.63,260.7
839.09,271.49,229.78,260.88
835.53,268.52,230.12,261.26
834.05,266.53,229.72,260.81
832.65,264.02,229.89,261
831.6,263.59,228.15,259.03
828.44,261.27,229.8,260.9
825.7,258.96,231.04,262.31
824.89,258.93,231.78,263.15
821.35,258.05,231.3,262.6
820.3,262.09,231.34,262.65
818.23,269.95,232.49,263.96
814.54,278.56,232.57,264.04
810.76,288.73,234.65,266.41
811.52,303.38,235.47,267.34
810.12,314.27,235.12,266.94
807.61,327.49,234.93,266.72
806.15,340.42,233.82,265.47
804.08,350,231.34,262.65
803.92,366.18,232.57,264.04
801.13,377.78,230.4,261.58
797.76,393.12,230.94,262.2
798.48,411.01,232.35,263.8
794.55,425.74,232.41,263.86
791.67,441.23,233.45,265.04
792.18,459.96,234.16,265.85
789.3,476.01,233.48,265.08
789.42,494.16,233.06,264.6
786.7,508.51,232.98,264.51
785.56,517.88,231.81,263.19
783.43,520.38,230.4,261.58
781.77,522.46,229.1,260.11
780.73,522.92,230.54,261.74
778.21,521.63,229.9,261.01
776.54,520.98,229.28,260.31
776.37,521.93,229.5,260.56
774.56,521.76,229.48,260.54
771.89,521.01,229.61,260.68
769.41,519.58,230.57,261.78
766.22,518.73,229.31,260.34
767.72,519.43,229.41,260.46
769.92,519.35,228.58,259.52
769.11,515.95,230.67,261.89
772.2,514.96,229.68,260.77
779.45,515.6,230.16,261.31
780.81,514.5,229.1,260.11
787.48,515.54,228.16,259.04
788.07,513.3,229.25,260.28
794.92,513.2,229.61,260.68
798.13,512.71,230.06,261.19
798.39,510.51,230.78,262.01
806.52,510.51,231.34,262.65
810.72,510.98,229.09,260.09
815.71,511.65,227.8,258.62
815.84,508.71,228.87,259.85
822.08,508.6,228.74,259.7
825.42,508.6,228.85,259.82
826.14,507.25,230.18,261.33
826.24,505.37,229.48,260.54
829.49,507.19,230.26,261.42
830.13,505.72,229.53,260.6
833.45,507.08,228.64,259.59
832.05,505.7,228.31,259.2
832.13,505.24,228.79,259.76
835.8,507.44,227.72,258.54
836.32,506.51,228.13,259.01
836.06,504.49,228.31,259.21
836.85,505.05,225.85,256.41
837.94,505.42,225.04,255.5
840.53,506.47,225.96,256.55
839.07,506.08,225.23,255.71
839.07,506.2,225.42,255.93
839.72,506.45,225.06,255.51
838.99,505.93,225.35,255.85
838.26,505.82,224.86,255.3
837.86,505.31,225.01,255.46
837.44,505.65,225.14,255.61
837.95,506.57,224.65,255.06
835.06,505.3,225.89,256.46
836.24,505.34,225.66,256.2
839.66,506.77,225.71,256.26
841.51,506.77,226.47,257.12
841.37,504.97,228.19,259.08
842.06,504.68,229.36,260.4
846.67,507.32,228.08,258.95
847.56,506.45,227.45,258.23
852.51,507.91,227.57,258.36
856.37,508.66,227.91,258.75
856.83,508.18,227.39,258.16
862.98,508.53,228.42,259.34
864.14,508.16,228.06,258.92
868.25,509.27,224.05,254.38
873.36,509.94,222.44,252.54
877.22,510.7,221.12,251.05
882.3,513.09,222.41,252.51
881.77,511.68,223.24,253.45
885.84,512.9,224.98,255.42
886.82,512.95,226.86,257.57
889.95,514.73,225.5,256.02
893.4,515.92,223.93,254.23
892.38,514.89,223.88,254.18
894.48,515.32,223.21,253.42
898.11,518.17,222.88,253.04
899.11,517.99,222.64,252.77
897.66,517.59,223.23,253.44
899.59,518.91,225.05,255.51
899.48,520,225.61,256.14
899.57,521.66,225.4,255.91
899.04,523.09,224.46,254.84
897.78,522.78,222.75,252.89
896.34,522.83,221.38,251.35
897.83,525.17,221.7,251.71
896.69,525.92,223.03,253.21
896.28,527.81,222.97,253.15
894.13,528.17,224.4,254.77
891.76,528.12,224.48,254.86
890.42,528.83,223.97,254.28
889.41,529.88,222.6,252.72
890.32,531.52,220.79,250.67
889.63,532.58,219.8,249.54
890.06,536.35,222.29,252.37
887.4,536.22,222.72,252.86
885.58,536.4,221.99,252.04
885.51,538.08,220.81,250.7
885.89,539.23,219.1,248.75
889.14,543.93,217.01,246.37
889.18,544.27,217.61,247.06
890.03,545.83,217.23,246.63
889.29,547.36,218.12,247.65
886.89,546.97,220.27,250.08
888.27,549.92,218.65,248.24
887.74,552.51,220.15,249.94
888.75,556,220.49,250.33
889.95,558.7,220.56,250.41
889.86,561.38,220.29,250.1
891.89,565.92,219.58,249.3
894.34,573.31,221.01,250.92
896.65,574.85,220.98,250.89
898.12,577.22,221.28,251.23
899.37,580.81,220.52,250.37
900.45,582.63,217.3,246.71
905.82,588.62,217.97,247.47
907.6,588.48,218.58,248.16
911.43,591.37,219.51,249.22
917.48,597.71,221.13,251.06
922.09,599.72,221.26,251.21
927.08,603.08,220.83,250.72
930.67,604.31,219.12,248.78
938.2,608.44,220.69,250.55
941.09,609.38,219.76,249.5
948.58,615.07,219.05,248.7
953.1,616.78,219.01,248.66
957.21,619.63,219.27,248.94
961.16,621.32,220.06,249.84
962.91,623.82,218,247.5
966.29,628.21,218.02,247.52
970.75,634.2,216.75,246.08
973.72,636.96,217.88,247.37
978.62,645.96,221.55,251.54
980.89,647.2,221.95,251.98
981.88,650.67,218.39,247.95
983.19,655.21,219.15,248.81
984.75,661.86,221.95,251.99
983.55,663.34,220.42,250.25
983.26,669.32,217.65,247.1
984.71,677.99,219.33,249.01
983.96,681.21,218.94,248.57
982.76,686.07,219.74,249.48
981.82,690.28,220.43,250.26
980.75,694.41,216.54,245.85
979.62,698.74,216.48,245.78
978.6,703.7,216.85,246.2
977.85,708.82,218.04,247.54
977.14,714.8,218.26,247.8
976.47,721.15,218.31,247.85
975.06,726.43,218.87,248.49
974.94,734.52,218.11,247.63
973.21,739.64,218.71,248.31
972.71,746.1,218.58,248.16
971.73,751.44,218.62,248.21
971.23,756.95,218.64,248.24
970.25,760.87,217.74,247.21
971.31,763.62,218.25,247.78
968.64,762.94,218.48,248.05
967.74,762.69,218.22,247.75
966.37,762.67,218.48,248.05
965.56,762.6,218.45,248.02
964.88,762.88,218.38,247.93
965.26,763.26,218.19,247.72
963.71,763.81,218.3,247.85
962.56,763.37,218.32,247.87
961.8,763.33,218.64,248.23
960.32,762.97,218.98,248.62
961.63,764.11,218.6,248.19
959.17,763.62,218.6,248.19
958.21,763.02,218.59,248.17
957.87,762.98,218.51,248.08
956.14,762.75,219.45,249.15
957.88,764.39,218.27,247.81
955.3,763.75,218.57,248.15
952.87,761.92,220.29,250.1
953.71,762.99,216.78,246.12
953.03,762.87,216.11,245.36
952.18,762.62,215.57,244.75
953.36,762.7,215.6,244.78
951.89,762.95,216.31,245.59
949.21,761.46,216.8,246.14
947.22,760.16,218.01,247.52
946.61,760.15,216.55,245.86
946.13,759.72,216.4,245.69
945.46,758.91,216.8,246.15
944.39,758.46,216.64,245.96
943.71,757.77,216.97,246.34
945.83,759.71,216.39,245.68
941.4,757.31,217.95,247.44
941.13,757.65,216.21,245.48
939.74,756.89,216.29,245.56
939.03,755.69,216.6,245.91
937.48,754.75,217.2,246.6
938.44,755.47,216.67,245.99
934.95,754.03,216.4,245.68
935.27,752.6,216.4,245.69
933.49,751.22,217.76,247.23
934.48,751.35,217.74,247.21
933.93,751.05,216.84,246.18
930.38,749.24,217.59,247.04
931.92,748.68,217.62,247.08
930.36,747.67,219,248.64
929.31,747.41,217.66,247.12
927.98,746.64,217.54,246.98
927.36,745.34,218.44,248
924.89,744.19,217.28,246.68
925.77,743.15,217.54,246.98
924.62,742.08,218.49,248.06
922.32,741.08,218.3,247.84
920.15,738.29,220.15,249.94
920.69,738.89,217.13,246.51
922.09,738.33,217.19,246.59
921.44,737.17,217.22,246.62
921.12,736.32,216.57,245.88
917.14,734.34,216.79,246.13
916.95,733.03,215.87,245.08
918.19,731.9,216.78,246.11
915.22,730.46,215.78,244.99
916.27,729.46,215.98,245.21
911.93,726.73,218.64,248.23
911.23,725.11,218.49,248.06
910.34,723.98,218.6,248.18
910.58,723.29,217.41,246.84
911.53,722.48,216.93,246.29
911.41,721.85,215.66,244.85
911.12,720.06,216.49,245.79
908.32,718.1,216.02,245.25
908.2,716.32,215.94,245.16
908.28,715.28,214.47,243.5
906.37,712.46,216.77,246.11
906.46,711.31,215.28,244.42
908.85,711.49,212.81,241.61
906.48,708.83,213.23,242.09
906.68,708.14,213.09,241.93
906.33,707.85,213.1,241.94
904.75,706.12,214.1,243.07
901.57,703.34,214.3,243.31
902.17,702.8,211.76,240.42
904.35,701.5,212.45,241.2
903.59,699.15,211.17,239.75
903.7,696.54,209.94,238.35
905.74,696,207.93,236.07
905.74,693.88,206.84,234.84
907.48,691.99,207.11,235.14
906.26,691.07,207.83,235.95
903.48,689.36,208.58,236.81
903.3,688.75,209.54,237.89
899.54,685.6,212.85,241.65
898.56,684.8,212.47,241.23
898.69,682.91,213.15,241.99
899.98,680.69,213.57,242.47
899.6,678.89,212.36,241.1
897.59,676.2,212.86,241.66
897.32,674.05,212.23,240.95
899.46,674.12,209.3,237.62
901,671.65,209.98,238.4
904.78,672.32,207.93,236.07
903.08,668.79,209.49,237.84
903.49,667.41,207.94,236.08
904.06,666.08,207,235.02
905.42,664.06,207.38,235.45
907.22,663.1,205,232.75
908.04,661.26,204.36,232.01
908.18,659.06,205.26,233.04
911.45,658.35,203.87,231.46
910.98,656.59,205.07,232.83
911.3,655.38,205.19,232.97
909.93,652,207.49,235.57
910.04,649.95,205.05,232.8
911.93,648.85,205.28,233.06
913.35,646.54,206.92,234.92
913.84,645.28,208.31,236.5
914.24,644.66,208.58,236.81
915.13,643.93,209.04,237.33
916.14,641.66,208.57,236.8
917.54,640.48,209.43,237.77
918.9,637.83,209.52,237.88
919.94,635.42,208.83,237.1
922.1,634.03,209.6,237.97
923.7,632.56,208.84,237.11
926.07,631.44,209.72,238.11
926.48,627.99,210.6,239.1
928.19,626.24,209.76,238.15
931.36,625.19,210.51,239
932.37,622.2,212.71,241.5
933.56,619.28,213.01,241.84
937.65,618.74,212.25,240.97
938.53,615.31,213.71,242.63
942.91,615.27,210.87,239.41
945.48,612.86,209.51,237.87
948.22,611.5,207.19,235.23
952.39,609.9,208.16,236.33
953.75,607.69,207.96,236.11
957.1,606.41,206.27,234.19
960.14,605.19,206.01,233.89
963.57,604.39,205.86,233.72
965.52,602.38,206.65,234.61
968.88,600.73,208.52,236.74
973.4,600.25,207.55,235.64
975.67,597.04,209.44,237.79
978.7,596.62,207.56,235.65
982.34,595.74,208.27,236.46
986.46,594.19,211.54,240.17
989.46,592.5,212.7,241.48
991.13,588.48,213.7,242.62
994.28,586.13,212.2,240.92
995.92,583.98,210.66,239.17
1004,582.62,208.33,236.53
1010.7,582.25,206.59,234.55
1013.9,581.14,207.12,235.15
1017.7,578.98,208.86,237.13
1023.3,578.32,207.46,235.54
1027.6,577.2,206.13,234.03
1032.4,576.44,204.11,231.74
1037.8,575.61,205.03,232.77
1041.4,574.01,205.08,232.83
1046,571.99,206.72,234.7
1048.4,571.09,207.96,236.1
1052.5,570.99,208.43,236.63
1060.6,572.16,207.82,235.95
1061.8,569.67,208.13,236.3
1069.2,563.33,206.59,234.54
1075.8,559.35,204.75,232.46
1080.7,558.34,202.65,230.07
1091.9,559.48,200.45,227.58
1097.3,560.04,200.9,228.09
1100.6,558.74,201.01,228.22
1108.5,557.17,200.84,228.02
1110.2,555.83,202.4,229.79
1115.4,555.45,203.57,231.12
1122.8,556.32,203.96,231.56
1127.7,556.52,206.12,234.02
1129.5,553.78,206.44,234.38
1138.1,551.16,206.05,233.94
1143.8,548.23,204.45,232.12
1147.4,546.8,203.41,230.94
1146.5,546.62,201.91,229.24
1158.8,544.99,201.67,228.96
1160.5,542.23,201.29,228.53
1168.6,540.06,199.74,226.77
1176,537,200.12,227.2
1182.1,536.15,198.8,225.71
1189.1,538.3,198.88,225.8
1198.7,538.54,199.42,226.41
1204.9,537.21,197.73,224.49
1210.1,536.44,197.45,224.18
1216.2,536.39,197.87,224.65
1223.5,534.51,199.98,227.05
1227,529.75,199.22,226.18
1233.2,525.86,195.9,222.42
1238,526.47,196.26,222.82
1245.9,524.3,193.44,219.61
1249.3,521.6,194.14,220.41
1254.2,522.77,194.27,220.57
1262.2,523.68,193.82,220.05
1264.7,524.1,195.98,222.5
1272.7,523.9,197.54,224.28
1277.5,518.32,198.05,224.85
1287,513.3,195.71,222.19
1289.2,513.02,194.68,221.03
1296.3,512.69,194.98,221.37
1300.8,510.57,195.96,222.49
1309,508.48,194.9,221.28
1312.6,505.26,194.33,220.63
1321.3,505.55,193.45,219.63
1325.6,502.81,193.35,219.52
1332.1,501.75,191.53,217.45
1338.9,499.66,192.1,218.1
1342.5,496.92,191.93,217.91
1347.6,495.99,191,216.84
1355.4,495.76,190.43,216.2
1359.3,493.78,191.42,217.32
1366.9,493.08,192.32,218.35
1371.9,491.11,192.98,219.1
1377.5,487.98,193.62,219.82
1380.5,486.28,191.76,217.71
1382.8,485.76,192.1,218.1
1384,483.04,193.05,219.18
1386.2,480.69,193.49,219.68
1387.5,477.66,192.6,218.67
1389.2,477.24,191.92,217.89
1386.5,473.83,190.86,216.69
1385.5,473.47,188.47,213.97
1380.8,470.94,188.18,213.65
1375.9,469.88,187.1,212.42
1368.4,466.72,187.69,213.09
1361.1,463.69,187.9,213.33
1355,461.98,189.01,214.59
1344.3,458.94,189.2,214.8
1335.5,456.86,188.67,214.21
1325,454.36,188.45,213.95
1314.8,452.92,189.13,214.73
1301.9,449.91,189.52,215.17
1294.2,448.04,189.46,215.1
1281.5,444.9,191.37,217.26
1270.7,442.28,191.78,217.74
1258.8,439.1,192.25,218.27
1249.9,436.83,191.97,217.96
1241,434.26,191.72,217.67
1232.9,431.11,191.24,217.12
1227.8,429.12,190.38,216.15
1218.2,426.32,189.83,215.53
1214.1,424.42,189.19,214.8
1206.3,420.89,188.67,214.21
1199.5,417.84,188.35,213.85
1194.5,416.71,188.02,213.47
1186.9,413.71,190.16,215.89
1177.6,409.94,191.31,217.2
1173.7,408.68,190.22,215.97
1164.5,405.69,189.33,214.95
1160.6,403.47,190.35,216.11
1151.5,401.65,189.66,215.33
1147.6,401.82,189.36,214.99
1142.2,401.91,188.84,214.4
1134.9,402.05,186.73,212
1132.2,403.79,186.11,211.3
1125.6,403.62,184.9,209.92
1123.6,405.92,183.37,208.18
1117.8,407.16,182.63,207.35
1110.6,406.69,182.13,206.78
1107.7,409.33,182.58,207.29
1102,409.36,182.3,206.97
1098,410.94,182.17,206.83
1095.7,416.42,182.93,207.68
1091.4,415.58,183.28,208.08
1089.3,421.68,183.85,208.73
1085.3,422.12,182.84,207.58
1082.5,424.26,181.84,206.45
1082,430.27,182.6,207.31
1077.6,430.41,181.27,205.8
1075.1,435.16,179.56,203.86
1072.2,439.23,178.15,202.26
1068.9,442.34,177.85,201.92
1066.5,445.41,177.17,201.15
1064.9,452.27,177.88,201.96
1061.4,452.91,177.26,201.25
1061.4,460.64,178.55,202.71
1058.5,461.8,178.94,203.16
1055.9,464.55,179.67,203.99
1053.9,466.39,177.69,201.74
1053.2,470.95,178.2,202.32
1053.7,474.5,177.68,201.72
1055.8,478.13,178.11,202.22
1059.5,481.49,177.36,201.36
1063.8,485.94,179.89,204.23
1065.8,488.06,180.2,204.59
1069.4,490.31,180.38,204.8
1073.9,494.4,177.7,201.75
1076.4,495.77,175.5,199.25
1081,500.01,177.29,201.28
1082.9,501.75,177.81,201.87
1084.7,502.55,177.07,201.03
1089.1,506.61,179.43,203.71
1090,507.21,178.59,202.76
1095.3,511.14,178.38,202.53
1098.7,512.08,177.55,201.58
1100.7,511.1,177.14,201.11
1105,511.7,176.73,200.65
1108.5,512.07,176.78,200.71
1110.9,511.02,177.8,201.87
1112.6,509.26,176.96,200.91
1117.4,508.43,177.12,201.09
1119.5,507.01,177.33,201.33
1122.4,505.73,177.5,201.52
1124.9,504.25,176.41,200.28
1127.3,501.96,177.34,201.35
1131.2,501.22,177.35,201.35
1134.6,500.09,176.71,200.62
1137.1,498.28,177.72,201.77
1137.8,496.14,178.34,202.48
1141.8,495.33,178.79,202.99
1144.5,494.26,178.3,202.43
1147.4,493.4,177.55,201.58
1148.9,490.32,177.94,202.02
1151.7,488.27,178.52,202.68
1155.6,487.8,177.54,201.57
1157.3,485.49,176.95,200.9
1160.1,484.23,177.58,201.61
1162.9,483.35,176.17,200.01
1165,481.85,176.38,200.25
1167.8,480.7,175.27,198.99
1171.9,479.88,175.49,199.25
1174.5,478.03,176.42,200.3
1175.5,475.28,176.72,200.64
1177.9,474.63,177.44,201.45
1181.1,473.82,177.81,201.87
1182.4,471.72,176.94,200.89
1186,471.2,177.36,201.37
1189.2,470.21,176.4,200.27
1190.5,467.72,175.4,199.13
1194.3,466.95,175.53,199.29
1197.2,466.25,174.34,197.93
1197.1,463.01,175.36,199.09
1201,462.73,174.83,198.49
1202.1,460.12,175.21,198.93
1205.5,460.95,173.19,196.63
1207.4,458.65,172.31,195.63
1210.7,457.93,172.32,195.64
1212.1,455.84,173.56,197.05
1213.8,455.1,173.04,196.46
1213.2,452.01,173.57,197.06
1216.1,452.3,172.52,195.87
1217,450.98,173.07,196.49
1217,448.91,171.52,194.73
1217.8,447.27,171.85,195.1
1219.3,445.98,171.04,194.19
1221.3,445.71,171.13,194.29
1222.1,444.34,172.11,195.4
1222.7,443.02,173.49,196.97
1222.9,440.63,172.44,195.78
1225.9,440.38,171.24,194.42
1227.1,439.52,168.78,191.62
1227.6,438.59,168.89,191.75
1228.5,436.98,170.31,193.36
1230.6,435.6,170.98,194.12
1231.1,434.04,170.69,193.79
1233.2,432.64,170.74,193.85
1234.3,432.46,169.03,191.9
1234.2,430.73,168.75,191.59
1233.9,429.4,169.56,192.51
1235.8,428.74,168.64,191.46
1236.5,427.1,167.93,190.66
1239.1,426.69,167.01,189.61
1239.2,425.5,166.66,189.22
1236.6,423.87,166.3,188.8
1236.7,422.88,166.05,188.52
1237.3,421.34,167.04,189.64
1237.9,420.5,166.53,189.07
1236.6,419.59,165.4,187.78
1236,417.71,164.6,186.87
1234.5,416.11,165.29,187.66
1232.7,415.04,164.7,186.99
1232.2,414.86,163.76,185.92
1231.8,414.74,162.89,184.94
1228.7,413.64,162.85,184.89
1226.2,413.01,162,183.92
1223.9,411.55,161.67,183.55
1221.4,411.22,161.78,183.68
1218.2,411.02,161.59,183.45
1214.9,409.72,162.01,183.93
1213.5,410,160.7,182.45
1210.2,409.93,161.05,182.85
1208.1,410.2,161.8,183.7
1203.7,409.53,163.12,185.19
1201.9,409.91,162.74,184.77
1199.9,410.15,161.55,183.42
1198.1,410.26,161.21,183.03
1196.4,411.11,161.03,182.83
1193.5,412.26,160.12,181.8
1191.1,412.89,160.65,182.39
1187.2,412.81,160.87,182.64
1185.2,413.88,160.78,182.54
1181.3,414.06,160.46,182.17
1180.1,414.37,160.69,182.44
1176.7,414.62,161.17,182.98
1176.8,415.81,160.87,182.64
1175.3,415.95,162.02,183.95
1172.7,416.26,160.53,182.26
1171.9,416.89,160.88,182.66
1170.5,418.22,161.32,183.15
1169.5,418.73,161.22,183.04
1169.1,419.79,160.78,182.54
1166.7,420.48,159.9,181.55
1167.8,421.41,159.89,181.52
1167.6,422.45,160.67,182.41
1165.7,423.05,160.69,182.43
1165.7,424.63,159.3,180.86
1166,425.32,159.61,181.21
1166.1,426.81,158.58,180.05
1168,429.05,158.57,180.03
1167.7,430.52,158.76,180.24
1165.7,430.73,160.06,181.73
1165.5,432.96,159.18,180.72
1163.9,433.31,159.57,181.17
1164.4,434.63,158,179.39
1163.8,435.93,156.75,177.96
1164.3,438.43,156.22,177.36
1163.5,441.59,157.76,179.11
1162.1,442.61,158.82,180.32
1159.5,442.87,160.4,182.1
1157.8,443.93,158.53,179.99
1157.9,446.05,159.34,180.91
1156.6,446.71,158.4,179.84
1156.2,449.32,157.53,178.85
1155.5,451.33,159.84,181.47
1152,451.88,161.84,183.74
1149.2,452.23,160.8,182.56
1149.1,454.06,158.74,180.22
1149.3,458.29,159.28,180.83
1146.6,458.33,157.88,179.25
1147.6,462.21,158.18,179.59
1145.3,463.76,156.28,177.43
1143.5,466.57,157.94,179.32
1141.3,468.06,156.31,177.47
1141.1,471.34,156.85,178.08
1138.3,471.43,156.52,177.7
1137.8,474.79,155.92,177.02
1134.4,474.81,156.63,177.83
1134,479.43,157.28,178.56
1131,480.2,156.74,177.95
1128.3,482.17,156.21,177.35
1125.9,483.74,158.41,179.85
1122,484.31,158.72,180.2
1120.9,488.01,157.43,178.74
1118.8,490.53,157.75,179.1
1117.2,492.46,157.9,179.27
1113.9,494.85,155.98,177.09
1111.5,496.58,154.92,175.88
1108.6,499.44,153.54,174.32
1105.9,501.77,152.92,173.62
1102.9,505.54,154.51,175.42
1099.5,505.74,155.47,176.51
1096.4,508.35,157.17,178.44
1093,509.75,156.41,177.58
1091.7,513.1,156.79,178.01
1088.1,514.69,155.37,176.39
1085,515.48,155.86,176.95
1079.7,514.51,156.95,178.19
1076.6,513.85,158.08,179.47
1074.4,514.66,156.5,177.68
1072,515.02,157.4,178.7
1068.4,515.59,158.72,180.2
1063.8,515.95,159.39,180.96
1057.8,515.19,160.02,181.68
1055.1,514.83,160.03,181.69
1052.5,515.47,158.21,179.62
1049.6,515.08,157.79,179.15
1049.2,514.51,157.94,179.32
1046.9,513.97,157.99,179.37
1047.4,514.53,156.18,177.31
1047.8,514.58,157.15,178.42
1048.5,515.07,155.11,176.1
1052,515.54,156.05,177.17
1054.4,515.28,156.14,177.28
1061.2,515.52,155.89,176.99
1065.3,515.39,156.2,177.34
1075.7,516.19,155.86,176.96
1080.8,515.78,155.73,176.81
1090.5,515.83,155.42,176.46
1101.4,517.06,154.59,175.51
1109.3,517.03,154.11,174.97
1123.1,518.47,152.84,173.53
1132,518.41,154.26,175.14
1143.2,519.03,153.35,174.11
1153,518.81,153.37,174.13
1164.9,519.42,151.61,172.12
1178.3,521.39,151.23,171.69
1188.8,521.38,151.31,171.79
1200.1,521.85,150.8,171.21
1211.5,522.96,151.63,172.15
1217.1,523.44,152.8,173.48
1220.3,523.92,153.05,173.76
1220.4,523.99,153.28,174.03
1217.2,523.63,153.42,174.18
1213.7,523.37,152.69,173.36
1211.3,524.63,151.9,172.46
1206.3,524.51,152.25,172.86
1199.5,524.71,151.63,172.15
1196.8,525.34,151.85,172.41
1191.8,526.17,151.24,171.71
1183.6,526.35,149.44,169.66
1182.3,527.79,147.23,167.16
1176.7,528.37,147.9,167.92
1172.5,528.59,148.31,168.38
1169.3,529.1,147.45,167.41
1160.8,528.7,147.1,167.01
1156,531.72,148.02,168.05
1148.9,533.49,147.46,167.41
1139.8,532.2,147.88,167.9
1135.5,531.55,147.59,167.57
1130.2,532.2,146.38,166.19
1121.4,533.94,146.13,165.91
1112.9,534.95,146.35,166.16
1105.8,535.18,147.35,167.29
1098.8,535.37,146.87,166.75
1096.2,537.97,145.71,165.43
1094.4,538.87,145.91,165.65
1088.3,540.12,145.38,165.06
1078.7,539.56,144.69,164.28
1074.9,539.64,143.46,162.88
1060,548.62,143.15,162.52
1054.2,547.53,143.85,163.31
1026.1,560.77,144.25,163.78
1050.2,543.75,144.93,164.54
1033.7,544.94,145.05,164.68
1021.1,541.32,145.06,164.7
1013.3,539.26,145.12,164.76
1011.5,539.04,144.76,164.35
1010.1,545.12,144.21,163.72
1008.9,542.2,144.02,163.52
1014.1,541.11,142.93,162.27
984.63,551.15,141.67,160.84
821.81,607.48,140.61,159.63
744.56,619.17,139.38,158.25
750.53,620.71,139.39,158.25
757.76,621.61,139.11,157.93
767.79,622.72,138.66,157.43
779.53,624.44,139.03,157.84
785.68,623.67,138.71,157.48
802.88,624.61,138.87,157.67
814.28,624.03,139.16,157.99
823.13,623.48,138.86,157.65
839.28,624.56,139.07,157.89
849.3,623.03,139.33,158.19
863.77,622.93,139.17,158.01
879.24,622.89,138.13,156.83
895.34,622.5,137.81,156.46
912.42,624.11,137.95,156.62
925.36,623.06,137.72,156.36
942.65,624.4,137.9,156.56
954.3,623.09,138.4,157.13
969.37,623.08,138.57,157.32
984.88,624.66,139.06,157.88
993.95,623.78,138.87,157.66
1010,625.69,139.03,157.85
1019.2,625.07,139.17,158.01
1032.3,626.03,138.67,157.44
1047,629.75,138.86,157.65
1057.6,635.24,139.62,158.52
1069.9,641.96,140.16,159.13
1084,649.48,140.3,159.28
1096.8,655.57,139.81,158.73
1111.9,664.72,140.16,159.13
1126.7,671.6,140.82,159.88
1141.1,679.86,140.19,159.16
1154.5,685.48,140.09,159.04
1170,694.45,140.43,159.44
1185.2,700.1,140.1,159.06
1201.8,709.68,141.19,160.3
1218.2,717.41,141.61,160.78
1233.3,723.4,140.36,159.36
1250.3,731.84,140.05,159
1268.3,740.54,140.86,159.93
1283.9,748.18,141.46,160.6
1299.5,754.4,140.8,159.86
1316.1,764.21,141.45,160.59
1330.6,770.33,140.77,159.83
1344.9,778.54,141.11,160.21
1358.3,788.24,141.45,160.59
1370.9,794.08,141.38,160.51
1381.7,802.61,141.19,160.3
1393.8,812.61,141.38,160.51
1403.9,818.38,141.06,160.15
1415.6,828.34,141.3,160.43
1424.8,836.4,141.44,160.58
1432.6,842,141.35,160.48
1440.5,852.17,141.93,161.14
1444.7,859.03,141.73,160.91
1449.3,867.11,141.85,161.05
1453.3,874.3,141.77,160.96
1456.7,882.36,141.73,160.92
1459.5,889.89,141.77,160.96
1462.1,897.34,142.51,161.8
1466.4,906.54,143.07,162.43
1468.2,912.85,142.65,161.96
1471.9,920.71,142.18,161.42
1474.7,929.6,143.46,162.87
1477.3,937.1,143.98,163.46
1479.7,943.55,143.42,162.83
1482.2,951.82,144.42,163.97
1483.2,959.06,146.19,165.98
1484.6,964.89,146.28,166.08
1487.9,972.5,145.44,165.13
1491,979.38,146.19,165.98
1492.7,987.17,147.28,167.21
1497.1,994.24,146.61,166.46
1499,1001.7,143.83,163.3
1505,1009.4,143.89,163.36
1511.2,1017.4,145.56,165.26
1514.3,1024.9,147.63,167.62
1517.1,1030.3,148.01,168.05
1525,1039,148.02,168.05
1530.6,1046.5,147.71,167.7
1542.6,1055.7,149.11,169.29
1544.1,1062.7,150.2,170.53
1555.7,1070.8,147.19,167.11
1560.5,1074.1,149.09,169.27
1557.8,1080.7,151.4,171.89
1586.1,1095.6,150.43,170.79
1568.9,1093,150.53,170.9
1510.6,995.53,148.85,169
1522.5,1004.6,147.37,167.31
1538.6,1018.7,145.07,164.7
1543.2,1022.4,144.74,164.32
1556.5,1021.4,143.17,162.54
1557.6,1017.5,144.2,163.72
1570.7,1030.8,145.34,165.01
1576.4,1034.5,144.34,163.88
1547.7,973.56,143.98,163.47
1557,981.7,142.94,162.28
1563.3,989.4,144.1,163.61
1572.3,1000.4,144.34,163.87
1584.3,1010.1,143.83,163.29
1589.2,1017.8,144.51,164.06
1590.6,972.3,142.2,161.44
1590.5,979.99,139.91,158.85
1608.6,992.94,138.23,156.93
1618.2,998.95,135.35,153.67
1620.3,1013.8,134.44,152.63
1635.2,1017.8,133.35,151.4
1644.4,1020.7,131.77,149.61
1553.6,1021.7,130.25,147.88
1621.5,1008.6,129.73,147.29
1628.1,1008.9,130.42,148.08
1634.7,1016.4,130.5,148.16
1592.6,1005.7,128.61,146.01
1605.7,1003.6,127.26,144.48
1613.6,1008.7,124.93,141.83
1622.7,1012.9,123.65,140.38
1627.2,1018,122.05,138.57
1636,1021.5,119.36,135.51
1648.1,1024.8,116.62,132.41
1715.1,1021.7,116.75,132.55
1726.4,1032.5,116.66,132.44
1721.9,1032.2,116.6,132.38
1742.6,1006.3,115.47,131.1
1717.7,920.08,114.29,129.76
1646.9,871.37,114.48,129.97
1646.9,801.79,114.43,129.92
1652.3,808.5,114.28,129.75
1665,812.12,114.14,129.59
1674.9,815.93,114.08,129.52
1689.9,818.68,114.18,129.64
1700.9,818.11,115.18,130.77
1711.5,833.75,114.59,130.1
1724.1,838.43,114.18,129.63
1735.8,842.7,114.25,129.72
1747.6,846.52,114.19,129.64
1762.8,849.3,114.57,130.08
1777.1,856.03,114.7,130.23
1791.2,862.67,115.04,130.61
1810.7,864.27,116.4,132.15
1822.4,868.64,116.52,132.29
1831.2,872.25,117.02,132.86
1850.7,880.6,116.98,132.81
1867.2,890.18,116.31,132.05
1881.7,879.08,118.78,134.86
1876.5,863.24,119.24,135.38
1876.8,847.04,121.77,138.25
1860.9,835.49,122.44,139.02
1870.7,835.63,124.45,141.29
1898.7,835.84,126.76,143.91
1864.2,941.69,128.96,146.42
1805.1,914.04,127.8,145.1
1809,918.46,125.9,142.93
1821.7,923.85,124.46,141.31
1808.5,961.43,123.5,140.21
1842.8,938.44,123.71,140.45
1889.3,819.57,124.77,141.65
1891.5,819.12,125.99,143.05
1896.2,821.3,127.75,145.03
1827.2,848.21,126.76,143.91
1697.2,864.71,127.25,144.47
1705.6,874.59,127.86,145.16
1707.5,873.92,128.49,145.88
1717.7,881.22,129.27,146.77
1727.3,888.12,129.4,146.92
1738.4,895.62,129.67,147.22
1740.5,900.42,129.82,147.39
1742.1,909.85,129.6,147.13
1748.7,910.94,129.72,147.27
1760.6,916.54,130.19,147.81
1766.4,927.53,130.3,147.93
1773.3,931.54,130.34,147.98
1770.6,932.59,130.21,147.84
1782.2,944.33,131.52,149.31
1783.7,945.85,131.1,148.84
1743.4,899.74,131.81,149.65
1758.8,851.05,132.49,150.42
1758.5,861,132.62,150.56
1695.8,881.8,132.53,150.46
1798.1,968.19,132.01,149.87
1800.2,972.73,131.6,149.41
1804.3,1000.5,131.1,148.84
1793.6,987.88,130.97,148.7
1796.9,989.22,130.87,148.58
1794.9,991.85,130.68,148.37
1793.7,1002,130.53,148.19
1792.6,1011.9,131.42,149.21
1793.2,1013.5,132,149.87
1795.8,1015.1,131.04,148.77
1794.3,1025.9,130.54,148.21
1819.9,979.69,129.54,147.07
1810.9,943.53,128.28,145.64
1824,1009.5,127.49,144.74
1818.8,997.89,127.16,144.37
1860.4,1005.9,127.36,144.6
1808.5,983.44,126.69,143.83
1773.5,984.23,126.86,144.03
1802.5,1000.9,127.01,144.2
1767.9,1010.1,126.8,143.96
1770.6,929.27,126.26,143.35
1805.6,929.97,125.47,142.45
1805.6,941.75,124.65,141.52
1804.5,950.6,123.39,140.08
1645.9,965.48,123.65,140.38
1597.8,1012.3,124.46,141.3
1611,1010.1,124.61,141.47
1647.9,983.35,125.74,142.76
1649.9,997.3,125.95,143
1647.8,1004.9,127.13,144.33
1649.8,1011.7,129.12,146.59
1662.4,937.96,129.03,146.5
1649.1,936.52,130.26,147.89
1702.9,971.82,129.53,147.06
1747.5,998.59,128.96,146.41
1740.4,1007.2,128.93,146.38
1744.1,1009.4,128.53,145.93
1704.1,981.23,128,145.33
1678.8,968.2,127.44,144.69
1667,946.25,126.79,143.95
1725.7,999.01,125.87,142.9
1693.4,988.12,125.69,142.7
1693.9,976.37,125.2,142.15
1706.1,988.7,124.73,141.62
1707.9,973.69,124.17,140.97
1707.9,976.12,124.16,140.97
1719.5,979.99,123.68,140.42
1731.3,991.88,124.16,140.96
1738.5,996.98,124.15,140.96
1749.5,999.87,123.86,140.62
1762.7,1002.6,124,140.78
1771.9,1005.7,123.91,140.68
1783.8,1009.5,123.64,140.37
1785.7,1011.2,123.35,140.04
1810.1,1012.2,122.02,138.53
1816.5,1010.7,120.68,137.01
1814.7,983.54,120.65,136.98
1806.2,976.9,119.78,135.99
1820.9,988.2,118.82,134.9
1832.9,991.41,118.35,134.37
1847.1,996.61,117.23,133.09
1858.7,1001.7,116.85,132.66
1871.7,1012.9,117.13,132.98
1873.3,1004.4,116.35,132.1
1819,1013.6,115.67,131.32
1760.8,1006.5,115.36,130.97
1694.1,939.69,115.46,131.08
1681.9,930.54,116.06,131.76
1707.6,950.76,116.58,132.36
1697.4,938.72,117.37,133.25
1697.8,939.14,118.05,134.02
1700,937.18,118.32,134.34
1733.3,952.96,117.28,133.15
1717.5,950.4,117.76,133.7
1721.1,958.09,118.91,135
1721.4,960.28,119.1,135.22
1726.6,963.27,119.72,135.93
1728.3,965.35,120.43,136.72
1730.1,967.02,120.15,136.41
1735.7,971.67,120.1,136.35
1737.2,975.02,119.57,135.76
1737.9,976.54,119.4,135.56
1739.6,984,119.69,135.89
1742,987.61,119.46,135.63
1765.9,1006.7,119.68,135.88
1743.2,995.72,120.45,136.75
1743.1,998.05,120.7,137.03
1766.8,1010.1,119.72,135.92
1742.5,1007.7,121,137.38
1746.5,1009.4,121.46,137.89
1746.3,1012,121.38,137.81
1745.1,1016.1,121.34,137.76
1740.4,1019.7,122.01,138.53
1739.3,1003.1,120.85,137.21
1751.7,1025.6,121,137.38
1753.2,1029.2,120.96,137.33
1678.6,969.03,122.45,139.03
1677.8,966.53,123.86,140.62
1675.2,970.69,124.53,141.39
1673.8,972.56,125.01,141.93
1673.6,975.87,125.45,142.43
1672.9,979.88,126.43,143.54
1673.9,982,126.7,143.85
1675,984.64,126.34,143.44
1677.6,988.3,126.85,144.02
1676.1,991.86,125.93,142.97
1677,993.82,125.08,142.01
1675.6,998.57,125.51,142.5
1679.7,1002.1,124.73,141.61
1683.8,1005.2,124.76,141.64
1688.4,1009.2,123.69,140.43
1696.8,1011.9,122.67,139.27
1702,1016,121,137.37
1709.6,1020.8,120.03,136.28
1713.6,1027.6,120.14,136.4
1720.1,1032.9,121.09,137.48
1735.1,1034.2,121.7,138.17
1751.4,1038.3,122.39,138.95
1725.6,1036.9,122.43,139
1721.4,987.42,121.18,137.58
1804.8,1035,122.29,138.84
1823.6,1035.2,122.87,139.5
1867.3,968.66,122.77,139.39
1814,870.29,121.86,138.35
1816.6,927.85,121.82,138.31
1747.7,1010.6,120.84,137.2
1747.5,1019.2,120.73,137.07
1776.8,1013.9,119.57,135.75
1778.9,1019.6,118.5,134.54
1744.8,978.12,117.98,133.94
1752.9,1020.6,117.67,133.6
1718.7,997.96,117.98,133.94
1718,994.62,118.18,134.17
1734.2,1007.8,117.52,133.42
1731.5,1005,116.68,132.47
1723.5,999.41,116.89,132.71
1769.9,1025.6,117.16,133.02
1727.2,989.21,117.56,133.47
1740.2,1000.1,117.51,133.41
1781.9,1027,117.88,133.83
1781.3,1021.5,117.52,133.43
1733.9,985.63,117.77,133.71
1729.7,975.86,118.63,134.69
1756.6,1000.4,119.28,135.43
1771.1,1000.6,119.01,135.12
1766.3,997.05,119.02,135.13
1770,999.56,119.45,135.62
1768.8,997.99,119.85,136.07
1789,1009.3,120.37,136.66
1779.1,994.82,120.75,137.1
1787.6,1006.7,121.94,138.44
1784.8,994.56,121.74,138.21
1797.5,1001.6,121.28,137.69
1794.3,998.25,121.78,138.26
1803,1005.3,121.8,138.29
1794.5,994.57,122.39,138.96
1800,996.64,123.13,139.8
1796.3,989.63,124.25,141.06
1804.1,994.06,124.57,141.43
1804.8,997.95,124.82,141.72
1812.1,1002.9,123.78,140.53
1812.5,999.65,122.59,139.19
1787.1,981.62,121.63,138.09
1789.2,986.38,121.19,137.6
1795.5,992.77,121.07,137.45
1797.9,998.86,120.25,136.53
1802.5,1005,118.96,135.06
1806,1016.3,118.19,134.18
1804.1,994.55,119.2,135.33
1805.2,1027.9,119.68,135.88
1797.4,1026.7,119.44,135.61
1795.8,998.24,118.95,135.05
1789.6,997.13,118.38,134.4
1787.4,1002.2,118.07,134.05
1806.3,1021.8,117.86,133.82
1803.7,1027.3,118.45,134.48
1764.3,1000.4,118.68,134.74
1762.8,1001.4,118.53,134.58
1758.7,1005.1,118.49,134.52
1754.7,1005.8,118.92,135.02
1750.5,1008.3,119,135.11
1730.8,1004.9,119.71,135.91
1720.2,1001.7,120.43,136.73
1720.9,999.53,120.32,136.6
1710.5,995.93,120.23,136.5
1703,1001.4,119.96,136.2
1692.2,1004.6,119.82,136.04
1685.3,1006.4,120.23,136.5
1662.7,996.75,119.99,136.23
1626.1,974.13,121.75,138.23
1583.4,997.28,121.43,137.86
1586.5,1004.3,121.61,138.07
1631.9,999.71,123.03,139.68
1619.2,1001.5,123.44,140.15
1578.7,973.56,124.14,140.94
1582.6,985.74,125.03,141.95
1575.8,985.06,124.92,141.82
1571.5,992.7,124.5,141.35
1572.2,997.27,123.91,140.68
1573.2,1006.4,123.97,140.75
1555.4,997.35,123.92,140.69
1553.9,1001.3,123.69,140.43
1553.5,1001.7,122.67,139.27
1553.5,1010.2,121.6,138.06
1528.1,998.62,121.38,137.81
1515,1002.5,120.75,137.09
1515.5,1003.4,120.04,136.29
1510.6,1010.8,119.87,136.09
1504.5,1000.7,119.97,136.2
1503.6,1002.6,119.76,135.97
1435.4,997.86,119.28,135.43
1459.9,998.75,119.43,135.59
1465.2,1002.9,119.58,135.76
1419.1,973.71,119.3,135.45
1417.9,977.22,119.37,135.52
1422.7,988.28,118.99,135.09
1423.9,996.03,119.22,135.35
1420.4,997.02,119.29,135.43
1419.2,1004.3,119.49,135.66
1413.5,1003.2,119.5,135.68
1413.9,1000.3,119.56,135.74
1415,999.51,119.4,135.56
1417.1,1012.2,119.34,135.49
1400,990.46,119.32,135.47
1399.1,991.78,118.62,134.67
1406.7,995.13,118.76,134.83
1406.7,995.3,119.2,135.33
1417.3,1000.8,119.24,135.38
1417,998,119.55,135.73
1425.2,1000.9,119.69,135.89
1429.2,999.58,119.38,135.54
1428,997.5,119.78,135.99
1428.6,999.99,119.82,136.03
1438.9,999.15,119.54,135.71
1440,997.24,119.97,136.21
1444.2,994.67,119.63,135.83
1450,998.6,119.28,135.42
1457.1,1000.6,118.85,134.94
1457.3,1001.7,118.62,134.68
1461,1002.9,118.34,134.35
1466.3,1004.2,118.19,134.19
1467.3,1001.5,117.81,133.75
1471.2,1004.9,117.37,133.25
1470.5,1003.3,117.22,133.09
1471,1003.4,117.41,133.31
1472.2,1000.5,117.58,133.49
1476.1,999.29,118.04,134.02
1478.9,998.17,118.11,134.09
1481.7,994.17,118.38,134.4
1486.3,994.55,117.67,133.6
1485.2,996.03,117.04,132.88
1495,1000.9,117.71,133.64
1503.6,1004.4,117.65,133.57
1506.6,1006.6,117.11,132.96
1503.5,1003.8,116.21,131.94
1495.8,990.87,115.85,131.52
1501.8,1001.6,115.81,131.49
1505.6,1004.2,115.25,130.84
1503.8,1004.4,114.76,130.29
1502.9,1004.5,114.7,130.23
1513.6,1004.4,113.91,129.33
1510,1000.4,113.07,128.38
1507.6,998.97,112.95,128.24
1510.6,1002.5,112.33,127.53
1509.9,1005.5,111.94,127.09
1504.6,1004.8,111.38,126.45
1502.4,1004.8,110.59,125.56
1500.9,1004.8,109.79,124.65
1499.8,1004.1,109.43,124.23
1498.1,1006.5,108.86,123.59
1478.4,999.96,109.42,124.23
1472.8,996.51,109.34,124.14
1474.7,1005.4,108.98,123.73
1468,1005.4,108.86,123.59
1468.7,1007,108.95,123.69
1457.5,1006.1,109.15,123.92
1441.3,951.73,108.28,122.93
1458.2,1001.6,107.95,122.56
1437.3,965.13,109.7,124.55
1441.9,1005.7,109.64,124.48
1412.6,1001.2,109.7,124.54
1400.8,1005.1,109.24,124.03
1401,1005.4,109.46,124.27
1391.9,1006.5,109.01,123.76
1358,1007.1,109.37,124.17
1385.9,987.31,110.16,125.07
1392.7,997.76,110.8,125.8
1387.7,999.4,110.99,126.01
1392.2,1003.9,111.26,126.31
1375.2,1001.1,111.56,126.66
1370,999.7,111.47,126.56
1381.7,1010.9,110.73,125.72
1372.4,1002.7,110.57,125.53
1318,989.04,111.32,126.39
1319.3,1002.3,110.72,125.7
1320.3,1005.7,110.65,125.62
1344.9,1008.7,111.17,126.22
1333.9,1000.4,112.79,128.05
1320.7,1010.6,113,128.3
1324.3,996.35,113.08,128.39
1338.2,1000.2,113.02,128.32
1330.4,1002.9,112.66,127.91
1330.9,1003.6,112.41,127.62
1341.4,1002.6,112.14,127.32
1350.6,1004.7,111.59,126.69
1324.1,1004.8,111.38,126.45
1335.7,1003.8,110.59,125.56
1335.5,1005.1,110.38,125.32
1335.5,1006.9,110.59,125.55
1345.9,1002.4,110.56,125.53
1343.3,1000.3,110.67,125.64
1345.9,999.9,110.42,125.37
1346.8,1000.9,110.38,125.31
1352.4,1001.9,110.7,125.68
1357.2,1006.9,110.85,125.85
1345,998.17,111.38,126.45
1340.1,997.47,111.89,127.03
1340.3,1001.9,112.08,127.25
1335.8,1001,112.49,127.72
1334.3,1002.4,112.11,127.29
1333.3,1002.9,112.14,127.32
1312.9,993.42,112.02,127.18
1337.1,1005.4,111.31,126.37
1346.6,1012.6,110.66,125.63
1346.3,1009.5,109.76,124.61
1303,1008.1,109.83,124.7
1301.8,1005.3,110.16,125.07
1301.6,996.83,111.16,126.21
1305.6,1000.5,111.7,126.81
1302,1006.8,112.57,127.81
1299.5,1005.9,112.75,128.01
1344.8,1002.8,112.49,127.72
1340.9,1001.1,112.49,127.71
1261.5,999.86,113.31,128.64
1263.2,1004.2,113.04,128.34
1263.4,1006.2,112.54,127.77
1220.6,996.1,112.89,128.17
1219.5,1001.5,112.43,127.64
1215.6,1002.1,112.53,127.76
1194.2,1000.9,112.34,127.54
1202.1,1003.9,111.75,126.88
1195,1007,111.15,126.19
1193.9,1005.3,110.79,125.78
1196.9,1005.2,110,124.89
1196.2,1000.9,109.53,124.35
1189.4,999.04,109.68,124.52
1190.6,1003.9,109.64,124.48
1190.4,1002.6,109.59,124.42
1187.2,1001.1,110.02,124.91
1184,998.87,110.49,125.45
1182.9,999.8,110.61,125.58
1181.9,1002.2,110.87,125.88
1180.6,1000.5,111.08,126.11
1178.9,1000.8,111.14,126.18
1175.9,1000.4,111.19,126.24
1171.1,999.63,110.97,125.99
1166.2,1000.6,110.7,125.68
1168.3,1002.4,110.74,125.72
1168.5,1003.9,110.93,125.95
1162.7,1002.5,111.14,126.19
1158.2,999.51,110.99,126.02
1159.2,999.28,111.27,126.33
1164.4,1005.9,110.77,125.76
1154.6,1004.5,111.07,126.1
1153.6,1001.3,111.03,126.05
1156,1002,110.81,125.81
1152.3,1003.2,110.46,125.41
1156.2,1005.1,110.43,125.38
1149.4,1003.2,110.42,125.36
1144.7,1001.7,109.81,124.67
1149.9,1004.7,110.09,124.99
1142.4,1001.1,110.57,125.53
1141.2,1000.4,110.75,125.74
1137.4,1001.9,110.33,125.26
1138.6,1000.2,110.34,125.28
1138.1,999.34,110.58,125.55
1140.1,1000.5,111.09,126.12
1140.9,1000.5,111.56,126.65
1140.7,1002.2,111.94,127.09
1137,1001.1,112.07,127.24
1138.5,1003.2,112.71,127.96
1135.3,1001.7,112.74,128
1137.3,1002.3,112.83,128.1
1134.9,1002.9,113.09,128.39
1133.2,1001.4,113.03,128.33
1133.5,1002.3,113.18,128.5
1133.9,1002.6,113.11,128.42
1133.3,1001.8,113.05,128.36
1133.9,1002.6,113.04,128.34
1133.2,1002.6,113.29,128.62
1132.2,1002.3,113.21,128.53
1131,1002.4,113.29,128.62
1128.8,999.76,113.55,128.92
1128,1000.1,113.52,128.88
1127.1,998.69,113,128.29
1128.2,999.89,112.68,127.93
1127.3,1001.1,112.3,127.49
1127.6,1001.4,112.12,127.29
1127,1001.9,112.18,127.36
1127,1001.1,112.11,127.28
1128,1004.1,112.19,127.37
1127.2,1001,112.03,127.2
1127.2,1003.1,112.08,127.25
1126.7,1003.2,112.18,127.36
1125.6,1001.8,112.4,127.61
1125.1,1000.2,112.22,127.41
1125.5,1001.6,112.59,127.82
1124.4,1001.3,112.7,127.95
1124.8,1001.8,112.97,128.26
1125.2,1001.4,113.06,128.36
1126.9,1002.7,112.56,127.8
1125.6,1002.9,112.64,127.88
1125,1003.3,112.89,128.16
1125.5,1002.9,112.9,128.18
1126.3,1004.3,112.7,127.95
1122.8,1002.3,112.24,127.44
1124.1,1003,112.85,128.12
1125.3,1002.8,112.54,127.77
1123.7,1001.6,113.1,128.41
1125.8,1004.4,112.76,128.02
1125.3,1003.5,112.51,127.74
1123,1001.3,112.45,127.67
1122.7,1001.3,111.51,126.6
1124.8,1003.5,111.92,127.07
1122.3,1002.1,112.2,127.39
1123.7,1003.3,112.76,128.02
1123.7,1002.7,112.88,128.16
1123.9,1004.6,113.35,128.69
1123.5,1003,112.92,128.21
1123.4,1003.4,113.28,128.61
1121.8,1001.6,113.36,128.7
1121.4,1000.5,113.05,128.35
1123.6,1003.2,112.32,127.52
1123,1002.7,111.79,126.92
1121.9,1002.8,111.81,126.94
1120.8,1003.1,112.99,128.28
1119,1004.2,114.35,129.83
1121.7,1009.4,113.15,128.46
1111.6,1001.6,113.28,128.61
1100.5,998.38,115.81,131.48
1097.3,997.31,115.73,131.39
1085.6,996.32,116.42,132.18
1075,994.25,116.51,132.27
1068,995.35,116.51,132.28
1065.1,995.83,116.79,132.6
1057,994.67,116.41,132.17
1049.1,996.51,117.65,133.57
1047.4,997.98,119.73,135.93
1037.2,994.27,119.69,135.89
1027.5,990.02,118.93,135.03
1023.8,991.09,119.31,135.46
1021.9,997.11,120.94,137.3
1018.2,994.8,121.13,137.52
1011.3,993.28,120.07,136.32
1010.3,994.24,120.38,136.67
1008.8,990.97,121.38,137.8
1010.9,991.8,120.43,136.73
1008.9,993.71,120.72,137.06
1009.1,991.49,121,137.38
1010.4,993.4,120.47,136.78
1009.5,992.03,120.44,136.73
1008,992.1,120.34,136.63
1011,991.91,121.92,138.42
1009,992.62,121.56,138.02
1010.9,993.76,121.45,137.89
1008.8,992.51,120.76,137.11
1010.4,993.58,120.59,136.91
1007.5,992.91,118.87,134.96
1009.2,994.38,119.28,135.42
1009.8,993.95,119.6,135.79
1009.5,993.79,119.69,135.89
1009.7,992.01,119.7,135.9
1008.5,992.91,117.83,133.77
1012.7,995.63,117.72,133.65
1010.1,994.32,119.02,135.13
1010.5,993.44,119.18,135.31
1009.7,994.41,119.55,135.73
1009.4,994.25,120.03,136.28
1011.4,996.73,120.23,136.5
1010.2,994.65,120.15,136.41
1010,995.55,120.55,136.86
1008.1,994.27,121.12,137.51
1010.8,995.04,120.46,136.77
1008.8,993.01,121.14,137.53
1007.5,990.53,121.81,138.3
1008.2,991.29,121.68,138.14
1016.6,994.54,120.97,137.34
