890,918,58,94
890.42,915.27,58.097,94.157
891.07,912.55,58.007,94.012
891.56,910.22,57.851,93.758
891.19,906.53,58.316,94.513
891.9,904.24,58.29,94.471
891.91,901.13,58.197,94.319
892.88,898.36,57.759,93.61
893.39,895.9,58.03,94.049
893.6,893.25,57.961,93.937
894.13,890.74,58.124,94.202
894.8,887.87,58.056,94.091
895.05,885.08,58.13,94.211
895.58,881.81,58.099,94.161
895.79,878.98,58.243,94.394
895.73,875.63,58.108,94.175
896.53,873.42,58.23,94.373
896.53,870.5,58.166,94.269
896.93,866.47,58.611,94.99
897.23,863.45,58.897,95.453
897.97,861.05,58.511,94.829
898.44,858.31,58.455,94.737
899.76,856.13,58.197,94.32
899.88,852.61,58.118,94.191
900.98,850.08,58.134,94.218
901.81,847.72,57.999,93.998
902.3,844.46,57.824,93.714
902.18,840.97,58.079,94.129
902.9,839.05,57.849,93.755
902.88,835.04,57.775,93.636
904.14,833.11,57.582,93.323
904.4,829.4,57.762,93.614
905.11,826.23,58.171,94.277
904.94,822.6,58.448,94.725
906.02,820.82,58.311,94.503
906.03,816.79,58.323,94.524
907.13,814.38,58.162,94.263
907.11,810.73,58.35,94.567
908.07,808.45,58.061,94.098
908.9,805.65,57.757,93.607
909.17,803.17,57.928,93.883
909.31,798.46,58.227,94.367
909.6,796.17,58.01,94.016
911.15,793.93,57.652,93.436
911.37,790.54,57.948,93.915
911.8,786.96,57.967,93.947
912.32,785.18,57.942,93.906
912.19,780.41,58.237,94.385
912.63,777.61,58.434,94.703
914.01,775.22,58.3,94.486
913.84,771.69,58.036,94.059
914.76,769.49,57.786,93.653
915.36,767.01,57.56,93.287
915.75,763.23,57.653,93.437
917.12,761.03,57.516,93.216
917.58,756.58,57.679,93.479
918.87,754.19,57.67,93.465
918.98,751.15,57.602,93.355
919.27,748.12,57.691,93.499
920.2,745.5,57.575,93.311
920.14,742.11,57.631,93.402
921.31,739.17,57.605,93.36
921.49,736.1,57.472,93.144
922.33,732.5,57.656,93.442
923.41,730.36,57.539,93.252
923.08,726.36,57.967,93.946
924.31,723.96,57.917,93.866
924.57,720.6,57.9,93.838
924.72,717.37,58.149,94.242
925.9,714.68,57.891,93.824
926.27,711.37,57.864,93.78
927.35,708.75,57.633,93.405
928.25,706.67,57.34,92.931
928.99,703.82,57.298,92.863
929.5,700.76,57.388,93.008
930.29,697.6,57.27,92.817
930.42,694.27,57.318,92.895
931.11,692,57.348,92.944
931.16,688.99,57.665,93.457
931.88,686.53,57.528,93.234
931.74,683.12,57.58,93.319
931.7,680.06,57.884,93.812
931.96,677.52,57.857,93.768
932.11,675.18,57.793,93.664
932.78,671.94,57.651,93.435
933.11,670.04,57.677,93.477
933.14,667.11,57.587,93.331
932.98,663.81,57.739,93.578
933.89,662.52,57.401,93.03
933.81,660.42,57.529,93.236
933.65,658.39,57.476,93.15
933.52,655.92,57.492,93.177
933.15,654.39,57.516,93.216
933.47,653,57.96,93.935
933.31,651.45,57.8,93.676
933.82,650.46,57.576,93.313
933.55,649.47,57.693,93.503
934.86,649.04,57.374,92.985
934.54,648.05,57.585,93.328
934.51,647.29,57.557,93.283
934.48,646.71,57.694,93.504
935.42,647.03,57.579,93.318
934.85,646.52,57.533,93.243
935.67,646.42,57.459,93.123
936.02,646.91,57.268,92.814
936.56,646.49,57.478,93.154
936.35,646.24,57.362,92.966
937,646.36,57.446,93.102
936.87,646.08,57.428,93.073
937.62,646.28,57.393,93.017
937.7,646.52,57.437,93.087
938.05,646.02,57.432,93.08
938.26,645.95,57.241,92.77
938.23,645.5,57.262,92.805
938.48,648.82,57.028,92.425
938.89,647.3,57.201,92.706
938.96,646.19,57.23,92.752
938.99,646.02,57.257,92.795
939.91,646.7,57.384,93.001
940.5,646.7,57.471,93.143
940.2,646.11,57.565,93.295
940.31,646.22,57.501,93.192
941.05,646.44,57.257,92.796
941.82,647.16,57.388,93.008
942.05,647.17,57.397,93.023
942.21,647.13,57.415,93.053
942.75,647.06,57.48,93.156
942.56,646.87,57.5,93.19
943.32,647.39,57.314,92.889
944.07,647.95,57.313,92.887
944.51,648.23,57.456,93.118
944.19,648.19,57.401,93.029
945.65,648.89,57.467,93.136
945.66,648.32,57.488,93.171
946.33,648.84,57.594,93.343
946.47,648.74,57.619,93.382
947.58,649.71,57.493,93.179
947.28,649.44,57.635,93.409
948.25,650.07,57.582,93.323
948.34,649.85,57.669,93.463
949.16,650.31,57.532,93.242
949.02,649.89,57.693,93.502
949.94,650.84,57.84,93.741
949.74,650.65,57.716,93.54
950.97,651.64,57.594,93.341
951,651.24,57.677,93.476
951.99,652.14,57.688,93.495
952.42,652.43,57.766,93.62
952.89,652.9,57.522,93.225
952.9,652.44,57.492,93.176
953.33,652.88,57.501,93.191
954.17,652.65,57.525,93.23
954.47,652.99,57.547,93.266
954.85,653.29,57.569,93.302
954.93,653.95,57.706,93.524
956.16,654.88,57.622,93.387
956.92,654.78,57.458,93.122
956.4,654.24,57.704,93.52
957.25,655.55,57.629,93.399
957.61,655.11,57.733,93.567
957.97,656.01,57.567,93.298
958.23,655.78,57.89,93.822
958.07,656.06,58.048,94.078
959.37,656.81,57.887,93.817
959.46,656.6,57.886,93.815
959.93,657.02,57.937,93.898
960.44,657.5,58.002,94.003
961.32,658.24,57.912,93.858
961.03,657.93,58.197,94.32
961.56,658.53,58.083,94.135
962.06,659.49,58.02,94.032
962.76,660.06,57.788,93.657
962.74,659.8,57.843,93.746
962.68,660,57.94,93.902
963.37,660.63,57.987,93.979
964,661.43,58.119,94.193
964.2,661.99,58.271,94.439
963.91,661.48,58.473,94.767
964.88,662.65,58.049,94.079
965.61,663.23,57.969,93.95
965.93,663.5,58.004,94.006
966.25,663.8,58.067,94.108
966.69,664.63,58.184,94.297
966.68,664.33,58.061,94.098
967.15,664.9,58.072,94.117
967.57,665.18,58.187,94.303
967.65,664.97,58.245,94.397
967.58,665.26,58.31,94.503
967.61,665.68,58.507,94.822
967.84,666.23,58.549,94.889
968.48,666.77,58.318,94.516
968.93,667.65,58.266,94.431
968.73,667.04,58.303,94.491
968.98,667.81,58.224,94.363
969.04,667.4,58.191,94.31
969.39,668.19,58.184,94.298
969.31,668.46,58.52,94.842
969.54,669.12,58.489,94.793
970.22,669.86,58.492,94.797
969.98,670.01,58.374,94.606
970.32,670.6,58.241,94.391
969.86,670.12,58.392,94.635
970.39,670.84,58.349,94.566
970.24,671.14,58.318,94.515
970.57,671.66,58.191,94.31
969.66,671.02,58.431,94.698
970.61,672.31,58.227,94.368
969.95,671.83,58.36,94.584
970.28,672.54,58.291,94.472
969.7,672.18,58.362,94.587
969.77,672.8,58.337,94.546
969.53,673.49,58.328,94.531
969.23,673.59,58.259,94.42
968.78,672.79,58.258,94.418
968.46,672.45,58.262,94.425
968.08,673,58.152,94.247
967.99,673.06,58.101,94.163
968,673.8,58.06,94.097
967.84,673.53,58.112,94.182
967.4,673.2,58.183,94.296
966.49,673.09,58.17,94.275
965.99,673.32,58.256,94.415
965.48,673.25,58.215,94.348
964.72,673.42,58.136,94.22
964.74,674.21,58.015,94.025
964.31,674.02,58.074,94.12
963.54,673.87,58.096,94.155
962.89,674.19,58.024,94.039
962.27,674.2,58.034,94.056
961.16,673.69,58.049,94.079
960.36,673.51,58.188,94.305
958.55,673.22,58.185,94.299
957.92,673.2,58.133,94.215
957.66,673.77,57.936,93.896
956.39,673.04,57.987,93.979
955.57,673.5,57.994,93.991
954.79,673.57,57.967,93.947
953.75,673.22,58.189,94.306
952.44,672.62,58.173,94.28
951.13,672.27,58.322,94.522
950.76,672.57,58.113,94.183
949.72,672.46,58.194,94.314
947.78,671.94,58.062,94.101
946.98,672.23,58.171,94.278
945.44,671.36,58.035,94.056
944.74,671.02,57.925,93.879
942.86,670.35,58.098,94.159
942.11,670.88,57.973,93.956
940.71,670.4,58.042,94.069
939.4,670.32,58.037,94.059
937.99,669.82,58.043,94.07
937.03,669.78,57.891,93.823
935.1,669,58.046,94.074
933.96,668.84,58.244,94.396
932.1,668.32,58.103,94.168
931.06,667.88,58.176,94.286
928.99,667.04,58.252,94.408
927.77,666.49,58.492,94.797
926.39,666,58.501,94.812
924.88,665.86,58.811,95.314
923.37,665.86,58.347,94.562
921.82,665.48,58.189,94.306
919.59,664.54,58.379,94.614
918.14,664.37,58.503,94.816
915.66,663.14,58.753,95.221
914.63,663.62,58.374,94.605
913.13,663.4,58.396,94.641
911.3,662.85,58.258,94.418
908.66,662.08,58.246,94.398
906.74,661.9,58.206,94.334
904.92,661.54,58.182,94.295
902.85,661.18,58.131,94.212
901.07,660.78,58.16,94.259
899.58,660.17,57.845,93.748
897.91,659.38,57.567,93.298
895.23,658.49,58.016,94.027
894.04,658.58,58.03,94.049
892.04,658.04,58.077,94.125
890.25,657.8,58.348,94.564
888.62,657.15,58.093,94.151
887.29,656.5,58.268,94.434
885.05,655.51,58.34,94.552
884.02,655.38,58.206,94.334
881.75,654.21,58.267,94.432
880.09,653.49,58.286,94.464
878.52,652.91,58.009,94.014
877.69,653.18,57.715,93.539
876.22,652.78,57.535,93.247
873.93,651.75,57.457,93.12
872.04,650.91,57.743,93.583
871.18,650.67,57.587,93.33
869.24,649.13,57.718,93.542
868.01,648.63,57.444,93.099
866.11,647.72,57.473,93.146
864.89,647.11,57.43,93.076
864.1,646.38,57.321,92.899
862.17,645.49,57.451,93.11
860.84,644.28,57.476,93.151
859.58,643.96,57.333,92.92
858.6,643.78,57.27,92.817
857.31,642.75,57.507,93.201
855.38,642.24,57.412,93.048
854.72,641.64,57.345,92.939
853.35,641.29,57.394,93.017
852.25,640.93,57.353,92.952
851.19,639.2,57.505,93.198
849.4,638.23,57.238,92.765
848.53,637.5,57.211,92.722
847.41,636.7,57.194,92.694
846.35,635.92,57.248,92.781
844.96,635.76,57.15,92.623
844.24,635.26,57.389,93.01
843.62,635.53,56.957,92.309
842.78,634.61,57.17,92.654
841.57,633.36,57.023,92.417
840.9,633.38,56.978,92.344
839.87,632.54,57.113,92.562
838.56,631.46,57.328,92.911
838.27,631.26,57.204,92.71
836.78,630.5,57.134,92.596
836.07,629.84,57.255,92.792
835.94,629.78,57.246,92.779
835.09,628.96,57.186,92.681
834.35,628.22,57.065,92.484
833.77,628.1,57.076,92.502
833.67,627.58,56.859,92.151
832.63,626.44,56.865,92.161
831.71,625.9,57.036,92.438
831.21,626.09,56.921,92.251
830.98,625.87,56.732,91.945
829.74,624.44,56.85,92.137
829.4,624.01,56.686,91.87
829.07,624.28,56.808,92.068
828.07,623.13,56.803,92.06
828.03,622.68,56.836,92.114
827.58,621.96,56.711,91.91
827.6,621.7,56.775,92.015
826.75,620.92,56.933,92.271
826.79,621.11,56.85,92.136
826.22,620.17,56.651,91.813
826.13,619.97,56.49,91.552
825.34,619.08,56.515,91.593
825,618.64,56.557,91.662
824.92,618.3,56.814,92.078
824.33,617.46,56.858,92.15
823.88,616.61,57.063,92.482
824.68,616.63,57.005,92.388
824.62,616.43,56.907,92.228
824.11,616.2,56.85,92.136
823.66,615.3,56.78,92.023
823.55,614.93,56.803,92.06
823.96,614.61,56.58,91.698
824.62,614.32,56.825,92.095
823.55,613.34,56.945,92.29
824.34,613.91,56.706,91.902
824,613.23,56.744,91.965
823.33,611.82,56.781,92.024
823.36,611.38,56.816,92.082
823.82,611.19,57.012,92.398
824.28,611.41,56.909,92.232
823.86,610.82,56.953,92.303
824.49,610.45,56.844,92.127
824.35,609.66,56.817,92.083
824.58,609.3,56.809,92.069
824.7,608.88,56.823,92.092
825.01,608.67,56.745,91.966
825.41,608.27,56.805,92.064
825.57,608.14,56.677,91.856
826.48,608.04,56.445,91.481
826.6,607.32,56.322,91.28
827.45,607.26,56.355,91.334
827.83,606.75,56.495,91.561
827.35,606.03,56.646,91.805
828.01,606.37,56.478,91.534
828.23,605.41,56.409,91.421
828.15,604.46,56.765,91.998
828.65,603.96,56.914,92.24
829.28,604.02,56.775,92.015
829.33,603.63,56.712,91.913
830.5,603.94,56.508,91.582
830.8,602.99,56.548,91.646
830.44,602.4,56.464,91.51
830.91,601.73,56.487,91.548
831.42,601.24,56.513,91.59
832.01,601.11,56.615,91.755
832.76,600.88,56.621,91.764
833.22,600.69,56.555,91.659
834.13,600.77,56.392,91.393
833.61,599.66,56.242,91.15
834.42,599.68,56.399,91.405
834.46,598.92,56.393,91.396
834.36,598.94,56.369,91.357
835.46,598.35,56.426,91.448
835.26,597.74,56.333,91.299
836.22,597.52,56.339,91.308
836.77,597.39,56.193,91.071
836.84,596.27,56.079,90.887
837.08,596.17,56.14,90.985
837.54,595.62,56.167,91.03
837.93,595.08,56.011,90.776
838.68,594.75,56.027,90.803
838.49,594.06,56.179,91.049
838.52,593.79,56.12,90.953
839.14,593.18,56.234,91.138
839.9,593.68,56.172,91.038
840.1,592.08,56.29,91.228
841.08,591.8,56.356,91.336
841.25,591.75,56.433,91.461
841.55,591.19,56.136,90.979
841.84,590.55,56.16,91.017
841.69,589.89,56.059,90.854
842.57,589.38,56.1,90.92
842.58,588.64,56.116,90.947
843.06,588.39,56.099,90.92
843.32,588.13,56.131,90.97
843.78,587.49,56.065,90.864
843.41,586.41,56.331,91.296
844.24,586.68,56.419,91.438
844.8,586.33,56.019,90.79
845.49,586.09,55.917,90.625
846.13,585.22,55.938,90.657
846.45,584.7,56.096,90.915
845.9,583.92,55.946,90.671
846.9,583.92,55.892,90.583
846.78,583.49,55.814,90.458
846.41,582.05,55.856,90.526
847.38,582.49,55.728,90.318
847.11,581.15,55.799,90.433
847.35,580.47,55.907,90.608
847.81,580.39,55.717,90.301
847.62,579.12,55.782,90.406
847.87,578.81,55.725,90.312
847.81,578.01,55.831,90.485
848.17,577.22,55.883,90.57
849.19,577.42,55.704,90.279
849.31,575.93,55.628,90.156
849.61,575.75,55.714,90.295
848.81,574.65,55.738,90.335
849.2,574.3,55.798,90.431
849.56,573.46,55.828,90.48
849.5,573.04,55.809,90.449
849.55,572.25,55.898,90.593
850.12,572.55,55.701,90.274
849.88,571.37,55.736,90.33
849.73,570.93,55.793,90.423
849.99,570.51,55.68,90.241
850.3,570.14,55.541,90.015
851.09,570.24,55.381,89.755
850.67,568.19,55.615,90.135
851.65,568.6,55.503,89.953
851.5,568.07,55.555,90.037
851.87,567.45,55.373,89.742
851.39,566.59,55.424,89.825
851.99,566.29,55.255,89.552
852.51,566.25,55.153,89.386
852.42,565.63,55.251,89.544
853.13,565.13,55.189,89.444
852.99,564.58,55.069,89.25
852.63,563.48,55.403,89.792
853,563.26,55.236,89.52
853.6,563.99,54.982,89.109
853.24,563.16,55.207,89.473
854.54,563.65,55.249,89.541
855.62,563.51,55.072,89.255
853.1,562.14,55.234,89.517
853.12,560.43,54.803,88.819
853.37,560.85,54.953,89.063
853.83,561.49,55.085,89.276
853.55,560.82,54.908,88.989
854.24,560.52,55.128,89.346
853.56,558.47,54.989,89.121
853.48,556.61,55.091,89.286
853.81,556.15,55.134,89.355
854.14,555.15,54.898,88.973
854.87,554.51,54.935,89.033
854.75,552.68,55.035,89.195
854.62,550.58,54.958,89.07
855.17,549.06,54.814,88.837
855.8,547.38,54.708,88.665
855.19,544.78,54.707,88.663
855.4,542.63,54.643,88.559
855.59,541.08,54.617,88.518
855.49,538.99,54.71,88.669
856.01,537.39,54.816,88.839
856.89,536.23,54.751,88.735
856.74,534.51,54.557,88.419
857.53,533.59,54.295,87.996
857.27,531.21,54.423,88.202
857.47,529.4,54.295,87.995
857.23,527.29,54.462,88.265
858.25,526.39,54.452,88.249
858.61,524.85,54.286,87.981
857.95,522.58,54.476,88.289
858.36,521.54,54.332,88.056
858.03,519.23,54.37,88.116
858.2,518.25,54.252,87.926
858.59,516.56,54.256,87.933
858.39,514.85,54.012,87.537
858.73,512.83,54.092,87.667
858.97,511.62,54.046,87.591
858.83,509.3,54.058,87.61
859.04,507.6,53.823,87.23
859.76,506.51,53.783,87.165
860.26,504.72,53.89,87.338
860.16,502.53,53.9,87.355
860.57,501.18,53.844,87.265
860.93,499.82,53.728,87.076
861.06,498.39,53.413,86.567
861.42,496.62,53.436,86.603
861.94,494.92,53.278,86.347
861.38,492.76,53.535,86.763
862.29,491.29,53.353,86.468
861.79,489.47,53.442,86.614
862.72,488.27,53.512,86.727
863.02,487.29,53.084,86.032
863.04,485.76,52.853,85.659
862.7,483.38,53.045,85.97
862.95,482.06,53.005,85.905
863.24,480.06,52.943,85.804
863.09,478.05,53.117,86.086
863.99,477.05,52.925,85.774
864.06,475.14,52.948,85.812
864.35,473.61,52.913,85.756
864.63,472.48,52.987,85.875
864.92,470.46,52.965,85.841
864.71,468.65,52.997,85.892
865.21,467.96,52.641,85.314
864.9,465.91,53.034,85.952
865.92,464.97,52.852,85.656
865.58,463.29,52.972,85.851
865.87,461.51,52.936,85.793
866.25,460.23,52.849,85.653
866.63,458.85,52.685,85.387
867.35,458.2,52.484,85.061
867.51,456.44,52.436,84.982
867.68,454.28,52.788,85.553
868.08,453.01,52.738,85.471
868.37,451.6,52.604,85.255
868.25,449.59,52.641,85.314
868.71,447.73,52.601,85.249
868.59,446.44,52.624,85.287
868.84,445.31,52.537,85.146
869.25,443.59,52.517,85.114
869.69,442.58,52.577,85.211
869.7,440.6,52.689,85.393
870.33,439.62,52.428,84.97
870.89,437.96,52.448,85.001
871.64,436.64,52.395,84.915
871.62,435.32,52.353,84.847
871.95,434.24,52.487,85.066
872.62,432.79,52.323,84.8
873.08,432,52.095,84.431
873.22,430.8,51.981,84.245
873.72,429.46,51.905,84.121
873.3,427.4,52.248,84.677
873.71,425.67,52.226,84.642
873.5,424.44,52.124,84.477
874.55,423.59,52.051,84.358
875.39,422.43,52.018,84.305
875.68,421.57,51.777,83.914
876.14,420.06,51.919,84.145
876.19,418.3,51.909,84.128
876.65,416.89,51.804,83.959
876.59,415.41,52.207,84.611
876.87,414.32,52.123,84.475
877.83,413.8,51.893,84.102
877.45,412.52,51.914,84.136
877.88,411.25,52.019,84.306
878.71,410.86,51.601,83.629
878.74,409.64,51.659,83.724
879.43,408.4,51.589,83.609
879.29,405.99,52.028,84.321
879.85,405.85,51.732,83.841
880.26,404.36,51.839,84.015
879.99,402.82,51.915,84.138
880.19,401.35,52.025,84.316
881.09,401.85,51.597,83.622
880.52,400.05,51.803,83.957
881.36,399.05,51.698,83.786
882.1,398.53,51.622,83.663
882.08,397.18,51.771,83.906
882.59,396.21,51.705,83.798
883.4,395.32,51.498,83.462
883.29,393.83,51.446,83.378
883.45,391.93,51.767,83.898
884.74,391.69,51.571,83.58
884.34,390.34,51.769,83.902
885.45,390.29,51.341,83.208
885.9,389.29,51.332,83.193
886.17,388.61,51.049,82.734
886.52,387.18,51.083,82.79
886.28,385.49,51.312,83.16
886.78,385.01,51.404,83.31
887.18,384.25,51.258,83.073
887.76,383.72,51.182,82.95
887.21,382.56,51.217,83.008
887.59,381.45,51.265,83.085
888.18,380.66,51.246,83.054
888.2,379.5,51.275,83.1
888.55,379.25,51.199,82.977
888.45,377.96,51.37,83.254
889.34,377.46,51.086,82.794
889.41,376.18,51.16,82.914
889.65,374.63,51.33,83.19
890.41,374.35,51.114,82.84
890.38,373.5,51.278,83.105
891.43,373.41,50.806,82.34
891.29,371.45,51.242,83.047
891.23,370.49,51.134,82.873
891.52,369.91,51.323,83.178
892.73,369.44,50.949,82.573
893.4,368.98,50.731,82.219
892.94,367.78,51.015,82.68
893.77,367.08,50.956,82.583
894.19,366.42,50.8,82.331
894.48,365.01,50.968,82.603
895.41,364.92,50.692,82.155
895.59,364,50.815,82.355
895.25,362.84,50.925,82.533
896.27,362.42,50.695,82.162
896.6,361.7,50.916,82.519
896.85,360.26,51.051,82.739
897.56,360.38,50.648,82.084
897.92,359.44,50.742,82.237
897.98,358.62,50.941,82.559
899.02,357.98,50.804,82.337
898.9,356.53,50.974,82.613
899.74,356.5,50.758,82.263
900.06,355.39,50.782,82.302
900.46,354.83,50.88,82.461
900.46,353.97,50.883,82.465
900.9,353.01,51.049,82.735
901.94,353.83,50.551,81.927
902.35,353.02,50.302,81.524
903.38,352.2,50.304,81.527
903.67,351.57,50.336,81.579
903.87,350.79,50.246,81.433
904.58,350.22,50.219,81.389
904.76,349.08,50.414,81.705
904.29,347.64,50.746,82.243
904.95,347.4,50.615,82.032
905.91,346.78,50.751,82.251
905.94,346.19,50.921,82.528
906.71,345.81,50.648,82.085
907.58,345.61,50.393,81.671
907.83,344.07,50.73,82.217
908.31,343.84,50.479,81.81
908.85,343.18,50.663,82.109
909.84,343.28,50.377,81.646
910.05,341.96,50.631,82.057
910.86,342.21,50.489,81.827
911.06,340.29,50.723,82.206
912.18,340.19,50.634,82.062
912.84,340.23,50.36,81.617
912.87,339.24,50.576,81.968
913.7,338.58,50.39,81.666
913.57,337.31,50.665,82.112
915.1,337.28,50.489,81.827
915.08,336.16,50.538,81.906
915.61,335.66,50.631,82.057
916.1,335.73,50.516,81.871
916.36,335.06,50.345,81.593
917.09,335.02,50.37,81.635
917.98,333.74,50.452,81.768
917.82,332,50.747,82.245
918.11,331.56,50.663,82.109
919.15,332.05,50.273,81.476
919.98,330.87,50.213,81.38
920.71,330.75,50.211,81.376
921.14,330.14,50.191,81.344
921.21,328.53,50.517,81.872
921.74,328.42,50.39,81.666
921.87,327.93,50.273,81.476
923.25,327.92,50.093,81.185
923.55,326.62,49.95,80.953
924.58,326.34,49.904,80.878
925.38,325.85,49.961,80.972
926.05,325.4,49.744,80.619
925.87,324.37,49.766,80.655
926.38,324.01,49.865,80.816
927.23,323.96,49.752,80.632
927.33,322.17,49.881,80.842
928.24,322.48,49.609,80.401
928.64,321.62,49.713,80.569
928.42,320.76,49.945,80.945
929.7,320.52,49.719,80.58
929.81,319.24,49.635,80.443
930.62,318.87,49.682,80.52
930.5,317.92,49.926,80.915
931.53,318.26,49.708,80.561
931.95,316.98,49.654,80.474
932.84,316.69,49.569,80.335
933.25,315.85,49.427,80.105
933.27,314.76,49.328,79.946
933.5,313.62,49.63,80.434
934.49,313.75,49.695,80.541
934.21,312.58,49.811,80.728
934.7,312.13,49.65,80.467
935.44,312.07,49.676,80.51
935.44,311,49.909,80.886
936.52,310.9,49.754,80.636
936.09,309.14,49.835,80.767
936.73,308.92,49.735,80.605
937.37,308.39,49.566,80.331
938.64,308.49,49.367,80.008
938.53,307.05,49.667,80.494
939.4,306.69,49.461,80.162
939.17,305.73,49.382,80.034
939.64,304.5,49.707,80.559
940.33,304.28,49.712,80.567
941.11,304.18,49.449,80.141
941.22,304.01,49.314,79.923
942.42,303.53,49.235,79.795
942.94,303.12,49.243,79.808
943.65,302.55,49.27,79.851
943.93,302.1,49.264,79.842
944.66,301.19,49.373,80.018
944.76,300.75,49.341,79.967
945.12,299.98,49.329,79.947
946.14,300,48.812,79.109
946.91,299.3,49.071,79.528
946.93,298.26,49.162,79.677
948.04,298.36,49.036,79.472
947.64,297.14,49.227,79.781
948.48,296.84,48.958,79.346
949.26,296.86,49.041,79.48
949.76,295.85,49.043,79.484
950.11,294.94,49.02,79.446
950.38,294.7,49.168,79.687
951.16,294.64,48.829,79.136
951.56,293.72,49.037,79.474
951.75,292.59,49.215,79.762
952.69,292.55,48.835,79.146
953.66,292.18,49.042,79.483
953.56,291.27,48.94,79.317
954.43,291.03,49.001,79.416
954.44,290.03,49.019,79.444
954.76,289.54,49.051,79.496
955.52,288.94,48.983,79.386
956.45,288.35,48.917,79.28
957,288.12,48.9,79.252
957.71,287.72,49.009,79.429
958.04,286.8,48.9,79.252
958.65,286.34,48.858,79.183
959.29,285.9,48.77,79.041
959.61,285,48.816,79.115
960.44,284.87,48.797,79.085
961.09,284.07,48.84,79.154
961.42,283.41,48.746,79.002
961.56,282.53,48.676,78.888
961.75,282.1,48.829,79.137
962.9,282.01,48.927,79.296
963.17,281.78,48.811,79.108
963.72,280.81,48.851,79.172
963.93,279.89,48.876,79.212
964.48,279.86,48.706,78.938
964.36,278.76,48.896,79.246
964.85,278.64,48.907,79.262
965.62,278.12,48.76,79.024
965.41,277.3,48.91,79.268
966.35,277.14,48.608,78.779
966.75,276.75,48.77,79.041
966.56,275.49,48.751,79.009
966.84,275.27,48.792,79.077
968.38,274.98,48.722,78.963
967.82,273.82,48.945,79.325
968.4,274.01,48.726,78.97
968.73,272.52,48.933,79.305
969.31,272.89,48.662,78.866
969.29,271.9,48.703,78.932
969.68,271.03,48.807,79.101
971.08,271.21,48.558,78.698
971.07,270.21,48.666,78.872
970.72,269.17,48.996,79.407
971.31,268.52,49.027,79.458
971.34,268.4,48.741,78.994
971.99,267.77,48.93,79.3
972.85,268.17,48.536,78.661
973.44,267.32,48.584,78.74
973.62,266.88,48.554,78.691
974.02,266.37,48.563,78.705
974.12,265.52,48.575,78.725
974.59,264.99,48.386,78.419
974.32,263.76,48.595,78.757
974.93,263.58,48.627,78.81
974.74,262.61,48.774,79.047
975.32,262.31,48.634,78.82
975.37,261.11,48.838,79.151
976.37,261.56,48.449,78.521
976.88,260.39,48.545,78.677
977.21,260.41,48.546,78.678
977.52,260.09,48.587,78.744
978.08,259.91,48.426,78.484
977.72,258.56,48.515,78.628
978.1,258.66,48.393,78.431
978.03,256.64,48.932,79.303
978.56,256.91,48.536,78.662
979.03,256.64,48.66,78.863
978.6,255.69,48.812,79.11
979.46,255.82,48.363,78.382
978.91,255.04,48.627,78.81
979.64,254.28,48.483,78.576
980.4,254.42,48.349,78.36
979.75,253.54,48.378,78.405
980.07,252.83,48.53,78.651
980.47,252.96,48.353,78.366
980.35,251.81,48.655,78.855
980.38,251.11,48.608,78.778
980.96,251.33,48.483,78.576
981.62,251.14,48.211,78.136
982.08,251.01,48.035,77.851
981.72,249.21,48.307,78.29
981.58,248.87,48.29,78.264
981.71,247.88,48.462,78.541
982.07,248.07,48.54,78.668
982.11,247.65,48.527,78.648
982.1,246.79,48.6,78.766
981.95,246.24,48.702,78.931
981.62,245.48,48.605,78.773
982.08,245.53,48.48,78.572
981.84,244.99,48.447,78.517
981.8,244.42,48.454,78.528
982.18,243.52,48.406,78.451
981.6,242.57,48.424,78.48
981.37,241.8,48.56,78.701
981.72,242.09,48.412,78.461
981.25,241.17,48.332,78.331
981.09,240.63,48.206,78.127
981.56,241.21,47.747,77.384
981.76,240.49,47.652,77.228
980.68,238.97,47.948,77.708
980.76,238.47,47.859,77.565
980.9,238.47,47.845,77.542
980.28,238.09,47.978,77.758
979.91,237.2,48.112,77.974
979.98,237.32,47.68,77.275
979.1,235.79,47.918,77.66
978.64,235.19,48.003,77.798
978.36,234.51,48.133,78.008
978.16,234.16,48.179,78.084
978.12,233.96,47.891,77.616
978.01,233.44,47.898,77.628
977.85,233.24,47.346,76.732
977.13,231.81,47.545,77.055
976.89,232.54,47.357,76.752
975.83,231.26,47.622,77.181
975.96,230.57,47.617,77.172
975.44,230.02,47.545,77.055
975.44,230.33,47.26,76.593
974.7,229.05,47.488,76.963
974.38,229.36,47.373,76.777
974.07,228.37,47.146,76.409
973.6,228.46,47.157,76.427
973.36,228.1,47.051,76.256
972.69,227.92,47.314,76.681
971.7,226.41,47.55,77.064
971.6,226.44,47.488,76.964
971.21,225.91,47.446,76.895
970.37,225.5,47.411,76.838
969.65,224.7,47.581,77.114
968.87,223.93,47.507,76.994
968.58,223.96,47.502,76.986
968.21,222.94,47.462,76.921
967.47,222.69,47.273,76.615
965.94,221.47,47.294,76.649
965.33,221.42,47.42,76.853
965.34,221.38,47.206,76.507
964.37,220.45,47.301,76.661
963.55,219.81,47.593,77.133
962.55,219.08,47.508,76.996
962.61,219.1,47.279,76.625
961.61,218.04,47.364,76.762
961.13,217.8,47.136,76.392
960.37,217.41,47.083,76.306
960.22,217.89,46.595,75.515
958.93,216.34,47.105,76.343
958.77,216.19,47.22,76.528
958.08,215.28,46.96,76.108
956.96,214.43,47.063,76.274
956.73,213.79,47.068,76.282
956.46,213.87,46.708,75.699
955.54,213.26,46.901,76.012
954.09,212.28,47.092,76.321
953.78,212.06,46.934,76.065
953.13,211.27,47.086,76.311
952.95,210.86,47.044,76.244
952.53,210.9,46.518,75.391
951.25,209.87,46.887,75.99
950.41,209.24,47.213,76.518
949.83,208.73,47.136,76.393
949.8,208.5,47.084,76.309
949.46,208.02,46.823,75.886
948.5,207.57,46.944,76.082
947.3,206.72,46.916,76.036
946.66,205.92,46.859,75.943
946.18,205.33,47.155,76.424
946.49,205.38,46.836,75.906
945.82,204.72,46.962,76.111
945.22,203.96,46.637,75.584
944.66,202.93,46.869,75.96
944.39,202.73,46.656,75.615
943.65,201.94,46.844,75.92
943.39,201.94,46.719,75.717
943.23,201.52,46.837,75.907
942.7,200.85,46.854,75.935
942.15,199.88,46.717,75.715
941.72,199.13,47.134,76.39
941.52,198.84,46.82,75.88
940.92,198.02,46.978,76.137
940.29,197,46.821,75.883
940.32,197.06,46.677,75.649
940.07,196.25,46.786,75.826
939.4,196.17,46.602,75.527
938.3,194.67,46.785,75.823
938.73,194.97,46.673,75.642
938.72,194.27,46.465,75.305
938.06,193.43,46.751,75.768
937.57,193.23,46.594,75.514
936.62,191.95,46.933,76.064
936.58,191.28,47.095,76.326
936.67,191.78,46.622,75.559
935.78,190.31,47.048,76.251
936.05,190.45,46.668,75.634
935.53,189.69,46.699,75.685
935.64,189.52,46.863,75.951
934.7,188.29,47.107,76.346
934.85,188.43,46.845,75.92
934.82,187.49,46.961,76.109
933.79,186.66,46.883,75.984
933.46,185.99,47.474,76.94
934.16,187.31,46.782,75.818
934,186.93,46.53,75.411
933.59,185.54,46.41,75.217
933.24,185.86,46.487,75.342
933.36,185.55,46.272,74.993
932.57,184.4,46.313,75.059
932.44,184.42,46.284,75.012
931.92,183.46,46.832,75.901
932.41,184.46,46.291,75.024
931.68,182.59,46.655,75.613
931.21,182.06,46.655,75.613
930.82,181.74,47.008,76.186
930.57,181.21,47.187,76.476
931.19,182.72,46.425,75.24
931.09,181.8,46.51,75.378
930.66,181.25,46.407,75.211
931.14,181.54,46.252,74.96
930.73,180.42,46.18,74.843
930.42,180.29,46.354,75.125
931.07,179.99,46.141,74.78
930.78,179.6,45.958,74.483
930.58,179.51,45.838,74.288
930.23,178.69,46.19,74.86
930.49,178.61,46.095,74.706
930.65,178.57,46.27,74.989
930.11,177.5,46.763,75.789
930.26,177.44,46.659,75.619
929.83,176.74,46.63,75.573
929.76,176.84,46.587,75.503
930.06,176.23,46.444,75.271
930.2,176.56,46.498,75.359
929.86,176.32,46.43,75.249
930.64,176.64,45.943,74.459
930.05,175.89,46.143,74.783
929.73,175.21,46.02,74.584
930.4,175.12,46.142,74.781
929.8,174.82,46.062,74.653
930.29,174.94,46.142,74.782
929.95,174.45,46.132,74.765
930.61,174.86,46.028,74.597
930.73,174.42,45.796,74.222
930.34,173.64,45.987,74.531
931.09,174.72,45.831,74.278
930.31,173.58,46.187,74.854
930.1,173.47,46.246,74.951
930.55,172.53,46.263,74.978
930.52,172.68,46.274,74.995
930.95,172.54,46.331,75.088
931.25,173.06,46.243,74.945
931.07,171.76,46.396,75.193
931.77,172.45,46.155,74.802
931.65,171.59,46.114,74.737
932.27,172.2,46.06,74.649
932.45,171.38,46.08,74.682
932.63,170.98,46.077,74.676
932.57,170.98,45.944,74.461
932.21,170.03,46.359,75.133
932.88,170.7,46.312,75.058
932.52,169.61,46.391,75.185
933.63,170.31,45.982,74.523
933.78,170.51,45.7,74.065
934.02,170.18,45.944,74.461
933.91,169.53,46.015,74.576
934.28,169.54,46.187,74.855
934.11,168.57,46.457,75.293
934.97,168.63,46.05,74.632
935.02,168.85,46.075,74.673
935.33,168.87,46.122,74.749
935.7,168.25,45.998,74.548
936.27,168,45.933,74.444
936.08,167.42,45.831,74.277
935.93,167.23,46.005,74.559
936.62,167.24,45.825,74.268
936.65,166.51,46.005,74.56
937.16,167.42,45.982,74.523
937.85,166.83,45.954,74.478
937.56,165.9,46.318,75.066
938.07,166.21,46.258,74.971
938.45,165.84,46.15,74.796
938.49,165.64,46.121,74.748
939.79,165.98,45.878,74.355
939.33,165.48,45.924,74.428
939.25,165.45,45.932,74.442
939.67,164.76,46.175,74.836
939.68,164.36,46.292,75.025
939.96,164.88,46.297,75.033
940.36,164.25,46.286,75.015
940.63,163.89,46.297,75.033
940.93,163.68,46.485,75.337
941.77,164.26,46.227,74.919
941.5,163.63,46.279,75.004
941.73,163.75,46.464,75.303
942.53,164.08,46.159,74.809
942.61,163.75,45.952,74.474
943.1,163.81,45.831,74.279
943.18,163.5,45.933,74.443
943.11,162.87,46.309,75.053
943.19,162.71,46.475,75.322
943.86,163.11,46.185,74.851
944.14,162.38,46.338,75.099
944.77,163.15,46.001,74.554
945.21,163.25,45.754,74.153
946.12,163.15,45.575,73.862
945.37,162.1,46.145,74.787
945.73,162.48,46.018,74.581
946.33,162.4,45.997,74.547
946.93,162.49,45.723,74.102
947.78,162.96,45.535,73.799
947.89,162.14,45.407,73.59
947.95,162.06,45.453,73.665
947.72,161.71,45.635,73.961
948.21,162.13,45.858,74.321
948.1,161.14,46.025,74.592
948.98,161.84,45.685,74.042
949.14,161.95,45.598,73.899
949.15,160.8,45.785,74.203
949.88,161.98,45.349,73.496
950.21,161.55,45.521,73.776
949.8,160.63,45.601,73.906
949.8,160.24,45.87,74.341
949.99,159.79,46.141,74.78
950.47,159.67,46.169,74.825
950.49,158.94,46.32,75.071
951.26,159.79,46.092,74.701
951.8,159.65,45.984,74.526
951.8,159.91,45.832,74.28
951.95,159.63,45.593,73.892
951.88,159.03,45.744,74.137
952.57,159.74,45.498,73.739
952.05,158.99,45.637,73.964
953.22,159.54,45.567,73.851
952.98,158.42,45.755,74.155
953.69,158.37,45.623,73.941
953.44,158.35,45.655,73.993
954.12,158.08,45.566,73.849
953.11,156.51,46.131,74.764
953.84,157.12,46.031,74.601
954.23,156.68,46.049,74.632
954.58,156.71,45.881,74.36
954.23,156.32,46.074,74.671
954.85,156.36,45.903,74.394
954.66,155.93,45.842,74.295
954.94,155.8,45.737,74.126
955.49,156.48,45.616,73.929
955.88,156.34,45.427,73.624
956.32,156.04,45.542,73.81
956.1,155.71,45.419,73.61
956.57,155.5,45.453,73.666
956.45,155.17,45.776,74.189
957.24,156.04,45.041,72.997
957.06,155.01,45.274,73.376
957.09,154.61,45.506,73.751
956.96,153.95,45.36,73.514
957.64,154.28,45.375,73.539
958.11,154.13,45.175,73.214
957.81,153.39,45.418,73.608
958.26,153.99,45.196,73.249
957.76,152.92,45.477,73.704
958.17,152.36,45.607,73.914
958.3,152.1,45.752,74.149
959.2,151.81,45.401,73.582
959.43,152.05,45.266,73.362
959.5,151.92,45.236,73.313
959.15,150.89,45.318,73.446
960.13,152.11,44.922,72.805
960.23,150.66,45.447,73.656
959.89,149.72,45.567,73.85
960.02,149.19,45.906,74.399
959.93,148.9,46.029,74.599
960.72,149.22,45.684,74.039
961.11,149.36,45.761,74.164
961.35,149.07,45.486,73.719
961.16,148.14,45.683,74.039
962.06,148.8,45.365,73.523
962.26,148.5,45.363,73.519
962.55,148.64,45.326,73.459
963.08,148.34,45.121,73.127
962.58,147.43,45.577,73.867
962.93,147,45.4,73.58
963.82,148.02,45.03,72.979
964.57,147.59,44.941,72.836
964.8,147.47,45.081,73.063
964.61,146.33,45.336,73.476
965.54,146.35,45.06,73.027
965.77,145.76,45.215,73.279
965.6,144.8,45.548,73.82
965.83,144.42,45.376,73.54
966.89,145.05,45.031,72.982
967.46,144.27,45.119,73.124
966.72,143.27,45.312,73.437
967.9,143.93,45.095,73.086
967.52,142.51,45.395,73.572
968.18,142.55,45.112,73.112
968.02,141.26,45.376,73.54
969.15,141.78,45.095,73.085
969.29,140.42,45.081,73.063
969.3,139.74,45.3,73.418
970.04,139.34,45.208,73.268
970.38,138.43,45.315,73.442
971.08,137.84,45.174,73.212
971.33,137.19,44.954,72.856
972.2,137.57,44.798,72.603
971.74,134.99,45.413,73.6
972.57,134.5,45.309,73.432
973.51,133.74,45.204,73.262
973.52,132.31,45.378,73.543
974.17,132.11,45.107,73.105
974.52,130.45,45.198,73.253
974.71,129.43,45.465,73.684
975.22,128.8,45.314,73.439
976.54,128.6,44.974,72.889
977.45,127.55,44.734,72.499
977.15,125.76,44.793,72.596
977.57,124.34,44.885,72.744
978.16,123.53,44.915,72.793
978.64,122.33,45.114,73.116
979.01,120.64,45.141,73.159
979.44,119.24,45.125,73.134
979.66,117.98,45.245,73.328
980.22,117.2,45.067,73.039
981.24,116.63,44.792,72.594
981.24,115.12,44.989,72.913
982.4,114.75,44.984,72.906
982.97,113.13,44.933,72.822
983.65,112.15,44.903,72.773
983.58,108.93,45.331,73.468
984.7,108.85,45.098,73.09
984.63,107.05,44.993,72.919
985.7,106.89,44.977,72.894
986.56,105.37,44.721,72.478
986.41,103.87,44.754,72.532
986.76,102.57,44.937,72.829
987.46,102.55,44.909,72.784
987.88,102.3,44.862,72.708
988.38,101.49,44.794,72.598
988.26,101.1,44.856,72.698
988.66,100.6,44.979,72.897
989.83,100.51,44.823,72.644
989.97,99.798,45.02,72.964
990.68,99.606,44.781,72.576
990.99,99.264,44.743,72.514
991.67,98.811,44.52,72.153
991.94,97.677,44.921,72.803
992.87,98.13,44.787,72.586
993,96.911,44.951,72.852
993.88,97.305,44.595,72.275
994.63,97.07,44.458,72.053
994.43,95.855,44.586,72.26
995.1,96.167,44.659,72.379
995.93,96.224,44.363,71.898
996.27,95.688,44.189,71.616
996.71,94.138,44.388,71.939
997.04,93.962,44.491,72.106
997.37,93.313,44.649,72.362
997.78,94.086,44.257,71.727
998.58,93.401,44.246,71.709
999.49,92.931,44.081,71.441
999.16,91.875,44.228,71.68
1000.5,92.025,43.981,71.28
1000.7,91.496,43.806,70.996
1000.9,90.315,44.011,71.329
1001.9,90.165,43.927,71.192
1002.2,90.03,44.107,71.484
1002.1,88.713,44.384,71.933
1002.4,88.191,44.499,72.119
1002.8,87.942,44.681,72.415
1003.9,87.863,44.478,72.085
1004,86.819,44.711,72.463
1005.2,87.33,44.414,71.981
1005,86.465,44.588,72.264
1005.9,86.985,44.288,71.777
1006.5,87.05,44.034,71.365
1006.3,85.968,44.087,71.452
1006.9,86.029,44.032,71.362
1007,85.347,44.381,71.928
1007.8,84.644,44.435,72.015
1008,84.043,44.852,72.692
1008.4,84.473,44.52,72.153
1009,84.431,44.606,72.293
1010.3,85.096,44.262,71.735
1010.8,85.391,44.087,71.451
1010.4,84.533,44.216,71.66
1011.2,84.9,43.972,71.266
1012,84.545,43.812,71.006
1011.8,84.018,43.814,71.009
1011.9,83.117,44.111,71.491
1012.3,82.775,44.186,71.612
1012.7,82.084,44.377,71.922
1012.8,82.012,44.435,72.015
1013.3,81.381,44.545,72.194
1013.7,80.931,44.377,71.921
1014.2,80.488,44.537,72.181
1015.1,80.221,44.372,71.914
1016.1,81.438,43.698,70.821
1015.9,79.343,44.004,71.316
1016.8,79.434,43.527,70.544
1017.3,78.679,43.564,70.604
1017.6,77.699,43.698,70.82
1017.2,76.403,43.802,70.989
1018.1,75.347,43.603,70.668
1018.7,74.471,43.569,70.611
1019.1,73.928,43.644,70.733
1019.5,72.775,43.62,70.694
1020,72.082,43.577,70.624
1020.3,71.456,43.529,70.547
1020.9,70.585,43.475,70.46
1020.3,68.444,43.742,70.893
1020.4,67.98,43.892,71.136
1021.5,67.389,43.867,71.095
1021.9,66.809,43.676,70.785
1021.9,65.236,43.591,70.647
1022.4,65.577,43.399,70.336
1022.1,63.976,43.425,70.378
1022.5,63.009,43.568,70.611
1022.9,61.84,43.428,70.383
1022.8,60.759,43.424,70.377
1022.6,59.286,43.47,70.452
1023.1,58.258,43.627,70.706
1023.9,57.832,43.513,70.522
1024.1,56.51,43.423,70.375
1024.2,54.375,43.619,70.693
1025.5,54.004,43.597,70.658
1025.5,53.632,43.412,70.357
1025.4,51.233,43.512,70.519
1025.7,50.587,43.458,70.433
1025.4,48.45,43.65,70.743
1026.5,47.582,43.449,70.417
1025.8,46.149,43.568,70.611
1026.7,45.416,43.516,70.526
1027.2,44.733,43.064,69.794
1026.5,42.955,43.406,70.347
1026.3,41.278,43.454,70.425
1026.8,39.824,43.451,70.421
1027,38.762,43.349,70.255
1027.2,38.022,43.165,69.957
1028,36.79,43.156,69.942
1028,35.099,43.275,70.135
1028.4,34.064,43.199,70.012
1028.3,32.255,43.149,69.931
1028.5,30.813,43.218,70.043
1029.2,30.212,42.778,69.33
1028.5,27.65,43.186,69.99
1029.3,26.944,42.983,69.662
1028.6,24.795,43.065,69.795
1028.3,22.502,43.236,70.072
1029.4,22.304,43.148,69.929
1029.3,21.101,42.958,69.622
1029.5,19.053,43.081,69.821
1029.3,17.15,43.003,69.694
1029.3,16.44,42.825,69.405
1029.8,15.058,43.198,70.011
1030.3,13.969,43.019,69.72
1029.7,11.867,42.997,69.685
1029.6,10.038,43.228,70.06
1030.1,9.0616,42.982,69.66
1030.4,7.4566,42.72,69.235
1030.3,5.8828,42.87,69.48
1031.2,4.6455,42.66,69.138
1030.9,2.9925,42.585,69.017
1031.1,1.4092,42.622,69.076
1030.8,-0.95427,42.982,69.661
