1089,278,64,68
1088.9,277.94,64.066,68.071
1088.8,277.66,64.143,68.152
1088.8,277.56,63.881,67.874
1088.4,277.19,64.105,68.111
1088.6,277.36,64.301,68.319
1088.6,277.26,63.802,67.79
1088.6,277.14,63.894,67.887
1088.6,277.12,63.939,67.935
1088.6,276.98,63.958,67.955
1088.7,276.66,64.09,68.096
1089.2,277.18,63.869,67.861
1088.9,276.91,63.997,67.997
1089.1,276.9,64.053,68.057
1089.4,276.79,64.007,68.008
1089.3,276.76,64.107,68.114
1089.4,276.7,64.164,68.174
1089.5,276.77,63.986,67.985
1089.4,276.53,64.346,68.368
1089.1,276.25,64.038,68.04
1089.5,276.36,64.407,68.432
1089.4,276.27,64.516,68.548
1089.6,276.39,64.338,68.359
1089.2,276,64.189,68.201
1089.4,276.2,63.907,67.901
1089.2,275.75,64.398,68.423
1089.6,276.06,64.336,68.357
1089.3,275.81,64.244,68.259
1089.3,275.67,64.234,68.248
1089.4,275.67,64.137,68.146
1090.1,275.79,64.139,68.148
1090.1,275.72,64.266,68.283
1089.8,275.4,64.216,68.23
1089.9,275.65,63.569,67.542
1090.1,275.72,64.115,68.122
1090.2,275.69,64.259,68.275
1089.9,275.33,64.113,68.12
1090,275.5,64.42,68.447
1090.2,275.71,64.196,68.208
1089.8,275.51,63.877,67.869
1089.6,275.49,63.799,67.786
1089.4,275.31,64.008,68.009
1089.7,275.64,64.134,68.142
1089.7,275.44,64.227,68.241
1089.6,275.45,63.64,67.617
1089.6,275.42,64.312,68.332
1089.5,275.2,63.838,67.828
1089.4,275.15,63.988,67.988
1089.6,275.35,64.314,68.333
1089.2,275.16,64.088,68.093
1089.6,275.42,64.267,68.284
1089.3,275.09,63.987,67.986
1089.6,275.36,64.137,68.146
1089.6,275.42,63.98,67.979
1089.5,275.36,64.198,68.211
1089.1,275.08,64.083,68.089
1089.4,275.51,63.96,67.957
1088.8,274.94,64.22,68.234
1088.7,274.98,64.08,68.085
1089,275.4,64.057,68.061
1089.1,275.45,64.163,68.173
1088.8,275.39,64.419,68.445
1088.6,275.24,64.602,68.64
1088.2,274.9,64.295,68.313
1088.2,275.07,64.236,68.251
1088.3,275.22,63.996,67.995
1088.4,275.39,64.406,68.432
1088.2,275.46,64.489,68.519
1088.2,275.36,64.537,68.57
1088.3,275.52,64.231,68.245
1088.2,275.43,63.773,67.759
1088,275.32,63.984,67.983
1088.2,275.53,64.277,68.294
1088,275.32,63.952,67.949
1087.7,275.23,64.009,68.009
1088,275.52,64.32,68.34
1087.8,275.32,63.953,67.95
1087.5,275.23,64.001,68.001
1087.9,275.6,64.118,68.125
1087.8,275.37,64.326,68.346
1087.6,275.33,63.784,67.771
1087.6,275.34,63.805,67.793
1087.6,275.41,63.763,67.748
1087.5,275.32,63.909,67.903
1087.6,275.3,63.795,67.782
1087.6,275.26,63.861,67.853
1087.5,275.12,64.177,68.188
1087.5,275.37,63.784,67.77
1087.5,275.25,63.806,67.794
1087.4,275.24,63.988,67.987
1087.6,275.36,64.376,68.399
1087.5,275.22,64.546,68.58
1087.6,275.34,64.461,68.489
1087.6,275.27,64.529,68.562
1087.7,275.3,64.418,68.445
1087.6,275.39,64.567,68.602
1087.8,275.53,64.401,68.426
1087.8,275.44,64.664,68.706
1087.7,275.32,64.148,68.157
1087.6,275.45,64.498,68.529
1087.7,275.52,64.262,68.278
1087.5,275.25,64.011,68.012
1087.8,275.36,64.432,68.459
1087.7,275.28,64.601,68.639
1087.5,275.08,64.064,68.068
1087.8,275.32,64.395,68.42
1087.7,275.27,64.505,68.536
1087.8,275.33,64.483,68.513
1088.1,275.45,64.34,68.362
1087.6,275.01,64.33,68.351
1087.5,275.08,64.349,68.371
1087.5,275.07,64.365,68.387
1087.6,275.18,64.314,68.333
1087.7,275.29,64.101,68.107
1088,275.51,64.46,68.489
1088.1,275.51,64.556,68.59
1088.2,275.63,64.364,68.387
1087.9,275.43,64.087,68.093
1088.2,275.78,64.159,68.169
1088.2,275.79,64.239,68.254
1087.7,275.37,64.278,68.295
1087.6,275.38,64.221,68.235
1087.7,275.39,64.097,68.103
1088.1,275.8,64.226,68.24
1087.6,275.33,64.407,68.433
1088,275.71,64.397,68.422
1088,275.76,64.444,68.471
1088.1,275.88,64.334,68.355
1087.6,275.59,64.361,68.384
1087.4,275.33,64.4,68.425
1087.8,275.76,64.429,68.455
1087.9,275.85,64.351,68.373
1087.6,275.81,64.301,68.32
1087.5,275.59,64.27,68.287
1087.4,275.83,64.038,68.04
1087.9,276.05,64.031,68.033
1087.9,276.35,64.165,68.176
1087.8,276.38,64.324,68.345
1087.4,276.02,64.216,68.23
1087.5,276.03,64.152,68.161
1087.9,276.38,64.148,68.157
1087.8,276.49,64.321,68.341
1087.6,276.26,64.191,68.203
1087.4,276.33,64.322,68.342
1087.5,276.43,63.984,67.983
1087.7,276.77,64.4,68.425
1087.7,276.71,64.374,68.397
1087.7,276.86,64.357,68.379
1087.3,276.76,64.249,68.265
1087.5,276.85,64.085,68.09
1087.8,277.1,64.147,68.156
1087.7,277.31,64.537,68.571
1087.7,277.33,64.54,68.574
1087.7,277.44,64.454,68.482
1087.6,277.38,64.585,68.622
1087.6,277.39,64.025,68.026
1087.6,277.48,64.418,68.444
1087.7,277.47,64.477,68.507
1087.7,277.71,64.335,68.356
1087.5,277.55,63.976,67.975
1087.8,277.87,64.307,68.327
1087.4,277.65,64.307,68.326
1087.3,277.49,64.328,68.349
1087.4,277.61,64.323,68.343
1087.4,277.62,64.207,68.22
1087.4,277.61,64.337,68.358
1087.4,277.7,64.166,68.177
1087.7,278.09,64.235,68.25
1087.3,277.83,64.149,68.158
1087.9,278.29,64.093,68.099
1087.6,278.33,64.211,68.225
1087.4,278.04,64.092,68.097
1087.5,278.25,64.479,68.509
1087.6,278.35,64.473,68.503
1087.5,278.17,64.68,68.723
1087.4,277.98,64.057,68.06
1087.4,278.15,64.672,68.714
1087.2,278.09,64.063,68.067
1087.2,278.19,64.67,68.712
1087,278.18,64.204,68.217
1086.8,278.09,64.152,68.162
1087.1,278.52,64.278,68.296
1086.7,278.07,64.199,68.212
1086.7,278.16,64.076,68.081
1086.9,278.28,64.451,68.479
1087.1,278.33,64.402,68.427
1087.1,278.26,64.272,68.289
1086.9,278.07,64.104,68.111
1087.1,278.3,64.156,68.166
1087.2,278.15,64.193,68.205
1086.8,277.64,64.268,68.285
1086.7,277.37,64.287,68.305
1086.7,277.45,64.064,68.068
1087.2,277.88,64.129,68.137
1087.2,277.74,64.316,68.336
1086.9,277.39,64.339,68.36
1086.9,277.36,64.342,68.364
1087.1,277.45,64.202,68.214
1087,277.39,64.219,68.233
1087,277.37,64.117,68.125
1087.2,277.44,64.624,68.663
1087,277.34,64.191,68.203
1087,277.34,64.097,68.103
1087.4,277.67,64.159,68.169
1087.3,277.54,64.134,68.143
1087.4,277.47,64.08,68.085
1087.4,277.58,64.07,68.074
1087.3,277.54,64.187,68.198
1086.8,277.23,64.125,68.133
1087.1,277.51,64.277,68.295
1086.8,277.22,64.217,68.23
1086.9,277.43,63.985,67.984
1087,277.57,64.398,68.423
1087.2,277.5,64.55,68.585
1087.2,277.67,64.237,68.252
1086.8,277.38,64.267,68.283
1086.5,277.3,64.379,68.403
1086.9,277.77,64.375,68.398
1087,277.92,64.276,68.293
1086.7,277.87,64.248,68.263
1086.4,277.73,64.293,68.311
1086.5,277.53,64.339,68.36
1086.5,277.58,64.366,68.389
1086.5,277.61,64.327,68.347
1086.3,277.6,64.44,68.468
1087,278.14,64.205,68.218
1086.6,278.12,64.134,68.142
1086.8,278.54,64.309,68.328
1086.5,278.14,64.227,68.241
1086.6,278.31,64.149,68.159
1086.8,278.46,64.351,68.373
1086.8,278.33,64.181,68.192
1086.5,278.3,64.187,68.198
1086.7,278.46,64.037,68.039
1086.9,278.66,64.365,68.387
1086.8,278.39,64.436,68.463
1087.1,278.61,64.459,68.488
1087.3,278.8,64.311,68.33
1086.9,278.44,64.262,68.279
1087,278.65,64.167,68.177
1087.3,278.87,64.347,68.369
1086.9,278.89,64.242,68.257
1086.9,278.95,64.142,68.151
1087.4,279.32,64.041,68.043
1087.4,279.21,64.323,68.344
1087.1,278.75,64.287,68.304
1087.1,278.58,64.278,68.295
1087.1,278.52,64.241,68.256
1087.1,278.68,64.156,68.166
1087.6,279.04,64.235,68.249
1087.1,279.06,64.147,68.157
1087.4,279.22,64.546,68.58
1087.4,279.3,64.366,68.389
1087,279.09,64.269,68.286
1087.1,279.15,64.217,68.23
1087.2,279.24,64.166,68.176
1087.6,279.51,64.308,68.328
1087.4,279.35,63.893,67.886
1087.5,279.37,63.854,67.845
1087.5,279.37,63.868,67.86
1087.5,279.24,64.092,68.098
1087.8,279.62,64.281,68.299
1087.5,279.24,64.023,68.024
1087.9,279.64,64.297,68.315
1087.7,279.32,64.228,68.242
1087.4,279.2,64.205,68.217
1087.5,279.35,64.139,68.148
1087.8,279.43,64.35,68.372
1087.4,279.22,64.016,68.017
1087.8,279.43,64.22,68.234
1087.6,279.32,63.747,67.731
1087.8,279.51,64.129,68.138
1087.7,279.47,64.322,68.342
1087.4,279.37,63.913,67.908
1087.4,279.12,64.336,68.357
1087.4,279.3,64,68.001
1087.7,279.58,64.229,68.243
1087.4,279.28,63.914,67.908
1087.4,279.35,63.923,67.918
1087.3,279.27,63.887,67.88
1087.2,279.29,63.977,67.975
1087.3,279.33,64.542,68.575
1087.4,279.34,64.459,68.487
1087.3,279.26,64.429,68.456
1087.2,279.13,64.706,68.75
1087.1,278.99,64.079,68.084
1087.5,279.36,64.065,68.069
1087.5,279.33,64.123,68.131
1087.4,279.38,64.056,68.06
1087.4,279.45,64.055,68.059
1087.5,279.38,64.061,68.065
1087.4,279.32,64.075,68.079
1087.5,279.46,63.928,67.923
1086.9,278.9,64.18,68.191
1086.9,278.93,63.992,67.992
1087.1,279,64.252,68.267
1086.8,279.03,64.064,68.069
1087.1,279.28,64.074,68.078
1087.4,279.44,63.983,67.982
1087.1,279.17,64.182,68.193
1087,279,64.181,68.193
1086.8,278.86,64.204,68.216
1086.6,278.64,64.168,68.179
1086.4,278.63,64.201,68.213
1086.4,278.73,64.203,68.216
1086.3,278.75,64.263,68.28
1086.4,278.77,64.123,68.13
1086.5,279.02,64.424,68.451
1086.5,279.26,64.401,68.426
1086.3,279.31,64.282,68.299
1086,278.82,64.205,68.217
1085.9,278.76,64.255,68.271
1085.6,278.76,64.367,68.39
1085.5,278.73,64.274,68.292
1085.6,278.75,64.283,68.301
1085.4,278.7,64.328,68.349
1085.4,278.59,64.38,68.404
1085.7,278.98,64.306,68.325
1085.4,279.08,64.113,68.121
1085.6,279.23,64.288,68.306
1085.1,278.72,64.415,68.441
1085.4,278.97,64.383,68.407
1085.3,279.12,64.489,68.519
1085.2,279.15,64.529,68.562
1085.2,279,64.554,68.589
1085.1,279.14,64.43,68.457
1085.2,279.12,64.246,68.262
1084.6,278.46,64.458,68.486
1084.8,278.71,64.587,68.623
1084.5,278.35,64.501,68.532
1084.9,278.69,64.506,68.537
1084.9,278.6,64.47,68.499
1085,278.54,64.519,68.551
1085,278.58,64.402,68.427
1085.1,278.58,64.374,68.397
1084.9,278.28,64.587,68.624
1084.6,278.27,64.099,68.105
1084.9,278.62,64.296,68.315
1084.7,278.35,64.222,68.235
1084.6,278.34,64.297,68.316
1084.7,278.33,64.358,68.38
1084.5,278.36,64.482,68.512
1085.1,278.77,64.432,68.459
1085.2,278.93,64.311,68.33
1084.9,278.46,64.338,68.359
1084.8,278.31,64.452,68.481
1085.2,278.65,64.56,68.595
1085.2,278.65,64.478,68.508
1085.3,278.69,64.376,68.399
1085.1,278.47,64.467,68.497
1085.1,278.37,64.726,68.772
1084.8,278.09,64.485,68.515
1085.4,278.63,64.219,68.233
1084.8,278.04,64.323,68.343
1084.8,278.06,64.248,68.264
1084.8,277.92,64.425,68.452
1085.2,278.11,64.78,68.828
1085.3,278.17,64.555,68.59
1085.3,278.25,64.579,68.615
1085,277.71,64.334,68.355
1085.2,277.73,64.248,68.263
1085.2,277.6,64.322,68.342
1085.3,277.69,64.223,68.237
1085.4,277.65,64.201,68.214
1085.4,277.61,64.243,68.258
1085.3,277.47,64.318,68.338
1085.4,277.46,64.351,68.373
1085.3,277.33,64.569,68.605
1085.9,277.88,64.363,68.385
1085.6,277.29,64.452,68.48
1086.3,277.72,64.396,68.421
1086.2,277.6,64.494,68.525
1086.2,277.6,64.616,68.655
1086,277.43,64.086,68.091
1086.5,277.65,64.445,68.473
1086.5,277.58,64.456,68.484
1086.6,277.57,64.425,68.452
1086.6,277.61,64.518,68.55
1086.9,277.76,64.351,68.373
1086.5,277.42,64.378,68.402
1087,277.76,64.369,68.392
1086.6,277.46,64.4,68.425
1087,277.82,64.419,68.445
1086.9,277.96,64.48,68.51
1087.3,278.07,64.3,68.318
1086.7,277.47,64.416,68.442
1087.2,277.79,64.391,68.416
1087.2,277.98,64.571,68.606
1087.3,278.01,64.375,68.399
1087.3,278.16,64.399,68.424
1087.4,278.02,64.614,68.653
1087,277.66,64.52,68.553
1087.5,278.02,64.407,68.432
1087.4,277.94,64.645,68.685
1087.1,277.69,64.506,68.538
1087.5,278,64.685,68.728
1087.1,277.89,64.582,68.619
1087.2,277.97,64.509,68.541
1087.8,278.6,64.345,68.366
1087.4,278.13,64.519,68.551
1087.6,278.53,64.562,68.597
1087.7,278.52,64.445,68.473
1087.7,278.49,64.654,68.695
1087.4,278.23,64.592,68.629
1087.4,278.26,64.495,68.526
1087.6,278.87,64.536,68.569
1087.8,278.87,64.486,68.516
1087.9,278.87,64.666,68.708
1087.4,278.73,64.508,68.54
1087.5,279.02,64.652,68.693
1087.2,278.9,64.247,68.262
1087.1,278.87,64.409,68.435
1087.5,279.29,64.656,68.697
1087,278.95,64.574,68.61
1087.3,279.46,64.776,68.824
1086.9,279.09,64.644,68.685
1087,279.14,64.621,68.66
1087,279.38,64.586,68.623
1087,279.48,64.426,68.452
1087.2,279.77,64.885,68.94
1087.2,280.17,64.649,68.69
1086.8,279.79,64.526,68.559
1087.1,280,64.695,68.739
1086.7,279.8,64.762,68.81
1086.5,279.74,64.838,68.89
1086.8,280.43,64.693,68.736
1086.3,279.91,64.877,68.932
1086.7,280.38,64.829,68.881
1086.8,280.54,64.776,68.825
1086.3,280.23,64.886,68.941
1086.2,280.48,65.166,69.238
1085.9,280.72,65.058,69.124
1085.9,280.9,64.823,68.874
1086,281.34,65.197,69.272
1085.8,281.22,65.484,69.577
1085.4,281.5,65.388,69.474
1085.6,281.91,65.398,69.486
1085.3,281.92,65.3,69.381
1085.5,282.46,65.21,69.285
1085.9,283.08,65.085,69.153
1085.2,282.89,65.23,69.307
1085.5,283.37,65.343,69.427
1085.3,283.7,65.702,69.808
1085.2,283.77,65.822,69.936
1084.7,283.73,66.006,70.131
1085.1,284.36,65.95,70.072
1084.5,284.48,66.226,70.365
1084.4,284.83,66.222,70.36
1084.5,285.24,66.161,70.296
1085.2,286.1,66.175,70.311
1084.9,286.18,66.609,70.772
1084.6,286.16,66.79,70.964
1084.5,286.47,66.893,71.074
1084.8,287.51,66.968,71.154
1084.8,287.79,67.344,71.552
1084.8,287.99,67.581,71.805
1084.5,288.27,67.103,71.297
1084.9,288.93,66.792,70.967
1084.7,289.54,66.936,71.12
1085,290.56,67.416,71.629
1084.9,290.81,67.465,71.682
1084.8,291.13,67.192,71.391
1084.8,291.44,67.181,71.38
1084.8,292.27,67.173,71.371
1084.9,292.99,67.122,71.317
1085.1,293.58,67.197,71.397
1085.3,294.09,67.265,71.47
1085.7,295.06,67.344,71.553
1085.7,295.78,67.569,71.792
1085.4,295.76,67.779,72.015
1085.7,296.56,68.228,72.492
1085.7,297.34,68.317,72.587
1085.4,297.45,68.52,72.802
1085.9,298.51,68.666,72.958
1085.9,298.7,68.395,72.669
1086.1,299.66,68.447,72.725
1086.3,300.31,68.819,73.12
1086,300.95,68.619,72.907
1086.7,302.16,68.641,72.931
1086.6,303.01,68.887,73.193
1087.2,303.84,68.566,72.851
1087.3,304.44,69.008,73.321
1086.9,304.8,69.426,73.765
1087,305.87,69.897,74.266
1086.9,306.25,69.611,73.961
1086.8,307.01,69.478,73.82
1086.9,307.6,69.279,73.609
1087.5,308.74,69.052,73.368
1087.2,308.98,69.13,73.45
1087,309.75,68.824,73.126
1086.9,310.16,68.974,73.285
1087.4,311.49,68.98,73.292
1087.2,312.48,69.24,73.567
1086.9,312.94,68.939,73.248
1087.4,313.7,68.974,73.285
1087.6,314.51,69.046,73.361
1087.6,315.24,69.181,73.505
1087.1,315.8,68.864,73.168
1087.5,317.25,69.058,73.374
1087.1,317.49,68.734,73.029
1087.3,318.44,68.37,72.643
1087.6,319.38,68.474,72.753
1087.8,320.74,68.595,72.883
1087.9,321.76,68.671,72.963
1087.6,321.96,68.938,73.247
1087.9,323.05,68.863,73.167
1087.9,323.97,68.666,72.958
1088.1,325.07,68.385,72.659
1088.1,325.88,68.426,72.702
1088,326.89,68.527,72.81
1088.4,327.89,68.727,73.022
1088,328.24,68.788,73.087
1088.3,329.22,68.234,72.499
1088.4,330.32,68.999,73.311
1088.4,331.23,69.397,73.734
1088.8,332.51,69.307,73.639
1088.7,333.15,69.438,73.778
1088.9,334.28,69.267,73.596
1088.8,335.28,69.341,73.675
1088.6,336.79,69.602,73.952
1088.2,337.42,69.63,73.982
1088.2,338.45,69.842,74.207
1088.5,339.51,70.433,74.835
1087.9,340.41,70.1,74.481
1088.4,341.78,70.146,74.53
1088.4,343.14,70.336,74.732
1088.2,344,70.245,74.635
1088.7,345.56,70.459,74.863
1088.3,346.21,70.64,75.055
1088.6,347.57,70.74,75.162
1088.3,348.57,70.828,75.255
1088.1,349.63,70.766,75.189
1088,350.86,70.831,75.258
1087.8,351.9,71.126,75.571
1087.8,352.8,71.436,75.901
1087.8,353.82,71.837,76.327
1087.9,354.95,71.991,76.491
1087.4,356,71.707,76.189
1088,357.64,71.691,76.172
1087.3,358.22,72.064,76.568
1087.2,359.28,71.938,76.434
1087.1,360.02,72.101,76.607
1087.2,361.36,72.391,76.916
1086.7,362.14,72.588,77.125
1087,363.69,72.864,77.418
1086.6,364.35,73.177,77.751
1086.4,365.36,73.429,78.019
1086.6,366.39,73.95,78.572
1085.9,366.91,74.104,78.735
1085.6,368.29,73.957,78.58
1085.7,369.2,74.067,78.696
1085.8,370.22,73.986,78.61
1085.6,371.42,74.233,78.872
1086,372.71,74.174,78.81
1086.3,374.32,73.766,78.377
1086.4,375.32,73.874,78.491
1086.6,376.53,73.901,78.52
1086.5,377.66,73.948,78.57
1086.4,378.46,73.981,78.605
1086,379.05,74.303,78.946
1086.4,380.6,74.513,79.17
1086,381.58,74.609,79.272
1086.9,383.53,74.442,79.095
1086.6,384.28,74.626,79.291
1086.9,385.92,74.625,79.289
1087.1,386.85,74.623,79.287
1087,388.02,74.952,79.637
1087.1,389.26,74.958,79.643
1087.3,390.93,74.665,79.331
1087.5,391.83,74.806,79.481
1086.9,392.78,74.839,79.517
1086.6,393.38,75.333,80.041
1086.5,394.44,75.579,80.303
1086.7,395.67,75.586,80.311
1086.9,397.14,75.523,80.243
1087.1,398.4,75.911,80.656
1087.4,399.96,75.796,80.534
1087.3,401.11,75.993,80.742
1087,402.11,75.906,80.65
1087.3,403.34,76.014,80.765
1087,404.18,75.924,80.67
1087.3,405.98,76.107,80.863
1087,407.06,76.053,80.806
1087.1,408.66,76.153,80.912
1087.3,409.81,76.076,80.83
1087.2,411,76.183,80.944
1087.8,412.86,76.417,81.193
1087.5,414.29,76.407,81.183
1087.5,416,76.354,81.126
1087.9,417.88,76.455,81.233
1087.7,419.26,76.379,81.153
1087.3,420.5,76.574,81.36
1087.3,422.41,76.597,81.384
1087.8,424.13,76.899,81.705
1087.2,424.96,77.228,82.055
1086.8,426.06,77.551,82.398
1087.4,428.18,77.284,82.115
1087.2,429.74,76.962,81.772
1086.7,430.97,77.648,82.501
1086.7,432.65,77.732,82.591
1086.7,434.56,77.534,82.38
1087.1,436.45,77.536,82.382
1086.8,438.11,77.831,82.696
1086.6,439.62,78.185,83.072
1086.3,441.58,78.064,82.943
1086.3,443.34,78.052,82.931
1086.4,444.84,77.99,82.865
1086.3,446.55,78.737,83.658
1086.3,449.04,78.187,83.074
1085.8,450.32,78.488,83.393
1085.8,452.52,78.353,83.25
1085.9,454.37,78.362,83.259
1085.9,456.02,78.249,83.14
1085.8,457.54,78.705,83.624
1085.4,459.89,78.627,83.541
1085.1,461.5,79.021,83.96
1085.2,463.74,78.838,83.766
1084.8,464.77,78.88,83.81
1084.5,466.47,79.047,83.987
1085.2,471.3,78.328,83.223
1084.8,471.57,78.864,83.793
1084.2,472.71,79.366,84.327
1084,474.64,79.384,84.345
1083.7,476.19,79.457,84.424
1084.1,478.52,79.521,84.491
1083.8,482.34,79.621,84.597
1083.4,483.61,79.574,84.547
1083,485.1,79.992,84.991
1082.8,487.25,80.114,85.121
1082,488.51,80.329,85.35
1082.4,490.97,80.535,85.568
1081.5,492.71,80.724,85.769
1081.6,495.58,81.062,86.128
1081.3,497.79,81.229,86.305
1081,499.81,81.258,86.336
1080,501.59,81.51,86.604
1079.9,505.26,81.648,86.751
1079.5,506.8,81.731,86.84
1078.8,507.89,82.178,87.314
1078.1,509.44,82.523,87.681
1077.4,511.73,82.654,87.82
1076.6,513.47,82.751,87.923
1076.3,515.83,82.878,88.058
1075.8,517.74,82.906,88.087
1074.7,519.31,82.647,87.813
1074.2,521.02,82.384,87.533
1074,523.21,82.442,87.594
1073.3,525.07,82.341,87.487
1072.3,526.42,82.873,88.052
1071.6,527.4,83.177,88.376
1070.6,528.61,83.195,88.395
1069.7,529.31,83.783,89.02
1068.7,529.39,83.831,89.07
1067.6,528.97,84.114,89.372
1066.6,528.46,84.347,89.619
1066.2,528.39,84.611,89.899
1065.3,527.67,84.532,89.815
1064.2,527.02,85.06,90.376
1063.3,526.18,85.618,90.969
1063.2,526.34,85.423,90.762
1062.3,525.35,85.405,90.743
1061.5,524.48,85.801,91.164
1060.6,524,86.121,91.504
1060.4,524.26,85.662,91.016
1060,523.31,85.45,90.791
1058.7,521.6,85.562,90.91
1058.4,520.52,85.108,90.427
1057.4,517.82,85.463,90.805
1055.2,513.01,86.139,91.522
1054.3,510.95,86.248,91.638
1052.8,508.12,86.661,92.077
1051.8,505.53,86.616,92.029
1051.2,503.72,86.591,92.002
1050.1,501.61,86.842,92.27
1049.8,499.57,86.996,92.434
1048.5,496.9,87.295,92.751
1047.9,495.41,87.207,92.658
1046.7,492.9,87.578,93.052
1045.7,491.53,87.532,93.003
1044.4,487.96,87.953,93.45
1043.6,486.04,88.079,93.584
1043.1,485,87.908,93.402
1041.7,481.65,88.321,93.841
1040.5,479.93,88.692,94.235
1039.9,478.83,88.525,94.057
1039.3,477.24,88.467,93.997
1038.4,475.42,88.511,94.043
1037.2,473.48,88.538,94.072
1036.4,471.78,88.804,94.355
1035.5,470.46,88.755,94.302
1034.1,468.09,89.3,94.881
1033.3,466.41,89.796,95.408
1031.7,464.41,89.971,95.594
1030.6,463.35,90.026,95.653
1030.1,462.23,90.313,95.958
1028.5,460.61,90.57,96.231
1027.7,459.68,90.719,96.389
1026.8,458.02,90.927,96.61
1024.2,455.56,92.058,97.812
1022.9,453.71,93.091,98.909
1022.6,453.78,92.835,98.637
1021.3,452.35,92.61,98.398
1019.5,450.59,93.642,99.495
1018.3,449.2,94.274,100.17
1016.7,448.17,94.936,100.87
1016.8,448.44,94.272,100.16
1014.3,446.02,95.514,101.48
1014.8,446.84,94.69,100.61
1013.9,445.83,94.534,100.44
1011.4,443.28,96.096,102.1
1009.8,442.29,97.215,103.29
1010.2,442.74,96.453,102.48
1009.6,442.24,95.888,101.88
1007.5,439.57,96.837,102.89
1006,438.01,97.19,103.26
1006.8,438.38,96.41,102.44
1006.1,437.55,96.646,102.69
1003.9,435.18,97.184,103.26
1004.5,435.03,96.226,102.24
1003.1,433.36,96.774,102.82
1001,431.8,97.049,103.11
1001.6,431.52,96.581,102.62
1000.4,430.36,96.85,102.9
998.47,427.38,97.613,103.71
997.36,425.58,97.979,104.1
997.19,425.13,97.84,103.95
996.11,423.6,97.82,103.93
994.33,421.11,98.256,104.4
993.24,419.48,98.633,104.8
992.21,417.68,98.878,105.06
992.24,417.02,98.524,104.68
990.28,413.66,99.031,105.22
990.49,413.07,98.702,104.87
989.52,410.96,99.118,105.31
987.28,407.95,99.71,105.94
987.4,406.93,99.543,105.76
987.03,404.88,99.166,105.36
985.15,401.52,100.11,106.37
983.62,399.2,101.1,107.41
983.88,397.36,100.7,106.99
981.93,394.51,101.35,107.68
981.66,393.05,101.43,107.77
980.93,390.11,101.39,107.73
980.35,387.38,101.34,107.68
978.89,380.88,100.56,106.85
979.19,380.32,101.17,107.5
977.32,373.23,101.42,107.76
975.98,366.59,101.23,107.56
974.53,360.04,101.19,107.51
974.93,357.92,102.11,108.49
973.5,350.22,101.86,108.22
971.2,342.67,102.07,108.45
971.41,340.59,102.38,108.78
969.34,333.41,101.83,108.2
967.79,326.52,101.8,108.16
965.9,319.58,101.82,108.19
966.53,317.9,103.23,109.68
964.85,309.91,103.62,110.1
964.11,307.76,104.63,111.17
962.72,300.9,104.73,111.28
961.49,294.95,104.17,110.68
960.12,288.44,103.45,109.91
960.72,285.64,104.08,110.59
958.81,277.71,104.07,110.57
957.55,274.89,104.84,111.39
955.55,268.39,104.62,111.16
956.12,264.86,105.73,112.34
953.61,257.63,105.45,112.05
953.94,255.26,106.18,112.81
952.5,247.99,105.86,112.48
950.75,241.97,105.01,111.58
949.66,238.5,105.97,112.6
949.58,234.91,106.47,113.12
947.34,227.99,105.94,112.56
945.98,222.24,105.54,112.14
946.56,219.49,106.69,113.36
943.8,212.27,106.55,113.21
942.96,208.64,106.92,113.6
941.95,204.13,108.51,115.29
940.95,199.02,109.26,116.09
939.55,193.45,108.59,115.38
938.92,190.13,109.65,116.5
936.43,183,109.16,115.98
935.05,179.17,110.48,117.39
933.58,173.77,110.98,117.92
933.55,169.84,111.2,118.14
932.26,165.63,111.62,118.6
930.28,159.13,110.98,117.91
930.02,155.33,111.53,118.5
926.22,150.48,113.14,120.21
925.08,145.99,113.52,120.62
924.87,142.62,113.37,120.45
924.31,137.99,113.47,120.56
923.89,133.79,113.43,120.52
922.39,129.16,113.79,120.9
919.18,125.04,114.84,122.01
917.27,120.05,116.2,123.47
916.51,115.76,116.72,124.01
917.18,112.88,115.93,123.17
916.2,108.32,115.84,123.07
915.43,104.15,116.11,123.36
913.87,101.64,116.32,123.59
910.9,96.535,117.38,124.72
910.83,94.082,117.58,124.93
909.51,89.494,118.21,125.6
908.43,86.276,118.35,125.74
906.49,81.765,120.04,127.55
905.94,80.052,119.93,127.43
904.67,76.917,120.38,127.9
901.67,71.686,122.81,130.48
900.44,67.622,123.21,130.91
900.92,65.591,122.66,130.33
898.74,60.673,123.91,131.65
899.05,59.511,123.8,131.53
896.02,55.806,125.23,133.06
895.06,52.938,125.43,133.27
893.22,49.02,127.47,135.44
894.04,47.216,127.06,135
892.34,42.995,126.61,134.52
892.82,42.004,126.96,134.9
890.67,38.74,127.85,135.84
888.29,34.99,129.7,137.8
889.06,32.695,129.77,137.88
888.05,29.496,130.11,138.25
887.13,26.251,129.16,137.23
886.51,23.811,129.89,138.01
886.88,21.974,129.61,137.71
886.08,19.251,130.21,138.35
882.95,16.187,131.31,139.52
883.24,13.824,131.76,140
881.7,10.359,131.67,139.9
880.84,8.2157,132.21,140.47
880.84,6.7744,132.68,140.97
878.03,3.44,134.32,142.72
876.51,0.77444,134.26,142.66
875.13,-1.0089,135.1,143.54
875.61,-2.52,135.6,144.08
874.15,-3.7592,135.06,143.5
874.91,-3.7267,134.15,142.53
873.02,-5.4646,133.72,142.07
873.86,-5.4864,133.08,141.39
873.6,-6.6071,131.94,140.19
873.36,-8.2641,130.06,138.19
873.83,-8.5911,129.49,137.58
873.05,-9.3692,129.12,137.19
874.26,-10.672,128.53,136.56
875.58,-22.079,129.09,137.16
876.81,-22.267,128.42,136.45
874.71,-23.92,129.19,137.26
874.84,-24.146,128.64,136.68
873.83,-22.852,128.44,136.47
873.21,-23.346,128.39,136.41
872.65,-25.032,128.63,136.67
872.27,-27.008,128.72,136.76
871.59,-27.233,128.76,136.81
872,-26.598,128.32,136.34
872.27,-27.402,128.1,136.11
871.81,-28.884,128.33,136.35
871.52,-30.016,128.05,136.05
870.81,-31.604,128.64,136.69
868.96,-33.837,129.42,137.5
869.02,-34.253,129.19,137.27
868.36,-35.487,129.84,137.95
868.92,-35.582,129.89,138.01
868.49,-36.996,129.95,138.07
868.89,-36.758,129.66,137.76
867.52,-37.899,130.45,138.6
867.32,-38.452,130.57,138.73
867.04,-39.317,130.67,138.84
866.3,-39.275,130.43,138.59
866.44,-40.396,131.16,139.35
865.26,-42.534,131.9,140.14
864.65,-44.46,133.02,141.33
866.41,-42.439,131.7,139.93
864.18,-44.212,133.04,141.36
865.6,-43.265,132.48,140.76
864.13,-44.125,133.14,141.46
865.22,-43.996,132.92,141.23
865.58,-43.586,132.7,140.99
863.82,-44.836,133.64,141.99
865.07,-44.042,133.46,141.8
863.97,-45.447,134.13,142.51
862.57,-46.815,135.92,144.42
864.08,-45.481,135.5,143.97
862.83,-45.646,135.23,143.68
862.33,-46.551,135.83,144.32
863.26,-45.362,136.92,145.48
861.19,-46.744,138.64,147.31
863.07,-44.799,137.93,146.55
861.19,-45.795,138.53,147.19
862.21,-44.849,139.14,147.83
860.04,-45.937,140.08,148.83
859.55,-45.965,141.17,149.99
861.12,-43.862,141.37,150.21
859.31,-44.844,141.72,150.58
859.5,-44.399,142.5,151.41
859.63,-43.915,142.93,151.86
859.18,-43.474,143.01,151.95
859.05,-42.449,143.25,152.2
860.39,-39.914,142.83,151.75
858.43,-40.559,143.48,152.45
860.09,-37.999,143.24,152.2
859.34,-37.241,144.21,153.23
857.34,-37.564,144.96,154.02
856.65,-37.482,145.73,154.84
857.49,-35.377,146.74,155.92
857.61,-35.206,146.84,156.02
857.46,-35.067,147.42,156.64
855.26,-36.588,148.46,157.74
856.75,-34.26,147.79,157.03
854.2,-35.908,149.49,158.84
855.32,-34.227,149.72,159.08
855.6,-33.227,150.03,159.41
853.47,-34.593,150.48,159.88
854.74,-31.984,150.17,159.56
852.94,-33.134,151.15,160.6
852.21,-33.212,152.06,161.56
853.41,-31.355,152.07,161.58
853.31,-31.063,152.1,161.6
853.05,-31.049,152.46,161.99
851.32,-31.807,152.46,161.99
850.49,-32.075,153.77,163.38
849.71,-31.966,154.91,164.59
848.69,-31.655,155.91,165.65
848.42,-31.038,156.36,166.13
848.1,-30.85,156.19,165.95
848.08,-29.693,156.31,166.08
847.86,-29.263,156.35,166.13
847.73,-28.481,156.66,166.45
850.2,-25.668,154.98,164.67
848.22,-26.866,155.93,165.68
846.33,-27.674,158.33,168.23
848.27,-25.927,157.47,167.31
845.34,-27.795,159.57,169.54
845.92,-27.72,159.36,169.32
846.74,-25.639,158.88,168.81
844.81,-28.77,160.32,170.34
846.99,-26.913,158.82,168.75
844.14,-28.369,160.31,170.33
844.71,-27.136,160.73,170.78
844.1,-26.888,161.19,171.26
841.21,-30.935,163.57,173.79
839.93,-32.793,165.75,176.11
839.04,-35.074,166.44,176.84
841.54,-33.33,164.09,174.35
840.7,-32.998,165,175.31
838.32,-35.476,166.39,176.79
839.89,-34.591,165.88,176.25
836.94,-36.743,168.37,178.89
836.29,-37.755,169.48,180.07
835.62,-38.14,170.59,181.25
834.43,-38.651,171.76,182.5
833.87,-38.551,172.42,183.2
835.45,-36.717,171.95,182.7
833.36,-38.799,173.25,184.08
833.2,-37.693,173.08,183.9
831.85,-38.293,174.23,185.12
831.44,-39.169,175.79,186.77
831.9,-38.602,175.75,186.73
831.45,-38.555,176.27,187.28
833.1,-35.549,176.22,187.23
833.22,-33.679,175.37,186.33
833.66,-32.285,175.66,186.64
831.26,-33.41,177.17,188.24
829.24,-32.935,178.67,189.83
828.4,-33.02,180.53,191.81
828.11,-31.021,180.95,192.26
827.87,-29.951,182.03,193.41
827.16,-27.738,182.64,194.05
827.11,-26.562,182.93,194.36
829.34,-21.57,182.18,193.56
827.49,-20.465,183.27,194.72
829.13,-15.974,182.73,194.15
829.14,-12.886,183.03,194.47
829.32,-9.64,183.31,194.77
829.55,-5.7911,183.7,195.18
827.29,-5.3981,184.88,196.43
829.58,-0.43124,184.4,195.93
829.08,2.8312,184.92,196.48
829.39,7.3492,184.89,196.44
828.9,10.225,185.72,197.32
827.06,13.295,186.1,197.73
828.54,17.586,186.22,197.86
828.47,22.08,186.9,198.58
825.82,24.116,187.73,199.47
827.78,30.234,187.88,199.63
827.71,33.607,188.35,200.12
825.12,35.605,189.25,201.08
827.22,42.259,189.56,201.41
826.46,46.09,190.58,202.49
822.8,48.756,193.1,205.17
824.79,55.823,192.46,204.48
824.3,60.59,192.78,204.82
823.86,66.329,192.85,204.91
823.64,70.5,193.46,205.55
820.35,74.884,195.37,207.58
819.55,80.447,196.75,209.05
818.76,86.061,196.57,208.86
815.8,91.393,200.63,213.17
817.29,101.69,200.08,212.58
814.37,103.12,201.41,214
813.11,109.91,201.58,214.18
810.77,116.07,205.05,217.86
809.53,122.52,206.42,219.32
808.17,129.55,207.83,220.81
808.89,141.03,208.77,221.82
807.72,145.31,209.71,222.82
804.6,151.95,211.47,224.69
803.33,160.56,212.45,225.73
804.81,172.43,212.85,226.15
802.37,176.5,212.7,225.99
802.55,188.98,215.06,228.51
800.6,192.83,214.99,228.42
799.71,204.03,216.11,229.62
797.6,212.39,219.14,232.84
799.11,225.4,219.51,233.23
795.92,230.3,221.13,234.95
796.98,244.4,222.49,236.4
796.91,252.71,222.51,236.41
796.7,264.73,223.46,237.43
792.93,271.26,225.13,239.2
793.9,285.91,226.05,240.18
790.4,292.97,227.92,242.16
789.11,305.02,230.59,245
790.36,315.95,229.79,244.16
787.74,324.31,232.09,246.6
786.2,336.38,233.83,248.45
785.95,348.76,234.75,249.42
787.11,362.61,236.12,250.88
784.05,369.7,236.7,251.49
785.36,383.22,238.14,253.02
784.25,389.26,237.89,252.76
783.68,398.06,238.75,253.68
785.42,408.54,240,255
783.37,414.23,240.42,255.44
782.05,420.81,242.47,257.63
782.1,425.9,243.06,258.25
783.94,436.15,244.35,259.62
781.86,441.35,244.68,259.97
782.71,450.18,247.25,262.7
782.68,454.1,246.56,261.97
779.48,456.31,248.15,263.66
778.29,456.1,249.17,264.74
779.78,456.6,250.61,266.27
778.46,456.16,250.28,265.92
777.49,454.09,250.73,266.4
778.65,455.08,251.99,267.74
776.05,452.19,253.4,269.24
777,451.83,255.72,271.71
776.67,450.5,256.94,273
777.49,450.06,256.97,273.03
776.66,448.76,258.51,274.66
774.31,446.39,258.17,274.31
774.1,446.04,258.66,274.82
773.07,446.42,259.5,275.72
774.6,448.52,261.83,278.19
774.18,450.58,262.91,279.34
774.61,452.99,263.59,280.06
772.35,452.92,262.61,279.02
772.41,455.52,264.38,280.91
773.69,459,265.4,281.98
773.94,463.61,266.69,283.36
771.6,465.89,270.46,287.36
768.8,467.44,271.18,288.13
767.84,473.65,272.59,289.63
769.59,481.76,273.66,290.77
767.9,480.19,274.73,291.9
769.04,493.87,275.63,292.86
766.38,496.62,276.32,293.59
766.4,504.81,277.12,294.44
768.25,515.88,276.79,294.09
768.75,526.62,276.85,294.15
769.01,530.34,277.54,294.88
767.01,541.43,278.36,295.76
763.07,545.92,280.76,298.3
