1124,651,82,97
1124,649.27,81.86,96.834
1123.5,646.8,81.87,96.847
1123.6,644.59,81.691,96.635
1123,641.75,81.57,96.491
1123.3,639.82,81.419,96.313
1122.5,636.79,81.459,96.361
1122.9,634.79,81.277,96.145
1122.4,631.95,81.207,96.062
1122.5,629.99,81.159,96.005
1122.5,627.68,81.199,96.052
1122.5,625.49,80.885,95.681
1121.2,622.04,81.847,96.82
1122,620.36,81.179,96.029
1122,618.51,80.76,95.533
1122.2,616.25,80.418,95.128
1122.2,614,80.255,94.936
1121.9,611.17,80.06,94.706
1122,609.61,79.852,94.46
1121.6,606.62,79.983,94.614
1122.2,604.79,79.614,94.177
1122.1,602.55,79.681,94.257
1122.1,600.31,79.696,94.275
1121.9,597.91,79.563,94.117
1121.8,595.72,79.271,93.772
1122,593.93,78.855,93.28
1121.6,591.8,79.077,93.542
1121.3,589.09,78.686,93.079
1121.2,586.83,78.877,93.306
1121.3,584.81,78.929,93.367
1121.5,582.89,78.579,92.954
1120.3,579.49,79.409,93.935
1120.3,577.41,79.08,93.546
1120.4,575.76,78.456,92.808
1120.6,574.12,78.536,92.902
1120.6,571.72,78.263,92.58
1119.9,568.9,78.491,92.849
1120.2,567.35,78.356,92.689
1119.7,565.15,78.473,92.828
1119.6,562.91,78.188,92.49
1119,560.01,78.213,92.52
1119,557.88,77.918,92.171
1118.8,555.93,77.343,91.492
1119.1,554.11,77.481,91.655
1118.2,551.21,77.721,91.938
1118.4,549.39,77.619,91.817
1118.2,547.13,77.632,91.832
1118.1,544.65,77.32,91.464
1117.6,542.73,77.154,91.268
1117.1,539.38,77.302,91.443
1117.1,537.72,77.068,91.166
1116.2,534.74,77.275,91.41
1116.4,533.13,77.063,91.16
1116.1,530.53,76.579,90.587
1116.1,528.81,76.562,90.567
1115.8,526.24,76.571,90.577
1115.5,524.2,76.422,90.401
1114.6,521.03,76.833,90.888
1114.8,519.42,76.365,90.334
1114,516.52,76.369,90.339
1113.6,514.04,76.415,90.394
1113.2,511.9,76.327,90.29
1113,509.57,75.985,89.885
1112.6,507.52,75.853,89.729
1112.4,505.29,76.026,89.933
1112.2,503,75.627,89.461
1111.8,500.45,76.146,90.076
1112,498.75,75.551,89.371
1111,495.52,76.031,89.939
1111.2,493.27,75.592,89.42
1110.9,491.25,75.233,88.996
1110.8,489.22,74.907,88.609
1110.9,487.48,75.117,88.857
1110.3,485.04,74.941,88.649
1110.3,483.17,75.034,88.76
1110.2,480.81,74.849,88.541
1109.4,478,75.069,88.801
1109.5,476.31,74.774,88.452
1108.9,473.76,74.789,88.47
1108.8,471.49,74.761,88.437
1108.6,469.08,74.854,88.547
1108.8,466.98,74.469,88.092
1108.6,464.95,74.25,87.832
1109,463.38,73.766,87.26
1108.9,461.38,73.959,87.488
1108.1,458.46,74.275,87.862
1108.3,456.88,73.9,87.418
1108.5,454.88,73.732,87.219
1108.3,452.63,73.579,87.038
1107.6,450.44,73.451,86.888
1108.3,448.92,72.981,86.331
1107.7,446.94,73.17,86.555
1107,443.9,73.649,87.121
1106.1,441.38,74.59,88.234
1106.6,440.24,73.539,86.991
1106.1,438.42,73.16,86.543
1106,436.46,72.938,86.28
1105.6,434.42,72.942,86.285
1105.4,432.63,73.003,86.358
1105.5,431.09,72.977,86.326
1105.6,429.09,72.955,86.3
1104.9,426.59,73.071,86.438
1105,425.14,72.975,86.324
1104.8,423.11,72.984,86.335
1104.7,421.03,72.659,85.95
1104.7,419.03,72.775,86.087
1103.9,416.68,72.708,86.008
1104.4,415.25,72.293,85.517
1104.2,413.63,72.269,85.489
1104,411.37,72.104,85.294
1103.1,408.25,72.999,86.353
1103.2,406.9,72.509,85.773
1102.3,404.25,72.572,85.848
1102.6,402.45,72.461,85.717
1102.1,400.13,72.156,85.355
1101.9,398.16,71.866,85.012
1102.2,396.63,71.586,84.681
1102.3,394.64,71.367,84.422
1101.3,392.01,71.806,84.942
1101.6,390.43,71.376,84.433
1101.1,387.97,71.365,84.419
1100.9,385.81,71.112,84.12
1101.1,384.4,70.91,83.881
1100.4,382.02,71.124,84.134
1100.2,380.4,71.094,84.099
1100.4,378.79,70.612,83.528
1099.8,376.17,70.862,83.824
1099.4,374.21,71.16,84.178
1099.8,373.11,70.62,83.539
1099.5,371.11,70.442,83.328
1099.6,369.7,70.287,83.145
1099.7,368.34,69.974,82.775
1099.4,366.6,70.114,82.94
1098.7,364.26,70.249,83.1
1098.1,362.26,70.53,83.431
1098,360.28,70.626,83.545
1097.7,358.32,70.806,83.758
1098,357.47,70.366,83.238
1098,356.1,70.143,82.974
1097.3,354.13,70.128,82.956
1097.1,352.25,70.281,83.138
1097.4,351.31,69.903,82.691
1097.4,349.91,70.098,82.921
1096.5,347.77,70.402,83.281
1097.1,346.94,69.95,82.745
1097,345.55,69.79,82.557
1096.4,343.63,69.862,82.641
1095.9,341.74,70.423,83.305
1096.4,340.96,69.982,82.784
1096.4,339.67,69.899,82.686
1096.3,338.46,69.799,82.567
1095.6,336.61,69.975,82.775
1095.9,335.82,69.983,82.785
1095.7,334.72,69.905,82.693
1095.7,333.84,69.836,82.611
1095.4,332.35,69.692,82.44
1095.2,330.87,69.771,82.534
1095.1,329.6,69.825,82.597
1095,328.41,69.94,82.734
1095,327.84,69.94,82.734
1094.8,326.88,70.022,82.83
1095.1,326.41,69.541,82.262
1095,325.45,69.544,82.265
1094.8,324.69,69.6,82.332
1094.7,323.87,69.547,82.269
1094.7,322.89,69.792,82.559
1094.3,321.51,69.799,82.567
1094,320.62,69.852,82.629
1093.8,319.9,69.934,82.727
1094.3,319.68,69.916,82.705
1094.6,318.98,69.942,82.736
1094.6,317.9,70.024,82.833
1094.8,317.55,69.627,82.363
1094.7,317.16,69.786,82.551
1094.3,316,69.959,82.757
1094.8,315.52,69.917,82.707
1094.8,314.96,70.119,82.946
1094.3,313.71,70.61,83.526
1094.7,313.22,70.104,82.928
1094.2,312.57,70.759,83.703
1094.5,312.44,70.555,83.461
1094.1,311.34,71.16,84.177
1094.5,311.4,71.123,84.133
1095,311.26,70.799,83.75
1095.3,311.55,70.317,83.18
1095.5,311.63,69.789,82.555
1094.7,310.73,70.306,83.167
1095.2,310.75,70.342,83.21
1095.4,310.48,70.387,83.262
1095.6,310.6,70.249,83.099
1095,309.7,70.665,83.592
1095.5,310.02,70.312,83.173
1095.7,309.91,70.373,83.246
1095.7,309.58,70.428,83.312
1095.9,309.65,70.52,83.42
1095.5,308.92,70.495,83.39
1095.1,308.1,71.531,84.616
1095.8,308.78,71.13,84.142
1096.1,308.79,71.001,83.989
1095.7,307.93,71.746,84.87
1095.6,307.51,72.28,85.502
1096.3,308.55,71.513,84.595
1096.7,308.78,71.284,84.324
1096.6,308.58,71.193,84.216
1097,309.51,71.062,84.061
1097.1,309.55,71.114,84.123
1097.3,309.83,71.152,84.168
1097.5,310.02,71.223,84.251
1097.3,309.7,71.466,84.54
1098,310.66,71.196,84.22
1098.2,310.93,71.096,84.102
1098.1,310.96,71.694,84.809
1097.9,310.37,72.122,85.315
1097.7,310.23,72.943,86.287
1098.1,310.69,72.616,85.899
1099.2,312.37,72.21,85.419
1099.8,312.69,72.051,85.232
1099.3,312.25,72.733,86.037
1099.8,313.26,72.628,85.914
1100.8,314.29,71.912,85.067
1101.1,315.21,71.627,84.73
1100.8,315.41,71.86,85.005
1101.6,316.62,71.561,84.651
1101.9,316.86,72.071,85.255
1101.6,316.27,72.665,85.957
1102.5,318.05,72.056,85.237
1102.5,318.01,72.401,85.645
1102.6,318.42,72.664,85.957
1103.5,320.02,72.339,85.572
1104.2,321.06,72.093,85.281
1103.9,321.31,72.444,85.696
1104.3,322.22,72.496,85.758
1104.6,322.97,72.449,85.702
1104.8,323.9,72.5,85.762
1105.6,324.92,72.268,85.487
1106.4,326.31,72.314,85.542
1106.9,327.05,72.415,85.662
1106.7,327.07,72.566,85.84
1106.9,328.07,72.806,86.124
1107.3,329.02,72.967,86.314
1108.3,330.7,72.614,85.897
1109,331.92,72.403,85.647
1108.9,332.25,72.701,86
1109.9,333.84,72.693,85.991
1110.4,334.88,72.753,86.061
1110.8,336.02,72.87,86.2
1110.4,335.81,73.277,86.682
1110.9,337,73.332,86.746
1111.6,338.33,73.325,86.738
1112.1,339.5,73.423,86.855
1112.8,341.54,73.136,86.514
1113.3,342.7,73.369,86.79
1113.8,343.64,73.527,86.978
1114.2,344.72,73.837,87.343
1114.8,346.1,73.673,87.15
1114.7,347.02,73.684,87.162
1115.2,348.29,73.739,87.228
1116.2,350.03,73.757,87.249
1116.8,351.47,73.78,87.277
1117.1,352.45,74.12,87.678
1117.8,353.95,73.957,87.485
1117.9,354.72,74.115,87.673
1118.8,356.96,73.886,87.402
1118.9,358.38,74.37,87.974
1119,358.8,74.873,88.57
1119.7,360.44,74.8,88.483
1120.3,361.81,75.12,88.861
1120.3,363.26,75.152,88.899
1120.6,364.71,75.462,89.266
1121.6,366.74,75.463,89.267
1121.9,367.57,75.724,89.576
1122.8,369.51,75.844,89.718
1123.2,371.29,75.545,89.365
1123,372.13,75.827,89.698
1124,374.36,75.877,89.756
1123.8,375.17,76.184,90.12
1124.6,377.36,76.058,89.971
1125.2,379.12,75.912,89.799
1125.2,380.09,76.435,90.417
1125.7,382.06,76.573,90.58
1126.4,383.84,76.48,90.47
1126.9,385.73,75.912,89.799
1126.6,386.6,76.496,90.489
1127.8,388.8,76.535,90.536
1128.1,390.5,76.201,90.14
1128,391.93,76.605,90.618
1128.5,393.56,76.765,90.807
1128.3,394.45,77.267,91.401
1128.9,396.21,77.324,91.469
1129.5,398.33,77.054,91.15
1129.4,399.59,77.416,91.577
1129.8,400.86,77.801,92.032
1130.3,402.74,77.642,91.845
1131.1,404.87,77.42,91.582
1130.6,406.15,78.041,92.317
1131.6,408.88,77.175,91.293
1131.2,410.05,77.781,92.009
1131.3,411.59,78.001,92.27
1131.8,413.73,78.218,92.526
1131.6,414.75,78.73,93.132
1131.4,416.51,79.035,93.492
1131.4,418.3,79.193,93.679
1132.6,421.27,78.253,92.567
1132,422.54,78.88,93.31
1132.6,424.57,78.978,93.425
1132.3,425.88,78.981,93.429
1132.1,427.46,79.519,94.065
1133.2,430.03,78.854,93.279
1133.6,432.37,78.842,93.265
1134.1,434.25,78.699,93.095
1133.2,435.13,79.429,93.958
1133.3,437.04,79.317,93.826
1133.6,439.31,79.512,94.057
1133.6,440.94,79.649,94.219
1133.5,442.97,79.878,94.49
1133.1,444.35,79.772,94.365
1132.9,446.48,80.225,94.9
1133,448.2,80.418,95.129
1133.4,450.65,80.682,95.441
1133.4,452.73,80.632,95.382
1132.9,454.51,80.471,95.191
1133.4,457.32,80.017,94.655
1133.5,459.93,79.659,94.231
1133.3,461.64,79.913,94.531
1133.4,463.43,80.123,94.78
1132.4,464.24,80.914,95.716
1132,466.11,80.991,95.807
1131.8,467.97,81.108,95.945
1132.5,470.96,80.462,95.181
1132.6,473.17,80.07,94.716
1132,474.6,80.855,95.645
1131.8,476.35,80.648,95.401
1131.1,478.04,80.488,95.212
1130.6,478.89,81.453,96.353
1130.5,480.78,81.744,96.697
1129.5,482.28,81.805,96.769
1129.6,484.12,81.842,96.813
1129.8,486.32,81.806,96.77
1128.8,487.53,82.387,97.457
1129.1,489.45,82.444,97.525
1128.5,490.79,82.375,97.443
1128.5,493.42,82.116,97.138
1127.7,494.32,82.336,97.397
1128.1,496.45,82.186,97.22
1127.1,497.55,82.417,97.494
1126.5,499.18,82.4,97.474
1126.8,501.19,82.08,97.095
1125.9,502.04,82.417,97.493
1125.6,503.32,82.805,97.952
1125,504.56,82.78,97.923
1125.6,506.86,82.459,97.543
1124.5,507.92,82.495,97.586
1124.2,509.08,82.951,98.125
1123.6,509.89,83.381,98.634
1123.9,511.35,83.274,98.508
1123.3,512.44,83.034,98.223
1123,514,83.625,98.922
1122.1,514.34,83.783,99.109
1122.8,516.52,82.985,98.165
1122.4,517.53,83.203,98.423
1121.6,517.91,83.78,99.106
1122.1,519.51,83.22,98.444
1121.7,520.45,83.295,98.532
1120.9,520.74,84.047,99.421
1120.4,521.2,84.411,99.852
1120.2,522.02,84.501,99.958
1120.2,523.07,84.484,99.938
1120.2,523.76,84.188,99.588
1120.6,525.63,83.987,99.351
1119.8,525.35,84.679,100.17
1120.4,527.09,84.149,99.542
1120.7,528.38,83.618,98.914
1120.1,528.37,84.107,99.493
1120.5,529.18,83.806,99.137
1121.2,531.06,83.28,98.514
1120.8,530.96,83.614,98.909
1120.8,531.1,84.012,99.381
1120.9,531.55,84.02,99.39
1121.1,532.31,83.777,99.102
1121.7,533.85,83.683,98.99
1121.4,533.48,83.921,99.272
1122.3,534.59,83.645,98.946
1122,534.42,83.964,99.323
1122.3,534.61,84.001,99.367
1122,534.72,84.15,99.544
1123.2,536.32,83.161,98.373
1123.5,536.76,83.021,98.208
1123.5,536.89,83.29,98.526
1123.1,536.37,83.433,98.695
1123.6,536.71,83.621,98.917
1123.4,536.45,83.667,98.972
1123.6,536.19,83.764,99.086
1124,536.79,83.529,98.808
1124.2,536.84,83.636,98.936
1123.8,536.14,83.7,99.011
1124.2,536.23,83.505,98.781
1124.6,536.66,83.581,98.87
1124.2,535.61,84.197,99.599
1124.6,535.56,84.104,99.489
1124.4,535.02,84.113,99.5
1124.3,534.76,84.289,99.707
1125.2,535.1,83.873,99.216
1125.3,534.58,84.129,99.519
1124.9,533.87,84.205,99.608
1125.4,533.97,84.013,99.382
1124.6,533.06,84.259,99.672
1124.9,532.96,84.16,99.555
1124.9,532.2,84.442,99.888
1124.3,530.97,84.555,100.02
1124.6,530.8,84.389,99.826
1124.2,529.68,84.466,99.917
1123.9,528.76,84.482,99.935
1123.9,528.1,84.427,99.871
1123.6,527.5,84.415,99.857
1123.4,526.8,84.242,99.653
1124,526.45,84.094,99.477
1123.4,525.47,84.004,99.371
1123.3,524.48,84.01,99.378
1122.8,523.51,83.781,99.106
1123.1,523.11,83.632,98.93
1122.4,521.53,83.864,99.205
1122.3,520.71,83.913,99.263
1122.3,520.24,83.463,98.731
1122,519.33,83.311,98.551
1120.7,517.84,83.61,98.905
1119.8,516.64,83.736,99.054
1119.3,515.57,83.869,99.211
1119.3,515.29,83.495,98.769
1119.1,514.27,83.327,98.57
1117.9,512.69,83.482,98.754
1117.4,511.9,83.559,98.844
1116.4,509.74,83.728,99.044
1115.6,508.37,83.771,99.094
1115.5,507.48,83.418,98.678
1114.9,506.58,83.272,98.505
1114.1,504.68,82.979,98.158
1113.1,502.88,83.545,98.828
1113.1,502.27,83.102,98.303
1112.4,500.95,82.847,98.002
1111.1,498.95,82.938,98.11
1110.1,497.55,82.944,98.117
1109.3,496.32,83.058,98.252
1109,495.18,82.995,98.177
1108.3,493.44,83.053,98.246
1107.2,491.78,83.374,98.625
1105.9,489.7,83.547,98.829
1105.1,487.91,83.577,98.865
1103.8,485.45,83.392,98.646
1103.4,484.03,83.054,98.247
1102.5,482.36,82.709,97.839
1101.7,480.78,82.396,97.469
1101,478.64,82.159,97.189
1100.2,475.94,81.986,96.983
1099.7,474.33,81.832,96.801
1099.2,472.03,81.533,96.448
1098.1,470.05,81.483,96.389
1097.4,467.99,81.122,95.961
1096.5,466.26,81.056,95.884
1095.6,464.08,81.03,95.852
1094.6,461.45,80.652,95.405
1093.2,459.42,80.723,95.489
1093.1,457.67,81.062,95.89
1092.3,455.48,80.779,95.555
1091.6,453.39,80.834,95.62
1090.7,451.16,80.688,95.448
1089.8,448.9,80.91,95.71
1088.6,445.59,80.838,95.626
1088,444.45,80.525,95.255
1086.8,441.33,80.945,95.752
1085.9,438.96,81.061,95.889
1085.6,436.86,80.674,95.432
1084.9,434.9,80.638,95.389
1083.7,432.04,80.592,95.335
1083,429.55,80.823,95.608
1082.9,427.54,80.702,95.464
1082.4,425.01,80.547,95.282
1081.4,422.23,80.426,95.138
1081,420.47,80.412,95.121
1080.5,418.01,80.549,95.283
1079.4,415.02,80.653,95.407
1078.6,412.55,80.725,95.491
1078.3,410.53,80.997,95.813
1077.4,407.37,81.243,96.104
1077.1,405.68,80.928,95.731
1076.5,402.76,80.978,95.792
1075.6,400.19,81.213,96.069
1075.7,397.99,81.113,95.951
1075.2,395.89,80.65,95.403
1074.6,392.92,80.367,95.068
1075,391.18,79.764,94.355
1074.3,388.27,79.744,94.331
1074.1,385.73,79.269,93.769
1074.4,384.19,78.916,93.352
1074.2,382.14,78.944,93.385
1073.2,378.99,78.803,93.218
1073.4,377.14,78.65,93.037
1072.7,374.38,78.6,92.979
1072.4,371.62,78.779,93.19
1072.6,369.94,78.646,93.033
1071.4,366.26,79.473,94.011
1071.6,364.32,78.781,93.192
1071.8,362.97,78.677,93.069
1070.9,360.34,78.406,92.748
1071.5,358.79,78.2,92.505
1070.8,356,78.058,92.337
1070.8,354.36,78.13,92.423
1070.7,351.8,78.19,92.493
1070.1,349.11,77.911,92.164
1070.1,346.97,77.962,92.223
1069.9,344.71,78.066,92.347
1070.2,342.7,78.022,92.294
1070.2,340.59,78.051,92.329
1070.4,338.45,77.903,92.154
1069.8,335.6,77.708,91.922
1070.3,333.93,77.707,91.922
1070.2,331.9,77.651,91.856
1070.4,329.63,77.502,91.679
1070,326.92,77.347,91.496
1070.6,325.36,77.219,91.345
1070.4,323.15,77.252,91.383
1070.8,321.11,77.109,91.214
1070.2,318.64,76.865,90.926
1070.6,317.1,76.984,91.066
1070.7,314.93,76.934,91.008
1071.1,312.84,76.738,90.775
1070.5,310.15,76.724,90.759
1070.7,308.36,76.618,90.633
1071.3,306.87,76.614,90.629
1071.5,304.5,76.622,90.638
1071.2,302.17,76.677,90.703
1071.3,300.14,76.568,90.574
1072.3,298.87,76.406,90.382
1072.1,296.31,76.347,90.313
1072.3,294.18,76.288,90.243
1072.8,292.23,76.223,90.166
1073.5,290.94,76.101,90.022
1073.5,288.96,75.921,89.809
1073.4,286.43,75.987,89.887
1073.7,284.26,76.038,89.948
1074.3,282.48,75.624,89.457
1074.9,280.52,75.792,89.656
1075.8,279.07,75.847,89.721
1076.1,277.04,75.875,89.754
1076.1,274.46,75.819,89.688
1077.1,273.29,75.964,89.86
1077.1,270.69,75.813,89.682
1078.1,269.52,75.656,89.496
1078.6,267.61,75.488,89.296
1078.6,265.42,75.44,89.24
1079.5,264.28,75.336,89.117
1079.9,262.39,75.274,89.044
1080.4,260.61,75.147,88.894
1080.4,258.41,75.114,88.854
1080.8,256.62,74.961,88.674
1082,255.19,75.113,88.853
1081.9,253.11,75.084,88.818
1082.3,251.32,74.99,88.708
1083.2,250.24,75.159,88.908
1083.5,248.05,74.846,88.537
1084.1,246.92,74.608,88.255
1084.9,246.04,74.652,88.307
1085.1,244.4,74.986,88.702
1085.9,242.99,74.632,88.285
1085.9,241.34,74.928,88.634
1086.8,240.08,74.788,88.469
1086.8,237.98,74.759,88.434
1087.3,236.61,74.84,88.53
1087.5,235.44,74.718,88.385
1088.2,234.05,74.58,88.223
1089,233.42,74.423,88.037
1089,231.22,74.555,88.193
1089.7,230.65,74.632,88.284
1090.5,229.14,74.532,88.166
1090.8,227.88,74.647,88.302
1091.4,226.56,74.681,88.342
1091.9,225.23,74.454,88.073
1091.9,223.74,74.404,88.015
1092.3,222.46,74.481,88.105
1092.8,221.54,74.208,87.783
1094,220.66,74.483,88.108
1094,218.68,74.327,87.923
1094.7,217.43,74.089,87.641
1095.2,216.5,74.041,87.585
1095.7,215.04,74.146,87.709
1096.6,214.05,74.143,87.706
1097.3,212.81,74.192,87.764
1097.9,211.83,74.002,87.539
1097.7,210.03,74.027,87.568
1098.2,208.91,74.102,87.657
1098.7,207.54,74.185,87.755
1099.5,206.64,74.152,87.717
1100,205.6,73.973,87.505
1099.9,203.96,74.05,87.595
1100.6,202.91,73.892,87.409
1101.2,202.29,74.029,87.571
1101.4,200.97,73.967,87.497
1101.9,199.46,74.086,87.639
1102.3,198.46,73.975,87.507
1102.6,197.29,73.889,87.406
1103.6,196.67,73.768,87.263
1104.2,195.59,73.765,87.258
1104.4,194.49,73.815,87.317
1105,193.37,73.508,86.954
1105.4,192.2,73.469,86.909
1106,191.24,73.268,86.67
1106.1,189.85,73.2,86.59
1106.6,188.89,73.201,86.591
1107.1,187.8,73.085,86.454
1107.9,187.37,72.947,86.291
1108.1,185.93,72.965,86.312
1108.9,185.33,72.985,86.336
1109.5,184.66,73.034,86.394
1109.8,183.76,73.017,86.374
1110.1,182.52,73.038,86.399
1110.6,181.37,73.18,86.567
1110.4,179.85,73.382,86.806
1111.2,179.26,73.395,86.821
1111.6,178.09,73.403,86.831
1112,177.14,73.338,86.753
1112,175.99,73.084,86.453
1112.8,175.24,73.216,86.609
1112.8,173.36,73.377,86.8
1113.5,172.75,73.435,86.868
1114,171.74,73.296,86.704
1113.8,170.02,73.319,86.732
1114.3,169.14,73.107,86.48
1115.2,168.7,73.006,86.361
1115.3,167.68,73.091,86.461
1115.8,166.85,73.093,86.464
1116.1,165.81,73.124,86.5
1116.5,164.75,72.936,86.278
1116.5,163.13,73.038,86.398
1117.3,162.64,72.955,86.301
1117.3,161.17,72.843,86.168
1117.8,159.94,73.137,86.515
1118.6,159.5,72.828,86.15
1118.8,157.75,73.028,86.387
1119.4,157.28,72.904,86.24
1119.8,156.12,73.007,86.362
1120.9,155.36,72.82,86.14
1121,153.65,72.682,85.978
1121.7,153.05,72.813,86.133
1121.6,151.32,72.91,86.247
1122.1,150.63,72.55,85.822
1122.3,149.42,72.779,86.092
1123,148.3,72.775,86.087
1123.2,146.83,72.677,85.972
1124.2,146.08,72.513,85.778
1124.3,144.56,72.558,85.83
1124.9,143.93,72.285,85.508
1125.9,143.51,72.125,85.318
1126.3,141.91,72.051,85.232
1126.5,140.88,72.125,85.318
1126.8,139.73,72.174,85.377
1127,139.22,72.039,85.217
1127.6,138.03,72.049,85.228
1128.1,137.02,72.08,85.265
1128.4,135.83,72.181,85.385
1128.7,134.53,72.214,85.424
1129.6,134.21,72.24,85.455
1130,133.04,72.386,85.627
1129.8,131.62,72.352,85.587
1130.5,130.5,72.526,85.793
1130.3,128.93,72.58,85.857
1131,127.93,72.622,85.906
1131.4,126.88,72.5,85.762
1131.5,125.63,72.35,85.585
1132.4,125.3,72.22,85.431
1133.1,123.69,72.08,85.266
1133.3,122.27,71.929,85.086
1133.9,121.71,71.805,84.94
1134.7,120.95,71.422,84.487
1135.3,120.24,71.251,84.285
1135.4,118.6,70.886,83.852
1136.1,117.95,70.75,83.692
1137.1,117.23,70.504,83.402
1137,115.54,70.95,83.929
1137.2,114.1,71.351,84.403
1137.6,112.97,71.534,84.62
1138.7,113.12,70.855,83.816
1138.6,112.29,70.998,83.985
1139.3,111.69,70.843,83.803
1139.5,111.23,70.642,83.564
1140,110.49,70.888,83.856
1140.4,110.21,70.641,83.563
1140.9,109.36,70.77,83.716
1142,109.13,70.654,83.578
1142.1,108.33,70.781,83.729
1142.6,107.87,70.857,83.819
1142.8,106.76,70.739,83.679
1143.6,106.23,71.044,84.04
1144,105.5,71.126,84.137
1144.4,104.58,71.301,84.344
1144.5,103.54,71.025,84.017
1145,102.88,71.053,84.051
1145.6,102.51,71.171,84.19
1146.3,101.92,70.942,83.919
1146.1,100.28,71.244,84.277
1146.3,99.126,71.53,84.614
1147.3,99.049,71.165,84.183
1147.7,98.232,71.149,84.165
1148,97.385,71.045,84.042
1148.4,96.84,70.911,83.882
1148.3,95.831,70.806,83.759
1149,95.529,70.72,83.657
1149.7,94.907,70.605,83.521
1149.6,93.559,70.783,83.732
1150.7,93.452,70.499,83.395
1150.5,92.401,70.493,83.388
1150.7,91.653,70.725,83.662
1151.5,91.452,70.752,83.694
1151.8,90.63,70.879,83.845
1151.6,89.28,70.886,83.852
1152.1,88.543,70.881,83.847
1152.4,87.876,70.807,83.76
1152.9,87.51,70.782,83.73
1153.5,86.919,70.801,83.753
1153.7,85.973,70.747,83.688
1154.3,85.152,70.461,83.351
1154.4,84.037,70.315,83.178
1155.2,83.755,70.146,82.977
1155,82.407,70.408,83.288
1155.4,81.855,70.25,83.101
1155.4,80.644,70.22,83.066
1155.8,79.593,70.038,82.85
1156.2,79.405,70.028,82.838
1156.7,78.679,69.754,82.514
1157,77.472,69.579,82.307
1157.6,77.397,69.629,82.366
1158.1,76.798,69.535,82.255
1158.2,76.046,69.533,82.253
1158.7,75.369,69.464,82.171
1158.5,73.944,69.602,82.334
1159.1,73.417,69.68,82.426
1159,72.48,69.521,82.238
1159.6,71.784,69.311,81.99
1159.4,70.192,69.481,82.191
1159.6,69.086,69.652,82.393
1160.4,68.862,69.155,81.805
1160.5,68.11,69.164,81.816
1161.1,67.267,68.993,81.613
1160.7,66.22,68.972,81.588
1161,65.52,69.069,81.703
1160.9,64.911,68.982,81.6
1161.2,63.869,68.891,81.493
1162.1,63.798,68.682,81.246
1161.9,62.221,68.518,81.052
1162.5,62.121,68.606,81.156
1162.1,60.865,68.685,81.249
1162.4,59.679,68.925,81.533
1162.7,59.027,68.631,81.185
1163.3,58.52,68.244,80.728
1163.2,58.247,68.368,80.874
1163.9,57.817,68.432,80.95
1164.2,57.217,68.445,80.966
1164.4,56.72,68.296,80.789
1164,55.62,68.25,80.735
1164.3,54.717,68.335,80.835
1164.7,54.496,68.174,80.644
1164.4,53.231,68.256,80.742
1164.6,52.211,68.327,80.825
1164.6,51.409,68.37,80.876
1165.1,51.357,68.186,80.659
1165,49.927,68.365,80.871
1165.5,49.841,68.21,80.688
1165.1,48.669,68.217,80.695
1165.4,47.685,68.397,80.908
1165.9,47.603,67.95,80.379
1166.1,47.201,67.88,80.297
1166,45.89,67.813,80.218
1166.2,45.6,67.628,79.999
1166.8,45.443,67.6,79.966
1166.9,44.947,67.377,79.702
1166.9,43.945,67.242,79.542
1167.1,43.542,67.657,80.034
1167.4,43.067,67.155,79.439
1167.3,42.077,67.056,79.322
1167.3,41.378,67.045,79.309
1167.5,40.491,67.421,79.754
1167.8,39.899,67.02,79.28
1167.9,39.258,66.954,79.201
1168.5,39.218,66.884,79.119
1168.6,38.631,66.903,79.141
1168.9,38.048,66.809,79.03
1169,37.455,66.611,78.796
1168.6,36.297,66.863,79.094
1169.1,36.511,66.641,78.832
1168.8,35.324,66.997,79.252
1168.6,34.65,67.218,79.514
1169.2,34.871,67.152,79.436
1168.8,33.981,67.019,79.278
1168.9,33.584,67.055,79.322
1169.1,32.703,67.239,79.539
1169.6,32.565,67.253,79.556
1169.6,31.804,67.521,79.873
1169.7,30.135,67.308,79.621
1170.1,30.105,66.904,79.143
1170.6,29.681,66.406,78.553
1170.4,29.059,66.469,78.628
1170.7,28.623,66.223,78.337
1170.4,27.467,66.15,78.251
1170.8,27.235,66.454,78.61
1170.6,26.33,66.402,78.548
1170,24.633,67.058,79.324
1170.3,24.17,66.527,78.697
1170.8,23.98,66.645,78.836
1170.5,22.588,66.751,78.962
1170.2,21.599,67.109,79.384
1170.6,21.407,66.532,78.702
1171.6,21.772,65.963,78.029
1171.6,20.729,65.993,78.065
1171.4,20.02,66.116,78.21
1171.9,19.72,66.021,78.098
1172.2,19.388,66.007,78.082
1171.6,17.844,66.163,78.267
1172.3,17.695,66.042,78.123
1172.4,16.749,65.82,77.86
1172.7,16.125,65.908,77.964
1172.2,14.498,66.037,78.117
1172.8,14.344,65.914,77.972
1172.3,12.866,66.191,78.299
1172.9,12.657,66.081,78.169
1173.2,11.678,65.937,77.999
1172.9,10.623,65.805,77.842
1173.3,10.306,65.952,78.017
1173.1,8.6155,65.858,77.905
1173.1,7.8128,65.908,77.964
1173.4,6.8979,65.935,77.996
1173.6,5.8292,65.896,77.951
1173.7,4.8815,65.909,77.965
1174,3.7402,65.803,77.84
1174.3,3.4845,65.834,77.877
1174.3,1.8892,65.683,77.699
1175,1.2935,65.577,77.573
1174.4,-0.58566,65.773,77.804
1175.1,-0.86136,65.239,77.173
1174.7,-2.3698,65.211,77.14
1174.8,-3.528,65.14,77.056
1175.1,-4.1955,64.739,76.581
1175.2,-5.4577,64.993,76.882
1175.5,-6.0332,64.887,76.756
1175.6,-7.0379,64.765,76.612
1175.5,-8.6345,64.721,76.56
1175.4,-9.5198,64.607,76.425
1175.9,-9.9573,64.283,76.043
1175.5,-12.066,64.719,76.558
1175.3,-13.364,64.955,76.837
1176,-13.261,64.262,76.017
1176.6,-13.156,63.688,75.338
1176.1,-13.679,63.892,75.58
1176.6,-13.585,63.715,75.37
1176.9,-13.293,63.239,74.807
1176.2,-14.396,64.018,75.728
1176.2,-14.781,64.107,75.834
1176.9,-13.978,63.385,74.98
1177,-14.3,63.469,75.079
1177.2,-14.444,62.925,74.436
1176.5,-15.429,63.593,75.226
1176.6,-15.751,63.533,75.155
1176.8,-15.868,63.303,74.883
1176.6,-16.546,63.745,75.405
1177.1,-16.066,63.211,74.774
1176.9,-16.723,62.974,74.493
1177.6,-15.975,62.49,73.921
1176.9,-16.291,62.425,73.844
1176.8,-17.042,63.059,74.595
1177.3,-16.72,62.923,74.433
1177.2,-17.451,62.651,74.112
1177.8,-16.67,62.107,73.468
1176.9,-17.871,62.85,74.347
1176.9,-18.444,62.747,74.225
1176.7,-19.369,63.47,75.081
1177.3,-19.262,63.104,74.647
1177.4,-19.138,62.793,74.28
1176.6,-20.513,63.518,75.137
1176.2,-21.472,64.13,75.861
1177,-20.728,63.041,74.573
1177.6,-20.077,62.224,73.606
1177.8,-19.671,61.713,73.002
1177.6,-20.583,61.935,73.265
1178.5,-19.741,61.283,72.493
1177.3,-20.529,62.037,73.386
1176.9,-21.177,62.531,73.97
1176.8,-21.334,62.646,74.106
1176.9,-20.728,62.702,74.172
1177.3,-19.774,61.734,73.027
1176.4,-20.05,61.796,73.1
1177.1,-19.488,61.666,72.946
1176.5,-19.947,61.971,73.307
1175.8,-20.817,63.085,74.625
1176.6,-19.892,61.875,73.194
1176.3,-19.321,62.143,73.51
1175.6,-19.964,62.413,73.83
1175.4,-19.972,62.413,73.83
1175.2,-20.134,62.826,74.319
1174.7,-20.222,63.29,74.868
1174.4,-20.565,63.514,75.132
1174.4,-20.43,63.471,75.081
1175,-19.312,62.78,74.264
1174.2,-19.595,62.725,74.199
1174.5,-18.705,62.806,74.295
1173.6,-19.069,63.35,74.938
1174.5,-18.294,62.417,73.835
1173.8,-18.061,62.155,73.525
1173.7,-17.892,62.371,73.78
1173.4,-18.062,62.557,74
1174.3,-16.729,61.665,72.945
1173.4,-16.986,62.121,73.484
1173,-16.898,61.913,73.239
1174,-15.29,60.954,72.104
1173,-15.557,61.394,72.624
1173.5,-15.229,61.466,72.709
1173.5,-14.387,60.68,71.779
1173.6,-13.843,60.271,71.297
1173.5,-13.757,60.235,71.253
1172.7,-14.034,60.648,71.742
1172.9,-13.658,61.046,72.213
1172.5,-14.071,61.389,72.619
1171.6,-14.361,61.789,73.092
1172,-13.293,61.221,72.42
1171.5,-13.528,61.227,72.427
1170.9,-13.122,61.65,72.928
1170.8,-12.768,61.368,72.594
1170.5,-12.44,61.732,73.024
1170.4,-12.278,61.792,73.096
1171.3,-10.963,60.849,71.98
1170.1,-10.931,61.137,72.32
1171,-9.8437,60.534,71.607
1170.4,-9.9159,60.638,71.73
1170.9,-8.9187,60.243,71.263
1170.8,-8.5022,59.878,70.831
1170.7,-8.131,59.64,70.55
1170.6,-7.7139,59.785,70.721
1169.5,-8.512,60.154,71.158
1169,-8.5965,60.664,71.761
1169.7,-7.782,60.058,71.044
1169,-8.6732,60.905,72.046
1169,-8.1153,60.702,71.806
1169.4,-7.3908,60.579,71.661
1168.7,-8.194,60.833,71.961
1168.6,-8.0327,61.065,72.235
1169.2,-6.917,60.466,71.527
1168.6,-7.0111,60.359,71.4
1169.1,-5.7763,60.07,71.058
1168.7,-5.9192,59.974,70.945
1169.3,-5.1432,59.964,70.934
1169.2,-5.2343,60.204,71.217
1168.7,-5.5961,60.415,71.467
1169.1,-4.6228,60.017,70.995
1169.2,-4.192,60.122,71.12
1168.6,-4.4549,60.289,71.318
1169.3,-3.4157,59.852,70.801
1169.3,-2.7231,59.736,70.664
1169,-3.0907,60.155,71.159
1168.7,-3.3141,60.278,71.305
1169.5,-2.1752,59.79,70.727
1169.2,-2.6323,60.032,71.014
1170,-1.5675,59.418,70.288
1169.3,-2.1201,59.97,70.94
1169.8,-1.1661,59.816,70.758
1169.7,-2.0955,60.163,71.168
1169.7,-1.8142,60.092,71.085
1169.9,-1.5552,59.949,70.915
1170.5,-0.70087,59.73,70.656
1170.3,-1.015,60.008,70.985
1171.1,0.41898,59.431,70.302
1170.6,-0.36989,59.735,70.663
1170.9,-0.039448,59.791,70.729
1170.7,0.44041,59.604,70.507
1171.6,0.972,59.483,70.364
1171.8,1.4579,59.301,70.149
1171.7,1.5112,59.342,70.197
1171.8,1.4485,59.403,70.27
1172.3,1.7238,59.342,70.197
1172.2,2.113,59.493,70.376
1173.1,2.9859,58.948,69.731
1173,3.1839,59.032,69.831
1173,3.5546,59.042,69.842
1173.2,3.6943,59.02,69.817
1173.2,4.1819,59.038,69.838
1173.5,4.3632,59.157,69.978
1174.4,5.1458,58.873,69.643
1174.7,5.6386,58.701,69.439
1175.1,5.9716,58.535,69.243
1175,5.9955,58.539,69.247
1175,6.2387,58.695,69.432
1175.7,7.3856,58.382,69.061
1176,7.6324,58.304,68.97
1175.9,7.3006,58.421,69.108
1176.7,8.3949,58.261,68.918
1176.4,8.0885,58.323,68.992
1176.9,8.8724,58.518,69.222
1176.8,8.8787,58.518,69.222
1177.1,9.2552,58.425,69.113
1178,10.081,58.397,69.08
1178.7,10.673,57.987,68.594
1178.7,10.907,58.171,68.812
1178.5,10.401,58.269,68.927
1178.8,11.327,58.052,68.671
1179.6,12.212,58.045,68.663
1179.9,12.465,58.107,68.736
1180.4,12.803,58.092,68.718
1180.8,13.192,57.889,68.478
1180.2,12.82,58.333,69.004
1181,13.743,58.019,68.632
1181.3,14.165,57.875,68.461
1181.1,13.878,58.295,68.958
1181.7,14.529,57.929,68.525
1182.5,15.439,57.895,68.486
1182.6,15.164,57.996,68.605
1183.5,16.248,57.729,68.289
1184.1,16.762,57.623,68.164
1184.2,17.162,57.642,68.186
1184.9,17.555,57.503,68.021
1184.7,17.483,57.538,68.063
1185.5,18.461,57.394,67.893
1185.2,18.311,57.457,67.968
1185.4,18.766,57.563,68.092
1186.4,19.754,57.489,68.005
1185.9,19.816,57.405,67.907
1186.3,20.494,57.498,68.016
1186.8,20.692,57.467,67.979
1187,21.226,57.541,68.067
1187.6,21.952,57.592,68.127
1188.2,22.061,57.586,68.12
1188.3,22.654,57.655,68.202
1188.8,23.114,57.545,68.072
1189,23.655,57.366,67.859
1189,23.228,57.419,67.922
1189.3,23.643,57.467,67.979
1189.6,24.172,57.473,67.986
1190,24.824,57.244,67.716
1190.6,25.612,57.471,67.984
1190.6,25.276,57.541,68.067
1191.3,26.467,57.237,67.707
1191.6,27.059,57.215,67.681
1192.2,27.755,56.939,67.355
1192.5,27.94,57.105,67.55
1192.3,27.869,57.028,67.46
1192.4,28.103,57.029,67.461
1192.6,28.965,56.911,67.321
1193.5,30.257,57.061,67.498
1193.3,29.937,56.897,67.305
1193.8,31.047,57.243,67.715
1194.4,31.567,56.705,67.078
1194.1,31.348,56.735,67.113
1194.6,31.858,56.688,67.058
1194.7,32.537,56.718,67.093
1195.3,32.761,56.542,66.884
1195.8,33.895,56.491,66.824
1195.7,34.11,56.534,66.875
1195.9,34.878,56.643,67.004
1195.8,34.915,56.499,66.835
1196.8,36.036,56.267,66.559
1196.3,36.123,56.207,66.488
1196.3,36.887,56.149,66.421
1197.2,38.015,56.068,66.325
1197.4,38.527,56.184,66.461
1197.5,39.139,56.123,66.389
1197.6,39.583,56.183,66.461
1197.9,40.339,56.312,66.613
1197.4,40.653,56.015,66.261
1198,41.901,56.082,66.341
1198.4,42.689,56.163,66.437
1198.2,43.324,56.393,66.709
1198.4,44.054,56.088,66.348
1199,45.135,56.012,66.258
1198.9,45.374,56.12,66.386
1198.7,46.248,56.186,66.463
1199.1,47.089,56.129,66.397
1199.6,47.864,56.165,66.439
1199.5,48.234,56.329,66.633
1199.4,48.689,56.147,66.418
1199.9,49.255,56.07,66.327
1200,48.921,56.055,66.309
1200.2,48.326,56.211,66.493
1200,47.529,56.032,66.282
1200.6,47.934,56.133,66.401
1200.6,47.221,55.967,66.205
1200.1,45.799,56.422,66.744
1200.8,46.097,56.097,66.359
1201,45.792,56.028,66.278
1201.3,45.553,56.085,66.344
1201.7,45.342,55.719,65.911
1201.8,44.848,55.801,66.009
1201.9,44.584,55.936,66.168
1201.7,43.622,55.915,66.144
1201.7,43.263,55.989,66.231
1201.8,42.923,56.159,66.432
1202.2,43.217,56.261,66.552
1202,41.922,56.092,66.353
1202.5,42.055,56.258,66.549
1202.4,41.238,55.861,66.08
1202.5,40.798,55.98,66.22
1202.5,40.493,56.151,66.422
1203,40.214,56.015,66.262
1203,39.835,55.979,66.219
1202.7,38.822,55.981,66.222
1202.9,38.109,56.163,66.437
1203.3,38.469,55.958,66.194
1202.9,37.545,55.839,66.054
1203.2,37.359,55.723,65.916
1204,37.504,55.74,65.936
1204.1,37.117,55.75,65.948
1204.2,36.59,55.77,65.972
1204.4,36.424,55.675,65.86
1204.5,35.816,55.79,65.995
1204.8,35.725,55.638,65.816
1204.7,35.097,55.827,66.039
1204.4,34.128,55.759,65.959
1204.9,34.326,55.929,66.159
1204.4,33.313,55.728,65.922
1204.8,33.328,56.079,66.337
1204.9,32.689,55.951,66.185
1204.3,31.788,56.084,66.343
1204.9,31.732,56.155,66.427
1205.1,31.54,56.004,66.249
1205.3,31.136,55.952,66.187
1204.9,29.93,56.002,66.246
1205.2,29.984,55.973,66.213
1204.8,29.041,55.861,66.08
1205,28.884,55.764,65.965
1205.5,29.206,55.859,66.077
1205,28.056,55.864,66.083
1205.3,27.812,55.732,65.926
1206.1,28.164,55.665,65.847
1206.2,27.551,55.591,65.76
1205.9,26.999,55.461,65.607
1205.8,26.33,55.713,65.904
1206.4,26.574,55.755,65.954
1206.7,26.183,55.594,65.764
1206.1,25.096,55.678,65.863
1206.8,25.499,55.483,65.632
1206.4,24.39,55.837,66.051
1206.3,24.191,55.731,65.925
1207.2,24.297,55.514,65.669
1206.5,22.947,56.12,66.385
1207.2,23.477,55.616,65.789
1208,23.513,55.203,65.301
1207.5,22.526,55.73,65.925
1208.1,22.734,55.42,65.558
1207.7,21.898,55.512,65.666
1208,22.064,55.446,65.589
1208.1,22.021,55.138,65.224
1208,21.167,55.545,65.705
1208.1,21.046,55.662,65.844
1208.9,21.41,55.423,65.561
1208.1,20.103,55.814,66.024
1208.2,20.152,55.792,65.998
1209,20.788,55.49,65.641
1208.9,20.138,55.414,65.551
1209.3,20.597,55.289,65.402
1209.7,20.374,55.236,65.34
1209.9,20.082,55.175,65.268
1209.4,19.524,55.345,65.47
1210.3,19.824,55.052,65.123
1209.9,18.927,55.079,65.154
1210.1,19.156,55.013,65.076
1210.5,19.604,54.931,64.979
1210.8,19.096,55.008,65.07
1210.9,19.039,55.017,65.081
1211,18.847,55.112,65.194
1210.5,17.677,55.445,65.588
1210.8,17.384,55.614,65.788
1211.4,17.516,55.599,65.77
1211.2,17.156,55.442,65.584
1211.5,17.208,55.397,65.53
1211.9,17.605,55.645,65.824
1212.4,17.019,55.413,65.55
1212.6,17.19,55.401,65.536
1212.7,17.2,55.368,65.496
1212.9,17.186,55.215,65.315
1212.6,16.841,55.27,65.38
1213.4,17.206,55.272,65.382
1213.4,17.189,55.313,65.431
1213.5,17.227,55.351,65.476
1213.7,17.417,55.268,65.378
1213.8,17.18,55.341,65.464
1214.2,17.314,55.381,65.512
1214.2,17.095,55.391,65.524
1214.4,17.202,55.353,65.479
1215.1,17.499,55.179,65.273
1214.4,16.84,55.312,65.43
1215.1,17.4,55.302,65.418
1215.2,17.225,55.373,65.502
1215.5,17.44,55.255,65.362
1215.6,17.589,55.304,65.421
1215.8,17.556,55.283,65.396
1216.1,17.698,55.343,65.467
1216.4,17.503,55.295,65.41
1216.6,17.93,55.462,65.607
1216.1,17.491,55.443,65.585
1216.7,17.686,55.264,65.373
1217.5,18.275,55.384,65.516
1217.6,18.229,55.488,65.638
1217.2,17.497,55.7,65.89
1217.9,18.218,55.651,65.831
1218,18.175,55.626,65.801
1218.1,18.404,55.584,65.752
1218.1,18.25,55.219,65.319
1218.2,18.847,55.129,65.214
1218.7,18.889,55.076,65.151
1218.6,18.742,55.531,65.689
1219.1,18.639,55.367,65.495
1219.3,19.457,55.509,65.663
1219.3,19.091,55.574,65.74
1219.7,19.374,55.496,65.648
1219.7,19.62,55.423,65.562
1220.1,19.707,55.219,65.32
1220.2,19.977,55.446,65.589
1220.5,19.947,55.556,65.719
1220.6,19.92,55.921,66.15
1220.9,20.126,55.645,65.824
1221.3,20.526,55.878,66.1
1221.1,20.268,55.685,65.871
1221.5,20.681,56.102,66.365
1221.7,20.83,56.04,66.292
1221.9,21.276,55.862,66.081
1221.6,20.665,55.9,66.125
1222.1,20.885,55.875,66.096
1222.2,21.5,55.72,65.913
1222.7,21.984,56.211,66.494
1222.2,21.577,56.112,66.377
1222.7,22.259,56.151,66.423
1222.6,22.489,56.122,66.388
1222.8,22.686,56.255,66.545
1222.1,22.361,56.321,66.623
1222.4,22.43,56.464,66.793
1223.2,23.435,56.094,66.355
1223.6,23.211,56.258,66.549
1222.9,22.707,56.578,66.928
1223.1,23.028,56.535,66.876
1223.8,23.839,56.294,66.592
1223.1,23.139,56.632,66.992
1223.4,23.645,56.501,66.837
1224.4,24.302,56.174,66.45
1224.9,24.755,55.809,66.018
1224.2,24.403,56.222,66.507
1223.8,24.452,56.517,66.855
1224.8,25.544,56.097,66.358
1224.8,25.674,56.214,66.497
1224.2,25.361,56.282,66.577
1224.1,25.429,56.527,66.867
1224.9,25.885,56.345,66.652
1224.4,25.442,56.332,66.637
1224.1,25.51,56.583,66.934
1224.2,25.587,56.575,66.924
1224.3,25.656,56.597,66.95
1224.3,25.791,56.645,67.007
1224.4,25.935,56.661,67.026
1224.8,26.16,56.552,66.897
1225.1,27.019,56.682,67.05
1224.8,26.368,56.634,66.994
1224.9,26.745,56.669,67.036
1225,26.902,56.621,66.979
1225.1,27.01,56.602,66.956
1225.3,27.31,56.588,66.94
1225.3,27.329,56.562,66.909
1226.2,27.818,56.726,67.103
1225.8,27.404,56.65,67.013
1226.1,27.668,56.735,67.113
1226.1,27.547,56.801,67.191
1226.8,28.193,56.831,67.227
1226.9,28.21,56.819,67.212
1226.9,28.285,56.874,67.277
1227,28.511,56.909,67.319
1226.8,28.494,56.97,67.392
1226.7,28.613,57.023,67.454
1226.7,28.617,56.947,67.364
1227,29.055,57.312,67.796
1227.3,29.74,57.104,67.55
1227,29.108,57.387,67.884
1227.1,29.044,57.552,68.08
1227.9,29.711,57.259,67.733
1228,30.078,56.948,67.366
1228.4,29.911,57.145,67.599
1227.7,29.244,57.407,67.908
1228.1,29.022,57.466,67.979
1228.2,29.044,57.634,68.177
1229.2,29.928,57.2,67.664
1229.8,30.212,57.012,67.441
1229.4,29.864,57.072,67.512
1229.4,29.857,57.141,67.594
1230,29.753,57.166,67.623
1230.7,30.372,57.01,67.438
1230.5,29.755,56.903,67.312
1231.3,30.473,57.155,67.61
1231.9,30.222,57.11,67.557
1231.5,29.809,56.986,67.41
1231.9,29.989,56.961,67.381
1232.2,29.586,57.13,67.58
1232.5,29.612,57.204,67.669
1233.5,30.214,56.989,67.414
1233.3,29.697,56.934,67.349
1234.5,30.323,57.03,67.462
1234.1,29.511,57.092,67.535
1234.4,29.556,57.216,67.682
1235.6,30.311,57.093,67.537
1235.5,29.744,57.106,67.552
1236,29.814,57.168,67.626
1237,30.281,57.251,67.723
1237.6,30.054,57.073,67.513
1237.4,29.369,57.328,67.815
1238.6,29.589,57.117,67.566
1238.7,29.024,57.141,67.593
1239.1,28.849,57.069,67.508
1239.6,28.361,57.55,68.078
1241.2,29.177,56.944,67.36
1242.2,29.625,56.496,66.83
