798,747,133,333
800.26,744.56,132.72,332.29
800.74,743.46,133.34,333.85
804.66,741.89,134.12,335.8
807.89,741.89,131.46,329.13
811.27,740.58,129.63,324.57
813.93,739.3,127.84,320.08
818.66,739.73,126.13,315.8
821.65,733.62,125.17,313.41
824.89,728.8,125.61,314.51
832.94,724.91,125.09,313.2
835.41,716.45,126.04,315.57
841.34,710.93,125.18,313.43
846.5,706.8,125.16,313.38
849.18,702.55,126.48,316.67
854.21,696.8,130.17,325.91
858.72,694.15,129.45,324.1
861.91,689.86,129.64,324.58
863.67,685.02,131.16,328.39
869.91,687.19,129.49,324.21
869.46,683.91,129.78,324.94
874.07,679.63,131.78,329.94
874.25,677.46,130.92,327.8
877.82,675.37,131.35,328.88
879.96,673.59,130.95,327.86
882.29,672.47,129.61,324.52
883.21,668.48,129.5,324.24
885.23,664.85,128.72,322.27
890.73,660.96,129.44,324.09
889.25,657.58,128.67,322.17
893.39,655.56,128.95,322.85
893.37,643.38,129.75,324.86
894.22,641.73,128.75,322.37
893.81,636.63,128.51,321.76
892.83,630.18,128.94,322.84
892.39,625.8,129.34,323.85
890.71,620.62,129.3,323.73
888.87,617.22,128.78,322.43
887.98,618.42,127.12,318.27
885.43,615.3,126.04,315.58
873.08,614.05,125.19,313.45
870.63,612.23,125.46,314.11
867.98,611.87,126.14,315.82
866.1,609.24,126.16,315.87
864.08,608.73,125.37,313.89
861.2,608.06,125.66,314.62
844.44,604.29,127.51,319.26
841.83,603.26,127.6,319.48
837.92,600.63,127.84,320.07
835.08,598.67,127.24,318.58
833.55,597.9,124.85,312.58
832.22,596.42,122.84,307.56
832.46,593.14,121.13,303.27
832.2,589.7,120.77,302.37
832.53,585.82,120.83,302.52
833.63,584.01,119.78,299.9
833.26,582.21,119.57,299.37
833,580.4,118.72,297.24
832.97,576.81,119.08,298.16
830.39,572.55,119.69,299.68
829.61,568.7,120.56,301.85
829.44,565.26,121.04,303.06
827.27,563.21,120.58,301.91
830.59,561.87,121.03,303.03
828.73,557.94,121.76,304.85
830.03,556.69,121.1,303.21
831,553.5,121.84,305.05
833.23,553.34,121.02,303
835.14,551.96,120.63,302.04
838.68,551.63,120.76,302.35
839.99,549.41,120.33,301.28
842.87,549.15,120.83,302.54
846.28,540.65,120.09,300.69
846.78,539.79,121.55,304.32
851.3,535.92,122.58,306.9
850.98,531.4,122.44,306.56
854.59,524.16,120.71,302.22
856.49,523.09,120.87,302.62
858.49,513.58,119.82,300.01
860.5,512.61,120.78,302.39
860.14,509.67,120.98,302.91
862.07,506.61,120.97,302.89
863.21,503.62,120.74,302.31
864.47,501.84,120.39,301.42
866.16,500.35,120.79,302.42
866.25,498.75,120.18,300.9
866.61,498.15,119.88,300.16
867.68,498.54,118.96,297.85
868.96,498.36,119.79,299.93
869.27,497.03,121.31,303.74
869.98,496.8,122.03,305.54
870.24,497.26,122.18,305.92
870.43,496.96,122.66,307.1
869.45,496.26,122.55,306.82
869.77,495.93,122.69,307.19
870.97,496.86,121.94,305.32
872.17,497.54,120.94,302.82
873.68,496.85,119.8,299.94
875.71,497.71,119.84,300.04
877.28,498.49,118.64,297.05
878.19,498.38,118.25,296.08
878.02,498.55,117.1,293.19
879.72,499.18,117.52,294.24
879.06,499.39,116.57,291.86
879.16,499.58,116.57,291.87
880,499.65,116.62,291.99
881.04,500.12,117.19,293.43
884.06,501.67,117.56,294.33
883.87,501.61,117.92,295.25
885.07,502.24,119.31,298.73
884.48,502.5,119.78,299.9
886.66,504.49,120.31,301.23
887.29,505.19,121.11,303.23
887.04,506.8,120.54,301.81
889.14,508.17,120.84,302.55
889.01,511.07,120.55,301.83
891.5,514.23,121.11,303.22
891.66,515.02,120.86,302.6
892.93,516.15,121.2,303.45
895.74,517.82,121.27,303.63
897.39,518.92,121.15,303.34
898.08,518.81,120.25,301.08
899.06,519.87,119.06,298.11
901.7,519.29,118.77,297.36
903.53,519.84,119.31,298.73
903.98,519.56,118.86,297.6
906.1,519.63,120.34,301.31
907.22,519.34,120.94,302.81
907.37,519.65,120.15,300.83
908.72,520.74,119.82,300
910.87,522.18,120.32,301.25
911.37,522.88,120.79,302.44
909.73,525.31,119,297.94
910.17,529.5,118.09,295.68
909.45,530.1,118.07,295.62
908.48,531.67,117.61,294.47
905.98,530.72,117.2,293.44
904.76,532.99,117.5,294.18
902.09,532.59,117.25,293.56
900.48,533.79,117.67,294.61
898.7,533.81,116.88,292.63
896.55,533.58,116.68,292.14
894.27,533.84,116.12,290.72
892.39,533.86,116.57,291.86
890.08,532.7,116.25,291.06
888.42,532.28,115.66,289.58
888.11,530.61,115.32,288.72
885.66,529.89,115,287.94
873.73,528.53,115.03,288.02
873.68,525.97,115.11,288.21
873.88,526.71,113.58,284.38
873.29,526.84,113.17,283.34
871.8,524.74,113.09,283.15
870.63,523.75,112.76,282.32
869.15,523.99,112.78,282.38
865.99,524.03,112.97,282.85
863.47,522.98,113.13,283.26
862.02,521.72,113.41,283.95
860.86,521.46,113.12,283.24
860.51,521.4,113.1,283.17
859.91,521.04,113.19,283.4
859.43,520.79,113.56,284.33
860.19,520.96,114.54,286.77
859.6,520.55,115.3,288.67
859.57,520.29,116.17,290.85
859.19,519.92,116.99,292.92
859.83,520.44,117.03,293
860.49,520.19,116.52,291.75
860.25,518.95,116.25,291.06
863.53,518.56,116.62,291.99
863.07,517.08,115.67,289.61
864.58,515.97,115.06,288.09
865.18,514.09,114.79,287.4
866.64,512.21,114.93,287.75
866.72,510.76,114.58,286.89
868.45,510.07,114.97,287.86
868.46,508.56,114.76,287.34
869.56,509.16,114.52,286.72
870.42,507.79,115.26,288.58
871.94,506.67,116.23,291.01
873.07,506.85,116.44,291.55
873.47,506.41,116.97,292.88
874.55,507.12,117.07,293.12
874.82,506.66,117.67,294.61
874.97,507.48,116.42,291.49
876.87,509.08,116.35,291.32
877.74,508.1,117.33,293.77
878.26,509.54,116.52,291.74
879.17,509.54,116.88,292.64
879.79,509.82,116.47,291.61
881.81,510.52,116.51,291.72
882.88,510.84,116.35,291.31
885.3,512.22,115.78,289.88
886.59,511.99,115.92,290.25
888.31,511.85,115.89,290.17
889.04,511.24,115.52,289.25
892.1,512.57,115.06,288.08
892.94,511.35,114.02,285.49
895.02,512.5,113.07,283.09
897.6,513.37,112.37,281.34
898.41,513.36,111.6,279.41
899.24,514.33,110.81,277.45
900.35,514.44,110.21,275.94
901.9,514.95,110.42,276.46
901.94,515.59,110.14,275.77
901.9,515.77,110.54,276.78
900.29,514.93,110.44,276.5
901.31,515.33,110.66,277.05
900.08,515.78,110.06,275.55
899.97,515.62,110.27,276.09
899.82,517.1,110.58,276.87
897.8,516.51,110.15,275.78
898.35,518.16,110.21,275.94
897.62,519.05,110.28,276.11
896.73,518.56,110.88,277.62
894.46,518.53,110.27,276.1
895.18,519.97,110.35,276.29
894.39,521.11,110.2,275.91
893.7,521,110.15,275.8
893.33,520.31,110.45,276.53
892.87,520.11,110.31,276.19
892.86,519.55,110.58,276.87
891.36,517.42,110.35,276.3
891.79,516.87,110.37,276.34
890.21,515.77,110.62,276.97
888.31,513.05,110.8,277.41
886.22,512.01,110.64,277.01
884.24,511.24,110.36,276.32
883.51,512.4,109.96,275.32
881.36,512.24,109.73,274.74
880.24,512.59,108.85,272.53
879.68,513.01,108.49,271.63
878.78,514.75,108.89,272.64
877.03,513.89,109.23,273.48
875.5,513.99,109.34,273.77
875.57,515.68,109.67,274.6
874.17,514.62,109.82,274.95
873.75,516.11,109.28,273.61
874.47,518.04,109.58,274.37
874.7,518.9,109.49,274.14
874.7,517.93,110.32,276.21
875.22,518.63,110.7,277.16
875,518.17,110.35,276.3
876.81,518.62,110.7,277.17
876.56,517.9,110.26,276.07
879.7,517.73,110.14,275.76
881.31,516.57,110.18,275.87
883.21,515.7,110.19,275.89
884.56,515.83,109.62,274.46
885.68,515.43,109.35,273.78
887.47,515.24,109.1,273.15
887.67,514.02,108.66,272.06
890.93,514.87,108.45,271.54
892.72,515.41,108.02,270.46
893.38,514.75,107.62,269.45
895.81,515.14,108.41,271.42
896.64,515.93,108.21,270.94
896.59,515.74,107.63,269.49
898.56,516.3,108.3,271.16
898.86,515.95,107.92,270.2
900.84,516.82,108.54,271.76
902,517.27,108.72,272.2
902.67,517.74,108.84,272.5
902.32,517.07,108.73,272.24
904.65,518.14,108.75,272.28
905.9,518.17,108.99,272.88
906.17,516.65,108.87,272.59
906.57,516.29,108.74,272.26
909.19,515.97,109.12,273.21
908.61,513.31,109.08,273.1
910.2,511.48,109.1,273.17
910.89,511.17,108.66,272.06
913.05,510.85,108.64,272
912.84,510.37,108.41,271.44
913.84,509.49,108.66,272.05
914.98,508.67,108.51,271.67
915.9,507.35,108.92,272.72
915.57,506.07,109.01,272.94
916.48,505.78,109.04,273
916.78,505.64,109.15,273.28
917.52,505.55,109.39,273.89
918.67,507.12,109.9,275.16
918.78,506.5,110.01,275.43
920.31,507.07,109.85,275.03
921.84,507.67,109.65,274.54
923.84,509.11,109.65,274.55
925.37,510.09,109.28,273.6
926.9,510.19,109.75,274.78
928.08,510.39,108.76,272.32
931.24,511.39,108.38,271.36
932.52,510.57,107.88,270.1
935.38,511.86,107.65,269.54
937.72,510.7,107.78,269.85
940.06,511.53,106.74,267.25
941.95,511.35,106.11,265.67
944.62,511.05,105.71,264.66
945.31,510,105.33,263.72
947.47,510.71,105.18,263.36
949.89,510.37,105.29,263.63
951.38,509.46,105.69,264.63
952.27,508.56,105.38,263.84
954.58,509.35,105.67,264.58
955.63,508.64,105.52,264.19
956.26,509.44,105.2,263.41
958.29,510.78,105.5,264.15
957.87,510.51,105.46,264.06
959.78,511.19,105.31,263.67
961.23,511.78,105.98,265.34
962.6,512.18,106.34,266.26
961.8,511.52,106.29,266.12
963.28,512.75,105.68,264.61
963.66,513.33,105.89,265.11
966.44,514.84,106,265.4
967.39,514.21,106.49,266.63
966.84,513.8,106.35,266.28
967.85,513.6,105.9,265.15
970.21,513.76,106.02,265.46
971.61,512.96,106.3,266.15
970.49,511.06,106.09,265.63
972.91,510.88,106.2,265.91
973.87,510.51,105.84,265
974.15,510.49,105.66,264.56
973.9,509.47,105.6,264.41
974.66,509.26,105.02,262.94
976.38,509.58,105.82,264.96
975.33,508.75,105.65,264.53
975.34,508.96,105.69,264.63
975.52,508.94,105.57,264.32
975.5,508.77,106.34,266.24
976.18,509.35,106.24,265.99
977.85,510.93,106.73,267.22
978.45,511.18,107.07,268.08
979.37,511.85,107.31,268.68
978.36,511.52,107.44,269
979.9,512.68,106.9,267.64
981.46,514.56,107.08,268.1
982.03,515.97,106.43,266.48
982.12,516.25,105.67,264.58
982.18,516.3,105.7,264.65
982.62,516.64,105.5,264.15
983.36,518.19,104.55,261.76
984.65,518.19,105.05,263.02
984.99,517.88,105.15,263.28
985.34,518.31,104.74,262.23
984.47,518.24,103.84,259.98
984.2,517.59,104,260.39
984.22,517.66,103.89,260.11
984.02,518.98,103.3,258.63
985.18,520.08,103.53,259.22
984.75,520.41,103.7,259.64
983.42,520.64,102.7,257.14
984.42,521.52,103.03,257.97
983.18,521.12,102.97,257.82
982.75,522.25,102.23,255.95
982.71,522.47,101.88,255.08
984.55,524.91,101.01,252.91
984.08,526.35,101.42,253.92
975.1,528.3,102.61,256.9
975.33,529.02,104.04,260.49
972.84,528.57,104.28,261.1
971.89,529.89,104.95,262.78
969.57,528.77,105.22,263.45
969.81,529.97,105.84,264.99
969.19,529.85,106.05,265.52
968.53,529,106.44,266.5
966.97,528.61,105.97,265.32
967.55,528.31,106.53,266.73
965.71,527.18,105.49,264.12
965.49,526.85,105.27,263.56
965.2,526.52,106.38,266.36
963.44,526.05,105.8,264.89
962.71,526.35,105.28,263.59
962.44,526.9,106.44,266.51
960.18,526.86,105.88,265.09
959.77,528.37,106.13,265.71
957.99,528.87,106.52,266.69
956.69,529.08,105.46,264.05
955.49,530.27,105.52,264.21
954.86,531.96,105.05,263.02
954.9,532.59,106.65,267.03
952.09,532.06,106.84,267.49
953.04,533.99,107.21,268.42
951.16,534.54,106.63,266.97
950.49,536.15,105.69,264.63
950.37,537.95,104.95,262.77
950.4,538.71,104.72,262.2
950.17,539.21,104.51,261.66
952.62,541.41,103.53,259.2
952.83,541.66,102.8,257.39
953.43,541.76,102.21,255.92
952.41,540.88,101.63,254.45
953.93,541.7,102.26,256.03
952.16,541.21,101.49,254.11
951.57,541.27,101.44,253.98
951.29,542.13,101.08,253.09
952.05,542.37,103.17,258.31
949.99,541.62,102.89,257.62
949.82,542.35,103.15,258.27
949.63,542.08,104.17,260.81
949.9,542.67,105.07,263.06
949.01,543.06,105.26,263.54
946.97,543.23,105.38,263.84
945.42,543.73,106.47,266.58
942.63,544.38,106.12,265.69
942.59,545.93,107.29,268.62
938.92,545.96,106.6,266.9
938.74,546.92,106.81,267.42
939.15,547.72,106.74,267.26
937.62,548.05,107.17,268.32
935.49,547.02,106.56,266.8
934.75,546.57,106.22,265.95
935.64,546.88,106.2,265.89
935.23,545.2,106.01,265.42
933.97,545.48,105.41,263.92
932.49,545.13,104,260.4
930.88,544.66,103.7,259.63
930.58,545.37,103.93,260.21
929.14,543.97,104.1,260.64
928.49,543.56,104.12,260.69
928.18,543.96,104.37,261.31
928.82,545.16,105.15,263.26
927.54,543.78,106.85,267.53
927.35,545.31,107.03,267.97
927.42,544.64,107.93,270.24
927.79,545.66,107.65,269.54
928.41,546.12,107.53,269.23
928.83,546.39,108.07,270.58
928.25,546.78,107.72,269.7
930.59,549.43,107.05,268.03
931.99,550.28,107.01,267.93
932.38,550.33,106.79,267.37
933.68,551.42,106.03,265.48
936.1,551.73,105.33,263.73
939.05,552.49,104.23,260.97
941.35,552.09,103.82,259.95
941.12,550.64,103.51,259.16
944.1,551.3,103.36,258.79
945.65,551.06,103.24,258.48
945.95,550.26,102.42,256.43
947.2,550.22,102.61,256.9
949.06,550.78,103.51,259.17
949.36,550.44,104.32,261.2
950.19,550.03,104.58,261.85
949.2,549.44,104.39,261.38
950.47,549.29,106.08,265.6
950.97,549.1,106.46,266.56
949.27,548.76,106.37,266.33
949.77,549.74,105.91,265.17
950.64,551.52,106.23,265.98
950.5,552.05,106.37,266.32
948.1,551.12,106.21,265.92
948.85,552.54,106.7,267.16
948.65,553.42,107.06,268.05
947.79,553.62,107.18,268.35
946.19,553.67,106.52,266.71
946.66,553.59,105.95,265.28
948.23,554.81,106.5,266.65
946.11,552.99,106.42,266.44
946.58,552.39,106.01,265.44
947.45,552.22,106.34,266.24
945.77,549.52,106.11,265.67
946.39,549.52,106.67,267.08
944.93,547.72,106.4,266.4
944,548.15,106.02,265.45
944.42,548.03,106.75,267.27
942.6,547.96,107.14,268.24
941.72,547.16,106.32,266.21
940.76,548.26,105.49,264.12
940.61,549.63,104.88,262.61
938.97,549.36,105.57,264.31
938.49,550.67,105.12,263.2
939.37,552.7,105.96,265.29
938.53,552.28,106.44,266.5
936.69,552.26,106.46,266.55
936.81,553.99,106.07,265.57
938.31,556.07,106.47,266.57
937.28,556.06,105.88,265.09
939.29,557.82,106.4,266.4
938.34,557.81,106.03,265.47
940.82,560.57,105.66,264.56
940.42,560.41,105.05,263.02
943.34,562.65,105.58,264.35
944.14,563.27,103.88,260.1
946.28,564.74,102.8,257.38
948.97,565.78,103.34,258.74
951.38,565.3,103.71,259.66
951.75,564.25,103.77,259.82
954.01,565.3,102.94,257.75
956.43,566.81,102.41,256.4
957.79,568.77,102.34,256.23
959.34,569.53,102.82,257.44
961.35,571.83,103.43,258.96
962.09,572.21,104.04,260.5
962.42,573.02,103.63,259.46
965.02,575.3,103.94,260.24
964.29,575.41,104.26,261.05
966.58,577.15,104.82,262.44
965.82,578.27,104.53,261.72
968.31,580.06,104.87,262.57
967.09,580.44,105.32,263.69
969.12,581.78,106.82,267.45
969.85,583.16,107.14,268.26
968.95,583.55,107.02,267.95
970.66,585.26,106.96,267.79
971.23,587.07,107.28,268.61
970.96,587.21,107.33,268.72
971.44,587.97,107.35,268.78
972.68,589.14,107.34,268.76
973.49,590.56,106.92,267.71
975.52,592.18,107.68,269.61
975.36,593.14,108.2,270.91
974.39,592.93,108.03,270.48
974.54,593.78,107.71,269.68
976.73,594.23,108.5,271.65
977,594.61,108.79,272.37
977.44,595.73,108.45,271.53
977.06,593.52,108.87,272.59
975.52,593.57,108.24,271.01
975.44,593.47,108.12,270.71
975.75,595.18,107.25,268.53
975.47,595.06,107.6,269.41
976.33,597.01,108.04,270.51
973.97,596.72,108.08,270.61
973.84,598.12,107.85,270.03
973.84,600,108.08,270.6
972.54,600.14,107.95,270.28
972.38,601.64,108.35,271.27
970.89,601.82,108.36,271.31
970.46,602.67,108.38,271.36
969.2,604.39,108.59,271.88
969.11,606.05,109.25,273.55
968.22,607.63,109.47,274.08
966.56,608.25,110.37,276.35
966.09,609.23,111.1,278.16
965.31,609.98,111.71,279.7
964,611.44,110.07,275.58
964.23,613.31,109.74,274.75
963.35,615.26,109.77,274.84
962.14,616.31,110.07,275.59
961.32,617.61,110.58,276.87
961.44,619.04,110.53,276.73
962.03,620.93,110.29,276.15
962.13,622.3,111.5,279.18
962.31,621.58,110.75,277.3
963.49,622.44,109.97,275.34
964.24,623.71,109.23,273.48
964.9,623.78,109.1,273.16
965.44,624.46,108.76,272.32
967.29,624.93,109.36,273.81
967.39,624.59,109.89,275.14
967.32,624.89,108.6,271.92
968.66,627.21,108.87,272.58
967.48,626.18,108.54,271.76
968.56,628.21,109.3,273.67
968.83,627.93,109.82,274.96
967.83,627.3,109.77,274.85
968.04,628.72,110.01,275.43
968.16,629.08,110.14,275.77
968.56,629.33,112.28,281.12
967.3,629.97,111.81,279.94
967.91,631.25,112.85,282.54
966.8,632.59,113.36,283.82
964.78,632.1,113.06,283.08
966.84,634.97,113.1,283.18
964.91,634.66,112.56,281.82
964.84,635.03,112.35,281.3
964.25,636.23,111.75,279.81
964.53,636.64,110.63,276.98
963.93,636.38,110.14,275.78
965.43,637.03,110.4,276.41
963.53,635.11,110.99,277.89
962.13,634.37,111.2,278.43
961.07,634.24,111.13,278.23
960.32,634.84,110.72,277.21
957.61,633.48,110.36,276.31
958.42,635.51,110.18,275.87
956.83,634.53,111.03,278
955.51,636.21,110.91,277.69
953.74,635.51,109.83,274.98
952.87,637.59,109.48,274.12
952.95,639.68,109.77,274.83
950.96,639.16,109.65,274.53
951.9,641.99,109.82,274.96
950.64,641.35,109.85,275.04
949.85,642.17,110.2,275.93
950.61,644.75,110.8,277.42
949.9,644.82,110.38,276.37
951.3,647.09,110.11,275.68
951.87,648.46,110.31,276.18
952.46,649.66,109.84,275.02
952.06,648.43,110.01,275.43
954.03,651.86,108.2,270.9
955.76,652.14,107.58,269.35
957.92,654.92,107.37,268.83
958.52,653.12,107.38,268.85
959.36,653.42,106.78,267.36
961.78,653.15,107.59,269.37
963.2,653.47,107.71,269.68
964.27,653.63,107.88,270.11
964.4,653.45,108.17,270.84
966.11,653.1,107.71,269.68
968.57,654.42,108.45,271.54
969.2,654.59,108.97,272.84
969.27,654.73,108.48,271.62
971.23,655.53,109.42,273.97
972.13,655.94,110.31,276.18
973.1,655.95,110.64,277.01
973.1,655.85,110.21,275.93
974.81,657.6,110.83,277.49
974.51,657.87,110.8,277.43
974.77,658.48,110.47,276.58
976.21,661.29,110.25,276.04
976.34,661.82,110.71,277.19
975.93,660.61,110.28,276.11
977.37,662.56,110.31,276.18
978.24,662.51,109.87,275.1
976.07,661.11,109.34,273.77
978.58,661.78,109.05,273.04
977.52,660.35,108.24,271.02
978.28,660.56,107.43,268.99
978.42,658.86,107.58,269.36
979.31,658.38,108.15,270.78
977.61,657.07,108.06,270.56
977.88,656.78,107.18,268.36
977.85,656.65,106.84,267.51
979.11,655.35,108.88,272.62
978.15,655.1,108.05,270.54
978.15,655.5,107.83,269.99
979.41,655.64,108.97,272.84
978.17,655.38,108.3,271.16
978.16,656.12,108.03,270.49
978.45,656.37,108.39,271.39
979.13,658.14,109.22,273.45
977.46,656.83,109.23,273.49
978.08,657.74,109.07,273.08
977.59,658.68,108.62,271.96
979.96,660.46,109.05,273.03
978.84,659.47,108.83,272.49
978.93,660.3,108.52,271.71
980.43,662.24,108.69,272.13
981.6,663.39,106.93,267.74
982.68,663.49,106.64,267.01
981.56,663.43,104.98,262.83
983.58,664.75,104.35,261.26
985.23,663.48,103.35,258.77
984.96,662.44,103.6,259.38
983.25,661.79,103.89,260.12
981.63,659.85,103.66,259.53
982.51,661.48,103.66,259.54
981.48,660.69,103.78,259.85
978.24,659.62,104.12,260.69
977.27,659.87,104.01,260.41
976.08,660.06,104.04,260.49
975.72,659.83,104.09,260.62
974.53,661.18,103.45,259.01
974.12,662.16,104.09,260.63
972.34,662.33,103.73,259.71
970.64,663.08,103.51,259.16
970.46,664.42,103.87,260.07
968.03,663.88,103.87,260.07
966.31,665.58,103.49,259.11
964.22,666.23,103.7,259.64
961.44,663.49,104.54,261.75
961.84,665.47,104.1,260.64
957.26,663.92,103.73,259.71
957.94,663.96,103.49,259.11
956.24,663.25,103.42,258.95
956.95,662.05,103.27,258.58
955.04,661.64,103.01,257.92
952.62,660.1,103,257.89
950.81,658.08,103.31,258.66
949.09,658.26,103.66,259.53
946.53,658.51,103.52,259.18
945.18,658.17,103.68,259.59
942.49,657.39,103.89,260.11
939.9,656.95,103.97,260.32
936.85,657.1,103.62,259.44
937.67,657.08,103.44,259
936.52,657.65,103.48,259.1
935.25,658.01,103.43,258.97
932.13,657.89,104.11,260.67
930.41,657.41,103.96,260.28
927.95,657.91,103.52,259.2
928.83,658.9,103.91,260.17
926.59,657.43,103.58,259.34
926.04,659.2,103.92,260.2
923.65,658.4,103.98,260.34
922.83,659.47,103.21,258.41
922.77,658.95,103.58,259.34
923.83,658.73,104.27,261.07
923.95,657.8,104.53,261.72
923.86,656.06,104.42,261.45
922.89,655.05,104.07,260.56
920.96,653.82,103.14,258.24
919.73,652.12,103.55,259.26
921.02,651.93,104.38,261.34
919.71,651,104.74,262.24
915.97,649.76,104.11,260.68
914.6,649.53,103.97,260.32
913.3,649.12,104.22,260.93
913.88,650.26,104.21,260.91
912.72,650.03,104.4,261.39
910.8,649.72,104.81,262.41
907.61,648.69,104.7,262.14
905.53,648.25,105.01,262.92
905.83,649.58,105.54,264.24
902.74,649.18,105.24,263.5
902.95,649.66,105.64,264.51
899.86,650.26,104.58,261.84
898.64,649.57,104.35,261.27
897.41,651.08,104.4,261.39
896.43,650.91,103.85,260.01
893.75,649.73,102.82,257.44
894.03,649.15,102.92,257.69
889.9,647.41,102.72,257.2
889.88,647.15,102.94,257.73
887.57,645.1,102.65,257.02
886.57,645.75,102.68,257.09
885.09,645.21,102.45,256.5
882.78,644.52,102.65,257.01
881.79,644.13,102.95,257.76
878.97,642.83,102.46,256.54
878.93,643.73,102.98,257.83
876.65,642.72,102.55,256.77
877.17,643.79,103.12,258.18
875.48,643.85,101.89,255.12
876.32,645.07,102.16,255.79
874.19,644.12,102.05,255.52
874.02,645.64,101.54,254.22
873.39,646.14,101.83,254.97
874.3,647.19,103.17,258.32
872.76,646.47,102.31,256.15
872.45,647.82,102.13,255.71
873.32,648.19,101.62,254.44
875.08,649.46,101.76,254.77
875.72,649.64,101.89,255.1
876.56,648.07,102,255.38
876.4,647.5,101.08,253.08
878.4,648.27,101.3,253.64
877.73,646.67,100.57,251.81
878.5,646.98,100.23,250.94
881.1,647.77,100.38,251.33
879.9,645.98,100.08,250.59
881.41,647.05,100.71,252.15
880.1,646.04,100.71,252.16
880.78,646.76,100.35,251.26
881.95,646.96,100.48,251.57
881.61,647.38,100.59,251.85
881.73,646.65,101.43,253.96
882.15,647.66,101.45,254
882.52,647.91,101.39,253.85
882.3,648.75,101.79,254.87
883.42,649.75,102.89,257.6
881.81,649.95,102.77,257.3
884.13,650.05,103.9,260.15
882.1,650.54,103.42,258.94
884.86,652.22,103.63,259.47
885.16,652.09,103.86,260.03
884.45,652.15,102.33,256.2
886.48,652.04,101.14,253.22
888.8,652.96,100.82,252.44
889.88,652.32,101.09,253.1
889.33,650.79,101.29,253.6
888.91,651.54,100.39,251.36
889.57,649.3,101.15,253.25
890.11,649.54,101.24,253.48
890.33,649.46,100.68,252.08
890.24,649.24,101.12,253.19
891.06,648.8,102.84,257.49
891.17,648.96,103.5,259.15
892.1,649.45,103.19,258.37
890.89,649.8,101.98,255.33
893.07,651.05,102.35,256.25
891.61,651.14,101.93,255.21
892.83,652.76,102.7,257.14
893.14,652.96,103.31,258.67
891.94,653.53,104.08,260.6
891.66,654.23,103.76,259.78
892.26,655.07,103.4,258.88
894.72,657.22,103.25,258.52
893.47,657.46,102.23,255.95
894.17,658.55,102.19,255.86
895.86,657.63,102.36,256.28
896.95,658.13,101.94,255.24
898.85,658.94,102.2,255.88
898.79,657.53,101.72,254.69
900.86,658.08,101.95,255.25
900.6,658.15,102.28,256.08
899.41,657.66,101.49,254.1
899.35,658.03,101.04,252.99
901.54,658.62,102.1,255.64
898.29,658.42,101.51,254.15
898.09,658.23,101.75,254.75
898.17,659.04,103.02,257.92
895.82,658.68,103.1,258.15
894.67,658.99,103.04,258
894.45,660.57,102.6,256.88
894.74,662.31,103.13,258.22
892.5,662.14,103.01,257.9
891.25,663.52,103.07,258.07
890.16,664.41,102.63,256.95
890.37,666.4,103.05,258.02
888.3,665.53,102.96,257.78
887.08,665.72,102.79,257.36
888.06,666.59,103.34,258.75
886.44,665.76,103.69,259.62
885.01,665.2,104.22,260.95
886.25,664.5,103.86,260.04
884.77,663.98,102.62,256.94
885.53,665.14,102.51,256.65
885.18,664.53,102.55,256.77
884.31,664.64,102.51,256.65
883.96,665.2,102.41,256.42
881.67,664.16,102.38,256.35
880.99,665.04,102.21,255.9
880.84,665.57,102.09,255.62
880.77,665.41,102.57,256.82
881.62,666.31,103.59,259.37
882.45,667.35,103.66,259.54
881.85,667.9,104.13,260.72
882.51,669.94,104.15,260.76
882.55,671.5,104.37,261.31
882.59,672.77,103.97,260.31
882.53,673.77,103.2,258.39
884.14,676,102.94,257.74
885.48,676.91,102.77,257.32
888.01,679.39,102.86,257.53
888.04,679.18,102.36,256.28
889.46,679.27,102.07,255.56
891.26,680.26,101.71,254.67
893.62,682.16,101.7,254.63
893.86,682.11,102.19,255.85
893.07,681.55,101.92,255.18
894.12,683.29,102.74,257.24
894.15,682.98,103.57,259.31
893.21,683.01,104.49,261.61
893.05,683.91,104.62,261.94
891.7,683.77,104.57,261.82
891.32,684.57,105.02,262.95
892.18,686.33,105.34,263.74
891.03,686.79,106.07,265.59
890.25,687.85,105.89,265.13
890.3,689.15,106.11,265.67
889.31,690.63,106.02,265.45
887.59,692.2,106.35,266.27
884.84,692.1,105.95,265.26
885.22,693.29,106.45,266.53
883.27,693.42,106.31,266.17
881.58,692.93,106.27,266.08
880.37,694.03,105.95,265.28
881.15,693.69,105.41,263.92
878.8,693.29,105.62,264.45
877.59,692.91,105.05,263.01
877.98,692.37,105.45,264.02
875.17,691.99,104.97,262.81
873.58,691.07,105.13,263.23
872.52,692.21,105.39,263.86
870.28,692.3,105.84,265
869.04,692.05,106.16,265.8
866.89,692.56,106.55,266.77
865.52,691.68,106.35,266.27
863.78,692.82,106.19,265.88
863.13,694.64,106.48,266.6
861.15,695.19,106.47,266.57
860.48,694.99,106.51,266.67
860.51,696.15,106.04,265.51
860.82,698.25,106.68,267.09
859.55,697.93,106.81,267.44
859.34,700.6,107.05,268.04
859.29,701.56,107.12,268.19
858.04,701.72,106.66,267.04
857.91,702.91,106.55,266.78
858.42,703.18,106.67,267.08
858.38,703.15,106.84,267.5
860.96,705.2,106.43,266.47
860.35,705.45,105.76,264.8
859.65,705.14,105.74,264.74
860.27,705.97,105.46,264.04
860.79,707.09,104.76,262.29
861.39,707.39,104.71,262.16
861.28,708.75,104.71,262.16
862.49,709.07,104.9,262.64
862.79,710.11,104.47,261.56
864.56,710.95,105.57,264.32
864.18,709.87,105.86,265.04
865.55,712.1,106.38,266.35
864.83,711.69,107.09,268.13
865.89,712.71,107.91,270.17
866.94,713.49,108.18,270.86
865.99,714.57,107.98,270.34
866.18,715.88,108.02,270.45
867.62,717.76,107.65,269.53
869.13,719.07,108.36,271.31
868.18,719.45,108.42,271.46
869.91,720.15,108.91,272.67
868.31,720.08,108.79,272.39
871.16,720.9,108.71,272.18
870.98,721.68,108.39,271.38
872.42,721.69,108.38,271.36
871.48,720.12,107.41,268.93
871.86,720.1,107.1,268.15
874.14,720.55,107.26,268.56
872.51,719.7,107.38,268.85
871.75,719.39,107.69,269.64
873.47,722.08,107.48,269.1
872.58,722.37,107.38,268.86
872.56,721.97,107.56,269.31
873.62,723.47,108.71,272.18
873.51,725.95,108.8,272.41
873.67,727.82,108.79,272.39
873.75,729.77,108.83,272.47
872.92,730.41,108.7,272.16
875.25,731.94,109.1,273.15
874.7,733.61,108.28,271.09
874.77,736.06,107.92,270.21
877.03,738.42,108,270.4
876,738.46,108.28,271.11
876.93,740.11,108.01,270.43
877.92,741.03,107.78,269.87
880.54,742.67,107.88,270.12
881.92,742.37,108.13,270.73
882.06,742.09,107.29,268.64
883.65,742.42,106.91,267.68
885.69,742.65,107.68,269.61
886.72,742.78,107.31,268.67
886.38,743.42,106.17,265.82
888.83,744.8,106.48,266.59
888.36,744.95,106.58,266.86
889.72,746.12,106.23,265.99
891.27,747.75,107,267.91
891.21,748.18,107.15,268.29
890.26,748.67,106.98,267.86
891.83,750.16,108.18,270.85
891.3,752.32,107.37,268.84
890.71,753.35,107.37,268.82
890.31,754.59,107.5,269.15
890.15,755.44,107.76,269.8
891.35,758.1,108.1,270.65
889.56,760.3,107.5,269.15
889.11,761.62,107.72,269.72
889.51,764.56,107.91,270.18
889.33,766.14,107.96,270.3
887.4,766.79,108.1,270.66
886.88,767.68,107.72,269.71
887.31,770.37,107.93,270.23
886.57,771.83,108.37,271.33
884.21,772.64,107.9,270.16
883.63,776.49,107.42,268.95
881.58,776.72,106.97,267.81
880.84,778.25,107.15,268.28
878.86,778.61,107.27,268.58
876.91,779.21,107.35,268.78
875.05,780.59,107.39,268.89
872.67,783.19,107.46,269.06
871.58,785.39,107.1,268.16
870.57,786.21,107.38,268.86
869.05,787.66,107.41,268.92
867.65,790.75,107.4,268.91
866.28,792.71,107.91,270.18
865.97,795.78,108.54,271.76
865.43,798.64,108.47,271.59
864.92,800.83,108.42,271.45
863.72,803.5,108.26,271.06
861.52,804.81,108.05,270.53
860.73,808.18,107.84,270
861.94,811.43,107.97,270.33
860.27,812.5,107.34,268.75
860.14,814.5,106.77,267.32
861.21,816.56,106.66,267.05
860.52,816.48,106.31,266.17
861.18,817.21,105.29,263.62
863.14,817.49,105.35,263.78
863.95,816.73,105.15,263.27
864.04,815.01,105.27,263.57
865.16,813.33,105.27,263.58
865.98,812.03,105.01,262.92
867.14,810.35,105.06,263.05
869.05,809.36,104.29,261.13
870.31,807.25,104.34,261.25
871.29,804.42,104.8,262.39
871.65,802.83,104.44,261.49
873.4,802.49,104.58,261.85
873.12,801.58,103.64,259.49
875.52,801.82,103.78,259.84
874.53,799.38,104.11,260.68
875.25,798.78,104.58,261.85
876.24,798.27,104.75,262.26
876.77,798.41,104.53,261.72
879.31,798.55,105.01,262.92
879.41,799.46,104.77,262.31
878.76,798.16,104.32,261.18
880.74,799.49,104.21,260.91
881.96,798.98,104.63,261.98
881.71,797.44,104.53,261.71
883.48,797.56,104.98,262.85
884.11,797.62,104.96,262.8
883.4,796.02,104.81,262.43
883.85,795.19,104.89,262.61
884.28,794.51,104.67,262.07
884.83,793.1,104.3,261.14
886.42,792.59,104.5,261.64
887,792.25,104.09,260.62
885.9,790.33,103.87,260.07
885.68,789.8,103.51,259.16
887.25,790.45,103.78,259.85
886.26,789.35,103.9,260.15
886.6,788.99,103.86,260.04
886.78,789.15,103.66,259.54
887.99,789.57,104.02,260.44
887.59,789.78,102.98,257.83
888.04,790.42,102.7,257.13
889.35,791.76,103.18,258.34
888.53,791.03,103.14,258.25
888.8,791.98,102.75,257.26
890.32,793.34,103.53,259.22
890.71,794.3,103.47,259.06
891.81,796.28,102.75,257.25
892.17,796.48,103.14,258.23
891.92,796.87,102.47,256.55
894.49,799.1,101.9,255.13
896.09,800.08,101.55,254.25
895.46,799.66,101.3,253.63
897.56,799.65,100.9,252.62
900.78,800.98,100.61,251.89
900.79,800.1,100.34,251.23
902.18,800.11,99.915,250.16
905.29,800.96,100.11,250.65
906.35,801.38,99.915,250.16
906.9,801.16,100.09,250.6
907.58,801.03,100.3,251.12
906.7,800.92,99.448,248.99
906.99,800.74,99.6,249.37
907.34,800.96,99.627,249.44
907.22,801.22,99.549,249.25
906.35,801.13,99.837,249.97
905.6,801.97,100.02,250.43
906.35,803.81,100.34,251.23
904.12,803.7,100.06,250.52
904.15,805.54,100.46,251.53
902.56,805.57,100.14,250.72
902.2,807.13,100.07,250.56
901.31,808.63,99.994,250.36
899.9,808.89,100.58,251.84
897.54,807.71,101.13,253.2
897.09,809.85,101.07,253.06
895.61,810.87,100.78,252.33
894.51,811.37,101.07,253.05
892.57,811.44,101.2,253.38
890.29,810.77,100.8,252.37
889.13,811.69,100.68,252.07
887.17,809.32,100.91,252.67
886.74,810.42,100.89,252.6
885.7,809.45,101.22,253.43
883.76,808.9,101.02,252.92
883.03,809.94,101.2,253.39
881.43,809.03,101.22,253.43
881.01,809.41,100.69,252.1
880.41,809.64,100.73,252.19
880.55,811.46,100.78,252.34
880.16,812.51,100.94,252.72
879.59,812.74,101.42,253.94
878.7,813.16,100.69,252.09
878.14,814.46,100.48,251.57
878.19,815.6,100.11,250.66
879.1,818.24,100.04,250.48
879.35,819.26,100.13,250.69
879.02,820.6,100.16,250.79
879.55,821.78,100.33,251.21
878.6,822.29,99.847,249.99
878.74,823.02,99.623,249.43
879.77,824.9,99.323,248.68
882.09,826.91,99.456,249.01
881.54,827.11,98.862,247.53
883.07,827.87,98.315,246.16
885.64,830.06,98.115,245.66
885.07,829.64,97.377,243.81
888.17,830.91,97.42,243.92
888.84,831.12,97.642,244.47
889.51,830.81,98.143,245.73
889.35,831.05,97.233,243.45
890.26,832.07,96.661,242.02
892.02,833.87,96.819,242.41
892.81,834.17,96.87,242.54
893.21,833.93,97.152,243.25
891.63,833.33,97.071,243.04
891.46,833.52,97.122,243.17
891.33,834.43,97.158,243.26
891.15,834.6,97.455,244
892.22,836.76,97.429,243.94
892.16,837.54,97.478,244.06
892.01,838.2,97.626,244.43
891.43,838.95,97.588,244.34
890.84,839.05,97.846,244.98
889.56,838.95,97.585,244.33
890.18,840.93,97.309,243.64
888.1,840.04,97.404,243.88
888.9,841.91,97.191,243.34
886.7,841.39,97.181,243.32
886.04,841.81,96.721,242.17
886.89,843.04,96.632,241.94
886.36,842.87,96.876,242.55
885.61,841.59,97.107,243.13
883.25,839.2,97.292,243.6
883.16,838.13,96.988,242.83
882.81,836.84,96.492,241.59
883.97,836.23,96.937,242.71
882.37,834.54,96.78,242.31
883.21,833.96,97.179,243.31
881.71,832.38,97.201,243.37
881.42,831.24,97.211,243.39
881.37,830.27,97.21,243.39
881.84,829.68,97.156,243.26
881.89,829.03,97.194,243.35
882.31,829.11,96.978,242.81
882.59,828.85,96.97,242.79
883.3,828.82,96.932,242.69
883.9,828.39,96.953,242.75
884.75,828.83,96.491,241.59
887.02,829.94,96.504,241.62
887.59,829.96,96.569,241.79
888.63,830.23,96.223,240.92
888.22,828.91,96.071,240.54
889.39,829.04,95.779,239.81
891.85,830.1,95.545,239.22
891.75,829.42,95.12,238.16
894.92,830.48,94.537,236.7
894.99,829.48,94.022,235.41
898.18,829.92,94.018,235.4
899.37,829.07,93.75,234.73
900.61,828.23,92.552,231.73
902.3,827.53,92.334,231.18
905.03,827.4,92.316,231.14
906.36,826.56,92.563,231.75
906.51,824.98,92.404,231.36
908.7,824.92,92.524,231.66
908.41,823.3,92.393,231.33
909.9,823.4,92.484,231.56
909.62,821.39,92.853,232.48
910.86,821.28,93.209,233.37
910.88,819.74,92.995,232.84
911.45,819.26,92.957,232.74
913.26,819.65,93.103,233.11
912.97,819.51,92.658,231.99
913.31,818.85,92.67,232.02
913.58,818.9,92.491,231.58
913.6,818.8,92.467,231.51
913.9,818.11,92.491,231.57
914.26,817.47,92.478,231.54
914.37,816.48,92.684,232.06
914.31,815.48,92.976,232.79
915.35,816.65,92.529,231.67
914.73,815,92.488,231.57
914.93,813.9,92.125,230.66
915,813.11,91.884,230.06
914.59,811.85,91.683,229.55
915.84,811.86,91.418,228.89
914.55,809.52,91.617,229.39
915.21,809.17,91.676,229.53
915.22,808.26,91.514,229.13
914.81,806.69,91.453,228.98
914.06,804.72,91.916,230.14
914.41,803.2,92.269,231.02
915.21,800.9,93.41,233.88
915.51,799.97,93.592,234.33
914.41,798.35,93.273,233.53
916.3,798.48,93.216,233.39
916.01,797.56,93.126,233.17
916.45,796.43,93.189,233.32
917.2,796.28,92.888,232.57
918.96,796.27,93.292,233.58
919.63,796.51,93.041,232.95
920.5,795.3,92.86,232.5
922.04,795.59,92.982,232.8
922.47,794.6,92.398,231.34
924.35,794.66,92.216,230.89
926,794.04,92.053,230.48
926.9,793.06,91.528,229.16
927.9,792.13,91.136,228.18
930.7,791.13,91.228,228.41
932.3,789.2,91.477,229.04
933.88,788.57,90.354,226.22
935.51,787.65,89.957,225.23
938.02,788.25,89.838,224.93
938.03,787.08,89.738,224.68
938.84,786.25,89.787,224.8
940.14,786.33,89.432,223.92
941.59,786.39,89.862,224.99
942.64,786.78,89.544,224.2
942.84,785.49,90.034,225.42
943.1,785.77,90.121,225.64
943.94,785.89,89.878,225.03
944.33,786.34,89.73,224.66
943.96,785.39,89.701,224.59
944.61,785.76,89.789,224.81
944.78,786.08,89.704,224.6
945.38,786.33,89.606,224.35
945.32,786.82,89.669,224.51
945.76,786.89,89.702,224.59
945.64,786.3,89.956,225.23
946.64,787.32,90.364,226.25
945.51,786.03,90.614,226.87
946.36,786.91,90.68,227.04
946.92,787.25,90.62,226.89
946.64,787.6,90.559,226.74
946.78,787.73,90.436,226.43
946.85,787.96,90.353,226.22
945.58,787.11,89.868,225.01
946.56,787.58,89.519,224.13
946.6,787.41,89.431,223.91
946.11,786.76,89.42,223.89
945.53,785.38,89.853,224.97
944.95,785.46,88.965,222.75
945.01,785.08,89.934,225.17
944.42,784.26,90.235,225.93
943.79,784.25,89.828,224.91
943.85,784.24,89.408,223.85
944.74,785.51,89.26,223.48
944.12,784.64,89.28,223.54
944.07,784.41,89.513,224.12
944.63,784.14,90.021,225.39
944.95,783.97,90.423,226.4
943.93,783.65,90.048,225.46
945.7,784.42,90.067,225.51
946.24,784.55,90.081,225.54
946.48,785.17,89.879,225.04
947.05,784.43,90.414,226.38
946.63,785.24,89.45,223.96
948.27,786.46,89.416,223.88
948.81,786.1,89.847,224.96
948.86,786.3,89.321,223.64
950.38,787.49,88.787,222.3
951.37,788.09,88.71,222.11
951.56,788.48,87.959,220.23
953.03,788.98,87.552,219.21
954.22,789.35,87.247,218.45
955.89,790.26,87.303,218.59
957.06,790.17,86.74,217.18
958.17,789.04,86.883,217.54
959.19,788.88,86.778,217.27
960.39,788.2,86.757,217.22
961.84,788.14,86.76,217.23
962.78,788.41,86.651,216.95
964.58,788.97,86.676,217.02
966.26,790.01,86.264,215.98
965.75,789.01,86.281,216.03
966.22,788.34,86.552,216.71
967.9,789.46,86.67,217
967.85,788.78,87.162,218.23
968.38,788.94,87.484,219.04
967.94,787.63,87.796,219.82
969.12,788.48,88.039,220.43
968.5,787.87,87.815,219.87
969.69,788.65,88.158,220.73
969.21,789.06,87.859,219.98
969.62,788.81,88.104,220.59
968.93,788.25,87.938,220.18
968.9,788.66,87.96,220.23
968.74,788.2,88.077,220.52
969.08,788.56,87.796,219.82
969.81,789.7,87.629,219.4
969.29,789.36,87.72,219.63
969.23,789.2,87.572,219.26
968.25,788.92,87.356,218.72
967.48,788.44,87.547,219.2
967.28,787.96,87.344,218.69
966.82,787.29,87.157,218.22
967.23,788.41,87.007,217.85
966.1,786.87,86.886,217.54
965.57,786.48,86.802,217.33
965.32,785.89,86.98,217.78
964.93,785.64,87.052,217.96
966.37,786.69,86.699,217.07
966.16,786.7,86.781,217.28
965.73,785.14,86.632,216.91
967.09,786.41,86.413,216.36
966.73,785.28,86.286,216.04
966.88,784.85,86.402,216.33
967.87,785.56,86.298,216.07
968.7,785.16,86.647,216.94
970.6,786.99,86.374,216.26
970.63,786.43,86.298,216.07
971.52,786.76,86.42,216.38
973.01,787.63,86.179,215.77
974.16,787.98,86.113,215.61
976.3,789.56,85.914,215.11
977.87,790.74,85.61,214.35
978.6,790.44,85.347,213.69
980.57,791.8,85.244,213.43
981.25,790.65,85.474,214.01
983.46,792.05,85.216,213.36
985.14,791.93,83.978,210.26
986.28,790.83,84.065,210.48
987.52,791.17,83.518,209.11
988.76,790.3,83.422,208.87
989.94,789.46,83.73,209.64
991.77,790.58,83.337,208.66
992.27,789.54,83.391,208.79
993.26,789.46,83.364,208.72
993.87,789.32,83.563,209.22
994.05,789.24,83.535,209.15
994.72,789.56,83.581,209.27
994.18,789.1,83.733,209.65
995.54,790.08,84.145,210.68
994.75,789.11,84.131,210.64
995.28,789.42,84.292,211.05
995.13,790.22,85.021,212.87
995.11,790.52,85.294,213.55
993.64,790.25,84.806,212.33
994.64,791.92,84.614,211.85
992.86,791.42,84.776,212.26
993.81,792.23,84.92,212.62
992.89,792.74,85.1,213.07
991.05,791.82,85.102,213.07
990.28,792.16,85.318,213.62
990.19,793.64,85.149,213.19
988.44,792.57,85.291,213.55
987.14,792.2,85.424,213.88
986.77,793.66,84.998,212.81
985.89,793.44,85.028,212.89
984.41,792.84,84.87,212.49
983.41,792.24,84.887,212.54
981.93,792.3,84.176,210.76
980.77,791.2,83.916,210.1
979.92,790.86,83.933,210.15
978.76,790.17,83.852,209.95
979.35,791.04,83.872,210
978.79,790.81,84.101,210.57
977.61,789.57,84.246,210.93
977.84,789.91,84.564,211.73
977.07,789.36,84.189,210.79
977.83,790.9,84.367,211.23
978.11,790.69,84.577,211.76
977.24,790.29,84.528,211.64
977.83,790.85,84.39,211.29
978.94,792.23,83.978,210.26
978.47,792.05,83.857,209.96
980.24,792.85,83.993,210.3
980.69,793.04,83.683,209.52
982.45,794.44,83.766,209.73
983.67,794.39,84.011,210.34
984.4,794.51,83.482,209.02
985.72,795.27,83.313,208.6
987.87,795.91,83.412,208.84
988.62,796.08,82.774,207.25
990.46,796,82.647,206.93
993.09,797.18,82.32,206.11
994.26,796.96,81.503,204.07
996.77,797.98,81.211,203.33
997.4,798.08,80.66,201.95
998.58,798.2,80.24,200.9
1000.1,799.43,79.893,200.03
1000.8,799.36,79.893,200.03
1000.7,800.16,79.45,198.92
999.76,800.26,78.931,197.62
998.89,800.78,78.667,196.96
998.61,802.06,78.726,197.11
997.57,802.34,78.837,197.39
995.46,802.2,78.553,196.68
994.83,803.29,78.581,196.75
993.43,803.91,78.548,196.67
992.03,804.16,78.496,196.54
989.36,803.89,78.293,196.03
987.38,804.86,77.784,194.75
985.33,805.52,77.658,194.44
982.73,806.19,77.518,194.09
981.41,806.67,77.973,195.23
978.45,806.98,78.578,196.74
976.21,806.72,78.747,197.16
973.33,806.82,79.23,198.37
970.38,806.94,79.276,198.49
968.08,806.6,79.481,199
964.62,806.52,79.213,198.33
964.02,807.16,79.327,198.62
962.4,807.34,79.601,199.3
960.06,806.75,79.515,199.09
959.03,807.86,78.899,197.54
958.44,807.82,78.726,197.11
958.14,808.5,79.093,198.03
957.09,807.43,79.509,199.07
955.55,806.19,79.339,198.64
955.37,806.64,79.254,198.43
954.85,806.24,79.294,198.53
954.27,806.34,79.477,198.99
952.95,804.83,79.637,199.39
952.42,805.42,79.849,199.92
952.08,805.37,79.834,199.89
951.19,805.45,79.82,199.85
950.99,805.48,79.711,199.58
950.71,806.13,79.315,198.58
950.81,806.46,79.06,197.95
949.66,806.36,78.562,196.7
949.37,807.85,78.708,197.07
949.14,808.09,78.703,197.05
948.85,808.71,78.712,197.08
947.95,808.97,78.81,197.32
947.02,809.46,78.22,195.84
946.57,809.85,77.934,195.13
946.76,810.6,77.974,195.23
946.38,811.07,78.279,195.99
945.68,810.56,77.831,194.87
945.87,811.99,77.245,193.4
945.85,812.44,76.748,192.16
945.76,812.6,76.98,192.74
946.76,813.02,77.17,193.22
945.69,812.42,76.955,192.68
946.4,813.49,76.898,192.54
945.84,813.1,77.154,193.18
945.17,812.71,76.503,191.54
945.68,813.15,76.554,191.67
944.66,811.95,76.126,190.6
944.7,811.61,75.76,189.69
945.67,812.09,75.945,190.15
945.52,812.25,75.835,189.87
945.63,811.64,75.603,189.29
944.95,809.49,75.852,189.91
946.48,810.2,75.644,189.39
946.08,808.21,75.812,189.81
947.38,808.99,75.657,189.43
946.52,807.24,75.695,189.52
948.02,807.93,75.592,189.26
947.23,806.61,75.414,188.82
947.3,806.25,75.376,188.72
947.98,806.16,75.555,189.17
947,805.14,75.597,189.28
947.33,804.71,75.438,188.88
947.18,804.17,75.32,188.58
947.58,804.36,75.668,189.46
947.6,804.05,75.722,189.59
947.36,803.4,76.041,190.39
946.55,802.07,75.745,189.65
947.76,802.4,75.729,189.61
947.01,802.42,75.873,189.97
946.35,801.99,75.911,190.06
945.84,801.17,76.01,190.31
944.34,800.1,75.825,189.85
945.14,799.88,75.99,190.26
943.67,799.06,75.542,189.14
943.49,797.39,75.874,189.97
943.48,796.66,76.264,190.95
942.99,795.49,76.527,191.6
941.91,793.24,76.54,191.64
941.32,792.17,76.611,191.82
941.35,790.73,76.826,192.35
941.77,790.76,76.779,192.24
941.17,788.7,76.918,192.58
941.74,787.93,76.921,192.59
942.01,787.41,76.846,192.4
942.17,785.77,77.208,193.31
941.57,784.79,76.8,192.29
942.47,784.68,77.04,192.89
942.84,783.82,77.329,193.61
942.56,783.2,76.698,192.03
942.93,782.53,76.461,191.44
944.19,782.82,76.709,192.06
944.38,781.32,76.613,191.82
944.95,781,76.658,191.93
945.89,780.55,76.612,191.82
946.99,780.21,76.488,191.51
948.74,780.84,76.292,191.02
949.84,780.06,76.536,191.63
951.12,778.29,76.266,190.95
953.22,779.01,76.085,190.5
954.02,777.16,75.776,189.72
955.66,777.16,75.754,189.67
957.23,776.11,75.547,189.15
958.18,775.19,74.938,187.63
959.72,774.45,74.749,187.15
962.23,774.03,74.551,186.66
963.99,773.22,74.453,186.41
964.34,771.72,74.342,186.13
965.81,771.45,74.159,185.68
967.42,771.58,74.157,185.67
968.49,771.03,74.258,185.92
968.44,770.55,73.916,185.07
969.19,770.17,73.803,184.78
969.93,769.65,73.86,184.93
970.79,769.52,73.948,185.15
970.91,769.16,74.008,185.3
972,769.66,74.11,185.55
972.36,768.32,74.745,187.14
972.99,768.04,74.903,187.54
972.28,766.74,74.815,187.32
972.49,766.19,74.836,187.37
972.38,765.58,74.95,187.66
972.39,765.17,74.99,187.76
971.94,764.75,75.117,188.07
973.18,765.09,75.052,187.91
972.52,763.91,75.066,187.95
972.28,763.71,74.92,187.58
972.11,763.34,74.541,186.63
972.41,763.53,74.68,186.98
972.07,762.71,75.107,188.05
971.83,761.84,74.959,187.68
970.7,760.13,74.675,186.97
971.26,759.75,74.959,187.68
970.06,757.9,74.851,187.41
969.07,756.75,75.108,188.05
969.18,757.27,75.077,187.97
968.85,755.45,75.258,188.43
969.13,756.02,75.053,187.92
968.02,753.61,75.618,189.33
967.35,752.95,75.27,188.46
967.42,753.53,75.399,188.78
967.37,752.26,75.408,188.8
967.57,752.1,75.351,188.66
968.17,753.11,75.281,188.49
967.96,752.42,75.272,188.46
968.34,752.45,75.001,187.79
967.53,751.03,74.846,187.4
967.32,751.37,74.809,187.3
967.66,751.76,75.12,188.08
967.86,751,75.421,188.84
967.36,749.99,75.215,188.32
967.87,750.8,75.482,188.99
967.64,749.64,75.14,188.13
968.3,750.32,75.132,188.11
968.64,750.22,75.1,188.03
968.93,750.38,74.759,187.18
969.13,749.64,74.833,187.36
969.11,749.31,74.28,185.98
969.56,748.85,73.932,185.11
969.97,748.63,73.651,184.41
971.68,748.47,73.774,184.71
971.22,747.49,73.586,184.24
972.61,747.7,73.156,183.17
972.43,746.06,72.875,182.46
973.91,745.41,72.955,182.66
975.04,744.7,72.679,181.97
974.41,743.39,72.282,180.98
976.24,743.06,72.161,180.67
975.81,742.4,71.893,180
977.29,742.05,71.766,179.68
977.83,741.46,71.377,178.71
978.65,740.91,71.138,178.11
978.94,740.37,71.028,177.84
978.48,739,70.903,177.53
978.53,738.75,70.885,177.48
979.24,737.84,70.875,177.45
979.3,737.31,70.953,177.65
979.58,737.16,70.788,177.24
980.62,737.1,70.727,177.08
980.87,737.01,70.826,177.33
981.05,736.27,70.854,177.4
980.21,735.48,70.851,177.39
980.24,735.02,70.835,177.35
981.07,734.97,70.751,177.14
981.43,735.19,70.719,177.06
981.66,734.51,70.649,176.89
981.43,734.11,70.542,176.62
980.6,732.37,70.791,177.24
980.45,732.26,70.946,177.63
979.9,731.14,70.878,177.46
979.75,729.88,70.721,177.07
980.09,729.4,70.708,177.04
979.67,727.6,71.022,177.82
979.14,725.88,71.276,178.46
978.91,724.62,71.689,179.49
978.37,722.55,72.285,180.98
977.88,721.53,72.274,180.96
977.62,720.79,72.384,181.23
977.65,719.38,72.598,181.77
976.36,718.94,71.771,179.7
977.44,719.07,71.763,179.68
977.48,717.89,72.27,180.95
977.55,717.84,72.252,180.9
977,717.4,71.516,179.06
977.57,717.09,71.177,178.21
978.74,716.99,71.828,179.84
979.17,716.36,72.022,180.32
978.69,715.1,72,180.27
979.08,715.31,71.812,179.8
980.59,716.03,71.656,179.41
980.52,715.45,71.276,178.46
981.89,715.37,71.564,179.18
981.91,715.08,71.033,177.85
982.63,715.21,70.834,177.35
984.07,715.54,70.735,177.1
985.18,715.59,70.317,176.06
985.86,714.38,70.161,175.67
987.59,714.88,69.799,174.76
988.01,714.06,69.501,174.01
989.78,714.49,69.114,173.04
991.56,713.25,69.266,173.43
992.32,711.27,69.065,172.92
994.57,710.92,69.103,173.02
995.63,710.65,68.948,172.63
996.64,710.03,68.848,172.38
997.2,708.74,68.758,172.15
998.02,708.91,68.173,170.69
999.17,708.86,67.864,169.91
1000.5,708.04,68.24,170.86
1000.4,707.58,67.631,169.33
1001.2,707.25,67.275,168.44
1002.3,708.13,67.401,168.76
1002.6,708.01,67.514,169.04
1002.1,707.09,67.289,168.47
1003.2,707.7,67.448,168.87
1003.1,706.42,67.286,168.47
1004.8,705.9,67.451,168.88
1004.3,705.27,67.413,168.78
1005.2,705.43,67.65,169.38
1004.7,704.15,67.767,169.67
1005.7,704.21,67.958,170.15
1006.1,703.43,68.034,170.34
1005.4,701.46,68.44,171.36
1006.2,701.69,68.729,172.08
1005.8,700.35,68.731,172.09
1005.6,699.46,68.915,172.55
1006.8,699.92,68.798,172.25
1006,698.21,68.853,172.39
1006.9,697.84,68.906,172.52
1006.8,696.79,69.001,172.76
1006.7,695.51,69.21,173.28
1006.3,693.8,69.287,173.48
1005.9,692.93,68.965,172.67
1006.4,692.4,69.272,173.44
1006,690.72,69.6,174.26
1006.2,690.05,69.603,174.27
1006.4,689.9,69.71,174.54
1006.2,688.33,69.721,174.56
1006.4,687.57,69.633,174.34
1007,687.68,69.851,174.89
1006.6,686.6,69.753,174.64
1007.1,686.34,69.35,173.64
1007.1,686.14,69.279,173.46
1007.4,686.25,69.102,173.02
1008.5,686.44,69.273,173.44
1008.3,685.05,69.257,173.4
1008.9,684.25,69.427,173.83
1010.3,683.95,69.859,174.91
1010,683.61,69.569,174.18
1011.4,684.13,69.597,174.25
1012.6,683.67,69.565,174.18
1012.9,682.66,69.753,174.64
1013.2,680.85,69.788,174.73
1014.1,680.19,69.674,174.45
1015.8,680.79,69.311,173.54
1016,679.28,69.131,173.09
1017.4,679.29,68.846,172.37
1017.9,678.25,68.267,170.92
1019,677.09,67.954,170.14
1020.5,677.66,67.661,169.41
1020.9,676.79,67.027,167.82
1021.4,675.42,67.21,168.28
1023.1,674.78,67.754,169.64
1023.9,674.08,67.995,170.24
1024.4,673.34,67.97,170.18
1024.8,672.55,68.415,171.29
1024.9,672.66,68.231,170.83
1024.4,672.09,67.692,169.48
1025,671.65,67.449,168.88
1025.4,671.54,67.484,168.96
1025.6,671.04,67.495,168.99
1025.8,670.44,67.526,169.07
1026.2,670.46,67.35,168.63
1027.1,670.78,67.651,169.38
1026.7,670.06,67.524,169.06
1027,669.31,67.569,169.18
1027.2,668.61,67.778,169.7
1028,669.55,68.154,170.64
1027.5,669.33,67.92,170.05
1028,669.73,68.251,170.88
1027.2,669.95,68.04,170.36
1027.1,670.52,68.144,170.62
1027.6,671.22,68.033,170.34
1027.5,672.15,68.148,170.63
1027.5,673.2,68.123,170.56
1027.6,673.99,68.19,170.73
1027.6,674.39,68.29,170.98
1026.4,682.18,68.792,172.24
1026.3,681.65,69.045,172.87
1027.8,680.61,69.548,174.13
1025.8,687.92,70.231,175.84
1026.8,686.6,70.391,176.24
1027.4,687.42,69.489,173.98
1026.9,695.4,70.44,176.36
1027,695.36,69.499,174.01
1026.7,704.2,71.066,177.93
1026.1,703.86,71.2,178.27
1027.9,704.2,70.237,175.86
1027.7,711.24,71.729,179.59
1028.1,711.39,71.743,179.63
1029,712.15,71.176,178.21
1030.2,714.43,70.156,175.65
1028.6,720.27,70.244,175.88
1028.4,721.25,69.92,175.06
1028.2,721.66,68.541,171.61
1027.9,722.12,68.542,171.61
1020.4,722.99,68.059,170.4
1022.4,722.09,67.548,169.12
1016.6,722.07,67.364,168.66
1014.3,721.86,67.5,169
1006.9,720.9,67.024,167.81
998.87,719.83,66.931,167.58
990.56,718.93,66.749,167.12
982.2,718.87,67.083,167.96
971.07,718.16,66.475,166.44
961.93,717.52,66.382,166.2
952.05,717.11,66.288,165.97
942.33,716.71,66.688,166.97
931.2,716.57,66.971,167.68
920.19,715.61,66.707,167.02
910.94,715.49,67.073,167.94
900.05,714.56,66.994,167.74
889.75,714.84,66.658,166.9
882.23,715.36,66.741,167.1
879.34,714.37,67.363,168.66
878.58,714.08,67.56,169.15
877.61,713.92,67.278,168.45
878.76,714.04,67.603,169.26
877.84,712.72,67.855,169.89
878.74,713.02,67.902,170.01
878.83,713.63,67.719,169.55
878.74,713.29,67.779,169.7
878.75,712.98,67.849,169.88
878.45,712.76,67.918,170.05
875.01,716.39,69.946,175.13
876.73,713.82,68.97,172.69
877.11,720.37,69.194,173.24
876.41,727.39,69.067,172.93
877.26,736.46,69.152,173.14
876.41,744.76,68.761,172.16
876.37,753.66,68.71,172.03
876.33,762.62,68.924,172.57
876.95,771.7,69.465,173.92
877.38,780.55,69.554,174.15
883.38,797.5,71.106,178.03
883.07,796.65,70.16,175.66
890.98,804.99,69.524,174.07
897.05,809.15,69.19,173.23
900.24,810.09,68.539,171.61
904.37,811.31,68.637,171.85
904.46,811.47,68.261,170.91
904.98,811.33,68.113,170.54
905.98,811.46,67.943,170.11
907.36,811.95,68.069,170.43
907.09,811.55,67.438,168.85
908.09,811.51,67.101,168
908.89,811.51,66.827,167.32
910.81,811.59,66.919,167.55
910.94,810.15,66.766,167.17
913.12,809.73,66.807,167.27
913.34,808.96,67.078,167.95
913.25,807.07,67.045,167.86
914.35,805.65,66.742,167.11
916.15,805.28,66.817,167.29
916.86,804.01,67.1,168
916.61,802.47,67.007,167.77
917.68,801.23,66.937,167.59
917.63,799.98,66.875,167.44
918.69,799.36,66.603,166.76
919.85,799.12,66.651,166.88
920.42,798.81,66.454,166.38
920.19,798.05,65.805,164.76
920.31,797.74,65.665,164.41
921.42,797.67,65.798,164.74
920.95,797.04,65.702,164.5
921.49,797.19,66.076,165.44
921.66,796.9,66.272,165.93
921.36,796.05,66.374,166.18
920.95,795.39,65.963,165.16
920.71,794.58,65.781,164.7
920.75,793.47,65.603,164.25
921.16,792.62,65.746,164.61
920.27,790.53,65.733,164.58
919.62,788.45,66.034,165.33
919.94,787.58,66.439,166.35
918.7,785.04,66.442,166.35
918.17,783.7,66.676,166.94
918.53,783.22,66.9,167.5
917.73,781.86,66.611,166.78
918.12,781.35,66.697,166.99
918,780.48,66.697,166.99
917.68,779.76,66.661,166.9
917.64,779.1,66.695,166.99
917.67,778.47,66.816,167.29
917.32,777.97,66.895,167.49
916.73,777.48,66.172,165.68
917.25,777.55,66.559,166.65
916.87,776.54,65.91,165.02
917.1,776.25,65.67,164.42
917.79,775.06,65.924,165.06
917.6,769.9,65.251,163.37
917.95,763.79,64.826,162.31
918.64,755.3,64.755,162.13
918.98,747.29,64.665,161.91
919.62,742.12,64.629,161.81
920,740.33,64.635,161.83
920.39,740.22,64.096,160.48
921.09,739.86,63.892,159.97
922.26,739.25,64.537,161.59
922.58,738.52,64.707,162.01
922.69,737.19,64.561,161.65
924.07,737.22,64.512,161.52
924.56,736.39,64.592,161.72
924.22,735.05,64.552,161.62
925.78,735.31,64.516,161.53
926.37,735.13,64.545,161.6
926.56,734.58,64.407,161.26
927.38,734.52,64.159,160.64
926.73,733.38,64.029,160.31
927.18,732.97,63.884,159.95
928.19,733.45,64.051,160.37
927.75,732.65,63.923,160.05
928.39,733.34,63.808,159.76
929.04,732.98,63.973,160.17
929.17,733.08,63.809,159.76
929.47,732.72,64.052,160.37
928.74,731.62,64.004,160.25
929.46,731.95,64.121,160.54
929.13,731.88,63.736,159.58
928.78,731.76,63.735,159.58
928.83,731.78,63.505,159
928.88,732.02,63.453,158.87
929.66,731.94,63.766,159.66
929.44,731.84,63.712,159.52
928.41,730.96,63.588,159.21
928.45,730.44,63.415,158.77
929.02,730.21,63.233,158.32
928.79,728.94,63.609,159.26
927.76,727.26,63.374,158.67
927.97,726.66,63.743,159.6
927.86,725.42,63.937,160.08
927.92,724.32,63.857,159.88
927.55,724.22,63.488,158.96
927.3,723.06,63.149,158.11
928.37,722.9,63.232,158.32
928,722.5,63.523,159.05
927.54,721.97,63.1,157.99
928.4,722.18,63.21,158.26
928.88,721.33,63.563,159.15
928.47,720.86,63.155,158.13
929.21,721.55,63.039,157.84
929.48,721.1,62.88,157.44
930.29,721.09,62.973,157.67
930.34,720.81,62.775,157.17
930.53,720.49,62.604,156.75
931.73,720.45,62.545,156.6
932.72,720.25,62.18,155.68
933.43,719.48,62.085,155.44
934.58,718.65,61.783,154.69
935.61,717.07,62.019,155.28
936.71,716.14,62.236,155.82
937.44,715.07,61.865,154.9
938.66,714.01,61.965,155.15
939.68,713.58,61.996,155.22
940.75,712.67,62.245,155.85
940.82,712.01,61.882,154.94
941.93,711.17,61.666,154.4
942.36,710.81,61.63,154.31
942.75,709.95,61.565,154.14
943.32,710.13,61.282,153.43
943.62,709.97,61.059,152.88
943.96,709.99,60.952,152.61
944.3,709.9,61.231,153.31
944.51,709.5,61.445,153.84
944.86,709.02,61.488,153.95
945.26,708.72,61.743,154.59
945.56,708.68,61.544,154.09
945.48,708.29,61.191,153.21
946.18,708.34,61.176,153.17
946.42,708.21,61.21,153.26
946.33,707.73,61.082,152.93
946.01,707.24,60.629,151.8
946.16,707.37,60.554,151.61
946.1,706.51,60.576,151.67
946.53,705.68,60.548,151.6
946.05,704.48,60.49,151.45
945.93,703.18,60.644,151.84
945.79,702.45,60.824,152.29
945.74,701.57,60.83,152.3
945.88,701.05,60.835,152.32
946.21,700.18,61.036,152.82
945.51,699.2,60.933,152.56
946.21,699.06,60.962,152.63
946.31,698.66,60.992,152.71
945.81,698.6,60.562,151.63
946.61,698.39,60.637,151.82
946.56,698.5,60.59,151.7
946.53,698.13,60.767,152.15
946.39,697.85,60.545,151.59
947.25,697.91,60.371,151.15
947.39,697.69,60.93,152.55
947.63,697.69,60.983,152.69
947.45,697.54,60.616,151.77
948.11,697.48,60.884,152.44
949.08,697.42,60.642,151.83
949.54,697.11,60.662,151.88
950.21,696.77,60.852,152.36
950.43,696.59,60.594,151.71
951.16,696.15,60.479,151.42
951.73,695.22,60.107,150.49
952.9,694.97,60.057,150.37
954,694.39,59.858,149.87
954.35,693.52,59.649,149.35
955.14,692.87,59.651,149.35
955.46,692.92,59.289,148.45
956.33,691.97,59.541,149.08
957.32,692.1,59.265,148.39
957.58,691.26,59.47,148.9
958.1,690.82,59.327,148.54
958.12,690.04,59.399,148.72
958.35,689.22,59.47,148.9
959.13,689.15,59.626,149.29
959.1,688.55,59.529,149.05
959.63,688.5,59.531,149.05
960.37,688.61,59.518,149.02
960.43,687.82,59.685,149.44
960.74,687.83,59.394,148.71
960.82,687.33,59.016,147.76
961.4,687.22,58.759,147.12
961.31,686.81,58.499,146.47
961.9,687.15,58.28,145.92
962.16,686.5,58.503,146.48
962.07,686.42,58.201,145.72
962.29,686.1,58.225,145.78
962.51,685.38,58.162,145.62
962.82,685.47,57.955,145.11
962.94,685.16,57.93,145.04
962.28,684.1,58.119,145.52
962.75,683.99,58.173,145.65
962.12,682.83,58.06,145.37
962.25,682.49,58.083,145.43
962.19,682.03,58.455,146.36
961.94,681.2,58.596,146.71
961.61,680.73,58.97,147.65
961.61,680.46,59.248,148.34
961.35,680.33,58.931,147.55
961.24,680.15,58.963,147.63
961.08,680.1,58.55,146.59
960.91,679.96,58.345,146.08
960.79,680.38,58.198,145.71
960.26,679.79,58.285,145.93
961.05,680.16,58.361,146.12
960.66,680.34,58.228,145.79
960.25,679.92,58.297,145.96
960.11,679.72,58.512,146.5
959.71,679.7,58.337,146.06
959.99,680.12,58.344,146.08
959.69,680.53,58.283,145.93
959.41,680.15,58.289,145.94
958.9,679.98,58.901,147.47
958.83,679.78,58.731,147.05
959.04,680.19,58.504,146.48
958.78,680.08,58.375,146.16
959.53,681.01,58.229,145.79
958.79,680.46,58.191,145.7
958.88,680.57,58.099,145.47
959.01,680.86,58.296,145.96
959.53,681.35,58.278,145.91
959.17,681.38,58.449,146.34
958.79,681.26,58.144,145.58
959.11,681.42,58.071,145.4
958.69,681.23,58.539,146.57
958.42,681.33,58.092,145.45
958.72,681.58,58.099,145.47
958.5,681.73,58.041,145.32
958.5,681.7,58.156,145.61
957.8,681.59,57.907,144.99
957.78,681.47,57.96,145.12
957.38,681.21,58.039,145.32
957.76,681.41,58.149,145.59
957.69,680.9,58.319,146.02
957.46,680.98,58.345,146.08
957.67,681.26,58.343,146.08
957.58,681.1,58.324,146.03
957.35,680.95,58.397,146.21
957.39,680.79,58.401,146.22
957.53,680.77,58.377,146.16
957.53,680.66,58.342,146.07
957.36,680.51,58.528,146.54
957.32,680.16,58.286,145.93
957.51,680.37,58.397,146.21
957.45,680.35,58.282,145.93
957.27,680.09,58.487,146.44
956.84,679.81,58.46,146.37
956.81,679.5,58.479,146.42
956.95,679.41,58.427,146.29
957.14,679.16,58.639,146.82
957.67,678.97,58.882,147.43
957.86,679,59.029,147.79
957.73,678.74,58.822,147.28
958.07,678.76,58.764,147.13
958.7,678.68,58.888,147.44
959.21,678.5,59.412,148.75
959.67,677.99,59.763,149.63
959.84,677.69,59.877,149.92
959.8,677.67,59.669,149.4
960.25,677.89,59.589,149.2
960.93,677.55,59.699,149.47
961.55,677.38,60.015,150.26
961.58,677.23,60.096,150.46
961.83,676.93,60.023,150.28
962.52,676.71,60.092,150.46
963.56,676.71,59.694,149.46
963.98,675.92,59.918,150.02
964.18,674.96,59.805,149.74
964.87,674.51,59.812,149.76
965.02,673.77,60.172,150.66
965.54,672.75,60.128,150.55
965.86,672.41,59.964,150.13
966.21,672.12,59.742,149.58
967.2,671.86,59.988,150.2
967.8,671.59,59.894,149.96
967.83,671.5,59.814,149.76
968.3,671.75,59.69,149.45
968.88,671.13,59.697,149.47
968.81,670.82,59.891,149.95
969.08,670.48,59.716,149.51
969.6,670.38,59.847,149.84
969.58,670.19,59.922,150.03
969.63,669.66,59.901,149.98
970.01,669.85,59.775,149.66
970.7,669.79,59.646,149.34
970.95,669.52,59.499,148.97
971.24,669.32,59.778,149.67
971.58,668.95,59.873,149.91
971.3,668.79,59.559,149.12
971.46,668.7,59.385,148.68
971.68,668.97,59.34,148.57
971.69,668.68,59.307,148.49
971.68,668.06,59.717,149.52
972.09,668.08,59.828,149.79
972.22,667.78,59.846,149.84
971.63,666.97,59.71,149.5
972.47,667.06,59.58,149.17
971.54,665.7,59.767,149.64
972.14,665.15,59.802,149.73
972.12,664.94,59.58,149.17
971.8,664.07,59.376,148.66
971.99,663.03,59.433,148.81
972.32,662.64,59.386,148.69
972.07,661.27,59.487,148.94
972.44,661.07,59.609,149.25
972.55,660.29,59.51,149
972.84,659.69,59.725,149.54
973.11,658.88,60.052,150.35
972.98,658.24,60.247,150.84
972.59,657.45,60.458,151.37
972.6,656.98,60.449,151.35
972.84,656.76,60.152,150.61
972.91,656.24,60.216,150.77
973.81,656.32,59.91,150
973.56,656.15,59.935,150.06
974.18,655.63,59.868,149.9
974.67,654.72,60.287,150.95
975.33,654.85,60.363,151.14
975.84,654.62,60.387,151.19
976.73,654.29,60.509,151.5
977.43,653.76,60.151,150.6
978.37,653.52,60.029,150.3
979.73,653.51,59.779,149.67
980.84,653.81,59.505,148.99
981.93,653.47,59.259,148.37
983.37,652.7,58.835,147.31
984.61,652.16,58.392,146.2
986.26,651.94,58.205,145.73
986.8,650.92,57.873,144.9
987.29,650.17,57.967,145.14
988.5,649.92,57.873,144.9
988.79,649.62,57.708,144.49
990.41,649.54,57.655,144.36
990.99,648.54,57.702,144.47
991.1,648.35,57.789,144.69
991.6,647.93,58.006,145.23
992.41,647.7,58.24,145.82
992.5,646.95,58.356,146.11
993.36,646.85,58.609,146.74
993.87,646.67,58.669,146.89
994.56,646.25,58.593,146.7
994.81,646.38,58.616,146.76
995.36,645.98,58.697,146.96
995.63,645.72,58.779,147.17
995.49,645.38,58.55,146.59
995.62,645.1,58.393,146.2
996.19,644.97,58.524,146.53
996.07,644.47,58.516,146.51
995.83,643.55,58.515,146.51
996.28,643.32,58.245,145.83
996.12,642.71,58.007,145.24
996.59,642.56,58.057,145.36
996.78,641.8,58.152,145.6
996.35,641.07,58.11,145.49
996.55,640.51,58.177,145.66
996.01,639.2,58.121,145.52
996.42,638.77,58.165,145.63
996.29,638.05,57.972,145.15
996.6,637.45,57.923,145.02
996.48,637.09,57.671,144.39
996.58,636.64,57.777,144.66
997.17,636.53,57.597,144.21
996.75,635.65,57.623,144.27
996.97,635.16,57.588,144.19
997.15,634.97,57.526,144.03
997.87,634.91,57.49,143.94
997.9,634.31,57.917,145.01
997.56,633.6,57.964,145.13
997.56,633.52,57.938,145.06
998.15,633.32,57.981,145.17
998.77,632.59,58.105,145.48
998.94,632.96,58.225,145.78
998.83,632.17,58.295,145.96
999.63,631.76,58.424,146.28
999.69,630.94,58.223,145.78
1000.1,630.67,57.858,144.86
1000.9,630.04,57.868,144.89
1001.3,629.49,57.844,144.83
1002.2,629.19,57.862,144.87
1002.3,628.81,57.504,143.98
1003,628.08,57.749,144.59
1003.4,627.69,57.896,144.96
1002.9,626.52,58.098,145.46
1003.3,626.02,58.27,145.89
1003.2,624.45,58.606,146.74
1004.2,624.37,58.423,146.28
1003.9,623.55,58.641,146.82
1004.6,623.32,58.585,146.68
1004.6,623.26,58.587,146.69
1004.9,623.42,58.462,146.37
1004.6,622.66,58.616,146.76
1004.4,623.17,58.59,146.7
1004.4,622.97,58.8,147.22
1004,622.49,58.873,147.4
1003.9,622.77,59.022,147.78
1003.8,622.69,58.801,147.22
1003.5,622.62,58.575,146.66
1003.7,623.34,58.348,146.09
1003.7,623.47,58.454,146.36
1002.5,622.87,58.357,146.11
1002.6,622.91,58.223,145.78
1002.2,622.85,57.711,144.49
1002.2,623.22,57.661,144.37
1001.4,622.26,57.752,144.6
1001.4,622.27,57.577,144.16
1000.8,622.27,56.827,142.28
1000.2,621.41,56.792,142.19
999.09,621.28,56.594,141.7
998.94,621.26,56.491,141.44
998.51,620.76,56.126,140.53
998.39,620.63,56.166,140.63
997.59,620.04,55.772,139.64
998.07,620.16,55.96,140.11
997.31,619.57,55.779,139.66
997.61,619.57,55.899,139.96
996.83,618.67,55.928,140.03
996.63,619.02,55.385,138.67
996.7,618.59,55.621,139.26
996.33,618.06,55.885,139.92
996.42,618.09,55.893,139.94
996.16,617.58,55.995,140.2
996.28,617.43,56.086,140.43
996.79,617.73,56.145,140.57
996.32,617.31,56.252,140.84
996.52,616.95,56.214,140.75
996.54,616.93,56.135,140.55
997.11,617.05,56.242,140.82
996.84,616.21,56.337,141.05
997.42,616.36,56.551,141.59
997.02,615.94,56.503,141.47
997.39,615.85,56.318,141.01
998.35,615.92,56.492,141.44
997.74,615.47,56.477,141.4
998.33,615.47,56.203,140.72
998.86,615.18,56.175,140.65
999.21,615.1,56.04,140.31
1000.1,615.07,55.983,140.17
1000.6,614.57,55.75,139.58
1001.3,614.73,55.668,139.38
1001.7,613.91,55.638,139.3
1002.4,613.45,55.596,139.2
1002.4,612.67,55.764,139.62
1003.4,612.03,55.972,140.14
1003.1,611.46,56.16,140.61
1003.7,610.74,56.203,140.72
1003.7,610.7,56.118,140.51
1004.4,610.66,56.108,140.48
1004.7,610.1,56.316,141
1005.2,609.99,56.338,141.06
1005.7,609.84,56.208,140.73
1005.2,609.16,56.196,140.7
1005.3,609.02,55.811,139.74
1005.9,609.38,55.902,139.97
1005,609.07,55.908,139.98
1005,609.06,55.861,139.86
1005.5,608.48,56.081,140.41
1006.2,608.33,56.269,140.88
1005.4,607.99,56.316,141
1005.9,608.1,56.478,141.41
1005.6,607.46,56.549,141.58
1005.4,607.6,56.411,141.24
1005.5,607.95,56.351,141.09
1005.7,608,56.315,141
1005.9,607.85,56.215,140.75
1005.4,607.53,56.288,140.93
1006.1,607.52,56.156,140.6
1005.8,607.35,56.154,140.6
1005.7,607.09,55.911,139.99
1005.6,607.51,55.863,139.87
1005.7,607.12,55.84,139.81
1005.9,607.43,55.876,139.9
1005.2,606.97,55.552,139.09
1005.2,606.9,55.432,138.79
1004.6,606.87,55.035,137.79
1004.1,606.14,55.158,138.1
1004.1,606.07,55.153,138.09
1003.7,605.27,55.189,138.18
1003.1,605.05,55.187,138.17
1002.9,604.82,55.179,138.15
1002.3,604.31,55.327,138.53
1001.5,603.88,55.253,138.34
1001.6,604.39,55.012,137.74
1000.9,603.81,55.169,138.13
1001,603.53,55.354,138.59
1000.8,603.81,54.617,136.75
1001.1,604.19,54.486,136.42
999.96,603.13,54.692,136.94
999.89,603.23,54.796,137.2
999.41,602.79,54.513,136.49
998.87,602.78,54.668,136.87
999.01,602.78,54.794,137.19
998.67,602.34,54.744,137.07
998.8,601.7,54.798,137.2
998.47,601.91,54.594,136.69
998.47,601.64,54.962,137.61
998.26,601.57,54.807,137.22
997.75,600.75,54.939,137.55
998.22,600.96,54.704,136.96
998.12,600.74,54.871,137.38
997.84,600.5,54.785,137.17
997.64,599.75,54.985,137.67
997.79,599.37,55.258,138.35
997.77,598.98,55.251,138.33
998.04,598.56,55.416,138.75
997.11,598.08,55.201,138.21
997.76,598.01,55.536,139.05
997.8,597.4,55.587,139.18
997.83,597.16,55.03,137.78
998.03,597.26,54.663,136.86
998.45,596.99,54.726,137.02
998.07,596.04,54.56,136.61
998.1,595.21,54.723,137.01
998.54,594.6,54.849,137.33
998.29,593.58,54.771,137.13
998.43,593.72,54.59,136.68
998.9,593.47,54.794,137.19
998.66,592.52,54.723,137.01
999.38,591.97,55.113,137.99
999.23,591.33,54.785,137.17
999.28,591.22,54.53,136.53
999.43,590.55,54.383,136.16
1000.3,590.83,54.402,136.21
1000.2,590.61,54.38,136.15
1000.3,590.45,54.175,135.64
1000.1,590.08,54.176,135.64
999.96,589.52,54.068,135.37
1000.1,589.45,54.382,136.16
1000.4,589.03,54.5,136.45
1000,588.89,54.366,136.12
1000.6,588.33,54.312,135.98
1000.3,588.13,54.652,136.84
1000.4,587.89,54.658,136.85
1000.2,587.57,54.626,136.77
999.77,587.08,54.712,136.99
1000,586.8,54.638,136.8
999.37,586.14,54.818,137.25
998.65,585.33,54.352,136.08
998.68,585.36,54.18,135.65
997.79,584.01,54.212,135.73
997.74,583.52,54.05,135.33
997.52,583.33,54.139,135.55
996.66,583.08,54.323,136.01
996.6,582.2,54.416,136.24
996.09,582.08,54.355,136.09
995.98,581.96,54.307,135.97
995.59,581.19,54.409,136.23
995.26,581.19,54.17,135.63
994.68,580.79,54.013,135.24
994.27,580.21,53.923,135.01
993.7,580.03,53.841,134.8
993.59,580.14,54.102,135.46
993.16,579.69,53.885,134.91
992.32,579.58,53.877,134.89
991.9,579.11,53.915,134.99
992.1,579.27,53.668,134.37
991.12,579.09,53.491,133.93
991.43,579.45,53.416,133.74
989.95,578.92,53.245,133.31
990.58,579.09,53.005,132.71
990.01,578.52,52.854,132.33
988.69,578.16,52.636,131.79
988.01,577.86,52.504,131.46
986.47,576.9,52.576,131.64
985.72,575.75,52.956,132.59
984.82,575.19,53.077,132.89
983.04,574.06,53.17,133.12
982.82,573.54,52.543,131.55
981.43,573.81,52.216,130.74
982.15,573.17,52.173,130.63
981.33,572.28,52.497,131.44
979.97,571.33,52.916,132.49
979.21,571.33,52.992,132.68
978.11,571.29,52.791,132.18
977.35,570.73,52.659,131.85
977.42,571.18,52.763,132.11
976.84,571.61,52.407,131.22
976.39,571.68,52.583,131.65
975.32,571.74,52.269,130.87
974.36,571.57,52.219,130.74
973.53,571.49,52.256,130.84
971.45,571.69,52.077,130.39
970.23,571.94,52.041,130.3
968.93,572.03,51.902,129.95
967.12,571.7,51.802,129.7
962.96,572.39,51.548,129.06
962.3,572.67,50.983,127.65
960.44,573.27,50.99,127.67
958.26,572.9,51.244,128.3
955.63,572.55,51.317,128.49
953.91,571.9,51.615,129.23
951.8,571.64,51.666,129.36
950.31,572.4,51.509,128.97
948.99,572.34,51.441,128.8
946.67,571.67,51.831,129.77
945.48,572.17,51.887,129.91
943.2,571.87,51.429,128.77
941.35,572.26,51.273,128.38
939.89,572.01,51.696,129.43
938.43,571.67,51.902,129.95
936.56,571.08,52.339,131.05
936.36,571.97,52.108,130.47
935.49,572.11,52.381,131.15
933.65,572.73,52.242,130.8
931.72,572.02,52.481,131.4
930.19,572.54,52.395,131.18
929.65,573.22,52.114,130.48
928.44,572.88,52.24,130.8
926.26,572.48,52.375,131.13
924.48,573.05,52.475,131.38
923.05,572.99,52.165,130.61
922.01,572.88,52.464,131.36
920.4,572.71,52.365,131.11
918.37,572.48,52.416,131.24
916.97,572.26,52.548,131.57
913.84,572.02,52.137,130.54
912.64,571.6,52.19,130.67
910.12,570.29,52.34,131.05
908.96,570.54,52.141,130.55
907.31,570.13,52.523,131.5
906.03,569.81,52.47,131.37
904.21,569.68,52.471,131.37
902.51,569.14,52.591,131.68
900.95,568.54,52.705,131.96
900.58,568.51,52.947,132.57
899.54,568.28,53.187,133.17
898.69,568.34,53.388,133.67
896.75,568.59,53.058,132.85
895.9,568.75,53.03,132.77
894.6,569.5,52.656,131.84
893.52,569.92,52.741,132.05
892.4,569.97,52.684,131.91
891.87,570.45,52.81,132.22
889.77,570.4,52.888,132.42
888.94,570.99,52.998,132.69
887.35,571.51,52.912,132.48
886.04,571.88,52.759,132.1
883.54,571.73,52.861,132.35
882.42,571.12,53.139,133.05
880.55,571.19,53.211,133.23
879.64,571.53,53.325,133.51
877.64,571.41,53.435,133.79
875.74,571.67,53.38,133.65
873.73,571.93,53.241,133.3
872.06,572.22,53.366,133.61
869.54,571.36,53.538,134.05
868.63,571.32,53.89,134.93
866.66,570.77,54.093,135.44
866.62,571.74,54.165,135.62
864.89,571.14,54.295,135.94
864.18,571.02,54.379,136.15
863.51,571.08,54.425,136.27
863.57,571.34,54.345,136.07
862.41,570.91,54.347,136.07
862.41,571.42,54.107,135.47
861.53,571.74,53.923,135.01
860.22,571.44,53.877,134.89
859.49,571,54.102,135.46
859.31,571.43,54.103,135.46
858.03,571.2,54.271,135.88
857.33,570.83,54.246,135.82
856.19,570.72,54.011,135.23
855.48,571.2,53.601,134.2
854.16,571.39,53.593,134.18
853.02,571.42,53.538,134.05
852.91,572.13,53.67,134.38
851.04,571.53,53.936,135.04
849.58,571.8,53.675,134.39
848.2,571.2,53.646,134.32
846.86,570.97,53.833,134.78
845.92,570.71,54.291,135.93
844.06,570.74,53.969,135.13
842.48,570.51,54.004,135.21
840.86,570.37,53.931,135.03
839.9,569.86,53.908,134.97
838.45,570.06,53.68,134.4
837.66,569.69,53.935,135.04
836.59,569.41,54.054,135.34
836.62,569.17,54.225,135.77
835.37,568.68,53.988,135.17
834.8,568.59,53.968,135.12
834.88,568.93,53.82,134.75
835.56,569.08,53.716,134.49
834.01,569.51,53.574,134.14
834.1,569.49,53.575,134.14
833.32,570.08,53.239,133.3
833.4,569.89,53.348,133.57
832.36,570,53.137,133.04
831.93,570.58,52.84,132.3
831.82,570.85,52.678,131.89
832.14,571.49,52.827,132.27
830.77,571.35,52.899,132.45
830.33,571.5,52.934,132.53
830.03,571.68,52.961,132.6
830.77,571.62,52.83,132.27
828.83,571.81,52.938,132.54
829.23,572.33,52.987,132.67
828.72,572.53,53.044,132.81
828.79,571.98,53.117,132.99
828.21,572.31,53.092,132.93
827.75,572.41,52.935,132.54
828.22,572.68,53.053,132.83
827.29,573.03,52.773,132.13
827.43,572.85,52.717,131.99
828.07,573.53,52.613,131.73
827.84,573.41,52.691,131.93
826.96,573.1,53.222,133.26
826.83,572.68,53.247,133.32
826.55,572.72,53.392,133.68
825.49,571.91,53.779,134.65
826.14,572.27,53.872,134.88
825.25,571.53,54.077,135.4
825.88,572.31,53.748,134.57
825.92,572.15,53.833,134.78
825.89,571.65,54.017,135.25
826.04,571.9,54.001,135.2
825.34,571.46,54.102,135.46
825.73,571.82,54.189,135.68
825.16,571.05,54.318,136
825.5,571.35,54.349,136.08
826.02,571.33,54.289,135.93
825.27,571.16,54.261,135.86
825.07,571.31,54.192,135.68
825.18,571.65,53.959,135.1
825.52,571.71,53.792,134.68
826.62,572.05,53.791,134.68
826.23,571.48,54.052,135.33
826.46,571.55,54.126,135.52
826.61,570.65,54.334,136.04
827.05,569.81,54.688,136.93
827.16,569.67,54.658,136.85
827.59,569.35,54.48,136.4
827.04,568.47,54.689,136.93
827.82,568.06,54.81,137.23
826.65,567.5,54.917,137.5
828.07,567.56,55.058,137.85
827.69,567.11,54.887,137.42
827.3,567.07,54.77,137.13
826.32,566.02,54.058,135.35
828.21,567.1,53.668,134.37
829.52,566.81,53.079,132.9
828.58,565.34,52.455,131.33
828.75,565.03,51.957,130.09
828.72,564.57,51.529,129.02
830.74,564.1,51.109,127.96
830.41,563.46,50.988,127.66
831.28,563.94,50.673,126.87
833.05,563.84,50.357,126.08
832.87,563.29,49.907,124.96
833.14,562.91,49.719,124.49
834.05,562.09,49.512,123.97
835.42,563.09,49.005,122.7
835.43,562.94,48.555,121.57
835.32,562.08,48.075,120.37
835.57,562.72,47.567,119.1
836.44,562.07,47.443,118.79
836.74,561.77,47.326,118.49
836.79,562.31,47.09,117.9
839.91,558.91,46.93,117.5
839.56,559.54,46.711,116.95
840.24,559.26,46.767,117.09
839.96,559.54,46.581,116.63
840.93,558.12,46.485,116.39
841.57,557.5,46.797,117.17
841.29,556.28,47.128,118
840.06,555.65,47.402,118.68
840.1,554.3,47.664,119.34
838.8,553.91,47.769,119.6
840.42,553.31,48.067,120.35
827.37,560.02,47.517,118.97
831.82,577.95,48.061,120.33
818.04,581.3,48.226,120.75
840.36,549.36,48.348,121.05
840.64,549.49,48.359,121.08
841.55,549.69,48.707,121.95
827.72,581.37,49.063,122.84
820.84,586.83,49.368,123.6
825.4,581.87,49.486,123.9
825.64,582.95,49.432,123.77
826.48,582.69,49.757,124.58
825.83,583.89,50.211,125.72
818.69,589.66,50.575,126.63
817.68,589.38,50.756,127.08
818.02,589.02,51.419,128.74
817.84,589.29,51.853,129.83
817.8,589.53,52.222,130.75
818.15,588.21,52.839,132.3
817.95,587.62,52.98,132.65
817.65,588.88,53.11,132.97
817.07,588.83,53.054,132.83
818.35,588.68,53.446,133.82
819.4,589.85,53.462,133.86
819.87,589.83,53.573,134.13
821.02,589.99,53.751,134.58
821.02,591.43,53.837,134.8
821.07,592.05,53.798,134.7
821.04,592.38,53.635,134.29
820,592.53,53.51,133.98
820.72,592.75,53.801,134.7
820.48,593.46,53.728,134.52
821,592.98,53.682,134.41
821.54,592.84,53.857,134.84
822.58,593.68,54.204,135.71
819.92,593.39,54.304,135.96
821.55,593.48,54.407,136.22
821.77,593.89,54.407,136.22
821.13,594.66,54.584,136.67
821.17,594.18,54.596,136.69
820.59,594.14,54.814,137.24
820.29,593.94,54.831,137.28
820.57,594.86,54.828,137.28
820.76,595.78,54.774,137.14
821.38,596.33,54.789,137.18
821.31,596.89,54.491,136.43
822.97,598.75,54.524,136.51
822.22,598.91,54.662,136.86
821.82,600.32,54.859,137.35
819.66,600.94,54.668,136.88
820.36,602.76,54.73,137.03
818.86,602.24,55.137,138.05
818.48,603.6,55.188,138.18
818.66,604.38,55.192,138.19
817.63,604.74,55.189,138.18
817.3,604.77,55.395,138.7
816,604.79,55.246,138.32
817.3,605.01,55.268,138.38
815.3,606.46,55.415,138.75
815.73,605.74,55.232,138.29
815.69,607.09,55.213,138.24
815.1,607.05,55.072,137.89
815.21,606.35,54.782,137.16
815.35,607.16,54.145,135.57
815.74,607.68,53.905,134.97
815.91,608.23,53.767,134.62
817.27,608.92,53.646,134.32
816.13,610.14,53.368,133.62
815.96,611.51,52.967,132.62
818.97,612.37,53.162,133.11
817,614.65,53.546,134.07
817.87,613.29,53.554,134.09
819.43,614.19,53.824,134.76
820.56,613.67,53.931,135.03
819.54,613.8,53.815,134.74
819.98,616.47,54.028,135.27
820.28,614.27,53.964,135.11
819.32,616.03,54.295,135.94
819.6,616.61,54.628,136.78
820.04,617.23,54.959,137.6
817.84,618.46,55.075,137.89
819.16,595.25,54.56,136.6
818.96,596.34,54.335,136.04
819.06,597.71,54.207,135.72
830.2,620.59,54.562,136.61
830.16,620.72,54.695,136.94
831.13,621.47,55.04,137.81
831.87,621.51,55.441,138.81
832.29,622.65,55.898,139.96
832.52,622.8,55.925,140.02
830.78,624.46,56.22,140.76
829.88,624.37,56.225,140.77
829.93,628.52,56.411,141.24
829.37,627.55,56.333,141.04
829.56,627.95,56.429,141.29
828.12,628.58,56.195,140.7
829.08,629.18,56.18,140.66
828.23,629.79,56.01,140.24
828.34,630.16,56.222,140.77
827.99,630.55,56.234,140.8
827.35,631.32,55.939,140.06
827.51,631.47,55.928,140.03
827.6,631.5,56.393,141.19
828.15,631.86,56.564,141.62
829.06,631.97,56.455,141.35
828.41,631.75,56.493,141.44
829.18,632.48,56.5,141.46
829.97,632.56,56.627,141.78
829.94,633.61,56.59,141.69
830.01,633.81,56.655,141.85
829.55,634.07,56.558,141.61
829.2,634.75,56.186,140.68
829.8,636.95,56.135,140.55
830.4,638.24,56.192,140.69
830.62,638.86,56.17,140.64
831.79,640.6,56.07,140.39
832.52,642.04,56.413,141.24
831.07,642.27,56.467,141.38
832.64,642.43,56.252,140.84
833.28,643.27,56.328,141.03
833.94,643.83,56.512,141.49
833.58,643.4,56.399,141.21
835.61,643.76,56.562,141.62
836.21,644.58,56.676,141.9
837.29,645.11,56.803,142.22
836.97,645.25,56.973,142.65
838.34,645.63,57.06,142.86
838.42,645.8,57.099,142.96
839.04,645.99,57.186,143.18
839.7,646.66,57.16,143.11
840.23,647.19,57.211,143.24
840.96,647.88,57.196,143.2
841.67,648.23,57.129,143.04
841.84,648.88,56.987,142.68
842.11,650.03,56.954,142.6
842.28,651.21,56.648,141.83
842.47,652.81,56.703,141.97
842.29,653.78,56.781,142.17
842.33,654.71,56.693,141.95
843.1,656.31,56.67,141.89
842.86,657.03,57.145,143.08
842.76,656.94,57.624,144.28
842.79,656.95,57.725,144.53
842.6,657.11,58.092,145.45
842.33,657.56,58.427,146.29
841.95,657.1,58.388,146.19
841.88,658.04,58.562,146.63
841.6,658.05,58.715,147.01
840.88,657.88,58.839,147.32
841.28,658.21,59.091,147.95
840.88,658.68,58.948,147.59
841.95,658.87,59.199,148.22
841.12,659.99,58.705,146.98
841.31,660.76,58.572,146.65
840.95,662.19,58.645,146.83
841.75,663.57,58.669,146.89
841.09,664.97,58.614,146.76
841.93,665.94,58.909,147.49
841.47,666.39,59.388,148.69
840.86,666.57,59.157,148.12
840.83,668.27,59.215,148.26
840.92,668.84,59.263,148.38
840.59,669.72,59.309,148.5
839.26,669.91,59.357,148.62
839.52,670.25,59.138,148.07
840.3,671.15,59.4,148.72
839.74,670.99,59.332,148.55
839.37,671.72,59.338,148.57
839.26,671.87,59.37,148.65
839.31,672.4,59.666,149.39
839.42,672.61,59.794,149.71
839.78,673,60.074,150.41
839.29,673.38,60.221,150.78
839.09,673.63,60.267,150.89
839.22,674.43,60.489,151.45
838.34,674.81,60.718,152.02
838.16,676.05,60.699,151.98
837.92,677.29,60.657,151.87
837.88,679.1,60.648,151.85
837.52,680.07,60.761,152.13
837.09,680.9,60.739,152.08
836.37,682.07,60.585,151.69
836.71,684.37,60.312,151.01
836.35,684.95,60.23,150.8
835.5,685.92,60.017,150.27
835.37,686.53,59.926,150.04
834.82,687.01,59.862,149.88
834.19,687.42,59.627,149.29
833.97,687.61,59.889,149.95
833.32,687.92,59.944,150.09
832.62,687.71,60.156,150.62
832.65,687.64,60.386,151.19
832.44,688.17,60.576,151.67
832.4,688.75,60.707,152
831.57,689.02,60.475,151.41
831.34,689.41,60.639,151.82
831.33,691.22,60.622,151.78
831.61,692.18,60.798,152.22
830.31,693.25,60.785,152.19
830.11,695.61,60.456,151.37
830.27,696.54,60.615,151.77
830.5,697.85,60.505,151.49
829.61,698.62,60.316,151.02
829.82,700.01,60.111,150.5
829.86,700.84,60.026,150.29
829.59,701.36,59.966,150.14
829.04,701.8,59.71,149.5
829.13,702.03,59.861,149.88
828.51,702.78,59.782,149.68
827.93,702.82,59.709,149.5
828.49,703.97,59.758,149.62
828.18,704.6,59.914,150.01
827.52,704.54,59.858,149.87
827.11,704.73,59.999,150.22
826.91,706.14,59.979,150.17
826.77,706.89,60.204,150.74
825.11,707.88,60.01,150.25
825.08,710.16,59.869,149.9
824.07,710.72,59.715,149.51
823.49,712.82,59.71,149.5
823.4,714.35,59.803,149.73
822.28,715.78,59.928,150.04
820.1,716.64,59.577,149.17
819.43,717.99,59.726,149.54
819.28,718.62,59.713,149.51
817.56,719.17,59.882,149.93
816.15,719.6,60.064,150.39
814.78,720.65,60.264,150.89
814.3,719.84,60.692,151.96
812.17,720.92,60.371,151.15
812.38,721.58,60.667,151.89
811.31,722.29,60.798,152.22
810.51,722.43,60.524,151.54
810.04,722.71,60.586,151.69
809.95,723.13,60.599,151.73
809.17,724.32,60.733,152.06
808.65,725.2,60.473,151.41
808.02,725.98,60.435,151.31
807.33,727.51,60.199,150.72
807.07,729.5,59.813,149.76
806.42,731.17,60.233,150.81
805.57,731.58,60.039,150.32
805.66,732.96,59.969,150.15
805.17,733.79,59.5,148.97
804.85,734.57,59.663,149.38
804.41,735,59.51,149
803.92,735.61,59.774,149.66
803.71,735.15,60.006,150.24
803.29,734.88,60.522,151.53
802.06,734.77,60.882,152.43
802.08,734.71,61.39,153.71
801.37,734.45,61.263,153.39
800.95,734.6,61.499,153.98
801.16,735.21,61.66,154.38
800.73,735.08,61.49,153.96
800.6,734.96,62.044,155.34
800.35,735.36,62.038,155.33
800.32,735.89,62.13,155.56
799.37,736.29,62.113,155.52
799.18,736.82,62.144,155.59
798.76,737.99,62.088,155.45
798.46,739.66,62.148,155.6
797.96,740.08,62.12,155.53
797.18,741.56,61.983,155.19
797.23,742.87,62.092,155.46
796.37,744.73,61.934,155.07
795.06,745.77,61.769,154.65
795.01,746.89,61.718,154.53
793.87,747.91,61.532,154.06
792.83,748.11,61.84,154.83
791.13,748.26,61.998,155.23
790.6,749.25,62.004,155.24
789.44,749.6,62.229,155.81
788.02,749.56,62.547,156.6
787.38,749.93,62.848,157.36
787.09,750.67,62.912,157.52
786.56,751.57,62.987,157.7
785.81,751.83,62.742,157.09
785.5,752.99,62.778,157.18
784.95,754.43,62.818,157.28
784.81,755.17,63.452,158.87
784.71,756.17,63.687,159.46
783.34,757.32,63.654,159.38
783.02,759.27,63.701,159.49
781.83,761.38,63.838,159.83
783.06,763.66,64.265,160.9
782.02,764.33,63.91,160.01
782.44,767.26,64.119,160.54
781.51,768.06,63.967,160.16
781.41,770.36,64.092,160.47
780.76,770.76,63.897,159.98
780.6,772.21,64.28,160.94
779.41,772.24,64.023,160.3
778.94,772.54,63.75,159.62
779.51,773.77,64.129,160.56
778.25,773.76,63.63,159.31
777.49,773.91,63.734,159.57
777.23,774.93,63.3,158.49
777.71,776.53,63.598,159.23
776.36,777.23,63.507,159.01
775.66,779.21,63.272,158.42
775.68,782.35,63.173,158.17
774.31,783.55,63.347,158.6
773.59,786.08,63.673,159.42
771.93,786.25,63.512,159.02
770.01,787.77,63.348,158.61
769.42,790.18,63.382,158.69
767.1,791.25,63.986,160.21
766.24,791.66,63.979,160.19
763.46,792.77,64.54,161.59
762.63,792.92,64.554,161.63
762.17,793.53,64.457,161.38
760.88,794.03,64.598,161.74
758.8,793.59,64.689,161.96
757.68,793.97,64.818,162.29
757.03,795.56,64.607,161.76
756.38,795.94,64.827,162.31
755.5,796.92,64.695,161.98
754.56,798.55,64.545,161.61
754.81,800.31,65.257,163.39
752.49,801.67,65.467,163.91
751.88,803.42,66.661,166.9
751.4,803.73,66.965,167.66
750.18,804.46,66.318,166.04
749.01,806.01,66.266,165.91
749.14,808.26,66.727,167.07
747.84,809.51,66.832,167.33
747.45,809.2,67.338,168.6
747.06,809.64,67.556,169.14
746.25,808.97,67.434,168.84
745.39,809.68,67.336,168.59
745.96,811.18,67.227,168.32
745.75,811.82,67.318,168.55
745.58,812.67,67.288,168.47
745.83,813.5,66.969,167.67
744.76,814.24,66.72,167.05
745.05,817.08,66.536,166.59
743.88,818.08,66.639,166.85
744.11,820.86,66.764,167.16
743.26,822.47,66.733,167.08
743,824.48,66.294,165.98
742.41,825.18,65.963,165.16
741.4,827.41,65.747,164.62
741.81,829.52,65.238,163.34
741.29,830.97,64.644,161.85
740.58,831.86,64.719,162.04
740.28,831.97,64.516,161.53
741.31,833.87,64.225,160.8
740.23,833.84,64.222,160.8
739.69,835.02,64.059,160.39
738.78,835.57,64.128,160.56
738.51,836.21,64.352,161.12
739.52,837.44,64.42,161.29
739.13,838.56,64.945,162.61
739.21,840.02,65.056,162.88
739.33,842.24,65.382,163.7
738.87,842.84,66.085,165.46
739.19,844.7,66.501,166.5
738.73,846.34,66.289,165.97
739.19,848.42,67.243,168.36
739.17,849.94,67.722,169.56
739.24,850.96,68.457,171.4
739.69,851.41,68.832,172.34
738.76,851.64,69.01,172.79
739.72,852.45,69.298,173.5
739.39,852.65,69.686,174.48
740.09,853.56,70.219,175.81
739.67,853.38,70.535,176.6
738.79,853.29,70.598,176.76
739.36,854.06,70.903,177.53
738.45,854.03,70.816,177.31
738.86,855.68,70.794,177.25
738.64,855.9,71.744,179.63
738.15,857.11,71.848,179.89
738.09,858.64,71.876,179.96
738.07,860.89,72.062,180.43
737.51,861.98,71.686,179.48
737.7,864.69,71.313,178.55
738.34,867.57,71.497,179.01
737.43,869.04,71.337,178.61
737.72,871.18,71.685,179.48
736.2,871.44,72.023,180.33
735.55,871.97,72.186,180.74
735.18,872.15,72.818,182.32
734.84,872.53,72.955,182.66
735.05,873.5,73.431,183.85
734.33,873.78,73.658,184.42
734.27,874.28,73.755,184.67
733.37,874.14,73.9,185.03
732.9,874.61,74.099,185.53
733.33,876.31,74.302,186.03
732.52,876.31,74.392,186.26
731.97,877.98,74.134,185.61
732.5,880.43,74.637,186.87
732.35,881.67,74.796,187.27
731.92,884.06,74.526,186.6
732.1,886.36,74.723,187.09
732.01,888.46,74.975,187.72
731.43,890.08,74.881,187.48
731,892.29,74.452,186.41
731.35,893.36,74.44,186.38
731.46,895.22,74.014,185.31
731.94,896.47,74.348,186.15
731.24,897.29,74.013,185.31
731.58,898.54,74.462,186.44
730.67,898.07,74.366,186.19
730.45,898.57,74.473,186.46
730.41,899.24,74.367,186.2
730.26,899.16,74.656,186.92
730.51,900.62,75.178,188.23
730.58,901.45,75.432,188.86
728.5,901.96,75.685,189.5
730.02,903.18,76.059,190.43
727.79,903.93,76.038,190.38
727.2,906.13,76.246,190.9
727.21,907.88,76.957,192.68
725.91,909.54,77.528,194.11
725.12,911.69,77.352,193.67
723.68,911.95,77.592,194.27
723.45,914.6,77.483,194
722.12,916.38,77.249,193.41
720.07,916.68,77.214,193.32
718.7,917.91,77.127,193.11
716.85,919.34,77.052,192.92
717.63,920.85,76.827,192.36
717.11,921.05,77.29,193.52
715.24,921.07,77.101,193.04
714.5,921.77,77.087,193.01
713.93,923.41,77.066,192.95
714.36,925.47,77.549,194.16
713.83,925.72,78.008,195.31
713.35,927.87,77.908,195.06
712.44,928.48,78.14,195.64
