1249,888,157,149
1244.1,878.36,158.06,150.01
1237.8,868.07,158.78,150.69
1231.5,857.81,159.89,151.74
1225,847.36,161.91,153.66
1219.3,838.25,162.3,154.03
1213.7,828.84,161.96,153.71
1207.3,818.62,163.39,155.06
1201,808.1,163.26,154.94
1197.9,805.24,164.25,155.88
1191.2,792.36,165.13,156.71
1184.7,782.02,165.53,157.09
1178.8,772.97,164.68,156.29
1171.7,762.18,163.4,155.07
1165.7,753.46,161.06,152.85
1160.5,748.12,165.52,157.09
1153.4,735.69,168.48,159.9
1146.9,725.09,166.29,157.82
1140.5,715.97,168.18,159.61
1133.5,705.77,165.67,157.22
1126.7,696.72,163.64,155.3
1122.9,687.86,165.99,157.53
1115.2,678.51,167.03,158.52
1107.4,668.36,169.37,160.74
1099.7,658.74,168.7,160.1
1092.8,649.55,169.43,160.8
1084.4,639.2,167.71,159.16
1080.5,636.58,170.68,161.99
1071.2,624.77,171.19,162.46
1066.3,612.22,172.19,163.41
1058.4,601.8,172.8,164
1050.5,592.49,172.3,163.52
1044.6,584.66,169.4,160.76
1040.5,575.44,170.4,161.71
1034.6,566.26,172.52,163.73
1030,555.74,178.35,169.26
1027.2,544.44,179.69,170.53
1025.1,534.95,179.03,169.91
1045.1,525.52,177.08,168.05
1029.8,517.64,177.16,168.14
1032.7,508.92,178.57,169.47
1033.4,499.45,178.49,169.4
1033.5,490.44,178.69,169.58
1033.3,481.33,179.26,170.12
1030.6,470.52,179.8,170.64
1031.2,465.4,181.27,172.03
1027.3,454.8,181.61,172.35
1023.1,444.58,182.06,172.78
1022.5,440.89,183.03,173.71
1016.3,427.64,183.82,174.45
1012.2,419.06,184.32,174.93
1011.3,415.36,184.8,175.38
1006.5,405.61,184.54,175.14
1000.5,402.9,184.1,174.72
994.92,391.09,185.6,176.15
988.08,387.92,183.98,174.61
980.65,384.92,180.77,171.56
976.65,376.34,181.38,172.14
969.62,368.85,184.01,174.63
959.92,365.35,185.59,176.14
952.73,363.71,186.2,176.71
943.85,361.14,186.37,176.87
936,358.75,187.91,178.33
927.36,358.69,188.28,178.68
920.22,358.49,189.24,179.59
913.31,358.85,188.14,178.55
905.59,358.91,188.64,179.03
897.59,359.24,187.4,177.85
889.27,360.11,187.13,177.6
883.95,362.48,186.93,177.4
875.48,363.7,187.33,177.79
865.65,364.19,188.06,178.48
859.42,366.83,188,178.42
852.58,370.02,186.63,177.12
842.48,370.17,187.95,178.37
835.04,373.5,188.53,178.92
826.66,375.42,188.52,178.91
818.69,377.07,189.28,179.64
809.55,378.3,189.91,180.23
800.31,380.11,190.94,181.21
792.69,384.04,190.85,181.13
785.33,386.19,190.19,180.5
775.98,387.87,190.17,180.48
767.66,391.08,190.3,180.6
758.92,394,190.72,181
753.51,397.8,189.73,180.06
744.89,400.89,189.43,179.78
735.68,404.69,190.34,180.64
726.27,406.16,191.21,181.47
718.13,409.26,191.52,181.76
710.41,411.87,191.77,182
704.81,416.29,191.4,181.65
696.46,417.93,192.05,182.26
690.51,422.1,191.62,181.85
683.44,425.94,191.68,181.91
677.89,429.85,191.12,181.38
669.23,431.88,191.69,181.92
665.27,437.19,190.43,180.73
659.38,440.92,190.36,180.66
653.37,444.65,190.73,181.01
646.71,448.92,190.71,180.99
640.11,452.36,190.58,180.87
633.84,456.81,190.6,180.88
628.13,461.71,189.95,180.27
622.86,464.89,190.03,180.35
618.43,468.21,190.88,181.15
617.78,473.64,189.55,179.89
617.58,478.56,189.26,179.61
620.18,482.85,189.04,179.41
625.58,486.66,188.56,178.95
633.57,491.15,188.14,178.55
643.21,495.51,187.69,178.13
650.23,498.86,187.9,178.32
660.37,502.81,186.91,177.39
672.13,508.64,184.91,175.49
679.76,512.21,184.81,175.4
690.2,517.61,183.61,174.25
698.45,522.39,183.62,174.26
706.61,525.74,184.43,175.03
714.73,529.61,185.35,175.9
723.27,532.85,185.03,175.6
731.71,535.95,187.1,177.56
743.75,541.22,186.65,177.14
754.51,544.68,188.26,178.67
770.24,551.35,186.73,177.21
787.31,555.41,186.41,176.91
800.46,559.09,188.31,178.72
816.3,563.95,186.64,177.13
824.96,567.25,187.42,177.87
832.99,572.72,185.47,176.02
835.96,577.7,186.38,176.88
834.4,582.37,186.31,176.82
828.74,587.02,188.59,178.98
817.51,593.17,191.78,182.01
809.77,597.91,191.37,181.61
798.56,603.6,190.39,180.69
789.05,610.18,190.06,180.38
777.51,613.8,191.38,181.63
765.2,619.87,192.5,182.69
754.49,624.89,193.1,183.26
743.96,632.17,192.45,182.65
732.31,637.53,192.93,183.1
721.57,644.61,191.99,182.21
710.51,651.07,192.2,182.41
698.46,654.94,193.19,183.35
687.88,662.98,192.51,182.7
676.66,667,193.18,183.34
666.16,675.5,191.77,182
655.61,681.55,191.31,181.56
642.8,686.33,192.23,182.44
634.1,693.48,190.93,181.2
626.77,701.61,190.01,180.33
620.67,706.38,190.35,180.65
617.25,714.15,189.33,179.68
614.09,719.72,189.88,180.21
611,725.18,189.21,179.57
610.88,732.6,189.36,179.71
611.97,738.97,190.03,180.35
613.07,743.4,190.89,181.17
617.28,749.64,190.92,181.19
620.98,756.33,190.61,180.9
624.19,762.27,190.92,181.19
627.78,768.31,190.65,180.94
630.84,774.31,191.05,181.32
630.98,779.87,192.4,182.6
631.72,786.03,193.88,184
633.91,791.66,193.9,184.02
635.03,798.03,194.18,184.29
637.3,805.34,193.05,183.21
639.24,811.98,192.67,182.85
637.75,816.6,195.35,185.39
639.55,823.97,195.51,185.55
642.39,829.9,194.34,184.44
645,836.77,193.98,184.09
644.33,841.13,195.35,185.39
647.18,848.3,194.56,184.64
645.88,854.76,194.4,184.49
643.52,861.53,194.86,184.93
638.66,867.12,194.36,184.46
632.5,874.18,194.43,184.52
623.45,881.03,195.62,185.65
612.88,887.58,197.1,187.06
601.82,893.19,198.1,188.01
592.81,901.16,198,187.91
583.96,907.77,198.35,188.24
573.98,913.59,198.87,188.74
566.45,921.63,198.19,188.09
559.67,928.15,198.72,188.59
553.36,934.35,199.93,189.74
550.55,940.47,199.4,189.24
547.23,945.99,199.88,189.69
545.18,952.82,199.99,189.8
542.12,959.39,200.67,190.44
544.8,968.21,199.28,189.12
542.62,975.65,198.37,188.27
543.6,983.48,196.1,186.11
540.86,985.82,198.09,188
539.51,992.86,200.08,189.88
537.4,998.02,200.27,190.06
539.92,1005.3,201.58,191.31
538.63,1008.2,201.66,191.39
534.21,1017.2,203.51,193.14
545.34,1006.4,202.79,192.46
548.85,1019.9,201.75,191.47
551.68,1004.3,200.36,190.15
563.84,998.35,197.86,187.78
567.29,996.22,198.57,188.45
572.02,990.35,195.37,185.41
562.33,1011.6,196.11,186.12
562.57,1005.8,197.93,187.85
570.15,1002.3,200.09,189.89
568.76,998.14,200.3,190.09
567.47,995.84,202.08,191.78
566.33,993.1,203.61,193.23
563.86,990.62,202.74,192.41
558.95,990.38,204.09,193.69
552.58,991.33,203.99,193.6
547.9,992.18,204.64,194.22
539.4,991.48,205.17,194.71
527.7,990.75,205.29,194.83
514.1,990.9,206.68,196.15
502.55,989.94,206.75,196.22
487.15,991.24,207.29,196.72
476.65,987.72,207.68,197.1
451.68,988.06,209.88,199.19
448.12,991.89,209.46,198.79
442.36,995.1,208.38,197.77
429.44,990.63,207.41,196.85
393.86,989.32,204.99,194.55
394.92,993.1,206.25,195.74
370.73,996.41,206.32,195.81
366.39,1000.8,207.55,196.98
351.58,999.96,208.1,197.5
343.48,1000.3,208.21,197.6
337.24,1001.2,208.77,198.13
332.11,1000.5,208.92,198.28
330.88,1000.1,207.49,196.92
334.68,1001.1,207.11,196.56
338.46,1001.4,206.72,196.19
349.1,998.39,209.12,198.46
365.29,996.48,208.18,197.57
378.28,997,210.3,199.59
390.7,993.25,209.94,199.24
401.7,996,209.87,199.18
415.17,992.94,211.86,201.06
426.38,991.56,212.81,201.97
436.63,988.51,212.48,201.65
449.89,986.9,213.22,202.36
464.01,987.37,212.54,201.71
475.78,985.06,213.56,202.68
491.25,984.93,213.72,202.83
504.52,984.44,213.27,202.41
517.94,982.74,213.35,202.48
530.73,981.56,213.17,202.3
543.37,980.6,213.44,202.56
555.08,977.44,213.42,202.54
562.59,976.88,213.77,202.88
569.4,975.54,212.9,202.05
574.55,975.11,213.63,202.74
578.36,974.71,214.13,203.22
580.93,972.48,212.79,201.94
584.76,971.46,212.22,201.4
586.44,971.5,211.89,201.09
590.77,970.84,211.34,200.57
592.14,970.37,211.76,200.97
592.23,968.49,213.67,202.78
593.08,966.91,214.36,203.43
591.45,964.54,214.38,203.46
591.93,963.98,213.36,202.49
592.74,964.03,213.52,202.64
590.13,962.09,214.61,203.67
585.93,959.19,214.07,203.16
583.51,958.68,214.48,203.55
578.87,956.56,214.59,203.65
572.9,955.98,215.69,204.7
567.85,955.75,214.2,203.29
561.59,954.61,214.92,203.97
555.79,953.97,215.74,204.75
545.1,952.76,216.07,205.06
539.07,949.93,216.59,205.55
533.67,949.39,216.9,205.85
527.52,947.62,217.08,206.02
519.38,945.78,219.07,207.91
513.5,943.74,219.04,207.87
508.89,942.96,217.94,206.84
501.66,939.64,217.86,206.76
496.27,937.8,218.87,207.71
492.23,936.92,219.45,208.26
485.19,933.86,219.28,208.11
481.67,931.78,219.08,207.92
479.7,929.79,219.55,208.36
477.12,926.26,218.82,207.67
477.89,923.89,218.8,207.65
478.02,921.99,218.85,207.7
479.03,917.43,219.22,208.05
480.82,914.73,219.92,208.72
484.73,909.45,218.75,207.6
493.93,906.96,219.49,208.3
502.79,902.1,219.47,208.28
514.89,897.28,219.46,208.27
525.67,892.92,219.49,208.3
538.57,887.78,219.13,207.96
551.6,884.53,220.56,209.32
563.83,878.89,220.89,209.63
576.96,875.14,220.09,208.87
589.05,868.07,219,207.84
600.64,865.49,219.99,208.78
612.55,857.32,220.42,209.19
623.92,854.55,220.17,208.95
631.89,849.94,219.82,208.62
636.63,842.49,221.58,210.29
643.2,837.87,220.74,209.5
648.43,835.11,220.8,209.55
651.47,830.99,220.13,208.91
651.87,824.33,219.83,208.63
653.94,819.84,219.75,208.55
655.79,815.18,219.2,208.03
658.25,813.24,218.4,207.28
659.53,809.18,217.09,206.03
658.82,804.84,215.96,204.96
655.45,796.97,215.63,204.64
653.65,793.47,215.06,204.1
653.33,790.05,214.29,203.37
649.89,781.38,214.65,203.71
647.49,778.18,214.05,203.14
644.95,772.96,214.1,203.19
643.64,766.19,213.66,202.77
642.67,762.8,213.46,202.58
640.76,758.16,212.78,201.93
637.61,751.09,211.46,200.69
636.61,747.95,211.81,201.02
636.49,741.26,210.95,200.2
633.69,734.1,210.67,199.94
633.91,727.79,209.52,198.85
634.58,723.58,210.54,199.81
633.77,716.31,209.35,198.68
635.7,712.17,209.61,198.93
636.26,705.71,208.93,198.28
636.12,697.89,208.41,197.79
636.01,693.46,206.9,196.36
634.39,686.12,206.79,196.25
633,683.72,206.12,195.62
631.43,678.35,206.16,195.65
628.28,672.02,205.1,194.65
623.06,664.1,203.91,193.52
619.65,661.19,203.07,192.73
610.26,653.55,202.96,192.62
606.09,649.7,203,192.66
602.42,641.47,201.78,191.5
592.27,638.15,203.01,192.67
581.86,634.3,202.8,192.47
581.97,627.66,202.76,192.43
572.2,624.13,203.31,192.95
561.01,621.13,203.29,192.93
550.34,618.27,203.15,192.8
539.58,614.45,202.87,192.53
530.34,613.22,202.19,191.89
520.06,610.77,202.15,191.85
509.57,607.99,203.23,192.87
496.25,604.93,202.44,192.12
486.46,603.42,203.4,193.03
474.37,600.78,202.8,192.46
464.55,600.46,203.73,193.35
452.29,598.55,202.2,191.9
441.72,597.86,203.68,193.3
430.36,596.29,203.18,192.83
420.84,595.08,203.42,193.06
414.01,593.74,202.73,192.4
410.03,592.47,202.61,192.28
408.34,589.14,204.05,193.65
408.03,586.13,204.18,193.77
408.58,583.64,203.82,193.44
410,581.21,202.21,191.91
410.77,579.05,202.69,192.36
412.11,575.7,203.18,192.82
413.37,572.96,201.19,190.94
419.91,572.36,203.75,193.37
417.27,567.33,201.75,191.47
419.44,565.36,203.25,192.89
428.89,564.31,203.58,193.21
428.64,559.56,202.35,192.04
437.5,557.94,202.18,191.88
440.15,554.8,202.53,192.21
448.27,552.04,203.12,192.77
448.49,546.18,202.8,192.47
458.19,543.67,203.28,192.93
467.17,538.22,203.64,193.27
476.09,533.58,204.92,194.48
473.45,528.5,204.6,194.17
483.14,526.12,205.37,194.9
492.66,520.98,205.64,195.16
493.86,517.07,204.28,193.87
502.8,513.33,204.63,194.2
504.55,508.97,204.67,194.24
513.93,504.92,205.23,194.77
512.29,500.13,205.99,195.49
518.13,498.14,204.64,194.22
520.61,494.38,205.25,194.79
522.23,490.2,204.17,193.77
526.01,487.79,204.52,194.1
528.07,485.25,204.79,194.35
527.65,480.52,205.31,194.85
527.86,477.91,205.07,194.62
526.15,474.34,204.27,193.86
524.26,473.32,204.47,194.05
514.71,471.3,204.33,193.92
504.57,468.21,205.63,195.16
499.34,464.45,206.28,195.77
490.85,463.81,206.73,196.19
482.29,460.98,206.35,195.84
479.58,458.77,206.26,195.75
475.33,455.71,206.54,196.01
472.18,453.49,205.53,195.06
464.08,450.7,206.06,195.56
462.95,449.58,205.35,194.89
453.74,445.14,207.4,196.83
451.29,442.39,206.21,195.7
448.67,441.07,206.29,195.78
444.28,438.02,206.74,196.21
439,435.6,206.19,195.69
438.05,434.67,206.51,195.99
435.65,432.59,206.35,195.84
435.45,430.1,206.1,195.6
436.41,427.39,205.96,195.46
437.81,424.66,206.3,195.79
438.97,421.82,206.92,196.38
440.41,418.11,206.66,196.13
450.7,416.12,204.95,194.51
450.35,413.78,204.06,193.66
459.68,411.31,204.77,194.34
466.43,408.05,204.39,193.98
484.04,404.84,204.78,194.35
503.85,401.42,203.99,193.59
526.83,398.86,204.21,193.8
547.92,395.6,204.76,194.33
570.55,390.39,203.98,193.59
595.11,388.59,204.7,194.27
618.63,385.3,205.54,195.07
641.13,380.65,205.78,195.3
664.51,379.79,206.23,195.72
688.78,377.45,206.49,195.97
712.06,374.19,205.61,195.13
730.59,370.93,204.42,194
753.35,370.76,203.53,193.16
767.03,367.37,203.65,193.28
779.31,366.03,203.26,192.91
789.4,364.27,204.09,193.69
798.75,364.57,204.68,194.25
803.29,362.6,205.34,194.88
807.95,360.24,206.3,195.79
809.91,361.01,206.88,196.34
806.43,359.51,207.74,197.16
803.92,359.55,209.04,198.38
799.9,356.96,209.42,198.75
789.71,359.9,209.71,199.03
780.02,362.01,208.99,198.34
776.68,358.44,209.7,199.02
774.07,359.22,209.56,198.88
748.9,371.29,211.88,201.09
748.84,368.48,212.1,201.29
748.27,364.88,210.84,200.09
735.27,372.41,210.79,200.05
730.74,371.22,210.99,200.24
722.28,375.03,210.25,199.54
709.6,382.86,209.97,199.27
695.8,393.08,210.5,199.78
695.46,389.75,209.57,198.89
688.28,398.45,210.85,200.11
683.57,399.59,212.66,201.82
682.55,400.96,211.97,201.17
685.16,406.76,211.17,200.41
712.91,419.72,212.78,201.94
703.35,414.29,212,201.2
708.18,418.69,211.33,200.57
719.91,426.74,211.11,200.35
745.28,438.21,212.48,201.65
727.2,433.32,212.15,201.34
737.03,436.98,211.54,200.76
750.4,441.94,211.47,200.69
763.21,446.63,212.77,201.92
776.33,449.38,212.31,201.49
789.17,454.82,212.21,201.4
803.57,459.77,211.3,200.53
817.45,466.92,211.4,200.63
830.2,471.58,211.59,200.81
843.82,477.21,211.93,201.13
856.88,483.19,212.31,201.49
867.21,487.56,212.07,201.27
877.94,494.04,211.58,200.8
888.65,500.72,212.94,202.09
896.17,506.36,213.78,202.88
902.25,512.93,214.56,203.63
905.22,518.4,214.65,203.71
909.53,524.69,215.02,204.06
915.83,533.32,214.93,203.98
917.06,538.96,214.95,204
914.59,546.95,215.59,204.6
912.94,551.65,216.06,205.05
906.58,557.23,216.28,205.26
902.88,564.5,216.46,205.43
897.33,572.49,217.07,206.01
893.92,579.67,219.15,207.99
889.34,584.88,218.68,207.54
883.74,593.43,218.46,207.33
880.55,598,217.86,206.76
874.87,604.22,216.59,205.56
872.98,613.56,216.91,205.86
866.76,621.53,217.76,206.67
861.91,625.71,216.96,205.9
858.37,634.8,217.85,206.75
853.32,640.7,217.81,206.72
848.6,648.31,218.46,207.33
846.17,656.51,219.74,208.55
843.39,664.11,219.83,208.63
840.8,670.22,219.58,208.39
842.23,677.92,219.75,208.56
843.69,684.45,220.41,209.18
846.84,693.26,220.37,209.14
851.29,701.73,220.47,209.24
858.97,708.46,219.62,208.43
869.5,714.65,218.83,207.68
884.64,723.91,219.47,208.28
897.38,729.68,219.53,208.34
909.03,737.98,217.92,206.82
917.91,746.4,219.58,208.39
926.51,753.97,219.87,208.66
934.83,762.22,220.26,209.04
942.18,770.67,223.13,211.76
946.73,776.93,220.69,209.44
954.65,786,222.26,210.93
959.28,795.2,221.9,210.59
964.08,803.53,220.95,209.69
972.78,813.63,222.07,210.75
976.76,822.04,222.12,210.8
982.83,830.4,222.46,211.12
988.45,839.18,223.12,211.75
993.93,848.11,221.18,209.91
999.41,858.11,221.07,209.8
1005.6,868.15,220.86,209.61
1008.1,878.55,220.2,208.98
1009,888.51,219.55,208.36
1006.2,895.9,219.18,208.01
1002.7,905.86,218.94,207.78
992.09,914.52,220.66,209.42
991.17,925.7,219.03,207.87
988.02,936.61,218.55,207.41
977.38,940.69,216.62,205.58
976.06,951.23,216.64,205.6
971.96,959.92,217.16,206.1
963.04,971.54,214.24,203.32
951.04,982.01,215.44,204.46
951.56,992.61,214.53,203.6
940.32,995.5,215.03,204.08
926.72,1008.1,218.66,207.52
930.87,1014.2,217,205.94
936.68,1021.9,217.38,206.3
939.75,1028.5,214.74,203.8
900.82,1009.8,214.64,203.7
827,908.88,212.21,201.4
814.25,891.62,212.96,202.11
813.05,892.42,212.85,202
806.11,888.35,210.32,199.6
880.44,1021.8,210.6,199.87
877.16,1020.2,209.02,198.37
876.53,1019.3,207.11,196.56
872.26,1017.2,206.38,195.86
869.9,1015.9,203.96,193.56
865.42,1012.4,204.26,193.85
863.28,1008.6,203.15,192.79
857.22,997.28,202.19,191.89
860.95,1000.1,200.23,190.03
857.06,992.14,197.29,187.24
853.03,984.73,194.06,184.17
851.78,979.07,192.21,182.41
846.08,972.26,190.14,180.45
842.58,968.66,189.38,179.73
840.75,966.79,189.98,180.3
836.76,961.45,190.79,181.06
833.41,957.13,191.55,181.79
826.6,946.56,190.02,180.34
824.29,940.94,189.92,180.24
818.64,934.35,186.97,177.44
818.13,933.37,188.13,178.54
813.85,926.3,189.31,179.66
807.66,916.59,188.98,179.35
802.71,909.91,189.56,179.9
799.11,904.15,188.81,179.19
798.51,896.34,188.39,178.79
799.63,895,186.47,176.97
802.01,885.89,186.37,176.87
810.96,877.26,187,177.47
822.16,868.23,186.28,176.79
833.26,858.84,186.06,176.58
853.96,848.35,188.81,179.19
852.38,845.46,189.13,179.49
879.92,837.89,189.79,180.12
915.35,832.12,186.5,177
953.26,827.33,184.51,175.11
994.58,827.45,184.39,175
1040.5,832.29,184.84,175.42
1038.9,831.51,185.03,175.6
1082.9,838.57,185.16,175.72
1127.4,849.38,186.23,176.74
1165.3,865.04,188.82,179.2
1202.1,879.6,190.92,181.19
1237.5,896.6,193.08,183.24
1237.9,897.49,194.05,184.16
1267.9,912.97,193.03,183.2
1289.9,930.83,191.84,182.07
1303.1,944.72,190.93,181.2
1309.8,961.04,192.31,182.51
1312.3,974.96,191.24,181.5
1311.9,976.83,188.96,179.33
1315.7,992.92,185.78,176.32
1317.2,1009.9,183.52,174.17
