274,494,51,101
274.39,494.7,51.185,101.37
275.51,495.6,52.368,103.71
277.2,498.6,51.699,102.38
279.86,501.37,51.49,101.97
282.21,502.62,52.483,103.94
285.66,504.64,53.565,106.08
286.94,506.02,53.57,106.09
288.46,506.93,54.035,107.01
293.66,515.07,54.523,107.98
293.1,515.24,54.799,108.52
298.42,523.56,55.541,109.99
299.63,524.96,56.138,111.18
301.37,528.79,56.636,112.16
303.55,531.04,57.105,113.09
306.17,533.95,56.637,112.16
310.31,537.12,56.968,112.82
311.8,537,57.799,114.46
305.05,537.17,57.332,113.54
305.26,536.53,57.601,114.07
306.67,539.33,57.414,113.7
308.07,539.59,58.175,115.21
310.17,546.49,59.031,116.9
313.69,545.27,60.235,119.29
315.31,550.12,61.097,121
316,548.64,61.669,122.13
318.89,550.67,61.347,121.49
320.24,554.92,62.034,122.85
324.28,556.61,61.046,120.9
327,558.72,60.711,120.23
327.96,563.72,60.758,120.32
329.63,566.95,60.837,120.48
332.24,570.56,60.305,119.43
332.92,576.17,60.951,120.71
335.82,577.75,60.22,119.26
339.57,582.81,60.291,119.4
342.41,583.1,59.97,118.76
344.83,585.21,59.511,117.86
349.04,588.24,59.556,117.94
351.89,594.18,59.841,118.51
358.52,595.85,59.847,118.52
359.86,598.21,59.504,117.84
364.48,602.84,59.828,118.48
366.66,604.58,60.446,119.71
368.89,607.91,60.111,119.04
372.85,612.49,60.699,120.21
373.61,614.42,60.622,120.05
373.93,615.42,60.743,120.29
375.42,617.52,62.269,123.32
375.86,619.78,62.5,123.78
377.98,624.47,62.387,123.55
379.25,626.49,62.317,123.41
379.52,627.94,62.792,124.35
381.45,631.51,62.746,124.26
382.56,633.71,62.769,124.31
383.42,635.25,63.045,124.85
384.62,638,63.435,125.63
386.44,640.03,63.373,125.5
387.63,640.99,63.043,124.85
389.55,642.89,62.89,124.55
391.22,643.91,62.548,123.87
391.71,644.27,62.521,123.82
393.52,646.35,62.229,123.24
395.82,648.12,61.83,122.45
398.13,650.84,61.722,122.23
399.47,652.19,61.15,121.1
401.67,654.35,60.64,120.09
402.74,654.2,59.987,118.8
404.47,656.74,59.063,116.97
406.7,659.52,58.282,115.42
409.23,661.21,57.898,114.66
410.82,663.35,57.829,114.52
413.05,665.55,57.338,113.55
416.2,667,57.183,113.24
418.12,668.22,56.723,112.33
420.5,670.3,56.715,112.32
423.11,671.35,56.503,111.9
425.09,672.31,56.061,111.02
427.35,673.76,55.674,110.26
429.97,674.79,55.691,110.29
431.7,676.32,55.592,110.09
433.63,677.32,55.517,109.95
434.93,678.22,55.481,109.87
436.8,679.7,55.536,109.98
439.24,681.32,55.817,110.54
441.22,683.42,56.126,111.15
443.54,684.91,56.494,111.88
445.43,686.99,56.556,112
447.83,689.45,56.392,111.68
450.23,692.05,56.147,111.19
451.96,693.63,55.757,110.42
454.09,696.03,55.826,110.56
455.45,697.64,55.482,109.88
457.74,699.12,55.165,109.25
459.39,700.07,54.99,108.9
462.83,702.07,54.417,107.77
464.6,701.78,54.196,107.33
466.2,700.91,53.784,106.51
467.91,700.92,53.362,105.68
466.9,694.13,52.971,104.9
465.97,684.8,53.047,105.05
466.99,709.55,53.171,105.3
470.8,713.36,53.5,105.95
472.79,713.64,53.634,106.22
473.66,712.6,53.728,106.4
474.72,711.56,53.811,106.57
476.22,711.09,53.979,106.9
477.5,712.99,54.362,107.66
478.39,715.57,54.25,107.44
479.14,714.5,54.601,108.13
480.05,714.17,54.931,108.79
487.78,712.22,54.743,108.41
492.57,711.55,54.879,108.68
492.26,711.64,55.14,109.2
492.04,712.12,54.917,108.76
486.59,714.32,55.215,109.35
501.26,707.31,55.167,109.25
504.62,706.61,55.532,109.97
505.25,707.6,55.943,110.79
505.62,707.25,56.354,111.6
509.44,706.55,56.547,111.99
511.37,707.48,56.787,112.46
511.57,707.44,57.227,113.33
512.71,707.71,57.529,113.93
514.02,706.74,57.497,113.87
515.36,706.33,57.797,114.46
515.47,707,57.745,114.36
517.84,707.9,57.92,114.7
518.72,709.6,58.319,115.49
521.46,709.75,58.565,115.98
521.78,711.94,58.626,116.1
522.04,714.64,58.506,115.86
520.88,716.82,58.64,116.13
520,717.61,58.568,115.99
516.37,718.88,58.664,116.18
517.8,719.33,58.655,116.16
523.23,720.56,58.974,116.79
522.32,718.75,58.987,116.82
522.22,717.83,59.1,117.04
521.47,717.39,59.124,117.09
521.08,717.1,59.261,117.36
520.84,717.05,59.568,117.97
520.33,715.82,59.703,118.24
518.99,714.97,59.591,118.01
519.39,714.92,59.452,117.74
519.42,714.07,59.671,118.17
517.61,713.33,59.801,118.43
516.89,713.86,59.912,118.65
516.33,712.16,59.716,118.26
515.7,712.15,59.502,117.84
515.29,712.77,59.357,117.55
513.53,712.62,59.408,117.65
513.06,712.75,59.212,117.26
513.07,717.59,58.841,116.53
512.09,714.39,58.618,116.09
512.14,715.27,58.376,115.61
511.92,715,58.13,115.12
511.63,714.56,58.122,115.1
512.09,714.85,58.124,115.11
511.44,713.16,58.098,115.06
512.02,712.95,58.173,115.21
511.93,713.07,58.174,115.21
512.39,712.91,58.196,115.25
512.94,712.96,58.266,115.39
512.96,712.83,58.384,115.62
512.47,711.76,58.736,116.32
512.41,710.43,58.864,116.57
513.19,710.27,59.456,117.75
512.67,709.79,59.775,118.38
512.69,709.67,59.901,118.63
512.96,709.64,60.131,119.08
512.89,709.28,60.362,119.54
512.47,708.1,60.594,120
512.08,707.97,60.565,119.94
512.17,707.76,60.648,120.11
511.5,706.93,60.88,120.57
511.92,707.31,61.052,120.91
511.14,706.62,61.276,121.35
510.47,705.94,61.65,122.09
510.17,705.57,61.738,122.27
510.22,706.36,61.626,122.04
509.2,705.42,61.832,122.45
509.31,706.26,61.615,122.02
508.92,706.14,61.38,121.56
509.1,706.12,61.152,121.1
509.37,706.36,60.95,120.7
508.18,705.29,61.515,121.82
508.85,705.48,61.502,121.8
508.66,705.42,61.489,121.77
508.33,705.23,61.571,121.94
507.73,705.58,61.276,121.35
507.84,704.75,61.335,121.47
507.35,704.38,61.287,121.37
507.75,703.6,61.28,121.36
507.95,703.46,61.483,121.76
508.02,703.07,61.682,122.15
507.63,702.2,62.006,122.8
508.36,701.54,62.123,123.03
508.71,702.09,62.284,123.35
508.88,701.32,62.295,123.37
508.51,700.94,62.488,123.75
509.19,700.81,62.652,124.07
509.25,700.86,62.765,124.3
509.29,700.59,62.758,124.29
509.24,700.2,62.808,124.39
508.7,698.9,63.021,124.81
509.75,699.81,62.76,124.29
509.4,698.86,62.801,124.37
509.23,698.26,62.81,124.39
508.76,697.38,62.779,124.33
508.89,696.5,62.951,124.67
507.95,694.6,63.228,125.22
507.72,694.13,63.329,125.42
507.66,693.81,63.485,125.72
506.55,692.64,63.478,125.71
505.68,691.49,63.564,125.88
505.42,690.6,63.538,125.83
504.04,689.35,63.67,126.09
503.6,689,63.763,126.28
502.86,688.34,64.03,126.8
501.67,686.81,64.251,127.24
500.56,686.07,64.464,127.66
498.72,684.43,64.969,128.66
497.05,683.82,65.706,130.12
494.88,682.56,66.258,131.22
493.62,681.14,66.635,131.96
491.04,679.06,66.897,132.48
488.34,678.16,66.964,132.61
485.08,674.44,67.025,132.74
482.38,672.78,67.224,133.13
480.43,671.79,67.366,133.41
477.8,669.4,67.185,133.05
475.44,666.93,67.267,133.21
476.72,667.17,66.786,132.26
475.46,665.9,66.753,132.2
473.68,662.96,66.541,131.78
473.64,663.43,66.174,131.05
473.59,662.28,66.001,130.71
471.69,660.47,65.693,130.1
471.86,660.26,65.454,129.62
472.23,658.56,65.117,128.96
472.23,658.44,64.951,128.63
472.37,658.15,64.82,128.37
472.68,655.76,64.635,128
472.13,654.77,64.414,127.56
472.4,653.33,64.39,127.52
472.78,653.81,64.109,126.96
472.71,652.77,64.017,126.78
472.65,652.02,64.167,127.07
472.58,651.14,64.228,127.2
472.11,649.76,64.273,127.29
472.33,649.09,64.285,127.31
472.35,647.85,64.337,127.41
471.78,647.1,64.326,127.39
471.08,645.32,64.422,127.58
471.01,643.92,64.191,127.12
470.64,643.55,64.182,127.11
469.14,641.9,64.241,127.22
469.44,640.74,64.159,127.06
469.32,639.72,64.174,127.09
468.89,638.45,64.023,126.79
469.04,637.76,64.044,126.83
468.77,636.83,63.926,126.6
468.31,635.56,63.914,126.58
467.39,633.42,64.029,126.8
467.81,632.91,63.788,126.32
467.16,631.13,63.805,126.36
467.11,629.72,63.79,126.33
466.14,628.17,63.82,126.39
465.32,626.36,64.085,126.91
465.3,625.29,63.979,126.7
466.14,624.94,63.717,126.19
465.37,623.6,63.703,126.16
465.24,622.04,63.689,126.13
465.03,620.39,63.569,125.89
464.23,618.75,63.623,126
464.75,618.09,63.531,125.82
463.77,615.89,63.494,125.74
463.42,614.32,63.707,126.16
463.78,613.65,63.53,125.81
462.28,610.99,63.92,126.59
461.99,609.64,64.086,126.91
461.69,607.85,64.181,127.1
461.15,606.31,64.511,127.76
460.61,604.22,64.517,127.77
459.9,603.09,64.796,128.32
459.17,601.41,64.811,128.35
458.7,600.05,65.028,128.78
458.29,597.95,65.301,129.32
457.56,596.83,65.371,129.46
456.69,594.76,65.366,129.45
455.65,593.85,65.728,130.17
454.64,591.73,65.634,129.98
454.27,590.62,65.855,130.42
453.32,588.82,65.922,130.55
452.8,587.19,65.898,130.5
453.23,585.12,65.883,130.47
453.06,583.94,66.305,131.31
452.23,583.29,66.302,131.3
451.55,582.23,66.369,131.44
450.76,581.22,66.216,131.13
450.63,580.69,66.33,131.36
450.75,579.51,66.594,131.88
450.98,580.26,66.385,131.47
450.49,579.7,66.333,131.37
451.08,580,66.053,130.81
451.59,579.06,66.27,131.24
451.59,579.76,66.201,131.1
452.06,580.01,66.18,131.06
452.65,580.39,65.712,130.14
451.96,579.36,65.64,129.99
452.02,580.2,65.45,129.62
451.35,579.99,65.381,129.48
450.93,579.41,65.602,129.92
451.1,580.4,65.34,129.4
450.67,579.42,65.409,129.54
450.6,579.33,65.291,129.3
450.75,579.13,65.106,128.94
450.59,578.07,65.319,129.36
450.49,578.17,65.386,129.49
449.56,577.44,65.638,129.99
449.3,577.22,65.819,130.35
448.9,576.9,65.598,129.91
448.64,577.2,65.703,130.12
448.25,576.78,65.679,130.07
448.24,577,65.552,129.82
448.07,577.32,65.36,129.44
448.17,577.75,65.181,129.08
447.21,577.19,65.192,129.1
446.84,576.52,65.481,129.68
446.52,576.87,65.306,129.33
446.62,577.45,65.229,129.18
446.2,577.35,65.222,129.17
445.89,577.26,65.23,129.18
445.7,577.22,65.227,129.18
445.84,576.76,65.454,129.62
444.76,576.35,65.753,130.22
444.82,576.64,65.788,130.29
444.92,576.77,65.706,130.12
444.9,576.74,65.766,130.24
445.31,578.09,65.319,129.36
445.9,579.04,65.567,129.85
446.67,580,65.777,130.26
447.17,579.93,65.52,129.76
447.65,579.24,65.264,129.25
448.59,580.41,64.678,128.09
449.02,580.62,64.526,127.79
448.29,580.6,64.355,127.45
448.88,580.62,64.234,127.21
448.07,579.65,64.056,126.86
449.08,580.22,63.437,125.63
448.03,579.77,63.848,126.44
447.57,577.83,63.704,126.16
448.4,578.55,63.717,126.18
448.59,578.08,63.337,125.43
449.46,578.5,62.907,124.58
464.71,597.94,63.368,125.49
464.48,600.13,63.552,125.86
466.78,601.7,63.48,125.71
467.43,602.33,64.043,126.83
472.01,603.55,63.857,126.46
481.06,610.05,62.847,124.46
483.15,611.2,62.367,123.51
486.36,612.81,61.508,121.81
487.99,614.08,60.988,120.78
488.79,614.67,60.244,119.31
489.55,616.82,60.091,119
490.78,617.4,59.879,118.58
492.63,618.7,60.072,118.97
493.39,620.1,60.228,119.28
496.02,624.09,60.079,118.98
497.63,624.06,60.457,119.73
500.08,625.61,61.128,121.06
501.53,625.99,61.151,121.1
502.92,626.17,61.358,121.51
504.89,626.76,61.534,121.86
506.67,628.6,61.932,122.65
507.53,629,62.331,123.44
510.3,632.32,62.675,124.12
511.78,633.7,62.867,124.5
514.03,633.98,62.646,124.06
513.89,634.66,62.786,124.34
514.04,633.73,62.574,123.92
514.55,634.22,62.67,124.11
515.81,635.36,62.868,124.5
517.76,637.28,62.478,123.73
518.49,637.94,62.238,123.26
520.07,639.52,61.429,121.65
523.7,641.52,60.777,120.36
524.22,640.59,61.067,120.94
526.31,642.01,61.091,120.98
528.38,642.25,60.751,120.31
528.11,643.62,60.308,119.43
530.13,642.9,59.921,118.67
532.24,644.51,59.798,118.42
532.74,644.46,59.552,117.94
533.58,644.42,59.424,117.68
534.81,643.2,59.452,117.74
541.18,662.1,59.895,118.62
543.6,658.68,60.723,120.25
544.79,660.37,60.958,120.72
547.14,661.35,61.715,122.22
549.2,662.06,62.287,123.35
559.46,629.36,62.335,123.45
561.28,627.83,62.285,123.35
563.85,628,62.142,123.07
566.39,629.67,61.825,122.44
569.3,631.53,61.962,122.71
567.89,629.43,62.114,123.01
568.83,629.96,62.063,122.91
570.93,632.51,62.069,122.92
571.14,631.98,61.964,122.71
569.2,630.82,61.8,122.39
570.32,630.29,61.548,121.89
572.06,630.26,61.687,122.16
580.41,645.93,61.745,122.28
580.83,646,61.788,122.36
581.22,646.17,62.324,123.43
581.69,644.97,62.635,124.04
582.55,643.49,62.826,124.42
585.1,643.04,62.976,124.72
585.11,637.83,62.848,124.46
590.99,631.69,62.339,123.46
591.03,638.82,62.123,123.03
594.46,638.3,62.303,123.38
597.92,630.25,62.14,123.06
600.76,631.87,61.949,122.68
602.44,628.75,61.701,122.19
604.84,627.72,61.586,121.96
606.86,625.63,61.49,121.77
606.66,626.33,61.374,121.54
606.11,626.78,61.443,121.68
606.39,627.37,61.852,122.49
606.27,626.05,62.069,122.92
607.26,626.07,62.439,123.65
607.55,623.85,62.887,124.54
607.2,623.82,63.176,125.11
608.19,624.2,63.526,125.81
609.5,622.24,64.107,126.96
609.16,619.58,64.518,127.77
611.85,615.6,64.873,128.47
611.7,615.92,65.12,128.96
619.16,615.07,66.076,130.86
614.55,612.92,66.903,132.49
615.56,608.68,67.313,133.31
616.97,606.66,67.163,133.01
618.58,603.69,67.113,132.91
618.21,601.84,66.882,132.45
619.58,601.7,67.135,132.95
618.21,597.99,66.783,132.26
618.09,597.35,66.226,131.15
617.69,599.23,66.043,130.79
616.1,597.84,65.684,130.08
615.98,596.7,65.535,129.78
616.42,596.36,65.358,129.44
616.1,595.08,65.363,129.45
615.89,593.95,65.147,129.02
615.05,591.16,65.084,128.89
614.72,589.22,65.097,128.92
614.9,589.08,65.366,129.45
614.87,586.8,65.655,130.02
615.5,585.76,65.988,130.68
615.38,583.6,65.843,130.4
616.51,581.02,65.753,130.22
616.93,577.6,65.542,129.8
618.57,576.21,65.349,129.42
619.11,573.57,65.045,128.81
618.46,573.17,64.706,128.14
619.22,573.04,64.069,126.88
619.57,571.16,63.697,126.15
619.69,571.43,63.564,125.88
618.16,569.63,63.658,126.07
617.48,569.66,63.537,125.83
614.24,567.85,63.561,125.88
612.47,567.83,63.76,126.27
610.42,567.54,64.115,126.97
608.59,564.89,64.434,127.6
607.72,563.18,64.646,128.03
606.82,562.42,65.001,128.73
605.09,560.43,65.285,129.29
601.77,558.55,65.049,128.82
601.21,555.51,64.967,128.66
599.34,552.03,64.9,128.53
596.08,549.72,64.749,128.23
594.23,544.7,64.909,128.54
592.3,543.67,65.081,128.89
588.81,543.9,64.819,128.37
587.1,538.96,64.203,127.15
584.4,538.67,63.411,125.58
582.85,537.56,63.061,124.89
581.16,537.51,62.845,124.46
578.44,537.18,62.404,123.58
576.48,535.9,62.211,123.2
573.86,533.88,62.167,123.12
572.49,533.35,62.368,123.51
570.06,532.26,62.419,123.61
568.47,531.64,62.77,124.31
566.34,529.99,63.021,124.81
563.76,528.74,63.461,125.68
560.86,525.97,63.802,126.35
558.94,524.05,64.102,126.95
556.93,522.07,64.217,127.17
555.89,520.59,64.574,127.88
554.01,518.94,64.899,128.52
552.48,516.95,65.215,129.15
551.11,514.6,65.159,129.04
548.92,511.71,64.941,128.61
548.54,509.39,64.852,128.43
547.59,506.82,64.25,127.24
546.62,505.6,64.031,126.81
545.27,504.34,63.792,126.33
543.06,502.57,63.721,126.19
542.73,501.12,63.588,125.93
542.17,500.64,63.394,125.54
542.71,499.74,63.329,125.42
542.18,499.05,63.324,125.41
541.56,498.92,63.499,125.75
540.58,497.61,63.631,126.01
539.67,496.61,63.663,126.08
538.39,496.18,63.854,126.46
536.09,493.6,63.775,126.3
534.98,493.6,63.769,126.29
532.62,492.63,63.344,125.45
531.17,492.03,62.903,124.57
527.91,490.04,62.307,123.39
526.37,489.32,62.007,122.8
523.42,487.79,61.671,122.13
521.37,486.25,61.647,122.09
519.84,483.97,61.625,122.04
517.61,482.35,61.364,121.53
515.06,481.86,61.13,121.06
513.06,480.86,61.303,121.4
511.75,480.87,61.093,120.99
511.03,480.28,61.4,121.6
510.1,479.35,61.6,121.99
508.67,478.41,61.646,122.08
508.01,477.18,61.652,122.09
506.89,476.72,61.355,121.51
506.55,476.68,61.355,121.51
505.96,475.9,61.502,121.8
505.81,475.08,61.831,122.45
505.11,473.96,62.171,123.12
504.28,473.02,62.069,122.92
504.03,472.9,62.136,123.05
502.95,471.46,62.323,123.42
501.94,470.26,62.277,123.33
501.07,469.35,62.11,123
500.86,468.12,62.239,123.26
500.07,467.07,61.953,122.69
499.08,465.64,62.006,122.8
498.29,464.7,62.24,123.26
497.47,462.92,62.528,123.83
496.36,460.92,62.882,124.53
495.44,458.43,62.846,124.46
494.23,456.83,62.796,124.36
493.74,455.83,62.727,124.22
493.42,454.93,62.815,124.4
492.45,452.94,62.778,124.33
491.98,452,62.691,124.15
491.23,450.62,62.391,123.56
490.61,449.15,62.284,123.35
489.61,447.22,61.933,122.65
489.57,446.62,61.472,121.74
490.23,446.01,61.547,121.89
489.89,444.88,61.615,122.02
489.61,444.18,61.554,121.9
489.85,443.22,61.776,122.34
489.5,441.87,62.258,123.3
489.27,439.81,62.574,123.92
488.65,438.96,62.738,124.25
488.44,437.24,63.106,124.97
487.75,435.63,63.09,124.94
487.63,434.05,63.028,124.82
486.78,431.67,62.828,124.42
485.74,429.29,62.512,123.8
484.78,426.68,62.694,124.16
484.46,424.44,62.988,124.74
483.32,421.77,63.361,125.48
482.83,419.02,63.263,125.29
482.35,416.66,63.22,125.2
482.32,415.4,63.446,125.65
481.81,413.94,63.776,126.3
481.61,411.8,63.899,126.54
482.16,410.06,64.038,126.82
483.56,408.5,64.32,127.38
483.69,405.82,64.798,128.33
483.81,403.85,65.467,129.65
484.84,402.93,65.99,130.69
485.66,401.29,66.974,132.64
486.47,397.76,67.517,133.71
488.43,395.3,67.925,134.52
490,393.46,68.466,135.59
491.42,392.07,69.083,136.81
492.78,390.33,69.738,138.11
494.63,385.66,70.1,138.82
495.97,382.72,70.664,139.94
499.17,379.17,70.724,140.06
501.43,375.15,70.437,139.49
503.35,371.77,70.171,138.97
504.99,369.66,69.392,137.42
508.77,366.92,68.613,135.88
511.68,363.27,68.118,134.9
514.47,362.69,67.665,134
515.82,361.21,66.992,132.67
518.41,359.86,66.69,132.07
519.69,358.35,66.29,131.28
521.33,356.52,65.97,130.65
523.07,354.58,65.76,130.23
524.35,352.28,65.315,129.35
526.24,351.46,65.161,129.04
527.08,349.25,64.873,128.47
528.19,348.06,64.804,128.34
529.05,346.61,64.512,127.76
530.31,344.8,64.667,128.07
531.13,343.39,64.828,128.38
531.63,341.24,64.471,127.68
532,339.44,64.323,127.38
533.02,337.49,64.523,127.78
533.46,332.71,64.391,127.52
533.71,329.76,64.499,127.73
533.46,326.03,63.821,126.39
533.49,323.58,63.464,125.68
533.89,321.05,63.062,124.89
534.02,319.56,62.986,124.74
534.37,317.87,62.8,124.37
534.79,316.7,62.808,124.38
534.87,316.1,62.222,123.22
535.45,315.46,62.01,122.8
536.32,315.43,61.699,122.19
537.55,314.13,61.39,121.58
538.77,312.41,61.401,121.6
539.53,310.91,61.505,121.8
539.78,309.38,61.709,122.21
540.21,308.07,61.924,122.63
540.23,305.65,62.21,123.2
540.94,303.66,62.603,123.98
541.29,300.76,63.223,125.21
541.11,298.43,63.616,125.98
541.56,295.31,63.939,126.62
541.19,292.42,64.313,127.36
541.69,289.23,64.326,127.39
542,287.64,64.246,127.23
542.39,283.49,63.995,126.73
542.74,282,63.565,125.88
543.53,281.14,63.286,125.33
544.27,279.23,62.795,124.36
545.75,278.23,62.545,123.86
546.76,275.44,62.533,123.84
546.99,273.75,62.449,123.67
548.25,272.14,62.48,123.73
549.81,271.05,62.497,123.77
550.16,270.23,62.356,123.49
550.86,269.54,62.375,123.53
550.74,269.65,62.475,123.72
550.79,269.14,62.461,123.7
550.13,269.04,62.663,124.1
549.12,266.8,62.93,124.63
548.79,267.04,62.9,124.57
547.03,265.86,62.935,124.64
547.56,264.33,62.397,123.57
547.55,264.49,62.3,123.38
546.63,263.38,62.257,123.29
545.36,261.79,62.14,123.06
544.95,260.19,61.869,122.53
543.89,260.14,61.326,121.45
545.46,258.81,61.298,121.39
550.48,270.01,61.706,122.2
547.7,259.83,61.744,122.28
546.39,258.01,61.649,122.09
547.58,257.9,61.449,121.69
547.02,256.02,61.44,121.68
549.11,255.69,61.671,122.13
547.95,254.96,61.531,121.86
549,254.81,61.514,121.82
548.61,253.89,61.083,120.97
547.88,253.06,60.672,120.15
546.52,252.79,60.247,119.31
549.26,253.87,60.333,119.48
547.42,252.46,60.418,119.65
547.39,251.83,60.502,119.82
545.2,250.07,60.477,119.77
543.35,247.09,59.863,118.55
544.08,246.81,59.504,117.84
544.89,245.94,59.04,116.92
545.05,245.14,58.665,116.18
545.21,244.65,58.778,116.4
545.8,244.49,58.925,116.7
546.85,243.67,58.739,116.33
546.75,243.86,58.642,116.13
548.95,243.3,58.584,116.02
549.02,242.76,58.411,115.68
548.98,240.26,58.59,116.03
549.01,241.94,58.542,115.94
549.44,242.67,58.2,115.26
548.1,242.78,58.344,115.54
549.65,241.49,58.13,115.12
549.87,241.1,58.268,115.39
550.58,241.48,58.124,115.11
550.69,242.32,58.251,115.36
550.26,241.6,58.473,115.8
544.9,253.53,59.023,116.89
546.69,248.86,59.188,117.22
546.68,253.98,59.717,118.26
545.8,253.35,60.042,118.91
545.08,254.92,60.197,119.21
546.05,260.53,60.48,119.77
544.85,260.37,60.663,120.14
543.44,259.85,60.564,119.94
544.18,264.17,60.974,120.75
544.09,263.5,60.916,120.64
544.14,264.77,60.589,119.99
543.77,265.16,60.114,119.05
543.49,266.9,59.897,118.62
544.12,265.15,59.73,118.29
542.99,265.92,59.732,118.29
543.65,265.73,59.846,118.52
545.07,266.04,59.849,118.53
545.1,266.32,59.655,118.14
545.17,266.91,59.667,118.16
546.4,266.53,59.354,117.54
546.72,266.71,59.202,117.24
548.3,267.51,59.519,117.87
548.73,267.83,59.851,118.53
549.84,267.5,60.284,119.39
548.88,267.75,60.767,120.34
548.82,267.24,61.02,120.84
549.65,267.14,60.935,120.68
550.22,267.41,61.726,122.24
549.43,266.2,62.151,123.08
549.52,264.94,62.536,123.85
549.05,263.69,62.671,124.11
549.62,264.04,63.085,124.93
550.18,263.88,63.437,125.63
549.68,262.6,63.768,126.29
549.68,262.54,63.619,125.99
550.03,262.28,63.557,125.87
549.53,261.16,63.147,125.06
549.68,260.98,63.252,125.26
549.93,260.95,63.13,125.02
549.76,260.01,62.727,124.22
550.21,260.16,62.445,123.67
551.13,259.37,62.202,123.18
551.55,259.53,61.998,122.78
552.99,259.31,61.935,122.66
553.89,258.42,62.072,122.93
555.33,258.04,62.177,123.13
556.41,258.48,62.24,123.26
557.85,259.75,62.221,123.22
557.71,259.61,62.863,124.49
558.66,259.46,63.17,125.1
559.65,259.1,63.385,125.53
561.68,259.92,63.091,124.95
562.25,260.58,63.397,125.55
562.92,260.16,63.62,125.99
563.37,259.92,63.694,126.14
563.72,259.97,63.654,126.06
564.55,259.97,63.574,125.9
565.03,260.58,63.471,125.7
565.98,260.65,63.526,125.81
566.73,261.17,63.456,125.67
567.65,260.97,63.176,125.11
568.19,262.16,63.027,124.82
570.04,263.13,63.061,124.89
570.85,264.09,63.07,124.9
571.65,264.26,62.991,124.75
572.46,264.94,63.056,124.88
573.87,265.99,62.932,124.63
573.96,265.87,63.056,124.88
575.27,266.99,62.944,124.65
575.43,266.99,63.077,124.92
577.2,268.47,63.181,125.12
577.57,268.69,63.223,125.21
578.58,269.37,63.224,125.21
579.05,269.45,63.338,125.43
580.35,270.97,63.37,125.5
580.97,270.82,63.609,125.97
581.71,271.77,63.765,126.28
582.6,272.63,63.934,126.61
583.53,273.84,63.754,126.26
584.27,274.12,63.824,126.4
584.91,274.72,63.81,126.37
585.87,275.35,63.798,126.34
586.37,275.9,63.791,126.33
587.58,277.07,63.78,126.31
588.83,278.18,63.99,126.72
589.83,279.14,64.137,127.02
590.34,279.03,64.365,127.47
591.4,279.97,64.63,127.99
592.55,281.64,64.686,128.1
593.33,282.21,64.772,128.27
594.05,282.88,64.728,128.19
594.7,283.45,64.649,128.03
595.82,285,64.758,128.25
596.41,285.72,64.887,128.5
597.74,286.8,65.16,129.04
598.32,287.62,65.254,129.23
599.57,288.78,65.358,129.43
600.1,289.14,65.469,129.65
601.11,289.67,65.228,129.18
602.46,291.4,65.38,129.48
602.67,292.31,65.254,129.23
604,293.48,65.48,129.68
604.56,294.1,65.332,129.38
605.62,295.24,65.512,129.74
605.79,295.87,65.688,130.09
606.59,296.8,65.868,130.44
608.06,298.52,65.727,130.16
608.72,299.37,65.666,130.04
609.78,300.58,65.922,130.55
610.45,301.69,65.994,130.69
611.33,302.73,65.991,130.69
612.54,304.27,66.138,130.98
612.41,304.77,66.068,130.84
613.4,306.28,65.954,130.61
614.15,308.03,66.076,130.86
614.52,308.69,65.848,130.4
615.08,310.1,65.74,130.19
615.33,310.86,65.693,130.1
616.12,312.09,65.747,130.2
616.71,313.22,65.5,129.71
616.96,314.71,65.494,129.7
617.52,316.04,65.215,129.15
618.83,317.62,65.05,128.82
618.95,319.51,64.829,128.39
619.36,320.31,64.947,128.62
619.97,321.58,65.465,129.65
620.77,322.94,65.524,129.76
622.58,324.99,65.488,129.69
622.45,325.97,65.258,129.24
623.92,328.16,65.406,129.53
623.98,329.03,65.359,129.44
625.5,331.28,65.173,129.07
625.69,332.46,64.862,128.45
626.64,333.73,64.95,128.63
627.56,335.37,65.15,129.02
628.3,337.07,65.079,128.88
628.72,338.59,64.9,128.53
629.55,340.33,65.011,128.75
630.11,341.95,65.161,129.05
630.51,343.05,64.769,128.27
631.58,345.03,64.568,127.87
