1468,941,58,106
1467.1,938.34,58.385,106.7
1466.6,936.1,58.177,106.32
1465.8,932.41,58.496,106.91
1465.7,930.51,57.977,105.96
1465.1,928.84,58.85,107.55
1465.2,926.61,58.745,107.36
1464.9,924.04,58.967,107.77
1465.9,923.13,58.055,106.1
1466.4,922.07,56.987,104.15
1466.4,920.07,56.81,103.82
1465.5,917.65,57.206,104.55
1465.5,916.03,57.341,104.79
1465.3,913.14,58.911,107.67
1464.7,910.62,59.27,108.32
1463.8,908.57,59.776,109.25
1463.9,904.55,60.408,110.4
1463.1,902.79,61.376,112.17
1463,899.78,62.036,113.38
1462,896.67,62.688,114.57
1461,893.46,62.634,114.47
1460.5,891.25,62.57,114.35
1460.4,888.51,61.502,112.4
1460.4,887.58,60.713,110.96
1460,886.61,59.972,109.6
1459.3,884.25,59.368,108.5
1458.1,883.14,58.459,106.84
1456.9,882.13,57.423,104.94
1456,880.53,57.2,104.54
1456.2,878.64,57.273,104.67
1454.4,876.77,57.629,105.32
1453,873.69,58.649,107.19
1452.2,871.33,59.052,107.92
1451,868.04,60.18,109.98
1451.1,864.65,59.732,109.16
1451.4,863.6,59.823,109.33
1451.1,861.71,59.806,109.3
1451.3,859.38,59.083,107.98
1451.6,857.38,58.776,107.42
1451.8,855.33,58.301,106.55
1452.6,853.98,57.33,104.78
1452.5,851.75,57.872,105.77
1452.3,849.27,57.869,105.76
1452.6,846.81,58.32,106.59
1453.5,845.03,58.087,106.16
1453.5,842.34,58.312,106.57
1453.9,840.25,58.252,106.46
1453.7,838.35,59.152,108.11
1453.5,835.54,59.719,109.14
1454,832.93,60.215,110.05
1453.6,829.98,60.348,110.29
1453.2,828.32,60.161,109.95
1452.7,826.12,59.83,109.35
1451.9,825.17,59.573,108.87
1451.7,824.03,58.976,107.78
1451.7,822.97,58.782,107.43
1450.7,821.19,58.514,106.94
1449.8,819.56,58.378,106.69
1449.7,817.89,58.155,106.28
1448.7,815.51,58.395,106.72
1448.4,812.98,58.896,107.64
1447.4,809.3,59.66,109.03
1447.2,806.91,60.067,109.78
1447.3,803.95,59.439,108.63
1447.4,801.81,58.721,107.32
1447.7,800.68,58.493,106.9
1447.6,798.16,57.676,105.41
1448.7,796.79,57.204,104.55
1449.5,795.49,56.272,102.84
1450.5,793.81,55.508,101.45
1450.9,792.39,54.699,99.967
1450.7,791.11,54.594,99.776
1451,788,55.447,101.33
1451.1,785.97,55.642,101.69
1451.5,783.81,56.607,103.45
1452,781.81,56.767,103.75
1452.2,779.25,56.746,103.71
1451.8,777.58,57.136,104.42
1451.6,775.66,56.909,104.01
1451.5,774.08,56.603,103.45
1451.5,772.75,56.347,102.98
1450.5,771.22,56.436,103.14
1449.4,769.32,56.54,103.33
1448.8,768.68,56.274,102.85
1448.8,768.19,55.867,102.1
1447.2,766.9,55.861,102.09
1447,766.03,55.773,101.93
1446.4,764.85,56.105,102.54
1445.1,761.51,55.027,100.57
1444.9,761.39,55.213,100.91
1444.9,760.78,55.932,102.22
1443.4,756.12,56.034,102.41
1443.1,754.9,57.07,104.3
1442.3,751.98,58.203,106.37
1440.8,747.88,57.44,104.98
1441.3,747.37,57.77,105.58
1441,746.03,58.493,106.9
1440.5,744.69,59.498,108.74
1440.2,741.25,58.706,107.29
1440.6,740.98,59.417,108.59
1439.9,739.4,59.86,109.4
1439.6,737.47,60.313,110.23
1439.9,735.31,60.673,110.88
1439.5,732.79,60.798,111.11
1438.7,730.09,60.943,111.38
1439.3,728.43,60.773,111.07
1438.9,725.45,60.401,110.39
1438.8,724.26,59.902,109.48
1438.6,722.17,60.024,109.7
1437.8,720.1,60.097,109.83
1436.6,716.58,59.548,108.83
1436.3,716.19,59.092,107.99
1436,713.38,58.466,106.85
1434.5,712.75,58.992,107.81
1433.5,711.18,59.835,109.35
1432.3,708.84,59.915,109.5
1431.9,707.05,60.218,110.05
1430.8,703.23,59.415,108.59
1430.3,703.17,59.403,108.56
1429.9,700.83,59.977,109.61
1429.7,697.99,60.342,110.28
1429.3,695.24,60.524,110.61
1428.3,692.49,60.704,110.94
1428.2,690.51,60.951,111.39
1428.1,688.66,60.842,111.19
1427.2,686.87,60.764,111.05
1427,684.94,60.6,110.75
1426.8,683.89,60.879,111.26
1426.5,681.41,60.632,110.81
1426.7,679.23,60.631,110.81
1426.4,677.56,60.027,109.71
1426.2,675.01,60.148,109.93
1425.5,671.87,59.984,109.63
1425.9,669.74,59.83,109.35
1424.9,666.83,59.893,109.46
1424.9,664.11,59.777,109.25
1424.7,661.35,59.476,108.7
1424.6,659.19,59.371,108.51
1425.1,657.36,59.451,108.65
1424.5,655.25,59.048,107.92
1424.8,654.2,59.172,108.14
1424,651.92,58.845,107.54
1423.5,650.04,58.71,107.3
1424.5,649.31,57.947,105.9
1424.1,648,57.174,104.49
1422.8,646.94,56.346,102.98
1421.6,645.71,56.687,103.6
1420.7,644.25,56.617,103.47
1419.2,643.01,56.666,103.56
1418.2,641.3,56.654,103.54
1417.4,640.53,56.818,103.84
1416.2,638.55,56.549,103.35
1415.7,637.27,56.801,103.81
1415.6,634.49,55.924,102.21
1416.2,635.34,56.158,102.63
1415.2,634.05,56.212,102.73
1415,633.34,56.425,103.12
1414.8,632.94,56.278,102.85
1415.3,632.88,56.649,103.53
1415,632.58,56.838,103.88
1414.6,632.82,56.807,103.82
1415.1,633.2,56.029,102.4
1416.2,634.12,55.905,102.17
1416,633.9,55.603,101.62
1417.1,634.25,55.448,101.34
1417.2,633.66,54.909,100.35
1417.9,633.61,54.656,99.888
1419.1,634.08,54.333,99.299
1419.7,634.2,54.462,99.535
1419.8,633.24,54.303,99.244
1420.9,634.21,54.413,99.444
1421.1,633.92,54.426,99.469
1420.9,634.26,54.137,98.941
1421.4,635.2,54.109,98.89
1421.3,636.12,54.063,98.804
1422,637.71,53.813,98.348
1421.8,638.79,53.175,97.181
1421.8,640.29,53.18,97.191
1421.6,642.04,53.024,96.905
1422,643.72,53.674,98.094
1421.6,645.38,53.855,98.425
1420.6,646.27,54.178,99.014
1420.1,647.37,54.897,100.33
1419.4,648.82,55.651,101.71
1419.1,649.34,56.147,102.61
1418,649.22,56.31,102.91
1418.1,650.18,56.417,103.11
1416.9,650.5,56.497,103.25
1416.4,650.51,56.118,102.56
1417.1,651.9,55.76,101.91
1417.2,653.39,55.532,101.49
1416.8,654.19,56.162,102.64
1416.7,655.42,55.856,102.08
1417,656.87,55.813,102
1417.3,658.31,55.838,102.05
1417.3,658.95,55.01,100.54
1418.4,660.28,55.34,101.14
1418.4,660.31,55.321,101.1
1419.4,661.56,55.331,101.12
1420,661.4,54.992,100.5
1420.8,662.22,54.361,99.35
1421.9,662.15,54.206,99.066
1423.1,662.73,53.323,97.453
1423.9,663.12,53.386,97.568
1424.4,662.94,53.245,97.309
1424.7,663.35,52.499,95.946
1425.2,663.38,51.978,94.994
1425.9,664.32,51.62,94.341
1426,664.39,51.416,93.967
1425.7,664.35,51.778,94.628
1424.7,664.49,51.663,94.419
1425,665.43,51.828,94.721
1424,665.87,51.603,94.308
1423.1,667.27,51.658,94.409
1421.8,668.02,52.014,95.059
1420.8,669.14,51.758,94.592
1419.3,669.92,51.584,94.275
1417.9,670.29,51.726,94.533
1417.1,671.73,51.891,94.835
1415.6,671.98,51.807,94.681
1413.8,672.46,52.103,95.222
1412.3,672.81,52.085,95.191
1411.5,672.8,52.084,95.187
1410.1,672.83,52.45,95.856
1408.5,673.09,52.23,95.455
1407.9,673.81,51.807,94.681
1407.1,675.02,52.093,95.204
1406.5,675.73,52.316,95.612
1406.3,676.44,52.618,96.164
1406.2,677.27,52.205,95.408
1405.2,677.29,52.118,95.25
1405,677.75,51.689,94.465
1405.1,678.33,51.306,93.767
1404.5,678,52.09,95.198
1403.2,677.35,52.228,95.451
1402.5,676.99,52.411,95.785
1402.3,677.07,52.641,96.206
1401.7,676.52,52.636,96.196
1401.3,676.16,52.574,96.084
1400.2,675.24,52.839,96.568
1399.5,674.89,52.626,96.178
1399.4,675.45,52.793,96.484
1398.2,675.47,52.276,95.538
1398.1,676.09,52.229,95.453
1396.5,676.33,51.502,94.124
1395.3,676.56,51.064,93.323
1393.8,676.48,51.268,93.696
1392.5,676.27,51.353,93.852
1390.6,675.01,52.02,95.07
1388.8,674.51,52.04,95.107
1387.4,673.58,52.136,95.283
1385.9,671.99,52.132,95.277
1385.1,671.05,51.981,95
1384.5,670.64,51.857,94.774
1383.2,669.36,51.641,94.379
1383,669.11,51.091,93.373
1382.2,668.2,50.95,93.115
1381.9,667.71,50.826,92.888
1381.3,666.87,50.214,91.77
1381.4,666.2,49.799,91.011
1381.4,665.15,49.648,90.737
1382.5,664.4,49.739,90.903
1382.6,662.85,50.087,91.538
1383.1,661.23,50.079,91.525
1383,659.63,50.411,92.13
1382.9,657.86,50.565,92.412
1382.5,656.17,50.396,92.103
1383.3,654.67,50.602,92.479
1383,652.54,50.391,92.094
1382.9,651.56,49.72,90.868
1382.9,650.46,49.153,89.832
1382.6,649.21,48.47,88.583
1382.2,647.84,48.263,88.205
1381.7,646.58,48.216,88.118
1381.2,645.59,47.749,87.266
1380.9,644.54,48.365,88.391
1380.2,643.96,48.649,88.91
1379.3,642.17,49.758,90.936
1378.5,640.86,50.588,92.454
1376.9,638.91,51.569,94.247
1375.9,636.53,52.561,96.061
1374.7,634.68,53.614,97.984
1374.6,633.41,54.536,99.67
1373.1,630.72,55.628,101.66
1373.1,629.24,56.012,102.37
1373.1,627.28,56.26,102.82
1372.6,625.57,56.356,103
1372,624.42,56.413,103.1
1371.6,622.77,56.319,102.93
1371.8,621.25,56.441,103.15
1371.8,619.78,56.25,102.8
1371.9,618.95,56.718,103.66
1372.7,616.97,56.745,103.71
1372.7,615.81,56.31,102.91
1373.3,614.92,56.479,103.22
1373.1,613.19,56.655,103.54
1374.6,612.41,56.612,103.46
1374.9,610.66,56.483,103.23
1374.9,608.73,56.416,103.11
1375.3,607.03,56.383,103.05
1376.6,606.27,56.067,102.47
1376.8,604.65,56.08,102.49
1376.7,602.71,55.48,101.39
1377.1,600.74,55.342,101.14
1378.1,600.02,55.183,100.85
1377.6,598.06,55.297,101.06
1378,597.31,55.353,101.16
1377.7,596.09,55.465,101.37
1377.1,594.92,55.359,101.17
1377.3,594.5,55.062,100.63
1377.5,594.2,54.611,99.806
1377,594.13,54.338,99.308
1376.1,593.39,54.182,99.022
1375,592.79,54.098,98.869
1373.9,591.23,54.29,99.22
1373.8,590.26,54.458,99.526
1373.2,589.13,53.696,98.134
1373.1,588.01,53.58,97.922
1372.3,586.4,53.273,97.361
1372.2,585.4,53.39,97.575
1372.1,584,53.519,97.811
1371.5,583.03,53.118,97.078
1371.5,582.26,53.142,97.121
1371.4,581.51,53.036,96.928
1372,581.23,52.904,96.687
1372.3,580.66,52.225,95.445
1373,580.44,51.662,94.416
1373.7,580.34,51.623,94.346
1374.3,580.03,51.276,93.711
1374.6,579.21,50.894,93.013
1375.1,578.04,50.34,92
1376,577.4,50.11,91.581
1375.9,576.31,50.034,91.441
1376.3,574.7,50.149,91.651
1376.5,573.93,49.446,90.366
1377.1,573.45,49.041,89.627
1377.6,572.87,48.731,89.06
1378.1,572.19,48.477,88.596
1377.5,572.25,48.346,88.356
1377.4,571.29,48.566,88.759
1376.8,571.33,48.237,88.158
1376.1,571.12,48.421,88.494
1375.7,570.86,48.64,88.895
1374.7,570.64,49.472,90.415
1373,569.85,49.528,90.517
1371.6,569.03,49.273,90.051
1371.2,568.31,49.61,90.666
1370.2,567.85,49.49,90.448
1369.1,566.94,49.266,90.038
1369,566.51,49.323,90.142
1368.3,565.87,49.27,90.045
1367.9,565.01,49.127,89.784
1367.1,564.21,48.922,89.409
1366.7,563.8,48.617,88.851
1366.6,563.73,48.662,88.933
1366.4,563.12,48.78,89.149
1365.5,562.28,48.6,88.821
1366.4,562.19,48.113,87.931
1365.7,561.8,47.929,87.594
1365.3,561.38,47.608,87.009
1366,560.96,47.724,87.22
1365.9,560.46,47.576,86.95
1366.3,559.66,46.737,85.417
1366.7,558.51,47.187,86.239
1366.3,557.49,47.398,86.625
1367.1,556.67,47.492,86.797
1366.7,555.15,47.769,87.301
1366.8,554.24,47.713,87.199
1366.9,553.47,48.017,87.755
1366.2,552.24,48.712,89.025
1366,551.7,48.772,89.134
1365.5,550.59,48.732,89.062
1365.2,549.81,49.185,89.891
1364.5,549.42,48.773,89.137
1363.8,548.88,48.51,88.656
1363.6,548.77,48.522,88.678
1362.8,548.41,48.2,88.089
1362.2,548.22,48.025,87.77
1361.7,548.5,47.83,87.414
1360.3,547.83,47.851,87.452
1359.6,547.83,47.321,86.483
1359.1,547.67,47.488,86.788
1358,546.89,47.193,86.249
1357.2,546.07,47.088,86.058
1357,545.7,46.772,85.48
1356.5,545.12,46.356,84.72
1356.3,544.1,46.834,85.592
1355.1,543.01,46.696,85.34
1354.9,542.78,46.306,84.627
1354.4,542.4,46.523,85.025
1353.6,541.64,46.513,85.007
1353.5,541.22,46.235,84.499
1353.5,541,46.178,84.395
1353.1,540.25,46.348,84.706
1353.8,540.12,46.228,84.486
1353.3,539.03,46.501,84.985
1353.4,538.87,46.433,84.861
1354.1,538.57,46.638,85.234
1354,537.82,46.901,85.716
1354,537.2,46.287,84.593
1354.8,536.74,46.58,85.128
1354.6,535.72,46.338,84.687
1355.4,535.71,46.416,84.829
1355.5,535.14,46.652,85.26
1355.5,535.04,46.12,84.288
1355.2,534.47,45.535,83.22
1355,534.35,45.271,82.737
1355.6,534.38,44.851,81.97
1355.5,534.42,44.962,82.173
1355,534.82,44.861,81.987
1354.2,534.95,44.34,81.036
1353.2,535.65,44.275,80.916
1351.8,535.7,44.012,80.436
1350.8,536.79,44.159,80.705
1349.2,537.06,44.091,80.581
1347.9,537.58,44.813,81.899
1345.9,537.68,44.881,82.024
1344.3,538.58,45.077,82.382
1342.9,539.75,45.588,83.315
1341.7,539.59,45.624,83.382
1341,539.81,46.219,84.47
1339.8,539.47,46.562,85.097
1338.7,539.61,46.762,85.462
1338.2,539.7,47.038,85.967
1337.4,539.58,47.397,86.623
1337.2,539.79,47.296,86.437
1336.9,539.81,47.316,86.474
1336.6,540.33,47.002,85.9
1336.6,540.42,46.935,85.779
1336.4,540.6,46.69,85.33
1336.5,540.85,46.823,85.573
1336.5,540.82,46.381,84.765
1337,540.8,46.761,85.459
1337,540.66,46.957,85.819
1337.2,540.79,47.014,85.922
1337.4,540.1,46.875,85.668
1337.5,538.96,46.689,85.328
1338.1,538.23,46.584,85.136
1338.3,537.1,46.591,85.15
1338.6,536.44,46.32,84.653
1339.5,536.61,45.705,83.53
1340.2,536,45.208,82.622
1340.5,535.76,44.456,81.247
1340.7,535.34,44.252,80.875
1340.8,534.94,44.424,81.189
1341,535.29,44.466,81.265
1340.7,534.81,44.186,80.753
1340.3,534.23,44.513,81.352
1339.8,533.83,44.822,81.916
1339.2,533.86,45.092,82.409
1338.5,534.55,45.507,83.169
1337.4,534.84,45.348,82.877
1336.7,534.65,46.118,84.285
1335.2,534.35,46.442,84.877
1333.9,534.39,46.742,85.424
1333.2,534.71,46.786,85.506
1331.6,533.36,47.249,86.351
1330.6,532.85,47.277,86.402
1330.3,532.65,47.578,86.954
1329,531.78,47.582,86.96
1327.8,530.83,48.072,87.857
1326.8,530.13,48.654,88.919
1325.6,529.8,49.139,89.805
1324,528.71,49.379,90.244
1323.7,528.29,49.545,90.548
1322.8,527.47,49.397,90.278
1322.9,527.6,49.026,89.599
1323.1,527.45,48.776,89.142
1322.6,526.14,48.781,89.152
1323.2,525.53,47.992,87.709
1323.8,524.64,48.062,87.837
1324,523.56,48.114,87.932
1323.7,522.74,47.485,86.783
1323.8,522.32,47.066,86.016
1323.9,521.68,46.81,85.55
1323.9,520.42,46.491,84.966
1323.5,519.84,46.24,84.508
1323.8,519.83,45.481,83.12
1323.2,519.32,45.534,83.218
1323.3,519.42,44.938,82.127
1322.5,518.66,44.822,81.916
1321.8,518.24,45.326,82.838
1321.5,518.6,45.484,83.126
1320.2,517.85,45.847,83.789
1319.5,517.39,45.772,83.653
1319.2,517.18,46.121,84.29
1317.9,515.69,46.241,84.509
1317.5,515.06,46.31,84.636
1317.1,513.96,46.825,85.576
1315.8,512.78,46.67,85.293
1315.4,512.1,47.073,86.031
1314.8,510.64,47.283,86.414
1314.7,509.39,47.433,86.688
1315.3,508.52,47.005,85.905
1315.2,507.84,46.502,84.986
1315.5,506.48,45.752,83.617
1315.8,506.02,45.338,82.858
1316.5,504.98,45.047,82.327
1317.2,504.49,44.747,81.779
1322.7,503.56,44.851,81.968
1333.9,502.95,44.579,81.472
1347.6,502.99,44.709,81.71
1367.1,502.6,45.388,82.95
1388.5,502.21,45.836,83.769
1405.4,501.32,45.725,83.567
1422.1,501.09,45.922,83.927
1433.3,500.07,45.888,83.864
1440.3,498.8,45.834,83.765
1446,498.68,45.524,83.2
1450.2,497.88,45.641,83.412
1453.8,497.52,46.126,84.3
1455.4,497.22,45.734,83.583
1458.9,497.63,45.494,83.145
1461.4,497.55,44.795,81.867
1464.7,497.61,44.545,81.41
1469.2,498.03,44.091,80.58
1472.1,497.92,44.614,81.536
1471.7,497.47,44.908,82.074
1471.1,496.92,44.579,81.472
1471.1,496.7,44.327,81.011
1470.7,496.08,44.793,81.863
1469.9,495.43,44.621,81.549
1470.2,495.31,44.47,81.272
1469.3,494.05,44.277,80.919
1468.6,493.28,44.132,80.656
1468.6,492.83,43.878,80.191
1468.6,491.82,43.65,79.774
1469.1,491.25,43.511,79.52
1468.6,489.87,43.685,79.838
1468.7,488.66,44.227,80.828
1468.4,486.69,44.267,80.902
1468.3,484.78,44.731,81.749
1469.1,483.57,44.619,81.546
1469.1,482.14,44.957,82.162
1471.6,480.54,45.283,82.758
1475,478.94,45.759,83.628
1479.6,478.27,45.75,83.612
1483.9,477.24,46.267,84.558
1487.8,476.83,45.534,83.218
1492.9,475.98,45.579,83.299
1498.5,475.32,45.466,83.094
1503.7,474.78,45.456,83.074
1509.7,474.29,45.661,83.45
1516.4,473.71,46.323,84.659
1521.9,472.75,47.079,86.042
1528.3,471.94,47.078,86.039
1534.4,471.45,47.098,86.075
1534.7,469.86,47.159,86.188
1533.7,468.78,47.286,86.42
1532.7,467.27,47.566,86.93
1532.3,466.06,47.525,86.855
1533.8,464.1,47.87,87.486
1536.7,462.71,47.403,86.633
1538.6,461.62,47.504,86.817
1538.3,460.05,47.245,86.345
1539.1,458.76,47.422,86.668
1540.3,457.76,47.45,86.72
1539.8,455.95,47.298,86.441
1541.2,455.71,47.449,86.718
1541.6,454.73,47.382,86.595
1542.3,453.97,47.577,86.952
1542.2,452.51,47.751,87.269
1543.2,451.7,47.592,86.978
1543.6,449.92,47.72,87.213
1544.9,449.31,47.506,86.821
1545.4,448.34,46.941,85.789
1546.8,447.5,47.021,85.936
1547.5,445.48,47.432,86.686
1548.7,443.52,47.367,86.567
1550.3,442.07,47.07,86.025
1551.7,440.06,46.657,85.269
1553.1,438.39,46.256,84.537
1553.9,437.41,45.541,83.229
1554.8,436.84,45.053,82.337
1555.7,436.69,44.477,81.286
1555.6,435.91,43.998,80.41
1556.6,435.1,44.338,81.032
1556.8,434.95,44.247,80.866
1556.2,434.28,43.823,80.09
1556.4,433.64,43.459,79.425
1556.1,432.31,44.046,80.499
1556.3,431.13,44.332,81.02
1555.9,430.33,44.521,81.366
1555.6,429.32,44.424,81.189
1556.9,428.39,43.816,80.077
1556.4,426.39,44.052,80.51
1556.8,424.78,44.645,81.592
1556.9,423.36,45.027,82.292
1557.1,422.22,44.85,81.967
1557.1,420.82,44.372,81.094
1557.8,419.94,44.274,80.915
1557.3,418.09,44.152,80.691
1557.7,416.12,44.53,81.382
1558.4,414.91,44.309,80.979
1558.6,413.23,44.764,81.809
1558.8,411.69,45.399,82.97
1558.4,409.79,45.943,83.965
1557.9,407.66,46.152,84.346
1557.1,405.81,46.015,84.096
1557.6,404.56,45.73,83.575
1557.1,403.06,45.961,83.997
1556.6,401.4,45.928,83.937
1555.7,399.32,45.953,83.982
1555.1,397.55,46.226,84.482
1554.2,395.38,46.299,84.615
1553.9,393.95,46.232,84.493
1552.6,391.37,46.295,84.608
1552.2,389.7,46.31,84.636
1551.8,387.62,46.515,85.011
1550.9,384.62,46.25,84.525
1550.3,382.69,45.668,83.463
1550.2,380.74,45.289,82.77
1549.2,377.23,45.326,82.837
1548.7,374.25,45.083,82.393
1548,371,44.929,82.112
1547.4,367.66,44.854,81.974
1546.6,364.81,44.422,81.185
1546.8,361.94,44.09,80.578
1545.7,358.23,44.303,80.967
1544.7,354.68,44.679,81.655
1544.3,351.23,44.622,81.55
1543.8,348,44.81,81.895
1543,343.91,44.811,81.897
1542.3,340.02,44.769,81.82
1542.1,336.41,44.729,81.746
1541.4,332.67,44.427,81.195
1541.5,328.77,44.371,81.092
1540.8,324.83,44.364,81.079
1540.2,320.9,44.302,80.966
1539.5,316.7,44.713,81.718
1539.1,313.09,44.989,82.221
1538.4,309.44,44.908,82.073
1537.5,305.21,45.256,82.709
1537.7,301.72,45.251,82.7
1536.9,298.34,45.369,82.917
1537.2,295.06,45.218,82.639
1536.3,291.64,44.587,81.487
1536.2,288.16,43.949,80.32
1536.2,285.07,44.248,80.868
1535,281.6,44.257,80.883
1532.9,278.04,44.033,80.475
1526.3,274.24,44.239,80.85
1512.8,269.99,43.839,80.12
1497,266.02,43.557,79.605
1476,261.7,43.25,79.043
1453.8,257.29,42.718,78.07
1425,252.46,42.984,78.558
1398.2,248.05,43.341,79.21
1381.6,243.67,43.595,79.675
1372.9,239.21,42.973,78.537
1372.1,235.36,42.746,78.122
1371.9,231.09,42.565,77.791
1371.5,226.91,42.202,77.127
1370.7,222.2,42.222,77.164
1370.4,217.8,42.147,77.027
1370.2,213.25,42.056,76.861
1370.2,208.93,42.587,77.832
1369.5,204.35,42.317,77.338
1369.5,199.83,42.601,77.856
1368.8,194.9,42.451,77.582
1369.1,190.74,42.372,77.439
1369,185.54,42.316,77.337
1368.2,180.31,42.975,78.541
1367.4,175.18,43.461,79.43
1366.5,169.71,43.378,79.277
