1530,432,136,72
1525.2,433.64,135.3,71.628
1515.3,436.53,135.16,71.554
1510.9,437.71,135.7,71.839
1505.1,439.7,136.08,72.04
1500.8,441.74,136.34,72.182
1495,442.94,136.26,72.138
1491.7,444.05,138.3,73.216
1484,445.99,136.18,72.097
1481.2,447.81,137.69,72.896
1475.2,449.33,138.44,73.29
1468.3,449.91,138.88,73.524
1464.4,452.25,139.79,74.009
1458.2,453.24,138.64,73.396
1455.9,455.23,140.97,74.63
1447.2,456.44,140.76,74.523
1442.1,458.53,140.15,74.198
1438.4,460.97,140.73,74.502
1432.7,461.81,140,74.119
1430.3,464.29,139.74,73.978
1423.6,465.65,138.04,73.08
1419,466.9,139.27,73.729
1413.4,468.41,140.2,74.226
1408.7,471.3,140.16,74.204
1403,473.34,140.05,74.143
1397.9,474.26,140.99,74.644
1391.3,475.23,141.59,74.958
1388.7,477.4,141.95,75.151
1380.9,478.39,142,75.175
1376.3,480.04,142.12,75.239
1371,481.9,140.99,74.64
1366.9,483.22,141.45,74.884
1362.9,485.21,142.36,75.369
1356,487.08,142.61,75.5
1352,488.62,142.81,75.603
1346,489.85,143.24,75.833
1339.6,490.5,143.25,75.837
1336.1,491.65,143.67,76.063
1331.4,494.25,144.41,76.451
1324.2,494.75,144.16,76.319
1320.8,497.32,144.88,76.702
1315.1,498.95,144.47,76.487
1308.7,499.79,144.28,76.383
1304.8,500.5,144.86,76.689
1300.3,502.37,146.2,77.399
1293.8,503.91,146.3,77.452
1289.3,505.35,146.3,77.455
1283.5,506.86,146.84,77.741
1277.7,507.31,146.45,77.534
1274.6,509.26,147.03,77.837
1267.6,509.79,146.84,77.737
1263,511.26,146.7,77.665
1257.1,512.7,146.83,77.736
1251.9,513.76,146.99,77.817
1247.2,514.85,147.05,77.85
1242.9,515.92,147.21,77.936
1235.8,517.14,147.73,78.209
1231.2,519.54,148.27,78.494
1225.5,519.79,147.49,78.082
1221.2,521.42,148.17,78.445
1215.2,521.97,147.24,77.95
1210.3,523,147.16,77.907
1205.6,523.63,147.14,77.895
1199.5,525.07,146.66,77.643
1194.7,525.99,146.75,77.693
1189.2,527.26,146.8,77.716
1184.3,528.16,147.01,77.831
1178.3,529.06,147.15,77.903
1174.7,529.39,148.07,78.392
1168.3,530.75,147.66,78.174
1162.7,532.51,148.53,78.633
1159.5,532.48,148.91,78.834
1152.4,533.71,148.9,78.832
1147,534.66,148.98,78.871
1143.5,534.77,148.26,78.492
1136.8,534.61,148.32,78.521
1129.7,536.62,146.75,77.69
1126.2,536.27,147.29,77.978
1119.2,538.67,147.22,77.94
1114.5,538.16,146.67,77.651
1113,536.78,149.01,78.887
1100.3,543.63,144.06,76.265
1096.2,545.37,139.98,74.108
1086.7,545.82,138.83,73.496
1085.9,546.41,136.79,72.418
1083.5,545.56,137.06,72.56
1076.2,546.26,136.17,72.091
1073.2,546.99,136.3,72.157
1064.3,547.55,134.78,71.352
1053.3,549.74,132.93,70.375
1048.3,549.82,132.04,69.902
1073.5,550.3,130.28,68.974
1074.5,550.79,129.96,68.804
1037.7,551.02,130.92,69.313
1032.2,549.92,131.32,69.52
1026.8,550.21,131.66,69.704
1018.5,550.88,129.43,68.52
1017.4,549.58,130,68.822
1011.6,550.67,129.87,68.752
1003.8,551.73,128.72,68.147
997.82,551.56,127.85,67.685
995.8,549.72,128.14,67.839
982.68,552.62,126.7,67.075
983.68,551.81,125.58,66.483
978.31,552.27,124.86,66.1
972.94,551.15,124.22,65.761
965.91,551.87,123.42,65.34
961.32,552.16,123,65.116
954.46,552.42,121.62,64.389
948.39,551.17,121.21,64.17
942.36,551.99,120.14,63.602
935.22,550.4,119.81,63.429
928.7,550.23,119.68,63.357
927.13,549.28,119.71,63.374
916.47,548.4,119.26,63.136
908.86,548.97,118.59,62.781
908.16,548.55,118.24,62.596
901.41,549.23,117.39,62.147
893.08,547.08,116.31,61.577
890.63,548.02,115.43,61.112
871.23,543.8,114.61,60.678
865.6,544.84,113.94,60.32
878.34,547.49,113.61,60.145
865.73,544.65,113.11,59.881
861.01,544.31,112.59,59.608
855.82,543.96,112.47,59.545
841.29,542.1,111.95,59.266
835.37,541.14,110.63,58.568
838.39,542.31,109.82,58.138
826.47,540.49,109.25,57.84
824.08,540.08,108.79,57.594
816.01,538.12,108.52,57.453
809.36,536.5,107.55,56.936
802.31,536.4,106.59,56.432
801.52,536.14,106.84,56.561
795.39,535.19,106.76,56.521
787.78,533.4,106.82,56.55
781.37,532.64,106.08,56.159
774.26,531.14,105.98,56.108
770.53,531.84,105.09,55.633
766.05,529.94,105.32,55.758
759,529.98,104.83,55.501
752.36,528.2,104.69,55.423
746.48,528.08,104,55.058
742.09,526.67,103.3,54.689
735.53,525.88,102.21,54.112
729.51,525.34,101.28,53.617
724.08,523.85,100.98,53.462
719,523.22,100.48,53.197
714.25,522.68,99.928,52.903
706.76,520.11,99.847,52.86
701.73,519.59,99.703,52.784
696.77,518.3,99.451,52.651
690.62,517.25,99.294,52.567
683.16,515.22,99.429,52.639
679.15,513.22,99.629,52.745
672.27,512.63,100.22,53.06
661.3,510.93,100.09,52.99
661.44,510.39,99.959,52.919
653.68,508.31,100.5,53.205
647.46,506.72,100.94,53.44
641.58,506.37,100.35,53.129
636.42,505.41,99.34,52.592
630.04,503.52,99.715,52.79
624.16,502.46,99.551,52.703
617.79,500.56,99.786,52.828
611.78,498.71,100.37,53.137
606.66,498,99.319,52.581
600.09,496.35,98.956,52.388
594.75,494.98,99.71,52.788
589.05,493.61,99.466,52.658
582.55,491.78,99.776,52.823
576.74,490.25,99.37,52.608
570.39,488.54,99.761,52.815
563.55,487.75,99.753,52.811
557.76,486.89,99.231,52.534
553.32,485.69,97.764,51.757
547.07,484.57,97.321,51.523
542.02,483.41,96.636,51.16
537.46,482.38,96.638,51.161
530.92,481.14,95.846,50.742
524.55,479.54,95.243,50.423
517.14,477.68,95.541,50.581
511.2,475.57,96.741,51.216
504.87,474.34,96.072,50.861
499.85,473.33,95.508,50.563
488.21,470.03,95.923,50.783
488.13,470.05,95.987,50.817
482.64,468.97,95.39,50.501
475.71,467.62,94.953,50.269
469.23,464.54,95.65,50.638
462.87,462.51,96.776,51.234
457.98,461.56,95.842,50.74
451.4,459.07,96.656,51.171
446.78,458.8,96.108,50.88
442.09,458.08,96.009,50.828
434.14,455.64,96.057,50.854
426.67,452.35,96.878,51.288
422.08,451.45,96.128,50.891
416.5,449.9,96.197,50.928
410.12,448.43,95.858,50.748
405.58,447.04,95.967,50.806
398.89,445.36,95.785,50.71
393.43,443.68,94.919,50.251
387.66,442.72,93.865,49.693
381.75,440.83,93.928,49.727
375.91,439.21,93.931,49.728
369.93,437.31,93.663,49.586
364.98,436.01,93.61,49.558
359.7,433.98,93.722,49.618
353.46,432.04,93.675,49.593
347.92,430.6,93.717,49.615
342.28,429.14,93.333,49.412
336.08,426.61,93.696,49.604
330.89,424.64,93.47,49.484
326.81,423.81,93.085,49.28
320.3,421.36,93.103,49.29
315.14,419.64,92.486,48.963
309.91,418.41,92.136,48.778
303.65,416.81,91.823,48.612
299.51,415.67,92.074,48.745
292.62,413.82,91.787,48.593
287.58,412.15,91.689,48.541
282.6,410.7,91.461,48.421
277.24,408.41,91.102,48.23
272.84,406.91,90.936,48.142
267.53,404.82,90.885,48.115
260.44,402.94,90.812,48.077
255.45,401.22,90.491,47.907
250.67,399.96,90.009,47.652
244.64,398.1,89.585,47.427
239.58,396.97,89.016,47.126
233.6,395.81,88.825,47.025
228.88,392.15,89.294,47.273
223.54,391.12,89.072,47.156
217.64,389.69,88.692,46.954
213.05,388.47,88.348,46.773
207.21,385.96,88.649,46.932
202.47,384.59,88.514,46.86
191.01,381.45,88.326,46.761
190.32,380.27,88.196,46.692
185.53,379.2,88.216,46.703
179.09,377.51,88.468,46.836
173.59,375.97,88.607,46.91
167.97,373.69,89.141,47.192
162.81,372.23,88.937,47.084
156.64,369.63,88.837,47.031
151.94,368.4,88.605,46.909
147.4,366.84,88.381,46.79
141.69,364.61,88.083,46.632
135.99,363.12,87.379,46.26
131.18,362.35,86.551,45.821
125.21,359.46,86.372,45.726
119.61,358.02,85.512,45.271
115.14,357.07,84.892,44.943
109.65,355,84.961,44.979
104.14,353.41,84.564,44.769
97.49,351,84.964,44.981
92.973,349.27,84.992,44.996
87.313,347.11,85.093,45.049
80.13,345.27,85.266,45.141
75.016,343.3,85.919,45.487
69.169,341.74,86.299,45.688
63.704,339.75,86.699,45.899
58.802,338.49,86.844,45.976
53.628,336.73,86.629,45.862
47.224,334.81,86.058,45.56
42.712,333.39,86.004,45.532
36.851,331.57,86.28,45.678
31.331,329.83,85.933,45.494
25.169,327.53,86.027,45.544
19.41,325.62,86.285,45.68
13.499,323.37,86.216,45.644
9.1998,322.72,85.472,45.25
