1056,268,64,132
1052.2,257.07,63.953,131.9
1048.7,249.88,63.175,130.3
1044.9,244.43,63.309,130.57
1042.4,242.08,64.509,133.05
1040.1,243.18,63.706,131.39
1037.3,246.63,64.68,133.4
1034.3,254.34,64.109,132.22
1030.6,266.13,63.979,131.96
1026.6,277.06,63.421,130.81
1020.7,289.76,63.111,130.17
1015.4,301.21,63.172,130.29
1008.4,314.48,63.003,129.94
1002.3,327.46,63.339,130.64
996.49,340.34,63.677,131.33
989.94,351.84,65.512,135.12
985.89,366.13,65.469,135.03
982.11,379.38,65.407,134.9
978.89,392.27,65.639,135.38
977.08,405.42,66.469,137.09
977.43,420.04,65.854,135.82
976.72,432.44,67.711,139.65
977.91,446.41,67.06,138.31
977.42,461.73,66.134,136.4
977.03,474.91,66.405,136.96
975.38,488.95,66.676,137.52
974.43,502.64,67.719,139.67
970.63,514.56,69.772,143.9
967.21,529.82,68.361,140.99
964.5,544.62,68.602,141.49
960.16,557.94,68.811,141.92
957.61,571.19,69.589,143.53
954.91,585.36,69.6,143.55
952.65,597.43,70.605,145.62
950.91,611.09,71.269,146.99
949.05,625.07,71.617,147.71
947.57,638.24,71.411,147.28
945.6,652.49,71.326,147.11
942.07,663.73,73.087,150.74
936.81,679.21,72.398,149.32
930.97,691.18,73.455,151.5
924.79,704.35,73.567,151.73
917.34,718.25,73.368,151.32
910.2,732.26,71.901,148.3
902.77,744.77,71.994,148.49
895.73,758.2,72.256,149.03
888.52,768.97,72.7,149.94
881.29,781.23,73.155,150.88
876.55,793.11,72.883,150.32
872.38,805.36,71.619,147.72
866.42,814.36,71.854,148.2
864.13,825.92,70.545,145.5
861.29,836.12,70.174,144.73
859.19,845.67,69.784,143.93
855.28,852.24,69.36,143.06
852,860.04,69.002,142.32
849.83,866.96,68.814,141.93
847.48,873,68.615,141.52
843.06,876.72,68.314,140.9
841.12,880.88,68.421,141.12
838.81,883.88,68.716,141.73
834.09,886.93,69.461,143.26
831.19,888.13,68.817,141.93
830.85,890.07,68.87,142.05
817.69,877.87,67.838,139.92
822.89,886.13,67.049,138.29
825.22,885.58,67.019,138.23
832.88,881.25,65.866,135.85
832.57,879.48,65.915,135.95
842.22,872.51,65.923,135.97
848.58,866.84,65.832,135.78
854.66,859.65,65.507,135.11
860.21,852.41,65.442,134.97
861.49,844.53,65.484,135.06
874.29,834.92,65.501,135.1
880.38,825.99,64.856,133.76
887.56,817.03,64.729,133.5
895.16,808.61,64.541,133.12
901.73,795.03,64.786,133.62
909.36,785.73,64.295,132.61
918.15,774.5,64.683,133.41
925.49,762.89,65.041,134.15
934.28,752.41,64.727,133.5
944.92,746.13,65.375,134.84
954.26,737.71,64.862,133.78
965.89,732.94,64.324,132.67
976.8,728.85,64.16,132.33
987.69,723.7,63.679,131.34
999.66,720.01,64.12,132.25
1011.7,715.54,64.203,132.42
1022.1,711.42,63.722,131.43
1032.7,707.76,63.578,131.13
1041.8,702.67,63.429,130.82
1050.7,698.41,62.979,129.89
1059.2,694.52,63.594,131.16
1065.4,690.37,63.802,131.59
1071.4,689.22,63.613,131.2
1076.5,690.25,63.516,131
1081.8,692.07,63.312,130.58
1086.8,698.32,63.136,130.22
1091,706.05,63.305,130.57
1097,714.94,63.15,130.25
1102,722.69,63.019,129.98
1107.5,733.15,63.124,130.19
1113.5,741.79,63.069,130.08
1118.9,748.23,63.134,130.21
1124.5,759.48,62.823,129.57
1129.5,767.26,62.751,129.42
1133.9,775.44,62.339,128.57
1137.6,783.66,62.096,128.07
1142.9,794.27,62.106,128.09
1147.5,801.21,62.403,128.71
1151.6,810.19,62.427,128.76
1156.2,819.22,62.427,128.76
1161.1,827.32,62.366,128.63
1165.1,834.99,62.413,128.73
1170.4,838.53,62.602,129.12
1176.1,841.86,62.356,128.61
1183.5,842.44,61.952,127.78
1190.6,841.83,61.476,126.79
1199.6,838.32,61.31,126.45
1207.8,834.26,61.336,126.5
1218.6,831.27,60.787,125.37
1228.5,826.64,60.645,125.08
1238.4,823.82,60.543,124.87
1248.1,819.76,60.74,125.28
1256,817.04,60.727,125.25
1262.4,812.2,60.861,125.53
1266.8,807.65,61.415,126.67
1269.5,800.96,61.933,127.74
1272,795.1,62.261,128.41
1273.2,789.02,62.75,129.42
1273.7,783.1,62.672,129.26
1274.8,777.54,63.005,129.95
1275.5,771.44,63.33,130.62
1276.8,766.68,63.393,130.75
1278.3,760.59,63.57,131.11
1280.1,754.23,63.38,130.72
1283,749.55,63.566,131.11
1285.7,743.46,63.471,130.91
1288.9,737.72,63.343,130.64
1293.8,733.82,63.239,130.43
1298.6,728.6,63.211,130.37
1303.1,722.53,62.981,129.9
1307.8,718.51,62.955,129.84
1314.7,711.5,62.623,129.16
1320.8,707.68,62.305,128.5
1324.9,703.28,62.953,129.84
1329.1,698.36,62.751,129.42
1333.9,691.43,62.539,128.99
1337.3,688.19,62.504,128.92
1340.6,683.22,62.739,129.4
1342.9,676.78,62.523,128.95
1346.6,671.59,62.829,129.59
1350.1,664.99,62.906,129.74
1354.6,660.98,63.138,130.22
1360.1,656.57,63.103,130.15
1366.5,651.26,63.002,129.94
1373.6,646.78,62.793,129.51
1379.9,642.95,62.709,129.34
1385.8,638.57,63.046,130.03
1393.3,634.59,62.839,129.61
1401.2,630.8,63.042,130.02
1409,628.56,62.827,129.58
1415.3,625.89,62.77,129.46
1422.5,624.02,62.418,128.74
1427.7,624.6,62.388,128.68
1432.5,625.16,62.405,128.71
1436.5,626.99,62.472,128.85
1439.7,629.5,62.4,128.7
1441.1,632.61,62.826,129.58
1442.9,636.26,63.314,130.58
1444.2,641.06,63.222,130.4
1445.1,645.08,63.331,130.62
1446.2,650.1,63.155,130.26
1447.8,653.84,63.176,130.3
1448.8,658.81,62.447,128.8
1450.3,663.24,62.545,129
1452.1,668.11,62.803,129.53
1453.2,671.89,62.9,129.73
1455,676.28,63.132,130.21
1456.3,678.85,63.044,130.03
1457,683.11,63.222,130.4
1457.9,686.08,62.967,129.87
1458.9,688.39,63.151,130.25
1459,689.73,62.406,128.71
1460.2,691.18,62.399,128.7
1460.4,691.37,62.572,129.05
1461.3,692.41,62.687,129.29
1460.8,693.94,62.556,129.02
1462.8,693.42,63.179,130.31
1462.6,691.4,62.834,129.6
1462.1,692.52,62.819,129.56
1462,693.56,62.505,128.92
1462.8,694.3,62.581,129.07
1463.1,694.69,62.654,129.22
1463.1,694.72,62.387,128.67
1462.1,693.47,62.213,128.31
1462.7,691.7,62.384,128.67
1461.8,687.06,61.943,127.76
1461.9,682.81,62.007,127.89
1461.6,678.59,61.647,127.15
1461.6,674.25,61.203,126.23
1461.4,670,61.346,126.53
1460.7,664.67,61.793,127.45
1460.9,660.21,61.97,127.81
1459.7,656.29,61.137,126.09
1460.1,653.74,61.694,127.24
1458.7,647.16,61.758,127.38
1458,642.74,61.562,126.97
1458.3,638.36,61.333,126.5
1457.4,636.08,61.208,126.24
1457.1,629.37,61.105,126.03
1456.9,624.3,60.87,125.55
1455.4,620.81,60.815,125.43
1455.3,618.96,60.2,124.16
1454.2,614.83,59.875,123.49
1453.8,611.46,59.716,123.16
1453.5,609.68,59.852,123.44
1452,606.39,59.703,123.14
1451.5,604.81,60.047,123.85
1450.6,603.82,60.258,124.28
1449.5,604.22,59.588,122.9
1449.3,604.93,59.583,122.89
1447.8,606.52,59.855,123.45
1446.5,608.23,59.245,122.19
1446.3,611.76,59.381,122.47
1445,615.42,59.473,122.66
1443.3,620.07,59.087,121.87
1442.2,625.29,59.388,122.49
1441.3,631.47,59.15,122
1439.4,638.83,59.406,122.53
1437.9,645.87,58.914,121.51
1438.1,653.69,59.122,121.94
1436.2,661.14,59.444,122.6
1434.9,670.42,59.125,121.95
1431.9,682.5,58.713,121.1
1431.3,692.36,58.078,119.79
1429.7,702.95,57.994,119.61
1427.5,714.31,57.739,119.09
1426.5,724.48,58.045,119.72
1424.6,735.28,57.618,118.84
1422.6,746.03,57.837,119.29
1421.7,756.82,57.687,118.98
1419.8,765.79,57.364,118.31
1418.9,774.85,56.778,117.11
1417.9,780.92,56.522,116.58
1416.3,782.94,56.442,116.41
1415.7,783.24,56.585,116.71
1413.4,780.88,56.173,115.86
1411.6,776.71,55.832,115.15
1409.7,772.39,55.472,114.41
1408.1,767.74,55.458,114.38
1406.9,763.31,55.535,114.54
1405.2,758.3,55.564,114.6
1404.4,754.58,56.013,115.53
1402.3,750.09,56.105,115.72
1400.4,746.97,55.736,114.96
1398.6,742.32,56.231,115.98
1397.1,737.99,56.075,115.65
1395.8,735.07,56.153,115.82
1394.8,732.22,55.34,114.14
1394.6,729.55,55.386,114.23
1393.3,726.78,55.415,114.29
1392,723.31,55.421,114.31
1390.6,719.58,55.452,114.37
1387.8,716.24,55.615,114.71
1385.7,712.67,55.958,115.41
1382.3,707.85,56.076,115.66
1379.1,703.05,56.319,116.16
1375,698.96,56.335,116.19
1371.4,695.74,55.951,115.4
1366.2,690.75,56.303,116.12
1361.3,685.29,56.033,115.57
1355.5,681.55,56.158,115.82
1348.5,676.05,56.098,115.7
1343.1,672.38,56.348,116.22
1336.1,667.65,56.536,116.6
1329.1,663.21,56.26,116.04
1323.5,660.05,55.692,114.86
1317.7,656.29,55.95,115.4
1311.3,651.89,55.867,115.23
1304.6,648.69,55.389,114.24
1298,645.18,55.429,114.32
1292.8,641.89,55.743,114.97
1286.5,637.6,56.154,115.82
1280.5,634.01,55.75,114.98
1273.5,630.62,55.674,114.83
1268.4,627.64,55.739,114.96
1262,624.11,55.917,115.33
1254,619.81,55.79,115.07
1248.5,616.14,56.028,115.56
1241.7,612.58,56.332,116.18
1236,609.72,55.913,115.32
1229.5,604.54,55.738,114.96
1223.7,601.02,55.859,115.21
1217.2,596.95,55.589,114.65
1212.9,594.9,55.52,114.51
1208.9,589.97,55.435,114.33
1204.4,585.54,55.406,114.28
1201.6,582.38,55.128,113.7
1198.6,579.43,54.782,112.99
1196.2,575.48,54.699,112.82
1192.9,572.56,54.188,111.76
1190.7,569.44,54.222,111.83
1188.4,567.48,54.095,111.57
1185,565.83,53.86,111.09
1182.9,566.36,54.29,111.97
1179.7,567.95,54.134,111.65
1178.4,570.19,54.433,112.27
1175.5,572.44,54.393,112.19
1173.6,574.96,54.489,112.38
1171.7,578.73,54.65,112.72
1169.8,581.26,54.457,112.32
1167.6,584.82,54.426,112.25
1166.1,588.35,54.282,111.96
1165.5,592.52,54.242,111.87
1164.6,595.05,54.351,112.1
1163.4,597.72,54.425,112.25
1162.8,600.91,54.612,112.64
1162.4,603.59,54.568,112.55
1161.7,607.14,54.676,112.77
1160.8,608.86,54.417,112.24
1160.5,608.35,54.418,112.24
1161,607.18,54.478,112.36
1161.1,603.09,54.498,112.4
1160.8,598.81,54.469,112.34
1160.7,595.03,53.811,110.98
1160.8,590.83,53.636,110.63
1160.3,585.03,53.414,110.17
1161,580.74,53.46,110.26
1161.7,575.82,53.115,109.55
1161.9,572.24,52.778,108.86
1162.2,565.98,53.02,109.35
1161.5,561.4,53.077,109.47
1161.6,556.56,53.083,109.48
1161.6,550.98,53.257,109.84
1160.9,545.36,52.944,109.2
1160.6,540.54,52.555,108.39
1160.6,535.95,52.249,107.76
1160.6,530.53,52.354,107.98
1160.4,525.55,52.38,108.03
1159.9,520.26,52.323,107.92
1159.3,514.85,52.213,107.69
1158.5,510.04,51.77,106.78
1157.6,504.98,51.757,106.75
1156.7,498.88,51.9,107.04
1155.3,493.9,51.965,107.18
1154.1,488.53,51.854,106.95
1152.3,483.3,51.774,106.78
1149.6,478.23,51.611,106.45
1147.4,473.96,51.477,106.17
1144.9,468.52,51.201,105.6
1142.2,463.39,51.077,105.35
1139,457.85,50.927,105.04
1136.5,453.59,50.872,104.92
1133.8,447.92,51.096,105.39
1129.9,441.83,51.044,105.28
1126.6,436.33,50.868,104.92
1123.7,431.25,50.65,104.46
1119.5,426.18,50.363,103.87
1116.3,420.94,50.483,104.12
1112.6,415.38,50.602,104.37
1109.1,410.6,50.566,104.29
1105.8,406.13,50.604,104.37
1101.3,401.22,50.601,104.37
1096.3,397.53,50.055,103.24
1091.9,392.95,50.07,103.27
1087.1,388.35,49.966,103.06
1081.5,384.85,49.86,102.84
1077,382.96,49.876,102.87
1071.8,380.86,49.97,103.06
1065.7,379.91,50.231,103.6
1061.4,380.4,50.473,104.1
1056.9,381.62,50.602,104.37
1052.9,384.19,50.861,104.9
1048.5,386.36,50.861,104.9
1045.7,389.51,50.868,104.91
1043.3,392.22,51.108,105.41
1040.5,394.64,51.212,105.63
1039.2,397.53,51.339,105.89
1036.8,400.51,51.817,106.87
1034.7,403.14,51.754,106.74
1032.7,406.19,51.792,106.82
1030.6,409.39,51.783,106.8
1028.5,412.89,51.525,106.27
1026.2,417,51.026,105.24
1024.2,420.7,50.684,104.53
1022.5,424.04,50.579,104.32
1021,427.13,50.436,104.02
1018.4,428.61,50.283,103.71
1015.7,429.83,50.182,103.5
1014.8,430.78,50.292,103.73
1012.3,431.71,49.843,102.8
1010.2,433.27,49.92,102.96
1006.8,433.45,49.887,102.89
1004.9,434.73,50.015,103.16
1002.6,435.11,50.067,103.26
1000.7,435.3,50.086,103.3
998.59,435.78,49.995,103.11
995.92,434.25,49.939,103
993.7,431.49,49.895,102.91
991.91,428.44,50.009,103.14
989.32,424.59,49.365,101.82
987.83,422.15,48.792,100.63
984.82,417.63,48.737,100.52
981.93,414.4,48.849,100.75
978.87,411.65,48.455,99.938
976.7,407.89,48.328,99.676
974.84,404.96,48.4,99.826
972.34,401.36,48.628,100.3
969.13,397.46,48.482,99.993
966.39,394.31,48.2,99.413
964.05,390.77,48.314,99.648
961.42,387.98,48.546,100.13
957.95,383.94,48.43,99.886
955.35,380.98,48.6,100.24
951.63,377.15,48.73,100.51
949.53,374.34,49.067,101.2
946.68,370.58,49.458,102.01
943.85,365.58,50.028,103.18
940.76,362.31,49.871,102.86
939.36,360.58,49.774,102.66
936.17,357.08,49.752,102.61
933.04,353.9,49.599,102.3
930.11,350.87,49.297,101.68
927.23,347.81,49.118,101.31
925,344.66,49.079,101.23
922.74,341.55,48.984,101.03
919.09,338.46,48.959,100.98
915.69,335.65,48.741,100.53
914.88,332.53,48.989,101.04
910.83,328.76,48.947,100.95
908.03,326.02,49.053,101.17
905.94,323.18,49.187,101.45
902.35,319.48,49.309,101.7
899.26,317.2,49.138,101.35
897.54,315.8,48.574,100.18
894.31,312.94,48.194,99.4
891.04,310.72,48.008,99.016
888.54,308.9,47.865,98.722
885.82,306.1,47.849,98.689
882.78,303.55,47.763,98.512
879.87,300.42,48.013,99.027
877.64,298.65,48.023,99.048
874.48,296.14,48.276,99.569
871.43,294.43,47.858,98.707
868.28,292.91,47.568,98.109
865.87,292.71,47.124,97.194
862.18,290.35,47.312,97.581
859.32,290.24,47.378,97.717
856.35,289.25,47.267,97.488
853.19,290.04,47.158,97.264
849.92,289.24,46.948,96.831
847.58,289.53,47.117,97.18
844.14,288.57,47.309,97.576
841.83,289.15,47.373,97.706
838.24,288.87,47.18,97.309
835.99,289.71,46.864,96.656
833.07,289.57,46.959,96.853
830.22,289.61,46.981,96.898
827.95,290.1,46.895,96.72
825.16,290.76,46.635,96.184
822.27,290.33,46.671,96.26
819.17,291.85,46.533,95.973
817.78,292.91,46.749,96.419
814.51,292.93,47.098,97.139
811.88,293.62,47.231,97.414
810.02,295.35,47.236,97.424
807.65,295.78,47.332,97.621
804.82,296.3,47.346,97.651
802.4,297.1,47.457,97.881
799.45,297.27,47.511,97.991
797.64,297.79,47.505,97.979
794.86,298.19,47.727,98.437
792.44,298.67,47.95,98.898
790.78,300.6,47.675,98.33
789.06,301.74,47.499,97.966
785.77,302.2,47.695,98.371
784.75,303.68,47.729,98.441
782.38,304.31,47.796,98.579
780.63,305.34,47.993,98.986
779.34,306.8,48.019,99.039
777.46,308.71,48.053,99.109
776.23,310.45,47.884,98.76
774.12,311.72,47.804,98.596
772.83,312.47,48.123,99.253
770.79,314.46,47.975,98.949
770.14,316.36,48.053,99.11
768.4,317.98,48.065,99.135
767.47,319.47,48.317,99.655
766.2,321.24,48.496,100.02
764.54,322.49,48.742,100.53
764.09,324.83,48.803,100.66
762.9,326.96,48.912,100.88
761.67,328.65,49.17,101.41
761.61,331.07,49.332,101.75
760.36,332.8,49.409,101.91
760.68,335.61,49.476,102.04
760.9,337.5,49.501,102.1
761.9,339.08,49.85,102.81
763.59,341.22,49.757,102.62
765.99,344.34,49.537,102.17
768.77,345.57,49.876,102.87
772.16,348.25,49.911,102.94
775.36,349.94,49.807,102.73
779.93,352.47,49.808,102.73
784.6,354.61,50.077,103.28
789.32,357.23,49.918,102.96
795.69,360.14,49.376,101.84
802.73,362.65,49.237,101.55
809.79,364.77,48.77,100.59
816.28,368.39,48.516,100.06
823.37,369.29,48.665,100.37
831.79,371.8,49.339,101.76
838.63,372.65,49.994,103.11
847.11,374.6,50.325,103.8
855.06,376.61,50.273,103.69
862.56,378.61,50.673,104.51
869.38,380.09,50.919,105.02
877.11,382.92,50.997,105.18
883.07,386.03,50.743,104.66
889,387.79,50.793,104.76
894.33,390.93,50.789,104.75
899.87,393.36,50.589,104.34
905.42,395.93,50.849,104.88
910.54,398.91,50.645,104.46
915.05,400.84,50.503,104.16
920.45,404.28,50.154,103.44
925.67,406.79,50.058,103.24
930.4,409.5,49.717,102.54
935.86,412.3,49.759,102.63
941.9,415.62,49.494,102.08
947.34,418.71,48.948,100.96
951.85,421.32,49.027,101.12
958.04,424.43,48.906,100.87
962.57,426.64,49.017,101.1
967.13,430.55,48.963,100.99
970.2,433.17,48.97,101
974.45,436.61,49.039,101.14
979.53,440.36,49,101.06
983.89,443.06,49.154,101.38
988.21,445.87,49.195,101.47
992.09,448.29,49.36,101.81
996.7,451.51,49.685,102.48
1000.3,454.17,49.917,102.95
1004.6,457.62,49.821,102.76
1009.3,461.66,49.663,102.43
1013.2,464.4,49.659,102.42
1017.2,468.06,49.506,102.11
1021.9,472.27,49.493,102.08
1026.4,476.13,49.477,102.05
1030.1,479.62,49.456,102
1032.7,482.73,49.736,102.58
1034.9,486.5,49.688,102.48
1036.2,489.93,49.692,102.49
1038.1,493.32,49.848,102.81
1040.4,498.08,49.783,102.68
1042.9,501.65,50.086,103.3
1044.1,505.48,49.992,103.11
1046.4,509.49,49.85,102.82
1048.9,513.54,50.183,103.5
1050.6,518.05,50.035,103.2
1052.5,521.25,50.369,103.89
1054.3,524.99,50.742,104.66
1056.6,528.73,50.959,105.1
1059.1,534.07,50.635,104.44
1061.3,538.6,50.389,103.93
1062.8,542.48,50.348,103.84
1064.7,546.06,50.703,104.57
1066.9,550.51,50.602,104.37
1069,555.63,50.619,104.4
1070.8,560.1,50.588,104.34
1072.8,564.65,50.384,103.92
1074.6,568.87,50.297,103.74
1077.2,573.47,49.939,103
1079.3,578.48,49.935,102.99
1081.9,582.69,49.869,102.86
1084.1,587.51,50.066,103.26
1085.9,592.26,50.008,103.14
1088.4,596.78,50.046,103.22
1090.4,601.67,50.423,104
1092.5,606.53,50.541,104.24
1096.1,612.08,50.6,104.36
1098.3,617.22,50.544,104.25
1101.1,621.91,50.527,104.21
1103.2,628.87,50.254,103.65
1105.5,633.52,50.412,103.97
1107.1,638.74,50.07,103.27
1109,645.09,49.871,102.86
1112,650.51,49.85,102.82
1114.2,655.99,49.882,102.88
1116.3,661.53,50.042,103.21
1118.7,667.66,49.849,102.81
1121.3,673.94,49.829,102.77
1123.4,680.35,49.786,102.68
1126.5,686.62,49.752,102.61
1129.4,693.54,49.77,102.65
1131.5,699.87,49.922,102.96
1134.1,704.05,50.204,103.55
1136.9,708.67,50.55,104.26
1139.1,712.45,51.155,105.51
1141.3,713.85,51.286,105.78
1144.2,715.86,51.254,105.71
1147.4,717.03,51.342,105.89
1150,717.84,51.533,106.29
1152.7,717.07,51.864,106.97
1155.8,717.62,51.857,106.95
1159.5,717.8,52.18,107.62
1162.5,718.95,52.571,108.43
1166.8,717.28,53.092,109.5
1169.8,719.68,53.618,110.59
1173.2,719.33,53.712,110.78
1177.2,719.11,54.231,111.85
1181.3,719.12,54.16,111.7
1185.9,717.66,54.084,111.55
1189.8,716.9,53.973,111.32
1194.3,716.85,54.012,111.4
1198.1,715.08,54.009,111.39
1201.4,714.89,54.656,112.73
1204.7,713.95,54.808,113.04
1208.5,713.43,54.752,112.92
1210.4,712.95,55.172,113.79
1211.2,712.9,55.543,114.56
1211.6,710.92,56.019,115.54
1211.8,711.49,56.559,116.65
1211,710.76,56.923,117.4
1210.5,709.19,57.675,118.96
1206,690.31,57.905,119.43
1204.9,691.28,57.912,119.44
1203.7,691.45,58.13,119.89
1200.7,690.34,57.938,119.5
1198,689.57,57.796,119.2
1197.2,713.47,57.462,118.52
1193.2,700.6,57.114,117.8
1183.6,695.28,56.893,117.34
1178.7,701.04,56.819,117.19
1172.9,699.98,56.783,117.12
1165,698.76,56.367,116.26
1156.4,692.1,56.121,115.75
1148.1,691.49,55.798,115.08
1137.8,686.85,55.336,114.13
1128.9,685.45,55.114,113.67
1118.1,682.63,55.051,113.54
1106.1,676.39,55.35,114.16
1095.4,673.45,55.816,115.12
1082.1,667.53,56.229,115.97
1068.9,663.03,56.631,116.8
1060,662.05,56.51,116.55
1044.4,654.45,56.751,117.05
1038.3,653.96,56.764,117.07
1032.1,650.5,56.448,116.42
1030.8,650.16,56.057,115.62
1020.1,645.95,55.508,114.49
1012.9,640.74,54.945,113.32
1024.4,640.79,54.993,113.42
999.61,634.82,54.925,113.28
1000.3,629.03,54.818,113.06
981.56,630.83,54.821,113.07
993.41,621.48,54.848,113.12
1009.3,617.17,55.02,113.48
1008.4,611.02,55.367,114.19
980.27,611.57,55.203,113.86
982.51,601.86,55.7,114.88
980.83,595.94,56.154,115.82
980.85,587.42,56.659,116.86
981.41,584.68,57.062,117.69
982.73,575.53,57.268,118.12
984.39,565.4,57.597,118.79
986.74,559.39,57.687,118.98
987.53,550.89,57.409,118.41
989.06,543.27,57.965,119.55
990.55,532.21,58.35,120.35
990.88,523.03,58.459,120.57
990.98,515.86,58.75,121.17
991.86,501.65,59.028,121.75
991.45,493.35,58.961,121.61
989.89,481.28,59.273,122.25
988.93,472.73,59.299,122.3
987.52,462.24,59.61,122.95
986.31,451.47,59.403,122.52
985.29,439.31,59.235,122.17
985.55,430.85,59.155,122.01
984.89,418.31,59.144,121.98
984.28,407.36,59.347,122.4
985.88,399.67,59.377,122.46
986.51,391.48,59.402,122.52
987.34,384.72,59.628,122.98
989.3,380.22,59.669,123.07
990.47,375.91,59.697,123.12
991.71,370.7,59.737,123.21
992.78,368.18,59.913,123.57
991.43,363.37,60.276,124.32
990.56,357.91,60.642,125.07
989.96,353.23,60.962,125.73
989.28,347.97,61.562,126.97
988.46,344.66,62.528,128.96
987.85,342.37,63.186,130.32
987.6,341.92,63.792,131.57
986.97,341.27,64.574,133.18
986.53,341.7,65.132,134.33
985.56,342.75,65.735,135.58
982.25,342.85,66.2,136.54
980.26,342.6,66.672,137.51
977.79,343.19,66.609,137.38
974.06,344.31,66.625,137.41
970.39,343.4,66.925,138.03
964.11,344.49,67.029,138.25
959.11,345.47,67.158,138.51
950.52,344.17,66.919,138.02
942.56,346.32,67.31,138.83
933.42,348.22,67.167,138.53
921.24,348.53,67.318,138.84
912.27,350.09,67.409,139.03
900.4,352.48,67.467,139.15
889.21,353.38,67.574,139.37
880.23,355.04,67.648,139.52
873.34,358.22,67.624,139.47
868.84,358.31,67.67,139.57
868.08,358.89,67.69,139.61
868,358.33,67.977,140.2
869.34,358.61,68.122,140.5
870.74,358.2,68.206,140.67
872.07,358.35,68.042,140.34
874.5,360.86,67.91,140.07
875.97,360.49,67.914,140.07
877.37,360.68,68.092,140.44
879.7,361.83,68.182,140.63
880.76,361.37,68.33,140.93
882.42,363.09,68.199,140.66
883.71,362.26,68.272,140.81
884.79,362.8,68.135,140.53
886.87,364.2,68.214,140.69
887.57,364.4,68.168,140.6
888.26,364.92,67.979,140.21
890.06,366.34,68.195,140.65
890.77,365.96,68.15,140.56
891.8,367.74,67.755,139.75
893.35,367.9,67.902,140.05
893.65,368.22,67.556,139.33
894.8,369.05,67.806,139.85
895.62,368.46,67.918,140.08
896.41,370.16,67.638,139.5
897.53,371.96,67.503,139.23
897.98,371.57,67.311,138.83
898.78,372.11,67.534,139.29
899.14,371.65,67.257,138.72
900.01,371.91,67.179,138.56
900.21,372.42,67.167,138.53
900.16,372.81,66.867,137.91
900.63,372.61,67.086,138.37
900.34,372.56,67.133,138.46
901.81,371.9,66.822,137.82
902.2,371.87,66.465,137.08
902.32,371.52,66.525,137.21
903.47,372.02,66.632,137.43
904.14,371.26,66.724,137.62
903.72,370.84,65.966,136.05
904.02,371.53,65.93,135.98
904.8,370.86,65.943,136.01
905.36,370.86,65.541,135.18
906.77,371.33,65.342,134.77
906.73,370.23,65.323,134.73
906.98,369.11,65.345,134.77
907.38,368.15,65.39,134.87
908.32,367.42,65.627,135.35
907.19,366.22,65.573,135.25
908.57,367.03,65.694,135.49
909.32,365.97,65.714,135.54
913.22,366.29,65.703,135.51
912.93,366.12,65.686,135.48
912.4,365.24,66.193,136.52
914.24,365.68,66.514,137.19
910.68,364.79,66.42,136.99
912.82,364.41,67.067,138.33
910.44,363.35,67.374,138.96
912.45,363.71,67.609,139.44
911.08,363.32,67.708,139.65
911.99,363.22,67.817,139.87
911.57,362.97,67.992,140.23
911.4,362.92,68.277,140.82
910.75,362.19,68.566,141.42
912.77,362.18,68.692,141.68
910.79,362.92,68.528,141.34
911.62,362.2,68.722,141.74
911.13,362.39,68.854,142.01
911.37,362.44,68.927,142.16
910.32,361.32,69.232,142.79
909.85,361.63,69.096,142.51
909.88,362.17,68.752,141.8
909.18,362.55,68.83,141.96
909.72,362.86,68.638,141.57
909.5,362.8,68.488,141.26
910.34,363.09,68.547,141.38
908.74,362.52,68.524,141.33
909.15,362.51,68.269,140.81
909.64,362.64,68.17,140.6
909.5,362.7,67.806,139.85
909.28,363.26,67.418,139.05
909.74,363.84,67.465,139.15
909.43,363.01,67.347,138.9
909.86,362.79,67.586,139.4
908.88,362.46,67.332,138.87
909.72,362.84,67.133,138.46
908.57,362.95,66.858,137.9
908.87,363.19,66.525,137.21
908.81,363.44,66.594,137.35
908.57,363.64,66.226,136.59
908.4,363.25,66.235,136.61
908.34,362.99,66.384,136.92
908.06,362.46,66.39,136.93
908.31,361.83,66.324,136.79
908.39,362.94,66.179,136.49
908.01,361.86,66.323,136.79
908.21,362.12,66.17,136.48
908.33,361.73,65.876,135.87
908.55,362.01,65.764,135.64
908.17,361.74,65.503,135.1
908.73,362.34,65.181,134.44
909,362.07,65.159,134.39
908.92,362.01,64.976,134.01
908.25,361.57,64.502,133.03
909.1,361.61,64.352,132.73
908.85,360.98,64.261,132.54
908.43,359.9,64.099,132.2
909.08,359.9,63.743,131.47
908.48,358.88,63.79,131.57
907.65,357.94,63.856,131.7
907.62,357.36,63.661,131.3
907.88,357.69,63.407,130.78
908.48,357.5,63.389,130.74
907.96,357.28,63.016,129.97
908.57,356.43,63.151,130.25
907.92,355.78,62.796,129.52
908.21,355.69,62.683,129.28
908.7,355.04,62.55,129.01
909.53,354.72,62.565,129.04
910.74,354.54,62.284,128.46
909.66,354.45,62.467,128.84
909.55,354.28,62.246,128.38
908.95,353.47,62.161,128.21
909.67,353.01,62.382,128.66
909.49,352.92,62.622,129.16
909.42,352.41,62.79,129.5
909.07,350.83,63.238,130.43
909.93,351.24,63.47,130.91
909.17,350.18,63.929,131.85
908.83,349.02,64.437,132.9
908.41,348.08,64.664,133.37
907.35,346.93,64.995,134.05
906.25,344.79,65.789,135.69
906.15,343.72,66.433,137.02
903.53,341.49,67.262,138.73
903.84,340.36,68.146,140.55
901.8,338.5,69.013,142.34
899.22,335.6,69.946,144.26
897.01,332.21,71.053,146.55
894.79,330.39,71.801,148.09
893.71,328.35,72.444,149.42
891.5,326.53,73.139,150.85
890.23,325.78,73.434,151.46
887.18,324.09,73.256,151.09
885.93,323.48,73.173,150.92
885.92,324.18,72.807,150.16
885.18,323.78,72.897,150.35
882.12,323.31,72.319,149.16
881.55,322.7,72.391,149.31
880.15,322.83,72.115,148.74
878.8,322.19,72.168,148.85
875.53,321.4,72.149,148.81
874.73,321.35,72.213,148.94
871.46,320.52,72.148,148.81
870.93,320.69,71.96,148.42
868.69,318.96,72.162,148.84
866.24,318.45,72.07,148.64
862.59,317.79,72.239,148.99
860.15,316.36,71.698,147.88
856.64,317.72,71.075,146.59
853.4,315.75,70.816,146.06
850.29,314.65,70.051,144.48
846.32,315.22,69.675,143.71
843.82,314.91,69.473,143.29
842.18,311.87,69.177,142.68
837.88,311.66,68.687,141.67
836.26,309.92,68.179,140.62
836.62,307.11,68.124,140.51
834.09,307,67.726,139.68
832.56,305.77,67.201,138.6
831.11,304.36,66.764,137.7
829.91,302.09,66.336,136.82
827.63,300.24,66.301,136.75
826.54,298.3,66.338,136.82
822.69,294.08,66.529,137.22
820.78,290.69,66.796,137.77
819.11,287.31,67.167,138.53
816.59,283.05,67.543,139.31
814.46,279.31,68.035,140.32
812.78,276.32,67.82,139.88
811.67,272.39,68.097,140.45
811.16,269.39,68.289,140.85
809.54,265.66,68.497,141.27
808.45,263.48,68.909,142.13
805.57,259.99,68.953,142.22
804.23,257.71,69.114,142.55
804.23,254.85,69.522,143.39
801.9,252.52,69.716,143.79
800.47,249.45,69.634,143.62
797.75,246.79,69.318,142.97
796.92,244.04,69.006,142.32
795.7,240.61,68.684,141.66
794.72,236.67,68.625,141.54
792.48,234.22,68.391,141.06
791.33,232.7,67.841,139.92
787.59,229.55,67.56,139.34
786.25,226.64,67.194,138.59
784.76,223.67,67.182,138.56
783.04,221.34,66.751,137.67
781.56,218.36,66.487,137.13
779.83,216.39,66.314,136.77
778.8,214.43,66.203,136.54
777.1,212.64,65.921,135.96
775.69,210.31,66.033,136.19
773.87,206.88,65.765,135.64
773.37,203.7,65.813,135.74
771.44,200.24,65.932,135.99
769.92,196.49,65.94,136
769.18,192.07,66.05,136.23
767.68,187.1,66.108,136.35
767.05,183.65,66.027,136.18
766.08,179.96,66.174,136.48
766.36,177.35,66.187,136.51
765.78,173.48,66.227,136.59
764.83,171.25,66.055,136.24
763.54,167.6,65.978,136.08
763.01,164.72,66.335,136.82
761.17,161.31,66.973,138.13
761.12,158.2,67.488,139.19
757.64,154.3,68.157,140.57
758.04,151.11,68.622,141.53
756.37,147.53,68.963,142.24
755.13,143.91,69.134,142.59
754.42,140.44,68.961,142.23
751.66,138.09,68.362,141
751.61,134.95,67.774,139.78
748.3,133.48,67.102,138.4
748.48,129.42,66.7,137.57
746.43,126.93,66.073,136.28
746.73,124,65.567,135.23
744.94,122.75,64.85,133.75
743.82,120.58,64.573,133.18
741.61,118.23,64.56,133.15
740.93,115.11,64.586,133.21
739.83,113.29,64.758,133.56
739.54,110.87,64.942,133.94
737.86,106.37,65.475,135.04
737.16,103.25,65.619,135.34
735.34,98.991,66.344,136.84
734.96,93.382,67.005,138.2
733.95,89.9,67.156,138.51
733.33,84.08,68.189,140.64
733.23,79.487,68.942,142.19
733.65,74.858,69.353,143.04
733.1,70.868,69.647,143.65
732.7,66.428,70.224,144.84
733.34,63.5,70.571,145.55
733.01,60.109,70.577,145.56
732.89,57.457,70.558,145.53
732.09,54.672,70.55,145.51
731.85,52.37,70.675,145.77
731.35,49.502,70.451,145.31
730.88,46.05,70.059,144.5
730.3,42.985,70.392,145.18
730.09,38.473,70.424,145.25
730.63,34.005,70.547,145.5
729.89,30.059,70.468,145.34
729,26.553,70.258,144.91
727.93,23.871,70.015,144.41
727.18,19.523,70.173,144.73
727.37,16.434,69.75,143.86
727.01,12.654,69.603,143.56
726.66,10.76,69.361,143.06
726.65,7.5525,68.802,141.9
726.86,6.5358,68.304,140.88
726.71,3.7491,67.996,140.24
726.79,1.7172,67.715,139.66
727.48,-1.6798,67.782,139.8
727.81,-5.0954,67.555,139.33
727.73,-9.9885,67.57,139.36
729.11,-12.923,67.496,139.21
729.69,-16.882,67.31,138.83
731.67,-18.76,66.68,137.53
732.54,-21.755,66.362,136.87
733.05,-22.45,65.708,135.52
734.1,-21.162,65.828,135.77
735.92,-13.936,65.865,135.85
737.32,-6.3669,66.511,137.18
738.39,6.4428,67.178,138.55
740.01,21.288,68.123,140.5
742.02,38.704,68.752,141.8
743.59,57.929,69.193,142.71
744.21,74.448,69.992,144.36
744.5,89.859,70.434,145.27
745.35,106.3,70.834,146.1
744.36,123.2,71.239,146.93
745.35,139.6,71.193,146.84
744.66,154.74,71.011,146.46
744.8,170.92,70.944,146.32
745.67,186.83,70.944,146.32
745.1,204.17,70.579,145.57
744.66,221.93,70.879,146.19
745.78,239.44,70.859,146.15
746.07,257.1,70.384,145.17
746.11,275.05,70.132,144.65
745.34,294.68,70.131,144.65
746.47,312.63,70.046,144.47
746.41,331.17,69.792,143.95
746.38,349.49,69.842,144.05
747.73,366.15,69.996,144.37
747.49,382.76,70.091,144.56
747.09,399.46,70.663,145.74
748.53,414.34,70.981,146.4
747.75,428.21,71.736,147.95
748.47,440.67,71.776,148.04
748.26,452.44,71.636,147.75
749.21,463.2,71.895,148.28
747.59,475.05,71.826,148.14
747.32,486.95,72.263,149.04
747.6,497.88,72.213,148.94
747.57,510.67,72.648,149.84
747.5,521.6,72.924,150.41
748.38,532.15,72.894,150.34
750.37,542.88,72.366,149.25
751.2,548.24,71.779,148.04
752.52,550.69,71.56,147.59
752.79,549.88,71.265,146.98
755.48,548.28,71.013,146.46
756.41,546.18,70.669,145.76
758.43,543.73,70.284,144.96
758.95,541.31,70.112,144.61
759.73,538.59,70.006,144.39
761.53,535.64,70.112,144.61
763.44,533.29,70.168,144.72
764.96,531.86,70.248,144.89
767.82,530.05,69.847,144.06
769.77,527.82,69.858,144.08
770.92,526.4,69.878,144.12
773.37,524.11,69.991,144.36
774.78,521.74,69.749,143.86
777.09,519.73,69.522,143.39
779.7,516.82,69.579,143.51
782.32,514.31,69.261,142.85
782.79,510.87,69.578,143.51
785.53,508.38,69.56,143.47
786.59,506.14,69.251,142.83
787.04,503.56,69.164,142.65
787.77,501.39,69.136,142.59
787.77,499.39,69.142,142.61
787.55,496.95,69.232,142.79
787.67,495.39,69.464,143.27
787.49,493.65,69.465,143.27
787.24,491.9,69.8,143.96
787.34,489.7,70.19,144.77
787.14,487.73,70.639,145.69
786.63,485.93,71.109,146.66
786.3,483.68,71.168,146.78
785.68,481.68,71.071,146.58
786.25,480.67,70.676,145.77
785.55,478.46,70.597,145.61
784.75,476.05,70.767,145.96
784.11,474.34,70.276,144.94
784.23,472.75,70,144.38
783.46,470.1,70.162,144.71
783.4,468.92,70.134,144.65
783.68,466.87,70.17,144.73
784.36,466.01,70.117,144.62
783.86,463.65,70.896,146.22
785.83,462.08,71.268,146.99
787.34,460.95,71.423,147.31
787.84,459.68,71.861,148.21
789.7,457.34,71.937,148.37
791.53,455.9,72.108,148.72
795.28,454.25,71.826,148.14
795.87,452.99,71.853,148.2
799.01,450.42,72.005,148.51
802.43,449.43,71.784,148.05
806.57,448.57,71.232,146.92
809.64,447.27,70.468,145.34
813.32,446.47,70.049,144.48
817.4,445.43,69.947,144.27
822.57,445.36,69.122,142.56
826.7,444.35,69.3,142.93
831.06,443,69.374,143.08
836.43,442.5,69.615,143.58
841.55,441.31,69.698,143.75
846.7,440.53,70.266,144.92
852.47,438.98,70.96,146.35
857.26,437.96,71.176,146.8
862.08,435.71,71.332,147.12
867.91,433.79,71.497,147.46
872.66,432.75,71.037,146.51
876.98,431.92,71.256,146.96
880.23,430.49,71.013,146.47
883.68,429.22,70.667,145.75
887.85,428.76,69.95,144.27
890.51,428.02,69.888,144.14
892.39,426.96,70.269,144.93
895.75,425.76,70.211,144.81
897.39,425.71,70.151,144.69
898.09,425.18,69.879,144.13
899.75,425.3,69.81,143.98
900.71,425.06,69.787,143.93
900.38,423.89,70.124,144.63
900.64,422.93,70.383,145.16
900.85,421.29,70.71,145.84
901.43,420.29,70.704,145.83
902.52,419.45,70.61,145.63
903.28,418.88,70.244,144.88
903.86,418.25,69.949,144.27
904.53,417.36,69.847,144.06
905.08,417.38,69.297,142.92
905.05,416.08,69.399,143.14
905.16,415.44,69.372,143.08
905.5,414.93,69.349,143.03
906.05,415.04,69.453,143.25
906.36,414.98,69.75,143.86
906.3,414.74,69.688,143.73
906.77,414.79,69.738,143.83
906.57,414.59,69.745,143.85
906.93,413.88,69.855,144.07
907.36,413.56,69.956,144.28
907.12,412.38,70.391,145.18
906.33,411.17,70.53,145.47
906.58,410.94,70.665,145.75
906.38,410.56,70.516,145.44
905.63,409.79,69.952,144.28
906.26,409.92,70.008,144.39
905.93,409.25,70.011,144.4
906.05,408.77,70.468,145.34
905.71,408.65,70.778,145.98
905.95,408.89,70.956,146.35
906.46,409.78,70.89,146.21
906.19,409.97,71.033,146.5
907.53,410.28,71.259,146.97
907.51,410.51,71.666,147.81
908.26,410.04,71.903,148.3
908.45,408.88,72.247,149.01
909.31,408.91,71.962,148.42
911.17,409.06,71.807,148.1
911.72,408.63,72.067,148.64
912.67,408.66,72.275,149.07
912.56,408.51,72.279,149.08
913.45,409.02,72.313,149.15
913.62,409.39,72.351,149.22
914.48,410.33,72.918,150.39
914.56,410.52,73.082,150.73
915.1,412.06,73.009,150.58
915.23,412.97,73.164,150.9
915.18,413.37,73.685,151.98
915.65,413.09,73.961,152.54
916.44,413.32,74.084,152.8
916.03,413.6,74.051,152.73
916.2,413.7,74.105,152.84
916.17,414.39,74.202,153.04
916.84,415.45,73.844,152.3
915.88,415.5,74.438,153.53
916.17,415.25,74.441,153.54
915.64,415.27,74.824,154.33
915.61,415.44,75,154.69
916.8,416.31,75.185,155.07
915.94,417.16,75.307,155.32
916.87,418.65,75.36,155.43
917.16,419.84,75.791,156.32
917.33,420.75,76.103,156.96
918.26,421.85,75.879,156.5
917.8,422.61,75.655,156.04
919.24,423.67,75.603,155.93
919.25,424,75.541,155.8
919.56,424.32,75.601,155.93
920.77,425.62,75.16,155.02
921.52,427.28,74.565,153.79
922.72,428.56,74.556,153.77
923.21,429.48,74.848,154.37
922.78,430.11,75.075,154.84
923.59,431.96,75.227,155.16
923,432.71,75.761,156.26
923.22,434.62,76.001,156.75
923.92,436.15,76.647,158.08
923.06,437.86,76.58,157.95
923.4,439.41,76.439,157.65
923.68,440.78,76.497,157.78
924.16,442.14,76.079,156.91
923.57,443.59,75.894,156.53
922.64,444.32,75.949,156.65
922.16,445.7,76.233,157.23
922.22,447.13,76.103,156.96
922.48,449.18,76.092,156.94
922.23,450.85,76.131,157.02
922.78,453.01,76.04,156.83
922.81,455.26,75.752,156.24
923.27,457.4,75.869,156.48
922.51,459.57,75.902,156.55
922.4,461.83,76.036,156.82
923.07,465.01,75.981,156.71
922.6,466.4,76.298,157.37
922.74,467.8,76.622,158.03
922.79,469.11,76.797,158.39
923.35,471.07,77.021,158.86
923.57,472,77.258,159.34
924.51,474.7,77.268,159.36
925.73,476.77,77.215,159.26
926.04,479.32,76.627,158.04
925.84,480.85,76.514,157.81
926.21,482.78,77.064,158.94
925.86,485.11,76.87,158.54
926.23,486.75,77.557,159.96
926.06,488.4,78.466,161.84
925.87,490.26,78.859,162.65
925.04,492.74,79.199,163.35
924.65,494.34,79.641,164.26
924.66,496.78,79.646,164.27
924.15,498.63,79.579,164.13
923.32,499.84,79.591,164.16
923.9,501.67,79.683,164.35
923.64,504.86,78.864,162.66
922.89,506.51,78.621,162.16
922.75,508.54,78.572,162.06
922.24,509.72,78.705,162.33
922.04,510.7,79.28,163.51
921.3,511.43,79.322,163.6
921.62,513.11,80.099,165.2
921.77,514.64,80.232,165.48
921.31,515.75,80.464,165.96
921.5,518.16,80.723,166.49
921.46,518.75,81.398,167.88
921.6,520.27,81.641,168.38
921.58,520.41,81.77,168.65
921.29,521.32,81.774,168.66
922.79,522.3,81.614,168.33
923.02,523.22,81.621,168.34
924.27,524.57,81.463,168.02
926.82,527.39,80.751,166.55
928.22,528.74,80.327,165.67
928.53,530.03,80.158,165.33
929.87,531.53,80.353,165.73
929.57,533.13,80.266,165.55
930.28,534.42,80.385,165.79
932,535.97,80.954,166.97
931.36,537.43,81.07,167.21
931.49,538.6,81.321,167.72
932.71,540.68,81.238,167.55
932.54,541.7,80.991,167.04
932.53,541.89,80.865,166.79
933.89,543.21,80.623,166.29
932.97,542.83,80.995,167.05
933.59,543.25,80.95,166.96
933.75,543.94,80.822,166.7
934.74,545.01,80.747,166.54
935.27,545.87,80.462,165.95
936.07,547.17,79.683,164.35
936.58,548.06,79.591,164.16
936.82,548.51,79.867,164.73
937.21,549.56,79.863,164.72
938.14,550.6,79.98,164.96
938.28,552.15,80.057,165.12
939.36,552.42,80.645,166.33
939.51,551.74,81.169,167.41
940.59,551.58,81.405,167.9
942.69,551.93,81.428,167.95
943.5,552.38,81.086,167.24
944,551.99,81.202,167.48
946.03,553.09,80.829,166.71
946.88,553.62,80.59,166.22
946.57,552.91,81.427,167.94
948.05,554.1,81.21,167.5
948.5,554.43,81.285,167.65
949.57,556.05,80.938,166.93
949.99,556.13,81.365,167.82
951.34,557.28,82.066,169.26
951.25,557.41,82.766,170.71
952.22,556.69,83.738,172.71
951.83,556.22,84.627,174.54
951.09,554.38,85.311,175.95
951.14,553.8,85.619,176.59
952.4,553.99,86.101,177.58
951.94,553.36,85.547,176.44
952.09,553.71,84.865,175.03
953.33,554.21,84.914,175.14
953.76,554.6,84.514,174.31
952.57,553.07,85.02,175.35
953.76,553.62,85.198,175.72
954.12,553.61,85.217,175.76
953.81,553.04,85.242,175.81
953.9,552.99,85.244,175.82
954.92,553.18,85.393,176.12
955.77,553.33,85.424,176.19
957.27,553.07,85.565,176.48
957.7,552.31,85.876,177.12
959.96,552.55,85.859,177.08
961.63,552.12,85.674,176.7
962.55,551.85,85.449,176.24
962.25,550.94,84.84,174.98
962.29,550.79,84.693,174.68
962.27,551.1,84.398,174.07
963.91,552.6,83.629,172.48
963.73,552.46,83.768,172.77
962.27,551.45,83.545,172.31
961.98,552.85,83.781,172.8
960.02,551.85,84.049,173.35
958.3,552.3,84.203,173.67
958.13,553.19,84.032,173.32
954.81,551.67,83.845,172.93
952.32,550.52,84.343,173.96
950.82,550.98,84.307,173.88
948.58,551.41,83.28,171.76
944.57,550.19,82.69,170.55
942.41,551.4,82.082,169.29
939.1,550.19,81.876,168.87
934.85,548.38,81.687,168.48
931.79,548.46,81.254,167.59
929.09,548.89,81.43,167.95
926.3,548.53,81.754,168.62
921.56,547.66,81.631,168.36
918,547.6,81.793,168.7
915.12,547.54,81.938,169
912.49,547.75,82.292,169.73
909.51,546.92,82.694,170.56
906.1,545.43,82.641,170.45
903.16,544,82.064,169.26
900.62,544.35,81.407,167.9
898.36,543.44,81.236,167.55
895.49,543.04,81.121,167.31
892.88,541.76,81.057,167.18
888.53,540.27,81.305,167.69
887.24,539.96,81.107,167.28
883.44,538.88,80.952,166.96
882.05,539.8,80.403,165.83
879.76,539.63,80.041,165.08
876.38,539.73,79.574,164.12
871.77,538.98,79.572,164.12
868.62,538.71,79.427,163.82
865.07,537.79,79.255,163.46
860.99,535.23,79.503,163.97
856.85,534.23,79.561,164.09
853.63,533.22,79.206,163.36
850.19,532.5,79.169,163.29
844.92,531.59,79.316,163.59
842.37,531.21,79.035,163.01
839,531.2,78.247,161.39
836.3,530.56,77.822,160.51
832.97,528.63,77.946,160.76
830.01,527.36,78.303,161.5
826.57,526.39,77.807,160.48
823.89,524.48,78.024,160.92
820.67,521.72,78.48,161.86
817.89,519.9,78.55,162.01
815.09,516.47,79.285,163.53
812.97,513.53,79.478,163.92
809.32,508.42,80.153,165.32
807.68,506.11,79.961,164.92
804.87,501.51,79.708,164.4
802.12,498.45,79.379,163.72
798.34,493.7,79.176,163.3
795.42,490.47,79.35,163.66
793.05,487.3,79.541,164.05
790.67,483.42,79.241,163.44
788.42,480.43,79.156,163.26
785.71,477.51,79.24,163.43
783.24,475.74,79.137,163.22
780.1,473.19,79.577,164.13
776.04,471.43,79.596,164.17
772.16,468,79.8,164.59
769.85,465.32,80.07,165.15
766.96,462.72,80.018,165.04
763.86,460.39,79.989,164.98
761.9,459.07,79.542,164.05
759.16,456.42,79.898,164.79
758.18,455.04,80.076,165.16
755.83,453.64,80.556,166.15
755.46,452.22,80.996,167.05
754.34,450.76,80.396,165.82
754.86,450.63,80.176,165.36
754.69,450.59,80.1,165.21
753.99,449.73,80.329,165.68
754.21,449.19,80.546,166.13
754.26,449.31,81.001,167.06
752.86,447.97,81.403,167.89
753.59,447.89,81.668,168.44
752.31,445.89,81.488,168.07
753.62,445.24,81.84,168.8
752.73,442.56,82.166,169.47
754.09,442.41,82.36,169.87
753.78,440.32,82.458,170.07
754.74,438.7,82.705,170.58
756.5,438.28,83.096,171.39
756.21,436.41,82.949,171.08
757.82,436.32,82.981,171.15
758.15,435.79,83.003,171.19
758.74,434.59,83.563,172.35
759.45,434.39,83.61,172.44
759.67,434.25,83.634,172.5
760.51,434.28,83.486,172.19
761.39,434.02,83.549,172.32
761.78,433.13,83.724,172.68
762.58,431.68,83.791,172.82
761.66,429.59,83.862,172.96
762.33,428.28,83.672,172.57
763.26,427.75,83.884,173.01
762.32,425.91,83.797,172.83
762.47,424.74,83.723,172.68
763.43,423.98,84.321,173.91
763.12,422.54,84.645,174.58
762.55,420.39,84.629,174.55
763.13,420.34,84.304,173.88
764.78,420.24,84.655,174.6
764.02,419.22,84.436,174.15
765.79,419.61,84.744,174.78
766.05,418.03,84.759,174.81
766.81,417.68,84.724,174.74
768.49,416.63,84.567,174.42
769.23,416.02,84.289,173.85
771.55,415.6,84.287,173.84
772.44,414.34,84.301,173.87
774.02,413.05,84.311,173.89
774.95,412.15,84.541,174.37
775.07,410.3,84.305,173.88
776.79,410.4,84.045,173.34
778.07,409.26,83.74,172.71
779.55,409.6,83.608,172.44
780.5,408.96,83.868,172.98
780.85,407.68,83.709,172.65
782.5,408.36,83.712,172.66
783.53,407.84,84.184,173.63
784.11,408.07,84.097,173.45
784.06,407.15,83.307,171.82
786.12,407,83.275,171.76
786.96,405.58,82.957,171.1
787.74,406.02,82.919,171.02
788.32,405.42,82.877,170.93
788.95,404.8,82.617,170.4
788.53,403.68,82.153,169.44
789.96,404.13,81.789,168.69
789.73,403.51,81.233,167.54
791.42,403.87,81.575,168.25
790.99,402.94,81.638,168.38
792.05,403.23,81.602,168.31
792.8,402.86,82.136,169.41
795.02,403.91,82.144,169.42
795.67,404.69,82.189,169.52
797.99,404.55,81.888,168.89
798.5,404.07,81.555,168.21
801.84,405.39,81.299,167.68
802.67,405.5,81.298,167.68
804.87,405.86,80.925,166.91
805.97,405.91,80.638,166.32
807.56,406.03,80.314,165.65
808.48,405.84,80.418,165.86
809.59,406.44,80.638,166.32
810.21,406.34,81.017,167.1
811.11,406.42,81.562,168.22
813.29,407.37,82.154,169.44
814.08,408.21,82.524,170.21
814.13,408,83.069,171.33
815.38,408.7,83.594,172.41
816.35,409.47,84.668,174.63
816.66,409.52,84.258,173.78
817.92,410.13,84.783,174.87
818.65,411.08,83.708,172.65
820.25,412.58,83.949,173.14
820.04,413.12,83.138,171.47
820.49,414.24,82.452,170.06
820.95,415.3,82.353,169.85
821.27,415.64,82.596,170.35
822.46,416.28,82.757,170.69
823.67,418.01,83.091,171.38
823.38,418.24,82.915,171.01
826.35,421.51,82.854,170.89
826.42,423.26,83.057,171.3
827.03,424.57,82.455,170.06
826.99,426.25,82.317,169.78
829.2,428.07,82.214,169.57
831.83,430.25,81.919,168.96
832.25,430.51,81.654,168.41
834.69,431.94,81.473,168.04
836.35,433.7,81.469,168.03
838.84,434.47,81.834,168.78
839.51,435.73,80.942,166.94
841.01,437.28,81.351,167.79
843.25,438.77,82.017,169.16
843.19,439.88,82.782,170.74
844.72,441.32,83.611,172.45
844.89,442.98,83.742,172.72
846.62,445.27,84.883,175.07
847.75,447.97,84.953,175.22
848.57,450.07,85.429,176.2
848.65,451.92,85.177,175.68
850.74,454.63,85.468,176.28
850.75,456.35,85.037,175.39
852.94,459.21,85.124,175.57
852.76,461.26,84.668,174.63
852.74,461.6,85.246,175.82
852.49,463.01,85.348,176.03
853.64,466.15,84.569,174.42
855.06,468.86,83.789,172.82
855.57,471.37,84.022,173.29
856.65,474.82,83.457,172.13
858.03,478.41,83.514,172.25
859.57,481.51,83.194,171.59
859.42,483.19,83.662,172.55
861.93,488.26,83.167,171.53
862.73,489.81,84.023,173.3
862.55,491.84,84.782,174.86
865.51,494.63,85.1,175.52
868.35,498.33,84.52,174.32
869.13,500.12,84.454,174.19
871.72,504.74,84.358,173.99
874.09,507.08,83.584,172.39
874.75,510.75,83.428,172.07
875.94,513.46,83.424,172.06
876.52,515.18,83.509,172.24
876.85,515.56,83.98,173.21
875.16,514.75,83.997,173.24
875.77,513.81,84.47,174.22
876.32,515.15,84.859,175.02
875.38,514.17,85.012,175.34
874.95,512.65,85.613,176.58
874.41,511.22,85.5,176.34
873.03,509.51,85.23,175.79
872.46,508.91,84.766,174.83
870.83,507.61,85.118,175.56
870.49,507.03,84.832,174.97
867.94,504.55,84.959,175.23
867.46,503.42,85.255,175.84
864.51,501.48,85.09,175.5
863.65,500.59,85.834,177.03
862.36,499.31,86.191,177.77
860.37,498.37,85.777,176.91
859.93,498.59,85.843,177.05
857.66,497.74,86.29,177.97
856.38,496.89,85.74,176.84
854.62,496.63,85.858,177.08
851.81,495.37,86.165,177.71
849.34,493.17,85.955,177.28
847.6,492.3,85.76,176.88
846.99,491.52,85.282,175.89
844.02,489.56,85.338,176.01
842.1,487.97,85.661,176.68
840.39,486.75,86.291,177.98
838.17,484.64,86.161,177.71
837.45,483.43,85.875,177.12
838.36,482.53,85.783,176.93
838.76,481.47,86.698,178.81
838.94,479.85,86.491,178.39
841.08,479.72,86.621,178.65
841.41,478.98,86.756,178.93
842.37,477.15,86.975,179.39
843.41,475.75,86.398,178.2
845.76,475.18,86.194,177.77
846.1,473.33,85.646,176.65
847.83,472.93,85.585,176.52
848.26,470.62,86.407,178.21
848.24,468.25,86.84,179.11
847.49,465.67,86.949,179.33
847.96,463.68,87.221,179.89
848.83,463.07,87.574,180.62
848.93,461.59,86.681,178.78
849.94,461.37,86.526,178.46
851.46,461.07,87.016,179.47
851.12,459.31,87.604,180.68
852.44,458.05,87.848,181.19
854.27,457.99,87.763,181.01
854.7,456.52,87.519,180.51
855.92,455.14,87.293,180.04
859.06,454.88,87.199,179.85
860.76,453.18,87.037,179.51
861.77,451.75,86.283,177.96
864.86,450.37,86.027,177.43
866.82,449.5,85.392,176.12
868.5,448.5,85.148,175.62
871.14,447.9,85.168,175.66
872.88,447.16,84.965,175.24
873.76,445.55,85.54,176.43
874.03,443.8,85.658,176.67
875.97,443.31,86.193,177.77
876.25,440.91,86.565,178.54
877.77,439.14,87.889,181.27
879.24,437.86,88.036,181.57
880.47,436.58,87.834,181.16
881.93,435.23,87.78,181.05
882.6,433.42,87.984,181.47
883.73,431.81,88.376,182.27
883.69,429.61,87.133,179.71
885.47,428.25,87.203,179.86
885.07,426.1,87.529,180.53
885.19,423.79,86.722,178.86
885.87,423.28,86.456,178.32
886.77,421.68,86.912,179.26
886.76,419.89,87.422,180.31
887.42,418.66,87.403,180.27
890.08,418.67,86.891,179.21
890.6,416.89,86.648,178.71
893.53,417.03,86.349,178.09
894.38,415.56,86.201,177.79
896.05,413.54,85.696,176.75
898.84,412.45,85.817,177
900.57,410.69,85.834,177.03
902.25,408.88,85.983,177.34
902.54,405.75,85.771,176.9
904.18,404.27,86.268,177.93
904.96,401.54,86.322,178.04
905.87,400.01,87.162,179.77
906.61,398.1,87.236,179.92
907.21,397.78,86.88,179.19
906.83,396.17,87.116,179.68
907.55,395.01,87.877,181.25
907.21,392.36,88.98,183.52
906.21,391.14,88.277,182.07
905.96,389.79,88.159,181.83
905.77,388.12,88.03,181.56
906.37,387.05,88.145,181.8
905.36,385.41,86.954,179.34
904.53,384.25,86.243,177.88
903.7,382.33,86.352,178.1
902.84,380.44,86.312,178.02
901.3,377.54,86.843,179.11
898.76,375.24,86.263,177.92
896.09,373.86,85.676,176.71
893.88,372.26,85.82,177
890.61,371.4,85.882,177.13
885.46,371.11,85.343,176.02
881.09,371.21,84.919,175.15
877.84,372.97,85.083,175.48
875.45,373.89,85.009,175.33
871.92,375.58,84.222,173.71
869.19,376.53,84.507,174.3
865.92,376.66,83.816,172.87
864.96,378.01,83.145,171.49
864.87,379.94,81.995,169.12
865.61,381.93,81.782,168.67
865.63,382.7,81.001,167.07
867.59,383.95,81.176,167.43
868.49,384.88,82.253,169.65
869.95,385.63,83.119,171.43
870.51,386.7,82.697,170.56
872.67,389.97,82.55,170.26
872.71,391.22,82.422,170
873.54,393.4,83.134,171.46
874.71,394.69,83.299,171.8
874.56,395.76,84.082,173.42
875.01,396.81,84.403,174.08
876.66,398.78,84.604,174.5
875.42,399.22,84.821,174.94
876.96,400.9,84.327,173.92
877.4,402.63,84.096,173.45
877.78,403.58,83.536,172.29
879.04,405.13,83.528,172.28
879.03,406.16,83.53,172.28
879.42,407.95,83.529,172.28
879.6,410.49,83.431,172.08
880.53,412.38,83.371,171.95
880.93,413.95,83.232,171.67
881.54,416.86,83.135,171.47
881.87,418.39,83.312,171.83
882.75,419.69,83.417,172.05
884.6,422.8,83.482,172.18
886.15,424.73,83.463,172.14
887.46,426.37,83,171.19
889.64,428.74,82.339,169.82
889.29,429.18,82.093,169.32
891.86,432.58,81.303,167.69
892.79,434.15,81.17,167.41
894.07,435.84,81.168,167.41
895.73,437.36,81.369,167.82
895.99,438.98,82.339,169.82
895.28,439.62,82.599,170.36
896.58,442.32,82.661,170.49
897.71,446.15,83.207,171.61
897.11,447.04,83.069,171.33
897.76,449.89,82.632,170.43
898.48,452.62,81.937,168.99
899.54,454.61,82.195,169.53
899.5,456.94,81.92,168.96
898.99,458.31,81.215,167.51
899.27,460.27,81.972,169.07
899.96,461.28,81.563,168.22
900.06,462.66,81.474,168.04
899.41,463.51,82.445,170.04
898.47,464.68,82.063,169.26
899.42,467.46,82.04,169.21
899.57,468.87,82.288,169.72
900.81,471.83,82.279,169.7
901.08,474.87,82.103,169.34
901.98,478.15,81.284,167.65
902.5,479.72,80.934,166.93
903.24,482.18,80.508,166.05
905.64,484.7,79.923,164.84
906.18,487.48,78.869,162.67
908.18,489.46,78.189,161.26
908.23,491.83,78.33,161.56
910.11,493.53,78.158,161.2
909.79,495.06,78.075,161.03
910.57,496.78,78.334,161.56
912.18,499.16,78.54,161.99
912.54,500.4,79.253,163.46
913.72,502.16,79.709,164.4
915.1,504.1,80.023,165.05
915.84,506.69,80.278,165.57
915.16,507.09,80.581,166.2
915.24,508.83,81.353,167.79
915.01,510.37,82.224,169.59
914.15,511.07,83.256,171.72
912.5,511.18,82.951,171.09
913.44,512.61,83.45,172.12
913.83,513.61,83.482,172.18
913.84,514.35,83.615,172.46
914.28,515.68,82.989,171.16
914.03,516.73,83.379,171.97
913.01,517.28,82.513,170.18
913.21,518.48,82.723,170.62
914.46,521.09,82.879,170.94
914.75,522.81,82.978,171.14
915.08,524.2,83.216,171.63
915.03,525.23,83.326,171.86
915.15,524.93,83.478,172.17
917.22,526.46,83.226,171.65
917.44,524.98,83.174,171.55
918.45,523.43,82.904,170.99
919.99,523,83.1,171.39
920.19,521.56,82.839,170.85
921.07,520.63,83.365,171.94
920.63,518.79,83.036,171.26
921.23,517.3,82.664,170.5
922.63,518.11,82.334,169.81
921.73,516.31,82.11,169.35
923.06,517.84,81.555,168.21
924.16,517.74,80.701,166.45
923.71,517.84,79.512,163.99
922.72,516.33,79.959,164.92
922.3,515.29,80.022,165.04
921.78,515.12,79.611,164.2
920.86,512.98,79.522,164.01
919.81,512.12,79.258,163.47
918.77,511.29,79.216,163.38
918.3,508.41,79.621,164.22
917.41,507.06,79.952,164.9
917.09,505.67,79.602,164.18
916.83,504.02,79.114,163.17
916.21,503.42,78.95,162.83
916.54,503.48,78.545,162
915.89,502.57,78.722,162.36
916.39,503.1,78.7,162.32
915.81,503.4,78.849,162.63
916.11,502.53,78.925,162.78
916.67,502.84,78.718,162.36
917.45,501.66,78.84,162.61
917.54,500.85,78.815,162.56
917.71,500.7,78.576,162.06
918.64,499.31,79.053,163.05
919.67,498.14,79.284,163.52
920.16,497.39,79.199,163.35
921.26,495.6,78.983,162.9
923.19,494.25,79.45,163.87
924.47,492.32,78.648,162.21
925.61,491.84,78.28,161.45
926.51,491.41,78.189,161.26
927.09,491.28,77.741,160.34
928.06,490.65,77.422,159.68
928.28,489.59,77.684,160.22
928.95,489.24,77.99,160.85
929.82,489.31,77.57,159.99
929.62,488.74,77.724,160.31
929.15,487.68,78.054,160.99
928.78,486.36,78.877,162.68
929.51,484.45,78.991,162.92
929.87,484.2,78.65,162.22
930.48,482.23,79.284,163.52
930.69,480.54,79.172,163.29
930.03,478.97,79.564,164.1
930.68,477.94,79.081,163.11
931.39,476.56,79.767,164.52
931.69,476.26,79.181,163.31
932.53,475.49,78.326,161.55
933.71,475.43,78.117,161.12
933.97,475.23,77.631,160.11
934.71,475.37,77.408,159.65
935.34,475.66,76.379,157.53
936.99,475.8,76.117,156.99
938.46,475.44,75.69,156.11
939.56,474.69,75.786,156.31
940.07,473.65,76.029,156.81
940.28,472.35,76.561,157.91
940.71,470.9,76.701,158.19
941.7,469.68,77.053,158.92
941.86,467.6,77.686,160.23
942.69,467.26,77.34,159.51
942.84,466.56,77.319,159.47
943.75,466.42,76.946,158.7
944.54,466.16,76.956,158.72
945.03,466.67,76.346,157.46
945.37,467.45,75.878,156.5
945.63,468.18,75.79,156.32
946.02,468.73,75.679,156.09
946.41,470.27,75,154.69
947.46,469.97,74.532,153.72
945.28,470.45,74.196,153.03
945.83,470.62,74.259,153.16
945.51,470.52,74.057,152.74
945.42,468.66,74.159,152.95
944.54,467.55,74.136,152.91
944.01,466.21,74.434,153.52
943.26,464.88,74.297,153.24
943.45,463.67,74.501,153.66
942.71,461.99,74.298,153.24
942.57,461.8,74.243,153.13
942.74,460.28,74.274,153.19
942.42,459.27,74.298,153.24
942.17,458.32,73.692,151.99
942.11,457.77,73.173,150.92
942.81,456.73,73.226,151.03
942.81,456.57,72.971,150.5
941.94,455.56,72.369,149.26
942.33,455.13,72.568,149.67
942.06,453.51,72.468,149.47
942.49,452.97,72.565,149.67
940.95,452.47,72.253,149.02
941.89,451.65,72.126,148.76
942.51,450.5,71.929,148.35
941.99,448.65,72.096,148.7
942.6,447.04,72.758,150.06
943.4,446.36,72.697,149.94
942.44,444.9,72.692,149.93
943.51,443.44,72.576,149.69
943.25,443.14,72.692,149.93
943.26,442.65,72.324,149.17
943.06,441.92,72.24,149
942.3,440.93,72.125,148.76
943.24,439.66,72.157,148.82
942.66,438.81,72.116,148.74
942.11,438.53,71.91,148.31
941.77,437.47,71.427,147.32
942.69,437.07,71.31,147.08
941.92,435.96,71.657,147.79
941.78,435.18,71.736,147.96
941.19,434.7,71.692,147.86
940.43,433.56,71.523,147.52
939.61,432.58,71.179,146.81
938.99,431.88,70.946,146.33
938.41,431.54,70.545,145.5
938.12,430.47,70.245,144.88
937.73,429.15,69.699,143.75
936.42,428.13,69.068,142.45
936.52,426.72,68.507,141.3
935.55,425.96,68.08,140.42
935.45,424.42,68.17,140.6
935.1,423.33,67.973,140.2
935.11,422.47,67.883,140.01
935.01,420.66,68.071,140.4
934.85,419.4,68.212,140.69
934.13,417.52,67.981,140.21
934.87,415.46,68.455,141.19
934.6,413.8,69.075,142.47
934.51,412.91,69.456,143.25
934.64,409.58,70.227,144.84
934.61,408.87,70.646,145.71
934.96,407.19,70.96,146.36
935.85,405.97,71.957,148.41
936.09,404.26,72.277,149.07
937.26,403.2,72.302,149.12
937.98,402.6,72.579,149.7
940.23,401.51,72.521,149.58
941.65,399.65,72.216,148.95
943.58,395.32,71.819,148.13
943.99,394.61,71.754,147.99
945.52,394.34,71.72,147.92
946.36,393.28,71.803,148.09
947.79,391.57,71.683,147.85
949.37,389.93,71.584,147.64
950.94,385.2,71.247,146.95
951.4,384.7,71.208,146.87
952.64,383.78,71.148,146.74
953.11,382.47,70.953,146.34
955.53,381.18,71.055,146.55
955.8,380.65,70.619,145.65
957,380.35,70.616,145.65
957.32,379.56,70.616,145.64
958.34,380.46,70.458,145.32
958.6,378.61,70.096,144.57
958.7,376.71,70.1,144.58
959.09,375.95,70.466,145.34
959.27,373.41,70.425,145.25
