1323,905,94,82
1322.9,904.14,94.038,82.033
1322.5,903.44,93.799,81.825
1321.8,901.75,93.984,81.986
1321.4,900.4,94.271,82.236
1321.5,899.81,93.448,81.519
1321,898.65,93.423,81.497
1320.3,897.36,93.483,81.549
1320.4,896.58,92.938,81.073
1319.9,895.27,92.945,81.08
1319.5,893.94,92.355,80.565
1319.3,893.49,92.511,80.701
1318.9,892.08,91.991,80.248
1318.3,890.95,91.822,80.1
1318.8,890.5,90.642,79.071
1317.6,888.29,91.612,79.917
1316.9,887.18,91.535,79.849
1316.6,886.51,91.52,79.836
1316.1,885.32,91.71,80.003
1316.3,884.69,91.25,79.601
1315.8,883.47,91.031,79.41
1315.1,881.54,91.275,79.623
1314.6,880.66,91.847,80.122
1314.7,880.46,91.543,79.857
1314,879.3,91.46,79.784
1313.9,878.51,91.418,79.748
1313.6,877.31,91.355,79.692
1313.2,876.07,91.522,79.839
1312.6,874.38,91.213,79.569
1312.3,873.68,90.929,79.321
1312.5,873.84,90.708,79.128
1311.7,872.57,90.509,78.955
1311.7,871.81,90.524,78.968
1311.2,870.63,90.512,78.957
1311,869.76,90.47,78.921
1310.7,868.81,90.132,78.625
1310.2,868.04,89.921,78.441
1310.2,867.75,89.892,78.417
1309.3,865.91,90.31,78.781
1309.2,865.12,89.866,78.394
1309,864.36,89.557,78.124
1308.8,863.77,89.72,78.266
1308.2,862.94,89.851,78.38
1308.1,862.25,89.751,78.293
1307.8,861.34,89.743,78.286
1307.3,860.16,89.96,78.475
1307.5,859.7,89.84,78.371
1306.7,858.01,89.92,78.441
1307.2,858.33,89.409,77.995
1306.4,856.97,89.55,78.118
1306.7,856.61,89.439,78.021
1306.1,855.15,89.529,78.099
1306.4,855.02,88.874,77.529
1305.7,853.65,88.978,77.619
1305.7,853.37,88.894,77.545
1305.3,852.31,89.234,77.843
1305.1,851.49,89.085,77.712
1305.4,851.41,88.436,77.146
1304.9,850.09,88.368,77.087
1304.7,849.44,88.122,76.872
1304.8,849.27,88.463,77.17
1304.4,848.42,88.278,77.008
1304.3,847.89,88.207,76.946
1303.9,846.81,88.399,77.114
1303.5,845.95,88.116,76.867
1303.6,845.63,87.836,76.623
1303.4,845.14,87.885,76.665
1303,844.09,87.818,76.607
1303,843.86,87.773,76.568
1302.7,843.21,87.926,76.701
1302.1,842.14,87.663,76.472
1302.4,841.8,87.517,76.345
1302.1,840.98,87.601,76.418
1301.8,840.73,87.241,76.104
1302.2,840.54,86.995,75.889
1301.5,839.26,86.978,75.874
1301.9,839.05,86.909,75.814
1301.6,838.5,86.87,75.78
1301.5,838.2,86.915,75.82
1301.2,837.51,87.214,76.08
1300.9,836.66,87.391,76.235
1300.9,836.07,87.061,75.946
1300.5,835.15,86.783,75.704
1300.6,834.91,86.73,75.658
1300.4,834.24,86.482,75.442
1300.6,833.81,86.577,75.524
1299.8,832.84,86.336,75.314
1300.2,832.78,86.051,75.066
1300.1,832.33,86.215,75.209
1299.7,831.25,86.104,75.112
1299.4,830.79,86.254,75.243
1299.4,830.49,85.855,74.895
1299.3,829.76,85.948,74.976
1299.4,829.56,86.145,75.148
1299.1,828.85,85.981,75.005
1299.2,828.56,86.088,75.098
1298.8,827.95,86.261,75.249
1298.6,827.39,86.098,75.107
1298.6,826.82,86.194,75.191
1298.6,826.68,85.808,74.854
1298.3,826.21,85.862,74.901
1298.8,825.94,85.878,74.915
1298.5,825.69,85.999,75.02
1298.2,825.29,86.347,75.324
1298.4,824.83,86.132,75.137
1297.9,823.99,86.037,75.054
1298.1,823.83,86.02,75.039
1298.1,823.39,85.956,74.983
1297.8,823.01,86.074,75.086
1297.6,822.69,85.892,74.927
1297.6,822.23,86.049,75.064
1297.6,821.95,85.75,74.803
1297,821.16,85.75,74.803
1297,820.85,85.669,74.732
1297,820.58,85.72,74.777
1296.9,820.16,85.881,74.918
1297.4,820.23,85.704,74.763
1297,819.64,85.717,74.774
1296.9,819.24,85.67,74.734
1296.7,818.9,85.701,74.76
1296.7,818.76,85.743,74.797
1296.5,818.53,85.778,74.828
1296.7,818.01,85.615,74.686
1296.9,818.08,85.9,74.934
1297.1,818.04,85.76,74.812
1296.6,817.44,85.433,74.526
1296.8,817.28,85.637,74.705
1296.5,816.89,85.538,74.618
1296.8,816.86,85.668,74.732
1296.3,816.33,85.604,74.676
1296.5,816.15,85.939,74.968
1296.6,816.05,85.804,74.85
1296.5,815.65,85.366,74.468
1296.5,815.41,85.336,74.442
1296.5,815.34,85.221,74.342
1296.5,815.19,85.289,74.401
1296.2,815.16,85.434,74.527
1296.5,815.19,85.51,74.594
1296.6,814.98,85.65,74.716
1296.2,814.46,85.539,74.62
1296.4,814.47,85.622,74.691
1296.4,814.3,85.606,74.678
1296.5,814.15,85.563,74.64
1296.6,813.96,85.414,74.51
1296.6,814.04,85.344,74.449
1296.1,813.41,85.217,74.338
1296.1,812.78,85.343,74.448
1295.9,812.72,85.397,74.495
1295.9,812.35,85.238,74.356
1295.8,811.98,85.504,74.588
1296.3,812.21,85.493,74.579
1296.4,812.11,85.41,74.507
1296.4,811.83,85.402,74.499
1296,811.47,85.314,74.423
1295.6,810.75,85.389,74.489
1295.6,810.51,85.207,74.329
1295.6,810.31,85.139,74.271
1296,810.69,84.964,74.117
1295.9,810.43,85.014,74.161
1296.1,810.26,84.909,74.069
1295.6,809.57,84.941,74.098
1295.4,809.11,85.057,74.199
1295.7,809.35,85.098,74.234
1295.8,809.26,85.128,74.26
1295.8,809.14,85.121,74.254
1295.8,809.09,84.957,74.111
1295.2,808.19,85.214,74.336
1295.3,807.92,85.016,74.163
1295.4,807.79,84.973,74.126
1295.6,807.64,84.943,74.099
1295.3,807.18,84.987,74.138
1295.6,807.04,84.958,74.112
1295.2,806.72,85.098,74.234
1295.5,806.57,85.125,74.258
1295.6,806.69,85.063,74.204
1295.7,806.46,85.013,74.16
1295.8,806.52,84.69,73.879
1295.7,806.51,84.74,73.923
1295.3,805.62,84.803,73.977
1295.2,805.58,84.405,73.63
1294.9,805.34,84.487,73.702
1295,805.26,84.609,73.808
1295.4,805.45,84.609,73.808
1295.1,805.06,84.814,73.986
1294.7,804.36,84.776,73.954
1294.5,804.11,84.766,73.945
1294.4,803.79,84.854,74.021
1294.4,803.55,84.844,74.012
1294.4,803.55,84.774,73.952
1294.4,803.36,84.575,73.778
1294.8,803.55,84.674,73.865
1294.8,803.28,84.703,73.89
1294.6,803.24,84.871,74.037
1294.4,802.61,84.881,74.045
1294,802.34,84.895,74.057
1294.1,802.24,84.675,73.866
1294.4,802.5,84.577,73.78
1294.5,802.42,84.549,73.756
1294.4,802.2,84.654,73.847
1294.4,802.08,84.747,73.929
1294,801.53,84.608,73.807
1294.2,801.54,84.813,73.986
1294,801.18,84.607,73.806
1294.5,801.41,84.512,73.723
1294.6,801.23,84.361,73.592
1294.2,800.73,84.434,73.655
1294.6,800.41,84.307,73.544
1294.5,800.34,84.095,73.36
1294.8,800.4,84.382,73.61
1294.5,799.82,84.403,73.628
1294.5,799.73,84.391,73.618
1294.5,799.49,84.424,73.646
1294.7,799.46,84.42,73.643
1294.8,799.32,84.337,73.571
1294.8,799.23,84.275,73.517
1295.2,799.35,84.184,73.437
1295.3,799.35,84.334,73.568
1295.1,799.06,84.185,73.438
1295.3,798.89,84.502,73.714
1295,798.32,84.378,73.606
1295.2,798.19,84.334,73.568
1295.2,798,84.247,73.492
1295.4,798.02,84.435,73.656
1295.2,797.36,84.295,73.534
1295.3,797.08,84.232,73.479
1295.5,797.16,84.406,73.63
1295.3,796.74,84.237,73.483
1295.6,796.78,84.304,73.542
1295.3,796.2,84.248,73.493
1295.6,796.23,84.338,73.571
1295.4,795.87,84.168,73.423
1295.4,795.98,84.369,73.599
1295.2,795.42,84.202,73.452
1295.8,795.67,84.199,73.45
1295.9,795.49,84.209,73.459
1295.6,795.25,84.235,73.481
1295.6,794.88,84.212,73.462
1295.7,794.69,84.137,73.396
1295.6,794.34,84.277,73.518
1295.6,794.3,84.175,73.429
1295.6,794.15,84.16,73.416
1295.5,793.93,83.976,73.256
1295,793.39,83.984,73.263
1294.8,793.16,84.096,73.36
1295.1,793.24,84.198,73.449
1295.1,793.13,84.179,73.433
1295,793.02,84.181,73.435
1294.9,792.77,84.247,73.492
1294.8,792.79,84.223,73.471
1295,792.62,83.999,73.276
1294.5,792.24,83.989,73.267
1294.3,792.01,83.689,73.005
1294.8,792.21,83.866,73.159
1294.3,791.76,83.728,73.04
1294.8,791.89,83.818,73.117
1294.7,791.72,83.931,73.217
1294.3,791.06,83.713,73.026
1294.6,791.18,83.772,73.078
1294.5,790.67,83.944,73.228
1294.1,790.2,83.791,73.094
1294.4,790.16,83.746,73.055
1294.6,790.01,83.865,73.159
1294.2,789.4,83.657,72.977
1294.6,789.36,83.679,72.996
1294.4,789.15,83.852,73.147
1294,788.87,83.602,72.929
1294,788.63,83.459,72.804
1294,788.39,83.529,72.866
1293.8,788.05,83.729,73.04
1294.2,788.07,83.739,73.049
1294.3,787.94,83.68,72.997
1294.4,787.63,83.703,73.018
1294.3,787.6,83.6,72.928
1293.9,786.65,83.676,72.994
1294.3,786.86,83.615,72.941
1294.2,786.7,83.669,72.988
1294.3,786.62,83.575,72.906
1293.8,785.95,83.587,72.916
1293.8,785.93,83.273,72.642
1294.3,786.02,83.277,72.646
1294.2,785.92,83.398,72.751
1294,785.51,82.662,72.11
1293.8,785.03,83.039,72.438
1293.9,784.83,82.871,72.292
1294.1,784.91,83.188,72.568
1294.3,784.78,83.31,72.675
1294.4,784.71,83.172,72.554
1294.3,784.37,83.276,72.645
1294.4,784.17,83.347,72.707
1294.6,784.22,83.121,72.51
1294.3,783.59,83.245,72.618
1294.4,783.74,83.199,72.578
1294.6,783.97,83.168,72.551
1294.7,783.49,83.237,72.611
1294.6,783.38,83.334,72.696
1294.5,783.26,83.357,72.715
1294.4,783.12,83.281,72.649
1294.5,783.07,83.366,72.723
1294.4,782.96,83.285,72.653
1294.5,783.06,83.281,72.649
1294.4,782.89,83.416,72.767
1294,782.35,83.31,72.674
1294.2,782.62,83.28,72.648
1294.3,782.4,83.4,72.753
1294.2,782.48,82.468,71.94
1294.3,782.46,83.136,72.523
1294.1,782.12,82.863,72.285
1294,782.18,83.364,72.722
1294.2,782.06,83.344,72.704
1294.2,781.89,83.299,72.665
1294.2,781.82,83.358,72.717
1294.2,781.78,83.29,72.657
1294.2,781.79,83.341,72.702
1294.2,781.66,83.386,72.741
1294.1,781.39,83.501,72.841
1293.8,780.82,83.438,72.786
1294.1,780.97,82.767,72.201
1294.1,781.11,83.108,72.498
1294.1,780.58,82.748,72.184
1294.2,780.64,83.131,72.518
1294,780.14,82.943,72.354
1294,780.17,82.728,72.167
1294.2,780.17,83.209,72.586
1294.1,780.09,83.481,72.824
1294,779.86,82.774,72.207
1294.2,779.9,83.23,72.605
1294.1,779.68,83.26,72.631
1293.9,779.57,83.36,72.719
1294,779.3,83.359,72.718
1294,779.34,83.376,72.733
1293.9,779.26,83.432,72.781
1293.8,778.98,82.826,72.253
1293.9,779.22,83.422,72.772
1293.8,778.95,82.909,72.325
1294,779.1,83.466,72.811
1293.7,778.7,82.887,72.306
1293.9,778.63,83.237,72.611
1293.9,778.54,83.279,72.647
1293.9,778.52,83.324,72.687
1293.9,778.4,83.432,72.781
1293.7,778.02,83.075,72.47
1293.6,778.19,82.991,72.396
1293.6,778.02,83.03,72.43
1293.8,778.01,82.836,72.261
1294,778.16,83.19,72.57
1294,778.12,83.308,72.673
1294.1,778.08,83.342,72.703
1294.1,778.1,83.309,72.673
1294,778.16,83.246,72.619
1294,778.15,83.281,72.65
1293.9,778.15,83.276,72.645
1294,777.99,83.36,72.718
1294.1,777.9,83.279,72.647
1294,777.97,83.255,72.627
1294,777.97,83.205,72.583
1294.2,777.92,83.109,72.499
1293.9,777.58,82.889,72.308
1294.4,777.77,82.95,72.361
1293.7,777.12,83.028,72.428
1293.9,777.19,83.019,72.421
1294,776.88,83.241,72.614
1294.5,777.35,83.178,72.559
1294.6,777.45,83.053,72.451
1294.2,776.91,83.207,72.585
1294.6,777.17,83.257,72.628
1294.8,777.11,83.287,72.654
1294.7,777.13,83.339,72.7
1294.7,777.07,83.355,72.714
1294.9,776.97,83.135,72.522
1294.7,776.61,82.967,72.376
1294.6,776.22,83.144,72.529
1294.6,776.33,82.965,72.373
1294.6,776.21,83.161,72.545
1294.6,776.21,83.141,72.527
1294.6,776.12,83.152,72.537
1294.7,776.07,83.205,72.583
1295.2,776.57,83.149,72.535
1294.9,776,83.123,72.511
1294.8,775.91,83.128,72.516
1294.8,775.75,83.217,72.594
1295.2,776.09,83.238,72.612
1295.1,776.09,83.392,72.746
1295,775.6,83.158,72.542
1294.9,775.53,83.183,72.564
1295.5,775.87,83.178,72.56
1295.8,776,82.988,72.394
1295.4,775.42,83.005,72.409
1295.1,775.03,83.307,72.672
1295.6,775.55,82.927,72.34
1295.9,775.43,82.874,72.294
1295.8,775.15,83.084,72.478
1295.7,774.62,83.022,72.424
1295.7,774.45,82.828,72.254
1296.1,774.83,83.02,72.422
1295.9,774.4,82.894,72.312
1296.2,774.41,83.163,72.547
1296.3,774.21,83.155,72.539
1295.9,773.79,82.967,72.375
1296,773.34,83.086,72.479
1295.8,773.12,83.354,72.713
1296.3,773.31,83.311,72.676
1296.4,773.14,83.239,72.613
1296.6,772.96,83.122,72.511
1296.2,772.61,82.932,72.345
1296.5,772.72,83.028,72.429
1296.4,771.94,83.165,72.548
1296.7,772.2,83.048,72.446
1296.4,771.69,82.876,72.296
1296.5,771.77,82.959,72.368
1296.3,771.14,83.241,72.615
1296.7,771.41,83.008,72.411
1296.4,770.93,83.068,72.463
1296.3,770.79,83.125,72.513
1296.5,770.71,83.093,72.485
1296.5,770.39,83.034,72.434
1296.5,770.35,82.956,72.366
1296.3,770.12,83.127,72.515
1296.4,770.05,83.144,72.53
1296.6,770.15,82.976,72.384
1296.5,770.02,82.982,72.388
1296.7,769.78,82.916,72.331
1296.9,770.09,83.031,72.431
1296.6,769.68,82.939,72.351
1296.7,769.41,82.951,72.361
1296.9,769.38,82.851,72.274
1297.2,769.68,82.983,72.389
1296.8,769.12,82.954,72.364
1297,769.08,82.823,72.25
1297.5,769.29,82.998,72.402
1297.1,768.8,82.935,72.348
1297.5,769.02,82.9,72.317
1297.5,769.03,83.006,72.409
1297.2,768.68,82.922,72.336
1297.6,768.9,82.98,72.387
1297.3,768.5,82.953,72.364
1297.2,768.11,83.002,72.406
1297.3,768.16,82.866,72.288
1297.8,768.52,82.824,72.251
1297.8,768.51,82.718,72.158
1297.8,768.39,82.952,72.362
1297.4,768.07,82.88,72.3
1297.7,768.35,82.984,72.391
1297.7,767.88,82.931,72.344
1298.1,768.25,82.873,72.293
1297.9,768.32,82.916,72.331
1298,768.34,82.898,72.315
1298.2,768.06,82.944,72.356
1297.7,767.67,82.94,72.352
1297.7,767.35,83.073,72.468
1297.7,767.33,83.106,72.497
1297.5,767.08,83.47,72.814
1297.8,767.27,83.12,72.509
1297.7,767.13,83.349,72.709
1298.1,767.59,83.292,72.659
1298.2,767.67,83.118,72.508
1297.7,766.91,83.703,73.017
1298.3,767.44,83.361,72.719
1298.2,767.59,83.291,72.658
1298,767.58,83.37,72.727
1298.2,767.62,83.331,72.693
1298.1,767.57,83.282,72.65
1298,767.61,83.206,72.584
1298.1,767.78,83.126,72.514
1297.8,767.69,82.948,72.359
1297.8,767.35,82.997,72.401
1297.9,767.36,82.976,72.383
1297.8,767.27,83.147,72.532
1297.8,767.36,83.142,72.528
1297.9,767.26,83.091,72.484
1297.6,767.04,83.38,72.736
1298.2,767.51,83.17,72.552
1298.3,767.62,82.983,72.389
1297.7,767.07,83.34,72.701
1298.1,767.56,83.17,72.553
1298.1,767.39,83.133,72.52
1297.7,767.05,83.125,72.513
1297.5,767.03,83.179,72.56
1298.1,767.64,82.983,72.389
1297.4,766.97,83.344,72.705
1297.7,767.69,82.974,72.382
1297.2,767,83.435,72.784
1297,766.94,83.711,73.025
1297.5,767.79,83.369,72.726
1297.6,767.93,83.277,72.646
1297.7,767.99,83.187,72.568
1297.7,767.89,83.133,72.52
1297.3,767.59,83.148,72.533
1297.2,767.55,83.081,72.475
1297.3,767.47,83.155,72.539
1297.2,767.57,83.063,72.459
1297.3,767.56,83.069,72.464
1297.3,767.56,83.122,72.51
1297.3,767.45,83.051,72.449
1297.4,767.46,83.018,72.42
1297.5,767.45,83.028,72.429
1297.5,767.47,82.97,72.378
1297.5,767.39,82.937,72.35
1297.8,767.85,83.042,72.441
1297.5,767.53,83.026,72.427
1297.2,767.04,83.239,72.612
1297.7,767.42,83.051,72.449
1297.4,767.17,82.99,72.395
1297.4,766.99,82.821,72.248
1297.7,767.15,83.021,72.423
1297.3,766.88,83.064,72.46
1297.4,766.97,82.791,72.222
1297.8,767.2,82.726,72.165
1297.9,767.24,82.739,72.177
1297.9,767.22,82.817,72.245
1297.8,767.23,82.778,72.21
1297.8,767.18,82.71,72.151
1297.3,766.72,82.896,72.313
1297.7,766.77,82.766,72.201
1297.8,766.69,82.775,72.208
1297.7,766.85,82.679,72.124
1297.5,766.26,82.515,71.982
1297.2,766.23,82.33,71.82
1297.6,766.5,82.494,71.963
1297.2,766.05,82.609,72.063
1297.1,765.94,82.656,72.104
1297.2,765.64,82.62,72.073
1297,765.46,82.705,72.147
1297.2,765.49,82.418,71.897
1297.6,765.75,82.389,71.872
1297.7,765.75,82.524,71.989
1297.2,765.27,82.607,72.062
1297,765.24,82.789,72.22
1297.5,765.5,82.675,72.12
1297.1,765.17,82.757,72.192
1297.2,765.26,82.748,72.185
1297.2,765.16,82.773,72.206
1297.5,765.14,82.623,72.076
1296.8,764.79,82.77,72.204
1297.1,764.54,82.712,72.153
1296.8,764.23,82.544,72.007
1296.8,764.19,82.409,71.889
1296.7,764.35,82.658,72.106
1296.5,763.82,82.77,72.203
1296.9,763.83,82.792,72.222
1297,763.74,82.655,72.104
1296.7,763.26,82.511,71.978
1296.1,763.08,82.476,71.947
1296.5,763.19,82.896,72.313
1296.6,763.12,82.607,72.061
1296.1,762.48,82.688,72.132
1295.9,761.94,82.768,72.202
1296.1,762.13,82.662,72.109
1295.4,761.37,82.865,72.287
1295.5,761.35,82.734,72.172
1295.6,761.13,82.878,72.298
1295.4,760.59,83.294,72.661
1294.9,759.96,83.454,72.8
1294.5,759.45,82.986,72.392
1294.3,758.87,82.78,72.213
1294.3,758.47,83.146,72.531
1294.1,758.11,82.484,71.954
1294.1,758.05,82.742,72.18
1294,757.42,82.56,72.02
1293.4,756.57,82.128,71.643
1293,756,82.055,71.58
1292.9,755.4,82.019,71.548
1292.5,755.11,82.493,71.962
1291.8,754.22,82.302,71.795
1291.9,754.22,82.1,71.619
1291.6,753.33,81.765,71.327
1291,752.58,81.71,71.279
1290.9,752.08,81.851,71.402
1290.7,751.34,82.191,71.699
1290.3,750.75,81.577,71.163
1290.6,750.44,81.57,71.157
1290.1,749.7,81.845,71.397
1289.8,748.66,82.167,71.678
1289.3,747.9,81.601,71.184
1289,747.47,80.875,70.55
1288.9,746.74,80.822,70.504
1288.3,745.78,81.039,70.694
1288.4,745.6,81.221,70.853
1288,744.68,80.538,70.256
1287.9,744.11,80.749,70.44
1287.3,743.34,80.403,70.139
1287,742.5,80.109,69.882
1287,741.84,80.572,70.286
1286.7,740.9,80.694,70.392
1286,739.88,80.285,70.036
1285.6,739.07,80.392,70.13
1285.5,738.59,79.945,69.74
1285,737.61,79.87,69.674
1284.6,737.08,79.341,69.212
1284.7,735.9,79.958,69.751
1284.2,734.78,79.472,69.326
1283.9,734.18,79.199,69.088
1283.8,733.36,79.843,69.65
1283.3,732.57,79.206,69.095
1282.9,731.7,79.626,69.461
1282.5,730.62,80.033,69.816
1282.4,729.94,79.591,69.43
1281.8,728.86,79.851,69.657
1281,727.74,79.433,69.293
1280.6,726.8,79.124,69.023
1280.7,726.35,79.1,69.002
1279.8,725.07,78.724,68.675
1280,724.17,78.856,68.789
1279.7,723.41,78.93,68.854
1278.6,722.04,78.966,68.885
1277.9,720.87,79.268,69.149
1278.2,720.5,78.41,68.4
1277.5,719.37,78.577,68.546
1276.4,717.97,78.512,68.489
1276.4,717.19,77.992,68.036
1276.3,716.64,77.833,67.897
1275.5,715.6,78.075,68.108
1274.8,714.48,77.663,67.749
1274.3,713.31,77.469,67.579
1274.5,712.55,77.604,67.697
1273.3,711.07,77.612,67.704
1273,709.85,77.631,67.721
1272.1,708.8,77.54,67.641
1271.9,707.91,77.38,67.502
1271.6,706.98,77.392,67.512
1271,705.91,77.492,67.599
1270.6,705.16,77.272,67.408
1269.7,703.48,76.931,67.11
1269.7,702.95,76.82,67.013
1269.2,701.79,76.433,66.675
1268.7,701.01,76.535,66.765
1268.2,699.79,76.54,66.769
1267.9,699.06,76.38,66.63
1267.1,697.63,76.144,66.424
1266.9,696.61,76.196,66.469
1266.3,695.61,75.982,66.282
1265.7,694.38,76.059,66.349
1265.6,693.71,75.618,65.965
1264.8,692.44,75.678,66.017
1264.6,691.58,75.229,65.625
1264.2,690.32,75.222,65.62
1263.6,689.58,74.969,65.399
1262.6,688.17,74.708,65.171
1262.5,687.32,74.672,65.139
1261.9,686.24,74.412,64.913
1261.2,684.69,74.692,65.157
1261.2,683.94,74.34,64.85
1260.7,682.94,74.309,64.823
1260.4,682.18,73.934,64.496
1259.7,680.91,74.222,64.747
1259.3,679.62,73.975,64.531
1258.6,678.36,73.678,64.272
1258.2,677.2,73.629,64.23
1257.7,676.09,73.797,64.376
1257.5,675.32,73.668,64.264
1256.7,674.04,73.102,63.77
1256.4,672.8,72.975,63.659
1256.3,671.87,73.16,63.821
1255.5,670.49,73.088,63.758
1255.1,669.43,72.717,63.434
1254.3,668.13,72.963,63.648
1254.3,667.44,72.447,63.198
1254.4,667.08,72.323,63.09
1253.4,665.27,72.004,62.812
1253.2,664.47,72.136,62.927
1252.9,663.26,72.262,63.037
1251.9,662.18,72.155,62.944
1251.5,661.21,72.226,63.006
1250.6,659.88,72.089,62.886
1250.8,659.08,72.152,62.941
1250.4,657.98,72.303,63.073
1249.7,656.81,71.469,62.345
1248.9,655.16,71.581,62.443
1248.7,654.09,71.953,62.767
1248.7,653.4,71.436,62.317
1248.1,652.47,70.751,61.719
1247.6,651.81,70.856,61.811
1246.9,650.34,70.585,61.574
1246.2,649.45,70.775,61.74
1246.2,648.59,70.695,61.67
1245.7,647.82,70.507,61.506
1245,646.58,70.168,61.211
1244.7,645.86,70.146,61.191
1244.1,644.85,70.229,61.263
1243.8,643.75,70.242,61.275
1243.2,642.67,70.191,61.231
1242.6,641.84,70.215,61.251
1242.5,641.26,69.833,60.918
1241.6,639.76,70.418,61.428
1240.8,638.48,70.062,61.118
1240.7,637.74,69.283,60.438
1240.6,636.83,69.768,60.862
1240.2,636.34,69.5,60.628
1239.6,635.24,69.32,60.471
1239.4,634.69,69.374,60.518
1239.1,633.69,69.344,60.491
1238.5,632.82,69.116,60.293
1237.7,631.73,68.836,60.049
1237.8,631.31,68.675,59.908
1237.1,630.24,68.683,59.915
1236.7,629.28,68.699,59.929
1236.3,628.49,68.929,60.129
1235.9,627.93,68.79,60.008
1235.3,626.54,68.609,59.851
1234.8,626.06,68.319,59.597
1234.7,624.96,68.266,59.551
1234.4,624.35,67.817,59.16
1234.3,623.42,67.52,58.9
1234.2,623,67.623,58.991
1233.7,622.11,67.711,59.067
1232.9,620.92,67.586,58.958
1233,620.54,67.669,59.031
1232.6,619.91,67.236,58.652
1232,618.62,66.725,58.207
1232.1,618,66.795,58.268
1231.5,616.92,66.868,58.332
1231,616.08,66.613,58.109
1231,615.85,66.709,58.193
1231,615.05,66.68,58.167
1230.7,614.45,66.457,57.973
1229.6,612.99,66.42,57.941
1229.4,612.07,66.419,57.94
1229,611.44,66.324,57.857
1229.4,611.2,66.191,57.741
1229.1,610.55,66.185,57.736
1228.8,609.81,66.096,57.658
1227.8,608.57,65.856,57.449
1228.1,608.17,65.891,57.479
1227.4,607.12,65.615,57.238
1227.1,606.55,65.399,57.051
1227.2,606.19,65.526,57.161
1226.3,605.11,65.388,57.04
1226.2,604.42,65.47,57.112
1225.5,603.41,65.231,56.904
1225.7,603.19,65.163,56.844
1225.2,602.68,64.509,56.274
1224.9,602.35,64.57,56.327
1224.3,601.12,64.638,56.386
1223.9,600.48,64.524,56.287
1224,600.04,64.376,56.158
1223.5,599.39,64.77,56.502
1223,598.65,64.661,56.406
1222.6,597.58,64.518,56.282
1222.7,597.3,64.381,56.163
1222.3,596.54,64.589,56.343
1221.6,595.27,64.729,56.465
1221.2,594.72,64.702,56.442
1221.1,593.88,64.423,56.199
1221,593.83,64.192,55.997
1220.6,592.74,64.111,55.927
1220.2,591.93,63.818,55.671
1220.1,591.29,63.638,55.514
1219.6,590.59,63.818,55.671
1219.8,590.39,63.191,55.124
1219.6,589.77,62.991,54.949
1219.7,589.5,62.999,54.956
1219.3,588.94,63.171,55.106
1218.8,588.38,63.435,55.337
1218.4,587.78,63.648,55.523
1217.7,586.73,63.679,55.549
1217.5,586.22,63.114,55.057
1217.7,586.05,63.21,55.141
1217.3,585.18,63.026,54.98
1217.1,584.93,63.018,54.973
1217,584.44,63.013,54.969
1216.7,583.92,63.339,55.253
1216,582.95,63.431,55.333
1216.2,582.88,63.018,54.973
1216.3,582.25,62.793,54.777
1215.4,581.24,62.664,54.664
1215.5,581.07,62.379,54.416
1215.1,580.49,61.991,54.077
1214.7,579.62,62.306,54.352
1214.2,579.15,62.155,54.22
1214.4,578.9,61.922,54.017
1213.7,577.96,61.998,54.083
1213.3,577.27,62.053,54.132
1213.2,576.83,61.749,53.866
1213.3,576.98,61.572,53.711
1212.7,576.05,61.35,53.518
1213,576.01,61.209,53.395
1212.5,575.37,61.396,53.558
1212,574.82,61.25,53.43
1212.2,574.83,60.892,53.119
1212.1,574.42,60.893,53.119
1212,573.68,60.824,53.06
1211.7,573.24,60.958,53.176
1211,572.28,60.91,53.135
1210.8,571.94,60.859,53.09
1210.5,571.48,60.942,53.162
1209.7,570.76,60.59,52.856
1209.6,570.13,60.676,52.93
1209.4,569.71,60.13,52.454
1209.1,569.2,60.28,52.585
1209.4,569.11,60.15,52.472
1208.8,568.4,60.345,52.642
1208.9,568.17,60.325,52.624
1208.7,567.61,60.375,52.668
1208.5,567.2,60.444,52.728
1208.3,566.64,60.275,52.581
1207.8,566.07,60.054,52.387
1207.2,565.42,59.973,52.316
1207.3,565.11,59.928,52.277
1207.5,564.59,59.798,52.165
1206.7,563.67,59.726,52.102
1206.2,563.02,59.817,52.181
1206.2,562.72,59.639,52.026
1205.9,562.19,59.661,52.044
1205.7,561.98,59.507,51.91
1206,562.05,59.134,51.585
1205.6,561.41,59.169,51.615
1204.7,560.52,59.482,51.888
1205,560.52,59.642,52.028
1204.7,559.74,59.237,51.675
1204.4,559.22,59.183,51.628
1204.2,558.79,59.09,51.547
1204.3,558.9,59.123,51.575
1204.3,558.54,58.805,51.298
1203.6,557.56,58.681,51.19
1203.7,557.79,58.697,51.204
1203,556.8,58.728,51.231
1203.2,556.6,58.475,51.01
1203.5,556.59,58.225,50.792
1203.1,556.11,58.412,50.955
1202.6,555.4,58.419,50.961
1202.4,555.03,58.235,50.8
1202.2,555.09,58.433,50.973
1201.9,554.35,58.217,50.785
1201.9,554.08,58.304,50.861
1201.5,553.2,58.187,50.759
1201.6,553.32,58.067,50.654
1201.6,552.95,57.984,50.582
1201,552.24,57.982,50.58
1200.5,551.65,58.158,50.734
1200.8,551.84,58.028,50.62
1200.7,551.75,57.791,50.414
1200.4,551.19,57.822,50.44
1199.8,550.45,57.874,50.486
1199.8,549.85,57.868,50.48
1199.5,549.46,57.733,50.363
1199.9,549.78,57.388,50.062
1199.4,549.05,57.44,50.107
1199.6,548.49,57.392,50.066
1199.3,548.12,57.48,50.142
1199.4,547.87,57.367,50.043
1199,547.27,57.426,50.095
1198.7,546.76,57.52,50.177
1198.4,546.19,57.738,50.367
1198.5,546.02,57.889,50.499
1198.1,545.7,57.822,50.44
1197.7,545.06,57.881,50.492
1197.4,544.79,58.021,50.614
1197.7,544.58,57.778,50.402
1198,544.56,57.222,49.917
1198,544.31,57.071,49.786
1197.4,543.81,57.119,49.827
1197,543.12,57.406,50.078
1197,542.73,57.169,49.87
1197.5,542.95,56.977,49.703
1196.8,542.17,57.089,49.801
1196.7,541.95,57.151,49.855
1196.8,541.47,57.248,49.939
1197.2,541.45,56.688,49.451
1197,541.11,56.806,49.554
1196.8,540.8,56.853,49.595
1196.7,540.28,56.914,49.648
1196.1,539.61,57.009,49.731
1195.8,539.36,57.057,49.773
1195.9,539.1,56.889,49.626
1196.2,539.31,56.625,49.396
1195.7,538.7,56.791,49.541
1196,538.6,56.792,49.542
1196.3,538.46,56.489,49.277
1195.7,537.96,56.543,49.325
1195.5,537.42,56.566,49.344
1195.4,537.24,56.538,49.32
1195.3,536.64,56.67,49.436
1195.2,536.57,56.701,49.463
1195.5,536.7,56.604,49.378
1195,536.3,56.492,49.28
1195,536.02,56.232,49.054
1195.4,536.25,55.98,48.834
1195.3,536.02,56.048,48.893
1194.6,535.46,55.99,48.842
1195.2,535.43,55.705,48.594
1195,534.99,55.561,48.468
1194.5,534.56,55.759,48.641
1194.4,534.27,55.522,48.434
1195,534.52,55.129,48.092
1194.5,534.01,55.108,48.073
1194.3,533.71,55.226,48.176
1194,533.25,55.125,48.088
1193.9,533.15,55.097,48.064
1194.1,533.22,55.066,48.036
1194.4,533.18,54.812,47.815
1193.5,532.56,54.967,47.95
1193.7,532.52,55.073,48.042
1193.7,532.32,55.069,48.039
1193.5,532.1,55.188,48.143
1193,531.73,55.03,48.005
1193.2,531.5,54.944,47.93
1192.9,531.54,55.002,47.981
1193,531.32,54.878,47.873
1192.3,530.68,54.894,47.886
1192.5,530.8,54.887,47.881
1192.4,530.69,54.809,47.812
1191.8,530.36,54.663,47.685
1191.8,530.36,54.421,47.474
1191.9,530.14,54.167,47.252
1192.3,529.81,54.262,47.335
1191.8,529.28,54.279,47.35
1191.5,528.97,54.033,47.135
1191.7,529.01,54.139,47.227
1191.6,528.74,54.181,47.264
1191.5,528.74,53.981,47.09
1191.1,528.06,54,47.106
1191.5,528.2,53.824,46.953
1190.9,527.53,54.138,47.227
1191.1,527.9,53.801,46.932
1190.5,527.17,53.791,46.924
1190.4,526.76,53.704,46.848
1190.7,526.85,53.849,46.975
1190.1,526.28,53.843,46.969
1190.3,525.76,53.742,46.881
1190.5,525.94,53.729,46.87
1190.3,525.74,53.828,46.956
1189.6,525.06,53.829,46.957
1189.4,524.59,53.732,46.873
1189.9,525.01,53.515,46.683
1189.3,524.33,53.409,46.591
1189.2,523.84,53.432,46.611
1188.8,523.56,53.671,46.82
1189.2,523.51,53.7,46.845
1189.2,523.21,53.703,46.847
1188.8,522.93,53.899,47.019
1188.3,522.45,53.724,46.866
1188.6,522.42,53.636,46.789
1188.4,522.3,53.567,46.728
1188.4,522.04,53.505,46.675
1187.9,521.6,53.511,46.68
1187.7,521.33,53.289,46.487
1188,521.55,53.166,46.379
1188,521.32,52.984,46.22
1187.4,520.83,52.965,46.203
1187,520.06,53.256,46.457
1187.1,520.2,53.317,46.511
1186.8,520.03,52.95,46.19
1186.8,519.87,52.687,45.961
1187.1,519.81,52.808,46.067
1186.9,519.6,52.846,46.099
1186.8,519.3,52.973,46.21
1186.3,518.8,53.061,46.287
1186.1,518.25,53.113,46.333
1186.5,518.65,52.893,46.141
1186,518,53.047,46.275
1186,517.82,52.902,46.149
1185.9,517.3,53.074,46.299
1185.9,517.16,52.884,46.133
1185.9,517.16,52.873,46.124
1185.8,516.92,52.865,46.116
1185.8,516.34,52.917,46.162
1185.8,516.17,52.943,46.184
1185.8,515.99,52.848,46.102
1186.3,516.34,52.692,45.966
1186.4,516.24,52.612,45.896
1186,515.65,52.465,45.768
1186,515.09,52.477,45.778
1185.9,514.74,52.357,45.673
1186.3,515.19,52.322,45.642
1186.3,515.15,52.197,45.533
1186.4,514.92,52.148,45.491
1185.9,514.3,52.106,45.454
1185.7,514.11,52.02,45.379
1185.9,513.87,51.884,45.26
1186.3,513.96,52.005,45.366
1185.9,513.48,52.053,45.408
1185.8,513.09,51.898,45.272
1186.2,513.26,51.905,45.279
1186.3,513.17,51.945,45.314
1186.3,512.9,51.931,45.301
1186.4,512.79,51.9,45.275
1186.4,512.65,51.813,45.198
1186.4,512.6,51.649,45.055
1186.1,512.15,51.404,44.841
1186.3,512.43,51.254,44.711
1185.7,511.67,51.566,44.983
1185.7,511.44,51.579,44.995
1185.5,511,51.746,45.14
1186.1,511.41,51.532,44.954
1185.5,510.88,51.776,45.166
1186.1,511.14,51.515,44.939
1185.6,510.53,51.576,44.992
1185.4,510.24,51.773,45.164
1186,510.44,51.43,44.865
1186.2,510.62,51.122,44.596
1185.5,509.84,51.39,44.829
1186.2,510.37,51.153,44.623
1185.5,509.53,51.352,44.796
1186,509.79,51.055,44.537
1186,509.91,51.022,44.508
1186,509.81,50.959,44.454
1185.8,509.73,50.997,44.487
1185.9,509.38,50.997,44.487
1185.8,509.31,50.881,44.385
1185.7,509.15,51.183,44.649
1185.2,508.74,51.073,44.553
1185.2,508.65,50.924,44.423
1185.6,508.82,50.976,44.468
1185.6,508.82,51.069,44.549
1185.3,508.24,50.816,44.329
1184.9,508.07,50.894,44.397
1185.5,508.49,50.92,44.419
1185.4,508.33,50.994,44.484
1185.3,508.28,50.859,44.366
1185.2,508.3,50.939,44.436
1185.3,508.36,50.791,44.307
1184.8,507.78,50.809,44.323
1184.6,507.49,50.873,44.379
1185.2,507.71,50.815,44.328
1184.7,507.46,50.754,44.275
1184.8,507.46,50.721,44.246
1184.7,507.51,50.621,44.159
1184.5,507.3,50.661,44.193
1184.3,507.34,50.669,44.201
1184.3,507.31,50.689,44.218
1184.2,507.24,50.671,44.203
1184.2,507.14,50.808,44.322
1184.1,507.07,50.937,44.434
1184.3,507.51,50.883,44.387
1184.4,507.42,50.961,44.456
1184.3,507.26,50.903,44.404
1184.3,507.33,50.892,44.395
1184.3,507.34,50.802,44.317
1183.9,506.96,50.628,44.165
1183.9,506.92,50.506,44.058
1184.3,507.07,50.634,44.17
1184,506.95,50.409,43.974
1184.4,507.43,50.206,43.797
1184,507.02,50.093,43.698
1184.5,507.44,49.957,43.58
1184.2,507.3,50.332,43.907
1183.9,506.76,50.297,43.876
1183.9,506.71,50.388,43.955
1183.8,506.68,50.462,44.02
1184,507.23,50.472,44.029
1184,507.22,50.522,44.072
1184,507.22,50.605,44.145
1184,507.13,50.579,44.122
1184,507.19,50.601,44.142
1184,507.32,50.507,44.06
1184.1,507.31,50.444,44.004
1184.1,507.33,50.34,43.914
1183.5,506.87,50.357,43.929
1183.3,506.61,50.392,43.959
1183.9,507.15,50.38,43.948
1183.5,506.77,50.376,43.945
1183.3,506.51,50.352,43.924
1183.3,506.56,50.178,43.772
1183.5,506.71,49.999,43.616
1183.7,506.99,50.246,43.831
1183.4,506.59,50.233,43.82
1183.5,506.64,50.04,43.652
1183.9,506.98,50.039,43.651
1183.7,507.09,50.079,43.686
1183.8,506.97,50.054,43.664
1183.9,506.96,50.009,43.625
1183.9,506.82,50.077,43.684
1183.9,506.93,50.072,43.68
1183.9,506.91,50.08,43.687
1184.1,506.9,49.902,43.532
1183.6,506.43,50.279,43.86
1183.7,506.44,50.274,43.856
1183.6,506.46,50.252,43.837
1183.6,506.5,50.059,43.668
1184.3,506.95,49.96,43.582
1184.4,506.84,49.917,43.545
1183.8,506.35,50.11,43.713
1184.2,506.72,50.014,43.629
1184.1,506.59,50.1,43.704
1184.3,506.51,49.894,43.524
1183.7,506.09,50.155,43.752
1184.2,506.23,50.048,43.659
1184.4,506.41,49.981,43.6
1184.3,506.31,50.034,43.647
1184.3,506.34,50.007,43.623
1184.2,506.28,49.999,43.616
1184.1,506.15,50.177,43.771
1183.8,505.73,50.073,43.681
1184,506,50.045,43.657
1184,506.05,49.987,43.606
1183.8,506,50.131,43.732
1183.8,505.83,50.188,43.781
1183.4,505.39,50.263,43.846
1183.3,505.24,50.384,43.952
1183.3,505.23,50.483,44.038
1183.8,505.46,50.493,44.047
1184,505.55,50.495,44.049
1183.8,505.37,50.599,44.139
1183.9,505.38,50.597,44.138
1183.8,505.25,50.611,44.15
1183.7,505.28,50.684,44.214
1183.4,504.72,50.715,44.241
1183.2,504.5,50.767,44.286
1183.1,504.52,50.783,44.3
1183.1,504.49,50.643,44.178
1183.1,504.47,50.549,44.096
1183.5,504.86,50.692,44.221
1182.9,504.33,50.715,44.241
1182.9,504.32,50.652,44.186
1182.9,504.31,50.687,44.216
1182.8,504.14,50.861,44.368
1183.2,504.65,50.941,44.438
1183.2,504.52,50.788,44.304
1182.6,504.02,50.933,44.431
1183.2,504.69,50.425,43.987
1183.3,504.73,50.332,43.906
1182.7,504.24,50.535,44.084
1183.2,504.71,50.441,44.002
1183.1,504.74,50.382,43.95
1182.8,504.28,50.538,44.086
1183.2,504.63,50.668,44.2
1182.8,504.04,50.842,44.351
1183.2,504.37,50.974,44.466
1183.1,504.44,50.976,44.468
1183.3,504.43,50.93,44.428
1183.5,504.5,50.864,44.37
1183.4,504.39,51.025,44.511
1183.4,504.38,50.941,44.438
1183.4,504.29,51.016,44.504
1183.4,504.31,51.008,44.497
1183.4,504.3,50.952,44.447
1183.1,504.09,51.284,44.737
1182.5,503.45,51.76,45.153
1182.8,503.82,51.851,45.232
1182.8,503.64,51.848,45.229
1182.7,503.74,52,45.362
1182.1,502.82,52.631,45.912
1181.8,502.4,53.113,46.332
1182.5,503.34,52.873,46.123
1182,502.65,53.051,46.278
1181.8,502.51,53.078,46.302
1181.9,502.71,52.878,46.127
1181.7,502.63,52.958,46.197
1181.7,502.62,53.029,46.259
1181.6,502.66,52.946,46.187
1181.7,502.63,52.825,46.082
1182.1,503.11,52.811,46.069
1182.1,503.39,52.805,46.064
1182.2,503.44,52.761,46.026
1182,503.42,52.861,46.112
1181.7,503.2,52.807,46.065
1182.6,504.08,51.779,45.169
1183,504.51,51.176,44.643
1182.4,504.21,51.175,44.642
1181.8,503.81,52.003,45.364
1181.6,503.62,52.258,45.586
1182.2,504.19,52.008,45.369
1181.9,504.08,51.791,45.179
1182.1,504.01,52.003,45.364
1181.6,503.7,52.135,45.48
1181.5,503.73,52.138,45.482
1181.2,503.28,52.555,45.845
1181.1,503.38,52.799,46.059
1181.7,504.04,52.077,45.429
1181.3,503.71,52.287,45.612
1182,504.21,51.81,45.196
1182.1,504.33,51.638,45.046
1181.2,503.92,52.071,45.424
1181.2,503.88,52.178,45.517
1181.3,503.98,51.94,45.309
1182,504.62,51.602,45.015
1181.4,504.2,51.996,45.358
1181.2,503.81,52.211,45.545
1181.8,504.4,51.611,45.022
1181.4,504.08,51.862,45.241
1181.8,504.44,51.501,44.926
1181.9,504.63,51.303,44.754
1182.1,504.93,51.066,44.547
1181.6,504.32,51.427,44.862
1181.9,504.6,51.282,44.735
1181.3,504.2,51.493,44.92
1181.9,504.57,51.311,44.761
1182,504.71,51.049,44.532
1182.2,504.83,50.756,44.276
1181.7,504.35,50.876,44.381
1181.8,504.64,50.961,44.456
1181.9,504.73,50.965,44.459
1181.9,504.69,50.972,44.465
1181.9,504.58,50.805,44.319
1181.3,503.97,50.98,44.472
1181.6,504.49,50.799,44.314
1181.2,503.93,51.004,44.493
1181.6,504.15,50.891,44.395
1181.7,504.11,50.965,44.459
1181.4,504.11,50.854,44.362
1181.1,503.96,50.824,44.336
1180.7,503.31,50.974,44.467
1181,503.39,50.852,44.36
1180.8,503.14,51.075,44.555
1180.5,502.87,51.088,44.566
1180.5,502.55,50.925,44.424
1180.7,502.7,50.822,44.334
1180.2,502.01,51.194,44.658
1179.8,501.68,51.413,44.849
1180.3,502.02,51.503,44.928
1180.2,501.95,51.565,44.983
1179.7,501.5,51.642,45.05
1179.5,501.25,51.551,44.97
1179.2,500.85,51.744,45.138
1179.8,501.09,51.649,45.056
1179.2,500.53,51.922,45.294
1179.5,500.67,52.098,45.447
1179.1,500.35,51.795,45.183
1179.4,500.49,51.727,45.123
1179.1,499.96,51.753,45.146
1179.3,500.07,51.775,45.166
1179.3,500.04,51.736,45.131
1178.7,499.33,51.873,45.251
1179,499.31,51.793,45.181
1179,499.29,51.865,45.244
1179.1,499.3,51.79,45.178
1179.1,499,51.926,45.297
1179.1,498.88,51.913,45.286
1179,498.89,51.919,45.291
1178.9,498.74,51.924,45.295
1179,498.63,51.92,45.292
1179,498.44,51.958,45.325
1178.9,498.51,51.957,45.324
1178.8,498.19,51.956,45.323
1178.6,497.67,52.063,45.417
1178.2,497.13,51.833,45.216
1178.6,497.25,51.783,45.172
1178.5,497.08,51.831,45.214
1178.6,497.09,51.685,45.087
1178.1,496.49,51.59,45.004
1177.6,496.15,51.659,45.064
1177.6,496.02,51.564,44.981
1177.6,496.08,51.34,44.786
1178,496.58,51.307,44.757
1178,496.38,51.208,44.67
1177.4,495.96,51.07,44.55
1177.4,495.89,50.931,44.429
1177.7,496.19,50.839,44.349
1177.3,495.63,50.812,44.325
1177.3,495.32,50.694,44.223
1177.1,495.28,50.178,43.772
1177.4,495.36,49.945,43.569
1177.4,495.38,50.431,43.993
1177.3,495.17,50.546,44.093
1177.1,495.07,50.375,43.944
1176.8,494.78,50.155,43.753
1177,494.77,50.022,43.636
1176.9,494.63,50.04,43.652
1176.6,494.5,50.157,43.754
1176.6,494.27,50.187,43.78
1176,493.81,50.156,43.753
1176.3,493.86,50.271,43.854
1176,493.37,50.013,43.628
1176.3,493.53,49.887,43.519
1175.7,492.87,49.922,43.549
1175.7,492.84,49.628,43.293
1175.8,493.05,49.793,43.437
1175.3,492.46,49.806,43.448
1175.3,492.31,49.58,43.251
1175.7,492.42,49.598,43.266
1175.5,492.26,49.697,43.353
1175.4,491.92,49.933,43.559
1175.1,491.47,49.893,43.523
1175,491.35,50.017,43.632
1175.4,491.49,49.993,43.611
1175.3,491.49,50.095,43.7
1175.2,491.36,49.919,43.546
1174.7,490.61,49.859,43.494
1174.5,490.37,49.751,43.399
1174.4,490.26,49.851,43.487
1174.2,490.08,49.935,43.561
1174.3,489.69,49.854,43.49
1174,489.49,49.862,43.497
1173.7,489.2,49.894,43.525
1173.6,488.94,49.816,43.456
1173.7,488.9,49.41,43.102
1173.9,488.96,49.097,42.83
1174.3,489.22,49.087,42.821
1174.2,489.18,48.989,42.735
1173.8,488.75,48.743,42.521
1174,489.11,48.922,42.676
1173.5,488.38,48.886,42.646
1173.2,487.83,48.99,42.736
1173.3,487.8,48.919,42.674
1173.2,487.82,48.886,42.645
1173,487.52,49.019,42.761
1173.1,487.3,49.102,42.833
1173.3,487.76,49.034,42.774
1173,487.12,49.084,42.818
1173.3,487.25,49.063,42.8
1173.4,487.24,49.163,42.886
1173.4,487.15,49.217,42.934
1173.2,487.07,49.366,43.064
1172.8,486.44,49.184,42.905
1173.1,486.8,49.126,42.855
1173.1,486.68,49.124,42.853
1173,486.69,49.025,42.767
1172.8,486.32,48.816,42.584
1173.2,486.48,49.126,42.854
1173.4,486.46,48.925,42.679
1172.7,485.91,49.059,42.796
1173,486.14,49.112,42.842
1173.3,486.34,48.711,42.493
1173.1,486.29,48.885,42.644
1172.6,485.74,48.971,42.719
1172.6,485.61,48.919,42.674
1172.6,485.6,48.9,42.658
1172.7,485.49,48.88,42.64
1172.6,485.47,48.973,42.722
1172.6,485.32,48.952,42.703
1172.5,485.26,48.917,42.672
1172.3,485.16,48.922,42.677
1172.3,485.14,48.807,42.576
1172.8,485.54,48.727,42.506
1173,485.72,48.536,42.34
1172.6,485.28,48.568,42.368
1172.4,484.98,48.67,42.457
1173,485.4,48.456,42.27
1172.5,485.04,48.522,42.328
1172.5,484.99,48.447,42.262
1172.5,484.92,48.437,42.253
1172.5,484.92,48.393,42.215
1172.5,484.86,48.419,42.238
1172.3,484.71,48.446,42.261
1172.3,484.59,48.448,42.263
1172.3,484.48,48.352,42.179
1172.7,484.93,48.363,42.189
1172.7,485.04,48.437,42.254
1172.4,484.79,48.233,42.075
1172.7,485,48.206,42.052
1172.8,485.1,48.174,42.024
1172.9,485.14,48.117,41.975
1172.4,484.78,47.953,41.832
1172.3,484.58,47.963,41.84
1172.2,484.48,48.129,41.985
1172.3,484.41,47.985,41.859
1172.4,484.3,48.038,41.906
1172.3,484.33,47.991,41.865
1172.3,484.38,48.08,41.942
1172.3,484.37,47.999,41.872
1172.3,484.37,47.953,41.831
1172.2,484.4,47.968,41.845
1172.3,484.42,47.943,41.822
1172.3,484.32,47.934,41.815
1172.3,484.31,47.929,41.811
1172.2,484.21,47.997,41.869
1172.2,484.27,47.969,41.845
1172.2,484.4,47.929,41.81
1172.3,484.38,47.884,41.771
1172.7,484.8,47.907,41.791
1172.7,484.96,47.715,41.624
1172.8,484.94,47.599,41.523
1172.3,484.49,47.586,41.511
1172.3,484.59,47.524,41.457
1172.3,484.53,47.51,41.445
1172.4,484.59,47.458,41.399
1173,485.09,47.253,41.221
1173,485.24,47.11,41.096
1172.5,484.82,47.222,41.194
1172.4,484.66,47.226,41.197
1172.4,484.71,47.266,41.232
1172.7,484.98,47.44,41.384
1172.6,484.99,47.573,41.5
1172.1,484.64,47.468,41.408
1172.5,484.97,47.615,41.537
1172.1,484.69,47.52,41.454
1172.1,484.72,47.463,41.404
1172.6,485.06,47.553,41.482
1172,484.8,47.568,41.495
1171.9,484.84,47.58,41.506
1172,484.77,47.467,41.408
1172.4,485.26,47.531,41.463
1171.9,485.05,47.561,41.489
1171.7,484.84,47.587,41.512
1171.7,484.98,47.518,41.452
1171.7,484.95,47.533,41.465
1171.7,485.04,47.458,41.4
1172.1,485.75,47.303,41.264
1172.1,485.94,47.3,41.262
1172.1,485.93,47.211,41.184
1171.7,485.66,47.173,41.151
1171.5,485.52,47.227,41.198
1171.5,485.5,47.272,41.237
1172.2,486.05,47.046,41.04
1171.6,485.63,47.191,41.166
1171.5,485.7,47.24,41.209
1171.6,485.66,47.265,41.231
1172.1,486.13,47.077,41.067
1171.5,485.63,47.177,41.155
1171.5,485.65,47.211,41.184
1171.5,485.58,47.229,41.199
1171.5,485.61,47.242,41.211
1171.4,485.61,47.296,41.258
1172,486.08,47.088,41.077
1171.6,485.72,47.14,41.122
1171.5,485.68,47.161,41.141
1171.6,485.86,47.205,41.179
1171.6,485.87,47.29,41.253
1172.2,486.38,46.976,40.979
1172,486.3,47.268,41.234
1172.2,486.51,47.056,41.048
1171.6,486.19,47.231,41.201
1171.4,486.01,47.312,41.272
1171.8,486.34,47.4,41.349
1172,486.82,47.114,41.1
1171.4,486.31,47.29,41.253
1171.7,486.51,47.378,41.33
1171.8,486.73,47.394,41.344
1171.7,486.65,47.504,41.44
1171.2,486.11,47.613,41.535
1171,485.88,47.746,41.651
1171.2,486.33,47.85,41.741
1171.4,486.58,47.876,41.764
1171.5,486.66,47.877,41.765
1171.5,486.58,48.008,41.88
1170.9,486.24,47.921,41.803
1171.1,486.63,47.891,41.777
1171.2,486.61,47.948,41.827
1170.6,486.27,47.919,41.802
1171,486.64,47.969,41.845
1170.6,486.18,47.911,41.794
1170.9,486.65,47.931,41.812
1170.3,486.13,48.171,42.021
1170.9,486.72,47.94,41.82
1170.3,486.15,48.135,41.99
1170.1,486.09,48.268,42.106
