4,509,33,71
5.3982,509.5,32.401,69.711
8.5957,508.88,32.575,70.086
11.068,508.68,32.895,70.774
12.758,508.39,32.878,70.737
16.121,508.3,32.569,70.073
18.778,509.24,31.384,67.524
20.276,508.62,31.504,67.782
22.357,508.5,31.232,67.196
24.456,508.32,31.478,67.725
27.273,508.77,30.989,66.673
30.291,508.76,30.981,66.655
32.884,509.24,30.451,65.517
36.212,509.87,29.838,64.196
39.245,509.96,29.854,64.23
41.303,509.69,30.098,64.756
43.914,509.15,30.222,65.022
46.327,509.53,29.851,64.226
48.508,510.14,29.482,63.431
50.22,510.92,28.754,61.865
51.803,510.52,28.39,61.081
55.033,510.64,28.658,61.659
56.52,509.76,29.055,62.511
58.332,509.68,28.796,61.956
59.365,509.18,28.863,62.1
60.754,509.22,29.159,62.735
70.551,509.3,28.815,61.997
71.423,509.94,29.336,63.117
74.418,508.84,29.673,63.842
77.33,507.93,30.275,65.136
79.552,507.02,30.579,65.79
81.772,506.2,30.661,65.967
83.378,505.49,31.224,67.178
85.188,504.75,31.427,67.616
87.622,504.94,31.732,68.272
89.8,505.69,31.14,66.998
92.093,506.15,30.556,65.741
94.094,505.65,30.355,65.309
96.95,505.76,29.945,64.427
99.32,505.58,29.699,63.897
103.02,505.71,29.417,63.29
105.58,505.51,29.731,63.966
108.04,505.19,29.968,64.477
110.44,505.23,29.768,64.046
113.02,505.52,29.719,63.942
115.36,504.8,29.755,64.019
117.91,504.55,29.968,64.476
119.67,504.1,30.171,64.912
122.48,504.36,30.242,65.066
124.25,504.16,30.321,65.236
125.85,503.94,29.98,64.503
128.59,503.61,29.878,64.282
131.59,504.02,29.776,64.064
133.29,503.5,29.886,64.3
136.56,504.11,29.862,64.249
139.62,504.13,29.836,64.193
141.64,504.04,30.045,64.643
143.53,503.18,30.451,65.515
146.31,503.35,30.567,65.766
148.44,502.61,30.78,66.223
151.04,502.3,31.139,66.996
152.96,502.02,31.039,66.781
154.62,501.69,31.066,66.839
156.68,501.59,31.205,67.137
158.17,501.31,30.812,66.293
160.79,501.45,30.831,66.333
162.72,501.36,30.848,66.371
165.46,501.65,30.642,65.927
167.54,501.15,30.463,65.543
170.99,502.02,29.919,64.372
173.5,502.01,29.75,64.009
175.53,501.76,29.319,63.081
179.04,502.23,29.017,62.431
181.08,501.94,29.076,62.558
183.22,501.02,29.343,63.132
185.14,500.78,29.495,63.459
186.89,500.7,29.764,64.038
188.15,500.3,29.65,63.793
190.16,500.34,29.518,63.509
192.43,500.56,29.352,63.151
193.82,500.36,29.303,63.046
197.17,500.13,29.248,62.927
199.67,500.35,29.057,62.516
201.44,499.61,29.128,62.67
203.64,499.55,29.201,62.826
206.11,500.7,29.462,63.388
207.59,499.97,29.588,63.658
210.41,499.66,29.974,64.489
212.2,498.94,30.109,64.78
214.34,498.94,30.252,65.087
215.68,498.16,30.319,65.231
217.6,497.78,30.195,64.965
219.83,497.74,30.185,64.942
221.53,497.42,30.248,65.079
222.67,497.23,30.241,65.064
225.52,497.43,30.219,65.016
227.46,496.99,30.306,65.203
229.16,496.84,29.941,64.418
231.59,497.09,29.802,64.12
233.98,497.33,30.024,64.598
235.59,496.87,29.806,64.129
238.34,496.99,30.267,65.119
239.93,496.09,30.304,65.199
242.19,496.05,30.124,64.813
243.92,496.08,30.56,65.75
245.47,494.92,30.716,66.087
247.33,495.11,31.053,66.811
249.09,494.97,30.967,66.627
250.43,494.68,30.809,66.286
253.09,494.91,30.732,66.12
254.96,495.56,30.573,65.779
256.8,495.22,30.464,65.544
259.49,495.7,30.597,65.83
261.04,495.26,30.534,65.695
263.47,495.91,30.711,66.076
265.11,495.7,30.744,66.147
267.23,495.4,30.992,66.68
268.24,494.81,30.926,66.538
270.52,494.73,30.859,66.393
272.15,494.4,30.874,66.425
273.37,494.8,30.93,66.547
275.01,494.61,30.886,66.452
276.52,494.72,30.804,66.276
278.59,495.22,30.982,66.658
279.77,494.84,30.696,66.043
282.02,494.88,30.403,65.412
284.99,495.64,30.162,64.893
287.08,495.26,30.147,64.861
289.42,495.49,29.709,63.919
291.28,494.98,29.642,63.775
293.46,495.03,29.924,64.381
295.71,494.84,30.671,65.99
297.09,493.83,30.94,66.567
298.75,493.09,31.324,67.395
300.65,493.33,31.541,67.861
301.34,492.32,31.615,68.019
303.22,492.47,31.472,67.713
305.07,491.98,31.394,67.546
307.52,492.74,31.252,67.239
308.65,492,31.341,67.43
311.77,492.3,31.349,67.448
313.2,492.34,31.397,67.552
315.55,491.66,31.576,67.937
316.78,491.03,31.444,67.652
319.29,491.05,31.522,67.82
319.98,490.44,31.333,67.413
322.78,490.59,31.304,67.351
323.84,489.73,31.629,68.051
326.14,489.7,31.752,68.314
327.23,489.35,32.013,68.877
328.78,488.69,31.744,68.298
330.02,488.32,31.45,67.665
331.99,488.49,31.248,67.231
333.05,487.96,30.96,66.611
334.78,487.73,30.893,66.466
336.48,487.7,30.787,66.238
339.64,488.16,30.717,66.089
341.9,487.73,30.659,65.963
343.36,487.3,30.385,65.375
345.43,487.53,30.211,65
347.91,487.65,30.273,65.133
348.88,486.51,30.462,65.54
351.3,486.35,30.899,66.479
352.23,485.32,31.06,66.827
353.75,485.62,31.154,67.028
355.03,485,30.902,66.487
355.73,484.44,30.876,66.43
357.05,484.18,30.718,66.091
359.1,484.88,30.709,66.072
360.55,484.62,30.376,65.355
361.31,484.44,30.318,65.229
363.02,484.1,30.242,65.066
365.67,484.71,30.383,65.368
366.78,483.76,30.227,65.035
368.64,483.44,30.508,65.639
370.04,483.09,30.508,65.639
371.34,482.3,30.556,65.741
372.39,481.37,30.507,65.637
374.75,482.03,30.567,65.765
375.84,480.69,30.507,65.635
377.59,481.44,30.363,65.327
378.74,480.74,30.457,65.528
379.87,481.06,30.608,65.854
381,480.36,30.824,66.317
382.92,481.16,30.947,66.584
383.92,480.19,30.967,66.625
385.79,480.41,31.063,66.833
388.27,481.12,31.318,67.381
390.06,480.69,31.303,67.349
391.27,480.31,31.391,67.537
393.52,480.65,31.441,67.646
395.38,481.1,31.152,67.024
398.25,482.45,30.735,66.126
400.81,482.55,30.596,65.827
402.16,482.1,30.48,65.579
404.14,482.15,30.429,65.469
405,481.84,30.36,65.319
405.74,481.68,30.216,65.01
407.69,482.19,29.984,64.51
408.68,482.07,29.98,64.503
409.85,482.02,30.058,64.67
411.83,481.54,30.025,64.599
413.69,481.5,30.197,64.969
415.86,481.67,30.272,65.13
416.94,480.5,30.33,65.256
418.74,479.83,30.485,65.588
420.71,479.82,30.734,66.125
422.32,479.02,30.744,66.147
423.64,478.76,30.748,66.156
425.03,478.23,30.431,65.472
426.31,478.06,30.214,65.005
427.81,478.22,30.097,64.755
428.89,478.06,30.16,64.89
430.33,478.39,29.813,64.142
432.09,478.4,29.469,63.402
433.65,478.49,29.41,63.277
435.35,478.26,29.307,63.054
437.56,478.6,29.249,62.929
438.77,478.65,29.371,63.192
439.42,477.75,29.808,64.132
441.03,477.64,30.206,64.99
442.72,476.98,30.561,65.753
444.05,476.2,30.657,65.96
445.39,475.75,30.738,66.134
446.83,475.76,30.975,66.644
447.66,475.36,30.789,66.242
449.1,475.31,30.993,66.683
449.87,475.14,30.754,66.168
451.38,475.19,31.057,66.821
452.64,475.28,30.748,66.154
454.09,475.26,30.671,65.99
454.86,474.36,30.814,66.297
456.67,474.44,30.577,65.786
457.35,473.73,30.541,65.71
459.18,473.3,30.904,66.49
460.13,472.52,30.443,65.499
461.62,472.49,30.334,65.264
462.66,471.53,30.035,64.621
463.84,471.37,29.653,63.799
464.99,471.67,29.304,63.048
466.74,472.22,29.003,62.401
467.44,472.02,29.383,63.217
468.32,472.05,29.037,62.474
469.46,472.2,28.865,62.103
470.89,472.01,28.862,62.098
472.02,471.92,28.844,62.057
473.46,471.9,28.808,61.981
474.9,471.6,28.906,62.192
476.91,471.83,28.947,62.281
478.24,471.76,29.083,62.573
479.07,471.32,29.398,63.251
480.63,470.75,29.607,63.701
482.81,470.56,29.896,64.321
484.29,470.07,30.21,64.996
485.58,469.84,30.062,64.679
486.39,469.21,30.092,64.743
487.83,469.35,30.124,64.813
488.94,469.55,30.007,64.561
489.77,469.73,29.432,63.324
491.33,469.88,29.038,62.477
492.97,469.43,28.935,62.255
494.99,469.56,28.996,62.385
496.65,469.3,29.11,62.63
497.82,469.02,29.015,62.426
499.49,469.06,29.402,63.259
500.5,468.28,29.309,63.058
502.23,467.94,29.519,63.51
503.76,467.75,29.449,63.36
504.84,467.05,29.436,63.332
506.54,466.96,29.08,62.567
508.05,466.42,29.011,62.418
509.74,466.69,28.894,62.167
511.22,466.94,28.626,61.59
512.99,467.62,28.185,60.641
514.62,467.96,27.89,60.006
516.71,468.65,27.534,59.24
519.07,469.1,27.226,58.576
521.34,469.68,26.672,57.386
523.45,469.86,26.907,57.891
525.5,469.62,26.849,57.766
528.17,471.29,27.044,58.186
530.72,471.24,27.153,58.421
532.54,471.21,27.51,59.188
533.79,470.75,27.559,59.294
535.2,469.92,27.753,59.71
537.32,469.76,28.005,60.253
538.82,469.06,28.34,60.973
540.59,469.08,28,60.243
542.47,469.32,27.943,60.121
543.92,469.41,27.645,59.479
546.01,469.59,27.805,59.822
547.98,469.63,27.772,59.751
550.43,470.56,28.289,60.863
551.89,470.71,28.708,61.765
554.15,470.65,28.933,62.25
556.04,470.67,29.14,62.695
557.05,469.94,29.342,63.131
559.18,469.93,29.421,63.3
560.75,469.76,29.611,63.708
563.05,469.34,29.987,64.518
564.53,469.47,29.723,63.949
566.12,469.5,29.557,63.592
567.99,469.47,29.396,63.245
569.16,469.19,29.19,62.803
571.29,469.44,29.188,62.799
572.91,469.7,29.095,62.599
574.75,470,28.325,60.943
577.27,470.26,28.231,60.739
579.15,470.23,27.749,59.703
581.91,470.73,28.073,60.399
584.52,471.14,28.005,60.252
586.84,470.98,28.207,60.688
588.46,470.5,28.379,61.058
591,470.75,28.524,61.369
592.28,469.81,28.224,60.725
594.05,469.49,28.115,60.489
595.67,469.51,28.129,60.52
597.6,469.78,28.014,60.272
599.8,470.4,28.327,60.947
602.49,470.37,28.084,60.423
604.46,470.9,27.431,59.019
607.02,470.9,27.33,58.801
609.51,470.4,27.301,58.739
612.76,470.59,26.743,57.537
615.45,470.62,26.729,57.508
617.78,470.27,26.918,57.915
618.9,469.81,26.954,57.991
621.25,469.53,26.836,57.739
623.76,469.44,27.125,58.361
626.15,469.37,27.3,58.736
628.27,469.42,27.525,59.221
630.75,468.71,27.487,59.139
633.67,468.81,27.461,59.083
636.36,468.75,27.7,59.596
638.69,469.41,27.855,59.931
640.66,469.09,27.867,59.957
642.8,469.85,28.067,60.388
645.85,470.31,28.334,60.961
648.82,470.85,28.232,60.742
649.73,471.13,28.036,60.319
653,470.77,28.229,60.736
654.96,470.06,28.15,60.565
657.15,469.07,28.398,61.098
660.73,468.72,28.437,61.182
662.31,468.52,28.427,61.162
665.22,468.68,28.427,61.161
667.87,469.1,28.192,60.655
670.2,469.52,28.164,60.596
673,470.14,28.132,60.527
675.4,470.12,28.346,60.986
678.05,469.98,28.478,61.271
680.36,469.81,28.601,61.535
683.41,471.45,28.89,62.158
685.6,470.66,29.482,63.432
688.39,469.66,29.632,63.753
691.24,468.84,29.523,63.52
694.18,469.74,29.259,62.952
697.68,469.83,29.128,62.669
700.41,469.35,28.614,61.563
703.37,469.41,28.347,60.989
706.26,469.34,28.153,60.572
708.34,468.87,27.762,59.731
710.87,469.21,27.644,59.476
713.26,469,27.313,58.764
715.2,468.58,27.322,58.783
717.54,468.6,27.231,58.589
720.82,468.82,27.079,58.26
723.55,470.07,27.67,59.533
726.83,469.54,27.91,60.049
727.2,469.24,27.84,59.899
730.99,468.69,27.51,59.187
733.65,468.16,27.153,58.421
736.63,468.8,27.377,58.903
738.95,469.08,27.829,59.875
740.85,468.47,28.369,61.036
743.28,467.59,28.463,61.239
744.57,466.79,28.544,61.412
746.6,467.02,28.292,60.871
748.9,467.66,28.481,61.278
751.57,467.14,28.452,61.214
754.26,467.08,28.366,61.031
757.08,467.55,28.277,60.839
760.11,467.83,28.174,60.617
762.61,467.36,27.977,60.193
765.46,466.94,28.455,61.221
767.51,466.3,28.71,61.77
770.13,465.4,29.155,62.727
772.58,464.52,28.673,61.691
775.07,464.25,28.579,61.487
777.14,464.13,28.528,61.378
779.07,464.21,28.443,61.195
781.57,464.41,28.161,60.59
784.02,464.75,27.959,60.155
786.91,465.25,27.87,59.964
788.78,465.15,27.864,59.951
790.92,465.13,27.886,59.998
793.18,464.88,28.135,60.534
795.29,464.56,28.267,60.817
797.82,464.71,28.447,61.205
799.35,463.61,28.853,62.078
801.41,463.3,28.836,62.041
803.42,462.75,28.918,62.217
805.81,462.63,29.057,62.517
807.64,462.34,28.711,61.773
809.59,462.83,28.868,62.11
811.97,462.78,28.894,62.165
814.23,463.09,28.657,61.655
816.7,463.54,28.397,61.097
819.09,463.92,28.257,60.796
821.74,464.31,28.03,60.306
823.85,463.91,28.442,61.193
825.66,463.41,28.432,61.173
827.64,462.57,28.78,61.921
829.86,462.06,28.818,62.003
832.11,461.69,28.553,61.432
833.74,461.46,28.403,61.11
836.18,461.71,28.312,60.913
837.97,462.13,28.161,60.59
839.88,461.86,28.069,60.391
842.03,462.25,28.27,60.823
844.58,462.57,28.223,60.722
846.28,462.33,27.963,60.163
848.45,462.44,28.381,61.061
850.54,462.24,28.497,61.311
852.05,461.35,28.595,61.522
854.08,461.13,28.845,62.06
855.55,460.2,28.969,62.327
857.75,459.85,29.499,63.469
859.72,459.59,29.368,63.185
861.07,459.52,28.793,61.948
862.85,459.72,28.572,61.472
864.96,459.79,28.747,61.85
866.5,460.01,28.287,60.859
868.84,460.22,28.286,60.858
871.09,460.41,28.158,60.583
873.26,460.39,27.84,59.898
875.38,460.39,28.133,60.529
877.75,460.46,27.872,59.968
880,460.62,27.754,59.713
882.32,460.32,28.236,60.75
884.24,459.27,28.328,60.948
886.26,458.97,28.477,61.269
887.75,457.83,28.12,60.5
889.91,458.29,27.836,59.89
892.07,458.31,27.814,59.842
894.24,458.3,27.662,59.514
896.59,458.85,27.488,59.142
898.11,458.27,27.447,59.054
900.91,458.51,27.34,58.823
903.11,458.96,27.295,58.727
904.62,458.46,27.473,59.108
906.87,458.73,27.655,59.501
908.65,457.73,28.077,60.408
910.14,456.79,28.629,61.596
912.15,456.67,28.622,61.58
913.98,456.26,28.83,62.028
915.67,455.49,28.497,61.312
917.59,455.49,28.172,60.613
919.69,455.86,27.81,59.835
921.67,456.07,27.58,59.339
923.91,456.38,27.346,58.835
926.6,456.77,27.184,58.486
928.99,456.83,27.091,58.287
931.56,457.21,27.093,58.29
933.79,457.03,27.472,59.106
935.79,456.84,27.548,59.27
937.54,456.24,27.621,59.427
939.47,455.41,28.02,60.286
941.89,455.33,28.383,61.067
944.09,455.11,28.211,60.696
945.39,454.57,27.803,59.818
947.49,454.6,27.653,59.495
949.67,454.92,27.885,59.995
950.92,454.53,28.069,60.392
953.7,454.94,27.943,60.121
955.66,454.8,27.884,59.993
957.79,454.78,27.981,60.201
960.16,455.31,28.057,60.365
961.78,454.89,28.504,61.327
963.14,453.99,28.683,61.711
965.28,454.01,28.864,62.101
966.75,453.16,28.939,62.263
968.97,453,29.342,63.131
970.36,452.37,29.134,62.682
972.13,452.42,28.619,61.574
974.28,452.76,28.681,61.707
976.18,452.91,28.673,61.691
978.4,453.51,28.369,61.037
980.63,453.88,28.09,60.435
982.83,454.07,27.839,59.895
984.44,453.54,28.009,60.262
987.24,454.14,27.989,60.218
989.41,453.98,28.419,61.145
991.14,453.37,28.44,61.189
993.41,453.12,28.615,61.566
995.7,452.74,29.09,62.589
997.15,451.92,28.976,62.342
999.23,452,29.048,62.496
1000.4,451.46,28.9,62.18
1002.9,452.01,28.763,61.884
1004.1,451.81,28.634,61.607
1006.8,452.87,28.329,60.95
1009,452.73,28.262,60.806
1011.4,452.94,28.181,60.632
1013.3,452.25,28.189,60.648
1015.7,452.42,27.944,60.122
1017.8,452.02,27.994,60.23
1019.8,451.71,28.28,60.845
1021.6,450.73,28.737,61.827
1023.3,449.89,28.969,62.327
1026,449.85,28.465,61.243
1028.1,449.51,27.789,59.788
1030.4,449.71,27.931,60.094
1031.7,449.6,27.896,60.018
1033.7,449.82,27.826,59.868
1036,450.24,27.724,59.648
1038.7,450.48,27.94,60.113
1041,450.43,27.503,59.173
1043.1,450.35,27.517,59.203
1044.8,450.11,27.789,59.788
1047,450.25,28.373,61.046
1049.4,449.55,28.868,62.11
1051.6,449.15,29.058,62.519
1053.3,448.3,28.701,61.751
1055.7,448.15,28.663,61.67
1057.6,448.09,28.54,61.405
1059,447.98,28.244,60.766
1061,448.23,27.943,60.12
1063.5,448.65,27.679,59.553
1065.9,448.75,27.967,60.172
1068.1,448.91,28.058,60.368
1070.3,448.99,28.026,60.299
1072.5,448.35,28.315,60.92
1074.1,448.2,28.396,61.094
1076.3,447.79,28.29,60.867
1078.4,447.17,28.445,61.199
1079.9,446.71,28.173,60.615
1081.9,446.43,28.102,60.461
1083.7,446.39,28.195,60.662
1086.1,446.69,27.609,59.401
1088.1,446.93,27.641,59.469
1090.4,447.11,27.515,59.2
1093.3,447.66,27.284,58.703
1095.2,448.02,27.046,58.19
1097.7,448.52,26.936,57.953
1099.8,448.05,27.103,58.314
1102,448.28,27.616,59.415
1103.5,447.46,28.079,60.413
1105.7,446.99,28.502,61.323
1107.4,446.01,28.441,61.192
1109.5,445.79,28.179,60.628
1111.7,445.68,27.634,59.456
1113.4,445.62,27.464,59.089
1115.4,446.1,27.737,59.677
1117.1,446.2,27.828,59.872
1118.6,445.83,27.905,60.038
1120.7,445.83,27.861,59.944
1123.1,445.92,27.784,59.778
1125.4,446.43,27.927,60.086
1127.3,445.39,28.1,60.458
1129.6,445.19,28.402,61.108
1131.1,444.72,28.642,61.624
1133.2,444.32,28.475,61.264
1135,443.7,28.13,60.522
1136.9,443.28,28.106,60.471
1139.1,443.52,27.645,59.479
1141.8,443.97,27.382,58.912
1144,444.17,27.254,58.637
1145.4,444.18,27.083,58.27
1148,444.19,27.31,58.759
1150.3,444.42,26.819,57.702
1152.7,444.27,27.193,58.505
1154.5,443.98,26.895,57.865
1156.3,444.06,27.142,58.397
1158.4,444.07,27.723,59.647
1160.2,442.91,28.534,61.391
1161.8,441.79,28.624,61.584
1164,441.92,28.854,62.08
1165.1,441.36,28.616,61.567
1167.1,441.69,28.729,61.81
1168.6,442.03,28.096,60.448
1171,442.37,28.137,60.538
1173.1,442.82,27.493,59.152
1175.2,443.34,27.065,58.231
1177.7,443.5,27.28,58.694
1179.1,443.09,27.391,58.933
1181.5,443.65,27.554,59.283
1183,442.68,27.864,59.95
1184.5,442.14,28.269,60.821
1186.7,442.15,28.441,61.19
1188.6,441.53,28.348,60.991
1191,441.55,28.417,61.14
1192.2,440.99,28.003,60.25
1194.6,441.35,27.824,59.865
1196.2,441.16,27.689,59.574
1198.6,441.78,27.844,59.908
1200.2,441.71,27.703,59.603
1203.5,442.29,27.372,58.891
1205.5,442.63,27.074,58.249
1207.6,442.81,27.003,58.097
1209.3,442.66,27.012,58.118
1211,442.74,27.236,58.6
1213,443.04,27.258,58.645
1215,442.28,27.561,59.298
1217,441.73,27.614,59.412
1218.8,440.62,27.81,59.834
1220.3,440.33,27.664,59.519
1222.4,440.8,27.793,59.797
1223.9,440.94,27.848,59.916
1225.6,441.2,27.771,59.749
1227.7,441.68,27.819,59.853
1229.4,441.55,27.552,59.278
1231.7,441.57,27.423,59.002
1234.2,441.61,27.858,59.938
1236,441.19,27.71,59.619
1238.1,441.21,27.87,59.963
1239.6,440.4,27.808,59.828
1241.5,439.77,27.833,59.884
1243.8,439.78,27.496,59.158
1245.6,439.39,27.403,58.959
1247.9,439.65,27.278,58.689
1249.4,439.29,27.167,58.449
1251.6,439.82,26.983,58.055
1253.5,439.51,26.976,58.04
1255.6,439.51,27.022,58.139
1258,439.66,26.918,57.915
1260.5,439.99,26.442,56.891
1263,440.42,26.636,57.307
1264.2,439.64,26.967,58.019
1265.8,439.15,27.438,59.034
1267.9,439.25,27.716,59.631
1269.8,438.22,28.181,60.633
1271.4,437.38,27.84,59.898
1273.1,436.81,27.833,59.882
1274.4,437.17,27.804,59.821
1276.1,437.39,27.741,59.686
1278.4,437.71,27.939,60.111
1280.2,437.26,27.66,59.51
1282.9,437.75,27.662,59.514
1285,438.36,27.548,59.271
1286.7,437.94,27.357,58.859
1289,438.23,27.582,59.343
1290.5,437.49,27.539,59.25
1292.2,436.73,27.847,59.914
1294.2,436.51,27.719,59.639
1296.3,436.22,28.165,60.597
1297.6,435.45,27.957,60.149
1299.7,435.53,27.909,60.046
1301.2,435.58,27.419,58.993
1303.4,435.99,27.445,59.049
1305.5,436.3,27.351,58.846
1307.6,436.7,27.213,58.549
1309.1,436.49,27.025,58.144
1311.3,436.4,26.609,57.249
1313.6,436.73,26.312,56.611
1315.9,437.18,26.2,56.371
1317.8,437.42,26.666,57.373
1319,436.21,27.372,58.891
1321.3,436.25,27.623,59.432
1322.6,435.04,27.587,59.355
1324.3,434.8,27.626,59.439
1326.2,434.97,27.3,58.736
1327.8,435.06,27.408,58.97
1330.2,435.39,27.39,58.93
1332,435.65,27.296,58.727
1333.6,435.79,27.039,58.176
1336,436.39,27.355,58.855
1338.2,436.25,27.468,59.098
1340,435.94,27.574,59.325
1341.7,435.42,27.433,59.022
1343.8,435.39,27.616,59.416
1345.1,434.68,27.579,59.338
1347.1,434.55,27.602,59.386
1348.8,434.03,27.683,59.561
1350.8,433.71,27.787,59.783
1352.9,433.85,27.666,59.525
1354.7,434.11,27.496,59.157
1356.2,434.36,27.213,58.55
1358.7,434.66,26.846,57.759
1361.5,435.73,26.415,56.833
1363.5,435.4,26.155,56.272
1366.1,435.95,26.092,56.136
1367.7,435.97,26.139,56.238
1369.7,436.02,26.707,57.461
1371.2,435.57,26.839,57.745
1373.6,435.12,27.146,58.405
1375.7,434.41,27.41,58.972
1377,434.2,27.203,58.528
1378,433.94,26.982,58.053
1379.6,434.23,26.958,58
1381.5,434.36,27.215,58.554
1383.6,434.33,27.141,58.395
1386.3,434.62,27.005,58.101
1388,434.89,26.542,57.106
1390.7,435.77,26.556,57.136
1392.5,435.45,27.058,58.215
1394.5,435.3,27.042,58.181
1396,434.74,27.221,58.566
1397.5,434.08,27.46,59.081
1399.7,433.94,27.756,59.718
1401.1,433.47,28.091,60.438
1402.9,433.32,28.192,60.655
1404.3,433.2,27.687,59.569
1406.9,433.34,27.445,59.047
1409,433.32,27.257,58.644
1411.2,433.66,26.866,57.803
1413.6,434.36,27.094,58.293
1415.6,434.7,27.054,58.208
1418.3,434.67,26.706,57.458
1419.1,434.27,26.658,57.355
1420.3,434.72,27.085,58.273
1422.9,434.46,27.322,58.784
1424.6,433.58,27.366,58.878
1427,433.72,27.401,58.953
1428.7,433.07,27.617,59.418
1429.9,432,27.218,58.559
1431.7,432.24,26.876,57.825
1433.4,432.57,26.748,57.549
1435.7,433.09,26.799,57.659
1437.4,433.29,26.791,57.642
1439.6,433.28,26.664,57.369
1441.1,433.14,26.537,57.095
1443.4,433.87,26.552,57.128
1445.1,433.76,26.883,57.84
1445.8,432.38,27.187,58.494
1447.6,431.9,27.209,58.54
1449.4,431.36,27.307,58.752
1451.2,430.78,27.268,58.667
1453.2,430.49,26.955,57.994
1454.9,430.29,26.901,57.877
1456.4,430.2,26.69,57.425
1458.4,430.49,26.51,57.036
1460.4,431.19,26.508,57.033
1462.4,431.2,26.407,56.815
1463.9,431.17,26.337,56.663
1466,431.59,26.168,56.301
1468.8,432.51,25.855,55.628
1470.7,432.69,25.823,55.558
1472.2,432.4,26.236,56.448
1473.9,431.86,26.69,57.424
1475.3,431.59,26.806,57.674
1477.7,431.64,27.107,58.321
1479.6,431.37,26.927,57.935
1480.5,431.23,26.947,57.976
1482.4,430.89,27.022,58.138
1483.8,431.61,27.124,58.358
1486.3,432.44,27.145,58.403
1488.4,432.66,26.809,57.68
1490.6,432.67,26.964,58.013
1491.8,432.61,26.937,57.955
1493.8,432.51,27.006,58.104
1495.7,432.79,26.617,57.268
1497.5,432.47,26.602,57.234
1499.3,432.1,26.702,57.45
1500.7,431.66,26.715,57.478
1502.4,430.86,26.864,57.799
1504.5,430.78,26.896,57.867
1505.8,430.58,26.623,57.28
1507.7,430.91,26.366,56.726
1509.6,430.88,26.113,56.183
1512,431.66,25.873,55.666
1513.9,431.7,25.993,55.925
1515.3,431.82,26.081,56.113
1517.4,431.71,26.06,56.068
1519.3,431.87,26.025,55.993
1520.9,431.84,26.175,56.316
1522.6,432.08,26.53,57.081
1524,431.64,26.877,57.826
1525.3,430.2,27.241,58.609
1526.9,429.62,27.204,58.53
1528.5,428.83,27.072,58.245
1530.1,429.81,27.159,58.433
1531.8,429.87,27.134,58.378
1533.3,430.39,26.921,57.92
1534.5,429.52,27.013,58.12
1536.4,429.59,26.996,58.082
1538.4,429.68,26.899,57.873
1540.3,429.99,26.839,57.746
1542.2,430.58,26.659,57.358
1543,429.68,26.665,57.371
1544.6,429.11,26.774,57.604
1546.2,428.92,27.044,58.186
1548,428.28,27.046,58.189
1549.5,427.84,27.071,58.245
1550.8,427.61,26.946,57.974
1551.9,427.13,26.819,57.701
1554.1,427.62,26.681,57.404
1555.4,427.47,26.488,56.99
1557.8,428.13,26.443,56.892
1559.8,428.3,26.14,56.24
1561.7,428.75,26.097,56.149
1563,428.25,25.983,55.904
1564.6,428.15,26.067,56.084
1566,427.88,26.319,56.625
1567.5,427.9,26.38,56.757
1569.1,427.71,26.594,57.217
1570.9,426.71,26.994,58.078
1572.5,425.8,27.005,58.101
1574.3,425.91,26.855,57.779
1576,426.87,27.014,58.121
1577.2,426.34,27.132,58.375
1579.6,427.32,26.889,57.852
1581.1,426.8,26.891,57.857
1583,427.32,26.783,57.623
1585.4,427.89,26.962,58.008
1587,427.56,26.859,57.787
1589.3,427.64,26.858,57.784
1591.2,427.52,26.763,57.58
1592.9,426.91,26.932,57.945
1593.5,425.63,27.071,58.243
1595.9,425.43,27.211,58.546
1597.1,425.26,26.934,57.949
1599.1,424.99,26.833,57.731
1601.2,425.17,26.731,57.513
1602.9,425.6,26.926,57.931
1604.5,425.71,26.588,57.205
1606.9,425.94,26.376,56.749
1608.6,426.18,26.241,56.459
1611,426.72,26.317,56.621
1612.8,426.19,26.281,56.544
1614.4,426.25,26.202,56.374
1616.4,426.6,26.509,57.035
1618.4,425.77,26.843,57.754
1620.1,425.09,26.901,57.878
1621.2,424.49,26.962,58.009
1622.9,424.16,26.915,57.908
1624.3,424.42,27.067,58.235
1626.7,425.11,26.996,58.082
1628,424.89,26.826,57.717
1630.4,425.61,26.723,57.494
1632.4,425.68,26.812,57.686
1634.4,425.54,26.921,57.922
1636,425.24,26.827,57.719
1638.2,425.67,26.774,57.605
1639.9,425.29,26.897,57.869
1641,424.41,26.984,58.058
1642.9,423.46,27.117,58.342
1645.4,423.25,26.874,57.82
1646.5,423.26,26.863,57.796
1648.6,423.42,26.825,57.714
1650.3,423.34,26.777,57.612
1652.1,423.63,26.88,57.833
1653.2,423.59,26.721,57.491
1655.7,423.79,26.426,56.856
1657.8,424.21,26.435,56.876
1659.2,424.48,26.419,56.841
1661.9,425.16,26.276,56.534
1663.3,424.65,26.301,56.587
1664.6,424.5,26.378,56.753
1666.5,424,26.685,57.413
1668.2,423.57,26.79,57.639
1670.1,423.41,26.992,58.073
1671.1,423.09,27.121,58.351
1672.9,423.18,27.348,58.839
1674.3,423.47,27.255,58.639
1675.5,423.71,27.006,58.103
1677.3,423.62,27.025,58.144
1679.1,423.35,27.099,58.304
1681.7,423.83,26.975,58.037
1683,423.46,26.955,57.994
1685,423.19,27.022,58.137
1686.4,422.78,27.053,58.204
1688.4,422.44,27.233,58.591
1689.5,421.39,27.312,58.762
1692.1,421.01,26.879,57.83
1693.6,420.82,26.643,57.323
1695.7,420.82,26.37,56.736
1697.4,421.29,26.307,56.6
1699.4,421.72,26.281,56.543
1701.5,422.03,26.117,56.192
1704.1,422.67,26.019,55.981
1705.4,421.93,25.964,55.861
1707,422.06,25.832,55.578
1709.5,422.82,26.116,56.188
1711.7,422.6,26.106,56.168
1712.5,422.02,26.101,56.157
1714.2,421.77,26.243,56.462
1716.3,421.09,26.675,57.391
1717.4,420.05,26.802,57.664
1719.4,419.82,26.909,57.896
1720.4,419.49,26.789,57.637
1722.8,419.36,26.805,57.67
1724.4,419.06,26.839,57.745
1726.6,418.71,26.667,57.374
1727.9,418.17,26.695,57.435
1729.6,418.16,26.618,57.27
1731.4,418.05,26.581,57.189
1733.3,418.07,26.454,56.915
1735.5,418.54,26.581,57.19
1736,418.02,26.774,57.605
1738.2,417.79,27.078,58.259
1739.2,417.36,26.798,57.657
1741.3,416.56,26.761,57.578
1743.3,415.73,26.806,57.673
1744.5,415.68,26.592,57.214
1745.5,415.3,26.519,57.057
1748.2,415.48,26.317,56.622
1750,415.57,25.925,55.777
1752.5,415.69,26.085,56.123
1753.9,416.3,25.836,55.587
1756.5,416.51,26.109,56.173
1757.8,416.38,26.162,56.287
1760,416.76,26.252,56.481
1761.5,416.23,26.498,57.011
1762.9,415.96,26.845,57.758
1764.9,415.46,26.98,58.048
1765.7,414.49,27.091,58.286
1768,414.25,27.311,58.76
1768.9,413.9,27.017,58.127
1770.6,414.29,26.913,57.903
1772.3,414.43,27.079,58.261
1774.5,415.45,26.918,57.915
1776,415.43,26.842,57.752
1778.6,415.76,26.886,57.845
1780,415.47,26.795,57.65
1782.2,416.06,26.8,57.661
1784,415.57,27.055,58.209
1785.6,415.32,27.26,58.65
1786.8,414.67,27.256,58.642
1788.2,414.1,27.429,59.013
1790.7,414.07,27.577,59.332
1792,413.34,27.411,58.975
1794.5,414.15,27.067,58.235
1796.3,414.42,26.901,57.878
1797.6,414.69,26.687,57.417
1799.7,414.92,26.491,56.996
1802.3,415.92,26.46,56.928
1804.6,415.91,26.52,57.059
1806.7,415.75,26.583,57.193
1808,415.02,26.721,57.492
1809.6,414.66,26.878,57.828
1811,414.67,26.947,57.976
1812.8,414.32,27.022,58.138
1814.8,414.21,27.082,58.268
1816.9,413.97,27.127,58.365
1818.8,413.42,27.176,58.47
1820.1,413.38,27.111,58.33
1821.9,413.56,27.026,58.146
1822.9,413.7,27.015,58.123
1824.5,414.14,26.863,57.796
1827.2,414.52,27.111,58.329
1829.2,414.7,27.079,58.26
1831.2,414.63,27.078,58.259
1833,414.59,27.168,58.452
1834.8,414.19,27.062,58.224
1836.4,413.9,27.084,58.271
1837.9,413.37,27.304,58.744
1839.1,412.43,27.302,58.74
1841,411.41,27.146,58.405
1843.2,411.95,26.957,57.998
1844.4,411.82,26.645,57.328
1846,411.93,26.698,57.441
1847.5,412.41,26.646,57.33
1849.4,412.93,26.451,56.91
1851.7,413.31,26.532,57.085
1853.7,413.52,26.467,56.944
1855.6,413.48,26.48,56.972
1857.2,413.43,26.535,57.091
1859,413.23,26.681,57.405
1859.7,412.46,27.047,58.193
1861.2,412.6,27.267,58.665
