1612,952,29,70
1611.3,950,29.142,70.342
1611.1,948.46,29.326,70.787
1610.6,946.76,28.933,69.838
1610,943.41,29.313,70.755
1609.9,942.91,28.877,69.703
1610,941.81,28.717,69.318
1609.1,938.82,29.373,70.9
1608.4,938.17,29.096,70.231
1608.4,937.38,29.125,70.302
1607.8,935.61,29.509,71.228
1607.3,933.94,29.693,71.673
1606.7,932.76,29.134,70.324
1606.4,931.01,29.392,70.946
1605.3,928.54,29.161,70.388
1605.1,927.19,28.976,69.943
1604.1,925.19,28.7,69.276
1603.2,923.17,28.884,69.72
1603.1,921.66,28.995,69.987
1602.2,919.73,28.769,69.443
1602.2,918.64,28.688,69.247
1601.4,916.72,28.771,69.447
1601.3,915.49,28.831,69.592
1601,913.99,28.918,69.803
1600.1,912.99,28.645,69.143
1599.9,912.19,28.277,68.254
1599.4,910.51,28.475,68.734
1599.3,908.99,28.767,69.437
1598.9,907.27,28.85,69.638
1599.2,904.89,28.907,69.775
1598.8,903.47,28.979,69.948
1598.2,901.17,28.968,69.923
1598.1,899.43,28.805,69.529
1598.3,898.38,28.706,69.289
1597.9,896.41,28.392,68.532
1597.8,894.61,28.444,68.658
1598.1,893.49,28.563,68.945
1597.9,892.26,28.693,69.258
1597.5,890.76,28.743,69.381
1596.8,889.04,28.941,69.859
1596.4,887.57,28.979,69.948
1596.2,885.99,29.117,70.281
1596.4,884.35,29.277,70.67
1595.9,882.28,29.336,70.811
1595.4,880.15,28.9,69.759
1595.3,878.62,28.851,69.64
1595.2,877.08,28.627,69.099
1594.8,874.41,28.629,69.104
1594.4,873.08,28.604,69.043
1594.3,871.92,28.215,68.105
1594.5,870.81,28.154,67.958
1594.1,869.62,28.098,67.822
1594.1,868.8,27.797,67.096
1593.3,867.34,28.172,68.002
1593.5,866.24,28.107,67.845
1593.6,864.99,27.995,67.574
1593.2,862.11,28.389,68.524
1592.6,860.75,28.289,68.285
1592.2,859.19,27.977,67.532
1591.9,857.85,27.675,66.802
1592.2,856.69,27.363,66.049
1592.3,855.38,27.177,65.6
1592.5,854.18,27.255,65.787
1592.9,852.16,27.158,65.553
1592.6,850.8,27.419,66.184
1592.1,848.94,27.822,67.156
1592.1,847.4,28.265,68.225
1592.1,845.36,28.649,69.153
1591.8,844.11,28.749,69.395
1591.7,842.67,28.932,69.835
1590.9,840.84,29.113,70.273
1590.6,839.63,29.009,70.022
1590.1,837.42,28.864,69.671
1590,836.4,28.652,69.159
1589.5,834.32,28.564,68.947
1589.3,833.12,28.587,69.003
1588.7,831.16,28.614,69.069
1588.9,829.9,28.496,68.784
1589.2,828.83,28.593,69.017
1589.3,827.36,28.391,68.531
1589.1,826.42,28.027,67.651
1588.7,825.35,28.071,67.757
1588.6,824.95,27.781,67.057
1588.8,824.02,27.976,67.529
1588.5,822.35,27.931,67.42
1588.6,820.68,28.033,67.666
1588.5,819.47,27.767,67.023
1588.9,818.12,27.933,67.425
1588.7,816.12,28.024,67.644
1588.9,814.98,28.001,67.587
1589.3,813.4,27.839,67.198
1589.6,812.02,28.137,67.916
1589.5,810.5,28.285,68.274
1589.4,808.97,28.135,67.912
1590,808.05,28.294,68.296
1589.5,806.65,28.301,68.314
1589.5,805.58,28.352,68.435
1589.5,804.32,28.511,68.82
1590.1,803.67,28.487,68.761
1590.3,802.05,28.701,69.277
1590.3,799.82,28.603,69.042
1589.9,798.26,28.604,69.043
1590,796.55,28.52,68.842
1590.4,795.21,28.613,69.066
1590,793.3,28.539,68.888
1590.5,792.42,28.66,69.179
1590.4,790.54,28.463,68.703
1590.9,790.3,28.505,68.805
1591.2,789.08,28.427,68.617
1591.2,787.75,28.392,68.534
1591.3,785.78,28.541,68.891
1591.5,785.62,28.6,69.034
1591.5,783.77,28.598,69.029
1591.5,782.68,28.62,69.082
1591.4,781.44,28.611,69.06
1592,779.42,28.616,69.074
1592.5,778.06,28.53,68.866
1593.6,776.9,28.7,69.276
1593.5,774.67,28.467,68.714
1594.3,773.71,28.476,68.736
1594.3,772.21,28.497,68.785
1594.3,770.97,28.649,69.153
1594.2,769.17,28.573,68.97
1595,768.53,28.695,69.263
1595.4,766.62,28.748,69.392
1595.2,765.67,28.867,69.678
1595.8,764.83,29.023,70.054
1595.6,762.79,29.139,70.335
1596.3,761.4,29.372,70.899
1596.1,759.43,29.229,70.553
1596.8,758.35,29.167,70.402
1597.1,756.81,29.161,70.388
1597.4,755.18,28.992,69.98
1597.5,753.52,28.76,69.422
1598.2,753.89,28.567,68.956
1598.2,752.56,28.696,69.266
1598.1,750.33,28.64,69.132
1598.2,749.58,28.592,69.014
1598.1,748.46,28.7,69.275
1598.2,747.61,29.005,70.013
1598.6,746.25,29.315,70.761
1598.9,744.92,29.242,70.585
1599.7,743.61,29.379,70.914
1600,741.57,29.172,70.416
1600.8,740.57,29.119,70.288
1601.5,738.94,29.01,70.024
1602.1,736.6,28.738,69.367
1602.3,735.62,28.702,69.28
1602.7,733.77,28.646,69.146
1603,732.83,28.513,68.826
1603.4,731.59,28.93,69.83
1603.2,729.86,29.006,70.014
1603.2,728.69,29.111,70.268
1603.8,727.93,29.365,70.88
1603.8,726.3,29.309,70.746
1604.1,724.86,29.409,70.987
1603.9,723.13,29.534,71.29
1604.5,722.02,29.566,71.365
1604.7,720.22,29.575,71.389
1604.8,718.92,29.293,70.708
1604.6,716.71,29.043,70.105
1604.9,715.63,28.843,69.62
1605.6,714.94,28.818,69.56
1605.7,713.74,28.86,69.662
1606.1,712.15,28.916,69.797
1606,711.02,29.071,70.17
1605.8,709.57,28.822,69.57
1606.2,709.45,28.917,69.799
1606.2,708.26,28.689,69.248
1606.5,707.45,28.655,69.168
1606.9,706.04,28.599,69.033
1607.6,704.9,28.361,68.459
1608.1,703.33,28.198,68.065
1609.2,702.55,28.273,68.244
1609.1,700.49,28.241,68.168
1610.1,699.42,28.276,68.251
1610.4,697.72,27.893,67.327
1610.7,696.7,28.058,67.727
1610.9,695.53,27.712,66.892
1610.9,694.39,27.825,67.164
1611.9,693.79,28.163,67.98
1612.2,692.84,28.183,68.027
1612.8,691.96,28.31,68.334
1613,689.8,28.319,68.355
1613.2,688.99,28.304,68.319
1613.4,686.71,28.52,68.842
1614.2,685.63,28.541,68.893
1614.4,683.84,28.636,69.12
1614.3,682.03,28.295,68.299
1614.4,680.65,28.243,68.172
1615.4,680.12,28.214,68.104
1615.7,678.86,28.285,68.275
1615.7,677.28,28.038,67.678
1616.1,676.69,27.735,66.947
1616.4,676,27.633,66.699
1616.6,675.21,27.64,66.716
1616.8,674.18,27.642,66.721
1617.3,673.05,27.69,66.837
1617.8,671.5,27.733,66.942
1618.5,670.1,27.861,67.25
1619.6,668.89,27.983,67.545
1619.9,666.77,27.892,67.325
1621.3,665.82,28.048,67.702
1621.4,663.76,27.843,67.206
1622.1,662.95,28.032,67.664
1622.1,661.03,28.171,67.999
1623,660.23,28.191,68.046
1623.4,659.22,28.108,67.847
1623.8,658.4,28.177,68.014
1624.2,657.33,28.231,68.143
1624.5,656.46,28.363,68.463
1624.7,654.4,28.489,68.766
1625.6,653.11,28.491,68.772
1626.2,651.06,28.742,69.377
1626.3,649.12,28.344,68.416
1626.8,648.31,28.04,67.684
1627.4,646.94,27.649,66.738
1627.8,645.85,27.473,66.313
1628.5,645.12,27.404,66.148
1628.3,643.3,27.268,65.82
1628.6,642.67,27.053,65.301
1628.9,641.42,26.867,64.85
1629.3,640.87,27.041,65.272
1629.3,639.99,26.905,64.944
1629.8,639.01,27.12,65.463
1630,637.94,27.126,65.478
1630.5,636.62,27.071,65.344
1630.1,634.98,27.113,65.444
1631.1,633.87,27.119,65.46
1631.4,632.49,27.025,65.234
1631.6,630.61,26.87,64.858
1632.2,629.79,26.833,64.77
1632.2,628.36,26.83,64.762
1632.1,626.82,26.919,64.977
1632.1,624.84,26.946,65.043
1632.1,623.99,27.064,65.328
1632.3,623.07,27.049,65.292
1632.3,621.94,27.085,65.378
1633.1,621.4,27.243,65.759
1632.8,619.97,27.349,66.014
1632.3,618.01,27.32,65.944
1632.2,616.56,27.227,65.721
1632.4,615.45,27.097,65.407
1632.4,614.36,27.054,65.303
1632.2,612.21,26.897,64.923
1632.3,611.58,26.97,65.101
1632.2,609.67,26.876,64.873
1632.5,608.28,26.961,65.079
1632.7,605.8,26.794,64.676
1632.5,605.73,26.866,64.849
1632.5,605.03,26.778,64.637
1632.3,604.23,26.962,65.081
1631.9,603.12,26.689,64.421
1632.1,602.18,26.731,64.524
1632,600.96,26.71,64.473
1632.1,599.69,26.719,64.494
1632.1,598.19,26.553,64.094
1632.7,597.32,26.612,64.235
1632.5,595.14,26.435,63.808
1632.9,594.59,26.381,63.679
1632.9,592.62,26.307,63.499
1632.9,591.52,26.308,63.501
1632.7,590.15,26.431,63.799
1633.1,589.56,26.575,64.148
1633,588.47,26.729,64.519
1632.6,587.22,26.961,65.079
1632.6,586.06,27.126,65.475
1632.8,585.19,27.26,65.799
1632.4,583.42,27.218,65.7
1632.6,582.6,27.211,65.682
1632.2,581.05,27.122,65.467
1632.3,579.65,26.984,65.135
1631.9,578.12,26.704,64.458
1631.7,576.96,26.509,63.987
1632.1,575.94,26.519,64.013
1632.3,574.78,26.436,63.811
1632.2,573.64,26.251,63.365
1631.7,571.94,26.22,63.288
1631.8,571.63,26.131,63.075
1631.7,570.96,26.091,62.979
1631.7,570.12,26.079,62.949
1631.2,568.68,26.046,62.87
1631.3,567.41,26.103,63.008
1631.8,566.44,26.055,62.892
1631.4,564.38,26.095,62.988
1631.9,563.56,26.106,63.015
1632,562.17,26.2,63.241
1632.2,560.73,26.12,63.049
1632,559.62,26.157,63.136
1631.9,558.3,26.178,63.189
1631.7,556.89,26.304,63.493
1631.3,555.31,26.145,63.109
1631.6,554.98,26.132,63.078
1631.6,553.99,26.154,63.129
1631.6,552.9,26.302,63.488
1630.7,551.14,26.411,63.75
1630.4,549.53,26.473,63.901
1630.5,548.79,26.505,63.978
1630.2,547.19,26.512,63.995
1629.9,545.69,26.59,64.183
1628.9,543.95,26.569,64.132
1629.7,543.18,26.382,63.68
1629,541.45,26.226,63.304
1629.1,540.72,26.222,63.294
1628.9,539.43,26.249,63.359
1628.7,538.13,26.361,63.63
1628,536.79,26.303,63.491
1627.6,535.85,26.426,63.786
1627.6,535.49,26.5,63.966
1627.3,534.05,26.661,64.354
1626.6,532.75,26.742,64.55
1626.2,531.63,26.866,64.848
1626.7,530.04,26.888,64.902
1626.6,528.58,27.028,65.241
1626.3,526.75,26.94,65.028
1625.7,525.44,27.045,65.281
1625.8,524.21,27.007,65.189
1625.7,522.97,26.933,65.01
1625.4,521.75,27.015,65.209
1625,520.6,27.057,65.31
1624.8,519.7,27.02,65.221
1624.6,519.01,27.076,65.355
1624.4,518,27.017,65.215
1624.2,517.11,27.135,65.499
1624.2,516,27.288,65.868
1623.3,513.9,27.401,66.141
1622.6,512.43,27.403,66.145
1621.9,510.79,27.398,66.133
1621.3,509.45,27.323,65.953
1620.8,508.25,27.199,65.652
1620.8,507.58,27.053,65.3
1620.1,505.98,26.838,64.782
1620,504.99,27.114,65.448
1619.6,503.79,27.111,65.439
1619.2,502.65,27.147,65.528
1618.8,501.87,27.143,65.517
1618.4,500.9,27.274,65.835
1617.5,499.56,27.389,66.111
1617.1,498.46,27.513,66.41
1617.3,497.64,27.498,66.373
1616.8,496.34,27.458,66.279
1616.5,494.93,27.429,66.208
1616.3,493.27,27.45,66.26
1616.1,492.37,27.358,66.036
1615.5,489.97,27.323,65.951
1615.5,489.02,27.142,65.515
1615.8,488.35,27.098,65.409
1615.6,487.6,27.012,65.202
1615,485.96,26.827,64.755
1615.1,485.5,26.995,65.161
1614.4,484.47,27.005,65.184
1614.1,483.3,27.074,65.351
1613.8,482.42,27.018,65.216
1613.3,481.01,27.184,65.616
1613.2,479.88,27.178,65.603
1612.9,478.57,27.107,65.431
1612.4,477.2,27.138,65.507
1611.8,476.09,27.063,65.325
1611.1,474.27,26.94,65.028
1610.8,473.01,26.851,64.812
1611.1,471.94,27.054,65.303
1610.5,470.55,26.856,64.826
1610.4,469.26,26.973,65.107
1609.6,468.21,26.904,64.94
1610,467.87,26.877,64.876
1609.5,466.86,27.223,65.71
1609.3,465.49,27.379,66.088
1608.5,464.23,27.069,65.338
1608.8,463.24,26.69,64.425
1608.8,462.26,26.536,64.053
1609.3,461.65,26.417,63.766
1609.4,460.54,26.456,63.86
1609.4,459.22,26.493,63.948
1609.4,457.89,26.531,64.041
1609.5,456.61,26.492,63.947
1609.2,455.57,26.534,64.048
1609,454.66,26.518,64.01
1608.9,453.68,26.609,64.229
1608.5,452.27,26.616,64.244
1608,451.64,26.586,64.173
1608.1,451.02,26.481,63.921
1608.8,450.11,26.61,64.231
1608,448.91,26.46,63.868
1608.1,447.78,26.443,63.827
1608.2,446.34,26.361,63.63
1607.6,444.63,26.228,63.309
1607.8,444,26.209,63.264
1607.5,442.77,26.173,63.175
1607.3,441.67,26.091,62.979
1607.2,440.61,26.027,62.825
1607,439.02,25.799,62.273
1607.5,438.67,25.901,62.52
1607.3,438,25.845,62.385
1607.2,437.21,25.899,62.514
1606.9,436.48,26.027,62.823
1606.7,435.28,25.803,62.283
1607,434.31,25.92,62.565
1606.6,432.87,25.841,62.375
1606.9,432.31,25.735,62.118
1606.9,430.41,25.885,62.48
1607.3,429.39,26.005,62.77
1607.3,427.8,25.92,62.566
1607.1,426.87,25.815,62.312
1607.9,426.08,25.883,62.476
1607.7,424.82,25.926,62.58
1607.6,424.12,25.876,62.459
1607.8,423.44,26.059,62.901
1607.1,422.48,26.026,62.821
1607.4,421.46,26.082,62.956
1607.5,420.58,26.046,62.869
1607.3,419.63,25.948,62.633
1607.5,418.26,25.883,62.476
1607.9,417.12,26.05,62.878
1607.4,414.86,25.963,62.67
1607.5,413.95,25.885,62.48
1607.7,412.69,26.022,62.813
1607.3,411.17,25.895,62.506
1607.6,410.2,26.151,63.124
1607.5,409.14,25.856,62.41
1607.6,408.2,25.991,62.736
1607.1,407,25.903,62.525
1607.5,406.91,25.914,62.551
1607.6,405.97,26.16,63.146
1607.7,405.12,26.001,62.761
1607.4,404.11,25.69,62.01
1607.4,403.04,25.823,62.332
1607.9,401.99,26.033,62.837
1607.7,400.48,26.01,62.784
1608.1,399.29,26.013,62.789
1608.4,397.99,26.013,62.79
1608.7,396.98,25.925,62.579
1608.6,395.83,26.058,62.899
1608.8,394.96,25.903,62.524
1609.4,394.33,26.193,63.224
1609.6,393.67,26.131,63.075
1609.7,393.19,26.191,63.221
1610,392.64,26.259,63.383
1609.6,391.37,26.489,63.939
1610.2,390.57,26.67,64.376
1609.7,388.91,26.893,64.915
1610.2,387.67,27.048,65.289
1609.6,385.52,27.07,65.342
1609.5,384.49,27.055,65.304
1609.5,382.99,27.152,65.538
1610,381.69,27.406,66.151
1609.3,379.88,27.644,66.727
1609.1,379.04,27.681,66.816
1608.9,377.95,27.858,67.244
1609.5,377.64,28.048,67.702
1608.9,376.56,28.198,68.064
1609.5,376.05,28.36,68.455
1608.9,374.41,28.547,68.907
1609.7,374,28.706,69.291
1609.4,372.31,28.769,69.441
1610.4,371.74,28.674,69.212
1610.2,370.03,28.752,69.402
1611.4,369.53,28.648,69.149
1611.1,368.07,28.643,69.139
1611.3,366.9,28.614,69.067
1611.4,365.73,28.613,69.066
1611.5,364.48,28.613,69.066
1611.8,363.63,28.661,69.182
1611.8,362.94,28.619,69.081
1612,362.1,28.679,69.226
1612.6,361.68,28.68,69.227
1612.6,360.53,28.79,69.493
1613.4,359.89,28.909,69.781
1613.3,358.51,29.014,70.035
1612.7,356.78,28.978,69.948
1612.7,355.46,28.817,69.559
1613,354.68,28.671,69.206
1612.3,353.23,28.525,68.853
1612.7,352.56,28.463,68.704
1612.8,351.28,28.427,68.616
1612.6,350.39,28.249,68.188
1612.8,349.28,28.401,68.554
1612.4,348.23,28.473,68.728
1612.9,348.22,28.505,68.805
1613.2,347.43,28.639,69.128
1612.9,346.28,28.632,69.112
1613,345.72,28.695,69.264
1613.4,344.85,28.683,69.234
1613.8,343.71,28.711,69.302
1613.9,342.8,28.601,69.036
1614,341.3,28.662,69.183
1613.9,340.12,28.65,69.155
1614.3,338.92,28.701,69.278
1614.2,337.7,28.591,69.014
1614.2,336.49,28.764,69.431
1614.5,335.72,28.96,69.904
1614,334.29,29.017,70.041
1614,333.43,29.083,70.201
1614.3,332.84,29.2,70.482
1614.2,331.87,29.411,70.993
1613.6,330.5,29.392,70.945
1613.2,329.26,29.388,70.937
1613.3,327.73,29.331,70.798
1613,326.57,29.2,70.483
1613.1,325.76,29.18,70.435
1612.6,324.53,29.251,70.605
1611.9,322.91,29.087,70.21
1612.1,322.29,29.068,70.165
1611.6,320.97,28.906,69.772
1611.8,320.76,28.735,69.361
1611.2,319.49,28.556,68.929
1611.5,319.34,28.44,68.648
1611.4,318.96,28.4,68.551
1610.9,317.9,28.315,68.346
1610.6,317.05,28.291,68.288
1610.5,316.29,28.229,68.138
1610.7,315.49,28.302,68.315
1609.9,313.96,28.282,68.268
1610,312.71,28.235,68.153
1610.5,312.3,28.123,67.882
1610.5,311.01,28.076,67.77
1610,309.8,27.743,66.966
1609.9,308.79,27.685,66.825
1609.6,308.11,27.546,66.49
1609.9,307.39,27.736,66.949
1609.3,306.25,27.742,66.963
1609.2,305.82,27.651,66.743
1608.8,305.02,27.614,66.655
1608.4,304.32,27.598,66.616
1608,303.22,27.6,66.621
1607.6,302.16,27.424,66.195
1607.7,301.53,27.293,65.88
1606.7,300.01,27.225,65.716
1606.5,299.35,27.099,65.413
1606,298.51,26.952,65.056
1605.3,297.05,26.682,64.406
1604.8,296.04,26.671,64.377
1604.4,295.02,26.644,64.312
1603.9,294.42,26.566,64.125
1603.8,294.28,26.74,64.545
1603.1,293.25,26.73,64.52
1602.6,292.69,26.663,64.358
1602.2,291.81,26.716,64.487
1601.9,291.05,26.651,64.33
1601.5,289.76,26.583,64.166
1601.3,288.9,26.646,64.318
1600.5,287.43,26.432,63.802
1600.7,286.7,26.369,63.648
1599.9,285.39,26.149,63.118
1600.1,284.81,25.952,62.643
1599.3,283.72,25.65,61.915
1598.9,282.89,25.632,61.87
1598.4,282.17,25.547,61.666
1598.5,282.08,25.518,61.594
1597.7,281.78,25.53,61.624
1597.4,280.98,25.434,61.392
1596.8,280.33,25.397,61.304
1595.5,278.82,25.178,60.774
1595.3,278.19,24.904,60.113
1594.2,277.29,24.669,59.547
1593,275.72,24.56,59.282
1592.8,274.98,24.353,58.784
1591.7,274.35,23.929,57.76
1591.1,273.02,23.81,57.472
1591,272.35,23.851,57.571
1589.9,271.7,23.894,57.675
1589.4,270.78,23.91,57.714
1588.9,270.17,23.985,57.895
1587.7,269.37,23.934,57.772
1586.9,268.63,24.041,58.03
1586.3,268.28,23.936,57.778
1585.7,267.42,23.927,57.754
1584.8,266.56,23.985,57.895
1584,265.5,23.976,57.872
1583.1,264.18,23.916,57.729
1582.8,263.52,23.931,57.764
1581.8,261.95,23.951,57.813
1581.7,260.63,23.888,57.661
1581.5,259.63,24.091,58.15
1580.9,258.66,24.244,58.519
1580,257.72,24.416,58.935
1578.5,256.48,24.475,59.077
1578,256.46,24.547,59.251
1578,255.76,24.564,59.293
1577.3,255.39,24.672,59.553
1576.2,253.56,24.826,59.925
1575.1,253,24.935,60.187
1574.5,251.54,24.91,60.128
1573.9,250.51,24.634,59.461
1572.4,249.8,24.368,58.819
1571.5,248.69,24.277,58.598
1570.8,247.86,24.157,58.31
1570,247.63,24.143,58.275
1569.3,246.85,24.165,58.33
1568.5,246.26,24.279,58.604
1567.1,245.42,24.217,58.455
1566.8,244.66,24.168,58.337
1566.2,244.24,24.039,58.024
1565.3,243.47,23.853,57.576
1565.4,243.18,23.935,57.774
1564.4,242.21,23.94,57.785
1563.9,241.15,23.931,57.764
1563.3,239.74,23.983,57.89
1563.2,238.81,23.984,57.893
1562.8,237.48,23.941,57.79
1561.9,236.49,24.079,58.121
1561.1,235.34,23.939,57.785
1560.4,234.13,23.969,57.857
1559.6,233.32,23.948,57.806
1559.3,232.69,23.814,57.482
1558.9,232.48,23.792,57.43
1558.8,231.85,23.875,57.628
1558,231.08,23.858,57.588
1557.8,230.44,23.835,57.534
1557,229.61,23.861,57.595
1555.8,228.38,23.886,57.656
1555,227.23,23.913,57.721
1553.8,226.18,24.027,57.997
1552.3,224.82,23.955,57.822
1551.2,223.53,23.782,57.406
1550.8,223.39,23.844,57.554
1550.2,222.38,23.899,57.688
1549,221.24,24.001,57.934
1547.7,219.91,23.954,57.82
1547.3,219.58,23.918,57.733
1546.8,218.75,24.107,58.188
1546.4,218.64,24.313,58.688
1545.4,217.28,24.316,58.695
1544.4,216.54,24.404,58.906
1543.7,215.52,24.448,59.012
1543.2,214.71,24.56,59.284
1542.7,214.06,24.645,59.488
1541.3,211.93,24.714,59.654
1540.9,211.23,24.623,59.436
1540.2,210,24.687,59.589
1539.4,208.71,24.787,59.831
1539.3,208.13,24.812,59.891
1539.2,207.29,24.81,59.886
1538.2,206.44,24.832,59.94
1537.6,205.64,24.896,60.093
1537.1,205.44,24.757,59.759
1536.4,204.62,24.832,59.938
1535.6,203.58,24.806,59.876
1535,203.1,24.76,59.765
1534.3,201.89,24.853,59.989
1533.4,200.68,24.976,60.287
1532.3,199.08,24.796,59.853
1531.9,198.75,24.855,59.996
1531.1,197.52,24.943,60.207
1529.9,196.49,24.719,59.667
1529,195.14,24.611,59.406
1528.3,194.35,24.522,59.19
1528.7,194.23,24.518,59.181
1527.9,193.32,24.623,59.435
1526.7,192.05,24.558,59.279
1526.5,192.13,24.631,59.454
1525.7,190.86,24.652,59.504
1525,190.62,24.568,59.302
1525.2,190.59,24.551,59.262
1524.5,189.64,24.582,59.336
1523.8,188.7,24.613,59.41
1523.1,187.12,24.59,59.355
1522.6,186.14,24.606,59.394
1522.5,185.32,24.578,59.325
1522.4,184.5,24.523,59.194
1522.3,183.53,24.583,59.337
1522.2,182.55,24.565,59.294
1521.9,181.61,24.64,59.477
1520.7,180.24,24.672,59.552
1520.3,179.81,24.526,59.201
1520.6,179.19,24.697,59.614
1519.5,178.22,24.584,59.341
1519.2,177.39,24.315,58.692
1518.8,177.26,24.125,58.233
1519.1,176.76,24.044,58.037
1518.4,175.29,23.761,57.354
1518.2,174.61,23.825,57.509
1517.7,173.76,24.007,57.948
1517,172.65,23.7,57.208
1517.1,172.11,23.474,56.661
1517.1,171.08,23.558,56.865
1516.7,170.41,23.571,56.896
1516.9,169.45,23.662,57.116
1515.6,168.95,23.653,57.094
1514.9,168.09,23.7,57.207
1514.5,167.35,23.786,57.415
1514.3,167.34,23.885,57.653
1514.3,166.53,24.093,58.156
1513.7,166.21,24.014,57.966
1513.6,164.59,23.822,57.501
1513.1,163.88,23.949,57.807
1512.7,162.33,23.9,57.69
1512.4,161.8,23.671,57.138
1512.3,160.95,23.587,56.935
1512.3,160.08,23.629,57.036
1512.1,159.32,23.579,56.916
1512.5,158.98,23.681,57.161
1511.8,157.73,23.725,57.268
1511.8,157.18,23.699,57.203
1511.6,156.12,23.576,56.908
1511.8,156.1,23.461,56.629
1512.5,155.51,23.465,56.641
1512.5,155,23.497,56.716
1512.1,154.28,23.369,56.408
1511.2,152.68,23.294,56.227
1510.6,152.16,23.073,55.693
1510.5,151.54,22.977,55.463
1509.6,150.19,22.907,55.292
1509,149.29,22.774,54.971
1508.8,148.12,22.864,55.189
1508.4,147.66,22.85,55.154
1508,147.01,22.848,55.151
1507.6,146.24,22.751,54.916
1507,145.54,22.709,54.814
1506.2,144.74,22.533,54.391
1506.3,144.7,22.39,54.045
1505.2,144.11,22.105,53.356
1506,143.73,22.341,53.926
1505.1,143.04,22.375,54.009
1504.6,141.19,22.273,53.763
1503.8,141.02,22.225,53.646
1503.6,140.31,22.12,53.393
1503.3,139.85,21.997,53.096
1502.9,138.29,22.04,53.2
1502.4,137.07,22.087,53.314
1502.9,136.56,22.252,53.711
1501.9,134.98,22.24,53.682
1502.5,134.8,22.463,54.22
1501.8,134.11,22.418,54.113
1501.6,134.12,22.486,54.277
1501.5,133.37,22.487,54.279
1501.1,132.89,22.531,54.384
1501.4,131.76,22.54,54.407
1500.6,130.85,22.508,54.329
1500.2,129.67,22.449,54.188
1499.3,129.22,22.328,53.895
1498.7,127.7,22.196,53.576
1497.9,127.19,22.244,53.693
1497.7,126.49,22.203,53.593
1496.9,125.12,22.116,53.384
1496.9,124.28,22.092,53.326
1496.4,123.43,22.144,53.45
1496.3,122.79,21.954,52.992
1495.3,122.12,21.872,52.794
1495.6,121.91,21.882,52.82
1495.2,121.37,21.9,52.862
1494.7,120.88,21.878,52.809
1494.5,120.37,21.867,52.783
1494,119.51,21.861,52.768
1493.6,118.37,21.773,52.555
1493.1,117.73,21.694,52.366
1493.2,116.58,21.382,51.611
1493,115.76,21.248,51.289
1493.1,115.1,21.453,51.783
1492.8,113.8,21.547,52.011
1492.4,113.37,21.487,51.865
1492.6,112.49,21.483,51.855
1492.4,111.71,21.743,52.483
1491.6,110.46,21.848,52.737
1492.1,110.26,21.983,53.062
1491.7,109.06,22.052,53.229
1491.8,108.85,22.03,53.177
1491.4,108.17,22.039,53.198
1491.3,107.27,22.005,53.115
1491.2,106.38,21.954,52.992
1490.6,105.42,21.945,52.971
1490.4,104.53,21.783,52.58
1490.3,104.14,21.672,52.312
1489.8,103.26,21.576,52.081
1489.5,103.14,21.597,52.13
1489.8,101.57,21.669,52.305
1489.2,101.14,21.582,52.095
1489.4,101.18,21.587,52.107
1489.1,100.19,21.501,51.899
1489.2,100.01,21.616,52.177
1488.7,99.46,21.464,51.809
1489,99.179,21.624,52.196
1488.6,98.454,21.549,52.015
1488.7,98.032,21.657,52.275
1488.4,97.12,21.649,52.255
1488.3,96.246,21.436,51.743
1488.9,96.408,21.467,51.817
1489.1,95.665,21.526,51.959
1489.2,94.943,21.49,51.873
1489.5,94.394,21.42,51.704
1489.9,93.844,21.337,51.504
1489.8,92.62,21.229,51.241
1490.6,92.366,21.101,50.933
1491.1,91.971,20.985,50.653
1491.2,91.578,20.894,50.433
1491.5,91.285,20.793,50.191
1491.6,90.587,20.683,49.924
1491.7,89.973,20.655,49.856
1492.7,88.643,20.709,49.988
1495.5,87.188,21.015,50.726
1495.6,86.442,21.239,51.267
1496.8,85.375,21.651,52.26
1496.7,83.741,21.73,52.452
1497.3,81.912,21.771,52.551
1497.6,81.432,22.094,53.33
1497.5,80.152,22.144,53.451
1498.3,79.681,22.257,53.725
1498.6,78.929,22.418,54.112
1500.6,79.22,22.484,54.272
1500.5,78.813,22.628,54.62
1499,78.236,22.691,54.77
1498.1,78.477,22.604,54.561
1498.3,80.527,22.839,55.129
1498.8,80.064,23.315,56.277
1498.8,79.484,23.435,56.568
1499.5,80.675,23.687,57.177
1509.2,72.508,23.884,57.65
1510.6,73.269,23.899,57.688
1511.1,74.981,23.776,57.39
1510.8,75.468,23.755,57.339
1512.2,75.382,23.782,57.405
1513,75.196,23.717,57.248
1513.7,74.403,23.71,57.231
1513.9,77.757,23.95,57.811
1514.4,78.776,24.053,58.059
1514.9,78.605,24.069,58.098
1516.5,79.328,24.032,58.008
1519.5,71.275,23.952,57.816
1521.8,75.383,23.764,57.362
1523.1,76.948,23.603,56.972
1523.9,76.906,23.551,56.846
1525.4,76.987,23.718,57.252
1525.5,77.204,23.668,57.129
1526.5,77.824,23.792,57.428
1528.9,77.779,23.744,57.313
1530.4,77.732,23.678,57.155
1532.5,77.974,23.604,56.976
1533.4,77.966,23.508,56.744
1534.5,78.113,23.417,56.523
1535.6,76.95,23.36,56.387
1536.9,78.038,23.224,56.057
1538.1,78.967,23.247,56.115
1539.1,79.231,23.31,56.266
1539.4,79.373,23.239,56.094
1541.5,80.511,23.224,56.057
1541.9,80.936,23.116,55.796
1543.7,82.057,23.002,55.521
1544.4,81.688,22.954,55.406
1546.5,81.856,23.097,55.751
1547.3,82.421,23.082,55.715
1548,82.058,22.959,55.417
1549.2,82.944,22.954,55.407
1550.7,82.648,22.747,54.906
1551.9,81.832,22.659,54.693
1553.5,81.902,22.693,54.777
1555.2,81.201,22.575,54.49
1556.2,82.658,22.576,54.493
1556.4,83.204,22.557,54.449
1556.8,84.499,22.429,54.14
1558.2,85.542,22.237,53.676
1557.9,87.292,22.135,53.429
1559.4,88.023,22.082,53.301
1560.6,88.157,21.858,52.762
1562.9,90.596,21.769,52.547
1564.1,91.771,21.709,52.4
1566.4,92.295,21.561,52.044
1568.6,93.404,21.714,52.413
1568,93.514,21.671,52.309
1570.1,95.52,21.664,52.292
1569.5,95.22,21.463,51.808
1574.5,92.663,21.709,52.402
1568.9,74.659,21.539,51.992
1568.9,76.173,21.394,51.64
1568.5,75.477,21.332,51.491
1568.5,75.257,21.342,51.514
1568.8,75.261,21.401,51.658
1569,75.936,21.356,51.548
1580.5,93.055,21.491,51.874
1583.1,94.642,21.789,52.594
1583.5,94.55,21.92,52.911
1583.4,94.609,22.057,53.24
1585.4,94.576,22.126,53.407
1587.9,94.608,22.404,54.078
1588.7,93.072,22.657,54.689
1590.9,92.821,22.872,55.209
1591.8,92.45,23.046,55.628
1592.2,91.934,23.196,55.991
1594.2,91.909,23.469,56.648
1594.3,92.15,23.657,57.103
1593.8,91.33,23.752,57.333
1596.9,93.026,24.072,58.105
1597.8,91.649,24.334,58.738
1598.4,91.313,24.667,59.54
1600.6,90.533,24.891,60.081
1602.1,90.571,25.052,60.47
1603.4,90.077,25.123,60.641
1606,89.965,25.182,60.783
1607,89.28,25.309,61.091
1607.5,88.294,25.289,61.042
1608.9,87.858,25.385,61.274
1609.9,87.232,25.424,61.369
1611.3,87.33,25.367,61.23
1612,86.555,25.434,61.393
1613,86.993,25.417,61.35
1613.6,86.47,25.476,61.493
1614.9,86.886,25.482,61.509
1615.6,86.875,25.522,61.604
1618.2,86.83,25.492,61.532
1620.9,87.053,25.641,61.892
1620.5,86.202,25.707,62.051
1622.3,85.701,25.714,62.068
1624.1,85.183,25.768,62.197
1626,85.414,25.746,62.147
1626.6,85.02,25.722,62.087
1628.1,85.029,25.759,62.176
1629.6,84.596,25.89,62.493
1630.4,84.141,25.948,62.632
1631.5,83.553,26.07,62.927
1632.8,82.913,26.162,63.151
1633.6,82.545,26.218,63.284
1635.9,83.048,26.223,63.296
1636.4,82.456,26.272,63.415
1637.5,81.678,26.334,63.564
1639.3,81.404,26.328,63.551
1640.3,81.095,26.34,63.58
1641.8,79.367,26.287,63.451
1643.1,78.785,26.206,63.256
1644.2,78.707,26.271,63.413
1644.6,78.044,26.324,63.541
1645.3,77.379,26.267,63.403
1646.3,76.952,26.347,63.596
1647.1,76.561,26.188,63.213
1648.7,76.682,26.202,63.247
1649.4,76.359,26.229,63.311
1650.5,76.527,26.251,63.364
1651.4,76.299,26.126,63.062
1653.2,76.165,26.034,62.842
1654.2,75.381,26.098,62.996
1655.9,75.013,26.242,63.342
1656.8,74.4,26.479,63.915
1658.2,73.915,26.493,63.949
1659.6,73.182,26.503,63.972
1660.4,72.826,26.564,64.119
1661.4,72.207,26.626,64.27
1661.6,71.636,26.565,64.122
1663,71.485,26.501,63.968
1664.1,71.752,26.411,63.751
1664.4,70.807,26.415,63.761
1665.6,70.533,26.558,64.104
1666.8,70.14,26.692,64.428
1667.4,69.472,26.728,64.516
1668.1,68.32,26.819,64.737
1669.9,68.325,26.623,64.262
1670,67.391,26.514,64
1671.7,67.23,26.348,63.598
1672.4,66.066,26.386,63.691
1673.5,65.144,26.368,63.647
1673.9,64.579,26.341,63.581
1674.8,64.045,26.294,63.468
1675.3,63.775,26.173,63.177
1676.1,63.834,26.053,62.886
1676.4,63.005,26.069,62.926
1677,62.847,25.863,62.427
1677.7,63.414,25.748,62.151
1678.5,62.676,25.577,61.737
1680.9,62.142,25.645,61.901
1681.3,61.069,25.646,61.905
1682.6,60.484,25.558,61.692
1684.1,60.484,25.52,61.6
1685,60.04,25.481,61.506
1685.8,59.176,25.522,61.604
1686.6,58.88,25.587,61.762
1686.9,57.617,25.738,62.125
1687.9,56.937,25.587,61.763
1688.7,56.169,25.662,61.943
1688.9,55.59,25.832,62.354
1690.9,55.699,25.78,62.228
1690.3,55.851,25.784,62.236
1691.2,54.764,25.863,62.428
1692.6,54.187,25.995,62.746
1692.7,52.91,26.287,63.451
1693,52.454,26.276,63.424
1693.6,51.33,26.323,63.538
1694.4,50.967,26.315,63.52
1695.8,49.034,26.239,63.336
1698.1,48.758,26.296,63.472
1698,47.455,26.197,63.233
1698.8,47.536,26.148,63.117
1699.3,46.502,26.08,62.951
1699.4,45.764,25.995,62.748
1699.6,45.192,25.98,62.711
1699.7,44.963,25.889,62.491
1700.3,44.96,25.918,62.56
1700.2,44.416,25.807,62.292
1703.5,44.03,25.616,61.831
1704,43.186,25.646,61.904
1704.9,42.468,25.545,61.66
1705.9,42.179,25.595,61.78
1706.4,41.424,25.473,61.486
1707.7,40.941,25.472,61.484
1708.4,40.423,25.617,61.835
1708.6,39.259,25.499,61.549
1709.6,39.291,25.509,61.572
1709.8,38.558,25.525,61.611
1710.3,38.023,25.613,61.823
1710.6,37.05,25.583,61.752
1711.1,37.434,25.611,61.819
1711.1,36.277,25.713,62.067
1711.9,35.539,25.593,61.776
1712.8,34.535,25.665,61.95
1713.9,33.504,25.705,62.047
1715.9,32.7,25.497,61.544
1716.2,32.019,25.706,62.048
1716.5,30.984,25.593,61.775
1716.8,29.692,25.656,61.927
1717.2,28.867,25.61,61.818
1718,28.097,25.604,61.802
1718.3,27.531,25.516,61.59
1719.6,27.955,25.379,61.259
1719.7,26.864,25.378,61.258
1720.2,26.157,25.532,61.628
1720.6,26.275,25.576,61.735
1721.8,26.089,25.661,61.941
1722.1,24.917,25.606,61.808
1722.9,24.276,25.508,61.571
1724.9,24.084,25.383,61.269
1724.7,22.78,25.366,61.229
1725.8,22.447,25.438,61.402
1726.5,21.994,25.406,61.326
1726.9,21.017,25.435,61.396
1727.1,21.235,25.53,61.624
1727.4,20.943,25.615,61.83
1727.4,20.061,25.635,61.878
1728.7,19.396,25.712,62.063
1729.3,18.289,25.914,62.551
1730.7,18.081,26.001,62.76
1730.6,17.025,26.225,63.301
1733.6,16.26,26.275,63.423
1733.6,15.247,26.317,63.523
1733.8,14.774,26.135,63.085
1735.8,14.198,26.135,63.085
1736.3,13.302,26.143,63.103
1737.4,12.485,26.169,63.166
1738,11.551,26.138,63.092
1738.8,10.784,26.185,63.204
1739.3,10.172,26.208,63.261
1740.3,9.5583,26.252,63.368
1740.2,8.5377,26.349,63.601
1740.9,8.3611,26.292,63.463
1741.9,7.9375,26.222,63.294
1743.1,7.9974,26.106,63.014
1743.9,7.7934,25.996,62.749
1743.9,7.1271,25.849,62.395
1745.6,7.244,25.703,62.041
1746.1,6.3446,25.557,61.69
1747,6.3178,25.713,62.065
1747.8,5.1371,25.722,62.087
1748.5,4.7204,25.692,62.016
1749.1,3.7595,25.656,61.929
1749.8,3.6545,25.544,61.657
1751,3.5477,25.547,61.665
1751.6,3.3401,25.498,61.548
1752.2,3.2003,25.586,61.758
1752,2.4032,25.574,61.73
1752.6,2.727,25.613,61.824
1753,2.2897,25.588,61.765
1752.7,2.3853,25.574,61.729
1756.2,1.4179,25.6,61.793
1756.2,0.11615,25.488,61.524
1756.9,-0.3382,25.528,61.62
1757.8,-0.87332,25.543,61.656
1758.1,-1.9508,25.515,61.589
1758.5,-2.3905,25.6,61.793
1759.4,-3.6824,25.478,61.498
1760.5,-3.7958,25.564,61.707
1761.4,-4.1411,25.377,61.255
1761.6,-5.3202,25.556,61.688
1762.7,-5.595,25.533,61.631
1763.2,-5.4271,25.462,61.46
1763.6,-5.9597,25.63,61.866
1763.9,-6.619,25.475,61.492
1765.7,-6.4839,25.504,61.562
1766.3,-6.8571,25.581,61.748
1766.9,-7.2441,25.719,62.081
