1797,458,120,82
1793.9,459.58,120.03,82.021
1791.2,460.75,119.5,81.655
1785,461.46,120.36,82.245
1784.1,464.43,117.07,79.994
1778.2,463.38,119.55,81.69
1772.3,461.24,120.45,82.307
1767.5,459.11,122.63,83.8
1763.8,454.38,119.92,81.943
1757.9,449.56,121.52,83.042
1755.3,443.86,120.26,82.181
1750.7,439.59,122.15,83.472
1746.3,432.86,122.75,83.876
1742.3,427.45,119.99,81.991
1738.3,422.47,122.57,83.754
1734.3,415.16,122.26,83.547
1730.1,410.92,124.94,85.379
1727.3,403.57,123.52,84.404
1725,398.76,121.97,83.349
1721.5,392.64,123.28,84.242
1719.5,388.24,123.53,84.414
1716.2,381.5,122.42,83.656
1712.7,376.69,124.68,85.201
1709.7,369.11,124.88,85.333
1706.2,364.43,124.86,85.319
1703.3,359.32,124.6,85.142
1699.5,355.39,125.79,85.958
1696.5,351.6,126.36,86.346
1693.6,348.35,129.35,88.387
1692,345.67,129.51,88.499
1689.9,342.93,129.42,88.437
1688.2,340.09,130.28,89.023
1687.5,338.36,128.91,88.09
1685.6,335.15,128.22,87.617
1685.7,333.64,128.3,87.669
1684.2,331.95,128.61,87.882
1682.7,329.25,128.21,87.609
1681.2,327.94,129.4,88.426
1679.2,325.6,131.72,90.012
1678,323.05,130.41,89.111
1677.2,321.78,131.44,89.814
1676.3,320.28,131.17,89.631
1676,320.05,131.14,89.61
1676.4,321.67,130.16,88.941
1676,323.57,130.62,89.258
1675.1,324.97,130.52,89.189
1674.7,328.28,131.43,89.809
1674.7,329.74,131.99,90.197
1673.8,330.78,131.41,89.798
1673.3,333.43,132.74,90.706
1673,334.76,131.99,90.194
1673,336.73,131.87,90.111
1672.5,339.3,131.24,89.679
1671.8,341.87,133.99,91.558
1671.4,343.83,132.67,90.661
1671,346.34,132.32,90.417
1670.1,349.74,134.38,91.825
1670.2,352.49,134,91.57
1669.6,354.88,132.8,90.749
1669.2,357.94,132.83,90.77
1668.5,361.03,133.62,91.305
1667.4,364.09,136.48,93.263
1667.7,367.18,135.29,92.449
1666.2,369.8,137.14,93.71
1665.7,372.75,135.57,92.643
1665.9,376.62,136.34,93.166
1665.3,378.53,137.79,94.154
1665.1,379.81,136.17,93.049
1664.5,381.38,136.18,93.059
1664,382.2,136.44,93.232
1663.9,383.24,137.92,94.247
1662.6,382.98,137.6,94.025
1661.8,383.97,139.28,95.176
1661.3,385.19,139.67,95.438
1660.2,385.98,140.19,95.795
1659,385.99,139.66,95.432
1658.6,386.9,140.66,96.119
1658.1,387.25,141.47,96.67
1657.7,388.37,140.7,96.146
1657.2,388.84,141.37,96.604
1656.2,388.97,142.18,97.158
1654.9,388.32,141.76,96.871
1654.8,389.8,141.99,97.025
1653.7,389.92,141.08,96.402
1652.9,390.4,141.68,96.815
1652.5,391.38,143,97.719
1651.3,391.06,142.65,97.476
1651.3,392.48,143.33,97.942
1649.8,393.07,145.01,99.091
1649.1,393.48,143.98,98.387
1648,394.55,143.81,98.269
1647,395.62,143.79,98.255
1646.8,397,144.87,98.991
1644.6,396.88,145.29,99.281
1643.8,397.64,145.21,99.227
1642.7,398.19,145.73,99.583
1642.2,398.98,146.97,100.43
1640.9,399,145.84,99.659
1640.2,399.88,144.99,99.076
1639.1,400.15,146.18,99.892
1637.9,401.01,146.73,100.27
1637.5,402.11,147.85,101.03
1635.6,401.77,148.36,101.38
1635.6,403.21,146.84,100.34
1634.2,404.12,147.6,100.86
1632.4,405.21,150.85,103.08
1630.2,405.46,153.25,104.72
1628.7,405.97,152.2,104
1629.6,408.34,148.74,101.64
1628.7,409.82,151.07,103.23
1625.1,409.14,154.57,105.63
1624,410.74,156.42,106.89
1622.8,411.19,155.76,106.44
1622.1,413.28,156.44,106.9
1621.4,414.46,153.86,105.14
1619.9,416.52,156.43,106.89
1618.6,417.25,155.78,106.45
1618.3,419.48,156.63,107.03
1617.1,420.65,157.51,107.63
1614.8,421.77,159.42,108.94
1614.7,423.61,155.89,106.53
1613.1,425.53,159.15,108.76
1612.2,426.63,156.5,106.94
1611.2,429.32,157.56,107.67
1609,430.62,159.21,108.79
1608.1,431.44,158.91,108.59
1607.7,434.3,159.07,108.69
1607.8,435.62,157.36,107.53
1606.6,436.48,159.07,108.7
1605.4,437.68,158.93,108.6
1604.9,440.25,159.53,109.01
1602.7,441.3,161.93,110.65
1601,441.74,164.42,112.35
1599.5,444.04,161.17,110.13
1598.6,445.25,161.3,110.22
1596.7,446.05,163.25,111.56
1595.6,447.97,162.46,111.02
1594.7,449.66,162.01,110.7
1592.6,450.89,166.38,113.69
1591.6,452.27,164.35,112.3
1590.8,454.78,163.06,111.42
1587.8,456.59,167.15,114.22
1585.6,458.29,164.42,112.35
1585.8,461.38,163.03,111.41
1583.9,462.84,166.77,113.96
1583.1,464.43,166.66,113.89
1580.7,466.32,166.58,113.83
1578.7,466.79,167.12,114.2
1576.9,468.37,165.65,113.2
1575.4,471.02,168.36,115.05
1572.8,471.66,170.8,116.71
1571.4,472.45,168.64,115.24
1568.7,474.65,168.97,115.47
1566.9,475.92,169.72,115.97
1564.9,478.32,173.34,118.45
1564.8,479.53,168.73,115.3
1562.5,481.5,168.3,115.01
1560.7,484.36,171.39,117.12
1558.3,485.98,172.06,117.57
1556.5,486.66,169.75,115.99
1554,488.42,173.36,118.46
1551.4,488.76,173.04,118.24
1550.2,491.9,173.62,118.64
1548,492.14,172.55,117.91
1545,493.22,177.01,120.96
1543.1,494.91,176.21,120.41
1540.7,495.42,174.87,119.49
1538.3,496.58,175.2,119.72
1536,497.48,175.26,119.76
1533.2,497.67,177.1,121.02
1531.7,500.11,177.88,121.55
1528.9,500.1,176.6,120.67
1526.9,501.2,176.13,120.36
1523,500.85,178.04,121.66
1520.5,501.27,177.79,121.49
1517.6,500.93,178.42,121.92
1514.6,499.13,182.9,124.98
1510.1,496.12,182.13,124.46
1507.6,493.19,184.52,126.09
1504.3,488.22,184.27,125.92
1501.7,477.39,182.99,125.04
1499,468.22,185.44,126.72
1496.1,456.12,183.49,125.39
1493.6,447.61,185.31,126.63
1491.1,436.39,183.35,125.29
1489.1,428.17,184.66,126.19
1485.8,417.29,186.19,127.23
1482.8,407.73,186.56,127.48
1480.3,397.34,187.29,127.98
1475.4,385.96,187.76,128.3
1472.4,377.93,189.93,129.78
1471.2,367.5,187.02,127.8
1467.1,358.21,188.18,128.59
1464.5,349.93,190.03,129.85
1461.8,339.01,189.87,129.74
1458.9,330.56,188.89,129.07
1456.9,323.08,188.05,128.5
1454.1,317.98,191.93,131.15
1451.1,312.7,192.01,131.21
1449.1,310.2,190.85,130.42
1446.8,308.13,194.14,132.66
1442.9,305.39,195.11,133.33
1438.8,301.38,195.08,133.31
1436.6,297.98,195.17,133.36
1434.8,295.81,196.39,134.2
1430.1,291.27,196.13,134.02
1427.7,288.42,195.13,133.34
1424.9,285.41,195.96,133.91
1421.7,281.55,196.49,134.27
1418.5,277.59,196.71,134.42
1415.5,274.6,198.91,135.92
1411.3,271.32,201.23,137.51
1408.9,270.79,199.68,136.45
1404.8,276.11,199.85,136.56
1402.2,284.84,200.81,137.22
1398.2,290.38,200.17,136.78
1395.4,300.1,201.47,137.67
1391.4,308.27,202.1,138.1
1387.4,315.41,202.02,138.04
1382.6,324.62,201.74,137.86
1379.7,333.83,202.91,138.65
1375.3,341.86,205.95,140.73
1372.3,350.57,206.6,141.18
1368.2,358.38,205.63,140.52
1365,367.31,205.15,140.19
1361.9,375.46,205.62,140.51
1357.9,384.01,205.19,140.21
1354.8,392.92,205.41,140.36
1351.2,401.13,206,140.77
1348.1,410.35,207.77,141.98
1343.4,418.1,210.58,143.9
1340.6,423.67,212.08,144.92
1337.9,427.29,210.48,143.83
1333.5,427.55,211.5,144.53
1329.2,425.35,210.44,143.8
1326.2,424.83,212.86,145.45
1321.8,422.79,210.81,144.06
1318.9,423.26,212.92,145.5
1314.9,422.06,212.03,144.88
1311.5,423.16,213.88,146.15
1306.2,422.08,215.35,147.16
1302.6,421.81,213.78,146.08
1299.5,421.65,214.25,146.4
1294.4,420.12,214.48,146.56
1290.3,420.02,214.51,146.58
1286.4,418.93,214.88,146.83
1282.6,417.82,214.59,146.64
1278.5,416.83,215.05,146.95
1274.1,416.19,217.31,148.5
1269.1,413.62,216.62,148.03
1265.3,413.11,219.01,149.66
1260.5,410.1,218.7,149.45
1258,409.53,220.26,150.51
1253.4,408.23,220.19,150.46
1248.4,406.52,221.37,151.27
1243.3,403.43,221.03,151.04
1239.4,402.27,221.06,151.06
1234.5,400.96,220.75,150.84
1229.8,399.66,221.02,151.03
1226.1,398.44,219.97,150.31
1223.1,398.3,222.44,152
1217.4,396.14,223.82,152.94
1213.5,393.49,225.23,153.91
1207.7,390.34,224.7,153.55
1204.1,388.49,224.03,153.08
1203,388.03,226.41,154.71
1197.1,385.29,228.15,155.9
1193.3,382.91,228.68,156.26
1189,380.85,228.06,155.84
1184.6,379.07,229.94,157.13
1179.5,376.63,229.3,156.69
1173.8,372.86,228.14,155.89
1172,372.58,229.56,156.86
1164.7,368.47,228.92,156.43
1160.3,366.11,229.43,156.78
1155.5,363.59,230.63,157.59
1151.6,363.05,232.8,159.08
1147,360.73,232.79,159.08
1141.4,357.69,234.74,160.4
1138.2,356.13,233.21,159.36
1133.8,352.48,230.81,157.72
1129.1,350.21,231.02,157.87
1124,347.1,233.2,159.35
1119.4,343.7,236.69,161.74
1115,342.83,236.88,161.86
1109.2,338.75,234.96,160.56
1105,336.6,235.54,160.95
1100,334.99,234.44,160.2
1098.2,334.93,234.93,160.54
1091,331.38,234.57,160.29
1087.3,332.15,233.11,159.29
1082.4,330.55,234.05,159.94
1078.6,335.16,234.8,160.44
1075.1,340.36,234.08,159.95
1070.8,346.01,234.46,160.21
1066.1,351.88,236.73,161.76
1060.5,357,240.24,164.17
1056.8,364,239.28,163.51
1050.7,368.94,239.43,163.61
1045.8,373.98,241.25,164.86
1042.2,380.12,239.91,163.94
1036.2,385.84,241.59,165.09
1032,392.49,239.94,163.96
1029,399.92,242.05,165.4
1021.9,404.53,245.35,167.66
1017.1,410.06,241.46,165
1012.9,416.09,240.86,164.59
1010.9,423.14,241.79,165.22
1004.2,428.74,241.13,164.77
1000,434.06,241.68,165.15
995.81,439.61,241.09,164.74
990.88,444.95,242.23,165.52
987.1,451.79,242.69,165.84
983.04,457.98,244.06,166.77
977,462.95,248.19,169.59
970.86,468.98,249.59,170.55
965.91,475.24,245.35,167.66
963.18,481.16,245.09,167.48
963.35,487.41,245.61,167.83
962.29,493.34,248.59,169.87
965.45,501.09,249.54,170.52
964.24,508.47,244.65,167.17
965.79,514.9,250.31,171.04
965.76,521.08,253.38,173.14
965.34,527.83,248.65,169.91
968.17,534.79,252.64,172.64
968.9,541.66,254.9,174.18
969.03,547.97,256.8,175.48
970.39,554.87,257.05,175.65
971.37,560.78,258.44,176.6
973.06,568.07,257.57,176.01
975.1,575.17,254.38,173.83
979.99,582.55,255.87,174.85
984.59,589.35,252.68,172.66
990.36,596.14,254.83,174.13
996.76,602.59,256.96,175.59
1004.9,609.35,257.77,176.14
1012,615.59,256.97,175.6
1021.4,622.87,258.09,176.36
1027.9,629.64,258.32,176.52
1037.3,636.38,259.67,177.44
1044.3,642.7,260.55,178.04
1053.6,650.05,261.15,178.45
1059.6,656.71,262.82,179.59
1066.2,664.53,261.01,178.36
1071.1,671.65,259.52,177.34
1074.7,675.89,257.33,175.84
1081.2,680.6,259.13,177.07
1087.2,686.67,259.5,177.32
1091.5,688.86,259.73,177.48
1096.6,693.15,260.25,177.84
1102.9,698.32,262.53,179.4
1109.5,703.58,262.08,179.09
1111.5,704.45,262.13,179.12
1117.2,709.62,263.57,180.1
1120.7,713.29,263.47,180.04
1125.8,717.21,262.98,179.71
1131.1,722.95,263.51,180.07
1132.4,725.58,262.55,179.41
1140.3,731.66,263.21,179.86
1143.1,735.37,263.6,180.13
1145,736.32,262.9,179.65
1149.3,740.27,265.08,181.14
1151.2,742.38,266.32,181.98
1154.5,745.3,266.91,182.39
1158.1,746.21,266.26,181.95
1160,744.14,264.11,180.47
1165.2,747.24,263.97,180.38
1167.4,747.86,263.38,179.98
1172.5,747.83,263.09,179.78
1176.2,751.66,263.64,180.15
1178.1,747.08,262.14,179.13
1180.8,749.28,263.63,180.15
1183.6,747.03,263,179.72
1188.4,747.75,263.92,180.35
1188.5,744.17,264.13,180.49
1189.5,741.78,265.6,181.49
1192.5,739.3,265.82,181.64
1194.9,736.64,265.59,181.49
1197.6,737.01,265.33,181.31
1200.2,734.13,265.52,181.44
1202.2,732.18,268.42,183.42
1206.1,731.4,268.61,183.55
1207.1,728.31,268.16,183.25
1207.8,723.53,268.67,183.59
1211.4,724.09,269.03,183.84
1212.9,720.57,269.85,184.39
1211.5,713.8,270.76,185.02
1216.3,713.62,271.81,185.74
1214,707.44,272.1,185.94
1217.9,704.36,274.3,187.44
1215.5,699.79,275.02,187.93
1220.2,700.01,276.74,189.1
1219.9,693.79,276.4,188.88
1221.2,690.3,276.54,188.97
1223.6,688.36,275.73,188.42
1226.3,686.98,275.55,188.29
1227.8,684.77,276.81,189.15
1228,679,276.11,188.67
1228.9,675.81,276.94,189.24
1231.3,672.58,277.12,189.36
1235,673.72,278.97,190.63
1233.4,667.04,279.05,190.68
1236.5,662.98,279.49,190.99
1239.2,659.27,281.33,192.24
1240.9,657.38,281.09,192.08
1243.2,652.47,282.35,192.94
1245.5,651.42,285.26,194.93
1247.7,646.37,285.09,194.81
1249.1,643.85,286.05,195.47
1248.7,638.65,283.33,193.61
1254.8,635.39,284.13,194.16
1253.5,631.17,281.22,192.16
1257.4,626.44,279.79,191.19
1261,626.56,283.31,193.59
1262,621.79,284.63,194.5
1261.7,618.78,282.2,192.84
1266.4,618.88,282.24,192.87
1268.4,615.58,283,193.38
1270.2,613.16,284.82,194.63
1271.3,611.38,285.14,194.84
1272,609.95,287.17,196.24
1272.4,608.47,284.73,194.57
1276,610.24,286.28,195.62
1273,609.41,285.33,194.97
1277.1,609.71,286.21,195.58
1273.6,609.64,284.96,194.72
1276.3,612.11,284.66,194.52
1273.5,611.63,282.59,193.11
1274.4,614.89,283.55,193.76
1270.6,615.05,282.55,193.07
1269.7,617.88,286.32,195.65
1266.4,618.72,282.74,193.21
1266,621.46,283.81,193.94
1258.8,621.81,283.72,193.87
1257.8,622.59,282.84,193.27
1255.8,626.64,285.32,194.97
1251.6,627.7,287.28,196.31
1247.4,629.66,289.22,197.63
1241.6,630.29,286.06,195.48
1239.8,631.62,285.39,195.02
1238.2,634.99,285.5,195.09
1233.3,637.55,287.13,196.21
1227.3,638.27,284.88,194.66
1224.8,640.61,289.56,197.87
1217.8,641.25,287.8,196.66
1217.1,642.85,289.2,197.62
1210.9,642.32,284.04,194.1
1206.9,640.62,284.88,194.67
1203.4,640.19,288.39,197.07
1198,637.21,289.82,198.05
1192.7,634.48,291.71,199.34
1185.9,632,289.03,197.51
1180.4,629.11,289.38,197.74
1174.7,626.97,288.71,197.28
1170.3,625.04,287.43,196.41
1165.7,623.43,290.25,198.34
1159,621.05,291.66,199.3
1151.4,617.02,290.47,198.49
1147.1,614.74,291.73,199.35
1138.3,610.35,290.69,198.64
1134.5,609.22,292.06,199.58
1125.2,605.05,291.22,199
1118.5,601.31,291.98,199.52
1111.9,598.12,291.24,199.01
1104.4,595.29,291.91,199.47
1098.9,592.38,288.08,196.85
1093.1,590.21,290.93,198.8
1084.4,587.04,292.93,200.17
1076.2,583.02,293.92,200.84
1067.5,578.75,291.85,199.43
1058.5,575.28,292.01,199.54
1051.4,574.36,289.27,197.67
1043.4,573.44,289.21,197.62
1036,571.47,290.84,198.74
1031.9,570.8,291.11,198.92
1024.4,568.1,289.56,197.86
1018,566.47,289.6,197.9
1012.2,565.26,289.03,197.5
1006,562.33,290.58,198.56
1002,561.83,291.47,199.17
994.76,558.71,289.06,197.53
989.78,557.74,288.74,197.31
985.49,556.38,288.49,197.14
981.11,553.94,289.56,197.86
977.43,551.99,289.43,197.78
974.85,549.69,288.32,197.02
972.92,548.66,291.64,199.29
968.23,545.08,289.52,197.84
967.13,542.84,289.17,197.6
966.97,541.68,287.3,196.32
966.77,539.63,291.79,199.39
964.48,535.51,290.71,198.65
966.39,534.47,292.85,200.11
966.46,531.6,294.68,201.37
967.02,527.99,291.32,199.07
969.84,525.83,289.29,197.68
971.42,523.06,289.22,197.63
973.45,520.08,289.45,197.79
976,517.83,288.54,197.17
978.24,514.32,288.89,197.41
980.75,511.3,289.01,197.49
983.73,508.42,288.65,197.24
986.43,504.76,289.39,197.75
989.11,501.42,289.92,198.11
992.5,499.26,294.01,200.91
995.55,494.67,289.11,197.56
997.97,490.38,290.6,198.58
1001.7,488.77,294.01,200.91
1003.3,484.4,291.51,199.2
1004.9,481.77,293.01,200.23
1008.4,484.54,293.71,200.7
1007.5,482.87,294.04,200.93
1009.3,483.21,292.96,200.19
1010.8,485.11,296.17,202.38
1009.7,484.34,293.74,200.73
1011.3,485.41,291.05,198.88
1010.7,485.61,291.21,199
1010.8,486.52,291.26,199.03
1010.4,486.33,292.52,199.89
1011.9,487.39,295.12,201.66
1012.3,487.25,296.35,202.51
1009.3,484.39,297.02,202.97
1012.2,485.35,292.88,200.13
1014.5,486.71,293.77,200.74
1014.1,484.98,291.14,198.95
1014.3,484.32,292.46,199.85
1016.1,484.87,294.39,201.17
1015.4,482.42,293.38,200.48
1019.3,484.81,291.64,199.29
1019,482.13,290.79,198.7
1020.6,483.26,293.78,200.75
1022.3,482.62,289.07,197.53
1024.2,482,290.01,198.17
1028.2,483.9,290.96,198.83
1029.8,483.04,292.76,200.05
1030.8,481.94,295.23,201.74
1032.2,481.89,295.76,202.1
1033.9,480.95,297.67,203.41
1035.7,480.87,298.12,203.71
1036.8,479.13,300.83,205.57
1037.9,477.79,304.09,207.8
1041.2,476.43,298.59,204.04
1047.8,478.74,297.34,203.18
1051.7,477.59,291.3,199.05
1054.3,476.8,291.15,198.95
1056.9,475.78,292.09,199.6
1061.5,475.59,289.37,197.74
1064.6,475.1,288.37,197.05
1067.4,475.75,291.25,199.02
1068.3,473.15,292.14,199.63
1071.2,471.82,292.4,199.81
1075.7,473.48,293.15,200.32
1079.6,473.23,291.72,199.34
1080.1,470.32,290.74,198.67
1083.6,471.14,292.33,199.76
1086.1,469.14,294.28,201.09
1086.9,466.69,292.34,199.77
1090.1,467.6,292.46,199.85
1091,465.11,295.42,201.87
1090.5,464.14,296.83,202.84
1089.2,461.05,294.89,201.51
1090.9,460.69,297.05,202.98
1090.4,459.12,293.48,200.55
1091.9,458.52,294.62,201.32
1090.2,456.91,290.91,198.79
1091.7,456.76,291.28,199.04
1089.5,454.24,290.28,198.36
1089.1,454.35,292.56,199.92
1088.3,452.53,293.25,200.39
1087.3,451.06,292,199.54
1085.6,448.49,290.46,198.48
1085.4,448.52,291.76,199.37
1082.4,445.25,291.12,198.93
1082,444.02,289.31,197.69
1080.7,443.09,287.14,196.22
1078.8,440.92,288.49,197.13
1077.2,439.08,288.84,197.37
1076.5,436.85,288.24,196.96
1076.2,435.73,289.79,198.03
1073.4,433.36,292.89,200.14
1070.7,430.41,294.87,201.5
1070.7,428.72,292.78,200.06
1068.9,426.21,293.24,200.38
1067.4,423.67,293.16,200.32
1067.5,422.45,289.84,198.05
1065.3,419.94,291.34,199.08
1062.2,415.22,291.12,198.93
1062,413.69,289.02,197.5
1061.3,412.23,287.52,196.47
1061.2,411.15,289.22,197.63
1057.7,407.84,288.94,197.44
1056.1,405.37,288.11,196.88
1055.6,404.57,289.57,197.87
1053.2,400.77,287.28,196.31
1052.6,399.03,289.34,197.71
1049.6,394.8,287.61,196.53
1049.2,393.66,289.07,197.53
1045.3,389.64,289.05,197.52
1042.8,387.13,288.84,197.37
1041.1,384.82,288.08,196.85
1039.7,383.63,290.43,198.46
1037.9,381.88,289.02,197.49
1034,378.63,288.02,196.81
1032.6,378,289.43,197.78
1028.5,373.95,289.45,197.79
1026.9,372.13,288.57,197.19
1024.7,371.75,288.27,196.99
1024.2,373.42,288.85,197.38
1019.8,370.67,289.51,197.83
1019.2,370.41,286.74,195.94
1017.2,369.8,286.24,195.6
1014.9,370.53,284.9,194.68
1014.2,372.86,286.42,195.72
1011.8,372.72,282.56,193.08
1011,375.68,284.13,194.15
1007.2,378.7,282.08,192.75
1006.3,385.39,279.33,190.87
1004.1,392.09,277.74,189.79
1002.3,400.92,282.48,193.03
998.43,407.31,283.74,193.89
993.72,412.17,283.62,193.81
992.21,419.25,282.46,193.01
992.62,428.7,283.59,193.79
987.06,433.8,283.06,193.42
987.01,443.01,286.11,195.51
982.29,449.33,283.32,193.6
983.98,458.9,283.3,193.59
979.55,465.67,284.65,194.51
974.59,472.1,284.24,194.23
974.9,481.57,280.45,191.64
973.77,491,283.47,193.7
968.27,496.49,282.42,192.99
969.05,507.91,283.22,193.53
964.38,515.49,284.02,194.08
961.6,523.8,279.82,191.21
961.23,534.6,282.52,193.05
957.4,542.46,283.17,193.5
954.64,549.81,285.16,194.86
952.42,555.16,284.26,194.24
949.5,555.25,282.25,192.87
948.03,557.44,283.28,193.57
945.65,558,283.28,193.57
942.09,558.66,283.56,193.77
937.24,558.08,281.75,192.53
933.74,558.92,280.15,191.43
931.04,561.75,282.35,192.94
927.5,562.28,283.46,193.7
923.32,562.1,281.17,192.13
918.31,563.29,281.08,192.07
913.78,564.22,280.49,191.67
907.82,566.56,283.11,193.46
902.14,567.65,282.87,193.29
894.17,567.96,283.71,193.87
886.54,567.74,281.1,192.09
878.2,567.77,281.13,192.1
871.11,568.75,279.79,191.19
864.16,571.12,281.9,192.63
856.59,569,281.67,192.47
849.33,569.18,282.12,192.78
843.7,569.65,281.47,192.34
838.66,570.44,280.33,191.56
835.39,571.78,283.4,193.65
832.63,571.69,284.46,194.38
829.67,571.21,281.16,192.13
828.14,571.05,282.48,193.03
830.55,573.63,283.21,193.53
831.5,573.82,283.85,193.96
831.66,572.44,282.94,193.34
834.9,574.68,283.75,193.89
837.85,573.77,281.27,192.2
841.86,573.89,279.66,191.1
846.92,575.67,282.34,192.93
852.65,575.33,283.17,193.5
858.93,575.14,283.05,193.42
865.91,575.16,282.94,193.34
873.34,575.43,282.58,193.1
881.05,575.39,283.63,193.81
887.19,573.81,283.6,193.79
895.53,574.15,282.71,193.19
904.88,576.34,284.16,194.17
911.59,575.25,282.97,193.36
920.97,577.29,283.52,193.74
927.52,576.79,282.09,192.76
934.87,577.93,279.38,190.91
941.08,577.45,281.85,192.6
948.09,579.4,280.93,191.97
954.34,580.65,282.77,193.22
960.74,583.92,285.72,195.24
966.68,585.95,286.26,195.61
971.72,586.51,284.26,194.24
976.49,588.13,285.11,194.82
982.96,591.21,286.31,195.64
986.28,591.24,284.99,194.75
992.37,594.48,286.17,195.55
994.73,594.13,285.06,194.79
999.53,597.4,285.93,195.39
1001.2,598.23,286.85,196.01
1001.8,597.97,285.99,195.42
1004.8,600.55,281.96,192.67
1005.1,601.28,283.24,193.54
1007.7,604.42,284.67,194.53
1006.9,604.6,283.61,193.8
1008.4,606.84,281.23,192.17
1008.3,608.34,281.79,192.56
1010,610.13,280.15,191.44
1011.1,612.86,284.18,194.19
1010.9,613.23,281.58,192.41
1010.5,614.67,281.39,192.28
1012.5,617.1,278.71,190.45
1012.3,617.93,280.1,191.4
1014.3,620.83,283.03,193.41
1015.4,622.03,284.09,194.13
1013.3,621.72,284.75,194.58
1015.2,624.08,286.66,195.89
1014.2,623.93,286.34,195.67
1015.6,625.9,284.33,194.29
1018.7,627.78,281.74,192.52
1018,629.03,282.84,193.27
1020.7,631.8,285.64,195.19
1022.7,633.21,284.59,194.47
1022.9,632.8,282.65,193.14
1024.8,636.27,283.8,193.93
1024.2,635.36,283.22,193.53
1027.1,639.44,283.62,193.81
1025.5,638.13,283.47,193.7
1025.3,639.96,282.11,192.78
1025.5,641.1,282.79,193.24
1027.8,643.81,282.88,193.3
1027.3,644.16,283.91,194.01
1025.1,644.01,283.76,193.91
1024.9,644.7,282.42,192.99
1026.6,647.55,283.64,193.82
1024,646.8,283.37,193.63
1025.2,649.72,283.94,194.03
1021.9,649.04,284.64,194.51
1022.1,651.53,282.68,193.16
1022.9,653.76,283.86,193.97
1020.5,651.98,284.12,194.15
1018.2,651.31,285.21,194.89
1018.7,652.67,285.68,195.21
1018.2,652.61,285.08,194.8
1016.3,651.74,285.41,195.03
1015,650.88,286.09,195.49
1011.3,648.65,285.53,195.11
1010.8,649.97,285.8,195.3
1009.5,649.49,284.9,194.68
1007.4,648.24,285.5,195.09
1006.1,646.83,284.77,194.59
1004.7,643.98,284.63,194.5
1000.7,638.29,284.17,194.18
997.54,634.1,284.48,194.4
995.88,629.61,284.07,194.12
994.62,623.87,283.23,193.54
994.47,619.28,283.63,193.82
988.29,609.51,285.1,194.82
989.27,603.62,286.55,195.81
984.83,594.3,285.23,194.9
986.11,589.2,285.21,194.89
982.65,581.81,286.61,195.85
979.02,572.41,285.09,194.81
979.77,566.99,284.58,194.46
974.64,557.46,283.22,193.53
974.83,551.48,285.5,195.09
971.12,543.32,287.37,196.37
968.85,535.59,287.3,196.32
965.8,527.16,288.15,196.9
963.92,520.03,287.5,196.46
962.19,512.5,286.64,195.87
958.53,503.93,284.9,194.68
959.21,500.18,286.23,195.59
954.4,495.23,285.82,195.31
954.43,495.63,285.5,195.09
952.17,495.89,286.19,195.56
948.97,494.16,284.63,194.5
947.47,494.31,283.62,193.81
944.51,493.73,284.8,194.61
945.49,495.13,284.56,194.45
941.22,492.96,285.35,194.99
941.45,494.96,284.95,194.71
940,494.99,284.98,194.74
938.38,495.03,285.58,195.15
936.39,494.79,286.07,195.48
935.05,492.64,284.97,194.73
935.64,493.73,285.15,194.85
935.07,494.15,285.74,195.26
935.21,493.99,285.11,194.82
935.29,493.51,285.58,195.14
936.18,493.3,285.48,195.08
936.4,492.72,285.57,195.14
936.8,492.65,285.34,194.98
936.75,492.37,286.59,195.84
936.61,490.66,285.12,194.83
939.45,491.9,285.98,195.42
937.33,489.78,286.47,195.76
937.94,490.05,286.34,195.67
939.27,490.4,286.03,195.45
940.44,490.84,286.09,195.5
941.96,491.54,285.27,194.94
945.73,493.48,285.12,194.83
945.59,493.53,286.54,195.8
944.79,491.86,287.23,196.28
947.93,494.13,287.49,196.45
950.45,495.43,286.2,195.57
949.47,493.15,287.09,196.18
950.52,493.64,286.47,195.75
951.88,494.16,286.34,195.67
953.66,494.84,285.67,195.21
956.58,496.85,285.85,195.33
958.22,498.31,284.55,194.44
955.61,496.73,285.61,195.17
958.58,499.1,284.79,194.61
957.57,500.26,285.76,195.27
957.32,500.32,285.74,195.26
956.94,501.49,285.09,194.81
955.63,502.21,285.59,195.15
954.99,503.21,285.24,194.91
953.52,503.58,285.8,195.3
952.5,505.24,285.08,194.81
950.77,505.53,286.21,195.58
947.72,504.94,285.76,195.27
948.38,507.17,286.15,195.54
945.3,506.03,285.73,195.25
946.17,508.11,286.6,195.84
942.73,508.26,286.41,195.72
942.95,509.62,285.28,194.94
943.58,511.83,286.32,195.65
940.4,511.8,285.66,195.2
941.39,514.3,286.46,195.75
938.56,513.95,286.33,195.66
938.18,514.98,285.19,194.88
938.77,517.89,286.6,195.85
936.67,517.81,286.17,195.55
935.64,519.11,285.97,195.41
935.11,520.4,286.07,195.48
934.89,522.12,286.1,195.5
934.55,523.15,286.41,195.71
935.01,524.94,285.24,194.91
936.91,528.18,284.84,194.64
935.45,529.04,286.09,195.5
932.49,528.53,286.27,195.62
933.96,531.34,284.04,194.1
932.24,531.81,286.34,195.67
933.74,534.14,284.05,194.1
933.25,534.97,285.09,194.81
934.93,538.29,286.61,195.85
933.41,537.9,285.6,195.16
935.52,541.35,285.92,195.38
935.34,543.6,286.4,195.7
933.66,542.96,285.72,195.24
935.28,546.44,286.91,196.05
934.66,546.07,285,194.75
935.45,549.32,287.38,196.38
936.7,550.52,287.92,196.75
936.73,552.34,287.96,196.77
936.63,553.32,288.43,197.09
937.03,554.58,288.37,197.05
936.71,556.42,289.02,197.5
933.57,555.65,288.8,197.35
933.23,556.84,288.78,197.34
932.8,558.19,288.8,197.34
932.17,559.51,289.42,197.77
932.15,560.6,289.54,197.85
931.33,561.73,290.18,198.29
934,564.62,288.96,197.45
932.15,564.04,289.39,197.75
931.68,564.35,289.48,197.81
931.38,565.41,289.84,198.06
933.35,568.26,290,198.17
933.44,569.89,289.49,197.82
931.63,569,289.15,197.59
930.7,569.83,289.64,197.92
929.94,570.68,290.17,198.28
932.31,573.01,290.14,198.26
931.43,574.18,290.81,198.72
931.54,576.18,290.68,198.63
930.42,576.68,292.51,199.88
928.76,577.03,294.26,201.08
927.08,577.34,294.1,200.97
927.05,578.14,293.26,200.39
929.5,581.66,291.18,198.97
926.92,581.37,291.86,199.44
927.81,583.08,289.95,198.13
929.67,585.67,290.51,198.51
929.2,586.42,291.74,199.35
928.12,586.21,290.18,198.29
929.74,588.63,291.44,199.15
928.26,588.51,290.91,198.79
930.47,591.29,290.99,198.84
929.62,591.57,293.31,200.43
930.34,593.48,291.66,199.3
928,592.44,292.68,200
930.4,595.83,292.59,199.94
930.42,597,293.08,200.27
930.9,597.89,293.56,200.6
928.78,597.32,294.25,201.07
928.8,598.1,295.63,202.01
930.59,601.04,296.56,202.65
928.31,600.18,297.75,203.47
930.24,603.61,299.56,204.7
928.04,602.18,298.5,203.98
930.73,606.15,298.82,204.2
929.68,605.49,296.54,202.64
930.88,607.16,294.89,201.51
933.34,610.7,295.68,202.05
933.39,611.76,295.57,201.97
932.96,613.39,296.61,202.68
931.23,612.98,294.09,200.96
930.84,613.89,294.37,201.15
930.85,616.07,293.38,200.48
932.71,619.62,294,200.9
928.83,619.32,293.5,200.56
929.86,623.13,294.6,201.31
925.75,622.02,295.31,201.8
926.95,625.87,295.7,202.06
925.73,627.1,297.08,203
921.65,627.65,296.33,202.49
920.84,628.91,297.73,203.45
921.62,632.35,299.26,204.49
916.96,631.34,300.13,205.09
917.06,634.93,304.33,207.96
915.15,634.97,302.12,206.45
912.48,636.46,303.39,207.32
914.05,640.18,304.19,207.86
908,639.03,303.07,207.1
910.84,643.68,302.67,206.82
907.59,644.34,303.24,207.21
904.88,645.55,303.43,207.34
900.18,646.84,306.45,209.41
894.61,647.04,303.93,207.68
892.99,648.24,303.76,207.57
891.28,649.08,303.15,207.15
890.44,650.31,305.49,208.75
887.65,648.86,304.6,208.14
883.54,645.19,302.06,206.41
880.51,640.13,303.43,207.34
879.33,636.87,305.68,208.88
876.85,630.93,306,209.1
873.75,624.13,305.95,209.07
870.16,616.6,307.93,210.42
866.92,610.5,308.66,210.92
865.49,604.21,307.33,210.01
861.4,596.83,305.44,208.72
861.34,590.96,306.31,209.31
854.91,583.54,306.35,209.34
852.78,576.78,305.92,209.04
851.26,569.83,308.1,210.53
848.89,562.14,309.44,211.45
843.67,554.79,309.41,211.43
841.34,550.82,309.58,211.54
837.57,549.18,310.96,212.49
834.66,549.3,317.68,217.08
833.71,551.5,316.23,216.09
835.07,552.97,313.51,214.23
835.04,553.27,314.35,214.8
833.63,553.72,313.19,214.02
832.47,555.17,316.74,216.44
832.94,556.51,312.28,213.39
834.23,557.92,312.47,213.52
835.97,558.7,312.17,213.31
835.88,559.08,313.47,214.2
837.85,560.92,314.28,214.76
836.93,561.69,313.55,214.26
837.8,562.73,316.91,216.55
837.89,563.02,315.02,215.26
839.81,563.42,315.59,215.65
841.75,565.95,314.66,215.01
842.13,565.48,316.55,216.31
844.15,567.76,313.6,214.29
849.81,569.34,317.51,216.97
846.06,569.12,317.3,216.82
851.54,569.88,315.63,215.68
855.17,572.99,315.98,215.92
857.72,572.79,318.92,217.93
859.13,573.85,313.82,214.44
866.2,576.46,315.63,215.68
866.95,576.82,315.56,215.64
869.74,577.25,316.83,216.5
869.84,577.64,312.85,213.78
875.95,579.54,315.38,215.51
876.69,580.4,314.79,215.11
874.16,577.89,317.74,217.13
878.66,581.12,318.42,217.59
879.54,580.99,319.72,218.48
876.13,580.18,320.18,218.79
876.57,580.57,319.42,218.27
877.72,581.42,318.21,217.45
881.59,583.99,316.14,216.03
882.36,585.31,314.19,214.7
875.93,583.4,316.7,216.41
875.59,584.09,315.52,215.6
876.46,585.9,316.71,216.42
874.03,586,313.81,214.44
873.62,586.49,318.58,217.7
872.55,587.03,317.71,217.1
872.11,587.73,316.82,216.49
866.42,586.85,315.39,215.51
867.62,588.06,318.22,217.45
868.9,589.21,315.22,215.4
864.43,588.37,319.47,218.31
859.34,588.29,317.31,216.83
861.88,588.74,316.04,215.96
862.93,591.12,317.2,216.75
857.35,589.66,318.17,217.42
860.82,592.32,317.89,217.22
859.76,593.07,317.08,216.67
855.4,592.84,315.23,215.41
859.33,593.05,318.41,217.58
855.07,593.19,319.72,218.47
850.14,591.91,320.8,219.21
854.59,594.4,319.94,218.62
847.61,592.71,320.68,219.13
852.85,595.61,319.59,218.39
846.17,594.61,318.38,217.56
852.17,596.89,317.21,216.76
845.84,596.26,315.81,215.8
851.75,597.36,316.09,216
847.13,597.57,316.98,216.6
843.79,596.47,315.64,215.68
846.34,596.93,318.09,217.36
842.24,597.02,318.77,217.83
842.22,597.51,319.22,218.13
837.85,596.53,319.12,218.07
839.27,596.11,317.1,216.68
838.38,596.55,318.93,217.93
837.14,596.57,319.22,218.13
839.86,597.52,315.11,215.32
838.71,596.54,315.5,215.59
841.92,597.65,317.64,217.05
839.25,597.75,314.04,214.59
839.31,598.05,314.05,214.6
838.72,597.76,314.5,214.9
840.04,598.13,313.85,214.46
836.84,597.48,316.99,216.61
836.15,597.44,316.86,216.52
838.56,597.81,316.89,216.54
835.77,598.23,316.42,216.22
839.19,598.2,316.36,216.18
840.61,599.02,317.15,216.72
837.82,598.28,316.77,216.46
839.93,597.32,317.11,216.69
839.76,597.73,313.9,214.5
843.17,596.07,316.87,216.53
841.64,597.13,313.3,214.09
844.74,597.27,318.4,217.57
840.79,597.69,319.44,218.28
837.59,596.26,318.25,217.47
842.97,596.25,320.88,219.27
838.8,596.47,320.69,219.14
837.67,596.54,321.16,219.46
836.89,597.09,320.75,219.18
836.23,596.89,321.61,219.77
832.9,595.87,319.86,218.57
836.53,595.75,318.03,217.32
836.28,596.1,320.69,219.14
833.91,595.73,322.88,220.64
831.06,594.32,325.95,222.73
829.23,593.46,328.14,224.23
826.63,590.92,323.05,220.75
833.45,594.67,321.86,219.94
829.07,593.6,320.29,218.87
835.43,594.3,320.05,218.7
827.9,593.26,319.63,218.41
830.12,592.32,320.46,218.98
830.37,593.01,320.42,218.96
829.22,593.15,320.75,219.18
829.35,592.94,320.66,219.12
827.68,592.94,321.69,219.82
824.58,592.22,319.53,218.35
828.47,591.95,317.59,217.02
826.89,592.52,315.22,215.4
831.58,593.35,317.25,216.78
824.64,592.67,315.6,215.66
830.17,593.41,318.62,217.72
823.8,593.6,320.24,218.83
824.51,593.72,320.56,219.05
822.55,594.27,320.89,219.27
822.63,594.02,320.6,219.08
822.32,594.03,320.74,219.17
820.65,594.38,320.89,219.28
820.3,595.87,320.06,218.71
817.21,595.85,317.4,216.89
818.76,595.79,315.91,215.87
820,597,318.12,217.38
817.22,597.16,319.58,218.38
812.86,596.46,319.93,218.62
811.39,596.25,319.91,218.61
811.76,596.64,319.78,218.52
811.41,597.07,319.71,218.47
809.92,597.79,319.6,218.39
810.66,598.69,318.74,217.8
812.72,601.02,319.22,218.13
808.25,600.45,319.96,218.64
811.58,601.1,316.72,216.43
811.61,601.03,317.52,216.97
812.05,602.26,317.64,217.06
815.32,604.34,315.86,215.84
819.52,606.07,317.71,217.1
820.53,608.05,317.69,217.09
824.29,609.32,316.72,216.42
823.88,610.14,313.55,214.26
829.9,611.95,317.03,216.63
827.31,612.09,316.49,216.27
833.67,613.77,315.09,215.31
834.35,612.94,316.56,216.31
837.61,613.52,317.73,217.11
844.42,614.9,318.05,217.33
846.23,614.67,318.47,217.62
851.48,614.84,317.91,217.24
853.78,614.17,319.39,218.25
852.53,612.37,319.91,218.6
859.79,611.55,319.04,218.01
862.67,612.36,317.5,216.96
868.66,612.83,316.33,216.16
874.36,613.99,317.42,216.9
873.77,613.48,315.82,215.81
881.22,614.91,317.21,216.76
876.84,613.71,318.87,217.89
881.28,614.71,319.42,218.27
874.9,613.73,320.74,219.17
880.07,615.03,320.35,218.91
876.25,615.85,321.87,219.94
873.09,615.81,322.1,220.1
872.81,615.9,322.04,220.06
871.64,616.3,322.15,220.13
871.07,617.28,322.26,220.21
872.19,618.96,320.08,218.72
873.67,620.94,316.93,216.57
872.68,621.9,317.96,217.27
875.5,624.53,318.91,217.92
871.5,624.65,321.54,219.72
865.99,624,323.03,220.74
870.59,626.95,322.45,220.34
864.93,626.92,322.11,220.11
864.91,627.5,323.09,220.78
866.86,630.77,324.34,221.63
861.03,630.56,322.67,220.49
861.07,631.63,322.25,220.2
859.44,632.43,322.52,220.39
858.32,633.79,322.58,220.43
858.04,635.39,321.9,219.96
856.15,636.22,323.2,220.85
859,638.64,323.63,221.14
855.99,640.09,324.1,221.47
850.77,639.18,325.34,222.32
853.75,642.12,324.82,221.96
848.38,642,324.51,221.75
846.29,642.66,325.03,222.11
845.95,643.89,325.38,222.34
847.64,647.62,325.32,222.31
843.61,648.38,326.4,223.04
841.99,649.83,327.54,223.82
837.49,650.11,326.88,223.37
836.74,651.37,326.35,223
837.11,653.81,328.63,224.56
830.89,654.2,327.66,223.9
832.85,655.27,327.53,223.81
830.99,656.75,326.75,223.28
829.86,658,326.63,223.2
828.38,659.24,327.82,224.01
830.96,661.65,328.64,224.57
828.82,662.47,323.99,221.4
828.39,664.01,327.24,223.62
826.33,665.56,326.78,223.3
825.9,666.86,327.04,223.47
824.82,668.49,327.24,223.61
824.67,669.45,327.42,223.73
823.1,670.7,328.92,224.76
823.27,670.78,328.08,224.19
822.99,673.56,324.93,222.03
822.39,674.59,329.23,224.98
821.51,675.36,326.76,223.28
820.26,676.68,330.74,226
823.56,678.04,333.47,227.87
818.85,679.12,334.86,228.82
817.76,675.26,331.24,226.34
816.96,673.58,331.1,226.25
818.07,668.72,331.51,226.53
817.23,664.02,332.64,227.31
821.91,661.81,334.07,228.28
814.31,656.42,334.79,228.77
815.84,651.14,335.33,229.14
815.53,646.09,333.94,228.19
818.29,642.32,337.18,230.41
810.87,636.96,336,229.6
816.6,632.19,338.4,231.24
810.34,626.6,335.34,229.15
811.19,620.48,335.42,229.2
810.74,615.52,335.74,229.43
812.7,611.25,338.42,231.25
807.98,604.55,336.67,230.06
811.83,600.01,337.73,230.78
805.54,593.99,336.14,229.69
811.08,589.15,337.42,230.57
802.33,581.35,340.14,232.43
803.39,575.26,339.01,231.66
807.22,571.18,339.19,231.78
805.43,565.77,339.49,231.98
804.89,559.7,339.44,231.95
804.38,553.11,339.74,232.16
802.84,546.92,339.78,232.18
804.1,540.04,340.43,232.63
796.74,533.54,339.9,232.26
803.11,528.27,340.99,233.01
796.41,521.43,338.35,231.21
800.21,513.6,339.03,231.67
803.28,509.4,339.79,232.19
799.37,503.36,339.79,232.19
801.64,497.14,340.42,232.62
794.95,488.96,340.69,232.81
794.7,483.15,340,232.33
800.09,479.37,341.99,233.69
796.04,475.58,340.59,232.74
795.46,468.95,339.01,231.66
796.34,466.77,341.43,233.31
789.55,463.21,341.38,233.28
791.05,461.4,341.23,233.17
788.34,462.59,340.85,232.92
789.93,462.11,342.48,234.03
791.37,464.53,343.74,234.89
783.61,466.03,342.26,233.88
792.13,468.24,343.98,235.06
784.41,469.38,342.23,233.86
787.42,474.19,339.62,232.07
787.4,475.21,342.78,234.23
783.01,478.57,341.37,233.27
781.39,477.32,339.67,232.11
781.82,479.94,343.96,235.04
775.53,480.46,343.49,234.72
774.27,482.37,343.16,234.49
775.32,484.8,341.54,233.38
773.26,486.99,341.4,233.29
770.15,489.58,341.55,233.4
771.77,491.12,343,234.38
773.61,495.31,343.03,234.41
769.25,499.02,342.06,233.74
769.67,499.4,344.98,235.73
764.62,502.63,344.6,235.47
761.57,501.62,344.6,235.48
760.26,504.38,342.64,234.14
764.93,506.97,344.64,235.5
756.28,508.56,344.64,235.5
759.96,509.61,345.23,235.91
759.91,513.22,346.82,237
753.97,514.37,345.12,235.83
760.2,516.04,346.27,236.62
751.11,518,345.12,235.83
758.61,519.89,346.83,237
750.59,522.32,344.41,235.34
755.18,523.15,344.39,235.33
750.23,525.7,345.46,236.06
753.45,527.94,347.66,237.57
746.85,529,346.03,236.45
753.41,531.54,348.09,237.86
748.46,534.51,349.39,238.75
744.64,535.29,347.71,237.6
751.4,537.55,347.26,237.29
744.67,538.58,346.56,236.81
747.64,537.87,346.51,236.79
742.84,538.31,347.18,237.24
744.9,537.48,346.91,237.05
741.84,535,347.82,237.68
746.28,535.23,350.71,239.65
740.06,530.85,349.98,239.16
742.07,529.89,348.82,238.36
744.65,529.28,350.38,239.43
738.85,524.47,349.42,238.77
739.11,522.38,350.6,239.58
738.88,520.46,350.1,239.24
738.37,518.12,348.98,238.47
741.09,518.22,351.77,240.38
737.51,515.54,352.76,241.05
733.89,513.06,351.07,239.9
738.23,510.72,352.46,240.85
731.93,507.08,351.59,240.25
736.97,504.88,352.06,240.58
733.03,502.51,353.85,241.79
730.52,499.83,356.74,243.77
727.71,495.96,353.68,241.68
728.38,491.4,353.3,241.42
726.8,488.68,352.78,241.07
727.99,485.18,352.26,240.71
729.51,485.63,353.61,241.63
723.53,482.05,352.98,241.2
724.18,478.34,353.01,241.22
722.74,478.65,352.68,241
721.73,479.58,352.51,240.88
722.06,480.39,352.75,241.05
719.23,480.5,351.99,240.53
724.99,483.76,354.78,242.43
720.05,487.08,353.18,241.34
717.53,487.81,352.77,241.06
718.51,490.02,353.3,241.42
716.3,491.55,352.3,240.74
717.04,493.79,352.92,241.16
715.55,495.51,352.81,241.09
715.22,497.95,353.55,241.59
714.18,500.07,353.59,241.62
713.36,502.25,353.7,241.69
712.21,504.22,354.03,241.92
716.17,507.9,353.46,241.53
710.69,508.43,355.34,242.82
710.54,510.27,354.62,242.32
714.51,512.35,356.12,243.35
710.13,515.23,355.15,242.68
715.32,516.92,356.91,243.89
712.58,520.34,357.76,244.47
715.44,523.25,355.99,243.26
711.78,524.37,356.61,243.69
714.51,526.66,355.89,243.19
715.03,528.85,355.92,243.21
717.52,531.64,355.14,242.68
720.63,534.06,356.09,243.33
718.41,535.77,356.55,243.64
722.28,536.34,356.46,243.58
721.64,537.68,357.01,243.95
726.82,539.55,356.6,243.68
723.03,538.79,356.53,243.63
725.56,536.93,356.63,243.7
726.16,536.02,356.29,243.47
726.08,535.65,355.86,243.17
726.77,533.51,356.67,243.73
725.91,531.71,357.67,244.41
731.07,530.9,358.5,244.97
725.47,528.25,358.2,244.77
732.5,525.16,360.21,246.14
727.33,521.65,364.17,248.85
727.78,516.78,367.28,250.97
726.35,512.22,368.24,251.63
725.56,507.15,363.04,248.08
732.14,503.5,364.2,248.87
728.01,498.39,366.59,250.51
729.29,492.85,366.61,250.52
729.59,487.94,366.42,250.39
729.31,483.19,366.37,250.35
729.81,477.89,367.19,250.91
728.68,472.95,367.87,251.37
724.81,465.97,367.83,251.35
727.87,461.19,363.69,248.52
730.37,457.96,366.5,250.44
729.11,454.1,365.61,249.83
725.42,449.38,365.63,249.85
725.98,448.46,365.9,250.03
726.03,449.44,364.1,248.8
728.03,452.22,368.03,251.49
722.61,453.17,365.3,249.62
724.15,454.15,365.59,249.82
722.72,456.64,365.77,249.95
722.31,458.93,365.53,249.78
721.01,461.44,364.8,249.28
721.88,463.93,363.92,248.68
723.47,468.09,366.82,250.66
719.35,472.16,367.27,250.97
720.6,473.84,366.6,250.51
717.81,475.83,368,251.46
715.01,476.4,365.58,249.81
715.83,477.54,365.68,249.88
715.14,479.94,364.82,249.29
714.46,481.87,365,249.41
713.17,484.74,364.31,248.95
714.8,489.09,367.58,251.18
709.98,490.63,363.81,248.61
713.26,493.84,366.73,250.6
707.99,495.86,370.26,253.01
708.31,497.45,370.59,253.24
704.31,497.95,369.89,252.76
708.73,501.41,370.94,253.48
704.15,502.64,369.34,252.38
707.92,505.48,371.5,253.86
703.75,506.86,370.61,253.25
707.11,508.97,367.26,250.96
710.4,513.89,367.92,251.41
705.28,515.49,366.07,250.15
707.74,518.56,369.42,252.44
703.3,521.51,371.59,253.92
699.27,519.72,373.08,254.94
703.62,524.22,371.46,253.83
698.51,524.79,372.89,254.81
703.87,529.15,370.98,253.5
698.61,529.36,372.67,254.66
705.16,533.22,370.33,253.06
704.43,535.81,372.14,254.29
705.03,538.21,371.88,254.12
703.87,538.86,370.81,253.39
704.47,540.11,371.43,253.81
705.15,542.52,371.36,253.77
705.54,544.22,372.75,254.71
710.27,549.19,371.67,253.97
706.17,549.61,373.46,255.2
711.88,554.03,371.75,254.03
708.13,553.39,371.22,253.67
712.02,553.56,371.45,253.82
708.46,553.96,374.7,256.04
710.76,553.52,374.89,256.17
710.05,555.08,374.27,255.75
711.74,555.07,373.67,255.34
712.2,556.12,373.2,255.02
712.99,558.02,378.39,258.57
711.58,557.67,379.79,259.53
711,557.22,376.12,257.02
715.38,560.27,376.35,257.17
715.51,560.87,376.27,257.12
716.22,561.15,376.03,256.95
716.15,562.26,375.05,256.28
713.81,559.37,374.71,256.05
713.52,559.06,375.07,256.3
713.61,558.23,373.85,255.46
713.64,557.07,373.69,255.36
713.3,556.04,373.76,255.41
712.86,554.74,374.05,255.6
712.54,553.42,375.1,256.32
713.74,553.86,377.62,258.04
708.74,549.91,377.55,257.99
709.09,549.58,377.32,257.83
708.21,548.13,377.29,257.82
708.55,547.14,376.41,257.21
710.18,548.5,377.87,258.21
706.5,544.05,376.65,257.38
706.83,543.94,375.79,256.79
709.22,544.91,377.39,257.88
704.71,540.88,376.8,257.48
704.48,539.64,377.13,257.71
703.12,538.33,377.54,257.99
703.03,536.9,377.29,257.82
702.36,536,376.65,257.38
701.74,535.09,376.54,257.3
704.86,536.1,377.52,257.97
700.3,531.8,377.01,257.63
698.84,530.77,378.06,258.34
698.13,529.56,378.33,258.52
700.59,531.17,378.49,258.64
699.33,529.38,379.28,259.18
698.23,528.51,379.75,259.49
694.11,523.61,377.77,258.15
694.03,522.1,377.73,258.11
692.57,517.55,378,258.3
692.04,515.42,377.41,257.9
691.24,512.31,377.01,257.62
690.55,508.8,376.58,257.33
692.56,508.87,378.5,258.64
691.1,505.71,378.32,258.52
690.52,502.11,377.7,258.1
687.04,496.12,377.22,257.77
685.29,492.67,377.73,258.12
684.54,489.64,377.65,258.06
683.05,486.36,377.41,257.9
682.48,483.03,377.19,257.75
680.67,479.73,377.71,258.1
679.85,476.3,377.06,257.66
679.56,472.8,377.17,257.73
678.73,468.61,377.47,257.94
677.98,465.47,377.75,258.13
678.15,461.97,377.75,258.13
677.87,458.7,377.79,258.15
678.11,455.59,377.69,258.09
677.62,452.27,377.7,258.09
678.59,449.25,377.19,257.75
679.42,445.56,376.47,257.26
683.45,445.72,377.63,258.05
680.75,438.59,377.53,257.98
680.97,436.08,376.99,257.61
683.03,433.54,374.85,256.15
683.86,430.21,375.35,256.49
688.07,430.06,375.3,256.46
688.56,427.84,374.27,255.75
686.21,421.79,374.26,255.74
687.66,421.63,373.62,255.3
687.71,422.09,373.67,255.34
689.07,423,373.13,254.97
691.76,426.54,374.33,255.79
689.73,425.51,373.86,255.47
690.87,429.05,371.26,253.69
691.59,431.23,372.74,254.71
694.05,434.99,375.4,256.52
694.5,437.96,375.03,256.27
693.25,438.31,372.3,254.4
696.99,443.32,372.46,254.51
697.53,446.04,372.76,254.72
697.89,447.9,372.89,254.81
698.7,450.69,372.55,254.58
698.35,452.47,374.59,255.97
696.25,452.04,373.29,255.08
699.85,456.73,373.84,255.46
696.95,456.53,372.92,254.83
700.35,461.11,373.98,255.55
699.16,462.31,371.11,253.59
701.7,464.84,369.27,252.33
705.29,467.88,371.4,253.79
703.59,468.43,369.9,252.77
707.14,471.92,371.67,253.97
706.07,472.64,369.31,252.36
709.65,476.61,372.01,254.2
709.41,476.98,370.03,252.85
714.29,481.55,371.27,253.7
712.82,482.04,370.32,253.05
717.35,486.18,371.04,253.54
714.57,486.55,372.33,254.42
720.44,489.67,372.81,254.75
722.25,494.36,372.3,254.4
724.65,497.35,371.4,253.79
724.21,497.39,368.44,251.76
726.41,500.37,368.78,252
728.19,502.93,369.04,252.17
731.65,508.31,369.53,252.51
732.89,509.55,370.32,253.05
736.33,513.14,368.49,251.8
733.85,512.31,369.94,252.79
738.48,517.72,369.92,252.78
739.66,520.05,369.95,252.8
741.75,522.54,369.37,252.4
743.13,525.04,369.67,252.61
744.8,527.6,369.15,252.25
745.3,529.83,368.8,252.02
744.7,530.85,367.37,251.04
748.69,534.86,368.22,251.62
747.32,535.38,365.74,249.92
748.35,538.16,365.57,249.81
749.59,539.67,365.27,249.6
749.9,540.47,366.35,250.34
752.85,543.53,368.23,251.63
750.47,541.26,366.9,250.72
754.4,544.23,366.79,250.64
755.35,544.66,366.18,250.22
756.86,544.68,364.76,249.25
754.04,541.22,364.61,249.15
754.53,540.63,364.33,248.96
758.65,543.35,363.37,248.3
758.79,541.68,362.86,247.95
754.58,535.92,363.08,248.11
758.64,536.34,362.49,247.7
755.12,529.3,362.75,247.88
754.87,525.38,363.09,248.11
757.11,524.45,362.4,247.64
753.99,518.29,362.5,247.71
753.04,514.56,362.38,247.63
752.38,510.89,362.45,247.67
750.91,506.64,362.44,247.67
750.68,502.51,362.17,247.48
749.43,498.92,361.43,246.98
748.31,494.34,361.76,247.2
746.65,490.5,361.99,247.36
744.77,486.33,362.29,247.57
743.73,481.9,361.45,246.99
742.71,477.64,361.31,246.89
744.55,475.95,361.23,246.84
743.77,472.06,361.09,246.74
742.14,467.85,360.64,246.44
740.67,465.86,360.55,246.38
740.35,466.77,359.26,245.49
734.34,464.65,360.54,246.37
736.99,470.04,359.68,245.78
731.54,468.4,360.06,246.04
734.32,473.44,359.82,245.88
729.65,471.62,360.03,246.02
732.65,476.92,358.97,245.29
727.72,475.78,359.42,245.6
727.25,478.12,359.05,245.35
725.97,480.03,359.75,245.83
724.86,482.02,359.68,245.78
723.78,484.02,359.81,245.87
723.08,486.23,359.61,245.73
722.35,487.53,359.88,245.91
725.61,492.67,358.61,245.05
722.3,491.55,357.53,244.31
725.62,496.54,357.86,244.54
725.19,498.24,358.49,244.97
721.6,497.04,357.88,244.55
724.99,502.09,357.8,244.5
726.66,504.3,356.92,243.9
726.25,505.88,357,243.95
726.34,506.87,358.71,245.12
722.53,505.1,358.65,245.08
722.87,506.38,358.78,245.17
723.52,508.61,358.4,244.91
724.17,509.69,357.61,244.37
727.98,515.41,357.12,244.03
728.34,517.19,357.21,244.09
728.95,519.45,356.19,243.4
726.63,518.42,355.51,242.93
727.26,521.27,355.42,242.87
727.6,523.14,355.56,242.96
728.36,525.42,355.42,242.87
728.27,527.93,355.11,242.66
731.67,532.18,354.99,242.58
732.97,534.5,355.42,242.87
730.25,534.35,354.62,242.33
733.73,539.17,354.93,242.53
735.59,541.72,353.78,241.75
732.86,541.09,354.24,242.06
736.48,545.68,354.22,242.05
738.56,548.68,352.9,241.15
735.57,548.14,352.85,241.12
737.38,550.75,352.13,240.62
741.52,554.84,352.95,241.18
739.74,554.14,351.92,240.48
744.74,558.28,352.45,240.84
742.64,557.57,351.98,240.52
748.03,562.01,351.08,239.9
749.61,563.32,351.43,240.14
751.06,565,351.05,239.88
753.2,566.49,351.05,239.89
755.14,568.01,350.34,239.4
752.94,566.46,350,239.17
755.97,567.58,350.18,239.29
758.47,568.85,348.93,238.44
764.02,573.04,348.42,238.09
766.79,575.01,348.02,237.82
767.68,575.57,349.36,238.73
765.72,574.16,347.99,237.79
771.32,577.44,348.96,238.45
772.49,579.28,348.93,238.43
773.65,580.78,348.48,238.13
774.55,582.4,347.59,237.52
771.31,581.24,346.79,236.97
771.87,582.78,345.9,236.36
774.81,586.98,345.89,236.36
775.53,587.71,345.26,235.93
775.41,587.79,345.5,236.09
775.29,587.96,345.57,236.14
775.59,588.22,345.6,236.16
775.87,587.58,345.06,235.79
775.58,586.83,344.94,235.71
775.48,586.34,344.67,235.52
776.18,585.45,344.26,235.24
773.65,582.2,342.39,233.96
776.3,582.33,343.21,234.53
773.42,578.89,342.05,233.73
776.6,578.32,342.38,233.96
775.78,575.84,343.1,234.45
775.7,573.12,343.07,234.43
775.34,569.46,343.84,234.96
771.75,563.68,342.75,234.21
774.04,561.6,343.04,234.41
774.13,557.43,343.24,234.55
770.81,551.4,342.45,234.01
774.22,549.93,341.64,233.46
774.4,545.4,342.36,233.94
774.18,541.21,342.72,234.19
774.85,537.86,341.11,233.09
772.42,532.92,339.13,231.74
774.75,530.54,339.87,232.24
774.88,526.6,340.35,232.57
772.87,521.08,339.25,231.82
774.94,518.48,341.68,233.48
775.76,515.44,339.43,231.95
775.34,510.96,341.14,233.11
773.44,505.47,338.49,231.3
775.13,501.61,336.89,230.21
777.09,498.43,339.34,231.88
777.24,495.41,339.66,232.1
777.87,494.56,340.28,232.52
775.86,492.75,338.36,231.21
777.85,493.01,337.57,230.67
778.67,494.06,337.19,230.41
779.74,494.39,336.86,230.19
782.89,496.88,337.3,230.49
780.67,494.5,338.41,231.25
782.43,494.8,337.86,230.87
785.19,495.84,336.23,229.76
788.78,497.9,337.59,230.68
788.88,496.48,336.9,230.21
793.06,498.37,337.53,230.65
793.77,496.83,337.47,230.6
795.97,497.78,336.23,229.76
800.77,499.58,336.4,229.87
804.16,500.59,336.75,230.11
807.23,501.4,336.74,230.1
810.3,502.36,336.97,230.27
813.05,502.93,337.86,230.87
813.67,501.88,336.88,230.2
820.08,504.46,335.71,229.4
823.27,505.44,336.3,229.8
826.49,506.39,336.27,229.78
829.63,507.12,336.42,229.89
834.36,508.79,334.1,228.3
834.93,506.79,335.21,229.06
838.45,507.54,333.67,228.01
843.67,509.15,335.42,229.2
845.76,508.47,334.13,228.32
848,509.1,333.97,228.21
853.54,510.47,336.45,229.91
857.85,511.64,333.83,228.12
861.12,512.5,334.38,228.5
862.29,511.84,333.15,227.65
865.94,512.78,333.85,228.13
868.12,514.36,334.81,228.79
867.11,513.06,334.71,228.72
868.33,513.77,333.77,228.08
872.12,516.23,333.67,228.01
874.3,517.71,333.42,227.84
874.45,517.52,335.02,228.93
873.51,516.59,332.66,227.32
876.52,518.69,333.26,227.73
878.38,520.04,332.93,227.5
878.09,520.19,335.22,229.07
877.25,518.64,333.32,227.77
880.12,520.97,333.69,228.02
881.96,521.8,332.87,227.46
882.31,521.57,334.85,228.81
881.12,521,333.16,227.66
884.03,522.41,333.45,227.86
885.19,523.1,333.9,228.16
886.52,523.74,334.07,228.28
885.29,522.11,332.51,227.22
889.14,523.77,331.84,226.76
888.56,523.54,330.43,225.8
892,525.24,330.67,225.96
892.49,525.32,332.31,227.08
891.19,524.7,331.28,226.38
893,525.76,328.97,224.8
894.62,526.6,328.12,224.21
895.7,527.22,328.2,224.27
896.81,528.16,327.33,223.67
897.37,528.62,329,224.82
897.5,528.7,329.56,225.2
900.33,530.22,331.32,226.4
900.91,530.65,327.51,223.8
901.55,530.88,328.89,224.74
902.6,532,327.64,223.89
904.35,532.2,327.4,223.73
905.15,532.66,328.75,224.65
905.63,533.22,328.09,224.2
907.02,533.31,327.79,223.99
910.47,534.97,328.96,224.79
911.01,534.28,327.03,223.47
913.4,535.28,325.59,222.49
917.23,537.16,326.18,222.89
918.19,537.35,328.01,224.14
917.9,536.37,327.37,223.71
919.73,536.61,326.26,222.94
922.34,538.86,326.8,223.32
923.02,538.37,326.11,222.84
926.54,540.88,325.02,222.1
926.92,540.16,323.61,221.13
929.18,541.96,323.92,221.34
932.02,543.93,321.59,219.75
930.56,542.68,321.65,219.79
931.24,542.88,321.85,219.93
932.13,543.75,321.04,219.38
934.07,545.73,323.31,220.93
934.18,546.01,324.53,221.77
932.88,545.39,323.7,221.2
936.5,548.27,321.24,219.51
935.34,548.43,324.99,222.08
933.95,548.03,322.68,220.5
933.87,547.66,322.09,220.09
933.23,547.53,322.26,220.21
933.09,548.05,322.2,220.17
933.34,548.32,321.82,219.91
933.5,547.74,321.8,219.9
933.88,547.49,320.17,218.78
934.53,547,318.84,217.88
936.06,548.18,320.2,218.81
936.75,548.67,319.97,218.64
934.28,544.93,320.89,219.27
935.59,545.85,320.77,219.19
934.57,545.43,321.15,219.46
935.35,545.3,320.17,218.79
934.66,543.11,317.66,217.07
935.16,543.04,319.43,218.27
934.36,541.16,317.67,217.07
935.15,541.27,319.64,218.42
933.7,538.88,319.63,218.41
933.83,537.89,318.47,217.62
935.03,537.58,320.06,218.71
935.17,535.11,318.79,217.84
935.53,534.49,319.92,218.61
934.71,531.51,319.84,218.56
933.96,528.38,320.6,219.08
936.09,528.44,319.89,218.59
935.22,525.43,320.23,218.83
936.85,524.84,319.43,218.28
935.21,521.15,320.38,218.93
936.4,520.56,319.79,218.52
935.17,516.91,320.34,218.9
936.69,516.28,320.42,218.95
937.19,514.9,319.67,218.44
935.98,510.52,319.94,218.63
935.67,507.61,319.93,218.62
935.26,504.72,320.48,219
937.42,504.41,319.47,218.3
936.86,500.14,319.33,218.21
936.8,497.15,319.86,218.57
936.85,494.38,319.77,218.51
937.38,491.71,319.08,218.04
937.98,489.01,318.91,217.92
939.2,487.16,320.76,219.18
939.25,485.56,320.54,219.04
939.77,482.95,320.52,219.02
940.45,480.41,320.41,218.94
940.78,477.78,320.39,218.93
941.5,475.92,319.48,218.31
942.16,471.62,318.31,217.51
942.77,470.29,319.94,218.63
942.44,466.63,319.5,218.33
943.41,463.95,318.86,217.89
945.99,463.09,318.46,217.61
946.39,460.66,320.89,219.28
947.74,458.12,319.85,218.56
947.76,453.63,319.42,218.27
949.24,451.12,317.77,217.14
952.13,450.22,317.74,217.12
954.48,447.91,316.69,216.41
955.66,443,315.16,215.36
958.21,441.49,316.8,216.48
959.54,436.99,315.59,215.65
962.98,436.52,317.52,216.97
964.14,432.05,316.49,216.27
967.08,431.1,314.6,214.98
968.67,428.47,315.5,215.59
972.58,428.62,316.42,216.22
974.59,427.13,313.73,214.38
977.06,427.03,315.97,215.92
979.89,427.9,313.91,214.5
980.36,425.29,313.18,214.01
983.1,425.81,314.25,214.74
983.47,424.3,314.53,214.93
983.88,422.86,315.73,215.75
987.43,424.13,317.15,216.72
988.17,423.48,316.23,216.09
991.69,423.9,316.64,216.37
992.33,423.8,315.39,215.52
995.32,424.23,315.23,215.4
997.22,424.48,315.63,215.68
999.95,425.25,314.13,214.65
1000.7,423.58,313.44,214.18
1004.3,424.52,313.56,214.26
1005.3,424.08,315.21,215.39
1007.7,424.18,314.05,214.6
1008.1,423.3,313.59,214.29
1011.9,424.49,313.16,214
1012.7,423.72,314.27,214.75
1013.4,422.73,311.93,213.15
1015.3,421.92,312.03,213.22
1017.5,422.38,310.67,212.29
1021.3,423.68,310.39,212.1
1022.7,423.14,313.4,214.16
1024.5,424.01,312.72,213.69
1025.5,423.52,313.58,214.28
1027.6,423.83,313.02,213.9
1029,423.39,314.23,214.73
1028.9,422.46,313.87,214.48
1030.1,422.98,313.01,213.89
1034.1,424.68,313.04,213.91
1036.8,425.55,312.46,213.51
1038,424.54,310.9,212.45
1041,425.38,311.25,212.69
1043.5,425.4,311.87,213.11
1043.4,423.89,311.66,212.97
1045.5,424.64,310.28,212.02
1049.1,425.48,311.18,212.64
1051.5,425.6,312.13,213.29
1051.3,424.55,311.4,212.79
1053.7,425.23,309.69,211.62
1055.3,424.78,310.83,212.4
1059.7,425.38,311.59,212.92
1060.2,424.69,310.95,212.48
1064.1,426.11,311.94,213.16
1064.6,425.37,312.06,213.24
1066,425.65,311.64,212.95
1068.9,427.09,310.14,211.93
1073.3,428.65,310.05,211.87
1075.1,428.9,311.46,212.83
1075.1,428.39,310.57,212.23
1078.3,428.99,311.48,212.84
1079.2,428.51,310.22,211.98
1083.1,429.27,311.09,212.58
1085.7,430.49,309.87,211.75
1085.2,429.46,309.65,211.6
1086.7,429.12,310.71,212.32
1091.1,430.05,311.16,212.62
1093.8,431.09,309.94,211.79
1093.8,430.2,309.88,211.75
1095.4,430.05,309.92,211.78
1097,429.75,309.41,211.43
1098.3,429.69,310.21,211.98
1103.4,432.34,308.08,210.52
1106.6,433.81,307.27,209.96
1107.2,433.13,307.07,209.83
1108.3,433.83,305.55,208.79
1112.3,435.44,305.46,208.73
1114.3,436.15,307.16,209.89
1113.2,435.63,308.15,210.57
1117,437.28,307.18,209.91
1117.1,437.12,307.15,209.89
1117.7,437.25,306.55,209.48
1119.7,436.99,305.46,208.73
1124.6,440.03,305.02,208.43
1126.2,441.29,306.15,209.2
1129.1,442.5,304.87,208.33
1129.5,442.93,302.73,206.86
1131.3,443.78,303.98,207.72
1131.8,442.81,302.94,207.01
1133.7,443.6,304.8,208.28
1133.6,442.8,304.64,208.17
1134.7,442.35,304.2,207.87
1136.7,442.56,303.92,207.68
1138.6,443.4,304.03,207.76
1141.1,443.57,303.76,207.57
1142.3,443.67,304.39,208
1144.1,444.45,304.77,208.26
1145.4,444.15,305.87,209.01
1149.5,446.79,307.02,209.8
1149.7,446.79,306.13,209.19
1153.7,448.96,305.97,209.08
1157.2,450.57,303.39,207.31
1158.3,451.33,305.23,208.57
1159.3,451.87,306.48,209.43
1158.8,451.79,305.48,208.74
1161.8,453.78,305.3,208.62
1165.1,455.77,303.17,207.17
1165.5,455.88,304.71,208.22
1164.8,454.98,302.9,206.98
1166.8,455.94,304.64,208.17
1165.4,455.21,305.35,208.66
1168.3,456.51,304.65,208.17
1167.7,456.2,303.67,207.51
1169.7,456.73,305.79,208.95
1169.6,457.19,306.68,209.56
1168.1,456.35,305.78,208.95
1170.6,458.17,305.15,208.52
1171.5,458.91,305.1,208.48
1171.4,459.56,305.32,208.63
1171.4,459.62,305.5,208.76
1171.2,459.84,305.97,209.08
1170.8,460.06,306.57,209.49
1169,458.74,306.53,209.46
1169.1,459.55,303.89,207.66
1169,460.03,303.36,207.3
1169.8,461.88,305.01,208.42
1169.9,462.15,305.41,208.7
1170.1,462.41,304.94,208.38
1168.7,460.98,304.12,207.82
1167.4,460.89,303.99,207.73
1166.8,460.75,304.13,207.82
1165.6,460.27,304.5,208.08
1166.7,461.46,300.56,205.38
1167.9,461.74,303.33,207.28
1166.1,460.97,307.08,209.84
1164.9,460.33,305.24,208.58
1165.3,461.2,306.17,209.21
1163.4,461.08,308.33,210.69
1164.1,462.39,305.44,208.72
1163.8,462.56,304.75,208.25
1162.1,461.5,304.47,208.06
1160.6,461.58,304.02,207.75
1160.3,462.44,302.56,206.75
1161.2,463.77,303.92,207.68
1158.9,463.07,304.07,207.78
1158.5,464,301.88,206.28
1157.2,464.27,302.37,206.62
1155.5,463.91,303.89,207.66
1154.3,463.87,304.55,208.11
1154.4,464.81,301.95,206.33
1153.7,465.25,301.51,206.03
1152.3,465.42,302.38,206.63
1150.7,465,303.84,207.62
1149.1,464.86,305.34,208.65
1150.8,466.86,304.83,208.3
1149.5,467.25,302.87,206.96
1149,467.53,305.22,208.57
1149.1,468.58,303.59,207.45
1147.7,468.79,303.99,207.72
1146,467.9,302.25,206.54
1145,467.44,302.68,206.83
1146,468.7,302.78,206.9
1145.2,469.55,302.82,206.92
1143.9,469.68,303.3,207.26
