1467,377,17,42
1465.1,377.42,17.038,42.093
1465.2,378.08,16.999,41.997
1462.8,379.13,17.098,42.242
1462.1,379.16,17.067,42.165
1460.8,380.21,16.916,41.792
1455.9,381.9,16.774,41.441
1456.1,381.8,16.683,41.217
1455.6,382.31,16.158,39.919
1455.4,384.29,16.073,39.709
1453.6,382.47,16.624,41.072
1453.3,382.83,16.463,40.673
1453,382.61,16.785,41.468
1453.2,383.29,16.294,40.256
1452,383.51,16.012,39.558
1451.6,383.83,15.859,39.18
1450.8,384.05,15.789,39.009
1455,383.51,15.873,39.216
1450.1,385.31,15.752,38.916
1455.2,383.59,15.892,39.262
1448.7,386.08,15.443,38.154
1448.9,386.82,15.454,38.181
1448.8,385.19,15.448,38.165
1448.5,386.54,15.402,38.053
1446.4,386.16,15.039,37.156
1446.8,387.15,14.901,36.814
1444,385.08,14.868,36.732
1445.3,387.9,14.869,36.735
1446,388.53,14.782,36.519
1443.9,387.51,14.865,36.726
1444.3,388.88,14.938,36.906
1441.6,386.52,15.056,37.197
1442.3,387.15,15.082,37.262
1443.2,389.3,15.098,37.301
1442.9,388.91,15.008,37.078
1442.1,389.35,15.057,37.2
1441.7,389.28,15.065,37.219
1441.7,389.63,15.004,37.068
1440,389.16,15.23,37.626
1439.6,389.74,15.279,37.747
1439.9,390.58,15.243,37.66
1439.5,391.21,15.146,37.419
1439.3,391.54,15.051,37.186
1439.7,392.28,14.816,36.603
1439.9,393.43,14.717,36.36
1438.6,393.1,14.598,36.066
1438.7,393.91,14.551,35.95
1438.5,393.48,14.307,35.347
1437.6,393.13,14.402,35.581
1437.3,392.46,14.461,35.727
1437.1,394.2,14.384,35.537
1437,393.91,14.27,35.255
1437.4,394.76,14.138,34.929
1435.6,395.04,14.059,34.735
1435.4,395.47,14.152,34.965
1435.5,394.91,14.101,34.837
1434.7,395.56,13.966,34.504
1434.8,396.24,13.914,34.377
1434.3,396.31,13.822,34.147
1433.7,397.51,13.641,33.702
1434.1,397.38,13.505,33.365
1434.1,398.19,13.301,32.862
1434.3,397.94,13.327,32.926
1433.4,398.84,13.354,32.992
1433.5,399.05,13.351,32.985
1432.4,399.76,13.295,32.846
1431.6,399.4,13.384,33.065
1432,400.29,13.38,33.056
1431.5,400.41,13.359,33.004
1430.7,399.85,13.354,32.993
1429.9,400.11,13.348,32.978
1429.2,401.03,13.36,33.008
1428.4,401.2,13.418,33.149
1429,401.89,13.348,32.978
1427.7,401.55,13.353,32.989
1427.3,401.98,13.399,33.103
1427.4,403.45,13.48,33.304
1426.3,403.54,13.424,33.166
1425.4,404.02,13.454,33.239
1425.2,404.02,13.472,33.285
1425,404.25,13.448,33.223
1424.5,405.22,13.53,33.428
1423.8,404.62,13.449,33.226
1418,391.69,13.415,33.144
1398.2,396.06,13.469,33.277
1397.5,395.46,13.551,33.478
1397,405.23,13.582,33.557
1398.8,415.57,13.517,33.396
1390.7,414.81,13.485,33.316
1391.1,418.48,13.291,32.837
1390.5,417.43,13.465,33.266
1391,418.01,13.53,33.428
1393.5,418.53,13.706,33.862
1393.9,418.94,13.47,33.28
1394.3,418.79,13.5,33.352
1394.2,418.81,13.459,33.25
1394.2,419.25,13.496,33.342
1393.5,418.31,13.668,33.769
1394.1,416.84,13.748,33.965
1393.3,418.64,14.042,34.691
1386.8,410.55,14.124,34.894
1386.7,409.7,14.231,35.159
1387.5,409.61,14.359,35.474
1386.4,409.77,14.416,35.615
1386.5,409.32,14.512,35.853
1386.5,410.52,14.661,36.222
1386,410.41,14.82,36.614
1385.2,410.43,14.941,36.913
1383.6,410.8,14.997,37.051
1383.4,409.83,15.057,37.2
1383.8,411.1,15.111,37.334
1381.9,411.32,15.132,37.385
1380.5,410.79,15.254,37.687
1378.9,410.36,15.175,37.492
1378.2,411.03,15.233,37.634
1377.6,410.93,15.147,37.423
1376.7,412.22,15.271,37.728
1375.9,411.28,15.265,37.713
1375.1,412.04,15.347,37.915
1375,412.49,15.489,38.266
1374.4,411.79,15.448,38.165
1373.7,412,15.479,38.242
1373.3,412.04,15.42,38.097
1373.7,412.91,15.452,38.176
1372.1,412.82,15.512,38.323
1371.6,413.89,15.614,38.576
1371.6,414.26,15.693,38.77
1370.6,413.31,15.702,38.794
1370.3,413.3,15.755,38.924
1368.6,413,15.741,38.889
1368.2,413.57,15.688,38.76
1366.6,413.38,15.67,38.714
1366.5,413.53,15.553,38.424
1365.6,413.57,15.507,38.312
1363.6,414.54,15.569,38.465
1362.8,413.6,15.545,38.406
1361.1,414.41,15.413,38.079
1360.8,414.76,15.442,38.15
1360.4,415.25,15.351,37.926
1358.9,414.68,15.348,37.92
1357.1,414.83,15.11,37.33
1357.7,414.87,15.078,37.251
1355.8,415.68,14.842,36.668
1354,415.09,14.969,36.982
1352.3,415.13,14.808,36.585
1352.4,415.77,14.787,36.532
1351.7,415.88,14.646,36.184
1350.4,415.8,14.552,35.951
1348.8,417.76,14.643,36.177
1347.8,416.05,14.558,35.967
1347.3,418.28,14.58,36.022
1346.8,417.48,14.563,35.979
1345.3,418.7,14.764,36.477
1344.1,417.8,14.847,36.682
1342.2,418.38,14.999,37.057
1340.6,417.59,15.098,37.301
1339.9,418.54,15.146,37.42
1339.3,417.71,15.183,37.511
1338.4,418.56,15.142,37.41
1338.2,417.91,15.132,37.384
1338.8,419.91,15.086,37.272
1337,420.02,14.865,36.725
1337.2,420.13,14.809,36.586
1337,420.44,14.765,36.479
1336.7,422.49,14.861,36.715
1335,420.66,14.804,36.575
1334.7,422.39,14.822,36.619
1334.6,421.87,14.759,36.464
1333.8,422.08,14.604,36.08
1333.4,422.73,14.456,35.714
1335.5,421.69,14.27,35.255
1330,423.08,14.37,35.502
1332.7,422.6,14.32,35.379
1329.5,425.09,14.329,35.4
1328.6,424.81,14.404,35.588
1321.3,420.13,14.316,35.369
1322.9,421.64,14.226,35.147
1322.5,422.04,14.002,34.594
1321.7,423.82,13.818,34.139
1321,420.88,14.022,34.643
1321,422.12,14.102,34.84
1314.8,422.02,14.083,34.794
1313.2,422.22,14.136,34.924
1315.3,421.62,14.155,34.971
1318.6,424.08,14.372,35.506
1316.3,423.86,14.474,35.759
1316.3,423.77,14.509,35.845
1317.8,424.87,14.562,35.975
1315.7,424.5,14.523,35.881
1315.8,424.96,14.482,35.779
1313.5,425.45,14.396,35.567
1313,425.27,14.441,35.677
1307.6,425.53,14.632,36.15
1310.3,425.97,14.674,36.253
1308.2,425.95,14.713,36.349
1308.2,425.78,14.751,36.443
1308.1,426.22,14.835,36.652
1307.1,426.97,14.929,36.884
1306.2,426.59,15.062,37.213
1305.4,427.43,15.15,37.431
1305.3,427.63,15.094,37.292
1304.5,427.52,15.156,37.444
1304.2,427.29,15.217,37.596
1303.4,427.73,15.118,37.351
1302.4,427.88,15.027,37.126
1302.1,428.11,14.987,37.027
1301.5,428.87,15.068,37.227
1301.4,429.79,15.119,37.352
1300.6,430.34,15.113,37.337
1300.4,430.55,15.104,37.317
1299.6,430.62,15.143,37.411
1299.9,430.75,15.196,37.543
1299.1,430.94,15.214,37.586
1296.7,430.91,15.038,37.152
1294.2,431.4,15.076,37.247
1294.1,431.18,15.07,37.231
1293.7,431.82,15.147,37.422
1293.6,431.75,15.046,37.172
1291.8,432.59,15.039,37.154
1291.5,432.22,15.021,37.11
1290.6,432.71,14.958,36.955
1289.6,432.73,14.929,36.884
1289.2,433.06,14.977,37.002
1288.4,433.29,14.946,36.927
1287.6,433.15,14.921,36.864
1286.1,434.08,14.788,36.535
1286,434.74,14.833,36.647
1283.9,435.23,14.783,36.522
1284.6,435.09,14.78,36.516
1283.6,435.55,14.822,36.619
1281.1,435.89,14.8,36.564
1279.2,436.03,15.008,37.079
1278.4,435.01,15.017,37.101
1277.9,436.07,15.011,37.087
1277.6,435.56,14.978,37.004
1277.3,434.99,14.968,36.98
1276.7,435.15,15.034,37.144
1276.4,435.86,15.166,37.47
1275.4,436.3,15.216,37.594
1274.3,435.82,15.246,37.667
1273.9,435.99,15.177,37.496
1273.5,436.72,15.103,37.313
1273.3,436.66,15.276,37.741
1271.9,436.29,15.231,37.629
1270.9,436.41,15.181,37.506
1269,436.75,15.052,37.188
1269.5,437.83,15.176,37.493
1268.3,437.35,15.086,37.27
1268.3,439.14,15.156,37.445
1267.5,438.04,15.067,37.225
1265.2,439.21,15.193,37.535
1265.2,439.07,15.146,37.418
1264.5,439.55,15.164,37.465
1264.2,439.7,15.283,37.757
1261.9,439.46,15.228,37.622
1261.3,439.73,15.182,37.509
1260.5,439.79,15.185,37.515
1259.3,439.98,15.184,37.514
1258.8,439.98,15.22,37.603
1258.5,440.73,15.182,37.508
1258.2,440.74,15.277,37.744
1257.1,440.82,15.333,37.881
1256.5,441.62,15.443,38.154
1255.9,441.48,15.514,38.329
1253.6,441.02,15.34,37.9
1254.3,442.46,15.292,37.78
1251.2,441.15,15.103,37.312
1253,442.47,15.074,37.241
1250.6,442.75,14.914,36.846
1248.7,442.81,14.797,36.558
1246.9,443.24,14.913,36.845
1236.3,436.79,15.044,37.169
1215.8,447.83,14.958,36.955
1216.3,447.95,14.862,36.717
1215.2,447.7,14.757,36.459
1220,436.21,14.956,36.949
1219,437.18,15.226,37.618
1217.3,436.03,15.286,37.764
1216.9,438.25,15.312,37.831
1216.5,437.85,15.409,38.07
1210.9,449.1,15.108,37.327
1209.3,449.92,15.074,37.242
1211.4,451.07,15.099,37.303
1219.3,438.79,14.937,36.903
1208.3,449.1,14.928,36.88
1198.3,438.34,14.921,36.863
1195.2,445.73,14.875,36.751
1201.2,442.65,15.005,37.07
1171.8,461.18,14.959,36.958
1168.9,460.95,14.932,36.891
1169.9,461.1,14.882,36.769
1170.6,461.58,14.768,36.487
1155.8,451.33,14.696,36.308
1151.5,447.62,14.69,36.294
1139.5,451.78,14.756,36.457
1139.9,452,14.752,36.447
1138.4,451.33,14.61,36.096
1137.3,452.28,14.651,36.196
1137.3,451.42,14.717,36.361
1135.5,451.23,14.714,36.352
1135.2,451.24,14.657,36.211
1134.2,451.41,14.704,36.328
1133.6,451.61,14.755,36.453
1132.3,451.33,14.682,36.273
1131.6,451.55,14.728,36.386
1131.2,451.71,14.75,36.442
1129.4,451.25,14.773,36.498
1129.8,452.37,14.878,36.757
1128.1,451.55,14.916,36.851
1127.1,452.14,14.721,36.37
1125.2,451.57,14.503,35.832
1124.1,452.31,14.461,35.727
1122.4,452.54,14.606,36.086
1121.5,453.15,14.627,36.136
1119.8,452.43,14.653,36.201
1119.1,452.21,14.536,35.913
1118.6,452.41,14.648,36.19
1116.8,451.86,14.587,36.038
1116,452.49,14.709,36.339
1115.3,451.96,14.716,36.358
1114.3,451.67,14.741,36.418
1112.6,450.87,14.524,35.882
1113.2,452.24,14.504,35.835
1110.9,452.5,14.483,35.781
1111,453.31,14.742,36.422
1109.1,452.45,14.715,36.355
1108.8,452.75,14.695,36.306
1108.4,452.77,14.638,36.166
1105.7,453.91,14.596,36.06
1106.5,453.86,14.467,35.743
1103.9,453.75,14.402,35.581
1103.5,453.49,14.187,35.05
1101.9,454.09,13.931,34.418
1102.4,454.27,13.731,33.924
1101.7,455.54,13.551,33.479
1099.5,454.74,13.601,33.602
1099.1,454.74,13.251,32.737
1097.7,455.12,13.114,32.4
1097.7,455.71,13.204,32.622
1097.1,456.19,13.159,32.512
1096.4,455.94,13.207,32.628
1095.5,456.2,13.207,32.629
1095.2,456.27,13.297,32.851
1093.5,456.24,13.34,32.957
1092.6,456.21,13.423,33.163
1091.8,455.73,13.587,33.568
1091,456.32,13.464,33.265
1090.3,456.58,13.512,33.381
1089.1,456.69,13.658,33.744
1088.1,456.38,13.965,34.501
1086.8,456.53,13.97,34.515
1085.7,456.2,13.766,34.01
1084.2,456.74,13.478,33.3
1082.9,456.72,13.601,33.603
1080.5,456.6,13.464,33.265
1080.1,456.65,13.652,33.73
1078.1,456.9,13.817,34.135
1076.6,456.36,13.792,34.074
1075.8,456.48,13.998,34.584
1075.4,456.62,14.244,35.191
1074.2,456.22,14.395,35.564
1073.1,455.6,14.552,35.952
1072.1,456.01,14.644,36.18
1071.2,455.9,14.69,36.292
1070,455.69,14.744,36.426
1069,455.33,14.817,36.608
1069,455.69,14.793,36.547
1068.2,455.48,14.842,36.668
1067.3,455.88,14.832,36.644
1066.7,455.99,14.702,36.324
1064.8,456.12,14.583,36.03
1064.5,456.71,14.347,35.446
1062.4,456.61,14.119,34.883
1061.8,456.76,14.019,34.636
1060.5,457.02,14.204,35.091
1059.4,457.02,14.345,35.44
1058,456.62,14.118,34.879
1056.4,456.82,13.905,34.353
1055.5,456.35,13.959,34.486
1055.3,456.96,13.986,34.553
1054.1,456.76,14.011,34.616
1052.8,456.77,14.008,34.608
1052,456.16,14.041,34.69
1050.8,456.28,13.915,34.379
1050,455.43,13.585,33.564
1049.7,455.42,13.371,33.035
1049.8,455.2,13.251,32.738
1048.6,455.41,13.119,32.411
1047.1,456.87,13.398,33.101
1046.3,456.59,13.62,33.65
1044.5,456.42,13.671,33.776
1043.8,456.43,13.791,34.073
1042.7,456.19,13.767,34.014
1042.1,456.18,14.072,34.766
1040.3,456.2,13.932,34.42
1039.9,456.32,14.098,34.83
1037.9,456.09,13.905,34.353
1037.2,455.63,13.968,34.509
1037,455.83,14.144,34.944
1035,455,14.322,35.384
1034.7,455.18,14.49,35.8
1033.2,454.99,14.661,36.221
1032.1,454.63,14.69,36.293
1031,454.16,14.553,35.955
1030.9,454.72,14.75,36.44
1029,454.51,14.782,36.521
1028.4,454.56,14.916,36.853
1027.2,454.02,15.039,37.155
1026.8,454.86,15.063,37.215
1026.6,454.69,15.035,37.144
1026.1,454.3,15.096,37.296
1025.9,454.76,14.94,36.911
1023.8,454.27,14.912,36.841
1024,454.57,14.776,36.506
1023.9,455.2,14.793,36.547
1023.5,455.11,14.933,36.894
1020.3,455.09,14.947,36.927
1018.3,455.51,14.855,36.7
1017.6,455.59,14.921,36.863
1017.8,455.09,14.839,36.661
1016.6,456.08,14.773,36.498
1015.9,455.53,14.785,36.527
1015,455.19,14.739,36.413
1014,454.87,14.628,36.141
1012.4,455.23,14.558,35.967
1012.1,455.25,14.84,36.663
1009.7,455.28,15.006,37.074
1009.3,454.76,14.951,36.938
1008.3,454.82,15.017,37.101
1007.1,454.65,15.047,37.174
1007.2,455.27,15.098,37.302
1007.6,455,14.967,36.977
1005.6,455.04,15.086,37.271
1006.8,455.52,15.056,37.197
1003.9,456.53,15.14,37.406
1004,456.58,15.225,37.614
1001.7,456.47,15.355,37.936
1001.7,455.98,15.427,38.113
1001.5,455.93,15.331,37.877
1001.2,456.43,15.511,38.322
999.65,455.6,15.337,37.89
999.68,456.54,15.467,38.212
998.69,456.43,15.389,38.019
992.94,463.01,15.281,37.754
993.53,464.49,15.08,37.257
993.91,464.12,14.82,36.615
994.75,465.09,14.767,36.483
995.25,465.24,14.837,36.655
995.31,465.23,14.928,36.88
994.44,464.82,14.804,36.575
995,465.12,14.794,36.549
995.27,465.35,14.8,36.564
994.28,464.82,14.706,36.332
994.44,465.16,14.518,35.869
995.04,465.66,14.383,35.534
994.71,465.24,14.215,35.118
994.95,465.89,14.485,35.786
994.52,465.53,14.404,35.586
994.59,465.3,14.274,35.264
994.91,465.97,14.434,35.661
994.46,465.53,14.356,35.468
994.13,465.34,14.309,35.351
994.44,465.76,14.455,35.713
994.13,465.22,14.375,35.515
994.17,465.67,14.518,35.868
994.51,465.47,14.624,36.13
994.05,465.32,14.435,35.664
994.03,464.82,14.363,35.484
994.72,465.29,14.321,35.381
994.99,465.77,14.509,35.845
995.31,465.38,14.555,35.959
994.85,465.67,14.624,36.129
994.27,465.23,14.424,35.635
994.09,464.76,14.273,35.262
994.78,465.77,14.544,35.932
994.75,465.87,14.623,36.127
994.42,465.62,14.629,36.142
994.19,465.75,14.658,36.213
993.72,465.68,14.624,36.13
993.69,465.63,14.656,36.209
993.83,465.8,14.649,36.191
993.38,465.57,14.692,36.298
993.18,465.33,14.751,36.445
967.41,459.63,14.865,36.725
966.72,459.19,14.957,36.954
965.76,458.7,14.925,36.874
965.38,459.09,14.848,36.683
964.95,459.7,14.968,36.981
964,458.82,14.912,36.842
963.13,458.82,14.826,36.63
962.85,459.05,14.952,36.94
961.8,458.6,14.919,36.858
961.23,458.35,14.873,36.745
960.61,459.56,14.944,36.921
959.8,459.12,14.965,36.972
958.85,459.58,14.922,36.865
958.68,459.69,14.842,36.669
957.64,460.1,14.956,36.95
956.36,460.64,15.022,37.114
955.3,460.4,15.021,37.111
954.47,460.62,14.963,36.967
953.65,460.86,14.888,36.781
953.34,461.91,14.935,36.897
951.98,461.59,14.94,36.912
951.43,461.74,14.907,36.829
950.68,462.18,14.83,36.64
950.84,462.51,14.882,36.768
950.58,461.96,14.779,36.512
949.61,462.28,14.697,36.31
948.86,461.72,14.65,36.193
948.74,461.83,14.59,36.046
948.75,461.56,14.605,36.083
947.65,461.78,14.337,35.42
947.42,461.9,13.872,34.271
947.03,461.77,13.429,33.178
947.33,462.08,13.138,32.458
951.07,463.74,13.09,32.34
952.12,473.96,13.184,32.572
953.02,474.7,13.266,32.775
952.08,473,13.282,32.815
952.36,473.4,13.288,32.829
952.68,474.39,13.457,33.246
953.24,493.6,13.371,33.033
953.06,492.59,13.432,33.185
953.16,493.85,13.305,32.872
955.35,474.84,13.403,33.113
955.47,474.68,13.499,33.35
954.26,474.03,13.777,34.038
953.95,473.7,14.019,34.635
953.43,474.48,14.02,34.637
953.31,474.58,13.998,34.584
952.68,474.12,14.001,34.591
952.42,474.41,13.991,34.566
952.04,474.03,13.968,34.51
951.86,473.83,14.013,34.621
951.24,474.09,13.909,34.363
950.27,473.7,14.016,34.627
950.88,473.82,13.968,34.508
950.39,473.59,14.203,35.089
949.76,473.48,14.206,35.096
949.68,473.78,14.222,35.136
949.48,473.24,14.155,34.972
951.44,471.97,14.123,34.893
949.12,472.16,14.173,35.016
949.55,472.25,14.085,34.799
950.07,474.17,14.087,34.803
948.8,474.06,14.1,34.835
948.71,474.04,14.134,34.92
925.12,462.52,14.422,35.63
924.28,461.93,14.688,36.287
924.41,461.25,14.816,36.604
923.95,461.61,14.878,36.757
924.34,461.91,14.982,37.013
923.53,461.27,15.135,37.393
923.58,461.56,15.122,37.359
923.74,461.38,15.153,37.438
924.09,461.16,15.003,37.067
923.42,461.06,15.086,37.27
924.47,461.77,15.238,37.646
923.18,461.3,15.111,37.334
920.97,462.74,15.405,38.06
922.73,461.71,15.399,38.045
923.14,462,15.432,38.126
921.28,462.1,15.403,38.054
920.58,462.06,15.416,38.087
920.54,462.07,15.434,38.132
919.55,462.09,15.392,38.028
918.56,462.15,15.372,37.978
918.74,462.39,15.535,38.38
917.14,461.75,15.46,38.194
916.55,462.03,15.368,37.967
916.72,462.55,15.323,37.857
916.06,462.3,15.34,37.898
915.73,462.37,15.355,37.937
914.58,462.56,15.326,37.864
914.68,462.82,15.341,37.901
913.56,462.85,15.317,37.842
913.36,463.96,15.246,37.667
911.87,462.88,15.164,37.464
912.17,464,15.146,37.419
911.79,463.55,15.138,37.4
911.45,463.92,15.204,37.564
909.2,463.43,15.221,37.604
908.43,463.02,15.234,37.636
908.29,463,15.268,37.72
906.84,463.3,15.248,37.672
902.31,481.25,15.103,37.314
905.95,464.54,15.059,37.205
904.71,464.79,15.05,37.183
904.59,464.94,15.019,37.105
902.86,465.39,14.963,36.968
899.79,479.21,15.075,37.244
900.25,479.52,15.262,37.705
897.72,478.68,15.251,37.679
897.85,478.63,15.281,37.753
897.27,478.54,15.286,37.766
897.2,478.91,15.234,37.637
896.13,478.16,15.273,37.734
895.68,479.17,15.305,37.813
895.12,478.92,15.307,37.818
893.93,478.44,15.32,37.85
894.05,478.97,15.342,37.903
893.28,479.4,15.4,38.047
892.94,479.36,15.434,38.131
892.09,479.33,15.48,38.246
891.1,479.01,15.492,38.273
890.06,479.06,15.455,38.184
890.08,478.66,15.522,38.348
888.23,478.9,15.558,38.437
888.16,478.31,15.58,38.492
887.75,478.03,15.524,38.353
886.93,477.71,15.564,38.452
886.12,478.34,15.545,38.405
884.51,478.03,15.587,38.509
884.05,479.18,15.68,38.739
882.74,478.69,15.722,38.844
882.57,478.18,15.522,38.349
882.35,477.8,15.586,38.507
881.81,477.9,15.471,38.223
881.45,478.2,15.423,38.104
880.95,478.67,15.476,38.234
880.44,478.4,15.502,38.299
879.52,478.62,15.513,38.325
879.6,478.67,15.487,38.263
878.37,479.1,15.531,38.37
878.48,478.89,15.48,38.244
877.4,478.94,15.484,38.255
875.89,478.18,15.491,38.272
875.55,479.47,15.514,38.33
875.18,478.57,15.496,38.283
855.04,481.03,15.571,38.469
854.77,480.87,15.641,38.643
854.83,480.81,15.717,38.83
854.55,481.09,15.757,38.928
854.14,480.68,15.792,39.016
853.9,480.43,15.828,39.104
853.93,481,15.744,38.898
853.52,480.82,15.831,39.113
853.46,480.91,16.014,39.564
853.44,480.81,16.05,39.653
852.99,480.97,16.088,39.746
852.22,480.92,16.146,39.891
852.76,481.56,16.185,39.987
852.62,481.37,16.217,40.066
852.07,481.52,16.387,40.486
851.49,480.82,16.472,40.697
851.85,481.41,16.617,41.053
851.53,481.08,16.616,41.05
850.82,481.19,16.735,41.345
851.31,481.23,16.756,41.397
851.14,481.48,16.725,41.32
851.91,481.6,16.736,41.349
850.99,481.74,16.873,41.686
851.21,481.06,16.799,41.503
851.48,481.49,16.761,41.409
851.98,481.71,16.689,41.232
851.45,481.35,16.63,41.086
850.67,480.91,16.673,41.191
852.14,481.02,16.555,40.901
851.61,481.49,16.501,40.767
851.93,481.76,16.41,40.543
851.7,481.18,16.377,40.461
851.24,481.3,16.392,40.497
851.75,481.22,16.349,40.392
851.8,481.24,16.25,40.148
852.29,481.59,16.299,40.269
851.53,480.85,16.243,40.129
851.84,481.31,16.259,40.169
851.58,481.12,16.309,40.293
850.9,480.89,16.287,40.239
850.81,481.18,16.215,40.061
850.97,481.61,16.319,40.317
850.55,481.23,16.419,40.565
850.38,481.36,16.442,40.621
850.68,481.42,16.451,40.644
850.47,481.26,16.374,40.453
850.84,481.02,16.304,40.281
850.7,480.88,16.289,40.243
850.91,480.95,16.219,40.071
850.48,481.42,16.192,40.003
850.89,481.43,16.163,39.932
850.9,480.89,16.236,40.113
851.33,481.45,16.223,40.081
851.36,481.07,16.218,40.068
851.15,480.94,16.261,40.174
851.19,481.1,16.281,40.224
850.49,480.31,16.246,40.138
850.79,480.79,16.254,40.157
850.73,481.06,16.293,40.254
850.54,480.65,16.33,40.345
850.17,480.57,16.354,40.404
850.5,480.48,16.396,40.507
850.55,480.37,16.368,40.438
850.69,480.26,16.417,40.559
850.35,480.31,16.461,40.668
851.06,480.72,16.557,40.904
850.69,480,16.644,41.12
850.49,480.49,16.6,41.012
850.74,480.23,16.608,41.032
850.43,480.27,16.643,41.117
850.37,480.32,16.61,41.036
850.48,480.13,16.636,41.102
850.15,479.99,16.679,41.208
850.26,480.16,16.649,41.133
850.01,479.94,16.481,40.718
850.76,480.53,16.516,40.805
850.55,480.57,16.553,40.896
850.74,480.64,16.555,40.902
850.71,480.77,16.567,40.931
850.12,480.58,16.514,40.799
850.7,480.73,16.523,40.822
850.64,481.03,16.471,40.694
850.64,480.97,16.457,40.658
850.77,480.93,16.442,40.622
850.61,481.03,16.377,40.46
850.15,480.67,16.351,40.395
850.41,480.38,16.309,40.293
850.11,480.61,16.309,40.294
850.36,480.51,16.248,40.142
850.87,480.99,16.238,40.118
851,481.26,16.194,40.009
851.2,481.2,16.203,40.032
851.28,481.34,16.153,39.906
851.23,481.22,16.262,40.177
850.98,481.35,16.221,40.076
851.17,481.3,16.163,39.931
850.92,481.46,16.171,39.952
851.3,481.39,16.206,40.039
851.11,481.42,16.213,40.056
851.09,481.46,16.202,40.029
851.29,481.36,16.195,40.012
851.52,481.46,16.19,39.998
851.42,481.44,16.197,40.015
851.3,481.49,16.325,40.333
850.78,480.62,16.361,40.421
850.6,480.91,16.307,40.287
850.93,480.8,16.28,40.22
850.75,480.77,16.241,40.125
851.14,481.16,16.231,40.099
851.77,481.41,16.23,40.097
851.61,481.33,16.236,40.114
851.69,481.43,16.372,40.448
851.19,480.89,16.343,40.376
851.32,480.94,16.32,40.319
851.2,481.26,16.32,40.32
851.59,481.06,16.315,40.307
851.53,481.25,16.298,40.266
851.47,481.1,16.262,40.177
851.96,481.35,16.357,40.411
851.34,481.14,16.33,40.346
851.42,481.06,16.318,40.315
851.29,480.93,16.369,40.441
851.28,480.77,16.371,40.446
851.23,480.87,16.378,40.462
851.46,480.98,16.337,40.362
851.18,480.96,16.397,40.51
851.19,480.99,16.404,40.528
851.22,480.7,16.431,40.594
851.81,481.21,16.551,40.89
851.61,481.06,16.612,41.043
851.18,480.81,16.546,40.879
851.71,481.02,16.615,41.05
851.32,480.85,16.469,40.688
851.58,481.27,16.544,40.875
851.65,481.16,16.612,41.042
851.26,480.82,16.518,40.81
851.63,481.22,16.56,40.913
851.16,480.63,16.591,40.989
851.37,480.87,16.515,40.802
851.83,481.23,16.536,40.853
851.61,481.34,16.561,40.914
851.12,480.72,16.569,40.934
851.06,480.87,16.557,40.905
850.94,480.68,16.556,40.902
851.06,481.17,16.655,41.148
850.63,480.78,16.581,40.965
850.42,480.83,16.566,40.927
850.2,480.72,16.564,40.923
850.09,480.66,16.58,40.961
850.1,480.89,16.555,40.9
850.57,481.31,16.527,40.832
850.45,481.16,16.636,41.101
849.99,480.68,16.598,41.007
849.9,480.85,16.585,40.974
849.9,480.88,16.517,40.807
850.25,481.07,16.559,40.909
849.96,480.83,16.464,40.675
850.28,481.24,16.399,40.515
850.09,481.13,16.293,40.253
850.07,481.14,16.19,39.999
850.49,481.48,16.154,39.91
850.1,481.36,16.333,40.352
849.86,480.91,16.28,40.221
849.99,481.09,16.237,40.114
850.45,481.46,16.192,40.003
850.25,481.23,16.273,40.203
850.08,481.15,16.318,40.316
849.72,480.52,16.425,40.579
849.8,480.72,16.452,40.645
850.11,480.73,16.511,40.792
850.09,480.45,16.585,40.974
849.68,480.12,16.622,41.066
849.35,480.1,16.651,41.137
849.3,480.02,16.644,41.119
849.28,480.26,16.607,41.03
849.23,480.23,16.624,41.072
849.49,480.08,16.631,41.089
849.54,480.33,16.578,40.957
849.62,480.25,16.583,40.971
849.65,480.44,16.554,40.897
849.9,480.79,16.579,40.959
849.8,480.15,16.549,40.885
850.03,480.64,16.584,40.972
849.83,480.12,16.655,41.148
849.61,480.24,16.637,41.103
849.67,480.09,16.645,41.123
849.84,480.17,16.578,40.958
850.02,480.29,16.581,40.965
850.04,480.26,16.59,40.988
850.2,480.05,16.589,40.985
850.06,480.3,16.58,40.961
850.23,480.13,16.612,41.042
850.14,480.08,16.692,41.238
850.38,480.29,16.644,41.119
850.22,480.27,16.661,41.163
850.34,480.27,16.616,41.051
850.19,480.16,16.653,41.142
850.31,480.09,16.6,41.011
850.31,480.26,16.595,40.999
850.41,480.3,16.545,40.877
850.94,480.87,16.522,40.82
851.19,481.07,16.573,40.945
850.65,480.67,16.542,40.867
851.1,481.07,16.507,40.781
851.08,481.06,16.565,40.924
850.67,480.53,16.554,40.898
850.78,480.95,16.499,40.763
851.24,481.13,16.49,40.74
851.3,481.28,16.485,40.727
851.21,481.17,16.49,40.739
851.16,481.09,16.54,40.864
851.15,481.05,16.472,40.695
851.29,481.2,16.466,40.68
851.21,481.23,16.477,40.709
851.21,481.27,16.464,40.676
851.2,481.33,16.5,40.766
851.24,481.46,16.516,40.804
851.31,481.41,16.536,40.854
851.15,481.36,16.557,40.905
850.78,481.03,16.541,40.866
851.16,481.29,16.604,41.022
850.85,481,16.535,40.852
851.24,481.34,16.541,40.867
851.18,481.53,16.541,40.867
851.04,481.51,16.504,40.774
851.08,481.38,16.508,40.783
851.14,481.5,16.485,40.728
851.12,481.4,16.494,40.75
851.08,481.41,16.507,40.781
850.99,481.48,16.531,40.842
850.99,481.54,16.544,40.872
851.18,481.49,16.525,40.827
851.21,481.35,16.517,40.807
851.16,481.37,16.521,40.817
851.14,481.51,16.56,40.913
850.7,481.06,16.512,40.794
850.95,481.3,16.525,40.826
851.15,481.32,16.548,40.884
850.96,481.63,16.517,40.807
851.24,481.59,16.468,40.685
851.14,481.41,16.392,40.497
850.81,481.4,16.282,40.225
850.83,481.24,16.284,40.231
850.74,481.31,16.229,40.095
851.36,481.79,16.27,40.196
851.22,481.88,16.378,40.463
851.03,481.42,16.342,40.375
851.03,481.25,16.423,40.574
851.64,481.71,16.376,40.459
851.18,481.45,16.354,40.404
851.15,481.42,16.355,40.407
851.41,481.36,16.2,40.023
851.68,481.73,16.264,40.181
851.68,481.92,16.225,40.086
851.62,481.86,16.273,40.203
851.71,482.06,16.179,39.971
851.93,482.08,16.254,40.157
852.15,482.08,16.188,39.994
851.99,482.25,16.192,40.003
851.94,482.25,16.149,39.897
852.01,482.49,16.042,39.634
851.75,481.93,16.109,39.799
851.67,481.8,16.236,40.113
851.87,482.41,16.115,39.815
851.83,482.4,16.016,39.57
851.89,482.39,16.021,39.581
852.03,482.64,15.923,39.338
852.31,482.94,16.09,39.752
852,482.75,16.178,39.97
852.36,483.06,16.119,39.824
852.39,482.65,16.107,39.795
852.02,482.61,16.162,39.928
852.66,483.1,16.203,40.03
852.56,483.14,16.184,39.984
852.85,483.11,16.163,39.932
852.79,483.08,16.148,39.896
852.88,483.2,16.072,39.706
852.52,482.83,16.08,39.726
852.48,482.95,16.017,39.571
852.56,483.48,15.991,39.508
852.98,483.79,16.03,39.604
853.31,483.56,15.965,39.443
853.65,484.09,15.966,39.446
853.59,483.85,16.126,39.841
853.15,483.56,16.191,40.002
853.3,483.96,16.278,40.216
853.44,483.8,16.364,40.428
852.98,483.49,16.174,39.959
853.2,483.74,16.265,40.185
853.24,483.61,16.334,40.354
853.18,483.38,16.369,40.441
853.26,483.51,16.158,39.92
853.62,484.22,16.158,39.921
853.8,484.12,16.156,39.914
853.95,483.95,16.209,40.046
853.65,483.57,16.29,40.246
853.19,483.21,16.182,39.978
853.46,483.46,16.169,39.946
853.43,483.57,16.11,39.8
853.19,483.28,16.013,39.562
853.22,483.31,15.956,39.42
853.5,483.47,15.987,39.496
853.26,483.63,16.099,39.773
852.79,482.76,16.022,39.584
852.48,483.06,15.996,39.52
852.96,483.53,16.005,39.543
852.51,483.1,15.931,39.358
852.69,483.46,15.971,39.458
852.65,483.41,15.982,39.484
852.61,483.46,16.02,39.578
852.14,482.93,15.988,39.499
852.3,483.61,15.993,39.513
852.34,483.5,15.99,39.505
851.99,483.55,15.973,39.463
851.88,483.57,15.942,39.386
851.58,483.72,15.921,39.334
851.13,483.9,15.948,39.401
851.31,484.14,15.896,39.272
850.59,484,15.774,38.971
849.44,483.79,15.653,38.673
849.79,484.05,15.706,38.803
849.19,483.88,15.733,38.87
849.08,483.69,15.739,38.885
848.63,483.18,15.851,39.162
847.81,483.59,15.813,39.066
847.62,483.42,15.736,38.876
847.63,484.14,15.685,38.752
847.51,484.32,15.758,38.932
846.77,484.06,15.703,38.795
847.22,484.51,15.84,39.135
846.88,484.43,15.823,39.093
847.07,484.42,15.73,38.862
847,484.43,15.725,38.85
848.32,484.44,15.75,38.912
847.21,484.51,15.717,38.83
848.11,484.84,15.742,38.892
847.07,484.76,15.698,38.782
847.72,485.3,15.761,38.939
847.53,484.93,15.703,38.794
847.97,485.24,15.849,39.157
848,484.79,15.869,39.205
848.3,485.18,15.924,39.342
848.48,485.09,15.939,39.378
848.6,484.93,16.057,39.67
848.19,484.7,16.056,39.667
848.47,484.59,15.999,39.527
848.76,484.98,16.018,39.575
848.19,484.51,15.932,39.362
848.58,484.72,15.964,39.439
848.65,484.98,16.005,39.543
848.39,484.8,15.845,39.147
848.16,484.98,15.792,39.017
848.45,485.07,15.69,38.763
848.94,485.44,15.744,38.898
848.24,485.07,15.668,38.709
848.98,485.47,15.711,38.816
848.22,485.07,15.711,38.815
848.38,485.25,15.798,39.03
847.82,484.77,15.788,39.005
847.62,484.87,15.711,38.815
847.86,485.19,15.853,39.166
847.29,484.89,15.811,39.063
847.57,484.88,15.743,38.895
847.35,484.93,15.636,38.63
847.85,485.36,15.754,38.921
847.35,485.04,15.729,38.859
847.77,484.98,15.856,39.173
847.81,484.99,15.926,39.348
847.93,484.98,15.988,39.499
848.52,485.15,16.001,39.531
848.76,485.38,16.041,39.631
848.77,485.46,15.98,39.48
849.65,486.06,16.006,39.545
849.62,485.82,15.919,39.329
850.58,486.09,15.929,39.355
851.51,486.4,15.98,39.479
851.64,486.95,16.03,39.604
851.86,486.73,15.911,39.309
852.74,487.72,15.908,39.302
853.84,487.65,15.969,39.452
854.31,488.17,15.969,39.454
854.05,488.47,15.974,39.464
855.02,488.62,16.035,39.615
855.32,489.15,16.083,39.733
855.83,489.4,16.145,39.888
856.58,489.94,16.215,40.061
856.57,489.88,16.306,40.286
856.52,489.39,16.361,40.421
857.1,489.29,16.21,40.049
857.55,489.86,16.161,39.927
858.21,489.76,16.097,39.768
858.02,489.97,16.043,39.636
858,489.79,16.078,39.721
858.72,490.08,15.987,39.498
859.07,490.15,16.008,39.549
859.33,490.3,15.937,39.373
859.71,490.85,15.935,39.368
859.98,490.81,15.835,39.121
859.83,490.67,15.767,38.954
859.9,490.7,15.681,38.741
860.61,491.1,15.81,39.059
860.35,490.68,15.739,38.885
860.59,490.7,15.704,38.797
861.26,491.2,15.745,38.9
861.6,490.65,15.688,38.759
862.01,490.85,15.737,38.881
861.66,490.3,15.733,38.869
861.71,490.09,15.706,38.803
861.87,490.54,15.8,39.035
861.8,489.76,15.721,38.841
861.91,490.47,15.787,39.003
862.19,489.94,15.747,38.905
862.16,490.11,15.789,39.008
862.25,490.01,15.839,39.132
862.43,489.83,15.78,38.985
862.61,489.96,15.781,38.988
862.38,489.73,15.776,38.975
863.04,489.89,15.76,38.937
863.13,489.73,15.702,38.794
863.44,490.39,15.848,39.154
863.16,489.93,15.898,39.277
863.61,490.34,15.947,39.398
863.69,490.52,16.04,39.628
863.38,490.13,16.003,39.537
863.7,489.95,16.014,39.565
863.55,489.23,15.982,39.486
863.71,489.56,15.933,39.363
863.49,489.54,15.889,39.255
863.42,489.52,15.874,39.219
863.3,489.44,15.947,39.398
863.43,489.07,16.039,39.626
862.82,488.41,15.978,39.475
862.98,488.6,16.033,39.612
862.32,488.26,15.941,39.384
862.97,488.14,16.028,39.599
862.25,488.02,16.098,39.771
862.3,487.75,16.257,40.164
862.35,487.84,16.519,40.813
861.65,487.72,16.62,41.06
861.71,486.89,16.66,41.16
861.68,486.77,16.705,41.272
862.27,487.1,16.791,41.485
861.83,486.49,16.935,41.84
861.65,486.24,17.101,42.249
862.31,485.99,17.245,42.605
862.05,485.46,17.386,42.953
863.85,486.7,17.766,43.893
862.62,485.44,17.89,44.198
863.26,485.46,17.808,43.996
863.13,485.6,17.782,43.932
863.53,485.47,17.621,43.535
864.38,486.1,17.605,43.495
864.82,486.46,17.503,43.242
864.46,486.41,17.352,42.87
865.17,486.47,17.242,42.597
864.86,486.29,17.084,42.208
865.37,486.98,17.149,42.369
865.3,486.61,17.144,42.356
865.38,486.55,17.046,42.113
865.89,487.15,17,42
866.16,487.06,17.004,42.009
866.39,487.07,16.97,41.925
865.93,486.88,16.876,41.694
865.74,486.99,16.806,41.521
867.22,487.2,16.764,41.418
867.33,487.53,16.728,41.328
867.52,487.21,16.577,40.956
867.51,486.81,16.41,40.543
867.95,487.06,16.397,40.511
868,487.07,16.406,40.532
868.3,487.2,16.351,40.398
868.35,486.72,16.424,40.576
869.89,487.53,16.577,40.955
869.26,487.52,16.59,40.987
868.99,487.84,16.601,41.015
869.33,487.95,16.574,40.947
869.64,488.01,16.542,40.869
870,488.74,16.553,40.895
870.57,488.77,16.569,40.936
870.34,488.31,16.581,40.966
870.45,488.04,16.586,40.978
870.63,488.04,16.543,40.872
870.57,488.39,16.573,40.946
870.63,487.93,16.59,40.987
870.3,487.67,16.616,41.05
870.32,487.27,16.623,41.069
870.04,487.46,16.603,41.019
870.42,487.57,16.592,40.992
870.05,487.24,16.615,41.048
870.6,486.9,16.601,41.013
870.44,487.04,16.673,41.192
871,487.07,16.707,41.276
871.63,487.62,16.769,41.429
872.2,487.34,16.846,41.62
871.48,487.17,16.885,41.715
871.62,486.87,16.876,41.693
871.63,487.19,16.912,41.783
871.8,487.16,16.899,41.751
871.88,486.9,16.943,41.858
872.27,487.31,16.901,41.755
871.95,487.02,16.877,41.695
872.07,486.9,16.844,41.615
872.24,486.8,16.81,41.532
872.61,487.61,16.873,41.686
872.39,487.26,16.871,41.682
872.15,486.91,16.891,41.731
871.9,486.91,16.875,41.691
871.89,486.78,16.868,41.674
871.58,486.8,16.902,41.758
871.56,486.8,16.939,41.85
871.69,486.61,16.98,41.95
871.75,487.05,16.989,41.974
871.47,486.64,17.042,42.103
871.39,486.58,17.053,42.13
871.32,486.51,17.08,42.197
871.45,486.68,17.077,42.19
871.54,486.53,17.059,42.147
871.6,486.65,17.039,42.095
871.6,486.58,17.086,42.213
871.91,486.47,17.093,42.231
872.16,486.43,16.951,41.879
871.67,486.48,16.883,41.711
871.85,486.05,16.738,41.352
872.16,486.8,16.851,41.631
871.93,486.46,16.69,41.235
871.75,486.75,16.47,40.691
872.12,487.18,16.63,41.087
871.77,486.89,16.491,40.743
872.15,487.15,16.714,41.292
872,487.07,16.754,41.392
871.95,486.96,16.796,41.497
871.93,487.12,16.864,41.664
871.49,486.7,16.769,41.43
871.81,487.33,16.818,41.549
871.78,487.23,16.891,41.731
871.15,486.71,16.978,41.946
871.43,486.96,17.072,42.179
871.16,486.89,17.1,42.247
871.21,487.01,17.187,42.463
870.66,486.4,17.109,42.269
871.1,486.96,17.205,42.505
870.51,486.68,17.143,42.353
870.54,486.65,17.121,42.298
870.56,486.69,17.138,42.342
870.46,486.6,17.133,42.329
870.79,486.41,17.124,42.307
870.42,486.38,17.055,42.135
870.92,487.01,17.038,42.094
871,486.97,17.001,42.003
871.05,487.03,16.992,41.98
871.26,487.12,17,42.001
871.27,487.34,16.999,41.999
871.17,487.12,16.973,41.935
871.26,487.07,17.012,42.03
871.12,487.05,16.996,41.989
871.09,486.94,16.992,41.981
871.14,486.82,17.004,42.009
871.18,486.64,17.04,42.099
871.2,486.62,17.084,42.208
871.37,486.46,17.089,42.219
871.25,486.38,17.087,42.214
871.34,486.38,17.11,42.271
871.37,486.25,17.106,42.262
871.33,486.17,17.097,42.239
871.49,486.38,17.066,42.164
871.55,486.16,17.073,42.181
871.66,486.24,17.12,42.296
870.82,485.78,17.132,42.326
870.99,485.56,17.173,42.427
870.87,485.58,17.153,42.378
870.84,485.59,17.123,42.305
870.77,485.56,17.14,42.347
870.73,485.62,17.157,42.387
870.99,485.45,17.177,42.436
870.76,485.48,17.18,42.444
870.95,485.34,17.202,42.498
870.9,485.45,17.213,42.526
870.9,485.43,17.188,42.465
870.88,485.38,17.178,42.439
870.98,485.23,17.171,42.423
870.95,485.23,17.159,42.393
870.75,485.24,17.144,42.355
870.94,485.08,17.21,42.519
870.92,485.14,17.248,42.612
870.7,485.3,17.25,42.617
871.02,485.5,17.307,42.758
871.04,485.71,17.252,42.622
871.12,485.78,17.289,42.715
871.03,485.72,17.22,42.544
870.5,485.51,17.196,42.484
870.34,485.43,17.204,42.504
870.14,485.34,17.204,42.504
870.03,485.37,17.234,42.579
870.28,485.46,17.187,42.462
870.23,485.52,17.152,42.374
870.07,485.63,17.105,42.259
870.42,485.94,17.101,42.25
870.44,486.22,17.106,42.261
870.24,486.02,17.106,42.262
870.38,485.94,17.078,42.192
870.36,486.21,17.03,42.075
870.36,486.17,17,42
870.37,486.23,17.01,42.025
870.19,486.38,16.999,41.999
870.39,486.84,16.931,41.83
869.47,486.27,16.896,41.743
869.34,486.36,16.905,41.765
869.11,486.96,16.642,41.116
869.24,487.56,16.597,41.006
869.37,487.66,16.646,41.126
869.31,488.56,16.236,40.112
870.27,489.13,16.061,39.681
869.61,489.41,15.892,39.263
870,489.86,15.867,39.2
869.87,490.53,15.728,38.859
869.2,489.83,15.751,38.913
869.39,489.86,15.671,38.717
869.86,490.82,15.541,38.396
869.56,490.91,15.445,38.159
870.02,491.26,15.319,37.846
870.03,491.39,15.25,37.677
869.46,491.15,15.237,37.645
869.22,491.24,15.179,37.501
869.61,491.09,15.216,37.591
869.43,491.14,15.271,37.727
869.27,491.27,15.267,37.718
869.03,491.37,15.296,37.79
869.17,490.9,15.291,37.778
869.18,491.03,15.23,37.626
869.12,491.23,15.152,37.433
869.55,491.69,15.102,37.311
869.73,491.79,15.127,37.372
869.69,491.99,15.094,37.292
869.56,491.72,15.123,37.363
869.4,491.64,15.117,37.347
869.47,491.71,15.163,37.46
869.6,491.92,15.141,37.408
869.75,492.09,15.127,37.372
869.4,491.96,15.083,37.263
869.44,491.72,15.194,37.537
869.25,491.06,15.182,37.509
869.47,491,15.199,37.551
869.19,490.88,15.18,37.504
868.94,490.88,15.162,37.458
869.29,491.17,15.144,37.413
869.05,491,15.087,37.274
869.2,490.87,15.109,37.329
868.91,490.95,14.98,37.01
868.37,490.83,14.808,36.584
868.71,490.79,14.778,36.511
867.98,490.89,14.819,36.613
868.58,490.56,14.832,36.643
868.94,490.56,14.819,36.611
868.16,490.27,14.889,36.784
867.81,490.21,14.928,36.88
867.35,489.88,14.98,37.01
867.05,489.53,15.096,37.295
866.39,489.66,15.089,37.278
865.87,489.72,15.043,37.165
864.72,489.49,15.145,37.417
864.71,489.12,15.18,37.502
864.64,488.68,15.227,37.62
864.9,488.52,15.296,37.79
864.91,488.12,15.347,37.915
865.35,488.28,15.343,37.906
865.01,487.82,15.479,38.241
864.51,486.64,15.697,38.78
864.83,487.24,15.759,38.933
864.04,486.25,15.908,39.302
864.67,486.7,15.928,39.352
864.19,486.48,15.991,39.508
863.84,486.52,16.002,39.535
863.05,485.88,16.004,39.539
862.97,485.98,15.976,39.471
863.3,486.71,15.928,39.351
863.41,486.68,15.852,39.164
863.18,486.3,15.809,39.058
863.43,486.48,15.782,38.991
863.16,486.37,15.805,39.048
863.22,486.53,15.756,38.926
863.07,486.68,15.758,38.932
862.76,486.21,15.748,38.907
862.86,486.22,15.7,38.788
863.51,486.98,15.719,38.836
863.83,486.75,15.642,38.645
863.65,486.6,15.655,38.678
863.79,487.05,15.66,38.691
863.87,486.66,15.662,38.693
863.75,486.88,15.638,38.635
863.64,486.91,15.722,38.842
863.25,486.62,15.79,39.012
862.68,486.29,15.843,39.142
862.04,485.84,15.878,39.229
862.62,486.33,15.87,39.208
861.39,486.31,15.893,39.264
861.36,486.2,15.954,39.415
861.07,486.03,15.927,39.348
860.26,485.14,15.95,39.407
859.73,485.28,15.987,39.498
859.54,485.43,15.975,39.467
858.83,485.31,15.93,39.356
859.44,485.32,15.926,39.346
859.76,485.35,15.918,39.328
859.32,486.08,15.866,39.198
860.11,485.81,15.811,39.063
861.39,484.22,15.785,38.998
858.06,485.02,15.674,38.723
859.69,485.4,15.609,38.563
860.66,485.52,15.551,38.419
860.53,484.9,15.539,38.391
860.45,484.73,15.535,38.379
861.23,484.78,15.568,38.463
861.4,484.75,15.526,38.357
861.35,484.77,15.456,38.186
861.21,484.6,15.408,38.068
859.69,484.11,15.409,38.07
858.8,483.83,15.381,38
858.45,483.94,15.367,37.965
858.58,483.82,15.41,38.072
858.45,483.79,15.471,38.221
856.88,483.24,15.543,38.401
856.97,482.92,15.552,38.422
856.9,482.97,15.612,38.572
856.42,483.56,15.661,38.692
856.66,483.72,15.714,38.823
855.76,483.53,15.719,38.836
860.82,483.9,15.852,39.165
860.02,483.56,16.154,39.91
860.29,484.35,16.36,40.419
859.99,483.87,16.508,40.783
866.28,483.31,16.484,40.724
865.87,483.34,16.319,40.318
865.72,483.11,16.218,40.067
864.92,484.43,16.33,40.344
864.64,483.08,16.219,40.07
864.66,483.71,16.281,40.225
864,483.13,16.178,39.969
864.89,483.68,16.216,40.062
864.37,483.52,16.128,39.847
864.62,483.44,16.016,39.57
864.59,483.56,15.908,39.302
864.69,483.83,15.994,39.515
864.67,483.82,15.908,39.302
864.67,483.73,15.891,39.261
865.11,483.8,15.819,39.082
864.74,483.56,15.783,38.994
864.65,483.26,15.773,38.968
864.33,483.18,15.673,38.722
865.05,483.37,15.73,38.862
864.65,483.21,15.563,38.449
864.76,483.35,15.482,38.251
864.99,483.25,15.596,38.53
865.17,483.51,15.62,38.59
865.53,483.58,15.644,38.649
865.46,483.55,15.671,38.716
865.39,483.44,15.7,38.789
865.35,483.19,15.742,38.891
864.93,483.14,15.696,38.778
865.33,483.27,15.758,38.932
864.93,483.34,15.76,38.935
865,483.18,15.616,38.582
865.61,483.25,15.659,38.688
865.58,483.25,15.706,38.802
865.54,483.16,15.781,38.988
865.23,482.87,15.754,38.923
864.9,482.88,15.758,38.932
864.92,483.02,15.724,38.848
865.22,483.15,15.788,39.005
865.06,482.78,15.845,39.146
864.77,482.87,15.853,39.166
864.85,482.79,15.894,39.267
865.25,482.96,15.954,39.416
865.3,482.87,16.047,39.645
864.77,482.55,15.962,39.434
865.03,482.8,16.077,39.721
864.67,482.44,15.988,39.5
865.1,482.83,16.047,39.646
864.7,482.44,15.994,39.514
865.26,482.93,15.989,39.502
865.18,482.85,16.029,39.601
864.7,482.33,15.979,39.478
865.03,482.67,16.026,39.595
864.73,482.12,16.004,39.54
864.66,482.18,15.975,39.467
865.22,482.68,15.96,39.431
865.3,483.22,15.901,39.285
865.25,482.96,15.901,39.285
865.39,482.99,15.872,39.213
865.34,483.01,15.871,39.21
865.47,483.04,15.834,39.118
864.72,482.75,15.811,39.064
864.76,482.76,15.714,38.823
865.3,483.08,15.755,38.925
865.09,482.7,15.752,38.917
864.91,482.59,15.747,38.905
864.95,482.85,15.731,38.866
864.86,482.63,15.756,38.927
864.98,482.69,15.753,38.919
864.83,482.54,15.801,39.037
864.78,482.58,15.84,39.135
864.92,482.73,15.86,39.183
864.79,482.73,15.921,39.333
865.14,483.13,16.001,39.532
865.48,482.76,16.075,39.714
864.98,482.51,16.086,39.742
865.24,482.57,16.001,39.533
865.44,482.89,16.044,39.639
865.14,482.55,16.015,39.566
865.02,482.61,16.002,39.533
865.37,482.93,16.025,39.591
865,482.49,16.073,39.71
865.03,482.7,16.063,39.686
864.85,482.49,16.049,39.651
864.56,482.32,16.121,39.828
864.59,482.25,16.163,39.933
864.97,482.68,16.182,39.98
864.58,482.51,16.208,40.043
864.66,482.83,16.202,40.029
864.52,482.79,16.139,39.873
863.46,482.26,16.198,40.02
863.82,482.77,16.304,40.281
863.17,482.17,16.343,40.377
863,482.05,16.266,40.186
863.25,482.92,16.178,39.97
863.4,482.82,16.14,39.875
862.71,482.4,16.181,39.977
863.12,482.82,16.159,39.921
862.82,482.79,16.093,39.759
861.99,482.22,16.133,39.858
862.09,482.27,16.128,39.847
862.03,482.19,16.125,39.839
861.73,482.05,16.15,39.9
862.16,482.38,16.112,39.806
861.99,481.66,16.095,39.765
862.03,481.88,16.058,39.673
861.57,481.61,16.057,39.669
861.46,481.82,16.044,39.639
860.99,481.82,16.039,39.626
861.13,481.55,16.1,39.776
860.87,481.35,16.117,39.818
860.34,481.67,16.143,39.882
861.37,481.95,16.093,39.76
860.71,481.59,16.016,39.569
860.47,481.66,15.965,39.443
861.2,482.29,15.912,39.312
861.06,482.14,15.905,39.294
860.94,482.28,15.895,39.27
860.42,482.09,15.872,39.212
860.14,482.12,15.938,39.377
860.13,481.88,15.992,39.51
860.37,481.86,16.122,39.831
859.17,480.74,16.204,40.034
859.36,480.93,16.254,40.157
858.94,480.93,16.194,40.008
858.81,480.77,16.276,40.212
858.79,480.94,16.291,40.249
857.42,480.1,16.382,40.472
856.8,479.83,16.5,40.766
857.33,480.89,16.365,40.432
856.72,479.98,16.385,40.479
855.97,479.69,16.475,40.702
856.15,480.02,16.451,40.645
855.78,479.85,16.386,40.484
854.75,479.56,16.361,40.422
854.31,479.58,16.291,40.249
854.02,479.3,16.321,40.323
854.35,479.56,16.246,40.136
854.31,479.57,16.18,39.974
853.84,479.5,16.185,39.986
853.78,479.4,16.171,39.953
853.46,479.26,16.154,39.911
853.4,479.28,16.188,39.995
853.32,479.4,16.233,40.105
853.14,479.42,16.133,39.858
852.4,478.95,16.066,39.692
852.65,478.68,16.058,39.673
852.46,478.78,16.092,39.757
852.53,478.47,16.151,39.901
852.99,478.95,16.237,40.115
852.92,478.75,16.325,40.332
852.51,478.01,16.466,40.679
852.74,478.28,16.508,40.786
852.48,477.95,16.625,41.074
852.1,477.33,16.613,41.043
852.29,477.14,16.657,41.153
852,477.14,16.468,40.686
853.1,478.01,16.517,40.806
852.71,477.79,16.562,40.917
852.14,477.18,16.618,41.056
852.35,477.28,16.574,40.948
852.7,477.2,16.621,41.065
852.92,477.19,16.635,41.097
852.94,477.15,16.593,40.994
852.59,476.87,16.664,41.171
852.4,476.78,16.656,41.15
852.56,476.85,16.644,41.122
852.58,476.97,16.635,41.098
852.59,476.78,16.658,41.156
852.7,477,16.653,41.143
852.76,477.11,16.643,41.118
852.41,476.72,16.721,41.312
853.16,477.1,16.731,41.335
849.96,476.59,16.518,40.808
849.46,477.01,16.345,40.381
849.25,476.21,16.279,40.219
847.04,476.15,16.401,40.521
846.27,475.86,16.333,40.352
845.8,475.67,16.408,40.537
846.67,475.81,16.38,40.468
845.19,475.79,16.322,40.324
845.82,475.22,16.426,40.582
846.17,475.99,16.4,40.518
845.28,475.68,16.412,40.547
845.01,474.76,16.511,40.792
845.78,474.93,16.562,40.917
845.9,474.39,16.585,40.974
846.25,474.07,16.611,41.038
846.49,474.39,16.61,41.036
847.33,474.16,16.697,41.251
848.29,474.68,16.659,41.157
848.84,474.49,16.668,41.179
849.19,474.44,16.588,40.981
849.76,474.12,16.57,40.939
849.83,474.08,16.539,40.862
851.01,473.94,16.477,40.709
850.95,474.53,16.306,40.286
851.2,473.58,16.214,40.059
851.66,473.99,15.989,39.501
851.99,473.3,16.275,40.21
852.18,473.32,16.321,40.323
866.35,481.78,16.331,40.347
866.82,481.06,16.399,40.516
867.01,481.29,16.263,40.179
867.53,481.42,16.207,40.04
867.33,481.98,16.109,39.799
867.63,481.16,16.144,39.886
867.96,482.23,16.068,39.697
867.86,481.89,16.054,39.662
867.46,481.56,15.996,39.518
867.55,482.91,15.949,39.404
855.91,480.91,15.839,39.132
858.44,470.18,16.054,39.662
856.83,481.7,16.016,39.57
859.09,481.66,15.903,39.29
859.11,482.46,15.864,39.193
859.55,482.75,15.799,39.032
859.78,482.88,15.744,38.896
859.66,482.8,15.693,38.77
860.38,483.15,15.739,38.883
863.58,469.3,15.915,39.319
863.48,469.51,16.141,39.879
863.83,469.64,16.226,40.088
866.38,468.37,16.211,40.05
859.61,481.93,16.24,40.122
859.35,481.84,16.242,40.127
861.07,482.01,16.175,39.961
878.54,484.21,16.121,39.829
877.69,483.39,16.104,39.786
877.54,483.81,16.143,39.882
877.34,483.74,16.146,39.89
877.17,484.26,16.144,39.885
877.15,483.73,16.162,39.929
877,483.46,16.095,39.763
876.33,482.82,16.105,39.79
875.9,482.56,16.075,39.715
876.05,482.41,16.049,39.65
875.65,482.65,16.003,39.537
875.47,482.44,16.047,39.646
874.78,482.29,16.028,39.598
874.7,482.27,15.98,39.481
875.23,482.39,15.964,39.44
874.98,482.22,15.978,39.476
874.92,481.76,15.986,39.495
874.52,481.95,16.016,39.568
873.64,481.42,16.012,39.559
873.64,481.55,15.943,39.388
874.43,481.72,15.894,39.267
873.57,482.07,16.024,39.589
872.74,481.6,16.116,39.815
873.25,481.2,16.115,39.813
872.87,481.17,16.143,39.884
873.7,481.31,16.105,39.788
873.09,480.85,16.129,39.849
873.25,480.62,16.158,39.92
873.75,480.8,16.17,39.949
873.64,480.6,16.226,40.087
873.69,480.62,16.025,39.592
873.05,480.45,15.918,39.327
873.82,480.51,15.702,38.793
873.03,480.88,15.64,38.64
873.27,480.82,15.642,38.644
873.15,480.41,15.706,38.803
872.53,480.14,15.652,38.67
871.82,480.11,15.796,39.025
870.94,479.11,15.796,39.025
870.19,478.74,15.874,39.219
869.43,478.74,16.072,39.706
868.05,478.79,16.25,40.147
867.78,479.08,16.387,40.486
866.23,479.63,16.544,40.874
866.11,480.02,16.646,41.126
865.64,479.89,16.704,41.269
867.19,481.32,16.92,41.802
865.07,479.67,17.09,42.221
865.2,480.54,17.351,42.866
864.31,479.24,17.356,42.88
864.85,479.56,17.446,43.103
864.14,478.55,17.502,43.241
864.41,478.28,17.614,43.516
865.13,479.12,17.607,43.499
865.53,479.02,17.639,43.578
865.65,479.1,17.545,43.347
865.1,479.21,17.53,43.309
865.31,479.23,17.509,43.256
864.72,478.86,17.52,43.285
864.4,479.06,17.46,43.135
864.59,479.07,17.385,42.951
865.02,479.77,17.323,42.798
864.72,480.09,17.22,42.543
864.06,479.87,17.139,42.344
863.79,480.01,17.037,42.091
864.22,480.37,17.115,42.283
863.88,480.04,16.983,41.957
864.26,480.27,17.003,42.007
864.24,480.51,17.084,42.208
864.38,480.56,17.079,42.195
865.31,480.41,17.163,42.403
864.6,479.71,17.087,42.215
864.39,480.58,17.232,42.573
864.79,479.52,17.222,42.549
864.2,479.88,17.188,42.465
864.31,479.34,17.086,42.213
864.83,480.08,17.072,42.177
864.86,480.23,17.074,42.183
864.53,480.2,17.05,42.124
863.78,480.29,16.978,41.945
864.37,480.27,16.934,41.838
863.48,480.21,16.83,41.579
863.88,480.29,16.817,41.549
863.88,480.21,16.908,41.773
863.67,480.09,16.879,41.701
862.45,479.84,16.693,41.242
863.18,480.03,16.633,41.094
863.26,480.02,16.653,41.143
862.76,479.92,16.664,41.169
862.76,480.07,16.61,41.036
862.55,479.91,16.589,40.984
862.83,479.9,16.48,40.715
863.71,480.71,16.564,40.924
863.25,480.23,16.61,41.038
862.81,480.04,16.612,41.041
863.26,480.21,16.659,41.158
863.66,480.08,16.683,41.217
863.68,480.38,16.675,41.196
863.69,480.55,16.639,41.109
863.8,480.61,16.65,41.135
863.44,480.37,16.604,41.021
863.77,480.49,16.585,40.976
863.85,480.34,16.656,41.149
863.27,479.98,16.675,41.196
863.14,480.02,16.695,41.246
863.1,479.88,16.524,40.824
863.57,480.43,16.424,40.576
863.44,480.27,16.274,40.208
863.64,480.18,16.246,40.137
863.39,480.43,16.021,39.581
863.52,479.64,16.124,39.835
863.59,480.56,16.082,39.733
863.32,480.09,16.072,39.707
863.69,480.65,15.974,39.465
864,480.89,16.02,39.578
863.68,480.54,15.954,39.416
871.95,480.26,15.862,39.188
870.62,479.8,15.763,38.944
869.17,479.9,15.637,38.633
868.64,480.42,15.702,38.794
868.06,480.34,15.746,38.903
867.33,479.74,15.669,38.711
867.29,480.22,15.642,38.646
866.6,480.18,15.664,38.699
866.06,480.25,15.628,38.61
865.42,480.26,15.635,38.629
864.84,480.12,15.618,38.585
864.15,479.73,15.636,38.63
863.65,480.07,15.505,38.306
862.17,479.61,15.444,38.156
862.16,479.74,15.403,38.055
861.44,479.8,15.358,37.944
860.45,479.52,15.248,37.671
859.06,479.03,15.295,37.788
857.89,479.09,15.197,37.545
856.98,478.76,15.001,37.061
855.81,478.62,14.962,36.965
854.75,478.3,14.833,36.647
854.4,478.26,14.637,36.162
853.11,477.96,14.52,35.874
853.08,478.55,14.262,35.235
853.13,478.85,14.15,34.959
852.5,477.91,14.029,34.659
852.44,478.25,13.973,34.521
852.41,478.14,13.798,34.088
851.58,478.03,13.644,33.71
851.57,478.15,13.56,33.5
851.67,478.24,13.436,33.195
852.4,478.58,13.386,33.072
852.03,478.71,13.395,33.094
852.25,478.68,13.357,33
851.81,478.17,13.379,33.054
852.47,478.14,13.396,33.096
852.61,478.26,13.452,33.234
852.23,478.49,13.421,33.158
852.67,478.87,13.455,33.241
852.41,478.62,13.511,33.38
852.06,478.58,13.35,32.982
851.96,478.72,13.368,33.026
851.86,478.93,13.384,33.066
852.55,479.56,13.289,32.831
851.52,479,13.24,32.711
851.61,479.42,13.1,32.366
851.74,480.01,12.972,32.048
850.79,480.09,12.896,31.862
851.54,480.52,12.882,31.827
851.08,480.41,12.906,31.886
850.9,480.54,12.841,31.725
850.6,480.56,12.875,31.809
850.19,480.88,12.856,31.762
849.77,480.86,12.858,31.766
849.52,480.93,12.857,31.764
848.87,480.79,12.897,31.863
848.43,480.91,12.923,31.927
847.72,481.11,12.912,31.899
847.19,481.01,12.949,31.992
846.5,481.26,12.983,32.077
845.65,480.97,12.925,31.931
845.82,481.42,12.931,31.946
845.39,481.27,12.981,32.071
844.52,480.87,12.975,32.057
844.27,480.81,12.974,32.053
844.35,481.22,12.92,31.921
844.58,481.36,12.952,31.998
844.61,481.87,13.005,32.129
844.22,481.33,12.902,31.875
844.86,482.19,12.943,31.976
844.85,482.34,12.97,32.045
844.55,482.06,12.916,31.91
845.07,482.56,12.914,31.905
845.47,482.57,12.938,31.965
845.28,482.62,12.929,31.943
845.57,482.66,12.915,31.908
845.68,482.72,12.94,31.97
845.95,482.89,12.988,32.088
845.05,482.34,12.932,31.951
845.96,482.69,12.965,32.031
845.28,482.41,12.924,31.931
845.96,482.78,12.96,32.018
845.14,482.26,12.935,31.956
845.82,482.78,12.93,31.945
845.42,482.72,12.971,32.046
844.82,482.46,12.907,31.887
845.01,482.6,12.944,31.98
844.56,482.19,12.99,32.094
843.43,481.56,12.972,32.048
843.18,481.64,12.881,31.823
843.48,481.67,12.855,31.759
843.04,481.59,12.843,31.731
842.52,481.79,12.851,31.749
842.12,480.89,12.82,31.672
840.41,476.78,12.864,31.783
840.24,475.86,12.81,31.648
839.44,474.97,12.737,31.469
839.43,480.8,12.879,31.818
838.8,479.01,12.852,31.751
838.4,478.74,12.874,31.806
834.03,486.28,12.812,31.653
832.98,484.95,12.71,31.401
831.25,485.21,12.529,30.953
836.48,479.45,12.57,31.056
832.9,475.68,12.37,30.561
832.69,474.74,12.401,30.638
832.27,475.3,12.334,30.472
833.68,474.8,12.382,30.59
833.28,474.96,12.305,30.4
834.49,476.79,12.309,30.411
837.96,478.74,12.344,30.496
838.56,478.07,12.317,30.431
839.15,477.71,12.245,30.253
838.94,477.67,12.281,30.341
839.25,478.78,12.34,30.487
838.98,478.25,12.411,30.663
840.86,477.66,12.423,30.691
840.7,478.07,12.516,30.922
840.75,477.39,12.548,31.001
842.03,477.04,12.556,31.021
842.19,475.7,12.47,30.809
842.39,475.07,12.315,30.427
837.72,485.86,12.473,30.816
843.08,477.1,12.497,30.874
843.42,477.14,12.658,31.272
844.49,477.27,12.613,31.161
844.87,478.12,12.658,31.272
844.72,477.37,12.719,31.423
844.97,477.6,12.703,31.383
840.69,480.09,12.507,30.899
839.5,483.77,12.548,31.001
841.69,485.47,12.797,31.616
842.08,483,12.874,31.805
846.68,477.93,12.8,31.624
848.3,472.63,12.912,31.901
844,483.93,13.083,32.324
842.86,482.93,13.078,32.309
843.08,483.01,13.139,32.461
844.24,482.69,13.212,32.642
848.19,475.48,13.163,32.521
848.26,476.07,13.016,32.158
847.9,476.42,12.944,31.979
848.4,475.98,12.917,31.912
847.37,479.93,12.893,31.854
848,481.24,12.85,31.747
848.36,479.31,12.786,31.588
848.68,479.08,12.736,31.466
848.5,478.12,12.691,31.354
850.15,479.26,12.606,31.145
850.41,479.66,12.684,31.337
852.13,477.9,12.725,31.439
852.22,477.89,12.82,31.673
851.56,477.84,12.873,31.803
851.65,477.82,12.993,32.101
852.04,477.27,12.906,31.885
853.86,478.15,12.906,31.885
854.02,477.18,12.988,32.089
853.09,477.59,12.893,31.852
854.61,479.09,12.762,31.53
855.31,478.64,12.66,31.278
853.27,479.53,12.544,30.992
862.01,490.62,12.703,31.384
854.01,480.07,12.644,31.238
851.97,479.28,12.53,30.957
852.63,479.66,12.443,30.742
853.33,479.67,12.419,30.682
851.99,478.6,12.234,30.225
853.17,478.32,12.207,30.158
852.99,478.3,12.086,29.86
853.53,478.53,12,29.648
857.75,477.34,11.952,29.528
855.49,478.85,11.932,29.479
855.39,477.95,12.012,29.676
855.82,478.82,12.008,29.666
853.6,479.22,11.927,29.466
853.69,478.7,11.986,29.613
855.36,477.2,11.903,29.406
854.83,477.38,11.942,29.504
851.44,480.24,11.86,29.301
854.24,477.75,11.846,29.267
853.19,479.86,11.838,29.246
854.08,479.71,11.762,29.059
855.59,478.88,11.761,29.058
854.85,479.9,11.665,28.82
855.12,478.78,11.607,28.677
854.42,479.03,11.606,28.673
855.47,478.94,11.604,28.669
853.74,479.83,11.615,28.697
853.07,480.34,11.659,28.806
853.16,480.37,11.734,28.991
854.88,480.1,11.66,28.808
862.36,490.25,11.581,28.612
862.75,490.76,11.459,28.311
863.39,492.43,11.378,28.109
862.63,491.97,11.34,28.017
863.22,491.8,11.311,27.944
863.16,492.34,11.278,27.864
863.68,492.73,11.224,27.731
863.68,493.12,11.229,27.743
863.63,492.9,11.289,27.89
863.24,492.89,11.35,28.041
863.05,492.49,11.399,28.163
863.25,492.27,11.32,27.966
863.24,492.5,11.254,27.803
863.97,493.03,11.215,27.707
863.78,493.14,11.203,27.678
863.67,493.02,11.244,27.779
863.55,493.22,11.179,27.619
864.05,493.46,11.377,28.108
863.77,492.8,11.322,27.971
863.26,492.59,11.299,27.914
862.92,493.21,11.23,27.745
864.26,493.26,11.16,27.572
864.39,493.71,11.068,27.346
863.94,492.47,11.086,27.388
864.34,492.75,10.985,27.14
864.36,493.3,10.973,27.109
864.48,493.56,10.912,26.96
864.48,493.7,10.836,26.771
864.46,493.12,10.834,26.767
864.02,492.99,10.826,26.746
864.17,493.06,10.844,26.792
863.99,493.19,10.883,26.888
864.55,493.4,10.925,26.992
865,493.53,10.861,26.832
864.74,493.19,10.839,26.778
864.89,493.12,10.808,26.701
864.91,493.27,10.84,26.781
864.72,493.31,10.766,26.598
864.76,493.4,10.783,26.64
864.79,493.37,10.787,26.649
864.91,493.15,10.838,26.775
865.3,493.11,10.806,26.697
864.95,493.26,10.856,26.821
865.01,493.1,10.905,26.941
865.57,493.11,11.035,27.264
865.33,492.84,11.091,27.401
865.34,492.76,11.128,27.494
865.3,492.78,11.07,27.349
865.28,492.5,11.045,27.288
865.64,492.27,10.97,27.103
866.26,492.77,10.981,27.129
866.21,493.03,10.985,27.14
866.48,492.99,10.977,27.12
866.69,492.82,10.965,27.091
866.99,492.71,10.99,27.152
866.71,492.79,11.006,27.191
867.11,492.83,10.983,27.135
867.13,492.83,10.956,27.067
867.09,492.69,10.987,27.145
867.39,492.49,10.998,27.171
866.97,492.72,10.974,27.113
867.31,492.6,10.995,27.165
867.12,492.59,10.984,27.138
866.9,492.54,10.995,27.164
867.13,492.72,10.956,27.069
867.29,492.79,10.971,27.105
867.16,492.64,10.982,27.132
867.16,492.63,10.993,27.159
867.04,492.61,11.02,27.227
866.51,492.41,10.995,27.165
866.81,492.48,10.982,27.132
866.81,492.72,10.997,27.169
866.47,492.65,10.967,27.096
866.46,492.85,11.005,27.188
866.67,492.75,10.961,27.081
866.41,492.81,10.975,27.115
866.3,492.69,10.982,27.133
866.05,492.76,10.966,27.092
866.18,492.62,11.002,27.181
866.1,492.74,11.012,27.205
866.04,492.99,10.911,26.956
865.86,492.97,10.948,27.047
865.8,492.91,10.936,27.018
865.72,492.94,10.961,27.08
865.67,492.68,10.983,27.134
865.42,493.03,10.998,27.171
865.19,492.88,11.025,27.238
864.66,492.76,10.991,27.155
865.05,492.93,11.03,27.25
864.49,492.65,11.015,27.214
864.33,492.73,10.998,27.17
864.38,493.3,11.004,27.187
864.62,493.26,10.958,27.073
864.39,493.72,10.977,27.12
864.41,493.72,10.978,27.122
863.94,493.71,10.985,27.14
864.1,493.72,10.972,27.106
863.98,493.91,10.959,27.074
863.85,493.94,10.956,27.067
863.84,493.89,10.957,27.069
863.59,494.03,10.94,27.029
863.33,494.17,10.9,26.93
863.07,494.15,10.876,26.87
862.98,494.25,10.833,26.765
862.71,494.39,10.771,26.611
862.87,494.47,10.721,26.486
863.27,495.11,10.638,26.281
863.28,495.15,10.642,26.292
863.67,495.24,10.726,26.499
864.12,495.32,10.671,26.364
864.37,495.24,10.693,26.418
864.85,495.18,10.603,26.194
865.32,495.84,10.432,25.772
870.07,497.44,10.584,26.15
869.62,496.81,10.706,26.45
869.84,497.34,10.809,26.705
864.65,495.21,10.789,26.655
864.79,495.9,10.727,26.503
862.84,496.33,10.698,26.431
862.96,496.64,10.602,26.194
863.16,496.85,10.536,26.031
869.73,496.55,10.668,26.357
865.99,496.61,10.576,26.128
869.2,496.77,10.655,26.324
863.51,496.84,10.657,26.328
864.69,496.81,10.592,26.168
862.46,496.51,10.461,25.844
863.26,496.68,10.557,26.082
862.71,496.46,10.597,26.182
862.86,496.75,10.524,26
863.47,496.54,10.548,26.059
862.17,496.72,10.466,25.857
862.25,496.81,10.442,25.797
862.14,497.03,10.439,25.791
862.59,496.78,10.237,25.291
862.41,496.18,10.182,25.155
863.48,496.43,10.105,24.966
863.72,496.5,10.059,24.852
863.09,496.14,10.074,24.888
863.88,495.59,10.079,24.901
863.73,495.88,10.087,24.92
864.26,495.89,10.024,24.765
863.04,495.38,10.017,24.747
864.05,495.01,9.9426,24.564
863.09,495.23,9.8189,24.258
863.82,495.64,9.8414,24.314
863.89,495.7,9.8754,24.398
863.34,495.61,9.8894,24.433
863.26,495.63,9.9243,24.519
861.76,495.02,9.8921,24.439
862.88,495.55,9.8957,24.448
862.31,495.38,9.8852,24.422
862.83,495.51,9.8978,24.453
863.15,495.33,9.9381,24.553
863.16,495.04,9.8558,24.35
863.27,495.46,9.8918,24.439
863.83,495.55,9.9149,24.496
862.78,494.95,9.9734,24.64
862.88,495.01,10.058,24.849
863.19,494.69,10.185,25.164
862.86,494.28,10.256,25.338
862.5,494.08,10.375,25.632
863.09,494.26,10.56,26.09
862.73,493.29,10.777,26.626
862.68,493.18,10.83,26.757
862.49,492.96,10.895,26.916
863.13,493.41,10.916,26.97
863.2,493.33,10.927,26.995
863.07,493.34,10.95,27.053
862.95,493.31,10.996,27.167
862.93,493.33,11.028,27.247
862.33,493.05,11.069,27.348
862.26,493.13,11.128,27.492
862.21,492.9,11.099,27.422
862.24,493.07,11.019,27.224
862.17,493.28,11.045,27.288
862.04,493.37,11.039,27.273
862.37,493.56,10.937,27.02
862.71,493.93,10.91,26.955
863.02,493.94,11.04,27.275
862.39,493.52,10.96,27.078
862.8,494.02,11.04,27.276
862.27,493.7,11.004,27.185
862.7,493.95,11.005,27.189
862.69,493.96,11.015,27.214
862.74,494.16,10.941,27.031
863.25,494.69,10.93,27.002
863.29,494.91,10.847,26.799
862.82,494.2,10.744,26.543
863.03,494.7,10.61,26.212
863.06,495,10.457,25.835
863.03,495.23,10.374,25.631
862.54,492.34,10.339,25.544
872.43,496.03,10.492,25.923
872.52,495.73,10.641,26.291
873.02,496,10.759,26.582
862.02,492.93,10.711,26.462
863.81,495.08,10.713,26.467
864.2,495.12,10.722,26.491
864.04,495.29,10.724,26.494
863.99,495.27,10.712,26.465
864.52,494.88,10.583,26.146
864.29,494.38,10.552,26.069
864.42,493.18,10.621,26.241
873.71,496.26,10.846,26.796
873.36,495.74,10.777,26.626
873.35,495.99,10.774,26.618
870.08,494.57,10.722,26.49
873.97,496.52,10.744,26.544
873.51,495.74,10.698,26.43
873.49,496.06,10.699,26.433
873.62,496.15,10.841,26.785
873.58,496.16,10.751,26.56
873.71,496.01,10.761,26.587
873.53,496.02,10.744,26.543
873.76,496,10.717,26.477
873.98,496.27,10.751,26.561
873.64,495.82,10.765,26.597
873.78,496.18,10.768,26.604
873.7,496.1,10.744,26.545
873.79,496.07,10.696,26.426
873.91,496.41,10.789,26.656
873.55,495.95,10.731,26.512
874.09,496.27,10.823,26.74
873.76,495.92,10.716,26.475
873.96,496.37,10.864,26.84
873.77,496.03,10.784,26.643
873.61,496.19,10.745,26.546
873.53,496.09,10.709,26.457
874.55,496.52,10.766,26.597
873.59,496.03,10.721,26.488
874.27,496.33,10.823,26.739
873.7,495.98,10.821,26.735
873.81,496.33,10.843,26.788
873.85,496.3,10.858,26.827
873.54,496.11,10.884,26.891
874.36,496.57,10.918,26.974
874.23,497.04,10.973,27.109
874.28,497.11,10.952,27.058
874.23,497.11,10.819,26.729
873.82,496.53,10.777,26.625
873.81,496.61,10.833,26.763
873.78,496.7,10.893,26.912
873.94,497.03,10.988,27.148
874.03,497.14,11.068,27.345
873.4,496.54,10.921,26.981
873.85,497.19,10.978,27.123
873.96,497.06,11.009,27.199
873.71,497.27,10.968,27.098
873.83,497.21,10.953,27.061
873.62,497.7,10.865,26.842
873.55,497.32,10.788,26.652
872.89,497.35,10.857,26.824
873.2,497.6,10.837,26.775
872.5,498.22,10.717,26.478
872.08,498.99,10.71,26.461
872.29,498.11,10.645,26.299
872.5,499.49,10.68,26.386
873.06,499.09,10.537,26.033
873.53,499.18,10.464,25.853
872.04,499.7,10.351,25.573
871.38,499.88,10.273,25.381
870.41,507.45,10.527,26.007
871.5,500.14,10.438,25.789
871.78,500.65,10.522,25.995
875.18,498.31,10.566,26.105
874.39,497.77,10.633,26.27
867.02,500.02,10.459,25.839
863.56,502.56,10.434,25.777
862.52,502.59,10.292,25.426
860.38,509.89,10.407,25.711
859.27,510.25,10.487,25.909
859.61,509.81,10.474,25.878
858.13,510.37,10.777,26.625
858.53,509.36,10.819,26.731
857.67,509.89,11.129,27.495
857.09,509.48,11.078,27.369
858.01,510.11,11.101,27.426
857.22,500.9,11.061,27.327
849.15,503.13,11.181,27.623
847.66,503.22,11.254,27.804
845.08,503.49,11.24,27.77
844.16,503.82,11.234,27.756
843.13,504.33,11.159,27.57
842.65,504.91,11.021,27.228
841.79,504.84,10.963,27.084
841.6,506.21,10.992,27.157
845.36,512.21,10.836,26.772
845.42,512.16,10.505,25.954
842.12,494.56,10.698,26.431
841.74,494.77,10.793,26.666
840.69,494.68,10.846,26.796
839.84,495.13,10.891,26.907
839.71,495.82,10.882,26.885
839.35,495.87,10.914,26.965
838.49,495.95,10.889,26.903
837.79,495.54,10.893,26.912
837.01,496.69,10.865,26.843
836.64,495.89,10.761,26.587
836.22,496.34,10.817,26.725
835.77,496.54,10.823,26.738
835.63,496.12,10.748,26.555
835.04,495.63,10.702,26.441
834.38,495.7,10.697,26.427
834.18,494.97,10.694,26.42
833.63,495.49,10.669,26.358
823.43,507.21,10.767,26.6
822.66,506.69,10.909,26.952
822.66,507.34,10.938,27.024
822.31,507.69,10.956,27.068
836.12,508.18,10.932,27.01
835.13,507.84,10.967,27.096
834.15,507.99,10.979,27.123
832.74,507.81,11.11,27.448
832.3,507.69,11.106,27.44
830.64,507.27,11.037,27.268
829.96,507.23,10.952,27.058
820.92,501.58,10.977,27.12
821.11,507.86,10.948,27.047
809.74,509.74,10.869,26.852
809.26,509.99,10.889,26.902
809.27,510.16,10.923,26.987
810.45,510.36,10.95,27.054
817.29,505.65,10.928,26.998
817.55,505.37,10.973,27.109
816.18,505.52,11.019,27.224
816.05,505.71,10.887,26.897
815.75,505.65,10.896,26.92
809.9,510.98,10.865,26.842
809.3,510.91,10.868,26.85
809.22,511.04,10.857,26.824
809.06,511.57,10.836,26.77
807.88,511.99,10.889,26.903
809.87,515.36,10.909,26.952
804.89,507.07,10.818,26.726
803.36,506.44,10.842,26.786
810.42,509.55,10.795,26.669
810.7,516.76,10.761,26.587
809.33,516.84,10.735,26.521
820.92,526.18,10.757,26.576
819.48,526.12,10.787,26.65
819.24,527.43,10.865,26.844
819.63,526.32,10.861,26.832
820.14,526.16,10.866,26.845
819.97,526.3,10.854,26.817
822.01,524.25,10.796,26.672
819.47,525.15,10.828,26.751
819.95,524.32,10.815,26.719
819.25,523.86,10.862,26.836
818.84,522.68,10.801,26.685
804.3,532.2,10.738,26.528
805.2,532.25,10.735,26.523
805.74,532.36,10.743,26.541
805.26,532,10.812,26.712
805.22,531.18,10.865,26.842
805.27,531.21,10.9,26.929
805.64,530.94,10.944,27.038
805.43,529.51,10.919,26.977
804.05,528.84,10.898,26.925
803.69,528.1,10.832,26.761
801.31,527.54,10.764,26.593
799.17,528.59,10.794,26.667
785.16,533.93,10.819,26.729
784.32,534.11,10.838,26.776
788.24,534.71,10.741,26.536
784.67,536.06,10.798,26.678
787.75,529.57,10.91,26.955
778.66,533.24,10.851,26.808
786.04,527.84,10.962,27.082
780.64,532.54,10.872,26.86
777.91,532.05,10.797,26.674
775.29,533,10.785,26.644
772.62,533.55,10.741,26.537
771.31,539.43,10.777,26.625
753.78,530.35,10.735,26.522
752.92,532.4,10.762,26.59
749.56,532.16,10.758,26.578
748.16,532.67,10.712,26.465
745.42,539.98,10.682,26.391
743.22,541.06,10.718,26.479
740.31,547.52,10.788,26.653
739.03,546.95,10.775,26.62
739.17,547.34,10.771,26.611
738.52,546.72,10.762,26.589
738.56,547.03,10.749,26.557
738.64,546.56,10.76,26.583
738.35,546.15,10.78,26.633
738.12,545.45,10.8,26.682
736.64,544.97,10.737,26.528
734.68,544.94,10.717,26.478
732.48,544.13,10.717,26.477
727.9,545.58,10.79,26.659
727.65,544.27,10.786,26.648
726.94,545.71,10.853,26.814
725.28,545.19,10.735,26.521
725.66,545.37,10.795,26.669
725.56,544.82,10.758,26.579
724.12,544.57,10.765,26.597
723.66,544.33,10.777,26.626
723.24,544.42,10.812,26.712
716.91,548.99,10.972,27.108
707.58,554.39,10.899,26.927
707.73,554.52,10.858,26.827
706.39,554.08,10.867,26.847
707.89,553.34,10.825,26.744
706.87,554.07,10.828,26.752
706.53,552.75,10.826,26.747
706.81,551.22,10.783,26.64
705.8,550.74,10.817,26.724
704.88,550.66,10.806,26.698
703.61,551.11,10.799,26.68
701.92,552.27,10.83,26.757
700,553.41,10.818,26.727
697.24,552.66,10.775,26.62
695.95,552.51,10.767,26.601
694.78,551.82,10.781,26.634
694.33,552.02,10.746,26.549
693.89,551.38,10.715,26.473
695.02,552.99,10.729,26.506
693.13,551.82,10.717,26.476
691.08,550.52,10.731,26.512
678.05,560.2,10.785,26.645
677.51,559.94,10.791,26.66
677.36,560.09,10.8,26.682
670.13,557.69,10.814,26.717
678.3,559.37,10.745,26.546
678.1,559.58,10.776,26.622
677.85,559.73,10.781,26.634
678.81,558.2,10.843,26.788
677.68,558.78,10.829,26.753
676.68,558.31,10.823,26.74
675.42,557.18,10.821,26.735
672.87,557.15,10.797,26.675
671.49,557.27,10.835,26.77
669.14,557.79,10.773,26.617
666.31,558.97,10.784,26.643
663.16,560.57,10.79,26.658
660.83,560.53,10.834,26.768
659.43,559.94,10.756,26.573
666.27,553.94,10.706,26.449
652.7,549.85,10.713,26.467
637.81,552.37,10.772,26.612
637.49,569.13,10.742,26.538
638.22,568.21,10.731,26.511
638.07,568.35,10.773,26.617
636.35,566.97,10.835,26.77
635.03,565.45,10.775,26.62
632.9,565.48,10.736,26.525
631.31,566.48,10.807,26.7
626.95,568.27,10.776,26.622
624.87,568.67,10.733,26.516
619.05,562.24,10.755,26.572
616.83,561.77,10.816,26.723
605.18,553.19,10.803,26.69
603.23,553.89,10.787,26.649
600.8,554.05,10.892,26.909
599.99,556.12,10.914,26.965
592,546.52,10.833,26.764
590.8,546.25,10.796,26.672
589.52,546.66,10.75,26.56
589.76,554.25,10.799,26.68
580.47,559.41,10.85,26.807
572.42,571.55,10.867,26.848
571.59,573.19,10.79,26.658
571.59,573.53,10.832,26.761
579.81,567.42,10.829,26.753
572.38,571.89,10.841,26.783
571.64,571.56,10.857,26.823
570.62,571.73,10.883,26.887
570.33,571.81,10.904,26.939
569.22,571.9,10.844,26.79
554.01,576.65,10.861,26.832
553.36,576.75,10.857,26.823
553.56,576.81,10.883,26.886
552.55,577.88,10.897,26.922
558.77,581.79,10.876,26.87
553.95,580.81,10.767,26.601
556.47,589.57,10.847,26.798
563.39,581.05,10.855,26.819
566.75,589,10.808,26.703
565.65,589.37,10.773,26.614
557.68,582.27,10.829,26.755
556.53,583.38,10.864,26.84
546.99,595.29,10.857,26.824
546.62,595.24,10.792,26.663
555.1,598.35,10.859,26.829
548.21,600.34,10.869,26.853
546.04,598.13,10.795,26.671
546.66,598.58,10.794,26.667
546.11,598.38,10.802,26.688
546.05,598.4,10.747,26.551
545.8,598.25,10.729,26.506
545.32,598.3,10.74,26.533
543.47,597.64,10.725,26.496
541.43,597.48,10.661,26.339
539.31,599.46,10.659,26.334
535.46,600.25,10.765,26.595
532.84,599.5,10.75,26.56
532.39,599.59,10.72,26.484
531.93,600.08,10.733,26.516
525.95,600.67,10.648,26.306
528.17,603.09,10.582,26.144
523.13,604.47,10.639,26.285
521.05,606.61,10.698,26.431
517.27,608.89,10.738,26.528
512.41,610.53,10.733,26.518
509.25,611.68,10.77,26.609
506.17,612.17,10.74,26.534
502.42,612.87,10.741,26.536
502.13,612.63,10.749,26.557
501.77,612.73,10.783,26.64
502.05,612.43,10.742,26.54
501.82,612.83,10.744,26.545
501.68,612.73,10.732,26.514
501.48,612.81,10.759,26.58
510.58,608.8,10.719,26.482
510.21,610.34,10.764,26.593
507.99,610.24,10.716,26.475
503.13,611.88,10.741,26.537
502.66,610.94,10.729,26.507
501.89,611.98,10.732,26.515
502.74,612.26,10.706,26.451
502.49,612.2,10.712,26.464
502.8,612.4,10.716,26.475
501.71,612.07,10.636,26.277
502.17,612.18,10.612,26.219
502.19,612.2,10.579,26.136
501.04,611.41,10.488,25.912
482.82,615.29,10.601,26.191
482.96,615.92,10.669,26.359
482.72,616.53,10.741,26.535
482.28,616.28,10.697,26.429
482.84,616.28,10.77,26.609
482.29,615.77,10.77,26.609
481.87,615.8,10.766,26.598
482.66,615.14,10.729,26.506
484.72,613.76,10.675,26.374
483.11,614.37,10.758,26.579
480.51,614.26,10.829,26.754
481.02,613.67,10.85,26.807
480.25,614.42,10.88,26.88
480.37,614.23,10.931,27.005
479.72,614.33,11.005,27.189
480.77,616.8,10.865,26.842
479.87,616.78,10.87,26.854
480.53,616.93,10.839,26.778
480.06,617.26,10.754,26.57
479.55,616.16,10.822,26.737
479.3,616.24,10.805,26.694
475.55,614.14,10.747,26.55
461.93,618.52,10.673,26.369
458.92,610.41,10.761,26.587
462.04,617.79,10.708,26.454
465.44,631.93,10.657,26.329
473.9,647.5,10.754,26.569
475.17,647.79,10.757,26.577
473.82,647.51,10.752,26.564
463.24,658.11,10.725,26.497
477.86,663.86,10.725,26.497
474.49,662.36,10.737,26.527
474.87,663.02,10.679,26.384
473.42,661,10.672,26.367
460.96,682.96,10.615,26.226
461.18,683.54,10.59,26.164
447.44,676.65,10.637,26.281
441.08,674.45,10.654,26.322
439.28,674.61,10.683,26.394
432.68,670.77,10.74,26.534
430.59,669.66,10.719,26.481
429.9,669.77,10.734,26.519
430.06,669.97,10.679,26.384
430.32,669.55,10.661,26.339
429.24,669.68,10.66,26.335
428.35,669.45,10.654,26.321
426.99,669.86,10.61,26.214
420.26,664.3,10.569,26.112
422.91,666.57,10.603,26.196
419.69,647.19,10.641,26.29
421.61,647.73,10.681,26.388
421.91,648.18,10.696,26.425
423.18,648.44,10.713,26.468
422.72,648.67,10.758,26.578
422.6,647.77,10.761,26.587
422.82,648.22,10.788,26.653
423.57,647.89,10.775,26.621
423.11,648.65,10.768,26.604
422.94,648.72,10.716,26.474
423.73,649.46,10.762,26.589
427.01,643.01,10.681,26.389
433.97,644.22,10.606,26.203
436.08,648.17,10.572,26.119
438.33,645.4,10.614,26.224
441.48,645.56,10.639,26.285
431.26,637.17,10.678,26.38
435.38,643.97,10.709,26.457
430.97,640.95,10.817,26.724
431.06,643.23,10.791,26.66
433.92,643.75,10.773,26.615
436.3,645.58,10.84,26.782
432.92,643.26,10.807,26.699
436.9,644.04,10.811,26.711
439.53,642.38,10.779,26.629
439.24,643.56,10.773,26.616
437.4,644.62,10.774,26.617
451.86,644.52,10.826,26.746
460.18,640.97,10.816,26.721
454.62,642.82,10.839,26.778
468.45,639.75,10.784,26.642
471.93,639.13,10.819,26.728
476.76,640.19,10.757,26.577
476.51,640.62,10.749,26.556
477.17,640.63,10.71,26.46
477.3,641.19,10.758,26.579
477.32,640.8,10.748,26.553
477.73,640.95,10.753,26.567
476.55,640.88,10.82,26.732
478.12,641.59,10.822,26.738
480.22,638.06,10.941,27.03
479.86,639.07,11.005,27.19
480.51,638.73,11.087,27.393
481.19,637.78,11.16,27.571
480.89,639.61,11.219,27.717
480.67,640.04,11.329,27.989
491.65,636.27,11.277,27.86
488.11,636.27,11.245,27.781
490.95,636.48,11.236,27.76
493.09,637.86,11.143,27.53
494.55,637.3,11.042,27.28
494.97,638.47,11.017,27.218
495.39,639.07,10.84,26.782
509.72,638.92,10.912,26.96
510.68,638.48,10.989,27.149
510.68,639.27,11.087,27.392
517.5,637.95,11.143,27.529
526.35,636.09,11.064,27.334
528.56,635.85,10.969,27.101
531.05,636.45,10.98,27.126
531.85,636.74,10.989,27.149
532.81,636.87,10.966,27.093
533.29,637.4,10.938,27.023
533.81,637.35,10.941,27.03
533.91,637.19,10.936,27.019
533.53,637.5,10.908,26.949
534,637.26,10.912,26.959
533.76,637.27,10.92,26.979
533.65,637.24,10.938,27.024
533.9,637.47,10.965,27.09
533.45,637.75,10.991,27.153
535.45,638.64,10.984,27.138
541.53,638.8,10.954,27.063
533.65,636.99,10.975,27.114
533.97,636.73,10.981,27.128
540.33,632.47,11.005,27.19
540.92,631.83,10.986,27.141
541.85,632.29,10.957,27.07
542.74,632.53,10.937,27.02
544.49,632.63,10.918,26.975
547.33,632.51,10.953,27.06
550.81,632.7,10.933,27.011
565.12,634.98,10.936,27.019
566.31,635.88,10.906,26.945
575.86,631.58,10.879,26.877
579.07,629.95,10.902,26.934
565.84,634.02,10.944,27.039
566.19,634.4,10.976,27.116
566.54,633.95,10.95,27.052
566.47,633.57,10.974,27.112
572.07,631.79,11.152,27.552
575.8,630.08,11.233,27.751
573.65,631.48,11.116,27.463
574.97,631.57,11.05,27.3
579.24,631.36,11.067,27.342
589.55,629.35,10.986,27.141
590.33,630.17,10.921,26.981
591,630.04,10.92,26.98
591.23,630.2,10.996,27.166
594.49,630.18,10.922,26.984
590.57,629.82,10.874,26.864
591.57,628.27,10.924,26.99
593.18,628.56,10.975,27.114
592.93,628.91,11.047,27.293
592.87,628.61,11.085,27.387
593.61,627.83,11.132,27.504
594.36,627.95,11.175,27.608
598.63,626.77,11.293,27.9
599.3,626.75,11.124,27.482
601.17,626.35,10.999,27.175
605.52,626.76,10.997,27.168
620.54,630.27,11.009,27.198
620.64,630.37,10.95,27.053
620.93,630.2,10.958,27.074
621.1,629.52,11.081,27.376
621.45,628.1,11.106,27.438
621.86,627.77,11.212,27.699
624.48,626.85,11.264,27.829
625.15,627.19,11.198,27.666
621.99,629.85,11.237,27.761
621.64,630.04,11.1,27.424
621.24,629.37,10.987,27.145
622.58,628.56,11.022,27.23
624.98,626.74,11.07,27.349
628.63,625.97,11.082,27.378
646.99,623.99,11.147,27.539
647.76,623.69,11.144,27.532
649.63,623.19,11.178,27.617
653.79,624.48,11.153,27.554
646.97,622.17,11.171,27.598
648.88,622.34,11.204,27.681
649.29,622.48,11.279,27.865
649.54,622.25,11.29,27.892
649.87,622.13,11.365,28.078
650,621.71,11.355,28.054
650.72,621.89,11.315,27.954
651.79,621.63,11.303,27.924
653.45,621.19,11.229,27.742
653.48,621.98,11.21,27.696
653.55,621.6,11.155,27.56
674.29,623.01,11.039,27.272
674.04,622.63,10.973,27.11
674.72,622.67,10.967,27.094
675.13,622.74,10.903,26.938
674.78,622.72,10.898,26.924
674.38,622.84,10.95,27.052
674.3,622.35,10.962,27.083
674.15,621.31,11.072,27.354
674.04,620.28,11.103,27.431
672.38,622.15,11.081,27.376
672.97,622.35,11.044,27.286
672.89,621.85,11.065,27.337
672.88,622.18,10.989,27.149
674.33,622.22,10.978,27.123
674.1,622.6,10.97,27.101
673.2,622.71,10.983,27.134
679.33,619.18,11.026,27.24
673.2,620.88,11.009,27.199
674.58,620.18,11.04,27.275
676.71,618.69,10.95,27.053
679.97,618.89,10.912,26.96
693.59,616.25,10.98,27.128
694.4,616.3,11.05,27.301
695.42,616.05,11.018,27.22
698.73,616.6,11.008,27.196
702.83,616.43,10.959,27.075
706.02,615.65,10.948,27.049
709.86,614.22,10.979,27.125
713.43,612.6,11.01,27.2
