1211,5,29,56
1211,6.1754,29.063,56.123
1211,7.6467,29.009,56.018
1210.8,8.5812,29.278,56.536
1211,10.186,29.24,56.463
1210.5,11.335,29.739,57.427
1211.2,13.198,29.668,57.29
1210.9,14.607,29.464,56.896
1211.3,16.728,29.456,56.881
1211.4,18.099,29.33,56.638
1211,19.42,29.078,56.15
1211.4,21.196,29.032,56.063
1210.8,21.885,29.293,56.566
1210.9,23.194,29.361,56.698
1210.8,24.738,29.18,56.348
1211.2,26.866,29.222,56.429
1211.2,28.441,29.048,56.092
1210.6,28.887,29.322,56.622
1210.7,30.388,29.412,56.795
1210.9,32.678,29.462,56.891
1211,34.52,29.356,56.688
1210.4,35.36,29.423,56.816
1210.9,37.01,29.377,56.728
1210.3,38.163,29.427,56.824
1210.6,40.485,29.516,56.996
1210.1,41.557,29.722,57.394
1210,43.088,29.743,57.435
1210.1,44.383,29.68,57.313
1208.9,45.644,29.773,57.492
1209.3,47.482,29.794,57.534
1208.9,49.198,29.674,57.301
1208.3,50.282,29.835,57.612
1208.4,52.131,29.916,57.77
1207.7,53.448,29.783,57.511
1207.8,55.788,29.946,57.826
1206.9,56.316,30.214,58.344
1206.9,57.854,29.872,57.683
1206.2,59.23,30.256,58.425
1205.9,60.978,30.078,58.082
1206.1,62.946,30.062,58.051
1205.8,64.347,30.116,58.155
1205.5,66.007,30.029,57.986
1205.1,67.351,30.196,58.31
1204.4,68.21,30.002,57.935
1203.8,69.475,30.322,58.552
1204,71.711,30.272,58.456
1203.5,73.05,29.979,57.891
1202.9,74.321,30.205,58.326
1202.6,75.82,30.225,58.366
1202.2,77.392,30.016,57.961
1202.4,79.55,29.938,57.81
1201.6,80.467,29.928,57.792
1201.2,81.661,29.976,57.885
1200.8,82.774,30.182,58.282
1200.6,84.155,30.081,58.087
1200.6,86.268,29.98,57.893
1199.7,87.496,29.996,57.923
1199.3,88.416,30.28,58.471
1198.9,89.855,30.286,58.483
1198.6,91.648,30.113,58.149
1198.6,93.331,30.031,57.99
1198,94.672,30.218,58.353
1197.2,95.832,30.04,58.007
1197.3,97.726,30.17,58.259
1196.3,98.272,30.286,58.483
1195.7,99.351,30.267,58.447
1195.7,101.36,29.939,57.813
1194.9,102.15,30.071,58.068
1194.8,104.06,30.209,58.334
1194.1,105.05,30.21,58.337
1193.6,106.77,30.091,58.107
1193.9,108.79,30.111,58.145
1193.4,109.95,30.141,58.204
1193.4,111.39,29.837,57.616
1192.9,112.64,29.995,57.922
1191.9,113.57,29.956,57.846
1191.8,114.72,30.013,57.956
1192.1,116.96,29.934,57.803
1191,117.61,30.077,58.08
1191,119.26,30.295,58.5
1190.1,120.24,30.119,58.161
1190.4,121.85,30.166,58.253
1189.6,122.58,29.921,57.779
1189.2,124.41,29.934,57.803
1188.7,125.53,30.173,58.266
1188.2,126.8,30.186,58.29
1187.7,128.48,30.02,57.969
1187.8,130.03,30.024,57.977
1187.9,131.49,29.998,57.927
1186.8,132.36,30.247,58.408
1186.6,133.2,30.08,58.085
1186.6,134.71,30.239,58.392
1185.7,135.61,30.105,58.135
1185.8,137.43,30.232,58.38
1185.3,138.29,30.088,58.1
1185.4,139.89,30.164,58.248
1184.5,140.38,30.217,58.35
1184.3,141.69,30.019,57.967
1184.2,143.66,30.197,58.312
1183.2,144.04,30.368,58.642
1183.1,145.72,30.347,58.601
1182.6,146.58,30.45,58.8
1182,147.81,30.338,58.584
1182,149.23,30.212,58.34
1180.9,149.95,30.287,58.485
1180.2,150.67,30.373,58.652
1180.4,151.99,30.335,58.578
1179.6,153.18,30.549,58.991
1178.5,153.89,30.654,59.193
1178.2,155.12,30.852,59.577
1177.3,155.42,30.979,59.821
1177,156.88,31.167,60.185
1176,157.59,31.196,60.24
1175.4,158.47,31.141,60.134
1175,159.4,31.089,60.034
1174.4,160.44,31.211,60.269
1173.7,161.34,31.199,60.247
1173.2,162.44,31.052,59.962
1172.7,163.94,31.233,60.312
1172,164.78,31.011,59.883
1171.8,166.07,31.215,60.277
1170.9,166.29,31.045,59.95
1170.7,167.53,31.275,60.394
1170,168.88,31.173,60.196
1169.1,169.46,30.976,59.815
1168.7,170.88,31.221,60.29
1167.3,171.19,31.119,60.093
1166.5,172.1,31.172,60.195
1166,173.01,31.101,60.057
1165.1,173.82,31.251,60.347
1164.7,174.82,31.224,60.294
1163.7,174.99,31.189,60.226
1162.8,175.95,31.255,60.355
1162.2,177.33,31.46,60.75
1161.2,177.52,31.437,60.705
1160.3,178.24,31.332,60.503
1159.9,179.72,31.283,60.409
1159.4,180.58,31.194,60.237
1158.3,180.75,31.282,60.406
1157.7,181.72,31.324,60.488
1157.2,182.8,31.194,60.237
1156.1,183.25,31.135,60.123
1155.2,183.8,31.124,60.102
1154.6,184.31,31.374,60.584
1154.5,185.6,31.285,60.412
1153.6,186.49,31.22,60.286
1152.5,186.93,30.975,59.814
1152.4,188.23,31.058,59.975
1151.6,188.79,31.295,60.431
1151.2,189.48,31.258,60.359
1150.5,190.65,31.22,60.286
1149.5,190.99,31.198,60.244
1149,191.87,31.136,60.125
1148.4,192.43,31.207,60.262
1148,192.97,31.178,60.206
1147.6,193.9,31.24,60.325
1147.5,195.16,31.151,60.153
1146.8,195.43,31.086,60.028
1146.5,196.43,30.998,59.857
1146.5,197.9,31.141,60.135
1145.8,198.34,31.22,60.286
1145.5,198.71,31.101,60.057
1145.5,199.51,31.036,59.931
1145.4,200.84,31.238,60.323
1145.2,201.51,31.144,60.139
1144.5,201.91,31.233,60.311
1144.2,202.6,31.14,60.131
1144.3,203.25,31.099,60.053
1144.2,204.13,31.093,60.041
1144.1,205.3,31.076,60.01
1144.5,206.36,31.124,60.102
1144,206.73,31.051,59.96
1144.4,207.7,31.209,60.266
1143.8,207.94,31.189,60.227
1143.9,208.85,31.216,60.278
1144,209.83,31.257,60.359
1144.4,211.23,31.13,60.112
1143.7,211.46,31.205,60.259
1143.9,212.37,31.211,60.27
1143.6,212.99,31.188,60.225
1143.9,214.11,31.187,60.222
1143.7,215.06,31.197,60.243
1143.7,215.39,31.282,60.406
1144.5,216.93,31.153,60.157
1144.1,217.27,31.054,59.966
1144.7,218.4,31.223,60.293
1144.3,219.44,30.966,59.796
1144.7,220.53,31.253,60.35
1144.9,221.36,31.123,60.1
1144.5,221.93,31.175,60.201
1144.6,222.7,31.128,60.11
1144.9,223.86,31.167,60.184
1145.3,224.78,31.089,60.033
1145.6,225.6,31.117,60.088
1145.7,226.52,31.172,60.195
1145.7,227.56,31.225,60.296
1146.3,228.73,31.121,60.096
1146.1,229.83,31.141,60.134
1146.4,230.7,31.284,60.41
1147,232.09,31.201,60.25
1146.7,232.69,31.275,60.394
1147.4,234.67,31.238,60.321
1147.8,235.91,31.12,60.094
1147.4,236.16,31.175,60.199
1147.5,237.42,31.308,60.457
1148.3,238.85,31.296,60.433
1148.5,239.94,31.348,60.533
1148.6,241.23,31.49,60.809
1148.2,242.11,31.317,60.475
1149.1,243.53,31.23,60.307
1148.5,244.31,31.21,60.267
1148.6,245.57,31.453,60.737
1148.8,246.66,31.426,60.684
1149.1,247.92,31.421,60.674
1149.5,249.18,31.437,60.706
1149.5,250.26,31.385,60.605
1150.3,252.03,31.495,60.819
1150,252.67,31.474,60.778
1150,254.21,31.438,60.707
1150.5,255.6,31.468,60.766
1150.9,256.78,31.347,60.533
1151.4,258.53,31.472,60.773
1151.1,258.88,31.507,60.842
1151.3,260.03,31.593,61.008
1152.2,261.39,31.685,61.184
1152.3,262.95,31.795,61.396
1152.1,263.67,32.008,61.809
1152.5,264.84,32.07,61.929
1152.7,265.83,32.195,62.17
1153.8,267.41,32.1,61.986
1153.5,268.39,32.214,62.206
1154.4,269.97,32.192,62.164
1154.7,271.36,32.234,62.246
1155.3,272.3,32.353,62.474
1155.6,273.17,32.143,62.07
1155.9,274.41,32.141,62.064
1156.4,275.75,32.307,62.386
1157.8,277.35,32.112,62.01
1157.8,278.41,32.141,62.065
1158.2,279.36,32.291,62.356
1159.4,281.19,32.261,62.297
1159.9,282.38,32.439,62.642
1160.1,283.27,32.365,62.498
1160.9,284.61,32.326,62.422
1161.6,286.03,32.198,62.176
1162.7,287.64,32.479,62.718
1163.6,289.15,32.233,62.243
1164.2,290.05,32.412,62.589
1164.6,291.16,32.288,62.349
1165.9,293.04,32.219,62.216
1166.9,293.79,32.348,62.465
1167.2,294.89,32.439,62.642
1168.3,296.29,32.323,62.416
1169.3,297.34,32.435,62.633
1169.9,298.63,32.421,62.606
1170.9,299.94,32.436,62.635
1172,301.37,32.542,62.84
1173.5,303.1,32.604,62.96
1174.5,304.26,32.603,62.957
1175.6,305.37,32.715,63.173
1175.9,305.94,32.82,63.376
1178.1,307.8,32.787,63.312
1179.2,309.01,32.798,63.334
1180.5,310.58,32.702,63.149
1180.9,311.25,32.738,63.219
1182.2,312.9,32.607,62.966
1183.9,314.72,32.655,63.057
1184.8,315.26,32.632,63.014
1185.8,316.24,32.688,63.122
1187,317.26,32.859,63.452
1189.7,318.44,32.666,63.079
1190.1,320.01,32.53,62.817
1191.5,321.84,32.545,62.845
1193,322.52,32.665,63.077
1193.6,323.15,32.678,63.103
1194.7,324.71,32.688,63.121
1196.1,325.66,32.684,63.113
1197.2,326.93,32.985,63.695
1198.5,328.05,33.078,63.875
1200.1,329.47,32.937,63.603
1201.2,330.58,32.989,63.703
1202.6,331.42,33.283,64.27
1203.9,332.31,33.389,64.475
1205.4,333.89,33.327,64.355
1206.6,334.42,33.472,64.636
1208.4,336.26,33.317,64.336
1209.2,337.1,33.579,64.843
1210.8,338.28,33.335,64.371
1212.2,339.55,33.234,64.176
1214,341.18,33.136,63.987
1215.5,342.13,33.581,64.847
1216.5,343.18,33.278,64.262
1218,343.85,33.105,63.927
1220,345.63,33.081,63.881
1220.7,346.08,33.158,64.029
1222.6,347.73,33.232,64.172
1224.1,348.79,33.097,63.911
1225,350.17,33.121,63.958
1226.4,351.08,33.025,63.771
1227.3,351.77,33.117,63.951
1229.2,353.63,32.987,63.7
1229.9,354.66,33.127,63.969
1231.6,355.64,33.351,64.402
1232.4,355.97,33.278,64.262
1233.6,357.42,33.189,64.088
1235.5,359.16,33.044,63.809
1235.8,359.72,33.278,64.26
1237.2,360.47,33.061,63.842
1238.1,361.71,33.184,64.079
1239.9,363.13,33.157,64.028
1240.9,364.16,33.222,64.153
1242,365.75,33.101,63.919
1243.1,366.67,33.231,64.169
1244.5,368.01,33.095,63.907
1245.8,369.36,33.05,63.822
1246.3,370.19,32.989,63.702
1247.1,371.58,33.145,64.005
1248.7,373.22,33.057,63.834
1249.1,373.74,33.307,64.317
1250.1,374.61,33.352,64.405
1250.7,375.48,33.618,64.918
1251.9,377.15,33.316,64.334
1252.7,378.21,33.341,64.382
1253.5,379.17,33.569,64.823
1254.5,380.38,33.169,64.051
1255.7,382.25,33.194,64.099
1256.4,383.8,33.228,64.165
1257.5,384.7,33.262,64.23
1257.9,385.33,33.151,64.016
1258.9,387.09,33.161,64.036
1259.6,387.91,33.172,64.056
1260.6,389.24,33.088,63.895
1261.1,390.46,33.052,63.825
1261.4,391.11,33.087,63.893
1261.7,392.26,33.305,64.313
1262.6,393.17,33.564,64.813
1263.4,394.59,33.527,64.743
1264.4,395.97,33.722,65.118
1264.8,397.45,33.44,64.574
1265.4,398.63,33.396,64.488
1265.7,399.07,33.339,64.379
1266.2,400.3,33.208,64.126
1267.2,401.79,33.108,63.933
1267.8,403.23,33.086,63.89
1267.7,403.63,33.243,64.193
1268.1,404.81,33.174,64.061
1268.8,406.73,33.25,64.206
1268.7,407.33,33.38,64.458
1269.1,408.68,33.229,64.166
1269.9,410.96,33.198,64.107
1270,412.61,33.279,64.262
1269.7,413.24,33.298,64.3
1269.9,414.81,33.279,64.262
1269.8,416.06,33.231,64.169
1270.3,418.37,33.163,64.039
1270.3,419.99,33.171,64.054
1270.3,421.3,33.367,64.432
1269.9,422.13,33.279,64.263
1269.7,423.44,33.403,64.503
1269.6,425.27,33.539,64.766
1269.6,426.31,33.58,64.844
1268.7,427.1,33.422,64.538
1268.7,428.87,33.368,64.434
1267.8,429.67,33.432,64.558
1267.9,431.67,33.341,64.383
1266.7,432.13,33.621,64.923
1265.9,433.15,33.773,65.217
1265.7,434.64,33.89,65.442
1264.8,435.31,33.867,65.399
1263.8,436.42,33.944,65.548
1263.1,437.64,34.078,65.806
1262.7,439.27,34.104,65.856
1262.1,440.1,34.017,65.688
1261,441.28,33.944,65.546
1259.8,442.11,33.89,65.442
1259,442.74,33.726,65.126
1258.3,444.35,33.731,65.135
1257,445.42,33.712,65.099
1255.9,446.64,33.712,65.098
1254.4,447.34,33.951,65.561
1252.5,447.96,34.046,65.743
1251.6,449.42,34.051,65.755
1250.5,450.09,33.959,65.577
1248.3,450.54,33.972,65.6
1246.7,451.48,34.07,65.791
1245.3,452.32,34.433,66.491
1243.5,453.48,34.452,66.527
1241.8,454.41,34.372,66.373
1240.4,455.34,34.332,66.297
1238.4,456.4,34.206,66.052
1235.5,456.58,34.326,66.285
1234.5,457.97,34.246,66.131
1231.6,458.67,34.292,66.218
1229.5,459.51,34.43,66.486
1227.8,460.67,34.659,66.928
1225.3,461.66,34.598,66.809
1222.6,461.98,34.513,66.646
1220.7,462.89,34.453,66.53
1218.4,464.65,34.485,66.591
1215.1,464.53,34.667,66.944
1213.4,466.06,34.563,66.743
1210.4,466.71,34.348,66.327
1208.5,467.27,34.528,66.675
1205,468.19,34.417,66.46
1202.8,469.06,34.55,66.718
1199.3,469.36,34.716,67.037
1197.1,470.52,34.742,67.089
1194.2,470.96,34.839,67.275
1190.9,470.85,35.115,67.808
1187.8,471.41,35.04,67.663
1185,472.38,35.187,67.948
1181.8,472.31,35.236,68.041
1178.8,472.94,35.142,67.86
1175.7,473.32,35.13,67.837
1172.4,474.18,35.11,67.798
1169.1,474.69,35.124,67.826
1166.1,475.27,35.078,67.736
1162.8,475.94,35.123,67.824
1158.4,475.3,35.212,67.995
1155.8,476.03,35.08,67.74
1152.8,476.61,35.114,67.806
1148.8,476.28,35.266,68.1
1146.3,477.51,35.092,67.765
1142.7,477.65,35.082,67.745
1139.2,478.16,35.077,67.735
1136.1,478.5,34.895,67.383
1132.3,478.31,34.973,67.535
1129.7,479.03,35.02,67.625
1126.3,479.52,34.907,67.406
1122.2,478.85,34.909,67.41
1118.6,479.36,34.889,67.372
1115.6,479.17,34.999,67.585
1112.4,479.57,35.113,67.804
1109,478.97,35.133,67.843
1105.6,479.37,35.321,68.206
1102.8,479.61,35.405,68.368
1099,479.31,35.303,68.172
1096.1,479.98,35.338,68.238
1092.9,479.88,35.255,68.079
1089.6,479.79,35.369,68.299
1086.4,479.41,35.691,68.921
1083.1,478.62,35.739,69.013
1079.3,477.81,35.84,69.209
1076.3,477.15,35.969,69.458
1073.8,477.66,36.034,69.582
1070.1,476.52,35.793,69.117
1067,476.6,35.767,69.068
1064.2,476.49,35.601,68.747
1062,477.01,35.43,68.417
1058.5,475.9,35.345,68.252
1055.4,476.01,35.344,68.251
1052.5,475.89,35.402,68.362
1050,475.73,35.303,68.171
1047.1,475.19,35.313,68.191
1044.5,474.66,35.376,68.313
1041.4,474.4,35.318,68.201
1038.7,473.52,35.308,68.181
1035.8,473.89,35.34,68.243
1033.3,473.25,35.291,68.149
1031.1,472.78,35.231,68.031
1027.6,472.25,35.211,67.994
1025.2,471.54,35.128,67.833
1022.7,471.25,35.213,67.997
1020.4,470.69,35.018,67.622
1018.2,470.94,34.939,67.468
1015.8,470.43,34.837,67.272
1012.8,469.75,34.882,67.357
1010.6,469.1,34.948,67.485
1008.3,469.27,34.964,67.516
1005.6,468.54,35.111,67.801
1003.3,467.62,34.982,67.551
1001.7,468.06,35.221,68.012
999.31,467.09,35.014,67.613
997.57,467.63,34.905,67.402
994.83,466.38,34.977,67.543
993.17,466.7,34.78,67.161
991.35,466.38,34.553,66.723
988.56,465.51,34.625,66.862
986.84,465.31,34.622,66.857
985.08,464.85,34.524,66.668
983.18,464.31,34.392,66.412
981.95,464.92,34.083,65.815
979.66,464.48,34.273,66.183
977.66,463.75,34.241,66.12
975.95,463.3,34.216,66.072
974.52,463.39,34.069,65.789
972.84,463.28,33.956,65.57
970.49,462.67,34.182,66.007
968.67,462.05,34.129,65.904
967.32,462.24,34.18,66.002
965.04,461.38,34.097,65.842
964.06,461.59,33.987,65.629
961.74,460.55,33.934,65.528
960.25,460.45,33.99,65.635
958.87,460.3,34.069,65.789
957.64,460.49,34.012,65.677
955.21,459.47,34.326,66.285
954.57,460.05,33.939,65.537
952.37,458.87,34.033,65.72
951.53,459.3,33.981,65.618
949.18,458.65,34.211,66.062
947.8,458.5,34.061,65.773
946.71,458.83,34.022,65.697
944.96,458.74,34.146,65.937
943.71,458.36,34.146,65.937
941.98,458.3,34.236,66.11
940.6,457.9,34.011,65.677
939.1,457.7,33.913,65.487
937.79,457.71,33.993,65.642
936.66,457.82,33.902,65.466
935.07,457.81,33.84,65.347
934.32,458.52,33.863,65.392
932.63,457.92,33.796,65.261
931.74,458.63,33.608,64.898
929.9,458.49,33.481,64.653
929.21,459.07,33.571,64.826
927.75,458.56,33.587,64.858
925.97,458.72,33.67,65.017
924.77,458.91,33.648,64.976
923.45,458.83,33.727,65.128
922.9,459.6,33.654,64.988
921.26,459.44,33.791,65.252
920.59,459.95,33.909,65.479
918.73,459.69,33.878,65.42
917.43,459.53,34.131,65.908
916.98,460.3,34.214,66.068
915.7,459.93,34.102,65.852
914.59,460.49,34.332,66.295
913.67,460.61,34.355,66.341
912.73,461.08,34.385,66.399
911.63,461.3,34.333,66.298
910.6,461.56,34.225,66.089
909.46,461.75,34.129,65.905
908.95,462.25,34.213,66.066
907.68,461.99,34.226,66.092
906.86,462.26,34.145,65.936
906.43,462.82,34.213,66.066
905.26,462.88,34.248,66.134
903.9,463.29,34.27,66.176
903.5,463.56,34.378,66.385
903.23,464.19,34.518,66.656
901.67,464.2,34.479,66.58
900.92,464.7,34.59,66.795
899.85,465.18,34.758,67.118
899.33,466.05,34.957,67.502
898.74,465.9,35.162,67.899
897.8,465.6,35.164,67.902
897.09,466.55,35.165,67.904
896.17,467.17,35.204,67.981
896,467.68,35.013,67.612
895.76,468.58,35.011,67.607
895.14,468.63,35.146,67.868
893.8,468.78,35.235,68.041
893.32,469.54,35.071,67.724
893.18,470.31,35.23,68.03
891.83,470.38,35.295,68.155
892.04,471.25,35.182,67.938
890.79,471.26,35.494,68.539
890.19,471.74,35.454,68.463
889.39,472.62,35.523,68.597
889.02,473.02,35.275,68.117
889.14,474.04,35.258,68.085
888.91,474.89,35.182,67.937
887.97,474.9,35.187,67.948
887.39,475.79,35.295,68.155
887.26,477.19,35.276,68.119
886.9,477.59,35.321,68.206
886.91,478.32,35.186,67.945
885.94,478.52,35.189,67.952
885.62,479.24,35.334,68.231
885.48,480.34,35.446,68.447
884.82,480.34,35.456,68.467
884.49,481.14,35.39,68.339
885.06,482.44,35.459,68.472
884.29,483.15,35.401,68.36
884.68,484.34,35.419,68.395
884.23,484.26,35.505,68.561
884,485.34,35.372,68.304
884.25,486.81,35.44,68.436
883.63,487.28,35.431,68.418
883.77,487.87,35.36,68.281
884.05,489.52,35.345,68.253
884.09,490.28,35.241,68.051
883.59,490.52,35.386,68.331
884.02,492.14,35.326,68.215
883.98,493.61,35.393,68.345
884.1,494.1,35.343,68.248
884.23,495.4,35.286,68.139
884.28,496.42,35.406,68.37
883.71,496.52,35.528,68.606
883.99,498.03,35.506,68.563
884.28,498.84,35.431,68.419
884.55,500.15,35.453,68.461
884.92,501.07,35.37,68.301
885.38,503.06,35.423,68.404
885.25,503.13,35.316,68.197
886.29,505.06,35.201,67.974
886,505.8,35.236,68.042
886.22,507.28,35.101,67.781
886.44,508.27,35.201,67.974
886.9,509.14,35.24,68.049
887.35,510.52,35.146,67.869
887.69,511.52,35.319,68.203
888.72,513.31,35.275,68.116
888.88,514.42,35.349,68.26
889.58,515.38,35.194,67.96
889.46,516.29,35.197,67.966
889.77,517.37,35.43,68.417
890.9,518.77,35.211,67.994
891.25,519.64,35.058,67.699
892.31,521.34,35.023,67.63
892.64,522.55,35.05,67.684
893.17,523.52,35.138,67.852
893.46,523.98,35.13,67.837
894.41,525.31,34.971,67.529
895.52,527.17,35.058,67.698
896.18,528.12,35.026,67.637
896.91,529.14,35.131,67.839
897.27,529.8,35.222,68.015
898.35,530.89,35.158,67.892
898.78,531.88,35.266,68.1
900.72,533.55,35.004,67.594
901.62,534.82,34.813,67.225
901.81,535.75,35.052,67.687
903.57,537.63,34.914,67.421
903.87,538.05,34.971,67.531
905.25,540.03,34.951,67.491
906.58,541.19,34.981,67.549
907.5,542.66,34.922,67.435
908.54,543.1,34.737,67.078
910.25,545.19,34.796,67.193
911.05,545.96,34.723,67.051
912.65,547.24,34.852,67.3
913.31,547.93,34.916,67.424
914.58,549.07,35.034,67.651
916.31,550.75,34.98,67.547
917.57,551.87,35.086,67.751
918.64,553.04,35.187,67.947
919.51,553.55,35.295,68.156
921.48,555.6,35.108,67.794
922.34,556.24,35.183,67.94
923.84,557.33,35.237,68.044
925.37,558.23,35.228,68.026
926.49,559.32,35.251,68.071
928.47,560.74,35.246,68.062
929.1,561.61,35.213,67.998
930.7,562.69,35.43,68.417
932.19,563.65,35.385,68.329
933.95,565.5,35.405,68.368
934.47,565.99,35.442,68.44
933.99,567.23,35.49,68.533
929.68,568.29,35.432,68.42
923.08,569.51,35.376,68.312
914.01,571.35,35.598,68.742
902.88,572.57,35.504,68.56
891.41,573.63,35.634,68.81
881.75,575.52,35.769,69.071
874.73,575.98,35.677,68.894
873.97,577.97,35.729,68.994
874.23,578.46,35.805,69.141
875.25,579.9,36.073,69.658
876.58,580.71,36.253,70.006
878.98,582.71,35.979,69.477
880.05,583.47,36.38,70.25
880.96,584.28,36.282,70.061
882.77,585.84,36.377,70.246
883.68,586.55,36.184,69.872
886.17,588.49,36.008,69.532
886.81,589.31,36.168,69.841
888.19,590.16,36.153,69.813
889.28,591.32,36.361,70.215
890.76,592.25,36.359,70.21
892.09,593.55,36.443,70.372
893.41,594.75,36.437,70.361
894.77,595.87,36.332,70.158
895.99,597.21,36.319,70.133
898.16,598.79,36.404,70.298
898.73,599.57,36.506,70.493
900.97,601.26,36.373,70.238
901.42,601.78,36.4,70.29
903.15,602.67,36.376,70.243
904.59,604.07,36.321,70.138
905.84,605.61,36.639,70.752
906.69,606.44,36.795,71.053
908.57,607.98,36.702,70.872
909.25,608.87,36.731,70.929
910.66,609.92,36.814,71.09
912.67,611.51,36.914,71.282
914.12,612.66,36.904,71.262
915.39,613.91,36.847,71.153
916.73,614.92,37.087,71.615
917.23,615.63,37.033,71.513
918.36,616.78,37.07,71.584
919.59,618.03,37.023,71.492
920.84,618.91,37.137,71.712
922.65,620.43,36.98,71.41
923.65,621.09,37.01,71.467
924.89,622.36,37.158,71.753
926.61,623.8,37.375,72.172
927.41,624.48,37.436,72.289
929.19,626.19,37.495,72.404
930.37,627.22,37.49,72.394
931.53,628.48,37.708,72.815
932.46,629.2,37.478,72.372
934.28,630.97,37.34,72.105
935.52,631.7,37.041,71.528
936.88,632.66,37.073,71.59
937.69,633.72,37.257,71.945
937.75,634.93,37.253,71.937
937.15,636.5,37.116,71.672
936.45,638.3,37.591,72.59
936.34,639.1,37.65,72.704
937.09,640.07,37.733,72.864
938.73,642.23,37.731,72.861
940.21,643.63,37.678,72.758
941.25,644.39,37.486,72.388
943.13,646.15,37.382,72.187
944.17,646.71,37.439,72.296
946.32,648.35,37.397,72.214
947.08,648.95,37.391,72.202
948.05,650.3,37.602,72.611
949.47,651.68,37.675,72.751
950.22,652.82,37.844,73.077
952.05,654.8,37.67,72.742
952.8,656.13,37.619,72.643
953.95,657.41,37.72,72.839
955.59,659.11,37.68,72.761
956.4,660,37.659,72.72
957.48,661,37.91,73.205
958.73,662.67,37.879,73.145
960.16,664.09,37.638,72.68
961.14,665.49,37.641,72.685
962.27,666.73,37.714,72.827
963.42,668.48,37.89,73.167
964.41,669.53,38.096,73.565
966.24,671.68,38.17,73.707
967.3,672.97,38.359,74.072
969.11,674.94,37.848,73.087
969.92,676.4,37.815,73.023
971.26,678.04,37.666,72.734
971.28,678.87,37.839,73.069
972.96,681.01,37.723,72.845
974.26,682.72,37.864,73.117
975.26,683.82,38.004,73.388
975.94,684.5,38.213,73.791
977.01,685.8,38.386,74.125
978.9,688.09,38.027,73.432
980.31,689.81,38.032,73.442
981.35,691.32,37.899,73.184
982.09,692.44,37.804,73.001
983.74,694.7,37.641,72.686
984.42,695.69,37.762,72.919
985.84,697.9,37.635,72.674
986.38,698.8,37.79,72.973
987.91,700.88,37.716,72.83
988.46,702.66,37.789,72.972
989.96,704.05,37.829,73.048
991.35,705.51,37.684,72.769
991.87,706.62,37.682,72.766
992.77,708.19,37.635,72.675
993.72,709.85,37.683,72.768
995.08,711.73,37.69,72.781
996.29,713.05,37.725,72.848
997.85,715.47,37.641,72.686
998.44,715.99,37.848,73.086
999.91,718.35,37.809,73.011
1001.2,720.07,37.647,72.698
1001.8,721.77,37.507,72.428
1003.3,723.87,37.622,72.648
1004.1,725.24,37.636,72.677
1004.9,726.64,37.839,73.069
1006.3,728.82,37.886,73.159
1007.1,729.97,37.795,72.983
1008.2,731.89,38.005,73.388
1009.1,733.05,38.082,73.538
1010.7,735.06,38.096,73.564
1011.7,736.54,37.923,73.23
1012.3,738.16,37.957,73.297
1013.3,739.51,38.102,73.576
1014.7,741.39,38.266,73.892
1015.4,742.71,38.272,73.905
1016.7,744.47,38.211,73.786
1017.2,746.09,38.412,74.175
1019.6,748.2,38.182,73.732
1020,749.06,38.325,74.007
1021.2,750.69,38.317,73.992
1022.7,752.39,38.16,73.688
1024.2,755.04,38.208,73.781
1024.9,755.95,38.218,73.8
1025.8,757.13,38.32,73.997
1027.1,758.81,38.512,74.369
1028.6,760.35,38.41,74.171
1030.1,762.67,38.445,74.239
1031.5,764.28,38.492,74.328
1032.5,765.6,38.506,74.357
1033.8,766.92,38.527,74.396
1034.6,768.49,38.858,75.036
1036.2,770.12,38.798,74.92
1037.4,771.71,38.867,75.054
1038.7,773.17,38.996,75.302
1040.6,775.75,38.871,75.062
1041.4,776.81,39.101,75.505
1043,779.2,39.184,75.666
1044.2,780.26,39.39,76.064
1046.3,782.92,39.107,75.516
1047.2,784.53,38.953,75.22
1049.5,787.43,38.929,75.172
1050.3,788.59,38.9,75.118
1051.8,790.13,39.096,75.495
1053.9,792.49,39.079,75.463
1055.3,794.56,38.959,75.231
1056.8,796.23,39.172,75.642
1057.6,797.05,39.569,76.408
1060.1,799.2,39.269,75.83
1061.4,800.75,39.539,76.351
1062.3,802.11,39.693,76.649
1064.6,804.37,39.776,76.808
1065.4,805.41,40.101,77.436
1067,806.78,40.255,77.735
1069.1,808.83,40.317,77.853
1070.8,810.75,40.174,77.577
1071.9,811.85,40.385,77.984
1073.4,813.32,40.42,78.053
1075.1,814.84,40.546,78.295
1077.5,817.05,40.348,77.913
1078.5,818.13,40.503,78.213
1080.9,820.07,40.559,78.32
1082.5,821.01,41.083,79.333
1083.8,821.82,40.912,79.002
1086,823.21,40.967,79.109
1087.1,824.08,41.033,79.236
1088.4,824.68,41.352,79.851
1090,825.73,41.099,79.363
1091.8,825.63,40.923,79.024
1093.9,826.63,40.954,79.084
1095.8,826.95,40.845,78.873
1097.6,827.18,40.857,78.897
1099.3,827.8,40.796,78.779
1100.2,827.45,40.838,78.86
1102.7,828.24,41.037,79.245
1103.9,827.78,41.09,79.346
1105.7,828.25,41.016,79.204
1107.6,828.55,40.902,78.983
1109.9,828.85,41.082,79.331
1110.9,828.4,41.133,79.429
1113,828.8,41.237,79.63
1114.6,828.92,41.215,79.587
1116.4,829.39,41.315,79.781
1117.3,828.48,41.553,80.239
1119.5,829,41.491,80.12
1121,828.98,41.422,79.987
1122.7,829.02,41.523,80.181
1124.2,828.97,41.437,80.017
1125.8,828.74,41.505,80.148
1127.4,828.58,41.538,80.211
1129,828.92,41.504,80.146
1130.6,828.5,41.532,80.2
1132.1,829.01,41.366,79.879
1133.1,828.35,41.6,80.33
1134.6,828.4,41.676,80.478
1135.7,828.59,41.71,80.543
1137.4,828.38,41.686,80.497
1139.2,828.97,41.627,80.383
1140.8,828.7,41.568,80.269
1142.6,829.42,41.601,80.333
1143.6,829.08,41.586,80.304
1145,829.21,41.451,80.044
1146.8,829.76,41.555,80.244
1148.4,829.48,41.647,80.422
1149.3,829.13,41.666,80.458
1150.3,829.09,41.876,80.863
1152.3,829.86,41.867,80.846
1153.9,829.91,41.777,80.673
1155.4,829.86,41.828,80.771
1156.9,830.14,41.652,80.431
1157.9,829.77,41.571,80.274
1159.6,830.24,41.57,80.272
1161.4,830.08,41.568,80.269
1162.6,829.68,41.813,80.741
1163.9,829.39,41.99,81.085
1165,828.4,41.746,80.613
1166.9,828.6,41.707,80.538
1167.8,827.79,41.723,80.569
1169.1,827.42,41.753,80.626
1171.1,827.21,41.765,80.65
1172.4,826.12,41.709,80.542
1173.4,824.4,41.768,80.655
1175.2,823.82,41.748,80.618
1176.8,822.94,41.659,80.444
1177.7,821.22,41.435,80.012
1179.4,820.81,41.534,80.204
1180.7,819.4,41.491,80.121
1182.3,817.74,41.5,80.139
1183.7,815.99,41.378,79.902
1184.6,813.94,41.314,79.779
1186,811.8,41.103,79.371
1187.6,809.85,41.094,79.354
1188.6,807.76,41.236,79.628
1190.7,805.78,41.239,79.635
1191.8,803.74,41.081,79.329
1192.7,800.9,40.922,79.022
1194.3,798.91,41.077,79.321
1195.4,795.96,40.879,78.938
1197.2,794.05,40.739,78.668
1198,790.42,40.932,79.041
1199.9,787.88,40.979,79.132
1200.8,784.79,40.94,79.057
1202.6,782.04,41.108,79.381
1203.3,778.54,41.129,79.421
1205.1,775.99,41.099,79.364
1205.7,772.46,41.048,79.266
1206.9,769.29,41.227,79.61
1208.6,766.58,41.26,79.674
1210,763.73,41.145,79.453
1211,760.47,41.152,79.466
1212.5,757.57,41.119,79.402
1213.7,754.36,40.994,79.16
1214.6,749.96,41.05,79.269
1215.6,746.13,41.059,79.286
1217,742.31,41.007,79.185
1218.1,737.93,41.007,79.187
1219.2,733.66,40.891,78.962
1220.8,728.72,41.07,79.307
1221.4,722.98,40.885,78.951
1223,718.05,40.745,78.679
1223.5,712.23,40.772,78.733
1224.3,706.76,40.801,78.788
1225.5,701.64,41.035,79.24
1226.2,695.13,41.012,79.197
1226.8,690.12,40.978,79.129
1227.8,684.94,40.83,78.845
1229.1,679.73,40.997,79.166
1229.5,673.65,41.033,79.235
1230,667.94,40.893,78.965
1231.3,662.68,41.001,79.175
1231.5,656.51,40.956,79.088
1232.4,650.75,40.729,78.65
1232.5,645.34,40.966,79.107
1233.4,639.4,40.885,78.951
1234.6,634.55,40.823,78.831
1235.5,628.51,40.872,78.925
1235.9,622.74,41.015,79.202
1236.1,616.52,40.916,79.01
1236.7,611.34,41.021,79.213
1236.9,604.93,40.977,79.127
1237.4,599.57,40.82,78.824
1238.4,594.27,40.869,78.92
1238.6,588.71,40.773,78.734
1238.4,582.22,40.829,78.843
1238.9,576.65,40.998,79.168
1238.7,570.29,41.175,79.51
1239.5,564.66,41.199,79.557
1239.6,558.99,41.261,79.676
1239.5,553.03,41.406,79.957
1239.1,547.87,41.487,80.113
1239.4,544.37,41.836,80.787
1239.4,541.06,42.096,81.288
1239.4,538.23,42.082,81.262
1239.7,535.92,41.798,80.713
1239.3,533.38,42.159,81.411
1239.3,532.12,42.174,81.44
1239.5,531.63,41.957,81.02
1239.2,531.76,41.856,80.826
1239.4,533.23,42.021,81.145
1238.7,533.87,41.864,80.84
1238.6,535.7,41.971,81.047
1238.2,536.04,42.106,81.309
1238.3,537.61,42.234,81.556
1238,538.6,41.994,81.091
1237.6,540.09,41.899,80.908
1237,541.02,42.15,81.393
1237.6,542.8,42.005,81.114
1236.6,543.6,42.018,81.137
1236.7,544.92,42.025,81.152
1236.5,546.04,42.119,81.334
1236.6,547.68,41.885,80.881
1235.9,548.27,42.146,81.386
1236.1,549.68,42.366,81.811
1235.8,550.85,42.379,81.836
1235.2,552.01,42.464,81.999
1234.9,553.12,42.397,81.869
1234.9,554.18,42.509,82.087
1234.3,554.47,42.534,82.134
1233.9,555.42,42.703,82.461
1234,557.01,42.66,82.377
1233.8,558.07,42.721,82.497
1233.7,558.86,42.777,82.604
1233.4,559.9,42.686,82.427
1233.3,560.81,42.604,82.269
1232.4,560.87,42.789,82.627
1232.9,562.61,42.924,82.887
1232.3,563.15,43.017,83.068
1232.6,564.45,43.113,83.252
1232.6,565.43,43.116,83.259
1232.1,566.14,43.082,83.193
1232.2,567.91,42.963,82.964
1232.3,568.66,43.178,83.378
1232,569.14,43.169,83.361
1231.7,570.05,43.14,83.304
1231.6,571.09,43.186,83.393
1231.4,571.96,43.268,83.552
1231.4,572.76,43.321,83.654
1232.1,574.32,43.293,83.601
1231.8,574.92,43.411,83.828
1231.9,576.2,43.301,83.615
1231.7,576.99,43.537,84.072
1231.1,577.35,43.478,83.958
1231.2,578.05,43.466,83.934
1231.1,579.08,43.711,84.407
1231.6,580.35,43.575,84.145
1231.1,580.82,43.612,84.216
1231.5,582.29,43.476,83.953
1231,582.54,43.532,84.062
1230.9,583.64,43.574,84.142
1230.8,584.44,43.57,84.135
1230.9,585.41,43.544,84.085
1231,586.3,43.377,83.762
1231.4,587.5,43.41,83.827
1231.5,588.44,43.447,83.898
1230.8,588.5,43.466,83.935
1230.5,589.56,43.541,84.079
1230.4,590.25,43.735,84.454
1230.2,591.12,43.714,84.414
1230.8,592.3,43.685,84.358
1230.2,592.97,44.079,85.118
1229.8,593,44.029,85.021
1229.8,594.16,44.102,85.163
1229.2,594.27,44.056,85.074
1228.9,594.98,43.979,84.925
1229.2,596.11,43.902,84.777
1228.9,596.86,43.843,84.662
1228.3,597.18,43.958,84.884
1228.1,598.59,43.996,84.958
1228,598.95,43.977,84.922
1227.6,599.57,44.115,85.187
1227,599.68,44.064,85.089
1226.3,600.48,44.111,85.179
1225.9,601.13,44.204,85.359
1226.1,602.33,44.235,85.419
1225.7,603.24,44.231,85.412
1225.3,604.18,44.15,85.254
1224.7,604.1,44.139,85.235
1224.2,604.94,44.03,85.023
1224.2,605.82,44.267,85.48
1224,606.82,44.091,85.141
1223.2,606.74,44.162,85.279
1222.9,607.89,43.912,84.795
1223,608.96,43.776,84.534
1222.3,609.29,43.834,84.645
1221.9,609.87,43.759,84.501
1221.3,610.43,43.838,84.653
1221.1,611.15,43.92,84.811
1221.3,612.22,44.062,85.085
1220.3,612.15,44.261,85.47
1220.8,613.53,44.022,85.007
1220.4,614.49,43.961,84.891
1220.5,614.98,43.82,84.617
1219.9,615.35,43.747,84.478
1219.8,616.28,43.566,84.128
1219.4,617.01,43.613,84.218
1219.6,618.36,43.568,84.131
1218.9,618.43,43.615,84.222
1219,619.29,43.807,84.593
1218.4,619.35,43.862,84.699
1218.2,620.01,43.78,84.54
1218.2,621.02,43.383,83.774
1218.4,622.11,43.522,84.043
1217.9,622.17,43.46,83.923
1217.5,622.88,43.7,84.387
1218,624.38,43.479,83.96
1217.3,624.44,43.454,83.911
1217.3,625.37,43.335,83.682
1217.5,626.66,43.206,83.432
1217,627.05,43.124,83.274
1216.7,627.46,43.187,83.396
1216.6,628.32,43.279,83.573
1216.7,629.14,43.483,83.967
1216.3,629.26,43.534,84.066
1216.2,629.84,43.481,83.964
1215.8,630.37,43.346,83.703
1216.3,631.71,43.199,83.418
1216.1,632.08,42.937,82.913
1215.7,632.64,43.211,83.442
1215.6,633.03,43.288,83.591
1215.8,634.13,43.47,83.942
1215.3,633.82,43.635,84.261
1215.9,635.52,43.381,83.77
1215.9,635.82,43.377,83.763
1215.8,636.85,43.197,83.415
1215.4,637,42.945,82.928
1215.1,637.52,42.896,82.834
1214.9,638.29,42.955,82.947
1214.6,638.66,42.919,82.878
1214.5,639.09,43.099,83.226
1214.7,640.34,42.931,82.901
1214.3,640.26,42.998,83.03
1214.4,641.47,42.967,82.97
1214.1,641.77,43.067,83.165
1213.8,642.13,43.092,83.212
1213.4,643.02,43.133,83.29
1212.7,642.91,43.248,83.514
1212.5,643.45,43.283,83.581
1212.6,644.58,43.302,83.617
1212.3,644.97,43.432,83.868
1211.7,645.28,43.321,83.654
1211.6,646.32,43.319,83.65
1211.5,647.05,43.321,83.655
1211.2,647.42,43.359,83.728
1210.7,648.38,43.167,83.357
1209.9,648.66,43.073,83.176
1210.1,649.86,42.925,82.889
1209.3,649.78,42.914,82.867
1208.8,650.36,42.969,82.975
1208.8,651.18,43.127,83.28
1208.3,651.57,43.055,83.14
1208.4,652.65,43.062,83.155
1208,653.15,43.054,83.139
1207.8,653.99,43.016,83.065
1207.3,654.14,43.286,83.586
1206.9,654.9,43.224,83.468
1206,655.1,43.166,83.355
1205.7,655.55,43.25,83.517
1205.5,656.03,43.239,83.497
1205,656.64,43.295,83.605
1205.2,658.01,43.216,83.451
1204.3,658,43.307,83.627
1204.4,659.14,43.286,83.587
1204.2,659.69,43.298,83.609
1204,660.41,43.418,83.841
1203.6,661.1,43.38,83.769
1203.3,661.47,43.388,83.784
1202.9,662.12,43.473,83.948
1202.3,662.31,43.463,83.929
1202,662.81,43.573,84.14
1201.7,663.39,43.464,83.93
1201.4,663.68,43.711,84.408
1201.8,665.06,43.437,83.879
1201.2,665.03,43.623,84.237
1201.7,666.05,43.556,84.109
1201,666.21,43.596,84.185
1201.3,667.4,43.716,84.417
1201.3,667.92,43.653,84.295
1201.2,668.39,43.727,84.437
1201.2,669.05,43.819,84.616
1200.7,669.18,43.865,84.704
1200.6,669.99,44.111,85.179
1200.6,670.56,44.141,85.237
1200.8,671.35,44.153,85.262
1201,672.05,44.303,85.551
1201.7,673.57,44.221,85.392
1201.6,673.74,44.425,85.786
1201.4,674.51,44.388,85.714
1201.7,675.18,44.378,85.696
1202.3,676.06,44.314,85.573
1203.1,677.47,44.278,85.502
1203.6,678.31,44.149,85.252
1203.4,678.97,44.046,85.054
1204,679.59,44.148,85.251
1204.6,681.04,43.912,84.796
1205.2,681.82,44.211,85.372
1205.8,682.94,44.368,85.677
1205.8,683.32,44.412,85.762
1206.4,684.19,44.434,85.803
1207.1,684.94,44.683,86.284
1207.7,686.03,44.649,86.22
1208.9,687.96,44.608,86.14
1209.9,688.83,44.625,86.172
1210.4,690.31,44.517,85.963
1211.3,691.53,44.409,85.755
1211.5,692.29,44.455,85.843
1212.4,693.48,44.5,85.931
1213.3,694.52,44.548,86.023
1214.4,695.78,44.787,86.486
1215,697.03,44.566,86.059
1216.3,698.63,44.738,86.392
1217,699.43,44.67,86.259
1218,700.58,44.827,86.563
1219.5,702.19,44.808,86.527
1220.3,703.19,44.693,86.304
1221.3,704.54,44.699,86.315
1222.6,705.84,44.574,86.073
1224.2,707.32,44.768,86.449
1225,708.38,44.714,86.345
1226.7,709.63,44.71,86.337
1227.9,710.67,44.653,86.226
1229.5,712.39,44.632,86.186
1230.8,713.68,44.741,86.396
1231.8,714.37,44.818,86.545
1233.7,715.9,44.936,86.773
1235.1,717.35,45.088,87.066
1236,717.69,45.464,87.792
1237.7,719.61,45.505,87.871
1239.4,720.85,45.239,87.358
1240.9,722.39,45.169,87.223
1242.2,723.87,45.181,87.246
1243.9,725.39,45.208,87.299
1245.4,726.63,45.516,87.892
1247.1,728.42,45.41,87.689
1248.1,729.35,45.357,87.586
1249.7,730.69,45.165,87.214
1251.7,732.62,45.274,87.425
1253.1,734.03,45.427,87.721
1254.3,734.88,45.48,87.823
1256.5,736.89,45.602,88.06
1257.7,737.87,45.639,88.131
1259.2,739.11,45.524,87.908
1261.5,741.38,45.394,87.658
1262.5,742.47,45.513,87.887
1264.2,744.41,45.633,88.118
1265.4,745.55,45.778,88.398
1267.1,747.31,45.983,88.795
1268.3,748.27,45.965,88.759
1269.7,749.82,46.048,88.92
1272.5,752.13,45.894,88.622
1273.4,753.34,45.943,88.717
1274.4,754.54,46.074,88.97
1276.9,757.19,45.85,88.537
1278.4,758.42,45.938,88.707
1279.2,759.17,46.074,88.97
1281.5,761.49,45.707,88.261
1282.7,762.62,45.611,88.077
1283.8,764.43,45.481,87.826
1286.1,766.41,45.478,87.819
1287.4,767.78,45.755,88.354
1288.9,769.32,45.643,88.138
1290.1,770.58,45.493,87.848
1292.2,772.06,45.584,88.025
1292.6,773.32,45.818,88.477
1295,775.32,45.738,88.322
1296,776.94,45.886,88.607
1297.5,778.74,46.097,89.014
1298.5,779.92,46.314,89.434
1299.3,780.61,46.13,89.078
1300.7,782.43,46.391,89.583
1302.1,784.02,46.728,90.234
1302.9,785.17,47.012,90.782
1304.2,786.76,46.831,90.431
1305,787.88,46.911,90.586
1305.8,789.67,46.897,90.56
1306.6,790.74,46.767,90.308
1308,792.17,47.056,90.866
1308.7,793.77,46.95,90.663
1309.4,794.76,46.96,90.681
1309.9,796.09,47.15,91.048
1310.8,797.13,47.128,91.007
1311.5,798.2,46.965,90.692
1312.1,799.68,46.946,90.653
1313.2,801.24,46.925,90.615
1313.9,802.5,47.025,90.806
1315.4,804.33,46.601,89.987
1315.4,805.23,46.904,90.573
1315.5,806.15,47.099,90.949
1316.7,807.8,47.12,90.991
1317.3,809.21,47.063,90.881
1317.9,810.55,47.106,90.964
1318.4,811.82,47.477,91.679
1318.6,812.33,47.221,91.185
1319.1,813.73,47.05,90.855
1320.1,815.64,46.915,90.594
1320.3,816.47,46.966,90.692
1320.7,817.46,47.019,90.795
1321.6,818.76,47.186,91.118
1321.8,819.7,47.057,90.87
1322.8,821.02,47.229,91.201
1323.2,822.3,46.796,90.366
1324,823.6,46.863,90.495
1324.1,824.16,47.027,90.811
1324.9,825.43,47.163,91.073
1325.2,826.13,47.152,91.051
1325.4,827.22,47.091,90.935
1326.5,828.47,47.17,91.087
1326.9,829.66,47.007,90.773
1327.8,830.88,47.08,90.914
1328.3,831.48,47.177,91.101
1328.2,831.91,47.259,91.258
1329.1,833.08,47.22,91.184
1329.8,834.28,47.171,91.088
1330.3,835.35,47.175,91.097
1331.1,836.56,47.094,90.94
1332.1,838.23,47.241,91.225
1332.7,838.85,47.005,90.769
1333.9,840.31,47.079,90.912
1334.7,841.44,47.181,91.108
1334.9,842.18,47.393,91.517
1336.2,843.56,47.596,91.91
1336.8,844.75,47.879,92.456
1337.5,845.57,47.523,91.769
1338.2,846.49,47.856,92.412
1339.2,847.8,47.671,92.054
1340.7,849.27,47.643,92.001
1341.4,850.5,47.758,92.222
1342.3,851.41,47.419,91.568
1343.5,852.66,47.591,91.9
1344.2,853.89,47.585,91.889
1345.2,854.87,47.527,91.776
1346,856.64,47.096,90.943
1347.1,858.24,47.224,91.192
1347.6,858.99,46.97,90.7
1348.3,860.74,47.01,90.778
1349.4,862.53,47.411,91.552
1350.3,863.85,47.608,91.933
1351,865.12,47.562,91.844
1351.2,866.06,47.642,91.998
1352.5,867.61,47.702,92.115
1353.3,869.42,47.656,92.025
1354,871.22,47.83,92.362
1354.3,872.36,47.942,92.578
1355.6,874.08,47.955,92.603
1356.6,875.97,47.871,92.441
1356.9,876.95,47.737,92.182
1357.9,878.95,47.759,92.224
1358.3,880.23,47.673,92.058
1359.5,882.11,47.643,92
1360.2,883.82,47.634,91.984
1360.9,885.25,47.886,92.47
1361.2,886.48,47.876,92.45
1362.1,888.26,47.829,92.359
1362.6,890.06,47.724,92.156
1363.5,892.29,47.593,91.904
1363.9,894.14,47.615,91.947
1364.5,895.75,47.714,92.137
1365.2,897.48,47.695,92.101
1366,899.39,47.652,92.018
1366.7,901.29,47.552,91.824
1366.9,902.83,47.609,91.935
1367.6,904.73,47.813,92.328
1367.7,906.28,47.908,92.513
1368.9,908.23,47.927,92.548
1369.2,910.29,48.072,92.829
1369.7,911.88,47.966,92.625
1370.9,914.66,47.392,91.516
1370.8,916.64,47.755,92.217
1371.3,918.06,47.973,92.638
1372.1,920.07,47.959,92.611
1372.9,922.26,47.984,92.658
1373.5,924,48.158,92.994
1373.9,925.88,48.091,92.865
1374.2,927.64,48.298,93.266
1375.5,930.32,48.191,93.059
1375.7,932.08,48,92.689
1376.9,934.61,48.018,92.724
1377.8,936.89,48.061,92.807
1378.2,938.75,48.055,92.795
1379,940.92,48.115,92.912
1379.4,943.11,48.145,92.969
1380.2,945.12,48.151,92.981
1381.1,947.18,48.153,92.985
1381.8,949.48,48.071,92.827
1382.4,951.44,48.212,93.098
1383.9,953.92,48.298,93.265
1385.1,956.16,48.278,93.226
1385.7,957.76,48.619,93.885
1386.7,959.31,48.879,94.387
1387.5,961.38,48.899,94.425
1388.3,963.32,48.72,94.08
1389.3,965.17,48.436,93.531
1390,967.11,48.221,93.117
1391.7,969.09,48.547,93.746
1392.4,970.86,48.733,94.106
1392.9,972.17,48.694,94.03
1394.1,974.43,48.636,93.917
1395.7,976.66,48.955,94.534
1396.7,978.12,48.949,94.521
1397.9,979.92,48.932,94.49
1399,981.82,48.914,94.455
1400.4,983.87,48.721,94.081
1400.7,984.92,48.757,94.151
1401.7,986.5,48.764,94.166
1402.9,988.02,48.921,94.468
1404,989.74,48.924,94.474
1405.3,991.04,48.92,94.466
1406.3,992.69,48.902,94.431
1407.3,993.6,49.051,94.719
1407.9,994.44,48.974,94.571
1409.2,995.15,49.124,94.86
1410,995.79,49.074,94.764
1411,996.61,48.828,94.289
1412.6,997.95,48.737,94.113
1413.3,997.68,48.681,94.005
1414.4,997.67,48.571,93.792
1415.8,997.86,48.781,94.197
1416.2,997.12,48.975,94.573
1417.7,997.15,49.04,94.698
1418.3,996.42,48.95,94.523
1419.8,996.64,48.957,94.537
1420.5,995.29,49.338,95.274
1420.9,993.66,49.489,95.565
1422.6,993.48,49.452,95.494
1423.5,991.54,49.454,95.497
1424.6,990.54,49.24,95.083
1425.3,988.86,49.243,95.09
1425.7,987.42,49.339,95.276
1426.4,984.46,49.482,95.551
1427.6,983.17,49.234,95.073
1428.7,980.75,49.298,95.197
1429.2,977.16,49.15,94.911
1430.7,976.28,49.195,94.997
1431.4,973.63,49.019,94.658
1432,970.84,48.829,94.29
1433.1,968.52,48.912,94.451
1433.8,965.7,49.002,94.625
1434.1,962.16,49.061,94.739
1434.7,959.3,49.023,94.666
1435.5,956.47,48.947,94.518
1436.6,953.91,49.027,94.673
1436.8,950.31,48.911,94.449
1437.9,947.85,48.82,94.274
1437.8,944.12,49.126,94.864
1438.5,940.81,48.795,94.224
1439.1,938.16,48.509,93.672
1439.7,934.64,48.679,94
1440,930.28,48.925,94.476
1440.9,927.51,48.886,94.4
1441.3,923.94,48.942,94.508
1441.7,920.16,49.209,95.025
1442.3,915.82,49.153,94.915
1442.8,912.38,48.802,94.238
1442.7,908.17,48.738,94.114
1443.3,904.22,48.807,94.249
1443.6,900.3,48.583,93.815
1444.2,896.38,48.764,94.166
1444.2,892.19,48.582,93.813
1444.9,888.13,48.794,94.224
1444.8,883.49,48.648,93.941
1445.7,879.19,48.78,94.195
1446,874.68,48.942,94.509
1446.5,870.07,48.912,94.45
1446.9,866.01,48.816,94.265
1447.1,861.47,48.8,94.235
1447.8,857.12,48.32,93.308
1448.9,852.93,48.375,93.415
1449,848.13,48.405,93.472
1449.4,843.51,48.363,93.391
1449.8,838.79,48.393,93.448
1450.5,834.53,48.089,92.861
1451.1,830.19,48.134,92.949
1452,825.78,48.051,92.789
1452.6,821.12,48.232,93.139
1453.8,816.93,48.104,92.891
1454.4,811.67,48.01,92.709
1456.2,807.36,47.999,92.688
1456.9,802.19,48.103,92.889
1457.3,797.29,47.755,92.217
1458.3,792.58,47.77,92.246
1459.6,787.64,47.582,91.882
1460.7,782.94,47.523,91.768
1461.7,778.1,47.572,91.862
1462.8,772.76,47.75,92.206
1463.8,768.02,47.734,92.177
1465.8,763.79,47.589,91.897
1466.9,758.99,47.724,92.156
1467.8,754.23,47.717,92.144
1468.8,749.31,47.946,92.585
1468.7,744.01,48.161,93
1468.5,738.94,47.889,92.476
1468.2,734.44,47.66,92.034
1467.2,730.12,47.809,92.32
1464.7,725.06,47.695,92.1
1462.6,720.16,48.13,92.941
1460.1,715.17,47.652,92.017
1457.9,710.58,47.823,92.348
1454.7,704.8,47.852,92.403
1451.8,699.99,47.612,91.94
1449.7,695.57,47.516,91.754
1445.8,689.91,47.669,92.05
1442.9,685.52,47.78,92.265
1438.3,680.87,47.667,92.046
1434.4,676.99,47.554,91.828
1429.1,672.14,47.412,91.554
1424.6,668.34,47.13,91.01
1418.5,663.59,47.049,90.852
1413.6,660.3,47.247,91.236
1407.4,655.52,47.662,92.036
1401.3,651.67,47.573,91.865
1393.8,647.53,47.763,92.232
1386.2,643.63,47.539,91.8
1379.3,639.84,47.538,91.797
1372.2,635.66,47.773,92.251
1365.8,631.83,47.624,91.964
1362.7,628.6,47.42,91.57
1361.6,625.47,47.043,90.841
1361.5,622.57,46.985,90.729
1362,619.73,47.013,90.784
1362.5,616.71,47.013,90.784
1362.9,614.7,46.981,90.722
1363.7,612.47,46.997,90.754
1364.2,610.64,47.027,90.812
1364.9,608.56,47.133,91.015
1365,607.11,46.84,90.45
1365.2,605.69,46.976,90.712
1365.9,604.13,46.98,90.721
1366.5,602.2,47.233,91.208
1366.7,600.48,47.145,91.038
1367.2,598.86,46.968,90.697
1367.8,597.35,46.865,90.498
1368.4,596.4,46.636,90.056
1369,594.78,46.598,89.982
1369.5,592.99,46.562,89.913
1370.5,591.67,46.334,89.473
1370.9,590.23,46.475,89.744
1372.2,589.07,46.718,90.215
1372.9,587.34,46.946,90.654
1373.1,586,46.695,90.17
1374,584.73,46.89,90.546
1374.2,582.84,46.887,90.541
1375,581.52,46.958,90.678
1375.5,580.52,46.88,90.526
1376.9,579.31,46.661,90.104
1377.4,578.56,46.419,89.636
1378.4,577.46,46.742,90.26
1379.2,576.29,46.727,90.231
1380,575.19,46.652,90.087
1380.8,573.37,46.292,89.392
1381.2,572.2,46.413,89.626
1382.5,571.34,46.84,90.451
1382.8,569.71,46.751,90.278
1383.6,569.71,46.893,90.552
1384,567.68,46.804,90.38
1385.1,567.3,47.237,91.216
1385.5,565.22,47.155,91.058
1386.4,564.93,46.933,90.63
1386.9,563.8,46.944,90.65
1387.6,562.86,46.923,90.609
1388.5,562.8,46.832,90.434
1389.4,561.78,46.907,90.579
1390.6,560.85,46.92,90.605
1391.3,560.25,46.986,90.732
1392.4,560.5,47.03,90.816
1393.4,559.61,46.932,90.627
1393.6,558.65,46.831,90.432
1394.6,558.37,46.941,90.644
1395.4,557.58,46.932,90.627
1395.8,557.26,46.982,90.724
1397,557.43,47.139,91.027
1397.9,556.36,46.992,90.743
1399.4,556.62,46.937,90.637
1399.9,555.68,46.886,90.539
1400.7,555.75,46.931,90.626
1401.5,554.88,46.96,90.682
1401.9,555.01,47.112,90.974
1403.1,555.18,47.238,91.218
1403.3,554.47,47.092,90.936
1404.2,555.03,47.22,91.184
1404.5,554.36,47.114,90.978
1405.1,555.45,46.948,90.659
1405.1,555.15,46.566,89.921
1405,555.49,46.362,89.526
1405.4,555.88,46.606,89.998
1404.5,555.28,46.88,90.527
1404,555.52,46.868,90.503
1403.5,556.02,46.83,90.43
1403.3,556.26,46.818,90.407
1402.5,556.73,46.865,90.498
1402.2,557.38,46.739,90.254
1402.3,558.24,46.669,90.119
1401.8,558.55,46.763,90.301
1401,558.91,46.845,90.459
1399.7,558.68,46.969,90.698
1398.8,559.76,46.823,90.417
1397.7,560.26,46.694,90.167
1396.1,561.24,47.06,90.875
1393.1,561.45,47.091,90.934
1389.6,562.12,47.244,91.23
1384.5,562.66,46.797,90.366
1379.9,564.2,46.979,90.719
1374.2,565.06,47.059,90.873
1368.8,565.94,47.071,90.895
1363.2,566.97,47,90.759
1357.8,567.44,47.128,91.006
1352.1,568.31,46.677,90.135
1347.4,570.07,46.77,90.314
1341.7,570.71,46.89,90.546
1335.4,571.47,47.145,91.038
1330.3,572.02,47.271,91.282
1325.2,572.95,47.298,91.334
1321.7,574.07,47.41,91.549
1316.8,575.57,47.443,91.615
1313.5,575.76,47.612,91.94
1310.2,577.46,47.776,92.258
1307.4,577.89,47.703,92.117
1306.2,579.67,47.79,92.285
1304.7,580.74,47.604,91.925
1303.9,582.49,47.775,92.254
1303.2,583.32,47.616,91.947
1302.4,584.85,47.903,92.503
1301.9,586.25,47.817,92.337
1301.2,586.67,47.748,92.202
1300.8,588.61,47.83,92.362
1300.1,589.89,48.103,92.889
1299.6,590.94,48.321,93.31
1299.7,592.98,48.431,93.522
1299.1,593.96,48.591,93.832
1299.4,595.86,48.591,93.832
1299.1,597.41,48.773,94.183
1298.3,598.22,49.019,94.658
1298.1,599.9,48.854,94.338
1298.3,602.33,48.826,94.285
1298.3,603.78,48.671,93.986
1298.1,605.49,48.349,93.363
1298.2,607.55,48.606,93.859
1298.1,609.13,48.494,93.643
1297.5,609.97,48.7,94.041
1297.4,611.84,48.669,93.982
1297.1,613.64,48.766,94.168
1297.2,615.15,48.914,94.454
1297.2,617.25,49.113,94.839
1296.9,618.42,49.171,94.951
1296.8,620.69,49.159,94.928
1296.5,622.6,49.063,94.742
1295.6,624.34,49.027,94.673
1295,626.33,48.978,94.578
1294.2,628.24,48.981,94.584
1293.5,630.09,48.809,94.253
1292.6,632.14,48.886,94.401
1292.5,634.61,48.95,94.525
1292.1,636.74,48.837,94.305
1291.3,639.02,49.045,94.707
1290.7,641.15,49.031,94.681
1291.1,642.96,49.013,94.646
1290.8,645.18,49.23,95.064
1291.3,647.25,49.538,95.66
1291.2,649.88,49.491,95.569
1291.3,652.05,49.658,95.892
1291,654.25,49.494,95.575
1291.1,657.24,49.378,95.351
1291.3,658.86,49.454,95.497
1291.8,661.53,49.49,95.566
1292,664.26,49.508,95.602
1292,667.08,49.613,95.805
1291.6,668.96,49.691,95.955
1291.3,671.57,50.013,96.578
1291.7,674.43,50,96.551
1292.2,677.11,49.8,96.166
1292.8,680.44,49.888,96.336
1293,683.11,50.009,96.568
1292.8,685.41,50.174,96.887
1293.3,688.83,50.193,96.924
1293.3,692.23,50.161,96.862
1293.3,695.36,50.145,96.832
1293.8,698.21,50.29,97.111
1293.3,701.05,50.162,96.865
1293.8,704.41,50.449,97.419
1293.9,707.55,50.531,97.577
1293.6,710.63,50.599,97.709
1293.4,714.21,50.249,97.033
1293.3,717.59,50.293,97.117
1293.7,720.93,50.364,97.254
1294.3,723.89,50.166,96.873
1294.9,727.43,50.31,97.151
1294.6,730.5,50.55,97.613
1294.3,733.41,50.673,97.851
1294.2,737.23,50.467,97.453
1294.4,740.87,50.852,98.196
1294.8,744.42,50.438,97.397
1295.3,748.22,50.625,97.759
1294.9,751.67,50.607,97.724
1295.2,755.22,50.682,97.869
1295.4,759.19,50.888,98.267
1294.7,762.74,50.698,97.9
1295.3,766.64,50.9,98.289
1295.2,770.14,50.937,98.361
1295.3,773.66,50.982,98.449
1295.5,777.76,51.217,98.901
1295.3,781.45,51.286,99.035
1295.5,784.76,51.492,99.432
1295.3,788.71,51.524,99.494
1295.2,792.71,51.415,99.284
1295.7,796.8,51.644,99.725
1295.7,800.28,51.805,100.04
1295.4,803.8,51.708,99.85
1295.9,807.67,51.769,99.967
1295.2,810.26,52.114,100.63
1295.3,814.46,51.88,100.18
1294.5,818.46,51.798,100.02
1294.8,821.87,51.924,100.27
1294.8,825.66,52.185,100.77
1294.4,829.45,51.83,100.09
1294.2,832.27,51.985,100.38
1294.4,836.9,51.932,100.28
1294.3,839.98,52.46,101.3
1293.5,843.63,52.158,100.72
1293.3,847.41,52.224,100.85
1293.7,851.41,52.353,101.09
1293.4,855.17,52.354,101.1
1293.7,857.94,52.602,101.58
1292.9,862.18,52.767,101.9
1292.2,865.39,52.901,102.15
1291.9,869.57,53.037,102.42
1291.1,873.13,53.196,102.72
1291.2,877.68,53.005,102.35
1291.1,881.53,52.882,102.12
1290.9,886.04,53.129,102.59
1289.6,885.55,53.385,103.09
1289.4,888.6,53.59,103.48
1288,894.36,53.621,103.54
1286.9,898.51,53.832,103.95
1288.1,901.61,54.089,104.45
1287.9,904.25,53.767,103.83
1287.1,904.64,53.435,103.19
1286.5,906.76,53.318,102.96
1285.8,908.45,53.393,103.1
1284.8,911.19,53.547,103.4
1285.2,913.24,53.235,102.8
1283.8,914.75,53.591,103.49
1283,913.56,53.592,103.49
1281.6,914.65,53.431,103.18
1279.2,915.5,53.601,103.51
1278.3,917.81,53.596,103.5
1277.6,917.56,53.853,103.99
1277.4,917.38,53.889,104.06
1276.6,917.15,54.098,104.47
1275.1,917.12,54.068,104.41
1273,917.71,53.815,103.92
1271,917.81,53.853,103.99
1269.7,917.76,53.789,103.87
1269,917.29,53.668,103.63
1266.2,916.83,53.852,103.99
1264.8,917.43,53.794,103.88
1263.2,917.02,54.141,104.55
1261.7,917.11,53.945,104.17
1259.3,916.16,54.076,104.42
1257.3,916.23,54.263,104.78
1254.8,914.65,54.7,105.63
1253.3,914.83,54.825,105.87
1251.8,914.35,54.812,105.84
1250.3,914.84,54.682,105.59
1248.7,914.08,54.54,105.32
1247.2,913.48,54.593,105.42
1245.3,913.06,54.271,104.8
1243.6,913.24,54.103,104.47
1242.3,912.89,53.991,104.26
1240.2,911.65,54.042,104.36
1238.1,910.73,53.909,104.1
1237.4,910.72,53.721,103.74
1235.6,909.58,53.777,103.85
1234.8,909.35,53.437,103.19
1232.6,907.66,53.579,103.46
1231.4,907.38,53.316,102.96
1230.2,906.27,53.158,102.65
1229.1,906.44,52.945,102.24
1227.9,906.08,52.356,101.1
1226,904.99,52.184,100.77
1223.9,903.36,52.344,101.08
1221.7,902.75,52.36,101.11
1219.8,901.59,52.425,101.24
1217.2,899.89,52.495,101.37
1215.3,898.36,52.776,101.91
1213.2,898.21,52.445,101.27
1210.9,897.13,52.481,101.34
1208.8,895.91,52.402,101.19
1206.2,894.75,52.137,100.68
1203.5,893.56,51.803,100.03
1200.8,892.15,51.525,99.496
1198,891.25,51.327,99.115
1195.5,890.85,51.275,99.014
1192.7,889.23,51.139,98.751
1190.3,888.27,51.045,98.569
1188.3,887.78,51.012,98.506
1186,886.62,50.942,98.371
1183.1,885.01,50.9,98.289
1181.2,884.24,50.911,98.311
1179,883.16,50.836,98.166
1176.9,882.49,50.866,98.224
1174.2,881.52,50.898,98.287
1172.1,880.48,50.753,98.007
1169.8,880.53,50.864,98.22
1167.1,878.31,51.037,98.555
1165.3,878.36,51.005,98.491
1163.1,877.65,50.856,98.205
1159.8,877.07,50.761,98.022
1158.1,877.41,51.308,99.078
1156.6,876.96,51.506,99.461
1154.6,876.22,51.339,99.138
1153.4,876.59,51.747,99.926
1152.3,875.76,51.361,99.18
1150.9,875.5,51.368,99.194
1149.4,875.33,51.484,99.417
1147.6,874.73,51.265,98.994
1145.9,874.69,51.362,99.181
1144.6,874.61,51.835,100.1
1142.4,873.78,51.994,100.4
1141.6,874.11,51.894,100.21
1139.9,873.98,51.718,99.87
1139.3,874.39,51.741,99.913
1138.5,874.39,51.75,99.932
1137.4,874.63,51.599,99.64
1136.6,874.75,51.556,99.555
1134.3,874.62,51.522,99.491
1132.7,875.04,51.505,99.457
1131.3,875.87,51.352,99.162
1130.3,877.2,51.533,99.512
1128.4,877.52,51.864,100.15
1127.5,878.64,51.952,100.32
1126.3,880.05,52.153,100.71
1124.4,880.67,52.333,101.06
1122.9,882.33,52.415,101.21
1121.6,881.59,52.98,102.31
1120.2,882.67,53.287,102.9
1118.4,883.67,53.284,102.89
1117.4,884.2,53.644,103.59
1115.7,885.12,53.794,103.88
1115.3,886.29,53.848,103.98
1114.5,886.89,54.069,104.41
1114.6,888.34,53.863,104.01
1112.4,889.32,54.224,104.71
1111.7,890.69,54.057,104.39
1111.5,892.35,54.026,104.33
1112.5,893.34,53.718,103.73
1113,894.54,53.602,103.51
1111.9,896.83,53.906,104.09
1111,897.66,54.02,104.31
1108.7,899.34,54.116,104.5
1106,902.14,54.34,104.93
1104.7,903.53,54.567,105.37
1104,905.62,54.716,105.66
1104.3,905,54.924,106.06
1103.2,907.62,54.581,105.4
1102,909.73,54.549,105.34
1100.8,913.46,54.481,105.2
1099,914.66,54.857,105.93
1098.6,913.53,54.731,105.69
1098.9,918.63,54.997,106.2
1098.5,918.38,55.114,106.43
1100.1,921.76,54.712,105.65
1102.2,922.28,54.474,105.19
1104.2,923.6,54.218,104.7
1059.1,895.01,54.068,104.41
1063.4,897.17,53.802,103.89
1063.6,897.5,53.855,104
1117.8,933.55,53.892,104.07
1124.4,935.28,53.708,103.71
1080.2,904.94,53.795,103.88
1085.8,906.06,54.432,105.11
1140,941.73,54.223,104.71
1147.6,942.58,53.915,104.11
1153.2,944.94,53.675,103.65
1164.9,965.22,53.779,103.85
1163.7,949.96,53.374,103.07
1169.3,952.52,53.272,102.87
1176.4,955.12,53.112,102.56
1180.3,957.49,53.101,102.54
1187.4,960.15,53.032,102.41
1192.4,962.69,53.148,102.63
1197.3,965.64,53.789,103.87
1200.2,968.29,54.161,104.59
1200.2,970.49,54.492,105.23
1198.8,973.03,54.57,105.38
1196.9,975.12,54.966,106.14
1194.4,978.03,55.136,106.47
1193.3,981.61,55.142,106.48
