759,717,94,147
763.71,715.76,94.497,147.78
770.25,715.37,94.988,148.55
774.82,714.34,94.344,147.54
781.68,713.81,94.762,148.19
785.38,712.24,94.481,147.75
792.55,712.73,93.797,146.68
798.12,710.6,94.864,148.35
802.6,709.35,94.491,147.77
809.86,708.36,95.494,149.34
815.35,706.11,95.545,149.42
818.57,706.49,95.182,148.85
825.09,706.83,95.109,148.74
829.06,705.73,95.282,149
834.72,705.12,95.684,149.63
833.86,702.1,96.13,150.33
835.69,702.13,96.073,150.24
839.25,703.02,95.797,149.81
841.62,701.51,95.878,149.94
843.69,701.38,95.216,148.9
845.49,700.57,95.051,148.64
846.92,699.75,95.341,149.1
848.13,699.3,95.85,149.89
849.63,698.11,95.597,149.5
850.22,696.16,95.882,149.94
851.79,696.34,95.967,150.08
852.14,695.65,95.978,150.09
852.51,695.12,96.117,150.31
851.7,693.19,96.303,150.6
850.95,692.5,96.24,150.5
849.77,690.89,96.614,151.09
849.27,690.72,96.298,150.59
847.77,689.93,95.716,149.68
846,688.62,96.006,150.14
845.64,688.56,96.406,150.76
844.01,687.16,96.06,150.22
843.86,687.44,95.927,150.01
842.02,686.23,96.03,150.17
841.15,685.58,95.954,150.06
839.97,685.53,95.408,149.2
837.78,683.53,95.567,149.45
837.18,683.26,95.037,148.62
836.41,682.93,95.484,149.32
835.27,681.8,95.006,148.57
833.48,681,94.867,148.36
831.91,680.52,95.253,148.96
829.62,680.17,95.193,148.87
828.43,680.18,95.318,149.06
827.8,679.06,95.323,149.07
826.71,678.33,95.11,148.74
825.87,677.66,95.028,148.61
824.69,676.94,94.835,148.31
823.22,675.82,94.541,147.85
822.12,675.64,94.74,148.16
820.78,674.83,94.696,148.09
819.99,674.02,94.652,148.02
820.1,673.83,94.154,147.24
820.04,672.32,94.164,147.26
820.92,671.03,94.268,147.42
822.3,670.47,94.112,147.17
823.73,670,93.874,146.8
826.32,670.07,93.907,146.85
827.28,669,93.94,146.91
829.59,669.07,93.673,146.49
830.96,668.08,93.418,146.09
831.08,667.19,93.095,145.59
832.51,667.19,93.092,145.58
833.99,666.89,92.85,145.2
833.64,665.27,92.873,145.24
834.73,664.97,93.238,145.81
834.56,663.87,93.301,145.91
834.98,663,93.161,145.69
835.83,663.51,93.417,146.09
835.5,662.3,93.209,145.76
836.42,662.03,93.628,146.42
836.38,660.93,93.984,146.98
835.21,659.65,93.812,146.71
834.61,659.52,93.844,146.76
833.86,659.54,93.913,146.86
832.83,658.29,93.857,146.78
830.61,657.88,93.787,146.67
829.78,657.38,93.679,146.5
828.55,656.52,93.981,146.97
826.2,655.38,93.712,146.55
826.35,655.68,93.688,146.51
825.38,655.33,93.584,146.35
823.85,654.94,93.347,145.98
821.43,653.22,93.428,146.11
819.87,652.96,93.197,145.74
818.15,652.71,93.369,146.01
816.16,651.69,93.334,145.96
814.97,651.11,93.241,145.81
813.69,650.79,92.88,145.25
813.26,651.04,92.926,145.32
811.88,650.38,92.971,145.39
811.19,650.24,93.193,145.74
810.64,650.11,92.995,145.43
808.9,649.15,93.316,145.93
806.82,648.28,92.99,145.42
805.89,647.78,93.138,145.65
804.06,647.68,93.288,145.89
801.73,646.83,92.989,145.42
801.96,647.15,92.96,145.37
801.01,646.75,92.705,144.98
799.57,645.44,92.385,144.47
800.02,645.17,92.644,144.88
800.11,644.56,91.796,143.55
802.95,643.82,92.035,143.93
804.34,642.77,92.3,144.34
809.48,643.83,91.971,143.83
812.28,642.81,91.825,143.6
817.48,641.1,92.284,144.32
823.2,640.99,92.566,144.76
825.83,640.3,92.285,144.32
828.19,640.61,92.572,144.77
831.84,639.38,92.107,144.04
835.16,638.57,92.165,144.13
840.18,638.57,91.97,143.83
841.87,637.82,91.732,143.45
845.03,637.85,91.707,143.41
845.82,637.68,91.629,143.29
847.47,637.76,91.225,142.66
849.35,636.45,90.854,142.08
852.74,637.22,90.898,142.15
855.96,636.23,91,142.31
857.9,636.02,91.692,143.39
858.85,635.32,91.683,143.38
860.67,635.14,91.901,143.72
860.23,634.09,91.704,143.41
860.58,633.24,92.021,143.91
859.42,632.91,91.719,143.43
858.49,632.36,91.862,143.66
857.52,631.92,91.792,143.55
856.47,631.41,92.081,144
854.59,630.81,92.125,144.07
853.07,631.87,92.078,143.99
851.88,631.47,92.157,144.12
850.97,632.03,91.959,143.81
849.88,630.79,91.82,143.59
848.53,630.24,92.096,144.02
847.59,630.45,91.946,143.79
846.56,630.26,91.934,143.77
845.54,630.08,91.97,143.83
844.61,629.04,92.148,144.1
844.02,629.67,92.348,144.42
843.3,629.39,92.198,144.18
842.22,629.07,92.085,144.01
840.31,628.62,91.68,143.37
840.61,628.87,91.684,143.38
840.72,628.51,92.431,144.55
840.74,628.1,92.631,144.86
841.48,627.33,92.058,143.96
842.78,627.33,92.002,143.88
845.19,626.87,91.651,143.33
848.07,627.44,92.359,144.43
850.65,626.79,92.619,144.84
851.63,625.86,92.451,144.58
855.35,625.85,92.555,144.74
857.42,625.04,92.427,144.54
861.36,624.66,92.608,144.82
863.07,624.27,91.962,143.81
866.17,624.08,92.028,143.92
867.49,623.64,91.772,143.52
871.39,623.05,92.11,144.04
872.42,622.55,91.645,143.32
878.13,622.01,91.76,143.5
880.87,622.03,91.199,142.62
883.27,621.4,90.5,141.53
884.81,621.51,90.136,140.96
889.74,621.93,89.71,140.29
891.85,620.7,89.822,140.47
896.33,620.41,89.473,139.92
900.07,620.73,90.115,140.93
903.51,620.38,89.563,140.06
904.46,620.27,89.586,140.1
906.7,619.9,89.686,140.25
908.43,619.93,88.926,139.07
910.48,618.89,89.04,139.24
912.69,619.02,88.506,138.41
913.7,618.65,88.558,138.49
914.69,619.18,89.155,139.42
916.28,618.38,89.247,139.57
918.44,618.4,89.755,140.36
920.44,618.1,89.312,139.67
922.32,617.99,90.015,140.77
925.12,617.97,90.137,140.96
925.5,617.8,89.941,140.65
926.56,617.17,89.696,140.27
928.04,617.18,88.998,139.18
929.71,617.3,88.921,139.06
931.44,616.53,88.648,138.63
933.47,616.71,88.494,138.39
933.75,615.43,88.722,138.75
934.19,615.81,89.228,139.54
933.85,615.41,88.982,139.15
933.02,615.79,89.033,139.23
933.01,615.63,88.707,138.72
932.52,616.5,88.747,138.78
932.32,616.59,88.733,138.76
931.7,616.81,88.472,138.35
928.41,615.51,88.622,138.59
928.6,615.93,88.644,138.62
927.64,615.64,89.15,139.42
926.66,614.59,89.093,139.33
925.74,614.36,89.099,139.34
925.14,614.09,89.212,139.51
924.42,614.4,88.938,139.08
923.07,613.85,89.2,139.49
921.34,613.48,88.96,139.12
920.24,612.96,88.788,138.85
920.17,614.02,88.816,138.89
919.71,614.62,88.686,138.69
919.71,613.91,88.594,138.55
918.81,614.29,88.453,138.33
917.03,613.39,88.39,138.23
916.08,613.29,88.212,137.95
915.23,613.58,88.702,138.71
914.39,614,88.635,138.61
914.51,614.56,88.417,138.27
913.26,612.93,87.664,137.09
911.85,613.17,87.308,136.53
912.49,614.15,87.815,137.33
910.76,612.93,87.85,137.38
910.47,613.29,88.113,137.79
910.31,613.22,88.525,138.44
907.21,611.83,88.354,138.17
905.78,611.9,88.028,137.66
906.76,612.85,87.959,137.55
906.26,612.97,88.313,138.11
904.98,612.73,87.702,137.15
904.31,611.86,87.82,137.33
903.82,612.12,87.305,136.53
905.87,612.57,87.267,136.47
913.19,613.3,87.272,136.48
918.82,612.66,87.164,136.31
935.4,611.48,87.289,136.51
946.56,611.39,87.244,136.43
965.99,611.71,86.32,134.99
983.32,609.92,86.684,135.56
1001.6,609.31,86.659,135.52
1016.9,610.61,86.742,135.65
1026.8,609.59,86.289,134.94
1037.8,608.27,86.206,134.81
1052.2,608.36,86.208,134.81
1062.7,608.72,86.31,134.97
1068.8,608.06,86.241,134.87
1070.1,607.4,87.2,136.37
1074.2,607.24,87.229,136.41
1074.9,607.83,87.519,136.86
1075.6,607.13,87.463,136.78
1077.4,607.92,87.656,137.08
1076.5,607.63,87.715,137.17
1076.7,606.57,88.206,137.94
1076.4,606.02,88.237,137.99
1076.5,606.02,88.206,137.94
1077.3,605.25,87.892,137.45
1077.4,605.49,87.833,137.36
1076.9,605.2,87.935,137.51
1077.5,604.96,88.573,138.51
1077.1,605.33,88.517,138.43
1075.7,604.78,88.324,138.12
1076.7,604.1,88.113,137.79
1076.7,605.05,88.849,138.95
1077.1,604.87,88.896,139.02
1077.3,603.54,89.507,139.97
1077.1,603.38,89.926,140.63
1076.5,603.01,89.529,140.01
1077.4,603.52,89.237,139.55
1077.3,602.32,88.978,139.15
1077.7,602.38,88.564,138.5
1079.2,602.26,88.614,138.58
1078.9,602.3,88.916,139.05
1078.6,601.38,88.01,137.63
1079.5,602.34,87.66,137.08
1078.4,602.15,87.837,137.36
1079.4,602.31,88.174,137.89
1079.5,600.86,89.061,139.28
1078.5,600.72,88.81,138.88
1080.3,600.13,89.615,140.14
1079.6,601.03,89.758,140.37
1080.5,599.34,89.151,139.42
1082.1,597.59,88.329,138.13
1083.1,597.74,87.841,137.37
1084.3,597.4,88.675,138.67
1085.2,597.63,88.414,138.26
1084.8,596.12,87.333,136.57
1085.6,596.63,87.346,136.6
1086,596.35,87.396,136.67
1086.1,595.94,87.705,137.16
1084.8,596.37,87.673,137.11
1085.5,595.26,87.384,136.65
1086.1,595.69,87.7,137.15
1086.1,594.88,87.566,136.94
1084.9,595.22,87.963,137.56
1087,595.73,87.816,137.33
1085.6,596.7,87.151,136.29
1088,598.01,86.946,135.97
1086.3,599.4,86.844,135.81
1086.8,601.75,86.539,135.33
1087.4,604.23,86.791,135.73
1086.5,607.07,86.931,135.95
1086.6,607.72,86.916,135.92
1086.8,610.57,86.354,135.04
1086.6,613.36,86.073,134.6
1086.1,618.08,85.986,134.47
1086.3,623.09,87.039,136.11
1085.2,624.76,86.662,135.52
1086,627.63,86.594,135.42
1085.4,633.66,87.23,136.41
1085.7,635.31,87.154,136.29
1085.2,641.07,87.776,137.27
1084.9,642.68,87.249,136.44
1085.5,650.91,87.799,137.3
1084.7,653.09,87.693,137.14
1084,662.61,87.498,136.83
1082.7,670.56,87.239,136.43
1083,677.62,87.796,137.3
1081.5,684.25,87.517,136.86
1080.3,689.9,87.809,137.32
1079.1,696.44,87.844,137.37
1078.7,703.54,88.165,137.87
1077.4,710.29,88.64,138.62
1077,713.62,88.299,138.08
1075.3,720.79,88.161,137.87
1075.5,729.17,88.546,138.47
1075.1,730.37,88.258,138.02
1074.5,739.15,87.941,137.52
1073.9,747.67,88.414,138.27
1072.4,753.76,88.812,138.89
1071.8,761.33,89.36,139.74
1071,766.8,89.571,140.07
1069.9,768.86,89.841,140.5
1069.2,768.4,89.818,140.46
1068.8,769.56,89.942,140.65
1066.9,767.4,90.104,140.91
1065.7,766.34,90.343,141.28
1065,763.86,90.333,141.27
1063.8,762.73,90.944,142.22
1062,760.9,90.757,141.93
1060.7,759.62,90.918,142.18
1059.8,755.99,90.718,141.87
1057.8,754.52,90.531,141.58
1055.3,750.13,90.295,141.21
1054.6,748.88,90.261,141.15
1053.4,746.25,90.278,141.18
1052.1,744.42,90.304,141.22
1050.8,741.05,89.893,140.58
1048.1,737.55,89.5,139.96
1047.5,735.58,89.608,140.13
1046.1,734.29,89.882,140.56
1043.6,731.21,89.978,140.71
1042,729.85,89.759,140.37
1040.2,725.83,89.811,140.45
1038.1,723.83,90.052,140.83
1037.7,723.09,90.036,140.8
1036.3,722.13,89.725,140.31
1033.7,718.46,89.827,140.47
1031.7,717.12,89.636,140.18
1029.6,714.52,89.612,140.14
1028.3,713.2,89.812,140.45
1025.2,710.35,89.621,140.15
1024.9,709.93,89.835,140.49
1021.7,706.59,89.908,140.6
1020.6,704.7,90.148,140.98
1019.4,702.94,90.185,141.03
1017.1,701.56,90.029,140.79
1014.2,697.49,90.175,141.02
1012.9,696.98,90.295,141.21
1010.8,693.7,90.86,142.09
1009.1,690.9,90.986,142.29
1005.6,688.56,91.043,142.38
1003.6,684.78,91.185,142.6
1001,682.62,91.156,142.55
998.7,681.6,90.748,141.91
997.56,679.97,90.762,141.94
995.62,678.19,91.681,143.37
992,674.97,91.555,143.18
989.27,670.79,91.522,143.12
987.55,667.68,91.084,142.44
986.34,665.37,91.138,142.52
983.46,662.73,90.639,141.74
980.73,659.98,90.731,141.89
980.13,656.78,90.878,142.12
977.47,654.03,91.176,142.58
974.32,649.94,91.058,142.4
973.57,648.11,91.018,142.34
972.29,645.88,90.924,142.19
969.45,642.81,90.767,141.94
966.58,638.89,91.334,142.83
962.86,636.46,90.539,141.59
960.75,633.36,90.107,140.91
959.77,632.65,89.642,140.18
957.1,630.21,89.438,139.87
955.42,626.97,89.45,139.88
952.92,624.15,89.447,139.88
950.63,620.71,89.837,140.49
947.54,615.69,89.414,139.83
946.61,615.69,89.23,139.54
944.4,612.62,89.608,140.13
942.85,609.91,89.827,140.47
940.08,607.39,89.668,140.23
937.22,603.98,89.759,140.37
935.06,600.08,89.753,140.36
933.64,598.54,88.865,138.97
932.97,597.17,88.834,138.92
930.55,594.77,88.972,139.14
927.56,591.49,88.742,138.78
926.17,589.09,88.164,137.87
924.98,587.61,87.43,136.72
922.71,585.31,87.378,136.64
921.82,582.88,86.918,135.93
918.6,579.87,86.567,135.38
918.19,579.02,86.205,134.81
915.48,575.74,86.434,135.17
914.57,573.59,86.525,135.31
913.5,573.55,85.85,134.26
911.67,571.48,85.42,133.58
909.47,570.21,84.834,132.67
907.41,566.79,84.82,132.64
905.46,565.44,84.842,132.68
903.68,563.8,84.766,132.56
902.93,563.75,84.262,131.77
902.16,563,84.123,131.55
899.94,561.34,83.837,131.11
898.61,560.08,83.732,130.94
897.14,558.71,83.803,131.05
895.84,557.84,83.824,131.09
894.57,556.09,83.948,131.28
892.12,553.76,83.649,130.81
891.68,554,83.471,130.53
888.59,552.3,83.51,130.6
888.21,551.98,83.454,130.51
886.08,552.82,83.273,130.22
885.36,553.64,82.836,129.54
885.19,555.43,82.992,129.79
884.04,557.16,82.606,129.18
882.41,557.69,82.078,128.36
880.89,558.3,81.919,128.11
880.03,559.9,81.572,127.56
879.96,561.29,81.614,127.63
878.81,561.67,81.659,127.7
877.44,562.35,81.808,127.93
875.44,562,81.814,127.94
873.32,563.2,82.059,128.33
872.52,564.39,81.856,128.01
870.76,564.53,81.729,127.81
869.33,566.02,81.934,128.13
868.46,567.24,81.988,128.22
867.52,567.59,81.859,128.01
866.78,569.88,81.581,127.58
865.9,569.98,81.71,127.78
865.25,572.82,81.499,127.45
863.95,572.01,81.879,128.05
861.99,572.85,81.837,127.98
861.1,574.04,81.91,128.09
860.29,575.9,81.533,127.5
860.62,578.35,80.959,126.61
859.11,578.86,80.82,126.39
857.87,579.05,81.097,126.82
856.25,579.48,81.109,126.84
854.42,580,81.441,127.36
854.83,581.96,81.258,127.07
852.09,582.32,81.247,127.06
851.94,582.39,81.575,127.57
852.1,584.69,81.362,127.24
849.63,584.91,81.394,127.29
849.71,586.8,81.124,126.86
847.81,586.38,81.446,127.37
847.91,588.28,81.038,126.73
846.26,588.84,81.084,126.8
844.59,590.01,80.835,126.41
844.44,591.42,80.583,126.02
842.86,592.02,80.637,126.1
842.17,592.25,80.956,126.6
842.28,594.71,80.73,126.25
841.24,596.48,80.524,125.93
839.31,594.87,81.137,126.88
838.47,596.31,80.989,126.65
838.76,598.04,80.76,126.29
838.22,600.02,80.619,126.07
836.6,599.75,80.822,126.39
836.46,602.54,80.503,125.89
834.09,601.87,80.806,126.37
834.4,604.69,80.41,125.75
832.68,605.95,80.071,125.22
833.04,607.25,80.131,125.31
832.5,608.82,79.843,124.86
833.6,609.11,79.852,124.88
834.31,610.05,79.946,125.02
835.69,611.52,79.926,124.99
836.6,613.33,80.021,125.14
837.72,614.89,79.692,124.63
839.56,615.65,79.587,124.46
842.67,617.58,79.358,124.1
843.98,617.25,79.401,124.17
850.03,619.82,79.272,123.97
853.67,620.23,79.145,123.77
857.49,622.15,78.795,123.22
863.38,623.77,78.723,123.11
866.69,624.86,78.457,122.69
869.31,624.94,78.567,122.87
876.47,626.83,78.826,123.27
883.57,628.99,78.443,122.67
888.97,630.2,78.319,122.48
896.1,631.57,78.069,122.09
902.85,632.7,77.931,121.87
909.35,633.06,77.904,121.83
911.55,633.26,78.15,122.21
919.31,635.98,77.848,121.74
923.34,637.46,77.829,121.71
927.21,638.17,78.007,121.99
927.65,639.42,78.038,122.04
928.45,640.76,77.8,121.67
928.54,641.89,78.295,122.44
926.9,643.36,78.246,122.36
926.84,645.49,78.198,122.29
925.74,647.56,78.009,121.99
924.92,649.1,78.118,122.16
924.36,651.79,77.936,121.88
922.92,653.09,78.333,122.5
922.05,655.32,78.295,122.44
921.21,659,77.953,121.91
920.53,662.1,77.701,121.51
919.64,665.04,77.699,121.51
919.08,666.49,78.256,122.38
918.22,668.48,78.199,122.29
917.66,674.29,77.625,121.39
916.31,675.83,77.732,121.56
915.76,679.19,78.026,122.02
914.3,681.8,78.078,122.1
913.48,684.27,77.905,121.83
913.46,687.03,77.603,121.36
912.59,690.38,77.211,120.75
911.3,693.77,77.134,120.63
911.6,697.28,77.052,120.5
910.75,700.2,76.974,120.37
910.25,702,77.379,121.01
908.67,704.71,77.329,120.93
908.57,707.83,77.262,120.82
907.44,710.68,77.062,120.51
906.55,713.59,76.925,120.3
905.98,715.36,76.978,120.38
904.65,718.18,76.996,120.41
904.41,721.45,76.831,120.15
902.21,723.32,76.478,119.6
901.25,727.14,76.244,119.23
900.36,728.94,76.632,119.84
900.13,732.1,76.524,119.67
899.03,734.42,76.484,119.61
898.12,737.2,76.539,119.69
897.15,740.31,76.413,119.5
896.57,743.83,76.527,119.67
895.2,745.96,76.35,119.4
895.48,750.1,76.747,120.02
894.01,751.87,76.844,120.17
892.65,753.84,76.901,120.26
892.27,755.49,76.73,119.99
891.95,756.16,76.505,119.64
890.74,755.65,76.169,119.11
890.36,753.4,75.792,118.53
889.1,751.57,75.961,118.79
888.73,748.81,76.419,119.51
887.84,747.15,76.154,119.09
886.5,745.13,75.875,118.66
886.3,741.52,75.653,118.31
885.29,739.9,75.762,118.48
884.72,737.19,75.872,118.65
884.14,735.05,75.715,118.4
883.63,732.77,75.699,118.38
883.18,730.83,75.824,118.58
881.99,727.59,75.79,118.52
881.38,725.86,75.505,118.08
880,723.43,75.276,117.72
879.86,721.33,75.472,118.02
878.62,719.16,75.107,117.46
877.79,716.11,75.496,118.06
876.95,713.32,75.237,117.66
876.08,711.31,75.25,117.68
874.97,709.56,75.099,117.44
874.05,706.26,74.928,117.17
874,704.52,74.956,117.22
873.26,702.11,74.948,117.21
872.23,700.12,74.861,117.07
871.98,698.07,74.578,116.63
871.27,696.99,74.554,116.59
870.48,692.84,74.828,117.02
869.32,691.71,74.92,117.16
868.7,689.02,74.844,117.04
868.07,687.18,74.698,116.81
867.07,684.67,74.525,116.54
866.53,683.04,74.608,116.67
865.73,681.37,74.225,116.07
865.48,679.2,74.107,115.89
865.15,678.22,73.767,115.36
864.6,676.04,74.203,116.04
863.55,674.68,74.097,115.88
863,673.69,74.31,116.21
861.62,672.25,73.975,115.68
861.05,670.79,73.839,115.47
861.21,670.18,73.728,115.3
860,668.79,73.777,115.37
859.44,667.33,73.767,115.36
858.74,666.19,73.944,115.64
857.55,664.72,74.031,115.77
856.48,663.4,74.051,115.8
855.63,662.89,73.459,114.88
854.94,662.24,73.63,115.15
853.95,660.62,73.75,115.33
853.18,659.82,73.879,115.53
853,658.89,73.988,115.7
851.82,657.45,73.687,115.23
850.64,656.42,73.71,115.27
850.13,655.8,73.506,114.95
849.72,654.73,73.858,115.5
848.77,653.58,73.862,115.51
847.75,652.39,73.851,115.49
846.98,651.52,74.462,116.45
846.46,650.46,73.752,115.33
844.92,648.92,73.548,115.02
844.37,648.55,73.315,114.65
843.24,647.56,72.465,113.32
842.58,646.55,72.728,113.73
841.56,645.61,72.716,113.72
840.42,644.83,72.994,114.15
839.1,643.01,73.075,114.28
838.25,642.46,73.238,114.53
837.35,640.91,72.774,113.81
837.03,640.85,72.87,113.96
835.93,639.27,73.197,114.47
834.98,638.54,73.39,114.77
834.27,637.87,73.262,114.57
833.55,636.3,73.116,114.34
833.03,635.8,72.897,114
831.79,634.8,72.717,113.72
831.21,633.92,72.828,113.89
830.18,632.55,72.728,113.73
829.18,632.34,72.59,113.52
827.88,631.53,72.536,113.43
827.36,631.86,71.927,112.48
826.64,631.57,71.779,112.25
825.49,630.84,71.811,112.3
824.94,630.32,71.898,112.44
823.95,630.24,71.777,112.25
823.46,629.95,71.768,112.23
822.73,630.3,71.379,111.62
822.43,630.33,71.46,111.75
821.08,629.93,71.477,111.78
820.28,629.33,71.237,111.4
819.56,629.78,71.437,111.71
818.73,629.1,71.466,111.76
817.71,629.1,71.495,111.81
817,629.41,71.449,111.73
816.58,629.92,71.027,111.07
816.03,630.07,71.174,111.3
814.75,630.48,70.8,110.72
814.03,629.99,71.007,111.04
813.46,631.04,71.207,111.36
812.44,629.9,71.437,111.72
811.34,631.39,71.266,111.45
810.85,632.2,71.406,111.67
809.97,632.17,71.183,111.32
808.69,632.33,70.886,110.85
808.33,633.47,70.726,110.6
807.59,633.14,70.719,110.59
806.46,633.78,70.612,110.43
806.25,634.38,70.434,110.15
805.41,635.11,70.281,109.91
804.76,635.77,70.437,110.15
803.74,637.37,69.832,109.2
803.66,637.83,70.127,109.67
802.99,638.74,69.877,109.28
802.06,640.62,69.604,108.85
801.35,641.86,69.544,108.75
801.01,644.36,69.422,108.56
799.8,646.25,69.08,108.03
799.36,648.13,69.124,108.1
798.85,650.1,68.87,107.7
798.14,652.51,68.966,107.85
796.55,654.17,69.048,107.98
796.29,655.56,68.858,107.68
795.47,658.14,68.995,107.9
794.4,659.45,68.722,107.47
794.33,661.55,68.395,106.96
793.38,663.93,68.685,107.41
792.15,666.01,68.518,107.15
792.06,669.18,68.15,106.58
791.39,671.33,68.463,107.06
790.87,673.4,68.4,106.97
790.37,674.5,68.42,107
789.62,677.58,68.259,106.75
787.8,679.49,68.141,106.56
787.76,682.12,68.086,106.47
786.87,685.05,67.843,106.1
785.7,684.98,67.867,106.13
785.02,686.97,67.906,106.19
784.13,689.83,67.792,106.02
783.85,692.31,67.872,106.14
782.66,694.93,67.747,105.94
782.32,697.85,67.229,105.13
781.34,698.76,66.969,104.73
781.23,702.81,66.92,104.65
780.27,705.02,67.009,104.79
779.86,706.81,66.851,104.54
779.09,708.46,66.908,104.63
778.62,712.38,66.857,104.55
777.37,712.56,66.618,104.18
776.54,716.42,66.682,104.28
775.88,717.68,66.459,103.93
775.05,720.31,66.349,103.76
774.51,722.88,66.368,103.79
773.9,725.69,66.298,103.68
773.45,727.91,65.796,102.89
771.96,729.64,65.937,103.11
771.26,732.39,65.984,103.19
771.26,734.24,65.922,103.09
770.82,736.78,65.914,103.08
769.67,739.36,65.831,102.95
769.03,740.47,66.051,103.29
768.01,742.55,65.896,103.05
767.66,745.77,65.629,102.63
767.04,748.01,65.445,102.34
766.56,749.77,64.925,101.53
766.37,752.1,65.01,101.67
765.11,753.88,65.171,101.92
764.69,757.44,65.091,101.79
763.72,758.39,64.728,101.22
762.74,761.12,64.844,101.4
762.51,763.52,64.71,101.2
761.16,765.33,64.716,101.2
760.52,767.37,64.587,101
760.06,769.67,64.541,100.93
759.66,772.37,64.769,101.29
759.85,774.2,64.596,101.02
758.27,776.43,64.605,101.03
757.32,779.5,64.204,100.4
757.03,781.66,64.149,100.32
756.47,783.62,64.21,100.41
755.83,785.74,64.329,100.6
755.05,787.28,64.323,100.59
754.58,789.34,64.337,100.61
753.31,792.01,64.049,100.16
752.94,794.38,64.199,100.4
751.94,797.52,64.027,100.13
750.93,799.12,64.02,100.12
750.09,801.17,64.125,100.28
750.56,804.08,64.006,100.09
749.94,805.69,63.565,99.405
750.58,807.39,63.342,99.057
753.63,810.15,62.767,98.156
762,811.57,62.345,97.497
769.35,813.19,62.641,97.96
776.64,815.51,62.582,97.867
783.39,816.38,62.655,97.981
790.65,818.33,62.478,97.704
796.97,818.67,62.53,97.786
803.55,819.29,62.761,98.148
809.78,820.54,63.018,98.55
814.46,821.23,62.88,98.333
819.36,820.34,62.717,98.079
825.04,819.72,62.68,98.021
828.33,819.78,61.689,96.472
836.42,815.87,61.747,96.561
841.86,813.31,61.805,96.652
847.49,812.28,61.67,96.442
853.66,810.89,61.454,96.103
860.42,808.31,61.735,96.543
866.08,806.17,61.657,96.422
873.36,805.05,61.62,96.362
880.15,802.78,61.621,96.365
885.86,801.4,61.219,95.736
892.82,799.19,61.392,96.007
898.06,796.26,61.433,96.072
904.16,794.98,61.052,95.475
910.02,792.03,61.066,95.496
915.87,789.73,60.84,95.144
921.83,789.15,61.038,95.453
926.16,786.29,61.044,95.463
931.51,784.7,60.848,95.156
936.27,783.04,60.997,95.389
937.46,781.26,60.906,95.247
938,779.66,61.004,95.4
937.45,778.42,60.726,94.966
936.59,776.68,60.661,94.864
936.1,775.28,60.919,95.267
935.76,774.62,60.921,95.27
935.35,772.52,60.902,95.24
934.9,770.94,60.656,94.856
933.86,769.32,60.577,94.732
933.34,768.12,60.993,95.383
932.5,767,60.726,94.965
931.94,765.7,60.272,94.255
931.06,764.56,60.062,93.927
931.31,762.23,60.622,94.802
930.01,760.71,60.568,94.718
930.12,759.43,60.968,95.344
930.04,757.94,60.803,95.085
929.43,757.65,60.861,95.176
928.88,755.8,60.765,95.026
928.03,754.04,60.974,95.353
927.76,753.79,60.818,95.109
927.23,752.93,60.717,94.951
926.21,751.45,60.648,94.843
925.31,750.96,60.64,94.83
925.31,750.5,60.546,94.684
925.05,750.57,60.249,94.219
924.84,750.42,60.4,94.455
923.33,748.73,60.417,94.482
923.6,749.78,59.766,93.465
923.21,749.27,60.117,94.013
922.85,748.92,60.012,93.849
921.7,748.17,60.305,94.306
921.43,747.47,60.245,94.214
921.12,748.24,60.078,93.952
920.38,747.54,60.044,93.899
919.8,748.33,60.005,93.838
919.2,748.39,59.94,93.736
918.75,748.76,59.971,93.784
918.52,749.46,59.791,93.503
918.26,751.04,59.859,93.609
918.24,752.7,59.536,93.104
917.49,755.34,59.395,92.883
916.82,756.87,59.932,93.724
916.39,760.96,59.633,93.256
915.62,765.16,59.919,93.703
914.97,768.35,59.739,93.421
915.24,772.93,59.705,93.369
914.4,774.35,59.823,93.553
914.66,781.48,59.368,92.842
913.74,783.29,59.761,93.456
913.27,788.15,59.552,93.129
912.53,790.77,59.556,93.136
912.62,794.91,59.65,93.282
911.78,799.19,59.931,93.723
911.17,804.35,59.316,92.76
910.88,808.04,59.459,92.984
910.23,813.89,59.509,93.063
910.11,818.22,59.569,93.156
909.19,822.58,59.671,93.315
908.52,825,59.552,93.129
908.36,828.72,59.374,92.851
908.36,831.25,59.516,93.073
908.5,834.42,59.437,92.949
907.29,836.52,59.458,92.982
906.9,839.81,59.397,92.887
906.34,842.1,59.161,92.518
905.9,844.8,58.783,91.927
905.56,846.88,58.778,91.918
905.1,848,58.803,91.959
904.7,847.15,58.813,91.973
904.17,846.72,59.002,92.269
903.23,845.11,59.276,92.697
902.63,844.25,59.11,92.437
902.57,843.26,59.242,92.644
901.73,842.07,58.978,92.232
901.05,841.2,58.886,92.087
900.45,839.46,58.966,92.212
899.86,838.67,58.836,92.01
899.77,836.84,58.846,92.024
899.03,836.32,58.903,92.114
898.26,835.96,58.723,91.833
898.65,836.32,58.559,91.577
897.45,836.38,58.534,91.537
897.12,836.56,58.411,91.344
897.32,837.06,58.288,91.153
896.86,837.37,58.346,91.243
896.28,837.27,58.383,91.301
895.55,838.57,58.642,91.706
894.55,839.11,58.654,91.724
894.29,842.12,58.466,91.43
893.8,844.47,58.545,91.554
892.22,847.18,58.51,91.499
892,851.62,58.262,91.113
891.45,854.42,58.138,90.918
891.13,858.08,58.823,91.989
891.33,860.86,58.866,92.057
890.35,866.5,58.498,91.481
890.02,869.16,58.035,90.757
889.84,874.5,58.213,91.036
888.56,877.21,58.44,91.39
888.94,881.06,58.587,91.62
888.24,885.53,58.613,91.661
886.8,888.2,58.385,91.304
887.11,892.42,58.263,91.114
885.77,896.45,58.274,91.131
884.83,898.28,58.464,91.428
885.12,902.17,58.511,91.501
884.42,905.12,58.507,91.494
883.16,907.51,58.363,91.27
883.18,911.41,57.986,90.68
882.42,914.65,58.214,91.037
881.65,917.18,58.238,91.075
880.84,920.18,58.28,91.139
879.94,922.6,58.176,90.977
879.66,926.96,58.22,91.046
879.28,929.77,58.201,91.016
878.75,934.31,58.108,90.871
877.87,937.76,58.406,91.337
878.17,941.88,58.284,91.147
877.41,946.06,58.082,90.83
876.1,949.97,58.25,91.092
875.92,954,58.037,90.76
875.55,957.78,57.913,90.565
874.58,961.27,57.747,90.306
874.33,965.77,58.012,90.721
873.99,969.53,58.087,90.838
873.42,973.22,58.092,90.846
872.62,977.55,58.262,91.111
871.53,980.58,58.105,90.866
871.82,985.64,58.141,90.922
870.19,987.71,58.124,90.896
870.08,989.41,58.131,90.907
869.33,990.94,57.767,90.338
868.74,992.71,57.797,90.384
868.19,992.07,57.705,90.241
867.58,992.73,57.685,90.209
867.4,991.91,57.644,90.146
866.34,991.36,57.726,90.273
865.73,990.48,57.962,90.643
864.92,989.78,57.752,90.315
864.47,988.2,57.626,90.117
863.76,987.9,57.895,90.537
862.72,986.34,57.875,90.506
862.27,985.26,57.768,90.34
861.29,984.44,57.636,90.133
861.41,983.31,57.811,90.406
860.56,981.76,57.61,90.093
860.47,980.57,57.619,90.107
859.78,978.29,57.948,90.621
859.14,977.64,57.866,90.492
858.24,975.57,57.575,90.038
858.46,975.36,57.682,90.204
857.77,973.46,57.937,90.604
857.43,972.57,57.642,90.143
856.55,971.37,57.949,90.622
855.89,970.54,57.621,90.11
855.81,968.94,57.176,89.414
854.63,966.93,56.884,88.957
854.6,966.42,56.987,89.117
853.73,965.38,56.972,89.094
853.37,963.95,57.189,89.435
852.56,962.72,57.016,89.163
852.6,961.82,57.139,89.356
851.82,960.31,56.866,88.929
851.48,959.27,56.508,88.368
851.53,958.34,56.626,88.554
850.82,956.9,56.423,88.237
850.26,955.28,56.542,88.421
850,954.58,56.617,88.539
849.64,953.27,56.674,88.629
849.06,951.57,56.318,88.073
848.54,951.07,56.207,87.898
847.93,950.52,56.04,87.637
847.43,948.73,56.191,87.873
847.49,948.14,56.078,87.697
846.39,945.51,56.263,87.985
846.46,945.86,55.915,87.442
846.09,944.46,56.192,87.875
845.38,943.13,56.251,87.967
844.89,942.9,56.154,87.816
844.31,941.51,56.004,87.581
843.57,940.15,55.997,87.569
843.04,939.04,55.893,87.408
842.93,938.1,56.124,87.769
842.31,937.1,55.757,87.195
841.51,936.08,55.657,87.037
841,934.68,55.79,87.247
840.89,934.66,55.987,87.554
840.3,932.76,55.95,87.496
839.71,932.51,56.138,87.791
839.5,930.75,56.293,88.033
839.32,930.29,56.115,87.755
838.8,928.59,56.003,87.579
838.01,928.06,56.021,87.608
837.95,926.64,56.092,87.719
837.1,925.88,56.087,87.71
837.29,924.83,55.829,87.307
836.49,924.42,56.061,87.67
836.13,923.04,55.95,87.497
836.09,922.65,55.886,87.396
835.99,921.4,56.055,87.661
835.11,920,55.932,87.469
835.23,919.73,55.741,87.169
834.55,918.35,55.472,86.749
834.51,918.74,55.613,86.97
833.31,916.49,55.589,86.931
833.61,916.36,55.809,87.276
832.91,915.64,55.627,86.991
832.58,914.13,55.381,86.606
831.69,913.58,55.393,86.626
831.12,912.8,55.365,86.582
830.79,912.12,55.395,86.629
830.32,910.75,55.212,86.341
830.03,910.42,55.434,86.689
829.9,909.92,55.37,86.589
828.9,908.48,55.456,86.723
828.89,908.55,55.495,86.785
828.93,907.52,55.837,87.32
828.86,906.44,55.741,87.17
827.92,905.77,55.81,87.278
827.92,904.95,55.798,87.259
827.53,905.02,55.553,86.875
827.18,904.16,55.358,86.57
826.2,902.1,55.535,86.848
825.88,902.06,55.772,87.219
825.67,901.27,55.5,86.793
825.21,901.38,55.7,87.105
824.31,900.03,55.723,87.142
824.18,899.39,55.779,87.228
824.21,899.09,55.845,87.332
824.04,898.47,55.516,86.818
823.64,897.67,55.669,87.056
822.81,897.23,55.207,86.335
823.15,896.63,55.414,86.657
822.64,896.26,55.167,86.271
822.31,895.78,55.214,86.346
821.84,894.75,55.205,86.331
821.46,894.29,55.277,86.443
821.14,892.74,55.615,86.973
820.44,892.95,55.342,86.546
820.36,892.61,55.181,86.293
820.18,892.9,55.407,86.648
819.55,892.16,54.895,85.846
819.64,892.38,54.449,85.148
819.66,891.83,54.633,85.437
819.21,890.26,54.834,85.752
819.13,890.35,54.795,85.69
818.95,890.21,54.727,85.584
819.3,889.71,54.695,85.533
818.84,889.5,54.664,85.485
817.88,889.24,54.348,84.992
818.18,888.97,54.345,84.986
817.76,888.75,54.523,85.265
817.05,888.22,54.193,84.748
817.35,887.95,53.751,84.058
817.13,887.82,54.018,84.475
817.23,888.3,53.893,84.279
816.78,886.8,54.031,84.496
816.76,887.63,54.118,84.631
816.86,887.1,54.271,84.871
816.02,886.41,54.273,84.874
816.2,886.27,54.163,84.701
816.09,886.4,54.063,84.545
816.39,886.42,54.167,84.708
816.17,886.42,54.009,84.461
816.14,886.25,54.261,84.855
815.83,886.17,54.393,85.062
816.2,886.68,54.263,84.858
815.47,886.72,54.167,84.708
815.52,887.41,53.735,84.032
815.61,887.2,53.774,84.093
815.46,887.14,53.899,84.289
814.96,886.47,53.854,84.219
814.6,887.05,53.736,84.033
815,887.41,53.795,84.126
815.28,886.83,53.835,84.188
814.77,886.67,53.996,84.44
815.05,887.32,53.926,84.331
814.85,887.53,53.996,84.44
814.92,888.3,53.621,83.854
814.67,889,53.952,84.372
814.61,888.52,53.643,83.888
814.85,889.36,53.821,84.168
814.66,889.41,53.557,83.753
813.97,889.58,53.815,84.157
813.96,889.91,53.718,84.006
814.34,890.52,53.974,84.406
814.16,891.07,53.695,83.97
814.57,891.31,53.819,84.163
813.91,891.52,53.849,84.211
813.79,891.09,54.046,84.519
814.22,892.84,53.889,84.274
813.78,892.36,53.882,84.262
814.01,892.67,53.884,84.265
813.66,893.34,53.61,83.837
813.71,893.91,53.539,83.727
813.78,894.21,53.535,83.72
813.76,894.64,53.689,83.961
814,895.95,53.806,84.144
813.68,895.65,54.153,84.685
813.8,896.48,54.172,84.716
813.36,897.07,53.944,84.359
813.53,897.25,53.961,84.386
813.63,897.88,53.685,83.954
814.04,898.82,53.782,84.106
813.5,899.74,53.821,84.167
813.61,899.43,53.783,84.108
813.46,900.51,54.081,84.573
813.77,900.72,53.867,84.238
812.81,901.25,53.959,84.383
813.13,901.91,53.641,83.886
812.85,902.71,53.922,84.325
812.74,903.71,53.522,83.7
812.92,904.37,53.565,83.767
813.02,905.23,53.461,83.604
812.8,905.74,53.701,83.979
813.01,907,53.918,84.318
812.68,906.73,53.92,84.322
812.66,908.07,53.897,84.285
812.54,908.68,53.83,84.182
812.67,909.59,53.945,84.361
812.56,910.77,53.874,84.25
812.56,911.15,53.675,83.939
812.52,912.53,54.021,84.48
812.64,913.14,54.006,84.456
812.54,914.31,53.928,84.334
812.48,914.9,53.717,84.005
812.58,915.82,53.797,84.129
812.22,916.02,53.936,84.347
812.42,916.78,53.705,83.986
812.36,917.88,53.717,84.004
812.06,919.03,53.77,84.087
812.11,919.53,53.713,83.998
811.67,920.53,53.829,84.179
811.43,920.73,53.706,83.987
811.55,921.86,53.995,84.44
811.61,922.89,53.772,84.089
811.31,923.23,53.982,84.419
811.47,923.81,53.909,84.305
811.13,924.33,53.82,84.165
810.79,924.72,53.975,84.407
810.84,925.14,54.017,84.474
811.13,926.69,53.973,84.404
810.94,926.91,53.827,84.176
810.57,927.88,54.091,84.589
811.03,928.76,53.765,84.08
810.82,929.42,54.094,84.594
810.66,929.74,54.033,84.498
810.72,930.51,54.031,84.495
810.8,931.06,54.193,84.748
810.33,931.05,53.947,84.365
810.07,932.01,53.889,84.274
810.34,932.32,53.799,84.132
810.41,933.13,53.958,84.38
810.12,933.68,53.871,84.246
809.91,933.82,54.017,84.473
810.15,934.97,53.758,84.069
810.35,935.61,53.808,84.147
809.86,935.45,53.855,84.22
809.54,935.9,54.123,84.639
809.89,936.41,54.264,84.86
809.72,936.24,54.272,84.873
809.91,936.97,53.992,84.435
810.2,938.06,54.012,84.465
810.11,938.34,53.921,84.324
809.55,938.52,53.729,84.024
809.86,939.08,54.07,84.556
809.52,939.09,54.26,84.853
808.95,938.89,54.421,85.105
809.59,940.35,54.123,84.639
809.52,940.84,53.859,84.227
809.48,940.53,53.725,84.017
809.46,940.92,53.802,84.137
808.46,940.17,54.295,84.908
808.65,940.93,54.288,84.897
808.5,941.27,54.242,84.826
808.72,941.33,54.27,84.87
808.3,941.75,53.995,84.439
809.11,943.21,53.938,84.35
808.44,942.42,53.719,84.008
808.94,943.38,53.787,84.114
808.15,942.99,54.071,84.557
807.45,941.36,54.431,85.122
807.73,942.41,54.315,84.939
807.08,941.8,54.231,84.808
807.32,942.26,53.906,84.3
807.1,942.17,53.797,84.129
806.66,941.43,53.893,84.28
806.4,940.62,53.903,84.295
806.47,940.12,53.949,84.368
805.85,939.6,53.909,84.304
804.76,938.99,54.05,84.525
805.08,938.83,53.839,84.195
804.47,937.75,53.969,84.399
804.13,936.68,54.011,84.465
804.15,936.41,53.999,84.445
803.72,936.3,53.928,84.335
803.12,934.24,54.037,84.505
802.82,933.83,54.066,84.55
802.48,933.41,53.9,84.29
801.89,931.86,53.738,84.038
802,932.12,53.672,83.934
802.22,930.6,53.813,84.155
802.65,929.43,53.666,83.925
806.1,928.1,53.542,83.731
810.45,926.04,53.487,83.645
815.4,924.95,53.163,83.138
819.47,924.59,53.135,83.094
824.21,923.02,53.251,83.275
828.88,921.61,53.214,83.218
833.35,921.27,52.857,82.659
837.32,919.36,53.228,83.24
842,918.75,52.854,82.655
846.32,916.37,52.825,82.609
850.91,915.36,53.484,83.64
858.25,914.08,53.278,83.318
865.73,912.8,53.276,83.315
873.75,911.23,53.18,83.165
880.66,909.66,53.196,83.19
887.41,908.26,53.284,83.327
898.92,907.88,53.184,83.171
912.3,905.24,52.971,82.837
931.12,904.95,52.873,82.684
950.74,902.38,52.824,82.608
963.51,901.49,52.679,82.381
973.16,900.65,52.686,82.391
976.67,898.66,52.844,82.639
976.56,896.89,52.956,82.815
977,896.08,53.089,83.022
976.04,893.75,53.326,83.393
976.61,893.09,53.132,83.089
975.8,891.14,53.321,83.385
975.82,890.78,53.067,82.987
975.83,889.97,52.874,82.685
975.48,887.69,52.997,82.879
975.42,886.88,52.942,82.792
975.49,886.03,52.988,82.864
975.45,884.21,52.914,82.749
975.45,883.51,52.855,82.656
974.97,881.26,52.717,82.44
974.89,880.8,52.752,82.495
974.43,879.13,52.583,82.231
974.34,878.75,52.303,81.793
974.65,876.81,52.198,81.629
974.45,875.97,52.247,81.706
974.28,874.2,52.591,82.243
974.04,873.18,52.624,82.296
974.31,871.99,52.591,82.244
974.44,870.82,52.331,81.837
974.47,869.35,52.321,81.82
974.08,867.77,52.304,81.794
973.95,866.65,52.312,81.807
973.63,865.11,52.511,82.118
973.08,863.17,52.39,81.929
972.68,862.28,52.449,82.021
972.71,860.89,52.309,81.802
973.06,860.04,52.338,81.848
973.14,859.1,52.273,81.746
972.99,857.41,52.435,82
972.21,855.81,52.733,82.465
972.04,853.69,53.011,82.9
972.58,854.04,52.456,82.033
972.11,851.91,52.504,82.107
971.99,851.43,52.28,81.756
972.04,849.87,52.416,81.97
971.17,848.13,52.785,82.547
971.02,846.25,53.066,82.987
971.22,845.87,53.111,83.057
970.41,844.66,52.743,82.481
970.69,843.67,52.612,82.277
971.15,843.11,52.5,82.101
970.4,841.28,52.402,81.947
970.2,839.75,52.498,82.099
970.32,838.6,52.601,82.258
970.18,837.65,52.469,82.053
969.54,836.16,52.703,82.418
970.28,836.2,52.004,81.325
969.97,834.18,51.958,81.253
969.99,834.42,51.718,80.877
969.3,831.8,52.116,81.5
969.48,831.72,51.672,80.807
969.1,830.47,51.976,81.282
969.97,829.51,52.018,81.347
969.14,828.3,51.798,81.004
969.1,827.15,51.641,80.757
968.79,825.74,52.119,81.505
968.87,824.69,51.886,81.142
969.72,824.54,51.603,80.698
969.64,823.34,51.603,80.699
969.67,822.73,51.68,80.819
968.7,820.71,51.911,81.18
969.34,820.7,51.472,80.493
969.3,818.94,51.691,80.836
968.59,817.62,52.049,81.395
968.43,816.84,51.478,80.503
968.67,815.9,51.897,81.158
968.85,814.76,52.001,81.32
968.15,813.69,51.604,80.7
968.64,813.15,51.642,80.759
967.75,812.33,51.593,80.683
968.42,811.33,51.67,80.803
967.79,810.43,51.419,80.41
967.49,809.06,51.451,80.46
967.58,808.15,51.562,80.634
968.01,807.95,51.531,80.586
968.21,807.35,51.344,80.293
967.21,806.15,51.372,80.337
967.74,804.68,51.157,80.002
967.91,804.28,51.316,80.249
967.13,802,51.79,80.991
966.73,801.47,51.832,81.057
967.7,801.09,51.695,80.842
967.02,800.31,51.512,80.556
967.74,799.51,51.576,80.656
967.45,798.87,51.655,80.78
967.18,797.98,51.581,80.665
967.43,797.59,51.336,80.281
966.92,796.58,51.407,80.392
966.59,795.38,51.422,80.415
966.78,794.95,51.293,80.213
966.85,793.77,51.271,80.179
966.89,792.95,51.779,80.973
966.59,791.67,51.911,81.18
967.08,792.06,51.532,80.587
967.05,791.07,51.48,80.507
966.89,790.82,51.423,80.417
966.36,788.86,51.492,80.525
966.68,788.74,51.699,80.848
966.15,787.14,51.732,80.901
966.06,786.63,51.677,80.814
966.44,785.96,51.762,80.947
965.85,785.46,51.773,80.965
966.23,784.9,51.863,81.104
966.23,785.22,51.464,80.482
966.34,784.1,51.584,80.669
965.95,783.43,51.74,80.913
965.56,782.45,52.016,81.344
965.63,781.62,51.857,81.096
965.88,781.45,51.537,80.596
965.83,780.43,51.587,80.673
965.65,779.68,51.654,80.778
965.3,779.23,51.539,80.599
965.6,778.75,51.651,80.773
964.7,777.39,51.799,81.005
964.7,777.13,51.456,80.468
965.14,776.72,51.399,80.379
965.03,776.04,51.435,80.436
964.72,774.71,51.824,81.045
965.16,775.22,51.533,80.589
965.47,774.59,51.535,80.591
965.39,773.88,51.547,80.61
965.31,773.57,51.746,80.921
964.91,772.55,51.713,80.87
964.8,771.77,51.951,81.243
965.13,771.82,51.752,80.931
964.62,770.37,51.935,81.217
965.3,770.71,51.735,80.904
964.75,770.41,51.318,80.252
964.66,769.71,51.123,79.948
965.01,769.71,51.186,80.046
965.44,769.83,50.937,79.657
965.16,768.34,51.069,79.863
965.07,768.3,50.831,79.491
965.66,768.17,50.711,79.304
965.26,767.23,50.778,79.408
965.81,767.39,50.858,79.534
965.29,766.96,50.983,79.729
964.89,765.14,51.208,80.081
965.62,765.57,51.068,79.861
965,765.06,51.057,79.844
964.87,764.3,51.173,80.025
965.59,764.37,51.086,79.89
964.72,763.39,51.281,80.195
965.03,762.93,51.224,80.105
965.39,763,51.334,80.277
965.24,761.82,51.498,80.535
965.17,762.06,51.58,80.663
965.4,761.88,51.46,80.475
964.65,760.66,51.469,80.489
965.18,761.02,51.473,80.495
965.22,760.59,51.533,80.589
965.14,760.37,51.376,80.343
965.09,759.66,51.191,80.055
965.06,759.82,51.116,79.937
965.77,759.6,50.962,79.696
964.9,759.41,50.636,79.187
964.92,758.18,50.848,79.517
964.99,758.19,51.115,79.935
965.13,758.49,51.099,79.91
964.53,757.31,51.124,79.949
965.05,757.56,51.078,79.877
965.07,756.83,51.081,79.882
964.84,756.28,51.059,79.847
964.94,756.25,51.4,80.381
964.97,755.58,51.388,80.362
964.83,755.54,51.13,79.958
965.44,755.77,51.049,79.833
965.03,755.08,50.812,79.461
965.57,755.02,51.032,79.806
964.91,753.98,51.033,79.806
965.25,753.74,50.959,79.692
964.81,753.63,50.768,79.392
965.91,753.65,50.67,79.24
965.4,753.67,50.606,79.139
965.53,752.38,50.735,79.341
965.44,752.53,50.761,79.382
966.06,752.65,50.539,79.034
966.49,752.5,50.484,78.948
966.14,751.25,50.851,79.522
966.2,751.02,50.851,79.522
966.1,750.95,50.657,79.22
966.12,750.51,50.42,78.849
966.18,749.91,50.746,79.359
966.06,749.62,50.816,79.468
966.13,748.98,50.647,79.204
965.88,748.29,50.606,79.139
965.71,747.58,50.662,79.226
966.05,747.09,50.875,79.561
966.6,747.28,50.832,79.492
966.6,747.48,50.809,79.457
966.71,747.13,50.834,79.496
966.75,746.25,50.832,79.492
967.16,745.74,50.642,79.195
966.81,744.62,50.716,79.312
966.58,744.39,50.745,79.356
966.68,744.35,50.739,79.346
966.52,743.08,50.795,79.435
966.74,743.18,50.643,79.198
966.95,742.33,50.46,78.91
967.11,742.4,50.519,79.003
967.32,741.52,50.294,78.651
966.85,740.59,50.409,78.832
967.4,740.37,50.634,79.183
966.98,739.93,50.131,78.396
967.61,739.41,50.448,78.892
967.27,738.46,50.636,79.186
967.25,737.56,50.916,79.623
967.38,737.77,51.08,79.881
966.96,737.13,50.779,79.41
967.44,736.59,50.942,79.665
966.88,736.69,50.391,78.802
967.3,736.41,50.225,78.544
967.35,735.44,49.984,78.166
967.06,734.79,50.119,78.377
967.63,734.38,50.362,78.758
967.34,733,50.655,79.216
967.46,733.35,50.064,78.291
967.84,733.38,49.889,78.018
967.91,732.39,49.685,77.698
968.2,732.51,49.805,77.887
968.21,731.51,49.753,77.805
968.52,731.44,49.821,77.912
968.49,729.96,50.063,78.289
968.72,729.76,49.984,78.167
968.25,728.67,49.966,78.139
967.98,728.31,50.022,78.226
967.93,728.08,49.865,77.98
967.9,727.71,49.999,78.19
967.81,727.19,49.976,78.154
968.28,727.04,49.561,77.505
968.13,726.74,49.489,77.392
968.49,726.57,49.225,76.98
968.48,725.2,49.512,77.428
968.34,725.07,49.405,77.261
968.74,725,49.495,77.402
968.45,724.44,49.264,77.041
968.44,723.87,49.54,77.473
968.49,722.92,49.363,77.195
968.69,722.92,49.76,77.817
968.46,722.56,49.775,77.84
968.55,722.13,50.083,78.322
968.66,721.98,49.799,77.877
968.63,721.53,49.745,77.793
968.67,721.2,49.398,77.25
968.55,720.99,49.491,77.395
968.71,720.29,49.491,77.395
968.39,719.82,49.509,77.424
968.7,718.9,50.01,78.207
968.5,718.11,50.074,78.307
969.3,719.01,49.83,77.926
969.54,719.03,49.837,77.936
969.59,717.95,49.743,77.79
969.46,718.13,49.768,77.829
969.52,717.68,49.622,77.601
968.96,716.05,49.967,78.14
969.37,716.36,49.596,77.56
969.62,715.53,49.559,77.502
969.7,715.67,49.436,77.309
969.88,716.11,49.089,76.767
970.05,715.93,49.12,76.815
969.95,714.99,49.384,77.229
970.11,714.6,49.498,77.406
969.93,714.02,49.015,76.652
970.1,714.18,49.335,77.152
970.37,713.79,49.423,77.289
970.85,712.99,49.633,77.617
970.29,712.61,49.749,77.799
970.78,712.55,50.002,78.195
970.25,712.01,49.904,78.041
970.4,712.16,49.833,77.93
970.45,712.11,49.928,78.079
970.17,711.51,49.901,78.037
970.3,710.83,49.799,77.877
970.62,710.8,49.991,78.178
970.72,710.42,49.488,77.39
970.4,710.08,49.686,77.7
971.33,709.99,49.834,77.931
971.52,709.9,49.932,78.085
970.66,709.43,50.185,78.48
971.52,709.1,50.148,78.424
971.68,709.39,50.066,78.295
972.12,708.63,49.959,78.127
971.5,707.91,50.064,78.291
971.66,707.96,50.171,78.459
972.1,707.71,50.07,78.301
971.82,707.4,50.154,78.432
971.72,707.14,50.245,78.575
971.72,706.14,50.259,78.597
971.28,705.96,50.129,78.393
971.79,706.33,50.023,78.228
971.62,704.82,50.239,78.565
971.74,705.31,50.243,78.572
971.49,704.61,50.175,78.466
972.26,705.1,50.008,78.204
972.02,704.08,49.782,77.85
972.05,704.15,50.044,78.26
972.63,704.23,49.693,77.712
972.56,703.33,50.118,78.376
972.43,703.22,50.156,78.436
972.41,702.76,50.132,78.398
972.45,702.39,50.315,78.684
972.12,701.3,50.214,78.526
972.35,701.08,50.039,78.252
972.8,700.89,50.123,78.384
972.86,700.67,50.276,78.623
972.46,699.46,50.247,78.578
972,699.27,50.111,78.365
972.94,699.43,50.139,78.409
972.75,698.98,50.186,78.483
972.78,698.61,50.13,78.395
972.61,698.2,50.238,78.563
972.53,697.93,49.541,77.474
971.99,697.3,49.501,77.411
972.39,696.95,49.126,76.824
972.38,696.74,49.047,76.7
972.32,697.02,49.351,77.177
972.5,696.35,49.742,77.788
972.82,695.36,50.135,78.403
972.34,695.15,50.383,78.791
972.42,694.9,50.525,79.013
972.47,695.05,49.926,78.075
971.91,694.45,49.824,77.917
972.11,694.94,49.705,77.731
972.08,693.88,49.865,77.981
971.53,693.15,49.949,78.113
971.55,693.38,49.53,77.456
971.74,692.94,49.101,76.786
972.01,693.15,49.481,77.379
971.39,692.91,49.564,77.509
971.06,691.69,49.733,77.774
970.9,691.65,50.024,78.229
970.9,691.09,49.957,78.124
969.96,690.96,50.044,78.26
970.74,691.02,49.351,77.177
970.28,690.83,49.773,77.837
970.17,690.2,49.637,77.623
969.6,689.53,49.818,77.908
969.62,690.21,49.541,77.474
969.49,688.76,49.775,77.84
969.06,689.35,50.076,78.31
969.38,689.2,50.076,78.31
969.05,689.68,49.935,78.089
968.77,689.73,49.69,77.706
968.2,690.11,49.966,78.138
968.3,690,49.821,77.911
967.95,690.97,49.749,77.8
968.36,691.71,49.51,77.426
967.65,691.46,49.704,77.729
967.37,692.44,49.752,77.804
967.35,693.2,49.719,77.752
967.21,694.75,49.671,77.678
966.83,696.07,49.629,77.611
966.43,697.21,49.182,76.912
966.32,698.16,49.132,76.833
965.69,700.94,49.052,76.708
966.19,702.64,49.106,76.794
965.42,705.52,49.676,77.686
966,707.6,49.331,77.145
966.2,709.21,49.274,77.056
965.24,713.12,49.115,76.807
964.96,718.5,49.162,76.881
964.81,722.06,48.961,76.567
965.38,725.23,49.478,77.375
964.63,730.61,49.484,77.384
964.42,734.76,49.475,77.371
964.37,738.94,49.82,77.91
964.12,743.08,49.899,78.034
963.94,745.69,49.505,77.417
963.06,752.51,49.278,77.063
963.43,756.73,49.064,76.728
963.15,761.17,49.311,77.115
963.26,765.57,49.454,77.338
963.09,768.96,49.512,77.429
962.72,773.89,49.143,76.851
962.13,779.52,48.989,76.611
962.16,784.05,49.315,77.12
961.69,788.7,49.92,78.066
961.39,792.43,49.988,78.172
960.74,794.85,49.846,77.951
961.05,797.51,49.875,77.996
960.66,799.09,49.758,77.813
961.04,799.75,49.808,77.891
960.79,799.3,49.896,78.028
959.95,799.38,49.785,77.855
960.21,799.4,49.69,77.706
959.47,798.24,50.274,78.621
958.85,797.41,50.079,78.316
958.71,797.7,50.139,78.408
958.82,797.49,49.718,77.751
958.59,796.71,50.087,78.328
958.43,796.4,49.746,77.794
958.41,795.85,49.957,78.123
957.54,795.21,49.619,77.596
957.01,795.22,49.651,77.646
956.78,794.36,49.909,78.049
956.48,794.21,49.627,77.608
955.95,793.4,49.663,77.664
955.64,793.21,49.427,77.296
955.91,792.75,49.835,77.934
955.59,792.6,49.593,77.555
955.22,791.45,49.391,77.239
954.88,791.69,49.378,77.218
954.69,790.93,49.481,77.38
954.8,790.03,49.389,77.236
954.07,789.48,49.618,77.595
953.79,788.85,49.139,76.845
953.14,788.78,49.365,77.198
953.25,787.95,49.505,77.418
953,786.85,49.676,77.685
952.92,786.4,49.912,78.054
952.42,786.03,49.888,78.017
951.64,785.44,49.798,77.875
952.51,785.41,49.752,77.803
951.79,784.65,50.018,78.219
951.28,784.3,49.463,77.352
951.16,784.67,49.639,77.627
950.64,783.49,49.341,77.161
950.81,783.06,49.51,77.426
950.36,781.41,49.309,77.111
950.12,779.83,49.78,77.847
950.18,775.75,49.434,77.306
949.03,773.73,50.01,78.207
949.25,769.59,49.508,77.422
948.93,767.05,49.052,76.708
948.56,765.82,49.233,76.992
947.98,761.47,49.347,77.171
947.85,760.17,49.624,77.604
946.57,757.45,50.15,78.426
946.68,754.28,50.072,78.305
947.12,751.45,49.588,77.547
946.78,747.37,49.391,77.239
946.25,746.77,49.507,77.421
945.34,743.44,49.247,77.014
945.16,741.17,49.412,77.272
944.83,738.79,49.617,77.592
944.51,734.97,49.335,77.152
944.33,734.12,49.329,77.142
943.74,729.8,48.932,76.521
943.11,728.23,48.856,76.402
942.28,724.14,49.228,76.984
943.03,721.31,48.652,76.084
942.45,718.55,48.883,76.445
941.8,716.6,48.649,76.078
941.76,714.91,48.806,76.325
940.96,711.45,48.825,76.353
941.17,707.37,48.528,75.889
940.58,705.96,48.749,76.235
940.24,703.18,48.624,76.04
940.02,701.63,48.39,75.674
939.29,699.36,49.033,76.68
938.63,696.53,49.343,77.164
938.58,693.72,49.416,77.279
938.06,691,49.844,77.948
937.08,688.53,49.792,77.866
937.03,685.67,49.949,78.112
936.41,683.63,50.128,78.392
936.64,681.21,49.918,78.064
936.2,677.81,49.427,77.295
935.9,676.16,49.564,77.51
935.51,672.86,49.301,77.099
935.38,670.55,49.006,76.636
934.88,668.81,49.356,77.185
935.37,665.56,49.103,76.788
934.56,663.38,49.398,77.251
934.53,660.66,49.369,77.204
934.36,657.88,49.534,77.463
933.86,654.99,49.193,76.929
933.97,653.78,49.493,77.399
933.51,650.59,49.295,77.088
933.72,647.44,49.018,76.656
933.77,645.81,49.101,76.786
933.44,643.47,49.265,77.042
932.96,639.96,49.127,76.826
932.83,638.3,49.353,77.18
932.69,636.03,49.596,77.56
932.24,632.72,49.63,77.613
932.15,630.38,49.321,77.13
932.29,628.57,49.278,77.063
931.58,626.24,49.037,76.686
932.11,624.51,49.108,76.796
931.51,622.12,49.354,77.181
931.19,619.63,49.9,78.036
931.14,616.67,49.339,77.158
931.39,615.15,49.727,77.765
931.83,611.65,49.893,78.025
931.09,609.54,49.965,78.137
931.4,606.85,49.526,77.45
930.79,604.88,49.274,77.057
930.96,602.81,48.821,76.348
930.56,601.39,48.848,76.39
930.56,599.61,48.758,76.25
930.74,598.4,48.884,76.447
930.89,596.06,48.722,76.193
930.91,594.63,48.849,76.391
930.97,592.16,48.565,75.948
930.49,591.47,48.523,75.881
930.29,590.23,48.441,75.753
930.32,588.82,48.459,75.782
930.6,587.17,48.546,75.918
930.59,585.61,48.517,75.873
930.58,584.65,48.431,75.737
931.26,583.12,48.213,75.398
931.08,581.72,48.066,75.168
931.62,580.13,48.02,75.095
931.57,579.09,48.239,75.438
931.44,577.95,48.618,76.03
931.53,576.36,48.711,76.176
931.27,575.29,48.868,76.42
931.3,572.55,48.914,76.493
931.03,571.77,49.008,76.64
931.69,570.5,49.048,76.703
932.33,569.19,48.884,76.446
931.9,568.5,48.729,76.204
932.52,567.32,48.82,76.346
932.26,566.4,48.67,76.112
933.24,564.92,48.861,76.41
932.97,564.82,48.563,75.944
933.65,563.3,48.429,75.734
933.33,562.49,48.532,75.896
933.82,561.8,48.191,75.362
933.66,561.05,48.177,75.34
934.5,560.13,47.929,74.952
934.37,559.92,48.244,75.445
935.1,558.44,48.249,75.453
934.55,557.78,48.522,75.881
934.49,556.46,48.378,75.655
935.13,556.53,48.404,75.696
935.07,555.52,48.601,76.003
935.41,554.68,48.617,76.028
935.58,554.11,48.562,75.942
935.21,553.32,48.31,75.549
935.73,552.78,48.367,75.637
936.03,552.27,48.325,75.572
936.6,551.84,48.142,75.286
936.55,550.61,48.086,75.199
937.28,549.91,47.918,74.935
937.91,549.49,48.41,75.706
938.27,548.27,48.217,75.402
938.21,548.07,48.125,75.259
938.34,547.77,47.843,74.818
938.69,546.96,48.187,75.356
938.56,546.93,47.948,74.982
939.1,546.16,48.19,75.36
938.97,545.8,47.964,75.007
939.42,545.45,48.16,75.314
939.21,545.5,48.008,75.076
940.2,545.29,48.141,75.284
940.39,545.07,47.918,74.936
940.68,544.59,48.327,75.574
941.21,544.54,48.213,75.397
941.4,543.75,48.313,75.553
941.77,543.85,48.268,75.483
942.34,543.04,48.504,75.852
942.35,542.31,48.533,75.897
942.69,541.7,48.62,76.034
943.41,542.36,48.58,75.971
943.26,541.33,48.949,76.548
943.98,542.02,48.835,76.37
944.27,541.18,48.731,76.208
944.66,541.62,48.76,76.252
945.09,541.33,48.982,76.599
945.44,541.45,48.971,76.582
946.07,540.93,49.068,76.734
946.55,541.34,48.985,76.604
947.12,540.97,49.347,77.17
947.61,541.04,49.101,76.786
948.26,541.22,49.347,77.17
948.59,541.01,49.244,77.01
948.17,540.19,49.317,77.123
949.33,540.32,49.277,77.06
949.42,539.94,49.156,76.872
949.78,540.39,49.083,76.757
950.94,540.51,49.377,77.218
951.6,540.95,49.254,77.025
951.9,540.79,49.148,76.86
952.51,540.41,48.996,76.621
952.88,540.76,49.563,77.508
953.03,540.08,49.467,77.358
953.8,540.98,49.536,77.466
953.88,541.15,49.391,77.24
954.83,541.26,49.596,77.56
954.8,541.99,49.141,76.848
955.14,542.08,48.656,76.09
955.43,542.83,48.649,76.078
956.26,543.32,48.263,75.475
956.78,543.93,48.202,75.379
956.75,543.54,48.346,75.604
957.7,544.3,48.415,75.712
957.67,544.33,48.191,75.363
957.85,544.83,48.263,75.474
959.03,545.28,48.255,75.463
959.38,546.06,48.086,75.199
959.68,544.8,48.326,75.573
959.98,546.33,48.313,75.553
960.73,546.41,48.337,75.591
960.48,547.39,48.592,75.989
961.22,547.73,48.935,76.525
961.35,547.37,49.14,76.847
961.87,547.55,48.907,76.482
962.25,548.2,48.978,76.594
963.47,548.64,49.07,76.737
963.84,549.19,49.505,77.418
964.05,548.85,49.552,77.491
964.51,549.7,49.519,77.44
964.87,550.2,49.458,77.344
966.03,550.27,49.478,77.375
966.22,551.2,49.764,77.822
966.86,551.21,49.856,77.967
967.08,551.06,49.68,77.691
968.21,551.85,49.789,77.861
968.37,553.19,49.916,78.06
968.62,552.72,49.978,78.157
968.86,553.81,49.931,78.084
969.63,554.45,49.727,77.764
970.58,555.86,49.797,77.873
971.26,555.7,49.93,78.083
971.66,555.99,50.048,78.266
972.04,557.68,49.808,77.892
972.4,557.92,49.827,77.92
972.87,558.25,50.022,78.226
973.28,558.42,49.841,77.942
974.17,559.05,50.033,78.243
974.55,560.01,50.09,78.332
975.55,560.68,49.669,77.674
975.36,560.88,50.303,78.666
975.99,560.67,50.059,78.284
976.53,562.03,50.085,78.324
977.58,562.64,50.22,78.536
977.31,563.16,50.064,78.292
978.71,563.77,50.191,78.49
978.84,564.11,50.276,78.623
