1436,1046,23,34
1436.2,1045.6,22.899,33.85
1436.5,1045.1,22.988,33.983
1436.5,1044.3,23.111,34.164
1436.2,1043.7,23.003,34.005
1436,1042.5,22.979,33.969
1436.3,1042,23.14,34.207
1435.7,1041.3,23.259,34.383
1436.1,1040.4,23.364,34.538
1435.8,1039.2,23.221,34.327
1436.1,1038.7,23.244,34.361
1436.1,1038.2,23.236,34.349
1436,1038,23.097,34.143
1435.4,1036.7,23.102,34.151
1435.1,1036.1,22.871,33.809
1435.6,1035.7,22.789,33.688
1434.6,1034.1,23.115,34.169
1434.9,1033.7,22.991,33.987
1434.7,1033.1,22.959,33.94
1434.8,1032.7,23.008,34.012
1434.4,1031.5,22.872,33.811
1434.2,1030.9,22.825,33.741
1434.2,1030,22.741,33.618
1433.9,1028.9,22.866,33.803
1433.8,1028.6,22.867,33.804
1433.7,1028.1,22.808,33.716
1433.3,1026.9,22.65,33.483
1433.4,1026.2,22.516,33.284
1433.3,1025.5,22.178,32.785
1432.9,1023.9,22.294,32.956
1432.8,1022.9,22.475,33.224
1432,1021.6,22.811,33.72
1431.7,1021.1,23.032,34.047
1431.3,1021,22.903,33.856
1431.5,1020.5,22.661,33.5
1431,1019,22.451,33.188
1431,1016.5,22.744,33.622
1431,1016.1,22.559,33.348
1431.1,1015.7,22.644,33.474
1430.7,1015.5,22.627,33.448
1430.6,1015.3,22.549,33.334
1430.4,1014.9,22.207,32.828
1430.4,1014.1,22.14,32.728
1429.5,1012.9,22.138,32.726
1429.4,1011.5,21.921,32.405
1429.6,1010.8,21.952,32.451
1429.4,1010.1,21.998,32.52
1428.7,1009,22.236,32.87
1428.4,1009.2,22.368,33.066
1427.8,1008.2,22.226,32.856
1428.4,1008,21.953,32.452
1427.9,1006.7,21.793,32.216
1427.6,1004.8,21.541,31.844
1428,1004.2,21.644,31.995
1427.4,1003.3,21.878,32.341
1426.9,1002.6,22.098,32.666
1425.7,1001.6,22.373,33.073
1425.7,1000.4,22.253,32.896
1425.8,999.79,22.159,32.757
1425.4,998.92,22.172,32.775
1425.4,997.49,22.313,32.985
1425.5,997.22,22.042,32.584
1425,995.95,22.164,32.764
1424.9,995.82,22.359,33.053
1424.2,994.83,22.255,32.898
1424.4,994.46,22.16,32.758
1424.2,993.2,22.071,32.626
1423.4,991.41,21.871,32.331
1423.7,990.84,21.712,32.096
1423.2,989.82,21.832,32.273
1423.4,989.69,21.806,32.235
1422.9,989.33,21.668,32.031
1422.4,988.87,21.599,31.929
1422.6,988.33,21.517,31.807
1422.7,987.64,21.465,31.731
1421.8,985.94,21.356,31.57
1421.3,984.81,21.263,31.432
1421.6,984.51,21.358,31.573
1421,983.85,21.316,31.511
1420.9,982.96,21.396,31.63
1420.6,982.56,21.286,31.467
1420.6,982.27,21.187,31.319
1420.7,981.42,21.068,31.144
1420.1,979.86,21.133,31.241
1420,979.32,21.038,31.1
1419.7,978.21,21.043,31.108
1419.5,977.54,21.16,31.28
1419.6,977.39,21.226,31.377
1419.4,976.93,21.346,31.556
1419,976.05,21.188,31.322
1419.2,975.63,21.034,31.094
1418.1,974.68,20.953,30.974
1418.5,974.28,20.822,30.781
1418,973.07,20.932,30.943
1418.1,972.59,21.026,31.082
1417.4,971.97,21.08,31.162
1416.9,971.21,21.094,31.183
1416.8,970.38,20.999,31.043
1416.5,969.82,20.834,30.798
1416.5,969.43,20.782,30.721
1416.2,968.2,20.826,30.786
1416.5,967.58,20.828,30.789
1416.3,966.84,20.874,30.858
1416.3,966.46,20.891,30.883
1416.1,965.7,20.941,30.956
1416.2,965.25,20.974,31.005
1415.6,963.95,20.916,30.92
1415.7,963.4,20.838,30.804
1415.4,962.34,20.795,30.741
1414.8,960.9,20.905,30.903
1415,960.88,20.924,30.932
1414.9,960.35,20.788,30.731
1414,959.35,20.784,30.724
1413.9,958.26,20.712,30.618
1413.8,957.03,20.796,30.742
1413.8,956.24,20.781,30.72
1413.7,955.48,20.808,30.76
1413.6,954.37,20.885,30.873
1413.6,954.28,20.851,30.823
1413.3,953.63,20.843,30.812
1413.2,952.85,20.782,30.721
1412.9,951.58,20.662,30.544
1413,950.9,20.561,30.395
1413.5,950.73,20.489,30.289
1413.4,949.91,20.425,30.193
1412.5,949.11,20.468,30.258
1412.3,948.19,20.55,30.378
1412.7,947.87,20.555,30.385
1412.4,946.96,20.586,30.431
1412.4,946.23,20.519,30.332
1412.5,945.51,20.468,30.258
1412,944.13,20.45,30.231
1411.9,943.55,20.344,30.074
1411.6,942.73,20.438,30.213
1411.5,941.92,20.441,30.218
1411.5,941.06,20.5,30.305
1412.1,940.89,20.446,30.225
1411.5,939.65,20.481,30.276
1411.4,938.45,20.507,30.314
1411.2,937.89,20.437,30.211
1410.5,936.55,20.546,30.372
1410.9,936.03,20.457,30.241
1410.5,935.16,20.444,30.221
1409.9,934.3,20.523,30.338
1409.9,933.58,20.385,30.134
1409.5,932.44,20.329,30.052
1409.2,931.27,20.375,30.119
1409,930.37,20.408,30.168
1409,929.57,20.401,30.158
1408.8,928.68,20.442,30.218
1408.8,927.81,20.427,30.196
1408.7,927.02,20.472,30.263
1408.3,926.17,20.527,30.344
1409,926.14,20.296,30.002
1408.9,925.58,20.189,29.844
1408.9,925.05,20.101,29.714
1408.2,923.35,20.168,29.813
1408.4,923.27,20.198,29.857
1408.4,922.16,20.167,29.812
1408.1,921.17,20.207,29.871
1408,920.44,20.238,29.917
1407.9,919.64,20.171,29.818
1408,919.21,20.065,29.661
1407.1,917.7,20.067,29.664
1406.8,916.5,20.244,29.926
1406.8,916.02,20.273,29.969
1406.7,915.66,20.092,29.701
1406,914.32,20.038,29.621
1406,913.59,20.082,29.687
1405.7,912.48,20.159,29.801
1406,911.83,20.257,29.946
1406,911.02,20.184,29.837
1406,910.1,20.13,29.757
1405.1,908.68,20.087,29.694
1404.8,907.77,20.017,29.59
1404.7,906.63,20.101,29.715
1404.5,905.58,20.112,29.731
1404.2,904.8,20.152,29.789
1404.5,904.15,20.113,29.732
1404.1,903.05,20.063,29.659
1404,901.94,20.019,29.593
1403.9,900.94,20.074,29.674
1403.7,900.15,20.132,29.76
1403.5,899.45,20.191,29.848
1404,898.88,20.125,29.75
1403.7,897.76,20.019,29.593
1403.5,896.85,19.875,29.38
1404,896.26,19.824,29.305
1404.2,895.36,19.703,29.126
1403.6,894.39,19.79,29.255
1403.6,893.7,19.617,28.999
1403.9,893.46,19.454,28.759
1403.4,891.79,19.68,29.093
1403.3,890.68,19.708,29.133
1403.3,889.87,19.697,29.118
1403.3,888.95,19.636,29.027
1403.7,888.42,19.431,28.723
1403.4,887.31,19.405,28.686
1403.6,886.24,19.34,28.589
1403.4,884.93,19.479,28.795
1403.9,884.51,19.416,28.701
1403.2,883.06,19.452,28.756
1403.5,882.33,19.364,28.626
1403.5,881.22,19.402,28.682
1403.6,880.35,19.349,28.603
1403.3,879.04,19.492,28.814
1403.8,878.74,19.358,28.616
1403.6,877.37,19.257,28.467
1404.1,877.15,19.236,28.436
1404.2,876.23,19.17,28.338
1404.4,875.18,19.171,28.34
1404.3,874.49,19.15,28.308
1404.3,873.28,19.188,28.365
1404.4,872.28,19.259,28.469
1404.7,871.34,19.297,28.525
1404.8,870.39,19.259,28.469
1404.6,869.1,19.427,28.718
1404.1,867.7,19.486,28.805
1404.5,867.27,19.381,28.651
1404.1,865.78,19.494,28.817
1404.4,865.49,19.348,28.601
1404,864.06,19.416,28.703
1403.8,862.88,19.49,28.811
1404.4,862.48,19.358,28.616
1404,861.06,19.327,28.57
1403.8,859.68,19.206,28.392
1404.3,859.17,19.201,28.384
1404.3,858.37,19.204,28.389
1404.1,857.11,19.301,28.532
1404.2,856.55,19.254,28.463
1404.2,855.17,19.341,28.59
1403.6,853.66,19.395,28.672
1403.4,852.43,19.412,28.696
1403.3,851.26,19.41,28.693
1403.4,850.38,19.424,28.714
1403.3,849.74,19.508,28.838
1403.9,849.3,19.458,28.763
1403.3,847.58,19.471,28.784
1403.2,846.67,19.557,28.911
1403.3,845.99,19.628,29.015
1403.4,845.02,19.506,28.835
1403.5,844.17,19.398,28.675
1402.8,842.95,19.459,28.766
1402.6,841.6,19.464,28.773
1402.4,840.85,19.429,28.722
1402.5,840.02,19.423,28.713
1402.3,838.99,19.471,28.783
1402,838.07,19.457,28.762
1402,837.05,19.496,28.821
1402.5,836.54,19.386,28.658
1402,834.93,19.475,28.788
1401.9,833.98,19.53,28.87
1402.1,833.86,19.448,28.749
1401.9,832.58,19.33,28.574
1401.5,831.56,19.223,28.416
1402.1,831.37,19.114,28.256
1401.5,830.22,19.053,28.166
1401.6,828.81,19.033,28.136
1401.3,828.07,19.048,28.158
1401,827.19,19.105,28.242
1401.1,826.09,19.094,28.226
1401,825.42,19.07,28.191
1401,824.63,19.039,28.144
1400.8,823.76,18.964,28.033
1401.4,823.28,18.932,27.987
1401.1,822.48,18.896,27.934
1401.1,821.74,18.83,27.836
1401.5,821.25,18.787,27.771
1400.6,819.76,18.729,27.686
1400.5,818.81,18.679,27.612
1400.5,818.14,18.666,27.593
1400.6,817.52,18.671,27.601
1400.4,816.55,18.684,27.62
1400.2,815.64,18.72,27.674
1400.3,814.45,18.822,27.823
1400.6,814.58,18.724,27.679
1400.3,813.4,18.722,27.676
1400,812.42,18.746,27.712
1400.1,811.98,18.51,27.363
1400.3,811.91,18.457,27.285
1400.2,810.81,18.34,27.111
1399.8,809.68,18.348,27.124
1399.6,809.06,18.301,27.053
1400.1,808.59,18.201,26.906
1400.3,808.25,18.154,26.836
1400.4,807.57,18.047,26.678
1399.7,806.2,18.02,26.638
1399.2,805.28,18.015,26.631
1399.4,804.74,17.922,26.494
1399.6,804.56,17.913,26.481
1399.5,803.82,17.763,26.259
1399.4,803.26,17.55,25.943
1399.6,802.75,17.5,25.869
1399.3,801.92,17.414,25.742
1398.8,800.77,17.467,25.821
1398.7,799.78,17.528,25.912
1398.9,799.68,17.423,25.756
1398.5,798.41,17.386,25.701
1398.3,797.64,17.405,25.729
1398.2,797.13,17.444,25.786
1397.9,796.26,17.537,25.924
1398.3,796.37,17.534,25.919
1398.3,795.96,17.527,25.909
1398.1,795.35,17.518,25.896
1397.6,794.85,17.495,25.862
1397.3,793.94,17.47,25.825
1397.4,793.22,17.362,25.666
1396,791.95,17.344,25.638
1396,791.31,17.376,25.687
1395.6,790.96,17.377,25.688
1395.4,790.56,17.399,25.721
1395.3,789.56,17.444,25.786
1394.7,788.89,17.393,25.712
1394.3,788.03,17.31,25.589
1394.2,787.13,17.345,25.64
1394,786.53,17.231,25.472
1394.2,786.01,17.119,25.307
1393.4,784.4,17.143,25.342
1393.4,784.04,17.107,25.289
1392.4,782.49,17.111,25.295
1391.9,781.84,17.101,25.28
1391.5,780.23,17.119,25.306
1391.3,779.41,17.136,25.331
1391.5,779.51,17.009,25.144
1391.2,777.8,17.001,25.133
1390.6,777.21,16.977,25.096
1390.4,776.47,16.973,25.091
1389.9,775.17,16.965,25.079
1389.9,774.77,16.966,25.08
1389.5,773.75,17.005,25.138
1388.6,772.47,16.966,25.08
1389,772.33,16.958,25.069
1388.7,771.47,16.922,25.015
1388.6,770.66,16.903,24.987
1388,769.94,16.976,25.094
1387.3,768.77,17.034,25.18
1387,768.23,17.014,25.151
1386.8,767.13,16.991,25.118
1386.5,766.59,17.035,25.182
1386.3,765.83,17.017,25.156
1385.8,765.49,17.012,25.148
1385.7,764.81,16.983,25.105
1385.4,764.17,16.909,24.996
1385.5,763.53,16.999,25.129
1385,762.38,17.073,25.238
1384.8,761.3,17.099,25.277
1384.3,760.71,17.176,25.391
1384.1,760.19,17.137,25.332
1383.8,759.56,17.15,25.352
1383.5,758.88,17.078,25.246
1382.8,757.74,17.141,25.338
1383,757.95,17.134,25.329
1382.6,756.94,17.121,25.309
1382.6,756.36,17.114,25.299
1382.3,756,17.133,25.327
1381.5,755.01,17.141,25.338
1382,754.68,17.181,25.398
1381.5,753.83,17.233,25.474
1381.2,753.11,17.286,25.554
1380.7,752.53,17.292,25.562
1380.4,752.1,17.28,25.545
1380.4,751.3,17.293,25.563
1380.2,750.77,17.299,25.572
1380,750.17,17.256,25.508
1379.5,749.47,17.313,25.593
1378.8,748.53,17.336,25.628
1378.5,747.75,17.293,25.563
1378.7,747.37,17.276,25.539
1378.6,747.1,17.233,25.475
1378.3,746.56,17.239,25.483
1378,745.96,17.297,25.569
1377.9,745.15,17.242,25.489
1377.7,744.5,17.271,25.532
1377.3,743.69,17.32,25.604
1376.6,742.46,17.285,25.552
1376.9,742.57,17.219,25.455
1376.6,741.76,17.291,25.56
1376.5,741.2,17.248,25.496
1376.2,740.84,17.249,25.499
1375.9,739.82,17.19,25.411
1375.8,739.22,17.187,25.407
1375.6,738.86,17.113,25.298
1375.2,737.59,17.121,25.309
1375,737.03,17.108,25.291
1374.8,736.14,17.138,25.334
1375,735.63,17.218,25.452
1375,735.18,17.247,25.496
1374.7,734.32,17.238,25.482
1374.5,733.8,17.276,25.538
1374.5,733.38,17.27,25.529
1374.3,732.7,17.278,25.542
1374.4,732.09,17.279,25.542
1374,731.16,17.181,25.397
1373.9,730.35,17.203,25.43
1373.7,729.94,17.17,25.382
1373.6,729.57,17.182,25.399
1373.6,728.67,17.223,25.461
1373.3,728.14,17.23,25.47
1373.1,727.65,17.209,25.44
1372.9,727.05,17.193,25.415
1372.5,726.6,17.136,25.331
1372.9,726.12,17.146,25.347
1372.7,725.16,17.137,25.333
1372.5,724.59,17.079,25.247
1372,723.94,17.07,25.234
1371.6,723.37,17.072,25.238
1371.5,722.69,17.068,25.232
1371.3,721.9,17.047,25.2
1371,721.17,17.091,25.265
1370.8,720.43,17.155,25.359
1370.9,720.46,17.135,25.33
1370.2,719.49,17.153,25.357
1370.3,719.42,17.154,25.358
1370.5,718.95,17.125,25.315
1369.7,718.21,17.065,25.227
1369.6,717.78,17.067,25.229
1369.4,717.23,17.036,25.183
1369.1,716.65,17.055,25.212
1369,716.3,17.014,25.152
1368.9,715.62,17.01,25.146
1368.6,715.08,16.992,25.118
1368.4,714.37,17.099,25.276
1368.1,714.07,17.082,25.251
1367.9,713.68,17.098,25.275
1367.8,713.35,17.024,25.166
1367.6,712.77,17,25.131
1367.5,712.67,16.976,25.095
1367.1,712.08,17.022,25.163
1367.1,711.44,16.98,25.101
1366.9,710.99,16.98,25.101
1366.8,710.65,17.017,25.156
1366.7,710.46,16.935,25.034
1366.8,710.14,16.952,25.06
1366.5,709.73,17.028,25.172
1366.1,708.96,16.996,25.124
1365.8,708.28,16.981,25.102
1365.8,708.18,16.968,25.083
1365.8,708.02,16.975,25.093
1365.5,707.42,16.996,25.124
1365.2,706.89,17.051,25.206
1364.8,706.58,17.064,25.226
1364.7,706.19,17.021,25.162
1364.5,705.9,16.985,25.109
1364.4,705.53,17.004,25.137
1364.1,705.33,16.962,25.075
1364.6,705.35,16.992,25.119
1364,704.51,17.01,25.145
1363.7,704.2,16.997,25.125
1363.7,703.5,17.008,25.143
1363.5,703.2,16.968,25.083
1363.2,702.55,17.06,25.219
1363,702.14,17.035,25.182
1363.1,701.85,16.992,25.119
1362.9,701.39,17.025,25.168
1362.7,701.14,17.009,25.143
1362.6,700.83,16.992,25.119
1362.6,700.23,16.99,25.115
1362.4,699.81,17.035,25.182
1362.2,699.48,16.983,25.106
1362.2,698.87,17.073,25.239
1361.8,698.37,17.045,25.197
1361.7,697.83,17.066,25.228
1361.4,697.52,17.078,25.246
1361.2,697.37,16.985,25.108
1361,696.85,16.983,25.105
1360.9,696.51,16.961,25.072
1361.1,696.67,17.016,25.154
1360.6,695.9,16.998,25.128
1360.5,695.58,16.996,25.125
1360.2,695.23,17.048,25.201
1359.9,694.7,16.982,25.104
1359.9,694.36,17.011,25.147
1359.6,694.03,16.983,25.105
1359.6,693.73,17.019,25.158
1359.5,693.29,16.988,25.113
1359.1,692.8,17.031,25.177
1359.1,692.62,17.044,25.195
1359,692.22,17.053,25.208
1359,691.86,17.053,25.208
1358.7,691.46,17.039,25.188
1358.7,691.23,17.004,25.136
1358.7,690.69,16.939,25.04
1359.3,690.95,16.956,25.065
1359.1,690.54,17.014,25.151
1358.7,689.74,16.985,25.109
1358.6,689.27,16.983,25.105
1358.1,688.49,17.039,25.188
1358.1,688.28,17.004,25.137
1357.9,687.8,16.965,25.079
1358.4,687.75,16.904,24.988
1358.5,687.54,16.867,24.934
1358.3,687.14,16.956,25.066
1358.2,686.84,16.962,25.074
1358,686.47,17.009,25.143
1357.7,686.07,16.962,25.074
1358.1,685.65,17.006,25.14
1357.7,685.19,16.987,25.111
1357.6,684.79,17.047,25.2
1357.3,684.34,17.07,25.235
1357.1,684.21,17.064,25.225
1357,684.1,17.05,25.204
1357.1,683.78,17.079,25.247
1356.8,683.54,17.088,25.261
1356.8,683.33,17.083,25.253
1356.8,683.18,17.094,25.27
1356.8,683.02,17.073,25.239
1356.7,682.91,17.049,25.202
1356.6,682.92,17.004,25.136
1356.6,682.78,16.993,25.121
1356.6,682.45,17.041,25.19
1356.2,682.39,17.004,25.136
1356.1,681.93,16.979,25.1
1356,681.74,17.006,25.139
1355.9,681.54,16.923,25.016
1356.1,681.57,16.994,25.121
1355.7,680.82,17.048,25.201
1355.4,680.12,17.003,25.135
1355.3,679.85,16.913,25.001
1355.8,679.86,16.889,24.966
1355.7,679.56,16.874,24.945
1355.7,679.31,16.905,24.99
1355.6,678.82,16.998,25.127
1355,677.92,16.991,25.117
1354.7,677.49,16.982,25.104
1354.6,677.44,17.019,25.158
1354.7,676.95,17.003,25.134
1354.5,676.63,16.999,25.129
1354,676.46,16.999,25.129
1353.8,676.15,17.02,25.16
1353.9,675.8,16.944,25.047
1354.2,675.97,16.924,25.018
1354,675.77,16.942,25.045
1353.9,675.49,16.962,25.074
1353.6,675.19,16.963,25.076
1353.6,674.99,16.976,25.094
1353.2,674.1,16.974,25.093
1352.7,674.02,16.899,24.981
1353,674.13,16.905,24.99
1352.7,673.46,16.944,25.047
1352.6,673.29,16.941,25.044
1352.3,672.88,16.903,24.988
1352.2,672.74,16.92,25.012
1352,672.41,16.943,25.046
1351.8,671.98,16.983,25.105
1351.2,671.39,16.933,25.032
1351.3,671.47,16.925,25.019
1351,671.2,16.949,25.056
1351.1,670.9,16.917,25.008
1350.8,670.83,16.888,24.965
1350.6,670.72,16.933,25.031
1350.4,670.43,16.92,25.012
1349.9,670.3,16.902,24.986
1349.9,669.76,16.904,24.989
1349.4,669.63,16.923,25.017
1348.9,669.38,16.895,24.975
1349,668.95,16.896,24.977
1348.4,668.61,16.953,25.061
1348.2,668.24,16.965,25.078
1347.8,667.86,16.996,25.124
1347.2,667.09,16.984,25.107
1346.7,666.71,16.954,25.063
1346.9,666.82,16.931,25.028
1346.6,666.47,16.973,25.091
1345.2,665.67,16.959,25.07
1345.5,665.58,17.015,25.153
1344.9,664.9,16.917,25.007
1345,664.79,16.91,24.998
1344.7,664.45,16.931,25.029
1344.4,663.98,16.97,25.086
1343.3,663.34,16.9,24.983
1343.2,663.35,16.921,25.014
1342.7,662.66,16.943,25.046
1342.5,662.53,16.939,25.04
1342.1,662.36,16.937,25.037
1342,661.92,16.933,25.031
1341.4,661.49,16.97,25.086
1340.7,660.85,16.966,25.08
1341,660.66,16.994,25.122
1340.1,659.77,17.02,25.16
1339.9,659.39,16.956,25.066
1340,659.47,16.956,25.066
1339.6,658.89,16.953,25.061
1339.2,658.57,16.982,25.104
1338.3,657.77,16.984,25.107
1337.8,657.17,16.932,25.03
1338,657.36,16.921,25.014
1338,657.02,16.913,25.002
1337.6,656.52,16.925,25.02
1337.3,656.25,16.955,25.064
1337.1,655.88,16.92,25.012
1336.8,655.45,16.853,24.913
1336.5,654.93,16.838,24.891
1336.2,654.4,16.907,24.993
1335.9,653.97,16.888,24.965
1335.7,653.56,16.903,24.987
1335.6,653.3,16.882,24.956
1335.2,652.69,16.89,24.968
1335.2,652.55,16.885,24.961
1335,652.21,16.848,24.906
1334.9,651.46,16.806,24.844
1334.8,650.99,16.804,24.84
1334.7,650.66,16.804,24.841
1334.5,650.47,16.853,24.913
1334.2,650.01,16.867,24.934
1334.1,649.6,16.887,24.963
1334.1,649.34,16.885,24.96
1334,648.87,16.822,24.867
1333.8,648.81,16.807,24.846
1333.8,648.56,16.804,24.84
1333.8,647.93,16.809,24.849
1333.5,647.77,16.78,24.805
1332.8,647.11,16.821,24.866
1333.3,647.06,16.885,24.96
1333,646.84,16.835,24.887
1332.9,646.56,16.783,24.809
1332.5,645.78,16.736,24.741
1332.2,645.44,16.718,24.714
1332.3,644.94,16.712,24.705
1332.3,644.63,16.732,24.735
1332.3,644.36,16.698,24.684
1332,643.94,16.736,24.741
1332,643.8,16.659,24.626
1331.9,643.89,16.733,24.736
1331.9,643.51,16.746,24.755
1331.8,643.23,16.763,24.78
1331.7,643.03,16.733,24.735
1331.6,642.79,16.714,24.708
1331.6,642.38,16.748,24.759
1331.4,642.02,16.751,24.762
1331.3,641.77,16.747,24.756
1331.1,641.58,16.718,24.713
1331.2,641.22,16.772,24.793
1331.1,640.92,16.776,24.799
1330.9,640.9,16.773,24.795
1330.9,640.54,16.761,24.777
1330.7,639.94,16.781,24.806
1330.5,639.48,16.832,24.881
1330.8,639.62,16.865,24.931
1330.6,639.65,16.893,24.973
1330.4,639.45,16.835,24.886
1330.3,639.05,16.905,24.99
1330.2,639.02,16.851,24.91
1330.2,638.84,16.835,24.887
1330.1,638.88,16.819,24.863
1330,638.7,16.827,24.875
1330,638.71,16.774,24.796
1329.3,638.33,16.737,24.741
1329.1,638.14,16.746,24.756
1328.9,638.1,16.712,24.705
1328.9,638.23,16.746,24.755
1328.7,638.44,16.754,24.766
1328.8,638.4,16.76,24.776
1328.5,638.3,16.822,24.867
1328.8,638.71,16.813,24.854
1328.7,639.21,16.856,24.917
1328.4,639.05,16.831,24.88
1328,638.95,16.832,24.883
1327.8,638.89,16.83,24.88
1327.9,638.91,16.793,24.824
1327.2,638.46,16.787,24.816
1326.9,638.34,16.805,24.842
1327.2,638.72,16.799,24.834
1326.8,638.51,16.837,24.89
1327.2,638.68,16.828,24.877
1327.1,638.86,16.774,24.796
1326.5,638.54,16.752,24.764
1326.1,638.11,16.772,24.794
1325.7,638.19,16.762,24.779
1325.2,638.1,16.805,24.843
1325.3,638.44,16.794,24.826
1324.8,637.97,16.792,24.824
1324.5,637.66,16.76,24.775
1324.4,637.85,16.768,24.787
1324.1,637.92,16.762,24.779
1324,637.85,16.765,24.783
1323.6,637.52,16.707,24.698
1323.4,637.17,16.692,24.674
1323.2,637.29,16.737,24.742
1322.6,636.93,16.756,24.77
1322.5,637.01,16.843,24.898
1322.5,637.54,16.807,24.845
1322.5,637.38,16.797,24.83
1321.7,636.7,16.791,24.821
1321.4,636.73,16.766,24.785
1321,636.39,16.761,24.777
1320.7,636.09,16.759,24.774
1320.5,635.87,16.815,24.856
1320.3,635.89,16.799,24.834
1319.7,635.62,16.794,24.826
1319.4,635.43,16.809,24.848
1319.2,635.58,16.771,24.792
1318.8,634.92,16.729,24.73
1318.2,634.71,16.75,24.761
1317.7,634.34,16.779,24.804
1317.1,633.89,16.796,24.829
1316.3,633.86,16.788,24.817
1316.3,633.9,16.794,24.825
1316,633.83,16.802,24.838
1316.1,634.18,16.832,24.882
1315.5,634.25,16.838,24.892
1314.9,633.77,16.844,24.899
1314.6,633.97,16.811,24.85
1313.9,633.66,16.707,24.697
1313.2,633.54,16.681,24.66
1312.4,633.16,16.597,24.534
1312.4,633.49,16.683,24.662
1311.3,632.94,16.649,24.611
1310.5,632.72,16.69,24.672
1310.2,632.74,16.717,24.711
1309.8,632.69,16.751,24.763
1309.3,632.41,16.803,24.839
1308.8,632.72,16.783,24.81
1307.3,631.82,16.762,24.778
1306.9,631.74,16.787,24.816
1306.5,631.29,16.759,24.775
1305.8,631.08,16.69,24.672
1305.6,631.17,16.687,24.668
1305,630.86,16.774,24.796
1304.2,630.3,16.764,24.781
1303.4,629.98,16.806,24.843
1303,630.01,16.74,24.746
1301.6,629.8,16.714,24.707
1301,629.78,16.643,24.603
1300.6,629.81,16.68,24.657
1299.9,629.83,16.776,24.799
1299.4,629.53,16.829,24.877
1299.1,629.39,16.873,24.943
1298.9,629.25,16.812,24.852
1297.8,629.32,16.785,24.813
1296.8,628.77,16.809,24.848
1296.8,629.17,16.784,24.811
1295.8,628.87,16.764,24.782
1295.2,628.99,16.79,24.82
1294.6,628.51,16.838,24.892
1294.7,629.03,16.809,24.848
1294.1,628.52,16.746,24.755
1293.3,628.32,16.716,24.71
1292.5,628.32,16.644,24.605
1291.7,628.17,16.646,24.608
1291.5,628.02,16.622,24.571
1291.5,628.48,16.586,24.518
1290.9,627.85,16.719,24.716
1290.1,627.67,16.676,24.652
1289.7,627.38,16.675,24.649
1288.9,626.6,16.584,24.516
1288.6,627.39,16.507,24.401
1287.8,627.07,16.497,24.386
1287.5,627.15,16.511,24.407
1287.1,626.96,16.553,24.469
1286.3,626.97,16.586,24.519
1287.2,626.17,16.493,24.381
1285.7,626.06,16.439,24.301
1285.5,624.5,16.537,24.446
1285.8,622.52,16.543,24.455
1285.4,622.81,16.666,24.636
1284.8,622.27,16.559,24.479
1285,622.05,16.598,24.536
1284.6,621.76,16.631,24.584
1283.7,621.55,16.549,24.464
1283.8,621.11,16.566,24.489
1283.8,620.79,16.549,24.463
1283.7,619.85,16.695,24.679
1282.8,619.27,16.634,24.589
1282.5,618.48,16.732,24.734
1282,617.9,16.786,24.815
1282,617.67,16.809,24.848
1283.8,618.23,16.792,24.824
1282.4,617.51,16.761,24.778
1282.4,617.42,16.741,24.748
1282.4,617.18,16.695,24.68
1282.2,617.13,16.706,24.695
1282.1,616.78,16.699,24.685
1281.7,616.38,16.78,24.805
1281.8,615.67,16.842,24.897
1282,616.14,16.817,24.86
1282.3,615.56,16.792,24.824
1281.5,614.74,16.791,24.821
1281.4,614.63,16.788,24.818
1281.1,614.76,16.818,24.862
1281.7,615,16.803,24.84
1281.9,614.66,16.855,24.917
1281.8,614.54,16.886,24.961
1281.7,614.48,16.905,24.989
1281.7,614.27,16.904,24.989
1281.6,614.13,16.899,24.981
