979,4,42,41
979.13,4.6274,41.874,40.877
979.41,5.4076,42.29,41.283
979.86,6.3095,41.585,40.595
979.56,6.3567,41.624,40.633
979.62,6.8848,41.454,40.467
980.3,8.2986,41.246,40.263
979.31,7.7595,42.43,41.42
979.16,8.2199,42.403,41.393
978.82,8.4674,42.912,41.89
978.44,8.6842,43.697,42.657
978.45,9.2458,43.453,42.419
979.16,10.627,42.835,41.815
978.48,10.641,43.309,42.278
978.34,11.23,43.237,42.208
978.14,11.971,43.049,42.024
978.52,13.206,42.714,41.697
978.16,13.737,43.25,42.221
977.95,13.91,42.54,41.527
978.05,14.881,42.903,41.881
977.39,14.955,43.066,42.041
977.41,15.985,43.39,42.357
977.57,16.794,42.826,41.807
976.94,17.05,42.755,41.737
976.81,17.778,42.678,41.662
976.89,18.904,43.002,41.979
976.62,19.459,43.068,42.043
976.56,20.038,43.088,42.062
976.57,20.943,43.005,41.981
976.33,21.457,43.146,42.119
976.33,22.281,42.75,41.732
975.76,22.639,42.826,41.807
975.4,22.895,43.332,42.301
975.18,23.624,43.399,42.365
975.41,24.7,43.243,42.213
974.91,24.996,43.54,42.503
975.05,26.264,43.36,42.327
974.5,26.553,43.35,42.318
974.43,27.256,43.304,42.273
974.36,28.045,43.316,42.284
974.24,28.82,43.312,42.281
974.01,29.565,43.351,42.319
973.81,30.226,43.501,42.465
974.27,31.697,43.288,42.258
973.54,31.835,43.504,42.469
973.76,33.081,43.55,42.513
973.59,33.929,43.738,42.697
973.04,34.276,43.803,42.76
973.3,35.53,43.925,42.879
973.01,36.27,44.253,43.2
972.9,36.736,44.269,43.215
972.76,37.655,44.351,43.295
972.41,38.545,44.31,43.255
972.22,39.466,44.436,43.378
972.07,40.225,44.506,43.446
971.39,40.236,44.84,43.773
971.57,41.421,44.776,43.71
971.44,42.344,44.932,43.862
970.72,42.499,45.229,44.152
971.08,43.793,45.063,43.99
970.55,44.175,45.056,43.983
970.4,45.003,45.138,44.063
970.76,46.029,45.201,44.125
970.66,46.888,45.145,44.07
970.49,47.717,45.257,44.18
970.4,48.778,45.219,44.142
970.38,49.351,45.339,44.259
969.88,49.817,45.458,44.375
969.55,50.431,45.612,44.526
969.96,51.527,45.629,44.542
969.78,52.094,45.774,44.684
969.08,52.805,45.931,44.837
969.25,54.044,46.132,45.033
969.19,54.895,46.221,45.12
968.75,54.911,46.084,44.986
968.93,56.39,46.111,45.013
968.93,57.237,46.171,45.071
968.51,57.342,46.268,45.166
967.96,58.333,46.615,45.505
967.77,59.327,46.752,45.639
967.63,60.03,46.821,45.706
968.13,61.342,46.61,45.5
967.73,61.838,46.576,45.467
967.37,62.536,46.89,45.773
967.81,63.959,46.696,45.584
967.2,64.447,46.899,45.782
967.5,65.379,47.012,45.892
967.18,65.816,46.866,45.75
967.44,67.086,46.894,45.778
967.36,68.073,46.887,45.771
967.24,68.782,46.898,45.781
967.12,69.495,47.06,45.939
966.39,69.719,47.378,46.25
966.96,70.499,47.427,46.297
966.3,71.197,47.599,46.465
966.16,71.966,47.895,46.755
966.12,72.939,47.847,46.708
965.85,73.61,48.223,47.075
966.2,74.856,47.971,46.828
965.81,75.119,48.082,46.937
966.16,76.558,47.999,46.857
965.93,77.201,47.824,46.685
966.18,78.684,47.881,46.741
965.71,79.11,48.056,46.912
965.98,79.895,48.308,47.158
965.66,80.45,48.262,47.113
965.48,81.425,48.347,47.196
965.31,82.368,48.501,47.346
965.7,83.731,48.62,47.463
965.86,84.599,48.585,47.428
965.89,85.184,48.609,47.451
966,85.841,48.673,47.514
965.68,86.641,48.798,47.636
965.22,87.253,48.81,47.648
964.95,88.169,49.072,47.904
965.45,89.808,48.882,47.718
964.94,90.178,48.989,47.823
965.46,91.155,49.004,47.837
965.4,92.217,48.917,47.752
965.39,93.244,49.026,47.859
965.25,94.278,49.051,47.883
965.05,95.284,48.958,47.792
964.95,96.258,49.128,47.958
964.31,96.547,49.264,48.091
964.09,96.98,49.575,48.395
963.92,97.99,49.792,48.606
964.31,99.55,49.907,48.718
964.3,100.5,50.039,48.848
963.8,101.02,49.988,48.797
963.53,101.71,50.205,49.009
963.96,103.19,50.099,48.906
963.53,103.72,50.242,49.046
963.78,105.25,50.297,49.099
963.78,106.4,50.111,48.918
963.22,106.9,50.071,48.879
963.16,107.69,50.191,48.996
963.5,108.92,50.394,49.194
962.8,109.79,50.403,49.203
962.72,110.81,50.567,49.363
962.62,111.88,50.72,49.512
962.94,113.35,50.867,49.656
962.41,113.92,50.894,49.682
962.17,114.66,50.955,49.742
962.25,115.91,50.965,49.751
962.23,117.02,50.911,49.699
962.1,118.31,50.967,49.753
962,119.48,51.03,49.815
962.49,120.76,50.884,49.673
961.82,121.44,51.212,49.993
962.25,123.04,51.258,50.037
961.53,123.66,51.517,50.291
961.92,125.38,51.552,50.325
961.85,126.47,51.657,50.427
961.08,126.89,52.023,50.784
961.47,128.39,52.073,50.834
961.33,129.66,52.25,51.006
960.89,130.31,52.178,50.936
960.61,131.4,52.378,51.131
961.11,133.26,52.315,51.07
961.06,134.1,52.3,51.054
960.97,135.51,52.231,50.988
960.34,136.29,52.431,51.183
960.44,138.03,52.428,51.179
960.39,139.28,52.522,51.272
959.76,139.96,52.569,51.317
959.58,140.89,52.763,51.507
959.73,142.51,52.782,51.525
959.63,143.89,52.924,51.664
959.5,145.17,52.97,51.708
958.66,145.7,53.303,52.034
958.94,147.54,53.267,51.998
958.88,148.6,53.236,51.968
958.71,149.68,53.263,51.994
958.51,150.97,53.461,52.189
957.82,151.72,53.605,52.329
957.8,153.24,53.862,52.58
957.14,153.98,54.301,53.008
956.88,154.98,54.266,52.974
956.81,156.36,54.37,53.075
956.71,157.44,54.292,52.999
956.6,159.13,54.179,52.889
956.97,160.84,54.299,53.006
956.51,161.79,54.4,53.105
956.21,162.9,54.515,53.217
956.52,164.47,54.439,53.143
956.52,165.84,54.426,53.13
956.18,167.2,54.615,53.315
955.94,168.37,55.011,53.701
955.67,169.6,55.172,53.858
955.2,170.43,54.981,53.672
955.47,171.92,55.187,53.873
954.67,172.78,55.424,54.105
955.06,174.6,55.291,53.974
954.8,175.78,55.415,54.095
954.55,177.24,55.638,54.313
954.01,177.93,55.725,54.399
954.16,179.41,55.898,54.567
953.48,180.14,55.93,54.598
953.16,181.18,56.186,54.848
953.65,183.15,56.057,54.722
952.86,183.79,56.335,54.994
952.82,185.06,56.162,54.825
953.21,186.82,56.065,54.73
952.62,187.68,56.117,54.781
952.9,189.4,56.188,54.85
952.87,190.85,56.223,54.884
952.75,192.06,56.209,54.87
952.6,193.35,56.32,54.979
951.86,194.07,56.468,55.123
951.76,195.2,56.49,55.145
951.53,196.34,56.609,55.262
951.99,198.32,56.611,55.263
951.71,199.21,56.76,55.409
951,199.81,57.027,55.669
951.44,201.79,57.103,55.744
951.19,202.91,57.134,55.773
951.1,204.2,57.213,55.85
950.38,204.99,57.264,55.9
950.34,206.24,57.362,55.996
950.21,207.45,57.272,55.908
949.92,208.71,57.6,56.229
949.89,209.75,57.537,56.167
950.44,211.67,57.601,56.229
949.92,212.33,57.527,56.158
950.24,214.19,57.742,56.368
949.6,214.84,57.832,56.455
949.82,216.54,58.09,56.707
949.22,217.22,58.368,56.978
949.78,219.03,58.287,56.899
949.58,220.27,58.333,56.944
949.45,221.5,58.572,57.177
948.94,222.11,58.655,57.259
949.61,223.92,58.428,57.036
949.34,225.4,58.605,57.21
948.55,226.22,58.891,57.488
948.41,227.44,59.086,57.679
948.59,229.15,59.375,57.961
948,230.08,59.438,58.023
947.77,231.4,59.77,58.346
947.82,232.92,59.512,58.095
948.03,234.59,60.107,58.676
947.97,236.16,59.798,58.374
947.21,237.22,60.024,58.595
947.66,238.99,59.978,58.55
947.19,240.28,60.552,59.111
947.06,241.52,60.862,59.412
946.62,242.94,61.2,59.743
946.45,244.2,61.399,59.937
946.35,245.77,61.262,59.804
946.21,247.24,61.164,59.708
945.43,248.17,61.631,60.164
945.85,250.2,61.384,59.922
945.36,251.35,62.029,60.552
944.88,252.14,61.932,60.457
944.63,253.47,62.018,60.541
944.23,254.52,62.521,61.033
944.55,256.3,62.452,60.965
943.86,257.12,62.738,61.244
943.81,258.14,62.821,61.326
943.72,259.65,62.655,61.163
944.09,261.57,62.488,61
943.9,263.02,62.476,60.988
943.81,264.39,62.431,60.945
943.13,265.24,62.603,61.113
943.31,267.17,62.598,61.107
943.42,268.63,62.255,60.773
943.26,270.08,62.401,60.915
942.52,271,62.54,61.051
942.84,272.92,62.61,61.119
942.64,274.25,62.681,61.188
942.58,275.74,62.633,61.142
942.22,277.19,62.716,61.223
941.36,278.04,62.905,61.408
941.44,280.08,63.057,61.556
941.06,281.78,62.98,61.48
940.64,283.22,63.176,61.671
939.6,284.08,63.539,62.027
939.06,285.31,63.589,62.075
938.65,286.7,63.781,62.263
938.9,288.85,63.797,62.278
938.44,289.92,64.024,62.5
937.66,290.62,63.958,62.436
937.27,291.82,64.238,62.708
937.5,293.81,64.13,62.604
936.63,294.57,64.149,62.622
936.04,295.94,64.343,62.811
935.92,297.53,64.308,62.777
935.51,299.03,64.47,62.935
934.6,299.62,64.576,63.038
933.92,300.95,64.762,63.22
934.1,302.88,64.769,63.227
933.63,304.23,64.949,63.402
932.91,305.21,64.877,63.332
932.56,306.89,64.728,63.186
932.49,308.86,64.714,63.173
931.91,310.22,64.78,63.238
931.26,311.79,65.199,63.647
930.77,313.12,65.455,63.896
930.31,314.47,65.592,64.03
929.95,316.28,65.634,64.071
929.6,317.51,65.795,64.228
928.66,318.45,65.9,64.331
928.88,320.87,65.785,64.218
927.84,321.74,65.523,63.963
928.29,324.07,65.277,63.723
927.08,324.73,65.468,63.909
927.36,326.73,65.387,63.83
925.92,327.01,65.915,64.346
926.32,328.82,65.717,64.152
925.03,329.55,66.161,64.586
924.64,330.84,66.356,64.776
924.62,332.55,66.438,64.856
924.41,333.83,66.538,64.954
923.69,334.65,66.356,64.776
923.98,336.31,66.591,65.006
923.31,337.17,66.463,64.881
923.48,339,66.82,65.229
923.16,340.22,66.893,65.3
922.72,341.49,67.164,65.564
922.49,342.87,67.166,65.567
922.2,344.25,67.139,65.54
921.6,345.53,67.448,65.842
920.55,346.27,67.777,66.163
920.05,347.37,68.099,66.478
920.02,349.52,68.177,66.554
919.35,350.7,68.492,66.861
918.69,352,68.68,67.044
917.84,352.64,68.672,67.037
917.37,353.83,68.714,67.077
916.67,354.89,69.295,67.645
916.98,356.38,69.273,67.624
916.44,357.47,69.549,67.893
915.77,358.12,69.515,67.86
915.36,359.35,69.683,68.024
915.74,360.98,69.675,68.016
915.08,361.43,69.784,68.122
915.33,362.89,69.825,68.162
915.08,363.85,69.999,68.332
914.22,364.27,70.234,68.561
914.46,365.86,70.222,68.55
914.12,366.92,70.388,68.712
913.4,367.44,70.381,68.705
913,368.42,70.571,68.891
913.37,369.82,70.556,68.876
913.33,370.83,70.531,68.851
913.28,371.75,70.554,68.875
912.96,372.85,71.004,69.314
912.76,373.92,71.214,69.518
912.36,374.25,71.084,69.392
912.78,375.85,71.081,69.388
912.94,376.85,71.218,69.522
912.62,377.26,71.279,69.582
912.75,378.05,71.476,69.775
913.19,379.3,71.689,69.982
913.13,379.78,71.811,70.101
913.66,381.04,71.868,70.157
914.04,381.88,72.021,70.306
914.22,382.07,72.148,70.43
914.59,382.66,72.428,70.704
915.51,383.99,72.404,70.68
916.06,384.82,72.461,70.735
915.88,385,72.898,71.163
916.25,385.62,73.145,71.404
917.55,387.05,72.968,71.231
917.67,387.13,73.224,71.481
918.87,388.6,73.179,71.437
919.58,389.31,73.312,71.566
919.82,389.39,73.643,71.889
920.89,390.71,73.722,71.966
921.15,390.85,74.129,72.364
922.48,392.29,73.793,72.036
922.91,392.87,73.945,72.184
923.99,393.82,74.269,72.501
924.74,394.43,74.392,72.621
926.04,395.28,74.291,72.523
927.01,395.97,74.602,72.826
928.25,396.61,74.706,72.927
929.37,397.38,75.009,73.223
930.61,397.96,74.938,73.153
932.48,399.45,74.94,73.156
934.47,399.94,74.685,72.907
935.56,400.18,75.052,73.265
937.21,401.21,74.947,73.163
939.5,402.59,74.908,73.124
941.31,403.45,74.811,73.03
942.75,404.18,75.068,73.28
944.09,404.5,74.854,73.072
946.13,405.71,75.22,73.429
947.64,406.12,75.309,73.516
949.37,406.98,75.385,73.59
951.33,407.88,75.417,73.621
952.92,408.06,75.485,73.688
954.37,408.6,75.699,73.897
956.5,409.72,75.762,73.958
958.5,410.42,75.804,73.999
960.13,410.84,76.025,74.215
962.09,411.21,76.082,74.271
964.85,412.39,75.891,74.084
967.03,413.32,75.452,73.656
968.98,414.19,75.53,73.731
971.59,414.88,75.798,73.993
974.08,415.9,75.624,73.823
976.89,416.67,75.981,74.172
979.21,417.33,75.531,73.733
981.84,418.23,75.425,73.63
984.66,419.32,75.134,73.345
987.09,419.88,74.849,73.067
990.35,421.05,74.59,72.814
992.94,421.77,74.132,72.367
996.06,422.5,73.922,72.162
998.33,422.78,73.761,72.005
1001.1,423.18,73.553,71.802
1004.6,424.42,72.957,71.22
1007,424.91,72.55,70.822
1010.4,425.65,71.857,70.146
1014.1,426.87,71.248,69.551
1015.9,427.41,71.057,69.366
1020.2,428.51,70.755,69.07
1022.6,428.87,70.052,68.384
1026,429.91,69.6,67.943
1029.3,430.35,69.203,67.555
1032.9,431.36,68.319,66.692
1035.4,431.72,68.122,66.5
1039.8,432.63,67.939,66.321
1042.8,433.34,67.179,65.58
1046.4,434.62,66.571,64.986
1049.2,434.92,66.137,64.562
1052.8,435.5,65.628,64.066
1057.3,436.5,64.751,63.209
1060.8,437.23,63.961,62.439
1063.6,436.9,63.423,61.913
1067.6,437.94,62.925,61.427
1071,438.59,62.041,60.564
1073.7,438.82,61.765,60.295
1078.1,439.33,61.749,60.279
1081.6,440.09,61.476,60.012
1084.1,439.5,60.998,59.546
1087.3,440.38,60.023,58.594
1091.3,441.45,59.289,57.877
1095.1,441.52,59.169,57.76
1099.3,442.56,58.492,57.099
1102.7,441.59,58.164,56.779
1105.4,441.98,57.889,56.51
1109.3,442.27,57.609,56.237
1112.7,442.02,56.959,55.603
1117.2,442.52,56.129,54.792
1120.3,443.01,55.354,54.036
1124.4,443.3,54.975,53.666
1127.8,443.52,54.479,53.182
1131.6,443.78,53.598,52.322
1135,443.54,53.4,52.129
1136.5,442.87,53.107,51.843
1141,442.81,53.156,51.891
1144.8,442.81,53.021,51.758
1148.2,442.31,53.117,51.853
1151.5,442.09,53.007,51.745
1154.2,442.24,52.93,51.67
1158.1,441.86,52.606,51.353
1161.7,441.73,52.784,51.528
1165.8,442.47,52.006,50.768
1169.2,442.31,51.926,50.69
1171.5,442.32,51.716,50.484
1173.8,441.79,51.894,50.658
1177.4,441.87,52.075,50.835
1180.9,441.2,51.856,50.621
1183.2,440.27,52.056,50.816
1186.6,440.22,51.916,50.68
1188.7,440.53,51.653,50.423
1191.8,439.43,51.329,50.107
1194.9,439.3,51.315,50.093
1197.7,439.29,51.136,49.918
1200.5,439.22,51.046,49.831
1203,438.23,51.247,50.027
1205.1,437.41,51.23,50.01
1208.6,437.31,51.072,49.856
1211.6,437.35,51.172,49.953
1214,437.51,51.021,49.806
1216.4,437.28,50.694,49.487
1219.4,436.08,50.617,49.412
1221.3,435.97,50.492,49.29
1223.1,435.98,50.15,48.956
1226.2,435.26,50.019,48.828
1228.8,434.85,49.711,48.528
1230.5,435.13,49.509,48.33
1234.4,433.32,49.51,48.331
1236.7,433.63,49.372,48.196
1239.1,432.36,49.547,48.368
1240.3,431.66,49.681,48.498
1242.3,431.53,49.732,48.548
1244.4,430.49,49.622,48.441
1246.9,429.46,49.711,48.527
1249.2,428.52,49.884,48.697
1251.2,428.67,49.773,48.588
1253.1,427.96,50.04,48.848
1258.2,428,50.203,49.008
1259.9,426.51,50.119,48.926
1259.8,425.12,49.967,48.777
1261.1,424.9,50.054,48.862
1262.3,423.96,49.761,48.576
1262.6,422.24,49.5,48.322
1268.4,423.47,49.597,48.416
1259.3,417.37,49.809,48.623
1258.6,417.56,49.488,48.309
1272.2,420.96,49.355,48.18
1262,417.5,49.23,48.058
1276.8,420.78,48.819,47.657
1264,423.57,48.711,47.551
1279.7,418.67,48.45,47.296
1281.8,418.82,48.518,47.363
1282.8,417.91,48.186,47.039
1285.5,417.72,47.961,46.819
1262.2,417.4,48.001,46.858
1267.6,412.55,48.297,47.147
1287.2,413.9,48.107,46.962
1288.5,412.87,47.909,46.768
1288.7,412.23,47.645,46.511
1303.7,390.92,47.714,46.578
1303.5,390.09,48.018,46.874
1303.6,390.2,47.949,46.807
1302.8,389.05,48.69,47.53
1302.3,387.46,49.198,48.026
1301.3,387.21,49.689,48.505
1329.8,386.8,49.673,48.49
1329.2,386.97,49.737,48.553
1329.5,387.63,49.631,48.45
1329.1,388.08,49.829,48.643
1329.3,388.79,49.853,48.666
1328.6,388.9,49.921,48.732
1328.3,389,49.931,48.742
1324.9,374.73,49.624,48.442
1325.4,374.21,49.724,48.54
1340.3,353.55,51.288,50.067
1340.9,352.67,52.717,51.462
1359.4,368.74,53.712,52.433
1325,372.17,53.455,52.182
1324,373.65,53.179,51.913
1325.2,373.58,53.039,51.776
1326.1,375.89,53.178,51.912
1326.7,376.6,53.219,51.952
1326.9,376.5,53.26,51.992
1326.8,376.48,53.302,52.033
1326.8,376.48,53.302,52.033
1326.9,376.52,53.227,51.96
1327.8,377.49,53.463,52.19
1325.4,374.17,53.446,52.173
1326.7,375.58,53.441,52.168
1326.8,376.21,53.375,52.104
1325.6,375.55,53.188,51.922
1325.9,376.16,53.372,52.101
1326,376.41,53.405,52.134
1324.2,375.41,53.109,51.844
1325.2,376.45,53.202,51.936
1325.1,375.66,53.516,52.241
1325.1,375.64,53.406,52.134
1325.7,375.3,53.342,52.072
1326.1,376.3,53.752,52.472
1326.1,376.05,54.244,52.952
1324.5,374.85,54.055,52.768
1325.5,376.09,53.813,52.532
1324.4,374.91,53.509,52.235
1324.7,374.81,53.571,52.295
1325.7,375.19,53.532,52.257
1324.4,374.18,53.145,51.88
1324.8,375.17,53.549,52.274
1324.8,374.57,53.043,51.78
1325.4,374.78,53.32,52.05
1325,374.81,53.368,52.097
1324.8,374.58,52.773,51.517
1324.7,374.81,53.123,51.858
1324.6,374.6,53.191,51.925
1325.5,374.95,53.36,52.09
1324.9,374.46,53.131,51.866
1324.9,374.46,53.032,51.769
1324.9,374.57,53.288,52.02
1325.6,374.76,53.404,52.132
1325,374.33,53.119,51.854
1324.9,374.46,53.054,51.791
1324.8,374.4,53.101,51.836
1324.8,374.31,53.395,52.123
1325.1,374.39,53.328,52.058
1325.8,374.69,53.795,52.514
1325.5,374.36,53.423,52.151
1325.6,374.34,53.042,51.779
1325.5,373.99,53.34,52.07
1325.7,374.56,53.607,52.331
1325.3,374.31,53.853,52.571
1325.2,374.37,53.707,52.429
1325.5,374.75,53.799,52.518
1325.3,374.39,53.685,52.407
1325.6,374.81,53.591,52.315
1325.9,374.93,53.699,52.42
1325.7,375.04,53.38,52.109
1325.6,374.94,53.231,51.963
1326.1,374.88,53.516,52.242
1325.9,374.84,53.511,52.237
1326.1,374.64,53.33,52.06
1326.5,375.13,53.384,52.113
1325.9,374.97,53.61,52.333
1326.5,375.23,54.044,52.758
1326.4,375.31,54.057,52.77
1326.3,375.23,54.097,52.809
1326.3,375.37,54.087,52.799
1326.2,375.58,53.946,52.662
1325.9,375.39,53.396,52.125
1325.9,375.55,53.394,52.123
1325.8,375.6,53.474,52.201
1326.1,375.56,53.429,52.157
1326.2,375.79,53.231,51.964
1326.8,376.17,53.234,51.967
1326.8,376.32,53.376,52.105
1326.3,376.17,53.382,52.111
1326.5,376.13,53.186,51.919
1326.7,376.15,53.651,52.374
1326.5,376.14,54.241,52.949
1326.5,376.07,53.661,52.383
1326.4,376.26,54.19,52.899
1326.5,376.12,54.259,52.968
1326.5,376.01,53.675,52.397
1326.7,376.48,53.91,52.626
1326.8,376.34,53.279,52.01
1327.1,376.78,53.481,52.207
1327,376.54,52.887,51.628
1326.9,376.62,53.755,52.475
1326.9,376.34,53.98,52.695
1326.9,376.26,53.549,52.274
1327.1,376.65,52.776,51.519
1327.2,376.57,53.778,52.497
1327,376.37,53.24,51.972
1327.1,376.72,53.388,52.117
1327,376.47,53.079,51.816
1326.9,376.54,53.149,51.883
1327,376.51,54.073,52.786
1327.3,376.35,54.173,52.883
1327,376.23,54.286,52.994
1326.8,375.95,53.668,52.39
1327.1,376.3,53.924,52.64
1327.2,376.2,53.523,52.249
1327.3,376.5,53.181,51.915
1327.4,376.3,53.899,52.616
1327.4,376.16,53.458,52.185
1327.7,376.54,53.017,51.755
1327.6,376.42,53.333,52.063
1327.9,376.74,53.492,52.219
1327.8,376.55,53.091,51.827
1327.3,376.24,53.879,52.596
1327.6,376.3,53.486,52.213
1327.7,376.49,53.146,51.881
1327.7,376.58,54.023,52.737
1327.6,376.31,54.155,52.866
1327.7,376.58,54.036,52.75
1327.6,376.41,54.107,52.819
1327.7,376.61,53.891,52.608
1327.6,376.45,53.271,52.003
1328,377.22,53.049,51.786
1327.1,376.92,53.541,52.266
1327,376.76,53.645,52.368
1327.4,377.28,53.468,52.195
1327,377.28,53.415,52.143
1326.9,377.27,53.176,51.91
1327,377.54,53.776,52.496
1326.7,377.35,53.459,52.186
1326.4,377.4,53.241,51.973
1326.6,377.44,53.921,52.637
1326,377.15,53.839,52.557
1325.9,377.21,53.708,52.429
1326,377.57,53.731,52.452
1325.8,377.69,53.945,52.661
1325.3,377.47,53.827,52.545
1325.2,377.24,53.855,52.572
1325.1,377.26,54.042,52.755
1325.3,377.3,54.236,52.945
1324.8,377.11,54.239,52.947
1324.6,377.06,54.181,52.891
1325.1,377.44,54.067,52.78
1325,377.4,54.103,52.814
1324.7,377.51,54.193,52.903
1324.7,377.55,54.167,52.877
1324.6,377.54,54.147,52.858
1324.6,377.46,54.184,52.894
1324.5,377.4,54.156,52.866
1324.4,377.54,54.036,52.749
1324.4,377.56,54.161,52.872
1324.3,377.69,53.947,52.662
1323.8,377.49,53.904,52.621
1323.7,377.42,53.758,52.478
1324.1,377.5,53.841,52.559
1324,377.49,53.231,51.964
1324.2,377.69,53.605,52.328
1324,377.5,53.925,52.641
1323.6,377.13,54.042,52.755
1324,377.39,54.075,52.787
1324.1,377.5,54.089,52.801
1324.2,377.49,54.113,52.824
1324,377.53,54.03,52.744
1324.1,377.55,53.989,52.704
1324.1,377.28,54.105,52.817
1324.1,377.48,54.028,52.741
1324.3,377.39,53.763,52.483
1324.4,377.38,53.82,52.539
1324.1,377.19,53.535,52.26
1324.3,377.24,53.173,51.907
1324.8,377.48,53.359,52.089
1324.7,377.42,52.936,51.676
1324.4,377.21,53.366,52.096
1325,377.38,52.864,51.605
1325.2,377.52,53.483,52.21
1325.1,377.07,53.363,52.093
1325.3,377.11,53.231,51.964
1325.8,377.33,53.327,52.057
1326.1,377.36,53.266,51.997
1326.2,377.29,53.454,52.182
1325.9,376.79,53.601,52.325
1326.6,377,53.397,52.126
1326.4,376.99,53.168,51.902
1326.5,376.84,53.705,52.426
1327.2,377.16,53.62,52.343
1327.2,377.03,53.685,52.406
1327.5,377.41,53.449,52.176
1327.3,377.04,53.277,52.009
1327.9,377.63,52.899,51.639
1327.7,377.21,53.922,52.638
1327.6,376.92,53.754,52.474
1328.1,377.2,54,52.715
1328.3,377.21,54.062,52.775
1328.4,377.06,54.393,53.098
1328.2,377.15,53.845,52.563
1328.5,377.2,53.489,52.215
1328.6,377.5,53.144,51.879
1328.6,377.57,54.091,52.804
1328.7,377.58,54.114,52.826
1328.8,377.63,54.106,52.818
1328.8,377.77,54.162,52.873
1328.7,377.85,54.114,52.826
1328.7,377.82,54.319,53.025
1328.2,377.37,54.151,52.862
1328.6,377.56,54.252,52.96
1328.5,377.56,53.751,52.471
1328.8,377.94,53.728,52.449
1328.8,378.33,53.566,52.291
1328.7,378.19,53.639,52.361
1328.8,378.3,53.351,52.08
1328.2,377.85,53.405,52.134
1328.1,377.57,53.63,52.353
1328.5,377.92,53.528,52.254
1328,377.53,53.831,52.549
1328,377.32,53.846,52.564
1327.8,377.21,54.053,52.766
1328.3,377.6,53.98,52.695
1328,377.27,54.025,52.739
1328.5,377.71,53.779,52.499
1328.1,377.3,53.94,52.656
1327.9,377.28,53.957,52.672
1328,377.24,53.725,52.445
1328.3,377.49,54.049,52.762
1328.3,377.48,54.17,52.881
1328.2,377.36,54.341,53.047
1328.2,377.23,53.758,52.478
1328.4,377.43,54.132,52.843
1328.3,377.1,54.471,53.174
1328.1,376.91,54.759,53.455
1328,376.74,54.272,52.98
1328.2,377.02,53.914,52.63
1328.2,377.19,53.649,52.372
1328.5,377.48,53.894,52.61
1328,376.92,53.7,52.421
1328.1,377.14,54.089,52.801
1328.2,376.99,54.416,53.12
1328,376.86,54.833,53.528
1327.7,376.66,54.403,53.107
1327.9,376.84,53.707,52.428
1328.1,377.27,53.614,52.337
1328.1,377.32,53.51,52.236
1327.6,377.19,53.144,51.879
1327.8,377.17,54.035,52.748
1327.8,377.06,53.987,52.701
1327.6,377.01,53.909,52.626
1327.2,376.78,53.779,52.498
1327.1,376.53,53.847,52.565
1326.7,376.29,54.112,52.824
1327.1,376.64,53.93,52.646
1326.4,376.21,54.107,52.819
1326.8,376.41,54.177,52.887
1326.5,376.53,54.208,52.917
1326,376.16,54.325,53.031
1325.6,375.93,54.51,53.212
1325.7,376.21,54.57,53.27
1325.9,376.06,54.718,53.415
1325.2,375.75,54.802,53.497
1325.5,375.81,54.412,53.116
1325.6,376.19,54.485,53.188
1325.2,375.99,54.71,53.408
1325.3,375.96,53.968,52.683
1325,376,53.737,52.457
1325.2,376.35,53.963,52.678
1324.7,375.95,53.955,52.67
1324.7,376.15,53.535,52.261
1324.8,376.29,53.081,51.817
1324.3,375.98,53.513,52.239
1324.4,376.01,53.316,52.047
1324.8,376.51,53.058,51.795
1323.9,375.92,53.557,52.282
1323.8,375.73,53.474,52.201
1323.9,375.58,53.405,52.133
1323.7,375.44,53.574,52.298
1324,375.8,53.679,52.401
1324,375.82,53.605,52.328
1324,375.98,53.468,52.195
1323.6,375.9,53.212,51.945
1323.7,376.01,53.511,52.237
1323.4,375.85,53.253,51.985
1323.7,376.03,53.471,52.198
1323.2,375.8,53.434,52.161
1323.1,375.63,53.498,52.224
1323.2,375.91,53.317,52.047
1323.4,376.16,53.392,52.12
1323.4,376.44,53.006,51.744
1323.1,376.23,53.409,52.137
1323.1,376.17,53.583,52.308
1323.4,376.58,53.54,52.265
1323.2,376.38,53.672,52.394
1323.4,376.49,53.728,52.449
1323.6,376.77,54.015,52.729
1323.7,376.87,54.017,52.731
1323.7,376.91,54.039,52.752
1324,377.12,53.738,52.459
1324,377.07,53.701,52.422
1323.9,377.17,54.007,52.721
1324.1,377.04,53.954,52.67
1323.8,376.97,53.762,52.482
1324.1,377.11,54.207,52.916
1324.2,377.05,53.868,52.586
1324.4,377.2,53.662,52.384
1324.7,377.36,53.842,52.56
1324.6,377.34,53.551,52.276
1324.9,377.49,52.965,51.704
1324.8,377.28,53.532,52.257
1325,377.52,53.193,51.926
1325.3,377.66,53.508,52.234
1325.2,377.51,53.232,51.964
1325.6,377.82,53.264,51.996
1325.9,377.89,53.23,51.963
1325.8,377.67,53.803,52.522
1325.5,377.36,53.722,52.443
1326.1,377.61,53.857,52.575
1325.8,377.43,53.718,52.439
1326.3,377.6,53.832,52.55
1326.2,377.42,53.886,52.603
1326.3,377.35,53.936,52.652
1326.4,377.48,53.707,52.428
1326.9,377.81,53.847,52.565
1326.7,377.59,53.865,52.583
1327,377.51,53.586,52.31
1327.4,377.78,53.589,52.313
1327.7,377.85,53.664,52.386
1327.8,378.03,53.634,52.357
1327.9,378,53.684,52.406
1328,378.13,53.63,52.353
1328,378.01,53.632,52.355
1328.2,377.98,53.624,52.347
1328.6,377.99,53.671,52.393
1328.7,378.04,53.61,52.334
1328.8,377.89,53.612,52.335
1329,377.95,53.668,52.39
1329.1,377.92,53.791,52.511
1328.8,377.4,53.805,52.524
1328.9,377.31,53.782,52.501
1329.5,377.59,53.079,51.815
1329.4,377.37,53.82,52.539
1329.9,377.46,53.316,52.046
1330.1,377.61,53.476,52.203
1330,377.41,53.261,51.992
1330.3,377.6,53.563,52.287
1330.5,377.5,53.731,52.452
1330.5,377.22,54.266,52.974
1330.4,377.25,53.599,52.322
1330.5,377.28,54.237,52.946
1330.5,376.95,53.602,52.326
1330.8,377.28,53.651,52.373
1330.5,377,54.38,53.086
1330.4,376.73,54.105,52.817
1330.9,377.23,53.739,52.459
1331.1,377.31,53.466,52.193
1330.8,377.05,53.153,51.887
1331,377.03,53.508,52.234
1330.7,377.03,53.19,51.923
1330.9,376.93,53.609,52.333
1331,377.11,53.39,52.119
1330.5,377.02,53.285,52.016
1330.8,377.3,53.297,52.028
1330.8,377.31,53.298,52.029
1330.8,377.27,53.302,52.032
1330.6,377.18,53.321,52.052
1330.4,377.22,53.322,52.053
1330.3,377.27,53.315,52.046
1330.4,377.4,53.019,51.757
1329.5,376.67,53.514,52.24
1329.3,376.42,53.506,52.232
1329.2,376.48,53.484,52.211
1329,376.55,53.399,52.128
1329.4,376.64,52.785,51.528
1329,376.72,53.599,52.323
1328.9,376.75,53.788,52.507
1328.4,376.48,53.745,52.465
1328.6,376.67,53.815,52.533
1328.2,376.26,53.95,52.665
1328,376.13,54.074,52.787
1328.4,376.53,54.025,52.739
1328.4,376.46,54.058,52.771
1328.4,376.47,53.974,52.689
1328,376.28,53.565,52.289
1328.3,376.59,53.511,52.237
1328.1,376.48,53.005,51.743
1327.7,376.19,53.735,52.456
1328.1,376.43,53.99,52.705
1328.3,376.33,54.088,52.8
1328.2,376.57,54.017,52.731
1328.2,376.56,53.972,52.687
1327.6,376.21,53.973,52.688
1327.7,376.22,53.855,52.572
1327.7,376.18,53.956,52.671
1327.6,376.23,54.005,52.719
1328.1,376.5,53.843,52.561
1327.9,376.37,53.394,52.123
1328,376.54,53.052,51.789
1327.7,376.31,53.712,52.434
1328.1,376.48,53.788,52.507
1327.7,376.21,53.8,52.519
1328.2,376.57,52.989,51.728
1327.8,376.39,53.53,52.256
1327.9,376.37,53.655,52.378
1328.2,376.63,53.696,52.418
1328.4,376.55,53.789,52.509
1327.9,376.15,53.576,52.301
1328.1,376.37,53.82,52.539
1328,376.15,53.518,52.243
1327.9,376.27,53.419,52.147
1328,376.2,53.285,52.016
1328.4,376.52,53.376,52.106
1328.5,376.4,53.036,51.773
1328,376.29,53.548,52.273
1328.3,376.25,53.177,51.911
1328.5,376.58,53.415,52.143
1328.3,376.21,53.344,52.074
1328.5,376.5,53.487,52.213
1328.4,376.32,53.451,52.178
1328.5,376.2,53.326,52.056
1328.8,376.53,53.411,52.139
1328.6,376.37,53.165,51.899
1328.7,376.17,53.978,52.693
1328.7,375.9,53.578,52.302
1329.1,376.33,53.51,52.236
1328.9,376.11,52.993,51.731
1328.6,375.81,53.483,52.209
1328.8,375.77,53.383,52.112
1328.9,375.94,52.977,51.716
1328.7,375.76,53.484,52.211
1328.9,375.88,53.163,51.897
1329,375.89,53.587,52.312
1329,376.28,53.675,52.397
1328.7,376.12,54.134,52.845
1328.9,376.02,54.052,52.765
1328.8,375.94,54.051,52.764
1328.8,376.13,54.062,52.775
1328.9,376.21,53.822,52.541
1328.8,376.24,53.327,52.057
1329,376.59,53.498,52.224
1328.9,376.49,52.955,51.694
1328.7,376.46,53.136,51.87
1328.6,376.46,53.308,52.038
1329.1,376.99,53.212,51.945
1328.8,376.75,53.644,52.366
1328.8,376.9,53.787,52.506
1328.3,376.89,53.624,52.348
1328.6,377.14,54.029,52.743
1328.4,377.05,54.319,53.025
1328.2,376.94,53.838,52.556
1328.3,377.18,53.63,52.353
1328.5,377.75,53.63,52.353
1328.4,377.74,53.714,52.435
1328.4,377.83,53.736,52.456
1328.3,378.07,53.964,52.68
1327.4,377.63,53.857,52.574
1327.6,377.59,53.724,52.445
1327.9,378.14,53.648,52.371
1327.6,378.21,54.115,52.827
1327.4,378.31,54.319,53.026
1327.3,378.3,53.527,52.253
1327,378.36,53.657,52.38
1327.1,378.64,53.797,52.516
1326.6,378.4,53.751,52.471
1326.9,378.87,53.706,52.427
1326.8,379.12,53.743,52.463
1326.7,379.22,54.043,52.756
1326.8,379.14,53.901,52.618
1326.3,378.92,53.737,52.458
1326.6,379.21,54.037,52.751
1326.4,379.23,54.208,52.917
1326.1,379.09,53.809,52.528
1326.1,379.34,53.44,52.167
1326,379.29,53.487,52.214
1326.1,379.44,53.173,51.907
1326.1,379.48,53.786,52.505
1325.8,379.17,53.562,52.287
1326.2,379.63,53.637,52.36
1326.2,379.54,53.83,52.548
1325.6,379.16,54.038,52.752
1325.9,379.41,53.984,52.698
1325.6,379.22,53.694,52.416
1325.8,379.41,54.003,52.718
1325.6,379.35,54.129,52.841
1325.5,379.17,54.376,53.082
1325.4,379.14,53.857,52.574
1325.4,379.17,53.545,52.27
1325.6,379.34,53.304,52.035
1325.6,379.38,54.001,52.715
1325.6,379.17,54.17,52.88
1325.6,379.03,54.252,52.96
1325.5,378.99,53.712,52.433
1325.6,379.1,54.108,52.82
1325.6,379,54.08,52.793
1325.8,379.02,53.907,52.623
1325.5,378.67,53.725,52.446
1325.9,378.95,53.636,52.359
1325.9,378.92,53.84,52.558
1325.4,378.36,53.899,52.615
1325.5,378.22,53.854,52.572
1325.7,378.33,53.452,52.179
1325.8,378.5,53.01,51.748
1325.6,378.31,53.428,52.156
1325.9,378.6,52.786,51.529
1325.8,378.4,53.687,52.408
1326.2,378.35,53.515,52.241
1325.9,378.32,53.013,51.751
1325.8,378.2,53.207,51.94
1326.2,378.32,53.47,52.197
1325.9,377.96,53.295,52.026
1326.2,378.13,53.185,51.918
1326,378.23,53.655,52.377
1326.1,378.23,53.711,52.433
1326.2,378.21,53.605,52.328
1326.4,378.23,53.755,52.476
1326.3,378.2,53.791,52.511
1326.1,377.77,53.753,52.473
1326.5,378.15,53.627,52.351
1326.8,378.25,53.451,52.178
1326.4,378.01,53.377,52.106
1326.7,378.14,53.106,51.842
1326.5,377.95,53.456,52.183
1326.8,378.13,53.165,51.899
1326.9,378.2,53.967,52.682
1326.5,377.8,53.934,52.65
1326.9,378.03,53.646,52.369
1327.2,378.34,53.714,52.435
1327.3,378.37,53.843,52.561
1327.1,378.19,53.443,52.171
1327,378.42,53.476,52.203
1327.3,378.49,53.166,51.901
1327.3,378.69,53.637,52.36
1327.6,378.7,53.68,52.402
1327.5,378.8,53.757,52.477
1327.7,379.15,53.571,52.296
1327.7,379.43,53.345,52.075
1327.5,379.23,53.856,52.574
1327.3,378.99,53.682,52.404
1327.6,379.23,53.967,52.682
1327.6,379.32,53.45,52.177
1327.4,379.51,53.514,52.24
1327.5,379.51,53.623,52.346
1327.7,379.93,53.679,52.401
1327.6,380.02,53.938,52.654
1327.4,379.84,53.685,52.407
1327.7,380.2,53.817,52.536
1327.5,380.02,53.488,52.214
1327.8,380.43,53.12,51.855
1327.5,380.25,53.552,52.277
1327.7,380.6,53.055,51.792
1327.5,380.61,53.258,51.99
1327.9,380.84,53.679,52.401
1327.9,381.12,53.667,52.389
1327.8,381.3,53.672,52.394
1327.2,380.87,54.553,53.254
1327.2,380.82,54.852,53.546
1327,380.68,55.055,53.744
1326.9,380.87,54.335,53.041
1326.7,381.01,54.389,53.094
1326.6,381.12,54.3,53.007
1326.5,381.23,54.158,52.868
1326.9,381.63,54.045,52.758
1326.8,381.9,54.113,52.824
1326.9,382.1,53.874,52.592
1326.4,381.77,53.663,52.385
1326.6,382.07,53.682,52.404
1326.4,382.21,54.107,52.819
1326,381.94,54.487,53.19
1325.8,381.81,55.034,53.724
1325.6,381.64,55.171,53.858
1325.4,381.42,54.67,53.369
1325.6,381.82,54.005,52.719
1325.7,382.13,54.22,52.929
1325.8,382.15,53.412,52.14
1325.9,382.54,52.916,51.656
1325.6,382.49,53.944,52.66
1325.5,382.22,53.541,52.266
1325.3,382.36,53.524,52.25
1325.5,382.55,53.05,51.787
1325.1,382.42,53.799,52.518
1325.1,382.27,53.646,52.369
1325.3,382.45,53.794,52.514
1325.3,382.4,53.431,52.159
1325.3,382.39,53.51,52.236
1325.2,382.44,53.249,51.981
1325.3,382.53,53.542,52.267
1325,382.35,53.319,52.049
1325.3,382.76,53.307,52.038
1325.3,382.75,53.314,52.044
1325.3,382.77,53.297,52.028
1325.4,382.85,53.341,52.071
1325.4,382.81,53.446,52.174
1325.1,382.39,53.297,52.028
1325.2,382.59,53.347,52.077
1325.3,382.74,53.362,52.092
1325.2,382.6,53.039,51.776
1324.9,382.33,53.435,52.163
1324.9,382.39,53.301,52.032
1325.4,382.74,53.278,52.009
1325.5,382.74,53.411,52.14
1325.2,382.5,53.141,51.876
1325.3,382.49,53.596,52.32
1325.5,382.7,53.533,52.258
1325.1,382.36,53.398,52.126
1325.1,382.34,53.348,52.078
1325.5,382.89,53.14,51.875
1325.7,382.9,53.247,51.979
1325.7,382.81,53.211,51.944
1325.5,382.43,54.122,52.833
1325.5,382.3,54.215,52.924
1325.4,382.05,53.603,52.327
1325.5,382.35,54.01,52.724
1325.5,382.25,54.163,52.873
1325.5,381.98,54.469,53.172
1325.2,381.64,55.067,53.756
1325.3,381.51,54.379,53.084
1325.4,381.67,54.003,52.717
1325.7,382.05,54.207,52.917
1325.5,381.64,54.121,52.832
1326,381.87,53.768,52.487
1326,381.84,53.982,52.697
1325.5,381.23,54.105,52.816
1326,381.39,54.099,52.811
1326.1,381.49,53.993,52.707
1326.2,381.44,54.011,52.725
1326.2,381.36,54.006,52.72
1326.2,381.37,53.993,52.708
1326.2,381.41,54.065,52.778
1326.3,381.22,54.033,52.746
1326.3,381.33,54.05,52.763
1326.4,381.12,54.175,52.885
1326.3,381.18,54.204,52.913
1326.5,380.99,53.646,52.368
1326.5,381.17,54.045,52.759
1326.4,381.02,54.27,52.978
1326.3,380.95,53.768,52.487
1326.4,381.03,54.369,53.075
1326.4,381.02,53.691,52.413
1326.5,381.13,54.093,52.805
1326.6,381.11,54.162,52.873
1326.4,381.1,54.386,53.091
1326.4,381.19,53.621,52.344
1326.6,381.53,53.6,52.324
1326.6,381.56,53.662,52.384
1326.5,381.48,53.742,52.462
1326.5,381.5,53.807,52.526
1326,381.24,53.902,52.619
1326,381.41,53.365,52.094
1326.1,381.57,53.112,51.848
1325.7,381.47,53.683,52.405
1326.2,381.89,53.73,52.451
1326.4,382.33,53.486,52.212
1325.8,381.76,53.611,52.335
1326.1,382.18,53.438,52.165
1325.8,382.3,53.059,51.796
1325.6,382.27,53.454,52.181
1325.6,382.4,53.165,51.899
1325.8,382.89,53.427,52.155
1325.1,382.43,53.507,52.233
1324.9,382.44,53.448,52.175
1324.9,382.79,53.314,52.044
1325.2,383.17,53.335,52.065
1325.1,383.28,53.456,52.183
1324.7,382.99,53.252,51.984
1324.9,383.18,53.335,52.065
1325.1,383.48,53.134,51.869
1324.4,383.09,53.266,51.998
1324.6,383.25,53.793,52.512
1324.1,382.76,53.741,52.461
1324.3,383,53.704,52.425
1324.3,383.25,53.856,52.574
1323.8,383.09,53.605,52.328
1323.7,383.14,54.13,52.842
1323.8,383.34,54.017,52.731
1323.6,383.11,54.167,52.877
1323.4,383.06,54.365,53.071
1323.2,383.09,53.568,52.293
1323.4,383.46,53.637,52.36
1323,383.24,53.97,52.685
1322.7,383.12,53.718,52.439
1322.5,383,54.292,53
1322.4,383.03,53.645,52.367
1322.5,383.23,53.848,52.566
1322,383.04,53.587,52.311
1322.4,383.29,53.377,52.106
1321.8,382.88,53.218,51.951
1321.8,382.71,53.839,52.557
1321.6,382.39,53.726,52.447
1321.9,382.75,53.6,52.324
1321.7,382.58,53.825,52.543
1321.5,382.4,53.168,51.902
1321.6,382.45,53.927,52.643
1321.4,382.23,53.438,52.166
1321.4,382.26,53.436,52.163
1321.3,382.08,53.479,52.206
1321.3,382.12,53.491,52.217
1321.4,381.64,53.339,52.069
1321.7,381.89,53.321,52.052
1321.7,381.85,53.272,52.004
1321.8,381.76,53.204,51.938
1321.7,381.54,53.339,52.069
1321.7,381.42,53.26,51.992
1321.8,381.31,53.5,52.226
1321.3,380.72,53.499,52.225
1321.4,380.55,53.412,52.141
1321.7,380.62,53.107,51.842
1321.4,380.37,53.432,52.16
1321.7,380.33,53.131,51.866
1321.6,380.27,53.374,52.103
1321.9,380.3,53.106,51.842
1321.6,380,53.689,52.411
1322.1,380.26,53.744,52.465
1321.9,380,54.154,52.864
1322.3,379.95,53.782,52.501
1321.9,379.48,53.929,52.645
1321.9,379.33,53.697,52.419
1322.3,379.53,53.753,52.473
1322.5,379.64,53.64,52.363
1322.8,379.84,53.353,52.083
1322.6,379.58,53.097,51.833
1322.4,379.41,53.413,52.141
1322.6,379.51,53.291,52.022
1323.1,379.72,53.385,52.114
1323,379.58,53.093,51.829
1322.9,379.43,53.277,52.009
1323.4,379.88,53.337,52.067
1323.3,379.94,53.395,52.124
1323,379.64,53.496,52.223
1322.9,379.44,53.645,52.368
1323.3,379.76,53.491,52.217
1323.1,379.65,53.391,52.119
1322.9,379.54,53.5,52.226
1323,379.75,53.552,52.277
1323.1,379.81,53.548,52.273
1322.9,379.79,53.755,52.475
1323.3,380.29,53.83,52.548
1323,380.14,53.801,52.52
1323.1,380.15,53.73,52.451
1323.5,380.42,53.658,52.381
1323.7,380.31,53.842,52.56
1323.3,380.16,53.755,52.475
1323.5,380.45,53.966,52.681
1323.2,380.25,53.792,52.511
1323.5,380.63,53.602,52.326
1323.7,380.87,53.688,52.41
1323.9,381.22,53.525,52.25
1323.3,380.81,53.734,52.455
1323.8,381.23,53.689,52.411
1323.7,381.23,53.738,52.459
1323.8,381.29,53.618,52.341
