911,755,43,99
912.2,753.53,42.979,98.951
913.36,752.11,42.796,98.53
913.97,749.8,42.974,98.94
915.19,748.29,43.093,99.214
915.66,745.79,43.479,100.1
917.37,744.76,43.301,99.693
917.97,742.79,43.716,100.65
918.1,740.63,43.837,100.93
919.7,739.28,44.01,101.32
919.97,736.88,44.644,102.78
921.41,736.62,43.529,100.22
922,735.35,43.632,100.46
922.18,733.07,43.903,101.08
923.06,731.14,44.22,101.81
923.67,729.4,44.277,101.94
924.51,728.32,44.081,101.49
926.09,727.84,43.714,100.64
926.38,726.67,43.114,99.261
927.21,725.87,43.015,99.035
928.09,724.19,43.525,100.21
928.71,722.89,43.398,99.917
928.89,720.75,43.802,100.85
930.27,719.96,43.766,100.76
930.61,718.87,43.967,101.23
931.06,717.56,43.641,100.48
931.44,715.78,43.977,101.25
932.31,715.35,43.578,100.33
933.31,714.72,43.512,100.18
933.8,713.54,43.603,100.39
934.01,711.89,43.799,100.84
934.9,711.09,44.034,101.38
935.85,710.47,43.597,100.37
935.99,709.18,43.533,100.23
937.13,708.47,43.806,100.86
937.63,707.47,43.857,100.97
938.25,706.61,43.67,100.54
938.25,705.26,43.8,100.84
939.26,704.97,43.686,100.58
939.15,703.1,44.227,101.83
939.67,701.59,44.598,102.68
940.89,701.7,44.21,101.79
941.06,700.86,44.061,101.44
942.28,700.48,44.047,101.41
943.52,700.68,43.38,99.875
943.64,699.32,43.471,100.08
944.76,698.84,43.631,100.45
945.12,697.66,43.751,100.73
945.92,697.24,43.753,100.73
946.68,696.49,43.858,100.98
947.25,695.49,44.048,101.41
948.19,695.19,43.904,101.08
948.43,693.95,44.084,101.5
949.31,693.61,44.16,101.67
949.67,692.64,44.35,102.11
950.77,692.86,44.123,101.59
951.35,692.3,44.259,101.9
951.18,691.43,44.205,101.77
951.86,690.68,44.32,102.04
952.88,690.89,44.332,102.07
953.51,690.73,44.132,101.61
953.71,690.44,44.232,101.84
953.92,689.92,44.175,101.7
954.33,689.98,44.018,101.34
955.28,690.31,44.041,101.4
956.02,690.42,44.111,101.56
956.62,690.91,43.974,101.24
956.26,690.23,44.165,101.68
956.85,690.21,44.281,101.95
956.79,689.67,44.652,102.8
958.12,689.8,44.499,102.45
958.11,688.88,44.491,102.43
958.32,688.07,44.415,102.26
959.35,687.79,44.188,101.74
958.85,686.12,44.291,101.97
959.54,685.13,44.556,102.58
959.16,683.16,44.506,102.47
959.24,681.61,44.473,102.39
959.17,679.93,44.468,102.38
959.13,678.3,44.418,102.26
960.01,677.61,43.959,101.21
959.54,675.41,43.826,100.9
960.38,674.66,43.423,99.974
960.07,672.21,43.671,100.55
960.08,670.55,43.616,100.42
959.72,668.86,43.904,101.08
959.8,667.4,43.794,100.83
960.4,666.68,43.785,100.81
960.53,665.4,43.827,100.9
960.6,664.42,43.766,100.76
960.5,663,43.756,100.74
960.63,662.19,43.669,100.54
959.92,660.82,43.721,100.66
959.73,659.5,43.802,100.85
960.2,658.89,43.671,100.54
959.91,657.67,43.655,100.51
960.32,656.8,43.592,100.36
960.16,656.17,43.49,100.13
960.89,656.32,43.277,99.637
960.82,655.46,43.285,99.657
960.75,654.43,43.225,99.519
960.46,653.57,43.261,99.601
960.44,652.26,43.37,99.853
959.84,651.37,43.305,99.701
959.85,650.21,43.881,101.03
959.29,648.7,43.756,100.74
959.7,648.79,43.636,100.46
959.91,647.63,43.377,99.867
960.23,646.62,43.361,99.832
959.98,646.11,43.381,99.876
960.11,644.36,43.355,99.817
960.03,643.08,43.507,100.17
961.03,642.83,43.349,99.804
960.86,641.46,43.112,99.257
960.93,639.34,43.251,99.578
961.54,639.37,43.275,99.633
962.17,637.53,43.039,99.09
961.38,636.25,42.926,98.831
962.13,635.85,42.904,98.779
961.54,632.32,43.224,99.517
962.07,631.96,43.085,99.195
961.58,630.94,43.183,99.422
962.12,630.65,43.059,99.136
961.31,627.07,42.972,98.936
962.03,627.13,42.98,98.955
961.78,625.89,42.872,98.706
961.32,624.28,42.798,98.534
960.89,623.07,42.947,98.877
961.02,621.63,43.205,99.472
961.15,620.43,43.093,99.213
960.58,617.42,43.328,99.754
960.42,616.89,43.474,100.09
961.17,615.95,43.389,99.897
960.78,614.59,43.466,100.07
961.56,613.94,43.359,99.826
960.85,611.78,43.548,100.26
961.16,611.09,43.596,100.37
960.9,608.47,43.912,101.1
961.16,607.53,43.75,100.73
961.71,607.25,43.689,100.59
961.05,605.39,43.906,101.09
961.61,604.65,43.63,100.45
961.87,604.1,43.59,100.36
962.19,603.27,43.497,100.15
962.53,602.7,43.299,99.688
962.76,601.68,43.282,99.649
962.69,600.56,43.172,99.396
962.41,598.34,43.425,99.978
962.71,598.13,43.138,99.319
962.81,596.58,43.068,99.158
963.1,595.3,42.838,98.627
963.54,595.06,42.674,98.248
964.36,593.85,42.553,97.97
964.38,591.79,42.534,97.927
964.91,590.98,42.434,97.697
965.89,590.56,41.939,96.558
965.63,587.66,42.34,97.481
965.78,586.19,42.33,97.458
965.96,584.39,42.574,98.02
966.05,582.86,42.301,97.39
966.32,581.24,42.071,96.861
966.03,579.83,42.233,97.234
966.14,577.09,42.292,97.37
965.57,576.27,41.93,96.536
966.13,574.53,41.817,96.276
965.57,572.83,42.007,96.715
964.54,569.92,42.086,96.896
964.88,569.56,41.727,96.068
964.01,566.59,41.826,96.297
964.41,566.41,41.483,95.506
963.35,562.6,41.729,96.073
963.11,560.95,42.03,96.768
962.67,558.75,42.25,97.273
962.7,557.66,41.671,95.941
962.53,556.15,41.605,95.789
962.62,554.39,41.664,95.924
962.09,551.66,41.683,95.968
962.04,551.24,41.194,94.843
961.63,549.25,41.522,95.598
962.01,548.46,41.416,95.354
960.95,544.84,41.851,96.355
962.07,544.84,41.548,95.656
962.36,543.41,41.657,95.907
962.23,541.3,41.742,96.103
961.33,539.27,41.659,95.913
960.17,537.41,41.631,95.847
960.17,536.94,41.553,95.668
959.66,535.34,41.743,96.106
958.98,533.3,41.93,96.537
958.8,532.31,42.128,96.992
958.92,531.33,42.211,97.183
958.42,529.94,42.027,96.759
958.27,529.15,41.761,96.147
958.02,528.13,42.115,96.963
958.37,527.4,42.249,97.271
957.96,526.04,42.263,97.304
957.89,525.37,42.359,97.525
958.54,525.59,42.35,97.504
958.78,525.47,42.301,97.392
958.16,524.74,42.145,97.031
958.79,524.81,42.167,97.082
958.9,524.57,42.255,97.285
958.32,523.62,41.959,96.604
958.65,523.51,41.892,96.448
959.06,523.47,42.065,96.848
958.87,522.26,41.94,96.559
959.05,521.56,42.234,97.236
959.42,521.47,41.896,96.458
959.88,521.45,42.094,96.914
960.01,520.95,42.105,96.939
960.35,520.53,42.046,96.803
960.27,519.88,42.187,97.127
960.93,518.86,42.617,98.118
960.7,518.13,42.643,98.178
961.53,518.22,42.449,97.731
961.53,517.27,42.967,98.925
961.89,516.95,42.789,98.513
961.76,515.66,42.716,98.346
962.85,516,42.692,98.291
963.09,515.4,42.75,98.425
963.42,515.18,42.749,98.421
963.78,514.51,42.879,98.721
963.57,513.17,42.931,98.842
964.25,513.46,42.905,98.782
964.62,512.99,42.812,98.567
964.44,511.12,43.053,99.123
964.99,510.43,43.118,99.272
965.48,509.75,43.256,99.589
966.23,509.96,43.294,99.678
966.7,509.77,43.331,99.761
966.48,509.15,43.2,99.46
967.69,509.57,42.897,98.763
967.33,509.33,42.936,98.852
967.97,509.41,42.8,98.54
968.1,508.53,42.936,98.852
968.97,509.33,42.651,98.196
969.85,509.54,42.249,97.27
969.89,509.11,42.142,97.025
970.73,508.73,42.484,97.811
971.35,508.49,42.551,97.966
971.18,507.23,42.787,98.51
971.74,506.87,42.886,98.737
972.33,506.59,42.89,98.746
972.83,506.12,42.967,98.924
974.05,506.36,42.959,98.906
974.52,505.71,42.893,98.753
974.47,504.78,42.871,98.702
974.91,504.89,42.789,98.514
975.43,504.02,42.912,98.796
976.74,504.44,42.546,97.955
976.72,503.08,42.712,98.338
978.19,503.39,42.458,97.752
978.48,502.6,42.526,97.909
978.61,501.1,42.672,98.245
979.71,500.9,42.625,98.136
980.5,500.52,42.547,97.958
980.31,497.58,43.29,99.668
981.84,498.29,42.685,98.275
982.6,497.11,42.735,98.391
983.87,497.02,42.278,97.339
983.85,495.01,42.595,98.067
984.53,494.01,42.911,98.795
985.96,494.09,42.476,97.795
987.42,493.52,42.101,96.929
988.31,492.45,42.27,97.318
988.88,490.32,42.674,98.251
990.65,490.17,42.622,98.13
991.14,488.73,42.562,97.991
992.51,488.2,42.644,98.181
994.69,487.13,42.777,98.486
995.12,485.87,43.084,99.193
995.74,484.63,43.207,99.476
997.67,485.32,42.608,98.099
998.66,483.6,42.596,98.07
999.43,483.26,42.639,98.168
1001.2,483.29,42.196,97.149
1002.2,482.85,42.267,97.312
1003.1,481.56,42.096,96.919
1004.9,481.61,41.884,96.431
1006.2,480.89,42.21,97.18
1007.3,479.03,42.537,97.934
1009.1,477.88,42.961,98.91
1011.5,477.51,42.822,98.591
1012.3,476.15,42.994,98.986
1014.2,475.85,42.993,98.983
1016.3,474.86,43.055,99.127
1017.4,473.84,42.688,98.281
1019.9,474.36,42.373,97.555
1021.6,473.36,42.183,97.119
1023.4,472.55,42.44,97.71
1025.2,471.53,42.437,97.704
1027.6,470.53,42.395,97.608
1029.2,469.6,42.386,97.587
1031.6,468.28,42.324,97.444
1033.2,466.65,42.31,97.41
1034.9,465.34,42.342,97.485
1037.1,464.54,42.025,96.755
1039,463.2,41.926,96.528
1041.3,462.43,41.947,96.576
1042.2,460.04,42.095,96.917
1044.1,459.25,42.259,97.295
1045,457.16,42.184,97.122
1047,456,42.306,97.402
1047.8,453.76,42.348,97.499
1049.7,452.89,42.316,97.425
1050.4,450.98,41.893,96.452
1051.9,450.01,41.849,96.351
1052.8,448.42,41.825,96.294
1053.8,446.51,41.856,96.367
1055,444.6,41.929,96.534
1056.1,442.69,41.96,96.606
1056.4,440.71,41.802,96.243
1057.8,439.41,41.858,96.371
1058.7,437.17,41.883,96.429
1059.8,435.3,41.819,96.281
1060.4,433.41,41.946,96.572
1061.3,431.12,41.73,96.076
1061.9,429.47,41.572,95.713
1063.2,427.79,41.669,95.935
1062.9,425.05,41.982,96.655
1064.2,422.77,42.028,96.761
1065,420.51,42.028,96.762
1065.5,418.07,42.172,97.095
1066.5,416.56,42.255,97.284
1066.8,413.82,42.172,97.094
1067.5,412.32,42.299,97.386
1067.5,409.27,42.369,97.548
1068.6,407.49,42.352,97.508
1069.2,405.67,42.298,97.383
1069.2,403.03,42.116,96.965
1070.1,401.59,42.005,96.709
1069.9,398.31,42.149,97.04
1071.1,397.08,41.752,96.127
1070.8,393.9,41.801,96.239
1071.8,392.11,41.82,96.284
1072.2,389.84,41.434,95.393
1071.5,386.14,41.807,96.253
1072.9,384.2,41.717,96.046
1072.2,380.79,41.849,96.35
1073.2,379.23,41.487,95.518
1072.8,375.02,41.907,96.483
1073.7,373.41,41.848,96.348
1074,370.29,41.909,96.489
1074.7,367.72,42.206,97.172
1074.9,365.25,42.191,97.138
1075,362.56,42.222,97.209
1075,359.58,42.21,97.181
1075.4,357.27,42.094,96.914
1076.1,355.32,42.078,96.876
1076,352.69,42.266,97.31
1075.7,349.48,42.437,97.705
1076.3,347.43,42.116,96.965
1076.5,344.61,42.404,97.628
1076.3,342.37,42.165,97.077
1076.4,339.58,42.342,97.485
1075.6,336.47,42.476,97.793
1076.2,335.23,42.125,96.986
1076.4,332.57,42.194,97.144
1076.2,330.19,42.213,97.188
1075.5,327,42.492,97.831
1075.3,325.29,42.468,97.774
1075.5,323.33,42.5,97.848
1074.9,320.92,42.208,97.177
1075.4,319.34,42.074,96.869
1074.9,317,42.142,97.025
1074.7,314.47,42.343,97.488
1073.7,311.76,42.377,97.565
1074.2,310.27,42.352,97.507
1073.4,307.94,42.352,97.508
1073.1,305.6,42.53,97.919
1072.4,302.99,42.605,98.092
1072.1,300.7,42.611,98.105
1072.2,299.06,42.569,98.007
1072.2,296.99,42.473,97.786
1072.5,295.62,42.449,97.731
1072.3,293.65,42.326,97.449
1071.6,291.09,42.209,97.179
1072,290.14,42.23,97.227
1071.7,287.65,42.056,96.826
1071.4,285.47,42.299,97.386
1071.4,284.15,42.049,96.811
1071.3,282.48,42.127,96.99
1071.8,280.84,42.151,97.045
1071.7,278.61,42.253,97.28
1071.1,276.4,42.277,97.335
1071,274.18,42.395,97.607
1071.6,273.61,42.311,97.414
1071.2,270.9,42.428,97.683
1071.8,270.6,42.227,97.221
1071.2,267.76,42.337,97.473
1071.3,266.39,42.219,97.201
1071.6,264.43,42.446,97.724
1072.2,263.7,42.205,97.169
1072.3,262.09,42.27,97.319
1071.8,259.99,42.405,97.63
1072.4,259.19,42.329,97.455
1072.2,256.97,42.307,97.405
1072.3,255.4,42.475,97.792
1073,254.35,42.34,97.48
1072.6,252.46,42.417,97.658
1073.2,251.46,42.656,98.209
1073.5,249.88,42.671,98.242
1073.6,248.66,42.464,97.767
1073.7,247.42,42.283,97.348
1073.2,245.42,42.224,97.213
1073.6,244.51,41.829,96.304
1074.4,245.05,41.946,96.574
1073.9,242.92,42.478,97.798
1075,242,42.361,97.529
1075,241.05,42.502,97.853
1074.6,239.08,42.852,98.659
1074.9,237.54,43.035,99.08
1075.6,236.93,42.895,98.758
1075.1,234.91,43.027,99.062
1075.6,235.04,42.761,98.449
1075.2,234.44,43.082,99.189
1074.6,231.73,42.901,98.772
1075.3,231.15,42.363,97.533
1075.1,230.15,42.08,96.882
1075,228.89,41.899,96.466
1075,227.93,41.882,96.427
1075.1,226.75,41.531,95.618
1075.2,226.19,41.336,95.168
1075.3,224.31,41.463,95.461
1074.9,222.19,41.466,95.469
1075.2,221.29,41.306,95.099
1075.8,220.48,41.067,94.55
1076.1,219.93,40.807,93.951
1076.4,219.11,40.698,93.701
1076.8,218.07,40.996,94.387
1077.1,216.75,40.937,94.25
1077,215.15,40.931,94.236
1077.1,212.87,41.175,94.798
1077.9,211.97,41.006,94.408
1078.6,211.29,40.731,93.776
1079.2,209.81,40.77,93.865
1079.1,208.37,40.815,93.969
1079.4,206.79,40.855,94.062
1079,204.61,41.119,94.67
1079,203.08,41.215,94.891
1079.5,202.01,41.416,95.354
1079.5,201.4,41.555,95.673
1080,201.13,42.058,96.83
1079.5,200.52,42.103,96.935
1079.8,200.6,42.539,97.939
1079.4,200.36,42.503,97.857
1079.2,200.61,42.482,97.808
1079.7,200.96,42.484,97.812
1079.7,201.2,42.605,98.092
1078.8,200.6,42.625,98.138
1079.2,200.89,42.918,98.811
1079.3,200.97,42.942,98.867
1079.2,201.34,43.013,99.03
1079.1,201.72,42.999,98.999
1079.3,201.56,43.025,99.057
1079.2,201.93,43.063,99.146
1079,201.66,43.023,99.052
1079.6,202.71,42.791,98.519
1079.5,202.53,42.877,98.717
1079.7,202.67,42.965,98.919
1080.8,203.54,42.717,98.348
1081,203.62,42.782,98.499
1081.3,203.43,42.666,98.23
1082.2,203.98,42.593,98.063
1082.3,203.5,42.647,98.187
1083.3,204.04,42.675,98.253
1084.1,203.85,42.686,98.278
1084.7,204.12,42.333,97.465
1085.5,203.88,42.401,97.621
1086.6,204.41,42.137,97.013
1087.2,204.13,42.164,97.076
1088.3,204.1,42.277,97.335
1088.6,203.48,42.286,97.356
1089.5,203.3,42.385,97.584
1090.8,203.64,42.376,97.563
1091.2,203.49,42.482,97.808
1092.6,203.42,42.388,97.591
1092.9,203,42.342,97.485
1093.3,202.46,42.56,97.988
1094.2,202.28,42.631,98.151
1095.6,202.69,42.581,98.035
1095.7,202.22,42.598,98.074
1096.4,202.1,42.855,98.665
1097.4,201.74,42.998,98.996
1098.7,202.14,42.956,98.898
1099.7,202.04,42.808,98.558
1100.4,201.17,42.778,98.488
1101.2,200.96,42.91,98.792
1102.8,201.15,42.816,98.576
1103.2,200.39,42.773,98.477
1104.1,199.85,43.002,99.004
1105.5,199.92,43.026,99.059
1106.6,199.53,43.069,99.159
1107,198.2,43.43,99.989
1107.8,197.77,43.547,100.26
1109.4,198.31,43.149,99.343
1110.1,197.44,43.232,99.534
1111.8,197.58,43.15,99.345
1112,196.5,43.257,99.592
1114.1,196.74,43.166,99.381
1114.8,195.47,43.301,99.692
1116.1,195.52,43.323,99.744
1117.3,194.28,43.427,99.982
1118.2,194.19,43.042,99.098
1119.5,193.6,43.132,99.304
1121,192.52,43.095,99.22
1122.7,192.58,42.82,98.586
1124,191.9,43.03,99.07
1126.2,191.51,42.942,98.867
1127.5,190.79,43.148,99.341
1128.4,189.31,43.244,99.563
1130.4,189.26,43.012,99.028
1132,188.71,43.067,99.154
1132.9,187.28,43.082,99.188
1134.4,186.39,43.295,99.679
1136.5,186.44,43.331,99.761
1137.5,186.04,42.974,98.939
1139.5,186.31,42.764,98.456
1140.4,184.86,43.202,99.466
1143.1,185.67,42.702,98.313
1144.8,185.57,42.599,98.077
1145.5,183.53,43.096,99.221
1147.5,183.14,42.934,98.848
1149.3,183.25,42.914,98.802
1150.9,182.57,42.897,98.762
1152.3,181.42,43.015,99.035
1154.5,181.71,42.837,98.625
1155.6,180.08,43.315,99.726
1157.4,180.05,43.119,99.273
1158.9,179.24,43.202,99.464
1161.8,179.7,42.875,98.712
1162.3,177.83,43.262,99.602
1164.6,178.34,43.03,99.069
1166.7,178.65,42.555,97.975
1167.7,177.19,42.959,98.906
1169.9,177.57,42.813,98.568
1171.1,176.75,42.329,97.455
1172.3,176.01,42.881,98.725
1173.9,174.84,43.207,99.477
1175.8,174.36,43.406,99.936
1176.8,172.81,44.001,101.3
1178.4,172.52,44.042,101.4
1181.3,173.76,43.256,99.589
1183.1,174.39,42.735,98.391
1184.8,173.68,42.932,98.842
1186.2,173.74,42.558,97.983
1187.2,172.85,42.931,98.841
1188.9,172.69,43.007,99.015
1191.1,172.51,42.853,98.662
1192,172.18,42.906,98.783
1194.1,172.34,42.994,98.985
1195.7,172.52,42.763,98.454
1196.4,171.27,43.252,99.581
1198.5,172.34,42.827,98.603
1199.2,171.09,43.205,99.472
1200.6,171.46,43.276,99.635
1202.5,172.06,43.02,99.046
1204.2,172.39,43.072,99.166
1204.7,170.94,43.703,100.62
1205.9,170.98,43.726,100.67
1206.7,171.19,43.863,100.99
1208.2,171.82,43.775,100.79
1209.7,171.75,43.933,101.15
1210.7,171.5,43.871,101
1211.6,171.48,44.083,101.49
1213.7,172.57,43.547,100.26
1214.9,172.89,43.957,101.2
1215.5,172.03,43.949,101.18
1216.5,172.29,44.125,101.59
1218.2,173.53,43.424,99.975
1218.4,172.89,43.906,101.08
1220,173.62,43.673,100.55
1221.6,174.72,43.365,99.841
1222.6,174.88,43.391,99.901
1223.5,175.01,43.467,100.08
1225,175.67,43.491,100.13
1225.9,175.92,43.597,100.37
1226.9,175.89,43.823,100.9
1228.1,176.93,43.807,100.86
1229.5,177.74,43.504,100.16
1230.4,178.26,43.479,100.1
1231.5,178.65,43.45,100.04
1232.1,178.73,43.671,100.55
1233.1,179.59,43.633,100.46
1234.1,180.75,43.58,100.34
1235.8,181.4,43.715,100.65
1236.3,181.34,43.915,101.11
1237.3,182.43,43.851,100.96
1239.3,183.71,43.583,100.34
1240.2,184.83,43.445,100.02
1240.8,184.74,43.678,100.56
1242.1,185.69,43.081,99.186
1243.1,186.45,43.304,99.7
1244.4,187.37,43.551,100.27
1245.9,189.05,42.788,98.513
1246.4,190.1,42.288,97.36
1247,191.81,41.994,96.685
1248.6,192.99,41.939,96.557
1250.4,194.55,41.882,96.425
1251.4,195.35,42.71,98.332
1252.4,196.4,42.973,98.937
1253.7,197.16,43.037,99.084
1254.6,198.54,43.48,100.11
1255.8,199.32,43.647,100.49
1256.4,200.54,42.905,98.781
1258.7,203.28,42.596,98.069
1259.5,204.75,42.692,98.292
1261.6,206.42,42.867,98.694
1262.3,207.81,42.726,98.369
1263.9,209.68,42.811,98.566
1264.4,211.32,42.919,98.812
1266.4,213.71,43.024,99.056
1267.8,215.35,43.314,99.723
1269,216.4,43.656,100.51
1270.2,218.49,43.799,100.84
1272,220.22,43.97,101.23
1272.7,221.98,43.809,100.86
1275.1,224.89,43.912,101.1
1276.1,226.83,43.973,101.24
1277.6,228.58,44.035,101.38
1279.4,231.25,44.157,101.66
1280.9,232.23,44.333,102.07
1282.8,235.49,44.135,101.61
1284.7,237.3,44.364,102.14
1286.2,239.24,44.368,102.15
1287.9,241.2,44.476,102.4
1288.9,242.43,44.732,102.99
1291.2,244.91,44.585,102.65
1293.4,247.76,44.13,101.6
1295.1,250.38,44.089,101.51
1297,252.96,44.111,101.56
1298.9,255.39,43.969,101.23
1301,257.54,43.772,100.78
1302.8,260.26,43.882,101.03
1304.6,261.8,43.991,101.28
1306.5,263.91,44.328,102.06
1309,266.98,44.132,101.61
1310.6,268.79,44.368,102.15
1312.3,271.64,44.368,102.15
1314.3,273.9,44.56,102.59
1316.8,276.56,44.377,102.17
1318.1,278.75,44.73,102.98
1319.9,280.88,44.787,103.11
1322.1,283.45,44.862,103.29
1324.3,286.25,44.937,103.46
1326.8,289.6,44.943,103.47
1329.1,292.37,44.82,103.19
1330.8,294.47,44.981,103.56
1333,296.61,45.042,103.7
1335.2,299.52,45.456,104.65
1338.8,303.78,45.294,104.28
1339.9,305.46,45.502,104.76
1342.5,309.09,45.453,104.65
1345.3,311.79,45.668,105.14
1348.2,314.53,45.622,105.04
1350.2,317,45.702,105.22
1355.1,321.38,45.502,104.76
1358.3,325.47,45.452,104.65
1358.6,328.11,45.281,104.25
1361.1,331.5,44.758,103.05
1365.1,335.84,44.741,103.01
1368.5,339.86,44.833,103.22
1369,342.59,44.588,102.66
1372.8,346.34,44.585,102.65
1375.5,350.51,44.461,102.36
1378.1,354.87,44.473,102.39
1381.1,359.12,44.853,103.27
1384.1,363.14,45.127,103.9
1387,366.83,45.518,104.8
1389.9,370.14,45.874,105.62
1391.5,372.46,45.911,105.7
1394.7,376.33,45.931,105.75
1397.1,379.71,45.895,105.67
1401,383.85,45.785,105.41
1404.3,387.94,45.821,105.5
1406.4,391.33,45.805,105.46
1409.4,394.48,45.85,105.56
1412.3,397.84,45.944,105.78
1415.9,401.92,45.901,105.68
1417.9,405.01,45.642,105.08
1421.4,408.93,45.527,104.82
1424.3,412.25,45.676,105.16
1427.2,416,45.76,105.35
1430.2,419.27,46.007,105.92
1433.7,423.1,45.908,105.7
1435.9,425.87,46.09,106.11
1439.3,429.87,45.871,105.61
1442.1,433.06,45.857,105.58
1445.1,436.07,46.031,105.98
1448.3,439.95,46.113,106.17
1450.9,442.93,46.314,106.63
1454.2,446.66,46.647,107.4
