1689,303,29,39
1689,303.07,28.904,38.872
1689,303.19,28.73,38.637
1688.9,303.53,27.924,37.554
1688.8,303.39,27.671,37.213
1689.5,303.35,27.809,37.398
1689.6,303.18,27.964,37.606
1689.3,303.51,27.731,37.294
1689.9,303.48,27.676,37.22
1690.2,303.83,27.591,37.104
1689.8,303.21,27.649,37.183
1690,303.9,27.652,37.187
1689.9,303.59,28.182,37.9
1690,303.82,28.083,37.767
1690.2,303.58,27.913,37.538
1689.8,303.01,27.902,37.524
1689.8,303.43,27.724,37.284
1690.3,303.68,27.713,37.269
1690.2,303.6,28.159,37.869
1690.4,303.8,27.65,37.185
1690.5,303.75,27.616,37.139
1690.7,303.82,27.751,37.32
1690.4,303.65,28.134,37.836
1690.3,303.51,28.345,38.119
1689.8,303.39,27.796,37.381
1690.3,303.96,27.908,37.531
1690,303.15,27.888,37.505
1689.9,303.05,27.98,37.628
1689.9,303.08,27.958,37.598
1690,302.96,27.99,37.642
1689.8,302.88,28.05,37.722
1690.3,303.69,27.932,37.564
1690.1,303.12,28.017,37.678
1689.9,303.28,27.902,37.523
1690,303.23,27.707,37.261
1690.2,303.85,27.697,37.248
1690.2,303.61,28.115,37.81
1690.3,303.7,27.834,37.432
1689.8,303.35,27.697,37.247
1690,303.72,27.681,37.226
1690.1,303.8,27.654,37.189
1689.9,303.56,27.903,37.524
1689.8,303.46,27.37,36.808
1689.9,303.86,27.391,36.836
1690.1,303.38,27.534,37.028
1689.7,303.19,27.39,36.835
1689.9,303.52,27.543,37.041
1689.6,303.04,27.542,37.04
1689.8,303.16,26.988,36.294
1689.6,302.99,27.747,37.315
1689.4,302.94,27.961,37.602
1689.5,302.8,27.6,37.117
1689.4,302.89,27.693,37.242
1689.4,302.86,28.264,38.011
1689.5,302.81,27.61,37.131
1689.4,302.88,27.409,36.86
1689.6,303.23,27.609,37.129
1689.4,302.71,27.486,36.964
1689.3,302.79,27.3,36.713
1689.6,303.26,27.3,36.714
1689.6,303.08,27.434,36.894
1689.2,302.61,27.37,36.808
1689.6,303.01,27.249,36.646
1689.6,303.12,27.407,36.857
1689.6,302.92,27.381,36.823
1689.5,303.13,27.294,36.706
1689.7,302.89,27.203,36.584
1689.2,303,27.131,36.486
1689.1,302.8,27.237,36.629
1689.5,303.12,27.339,36.766
1689.9,302.85,27.358,36.792
1689.9,302.93,27.393,36.839
1690,302.75,27.381,36.823
1689.8,302.87,27.528,37.02
1689.6,302.66,27.367,36.804
1689.8,302.88,27.444,36.907
1689.9,302.95,27.214,36.598
1689.9,302.84,27.528,37.02
1689.7,302.45,27.634,37.163
1690,302.77,27.661,37.199
1690.2,302.63,27.734,37.298
1690.3,302.74,27.8,37.386
1690.6,302.49,27.75,37.319
1690.5,302.71,27.664,37.203
1690.6,302.42,27.833,37.431
1690.2,302.33,27.666,37.206
1690.6,302.85,27.639,37.17
1690.8,302.77,27.763,37.337
1690.4,302.55,28.258,38.003
1690.4,302.57,27.651,37.186
1690.8,302.8,27.713,37.269
1690.6,302.52,28.285,38.038
1690.7,302.81,27.49,36.969
1690.7,302.62,27.395,36.842
1691,302.9,27.365,36.801
1690.7,303.06,27.475,36.949
1690.6,302.89,27.265,36.667
1690.7,303.02,27.701,37.253
1690.7,302.71,28.07,37.75
1690.7,302.51,28.334,38.105
1690.6,302.36,27.633,37.161
1690.9,302.67,27.726,37.287
1690.5,302.58,28.167,37.88
1690.9,302.43,28.144,37.849
1690.5,302.38,28.53,38.368
1690.8,302.45,28.402,38.196
1690.5,302.01,28.156,37.865
1690.7,302.51,27.865,37.473
1690.8,302.45,27.602,37.12
1690.7,302.72,27.309,36.726
1691.3,303.12,27.156,36.52
1690.9,302.46,27.139,36.497
1690.9,302.59,26.913,36.193
1691.1,303.08,27.054,36.383
1690.7,302.82,27.012,36.327
1690.8,302.87,26.787,36.024
1691.2,302.99,26.575,35.738
1691.3,303.03,27.017,36.333
1691,303.17,26.831,36.083
1691.4,303.2,27.068,36.402
1691,302.89,26.855,36.116
1691.3,302.92,27.037,36.36
1690.9,302.67,26.961,36.259
1691.1,303.02,27.217,36.602
1691,303.03,27.307,36.723
1691.1,302.93,27.344,36.773
1690.8,302.77,27.93,37.561
1690.5,302.52,27.61,37.131
1690.5,302.17,27.52,37.01
1690.6,302.81,27.338,36.765
1691,302.66,27.496,36.978
1690.6,303.03,27.311,36.729
1691,302.88,27.386,36.83
1690.6,303.02,27.844,37.445
1690.4,302.61,27.644,37.176
1690.5,302.73,28.129,37.829
1690.3,302.57,28.377,38.162
1690.3,302.46,27.88,37.494
1690.5,302.47,27.569,37.075
1690.4,302.39,27.489,36.968
1690.5,302.45,27.39,36.835
1690.7,302.82,27.338,36.764
1690.9,302.84,27.535,37.03
1690.6,302.44,27.462,36.932
1690.4,302.5,27.295,36.707
1690.9,302.76,27.464,36.935
1690.5,302.7,27.334,36.76
1691.1,302.83,27.415,36.868
1690.7,302.39,27.315,36.734
1690.8,302.87,27.736,37.3
1690.9,302.62,28.122,37.819
1690.9,302.78,27.743,37.309
1691,302.64,28.174,37.889
1690.8,302.87,28.26,38.005
1690.6,302.27,27.888,37.505
1690.7,302.46,27.44,36.901
1690.8,302.39,27.234,36.625
1691,302.47,27.422,36.878
1690.8,302.59,27.2,36.579
1690.8,302.53,27.139,36.498
1690.8,302.6,27.077,36.414
1690.9,302.59,27.014,36.329
1690.9,302.43,27.034,36.356
1691,302.51,26.963,36.26
1691.2,302.96,27.582,37.093
1690.7,302.21,27.878,37.491
1690.7,302.14,27.761,37.333
1691.1,302.14,28.014,37.675
1690.7,302.31,28.064,37.741
1690.9,302.35,28.49,38.314
1691.1,302.25,28.652,38.532
1691,301.8,28.347,38.121
1690.7,302.13,28.132,37.833
1691.2,302.51,28.155,37.864
1691,302.42,28.615,38.482
1691,302.34,28.407,38.202
1690.8,301.8,28.214,37.942
1691.2,302.16,28.1,37.789
1691.3,302.36,27.987,37.638
1691,301.77,27.961,37.603
1690.9,302.17,28.066,37.744
1691.1,302.44,28.369,38.152
1690.7,301.83,28.335,38.106
1690.8,301.7,28.168,37.881
1691.1,302,28.164,37.876
1691.1,301.89,28.276,38.027
1690.8,301.61,28.252,37.994
1690.8,301.69,28.242,37.98
1690.6,301.96,28.234,37.97
1690.8,301.47,28.324,38.09
1691.1,301.37,27.94,37.575
1691.3,301.41,27.823,37.417
1691.2,301.57,27.657,37.194
1691.4,301.44,28.357,38.136
1691.1,300.96,28.055,37.729
1691.5,301.63,28.021,37.683
1691.2,301.25,27.743,37.309
1691.7,301.67,27.649,37.183
1691.9,301.55,27.88,37.494
1691.1,301.38,27.846,37.448
1691.5,301.09,27.71,37.265
1691.6,301.6,27.709,37.264
1691.5,301.5,28.413,38.21
1691.1,300.96,28.023,37.687
1691.2,300.8,27.892,37.51
1691.3,300.94,27.816,37.408
1691.6,301.64,27.835,37.433
1691.2,301.25,27.787,37.369
1691.5,301.6,27.785,37.366
1691.4,301.63,28.112,37.805
1691.3,301.39,28.109,37.802
1691.3,301.74,28.239,37.977
1691,301.17,27.995,37.648
1690.9,301.02,27.963,37.606
1690.8,301.5,27.966,37.609
1691,301.41,27.813,37.403
1691.3,301.78,27.762,37.335
1691.4,301.75,27.77,37.346
1691.4,301.69,27.745,37.312
1691.2,301.69,28.247,37.987
1690.8,301.42,28.127,37.826
1691,302,28.345,38.119
1690.7,301.51,28.239,37.977
1690.6,301.63,27.935,37.568
1690.7,301.64,27.856,37.461
1690.7,301.55,27.632,37.16
1690.8,301.88,28.11,37.804
1690.8,301.76,28.287,38.042
1690.4,301.79,27.959,37.6
1690.5,301.8,27.518,37.007
1690.5,302.36,27.499,36.981
1690.8,302.21,27.138,36.496
1690.7,302.29,26.892,36.166
1690.9,302.07,27.558,37.061
1690.5,302.24,27.409,36.86
1690.9,302.01,27.789,37.371
1690.9,302.64,27.807,37.395
1690.7,302.36,28.013,37.673
1690.3,302.24,27.804,37.391
1690.6,302.37,27.911,37.536
1690.4,302.09,27.808,37.397
1690.8,302.28,27.995,37.649
1690.4,302.15,27.786,37.368
1690.5,302.57,28.098,37.787
1690.6,302.57,28.552,38.397
1690.3,302.27,28.973,38.963
1690.2,302.35,28.955,38.94
1690.4,302.2,28.837,38.781
1690.3,302.13,28.063,37.74
1690.7,302.47,28.239,37.977
1690.5,302.09,27.87,37.481
1690.5,302.13,27.804,37.392
1690.8,302.22,27.939,37.573
1690.5,302.07,27.883,37.498
1690.5,301.88,27.69,37.238
1691.1,302.13,27.913,37.538
1690.8,301.62,27.747,37.315
1690.8,302.19,28.029,37.694
1690.9,302.3,28.296,38.054
1690.7,301.67,27.645,37.178
1690.7,301.88,28.202,37.927
1690.6,301.7,28.466,38.281
1690.6,301.31,28.643,38.52
1690.4,301.14,28.216,37.945
1690.5,301.86,28.619,38.487
1690.7,301.24,28.869,38.824
1690.9,301.46,28.877,38.835
1691.1,301.25,28.795,38.725
1690.6,300.98,28.55,38.395
1691.2,301.08,28.432,38.237
1690.8,300.6,28.382,38.168
1690.9,300.58,28.071,37.751
1691.3,301.2,28.042,37.712
1691.3,300.38,28.548,38.393
1691.2,301.17,28.486,38.309
1691.2,300.32,28.599,38.461
1691.1,301.02,28.551,38.396
1691.1,301.15,28.502,38.331
1691.2,300.97,28.412,38.209
1691,300.29,28.07,37.75
1691.4,300.88,28.428,38.231
1691.1,300.52,28.105,37.797
1691.5,300.56,28.496,38.322
1691.3,300.32,28.85,38.799
1691.4,300.03,29.094,39.127
1691.2,300.13,28.482,38.304
1691.8,300.33,28.408,38.204
1691.3,300.02,28.426,38.229
1691.3,299.93,28.36,38.139
1691.4,300.48,27.942,37.577
1691.6,300.33,27.62,37.144
1691.9,300.38,27.911,37.536
1691.6,300.19,28.037,37.705
1692.1,300.49,28.052,37.725
1691.8,300.5,28.363,38.143
1691.5,300.01,28.333,38.103
1691.5,299.88,28.227,37.961
1691.9,300.36,28.238,37.975
1691.9,300.02,28.204,37.93
1692.1,300.54,28.054,37.727
1692.2,300.84,28.423,38.223
1691.9,300.07,28.19,37.911
1692.2,300.52,28.43,38.233
1691.6,300.2,28.705,38.603
1691.8,299.98,28.342,38.115
1691.7,300.09,28.248,37.989
1691.7,299.94,28.137,37.84
1692.3,300.66,27.919,37.547
1691.8,300.37,27.854,37.459
1691.9,300.49,27.728,37.289
1692.1,300.6,28.264,38.01
1691.8,300.56,28.105,37.796
1692,301.01,28.286,38.039
1691.7,300.5,28.036,37.704
1692,300.94,28.271,38.019
1691.7,300.43,28.089,37.775
1692,300.52,28.274,38.024
1691.4,300.73,28.471,38.288
1691.7,300.96,28.592,38.451
1691.8,300.87,28.672,38.559
1691.2,300.63,28.751,38.665
1691.5,300.09,28.345,38.119
1691.3,300.5,28.477,38.296
1691.9,300.68,28.525,38.362
1691.7,300.76,28.772,38.694
1691.5,300.1,28.445,38.253
1691.8,300.71,28.586,38.443
1691.6,300.82,28.767,38.687
1691.3,300.44,28.874,38.83
1691.6,300.73,28.998,38.998
1691.9,300.34,28.834,38.777
1691.5,300.1,28.632,38.505
1691.6,300.64,28.746,38.659
1691.2,300.52,28.748,38.662
1691.3,300.18,28.811,38.746
1691.3,300.28,28.502,38.33
1691.6,300.78,28.69,38.584
1691.3,300.34,28.447,38.257
1691.7,300.71,28.605,38.468
1691.7,300.41,28.727,38.633
1691.4,300.32,28.451,38.261
1691.6,301.01,28.518,38.351
1691.3,301.12,28.9,38.865
1691.5,301.12,28.807,38.741
1691.2,300.61,28.547,38.391
1691.6,301.14,28.593,38.452
1691.5,301.36,28.924,38.898
1691.8,300.92,28.646,38.524
1691.2,300.85,28.685,38.576
1691.4,300.39,28.627,38.499
1691.5,301.02,28.583,38.439
1691.5,301.17,28.706,38.605
1691.2,300.6,28.738,38.647
1691,300.71,28.511,38.342
1691.5,301.18,28.529,38.366
1691.2,301.32,28.69,38.583
1691.1,301.12,28.333,38.103
1691,301.32,28.027,37.691
1691.2,301.5,28.654,38.535
1690.9,301.11,28.321,38.087
1691,301.26,27.99,37.642
1690.8,301.29,27.933,37.566
1690.8,301.6,27.833,37.43
1690.8,301.66,27.762,37.335
1691,301.79,28.371,38.154
1691,301.41,28.133,37.834
1691.2,301.85,28.24,37.978
1690.9,301.52,28.01,37.669
1690.9,301.62,27.722,37.281
1691,301.74,28.34,38.113
1691,301.44,28.048,37.72
1691.2,301.74,28.111,37.805
1691.4,302.1,28.055,37.73
1691.3,302.43,28.113,37.807
1691.6,302.52,28.421,38.221
1691.5,302.18,27.825,37.42
1691.6,302.65,27.451,36.917
1691.5,302.53,27.356,36.789
1691.7,302.63,27.85,37.454
1691.5,302.39,27.551,37.051
1691.6,302.27,27.457,36.925
1691.9,302.37,26.935,36.223
1692,302.38,27.449,36.914
1691.7,302.05,26.962,36.259
1692,302.85,26.978,36.281
1692,302.3,26.985,36.29
1691.9,302.57,27.114,36.464
1691.5,302.39,26.845,36.102
1691.8,302.54,27.167,36.535
1691.3,302.1,27.111,36.46
1691.2,302.21,27.282,36.689
1691.5,302.33,27.393,36.839
1691.5,302.57,27.497,36.978
1691.1,301.95,27.356,36.79
1691.6,302.62,27.473,36.947
1691.3,301.72,27.248,36.644
1691.6,302.39,27.534,37.028
1691,301.93,27.557,37.059
1690.9,301.88,27.85,37.453
1690.9,301.79,27.883,37.498
1691.1,301.76,27.562,37.066
1691.1,301.56,27.505,36.99
1691.1,301.46,27.459,36.927
1691,301.82,27.444,36.907
1691,301.79,27.549,37.049
1690.9,301.75,27.538,37.033
1691.2,301.58,27.488,36.967
1691.1,301.75,27.45,36.915
1691.2,301.21,27.407,36.858
1691.8,301.56,27.65,37.185
1691.7,301.48,27.898,37.518
1691.6,301.16,27.739,37.305
1691.9,301.13,28.021,37.684
1691.6,301.41,27.627,37.153
1692,301.33,27.87,37.481
1691.6,301.66,27.598,37.115
1691.7,301.47,27.433,36.892
1691.7,301.15,27.401,36.85
1692,301.17,27.739,37.304
1692.1,301.31,27.977,37.625
1691.5,300.79,28.158,37.868
1691.9,301,28.132,37.833
1691.8,300.96,28.134,37.835
1691.5,301.52,28.553,38.399
1691.6,301.23,28.534,38.373
1691.6,301.4,28.398,38.191
1691.3,300.97,27.94,37.575
1691.3,301.07,27.926,37.556
1691.1,300.81,27.972,37.617
1691,300.59,27.626,37.152
1691.3,300.86,27.9,37.521
1691,300.77,28.022,37.684
1690.9,300.81,27.957,37.597
1691,300.56,27.622,37.147
1691.5,300.89,27.828,37.424
1691.1,300.74,27.562,37.066
1690.9,301,27.462,36.932
1690.8,301.22,27.295,36.707
1691,301.26,27.872,37.482
1690.8,300.86,27.985,37.635
1690.7,300.6,27.77,37.346
1691,301.16,27.966,37.61
1690.5,300.68,28.13,37.83
1690.8,301.32,28.529,38.367
1690.6,301.22,28.796,38.725
1690.3,301.05,28.615,38.482
1690.6,301.54,28.805,38.738
1690.4,300.81,28.652,38.532
1690.4,300.89,28.602,38.465
1690.9,301.1,28.574,38.427
1690.9,301.18,28.503,38.331
1691,301.16,28.295,38.052
1690.5,300.7,28.165,37.877
1691.1,301.1,28.15,37.857
1691.1,301.17,28.048,37.72
1690.9,301.51,28.398,38.19
1690.5,300.93,27.911,37.535
1690.6,301.01,27.988,37.639
1690.5,300.74,28.069,37.748
1691.3,301.57,27.914,37.539
1690.7,301.2,27.94,37.574
1690.9,301.39,27.892,37.509
1690.9,300.8,27.856,37.461
1690.8,301.12,27.863,37.47
1691.2,301.27,27.643,37.175
1691.7,301.56,27.778,37.356
1691.9,301.68,27.818,37.41
1691.7,301.58,27.995,37.648
1691.6,301.64,27.734,37.298
1691.9,301.67,28.224,37.957
1691.9,301.75,28.46,38.274
1692,301.81,28.498,38.325
1692,301.91,28.513,38.345
1692,301.9,28.54,38.381
1692.1,301.85,28.475,38.294
1692.1,301.87,28.427,38.23
1691.9,301.5,27.988,37.639
1691.8,301.71,28.053,37.726
1692.4,301.67,28.175,37.891
1692.3,302.59,28.102,37.793
1692.3,301.88,28.408,38.204
1692.2,301.57,28.019,37.681
1692.4,301.72,27.618,37.141
1692.5,302.14,28.149,37.856
1692.7,301.72,28.267,38.014
1692.5,301.8,27.869,37.479
1692.7,301.85,27.405,36.855
1692.7,302.16,27.954,37.593
1692.7,301.68,27.831,37.429
1692.7,301.7,27.971,37.617
1692.5,301.64,28.1,37.789
1693.1,301.78,28.067,37.745
1693.3,301.86,28.047,37.719
1693,301.79,28.186,37.905
1693.1,302.41,28.146,37.852
1693,302.52,28.348,38.124
1692.7,301.73,28.199,37.923
1693.2,302.04,28.097,37.786
1693.2,301.76,28.072,37.753
1693,301.87,28.032,37.698
1693.4,301.54,27.93,37.56
1693,301.09,27.897,37.516
1692.8,301.28,27.426,36.884
1693,301.73,27.009,36.323
1693,301.58,26.883,36.153
1693.1,301.7,27.314,36.733
1693.3,301.88,27.481,36.957
1692.9,301.58,27.125,36.479
1693,301.67,26.982,36.287
1693,301.66,27.444,36.908
1692.5,301.61,27.1,36.445
1692.7,301.66,27.098,36.442
1692.6,301.53,27.093,36.436
1692.5,301.43,27.231,36.621
1692.8,301.98,27.344,36.773
1692.7,301.66,27.472,36.945
1692,301.14,27.663,37.202
1692.4,301.62,27.799,37.385
1692.5,301.3,27.926,37.555
1691.8,300.92,28.02,37.682
1691.8,300.76,27.8,37.387
1692.1,301.3,27.935,37.567
1691.7,300.76,27.761,37.334
1692,300.89,28.1,37.789
1692,300.93,28.144,37.848
1692.2,300.67,27.826,37.421
1691.7,300.65,27.281,36.689
1692.3,300.85,27.326,36.749
1691.8,300.86,27.784,37.365
1691.8,301.04,28.113,37.807
1691.6,300.96,28.339,38.111
1691.2,301.05,28.052,37.725
1691.5,300.98,28.332,38.102
1691.3,300.65,28.076,37.757
1691.4,300.76,28.405,38.2
1691.3,300.79,27.76,37.333
1691.3,300.86,27.989,37.64
1691.2,300.34,27.774,37.351
1691.4,301.01,27.935,37.567
1691.1,300.71,27.772,37.349
1691.3,300.98,27.905,37.528
1691.4,300.57,27.519,37.008
1691.4,300.53,27.371,36.809
1691.6,301.16,27.256,36.655
1691.8,300.97,27.259,36.659
1691.7,300.84,27.357,36.79
1691.6,300.92,27.779,37.359
1691.7,300.73,27.81,37.4
1691.5,300.85,27.957,37.597
1691.4,300.38,27.708,37.263
1691.9,300.86,27.555,37.056
1691.1,300.83,27.772,37.348
1691.7,300.84,27.752,37.322
1691.6,300.67,28.253,37.996
1691.5,300.28,27.79,37.372
1691.8,300.44,27.747,37.316
1692.1,300.66,27.621,37.146
1693.1,300.67,28.085,37.769
1693.4,300.97,28.102,37.793
1693.3,300.8,28.095,37.783
1693.2,300.71,28.168,37.881
1693.2,300.64,28.262,38.008
1692.9,300.23,27.87,37.48
1692.7,300.5,27.736,37.301
1693.3,300.72,27.763,37.336
1693.5,300.72,27.78,37.359
1693.3,300.71,28.017,37.679
1692.8,300.6,28.128,37.827
1693.1,301.04,28.069,37.747
1693.3,301.01,28.122,37.82
1693.3,301.19,27.977,37.625
1692.8,300.8,27.983,37.632
1692.9,300.24,27.823,37.418
1692.8,300.32,27.673,37.216
1693.3,301.26,27.727,37.289
1693.3,301.06,27.831,37.428
1693.2,300.5,27.66,37.198
1693.4,301.23,27.69,37.238
1693.4,301.7,27.755,37.325
1693.2,302,28.046,37.718
1693.4,301.42,28.403,38.197
1693,301.69,27.847,37.449
1693,301.59,27.67,37.212
1693.2,302.42,28.003,37.66
1692.9,301.43,27.852,37.456
1692.8,301.83,27.972,37.617
1692.8,301.21,27.914,37.539
1693,301.25,27.776,37.354
1693.5,302,27.891,37.508
1693.3,301.78,27.608,37.128
1693.4,301.64,27.409,36.861
1693.7,302.02,27.882,37.497
1693.5,301.73,27.498,36.98
1693.6,302.01,27.072,36.408
1693.7,302.3,26.839,36.094
1694.1,301.58,27.244,36.639
1694.1,301.94,27.11,36.458
1693.6,301.73,26.934,36.221
1693.9,301.72,27.243,36.637
1693.9,302.23,27.192,36.569
1693.6,301.61,26.865,36.129
1694,302.13,26.889,36.161
1694,302.13,26.879,36.148
1693.7,302.15,27.333,36.758
1693.7,302.3,27.497,36.979
1693.3,301.74,27.279,36.686
1693.7,302.2,27.034,36.356
1693.4,301.87,26.899,36.175
1693.5,301.89,27.09,36.431
1693.3,301.77,27.125,36.478
1692.9,301.45,27.245,36.64
1693.2,301.72,27.351,36.783
1693.2,301.81,27.292,36.703
1693.1,301.8,27.361,36.796
1692.9,301.9,27.391,36.836
1693,301.34,27.446,36.91
1692.5,301.33,27.175,36.546
1692.6,301.34,27.063,36.396
1692.7,301.37,26.771,36.002
1692.7,301.46,26.634,35.818
1692.4,301.12,26.726,35.942
1692.5,301.39,26.739,35.959
1692.4,301.47,26.656,35.847
1692.2,301.46,26.713,35.924
1692.1,301.71,26.682,35.883
1692.2,302.11,26.51,35.651
1692.4,301.97,26.953,36.247
1692.5,301.95,27.001,36.312
1692,301.51,27.074,36.409
1692,301.46,27.104,36.45
1692.1,301.56,26.986,36.292
1692.5,302.08,26.991,36.298
1692.4,301.89,27.01,36.324
1692.2,301.68,26.837,36.091
1692.6,301.83,26.946,36.237
1692.8,302.01,26.935,36.222
1692.7,301.94,27.033,36.355
1692.5,301.78,26.786,36.023
1692.1,301.73,26.789,36.027
1692.1,302.19,26.438,35.554
1692.8,302.39,26.704,35.912
1692.5,301.83,26.785,36.021
1692.2,301.68,26.833,36.086
1692.5,302.33,26.864,36.127
1692.5,302.34,26.962,36.259
1692.8,302.37,26.831,36.083
1692.8,302.39,27.187,36.562
1692.3,301.71,27.056,36.386
1692.4,301.63,26.876,36.143
1692.7,302.4,26.835,36.088
1693.1,302.52,26.743,35.965
1692.5,302.31,26.715,35.927
1692.7,301.94,26.71,35.921
1692.4,302,26.643,35.83
1692.5,302.02,26.493,35.628
1692.9,302.65,26.778,36.012
1692.6,302.25,26.686,35.889
1692.6,302.53,26.584,35.751
1692.8,302.73,26.421,35.532
1693.1,302.66,26.612,35.788
1692.9,302.57,26.467,35.594
1692.9,302.74,27.19,36.565
1692.7,302.47,27.18,36.553
1692.7,302.42,27.052,36.381
1693.2,302.53,26.604,35.778
1693,302.53,26.389,35.489
1693.5,302.89,26.769,36
1693.3,302.57,26.328,35.407
1693.3,302.47,26.409,35.515
1693.5,302.64,26.762,35.99
1693.2,302.45,26.376,35.471
1693.4,302.92,26.016,34.988
1693.6,302.82,26.465,35.592
1693.5,302.46,26.843,36.099
1693.4,302.76,27.006,36.318
1693.5,302.53,26.696,35.901
1693.4,302.52,26.632,35.816
1693.6,302.44,26.539,35.69
1693.7,302.61,26.769,35.999
1693.7,302.34,26.648,35.836
1693.6,302.35,26.505,35.645
1694,302.73,26.414,35.522
1694.1,302.74,26.497,35.634
1694.3,302.44,26.418,35.528
1694,302.59,26.749,35.973
1693.8,301.79,26.717,35.93
1693.9,301.74,26.743,35.965
1693.9,301.72,26.646,35.834
1693.9,301.84,26.57,35.732
1694.3,302.1,26.742,35.964
1694,301.78,26.567,35.728
1694.2,301.9,26.786,36.022
1694,301.84,26.633,35.817
1694,301.75,26.344,35.428
1694.1,301.81,26.08,35.073
1694.3,301.8,26.57,35.732
1694.1,301.83,26.878,36.146
1694.2,301.3,27.164,36.531
1694.1,300.98,26.92,36.203
1694.4,301.31,27.093,36.435
1694.2,300.85,26.901,36.177
1694.3,301.49,27.066,36.399
1694.4,301.37,26.742,35.963
1694.4,301.75,26.267,35.324
1694.5,301.41,26.255,35.309
1694.4,301.5,26.275,35.335
1694.6,301.65,26.192,35.223
1694.4,301.57,26.239,35.287
1694.5,301.65,26.264,35.32
1694.5,301.93,25.974,34.93
1694.9,301.79,26.204,35.24
1694.7,301.6,26.182,35.21
1694.5,301.43,26.18,35.208
1694.4,301.5,26.211,35.249
1694.4,301.39,26.216,35.256
1694.6,301.81,25.822,34.725
1694.4,301.14,26.185,35.215
1694.5,301.18,26.165,35.188
1694.7,301.36,26.318,35.393
1694.4,301.63,25.975,34.932
1694.8,301.73,26.098,35.098
1694.6,301.98,26.512,35.654
1694.5,301.54,26.612,35.788
1694,301.23,26.423,35.534
1694.5,301.69,26.781,36.016
1694.2,301.5,26.385,35.484
1694.3,301.53,26.902,36.179
1694.1,301.3,27.268,36.67
1693.9,301.36,27.502,36.985
1693.9,300.98,26.999,36.309
1693.8,301.24,26.536,35.686
1694.2,301.33,26.747,35.97
1693.8,300.98,26.632,35.816
1693.7,301.09,26.523,35.669
1694.1,301.51,26.445,35.564
1694.1,301.65,26.592,35.761
1693.8,301.37,26.469,35.596
1694,301.84,26.529,35.676
1694.1,301.89,26.62,35.8
1693.5,301.56,26.689,35.893
1693.4,301.42,26.644,35.832
1693.5,301.56,26.573,35.736
1693.8,301.81,26.713,35.924
1693.4,301.45,26.562,35.721
1693.9,301.98,26.565,35.725
1693.9,301.74,26.688,35.89
1693.4,301.43,26.728,35.945
1693.2,301.32,26.697,35.903
1693.2,301.46,26.842,36.097
1693.7,301.88,26.88,36.149
1693.7,301.95,26.938,36.227
1693.7,301.82,26.933,36.221
1693.9,301.95,26.963,36.261
1693.8,301.98,26.893,36.166
1693.7,301.76,27.01,36.324
1693.3,301.38,26.976,36.279
1693.5,301.64,27.023,36.341
1693.4,301.47,26.618,35.796
1693.3,301.28,26.578,35.743
1693.5,301.6,26.746,35.968
1693.2,301.29,26.623,35.803
1693.2,301.29,26.628,35.81
1693.1,301.46,26.341,35.424
1693.3,301.46,26.06,35.046
1693.6,301.68,26.205,35.242
1693.4,301.66,25.898,34.829
1693.3,301.38,25.92,34.858
1693,301.57,25.894,34.823
1693,301.6,25.995,34.959
1693.2,302.12,26.109,35.112
1693.4,301.76,26.58,35.745
1693.1,301.61,27.064,36.396
1693.1,301.51,26.551,35.706
1693.1,301.69,27.011,36.326
1693.1,301.51,26.38,35.477
1693.1,301.8,26.395,35.496
1693.3,301.67,26.791,36.03
1692.8,301.56,26.767,35.997
1692.8,301.51,26.785,36.021
1693,301.61,26.502,35.64
1693.1,301.87,26.945,36.236
1692.9,301.39,27.216,36.6
1693,301.51,27.429,36.888
1692.7,301.25,26.905,36.183
1692.9,301.45,27.3,36.714
1693,301.72,26.904,36.181
1693.1,301.56,26.557,35.715
1692.8,301.56,26.71,35.921
1692.3,301.48,26.673,35.871
1692.1,301.46,26.85,36.108
1692.6,302.15,26.956,36.252
1692.6,301.91,26.949,36.242
1692.3,302.33,27.179,36.551
1692,301.93,27.091,36.433
1692.1,302.06,26.629,35.812
1692.2,302.23,26.493,35.628
1692.3,302.35,26.733,35.951
1691.7,301.81,26.557,35.715
1692.2,302.65,26.448,35.567
1692.2,302.45,26.733,35.951
1691.7,301.99,26.623,35.803
1691.7,302,26.53,35.678
1691.9,302.42,26.43,35.543
1692.3,302.57,26.426,35.539
1692.2,302.62,26.361,35.451
1691.7,302.08,26.414,35.522
1692,302.58,26.379,35.475
1691.7,302.09,26.388,35.487
1691.9,302.37,26.451,35.572
1692.1,302.58,26.55,35.705
1691.9,302.17,26.579,35.744
1691.9,302.07,26.703,35.91
1691.5,301.49,26.591,35.76
1691.5,301.74,26.63,35.813
1691.3,301.72,26.684,35.885
1691.3,301.72,26.674,35.871
1691.3,301.54,26.798,36.038
1691.8,301.86,26.787,36.025
1691.5,301.36,26.622,35.802
1691.4,301.34,26.487,35.62
1691.7,301.88,26.716,35.928
1691.3,301.45,26.905,36.182
1691.3,301.66,27.102,36.447
1691.2,301.84,27.075,36.411
1690.9,301.6,26.969,36.268
1691.4,302.08,27.039,36.363
1691,301.72,27.093,36.435
1691,301.36,27.171,36.541
1690.9,301.5,27.352,36.784
1691.3,302.01,27.336,36.762
1691.4,301.4,27.343,36.772
1691.4,301.75,27.446,36.91
1690.8,301.32,27.572,37.079
1690.8,301.53,27.278,36.684
1691.1,301.67,27.412,36.865
1690.9,301.38,27.242,36.635
1691.1,301.59,27.471,36.943
1690.8,301.36,27.271,36.674
1691.1,301.68,27.504,36.988
1690.8,301.02,27.43,36.888
1690.9,301,26.986,36.291
1691.3,301.46,27.278,36.684
1691.3,301.09,27.538,37.033
1690.9,301.08,27.367,36.803
1691.6,301.22,27.079,36.417
1691.2,300.93,27.033,36.355
1691.4,301.12,26.894,36.167
1691.8,301.2,26.997,36.306
1691.8,301.2,27.039,36.362
1691.4,300.86,26.933,36.22
1691.9,301.31,26.95,36.244
1692,300.86,27.243,36.637
1691.9,300.6,27.394,36.84
1691.7,300.8,27.864,37.472
1691.6,300.53,27.722,37.281
1692.1,300.78,27.746,37.314
1691.9,300.84,28.081,37.764
1692.3,300.82,27.861,37.469
1692.1,300.26,27.532,37.026
1692.1,300.58,27.339,36.766
1692.7,301.13,27.351,36.783
1692.8,300.98,27.195,36.573
1692.6,300.76,26.95,36.243
1693,301.15,27.22,36.606
1693,301.01,27.761,37.333
1692.8,300.83,28.15,37.857
1692.9,300.9,28.118,37.813
1693.1,300.69,27.733,37.296
1693.1,300.77,27.964,37.607
1692.7,300.36,27.719,37.278
1693.2,300.83,27.516,37.004
1692.9,301.15,27.004,36.316
1693,300.9,27.013,36.327
1693.1,301.62,26.544,35.698
1693.4,301.6,27.118,36.469
1693.1,301.27,26.978,36.28
1693.4,301.73,27.056,36.386
1693.3,301.34,26.709,35.92
1693.2,301.59,26.388,35.487
1693.7,301.72,26.817,36.064
1693.5,301.8,27.155,36.519
1693.1,301.27,27.183,36.556
1693.2,301.34,27.186,36.561
1693.2,301.41,27.174,36.544
1693.3,301.33,27.117,36.467
1693.3,301.33,27.022,36.34
1693.6,301.54,26.54,35.692
1693.4,302.07,26.872,36.139
1693.4,302.16,27.303,36.717
1693.6,302.23,27.037,36.36
1693.1,301.94,26.95,36.244
1693.1,302.18,27.334,36.759
1693.2,302.13,27.495,36.976
1693,302.34,26.759,35.987
1693.1,302.14,26.496,35.632
1693.2,302.3,26.809,36.053
1693.2,302.27,27.315,36.734
1693.3,302.07,27.196,36.574
1692.9,302.06,26.777,36.01
1692.7,302.15,26.494,35.63
1693,302.38,26.913,36.193
1692.9,302.68,27.415,36.869
1692.6,302.36,26.961,36.257
1692.9,302.17,27.395,36.841
1692.8,302.36,27.34,36.768
1692.8,302.56,27.259,36.659
1692.7,302.26,27.104,36.45
1692.6,302.28,26.826,36.076
1692.8,302.5,27.057,36.387
1692.5,302.33,26.79,36.028
1692.5,302.13,26.867,36.132
1692.6,302.45,27.228,36.618
1692.7,302.31,27.231,36.621
1692.6,301.89,27.792,37.375
1692.6,301.86,27.728,37.29
1692.6,301.93,27.554,37.055
1692.3,301.56,27.245,36.639
1692.7,302.19,26.976,36.278
1692.7,302.22,26.913,36.194
1692.9,302.25,26.975,36.277
1692.8,302.15,26.949,36.241
1693,301.83,26.938,36.226
1692.8,301.94,27.012,36.326
1692.4,301.36,27.061,36.392
1692.4,301.23,26.698,35.905
1692.3,301.4,26.789,36.026
1692.2,301.29,26.727,35.944
1692.2,301.36,27.035,36.357
1692.2,301.77,26.999,36.309
1692.4,301.45,26.814,36.061
1693.6,301.4,27.124,36.478
1693.4,300.88,26.959,36.255
1694.1,300.95,26.806,36.05
1694.1,301.11,26.987,36.292
1694,300.97,27.093,36.436
1693.8,300.74,26.901,36.177
1694.2,300.9,27.178,36.549
1693.8,300.62,26.889,36.161
1694.4,301.16,27.072,36.407
1694.1,300.96,26.774,36.006
1694.1,300.76,26.872,36.138
1694.6,300.99,26.993,36.301
1694.6,301.05,26.995,36.304
1694.5,301.02,27.084,36.423
1694.6,300.7,26.464,35.589
1694.7,301.21,26.716,35.928
1694.6,300.54,26.842,36.097
1695,301.17,26.827,36.078
1695.1,300.94,27.165,36.532
1694.6,300.61,26.913,36.193
1695,301.07,27.177,36.549
1694.7,300.83,27.021,36.339
1694.7,300.72,26.746,35.968
1694.8,300.6,26.46,35.584
1695.1,300.88,26.853,36.112
1694.9,300.82,27.147,36.509
1694.8,300.77,26.899,36.174
1695.1,300.88,27.156,36.52
1694.7,300.7,26.881,36.15
1695.2,300.95,27.159,36.525
1694.9,301.14,26.869,36.134
1695.1,301.21,27.098,36.442
1694.9,300.94,26.804,36.047
1694.8,301.21,27.48,36.956
1694.3,300.7,27.281,36.688
1694.7,301.61,27.213,36.597
1694.9,301.44,26.81,36.054
1694.7,301.5,27.088,36.429
1694,301.49,26.831,36.083
1694.4,301.69,27.062,36.394
1693.9,301.69,26.732,35.95
1693.7,301.67,26.712,35.924
1693.7,301.71,26.761,35.988
1693.7,301.77,26.714,35.925
1693.7,301.68,26.727,35.943
1693.6,301.66,26.806,36.05
1693.9,302.13,26.872,36.139
1693.9,302.11,26.955,36.25
1693.9,301.97,26.943,36.234
1693.7,301.72,27.06,36.391
1693.2,301.51,26.719,35.933
1693.4,301.79,26.224,35.266
1693.2,301.99,26.208,35.246
1693.4,302.1,26.075,35.066
1693.4,302.47,26.476,35.606
1693.3,302.32,26.8,36.041
1693.3,302.46,27.309,36.727
1693.2,302.43,27.54,37.036
1692.9,301.72,27.521,37.011
1692.9,302.15,27.015,36.33
1693,302.12,26.627,35.809
1692.8,302.2,26.628,35.81
1693.1,302.34,26.559,35.718
1693.1,302.12,27.404,36.854
1693.1,302.15,27.793,37.377
1693.1,302.23,27.762,37.336
1693.1,301.99,27.846,37.448
1692.9,301.65,27.692,37.241
1693.1,301.9,27.907,37.53
1693,301.66,27.497,36.979
1693.1,301.64,27.367,36.804
1693.4,302.05,27.49,36.969
1693.5,301.97,27.24,36.634
1693.6,302.12,27.801,37.387
1693.7,302.07,27.377,36.817
1693.6,301.92,27.839,37.438
1693.5,302.06,27.295,36.707
1693.8,302.04,27.693,37.242
1693.8,301.94,28.026,37.69
1693.9,302.06,27.893,37.512
1693.9,302.22,27.151,36.513
1693.9,302.16,26.741,35.962
1693.8,302.4,26.657,35.849
1694,302.34,26.426,35.538
1694.1,302.33,27.124,36.478
1694,301.78,26.977,36.279
1694.3,302.2,27.209,36.591
1694.5,302.58,27.321,36.742
1694.4,302.44,27.23,36.62
1694.6,302.49,27.146,36.507
1694.3,302.01,26.897,36.172
1694.7,302.42,26.809,36.053
1694.9,302.45,27.055,36.384
1694.7,302.1,26.786,36.023
1694.6,301.97,26.676,35.875
1694.6,302.13,26.602,35.775
1694.7,302.01,26.561,35.72
1695.1,302.15,27.002,36.313
1694.9,301.93,26.72,35.933
1694.8,302.07,26.729,35.946
1694.9,301.79,26.646,35.835
1695,301.85,26.521,35.666
1695.2,302.24,26.514,35.657
1695.4,302.24,26.708,35.917
1694.9,302.04,26.716,35.928
1694.9,301.9,26.712,35.923
1694.8,301.88,26.664,35.859
1694.7,301.74,26.646,35.834
1695.2,301.54,26.456,35.578
1695.3,301.86,26.94,36.23
1695.1,301.59,27.184,36.557
1694.8,301.57,26.545,35.698
1695,301.74,26.98,36.284
1695,301.83,26.929,36.215
1694.7,302.02,27.067,36.4
1694.3,301.71,26.929,36.215
1694.7,301.9,27.023,36.341
1694.5,301.58,26.732,35.951
1694.3,301.5,26.819,36.067
1694.4,302.15,26.95,36.243
1694.5,302.1,27.029,36.35
1694.2,301.55,27.085,36.425
1694.1,301.45,27.195,36.572
1694.2,301.34,26.924,36.208
1694.1,302.13,27.606,37.125
1694,301.63,27.391,36.836
1694.1,301.71,27.4,36.849
1694.2,302.01,27.163,36.53
1694,301.93,26.854,36.113
1694.2,302.1,27.012,36.326
1693.9,301.64,26.665,35.859
1693.8,301.79,26.543,35.695
1694.2,302.67,26.472,35.6
1694.2,302.69,26.293,35.36
1693.8,302.26,26.28,35.342
1693.4,302.18,26.306,35.377
