374,563,25,74
373.83,562.36,25.379,75.122
375.66,563.16,25.329,74.973
376.57,562.82,25.303,74.897
378.84,563.28,24.918,73.757
381.47,563.39,25.259,74.766
383.81,563.19,25.042,74.125
387.14,563.67,24.895,73.69
387.68,563.25,25.253,74.749
389.76,562.87,25.156,74.461
393.43,563.95,24.869,73.613
396.29,563.94,24.83,73.496
398.34,563.38,25.031,74.092
399.67,563.65,24.687,73.073
399.72,563.35,24.762,73.295
401.87,563.56,24.545,72.655
403.55,563.75,24.764,73.302
404.04,563.93,24.786,73.366
407.42,563.26,24.653,72.974
407.89,566.42,24.293,71.908
410.95,562.92,24.513,72.559
410.17,565.87,24.305,71.943
413.31,565.37,24.742,73.236
415.3,564.49,25.144,74.425
417.85,563.96,25.734,76.173
420.13,562.32,26.009,76.986
420.44,563.03,25.842,76.492
423.74,563.38,25.671,75.987
426.18,564.32,25.48,75.42
427.8,564.13,25.201,74.595
429.42,564.39,24.858,73.58
431.03,565.19,24.905,73.72
430.9,565.32,25.007,74.021
432.15,565.24,24.751,73.261
433.8,565.14,24.781,73.351
436.29,564.98,24.961,73.885
439.14,564.12,25.312,74.923
441.44,563.6,25.639,75.892
442.08,564.29,25.523,75.548
444.54,564.23,25.349,75.033
447.79,564.27,25.503,75.488
450.16,563.57,25.494,75.461
452.92,563.72,25.253,74.748
454.36,563.72,25.28,74.83
454.53,563.72,25.292,74.865
456.21,563.48,25.385,75.141
458.12,563.99,25.061,74.18
458.44,564.1,25.163,74.483
460.57,564.79,25.085,74.251
463.7,564.91,25.112,74.332
462.63,565.09,25.032,74.094
466.38,564.17,25.075,74.223
469.79,564.8,25.168,74.496
470.65,565.6,25.465,75.376
473.61,564.34,25.526,75.556
475.8,564.01,25.468,75.387
475.88,563.72,25.661,75.956
479.3,564.22,25.773,76.289
480.96,564.1,25.935,76.768
483.63,564.15,26.097,77.246
484.73,564,25.956,76.831
486.99,564.21,25.877,76.596
486.83,564.61,25.885,76.618
488.38,564.26,25.915,76.708
490.91,564,25.993,76.938
493.5,564.15,25.949,76.809
495.87,564.62,26.03,77.048
497.82,564.39,25.92,76.722
498.65,564.76,25.951,76.815
501.19,564.81,26.106,77.275
503.46,564.48,26.077,77.188
506.21,563.9,26.341,77.971
508.13,563.41,26.643,78.864
509.71,563.76,26.819,79.384
509.7,563.56,27.036,80.027
511.63,563.03,27.422,81.17
512.13,563.06,27.461,81.285
515.23,563.7,27.452,81.258
516.9,563.42,27.328,80.891
520.78,563.8,27.257,80.682
521.85,564.34,27.217,80.562
524.83,565.5,26.868,79.53
526.26,565.11,26.763,79.218
528.31,566.12,26.706,79.048
528.6,566.39,26.817,79.379
529.27,567.68,27.083,80.164
528.71,567.5,27.514,81.442
536.79,564.18,27.532,81.495
537.05,564.77,27.69,81.962
537.56,564.4,27.991,82.852
538.93,564.45,28.14,83.294
540.58,564.27,28.361,83.949
541.15,564.71,28.487,84.321
543.25,564.21,28.354,83.929
546.77,564.99,28.219,83.53
549.29,565.48,28.019,82.937
552.38,566.23,27.825,82.361
554.97,566.73,27.72,82.051
554.49,566.65,27.492,81.376
558.16,567.3,27.456,81.269
560.88,566.46,27.326,80.886
563.35,567.32,27.364,80.998
564.51,566.96,27.469,81.308
566.92,567.07,27.454,81.265
566.58,566.79,27.451,81.254
568.33,567.17,27.502,81.405
571.44,567.02,27.704,82.004
572.51,566.63,27.963,82.772
574.66,567.08,27.933,82.681
577.72,568.78,27.87,82.497
577.91,569.04,27.827,82.368
581.4,569.82,27.792,82.264
583.26,570.29,27.912,82.618
583.92,569.63,27.696,81.979
586.55,569.58,27.512,81.437
589.58,570,27.447,81.242
588.99,569.91,27.35,80.956
591.46,570.34,27.419,81.159
592.83,570.32,27.511,81.432
594.61,571.23,27.546,81.535
596.45,571.09,27.544,81.53
598.57,571.38,27.603,81.704
597.79,570.83,27.682,81.938
600.78,571,27.65,81.845
603.26,571.41,27.704,82.003
605.24,571.84,27.809,82.314
608.06,572.82,27.841,82.409
610.72,573.16,27.679,81.931
610.57,572.32,27.732,82.086
613.97,572.58,27.871,82.499
615.96,571.99,27.915,82.629
617.67,572.27,28.04,82.998
620.11,572.52,28.143,83.302
621.45,572.1,28.225,83.546
621.83,572.13,28.246,83.607
624.68,571.34,28.358,83.939
626.95,571.94,28.436,84.17
627.61,572.16,28.481,84.303
630.12,572.77,28.457,84.234
632.23,573.84,28.275,83.694
633.61,575.17,28.041,83.001
635.3,575.97,27.976,82.809
636.91,575.47,28.021,82.943
639.07,576.73,28.125,83.25
640.28,575.96,28.052,83.033
643.13,577.25,28.031,82.972
643.4,577.36,27.916,82.632
645.09,576.79,27.91,82.615
646.87,577.03,28.04,82.998
649.18,577.15,28.227,83.551
650.48,577.1,28.269,83.677
652.87,577.62,28.326,83.844
653.83,578.11,28.278,83.704
656.25,578.12,28.275,83.693
659.02,578.98,28.321,83.831
660.76,579.44,28.285,83.724
663.22,580.33,28.124,83.247
666.09,581.37,27.874,82.507
666.16,580.8,27.602,81.701
669.08,581.15,27.345,80.942
670.86,581.8,27.296,80.796
673.2,582.06,27.371,81.019
674.36,582.06,27.315,80.853
677.52,582.48,27.376,81.032
677.48,582.21,27.551,81.552
680.27,582.18,27.76,82.17
681.66,583.04,28.067,83.08
683.25,583.34,28.262,83.654
685.31,584.21,28.449,84.21
686.73,584.14,28.663,84.842
687.6,584.38,28.696,84.941
689.71,585.28,28.622,84.721
692,586.66,28.571,84.569
693.5,587.06,28.552,84.515
695.23,588.17,28.28,83.709
697.39,588.28,28.232,83.565
697.44,587.65,28.17,83.382
699.27,587.82,28.001,82.883
701.35,588.3,28.05,83.029
703.02,588.57,28.074,83.098
704.49,588.94,28.181,83.416
705.81,589.26,28.208,83.495
706.75,589.44,28.083,83.125
710.06,590.56,28.037,82.991
712.18,590.9,28.126,83.253
714.04,590.7,27.965,82.777
716.31,591.1,27.924,82.655
718.46,591.27,27.916,82.631
719.58,591.92,27.9,82.584
721.62,592.57,27.754,82.152
724.3,593.83,27.623,81.764
725.48,593.12,27.59,81.665
728.27,593.58,27.677,81.923
729.56,593.66,27.815,82.333
730.91,594.36,27.834,82.389
732.25,594.57,27.86,82.467
733.44,594.44,27.959,82.759
735.63,595.29,27.993,82.86
737.3,595.45,28.16,83.354
738.77,595.17,28.231,83.565
739.88,595.98,28.292,83.743
742.03,597.61,28.296,83.756
744.32,598.18,28.529,84.445
746.13,598.17,28.618,84.708
748.12,598.2,28.661,84.837
749.65,598.16,28.748,85.095
751.74,598.08,28.671,84.866
752.26,598.13,28.65,84.804
754.72,598.19,28.644,84.785
756.01,598.83,28.496,84.348
757.28,598.82,28.423,84.131
759.39,598.89,28.37,83.976
762.46,600.16,28.216,83.52
762.28,599.87,28.208,83.495
765.03,600.28,27.98,82.82
767.23,600.88,28.009,82.906
770.05,601.74,28.029,82.965
772.3,601.62,28.125,83.25
775.37,601.86,28.144,83.306
774.83,601.71,28.129,83.263
777.01,601.82,28.196,83.46
779.09,601.39,28.283,83.719
781.17,601.85,28.386,84.023
782.58,601.26,28.575,84.581
784.32,601.43,28.753,85.11
784.54,601.13,28.859,85.422
787.17,601.5,28.827,85.329
788.95,602.46,28.704,84.964
790.25,601.42,28.788,85.213
791.99,602.5,28.728,85.034
794.22,602.81,28.704,84.965
795.01,602.68,28.666,84.852
797.12,602.42,28.532,84.455
799.57,602.34,28.625,84.73
801.92,602.34,28.716,85.001
803.29,601.12,29.021,85.903
805.09,600.7,29.257,86.6
805.68,600.4,29.389,86.991
807.45,600.26,29.685,87.867
808.79,600.23,30.095,89.082
809.23,599.58,30.374,89.908
810.97,599.08,30.548,90.421
812.94,598.86,30.725,90.946
813.57,599.32,30.708,90.895
815.68,599.74,30.467,90.183
817.49,600.17,30.566,90.476
819.01,600.03,30.47,90.191
821.59,599.78,30.618,90.631
823.37,599.65,30.527,90.361
823.38,599.75,30.522,90.345
825.34,599.65,30.535,90.384
827.29,599.57,30.487,90.243
829.16,600.07,30.469,90.187
830.68,599.89,30.607,90.595
831.87,599.15,30.594,90.557
832.18,599.19,30.547,90.421
833.87,599.3,30.493,90.258
835.54,599.36,30.714,90.913
836.88,599.8,30.766,91.067
839.14,600,30.689,90.84
840.8,599.3,30.641,90.698
840.51,600.05,30.515,90.324
843.22,600.14,30.385,89.94
844.77,600.4,30.276,89.617
847.22,600.88,30.133,89.195
849.64,601.13,30.167,89.295
852.39,601.37,30.25,89.54
852.88,601.06,30.331,89.78
854.22,601.11,30.262,89.575
855.8,601.51,30.211,89.425
858.82,601.81,30.307,89.71
860.31,602.03,30.224,89.462
861.43,602.42,30.226,89.47
861.54,603.19,29.897,88.494
861.53,603.62,29.675,87.837
861.47,603.86,29.591,87.59
869.85,602.57,29.714,87.955
861.12,604.53,29.275,86.653
860.64,604.5,28.999,85.838
860.6,604.49,28.974,85.763
860.57,604.38,29.049,85.985
860.57,604.33,29.059,86.015
861.22,604.96,28.933,85.641
860.68,604.65,28.84,85.367
861.2,605.24,28.765,85.143
860.67,605.06,28.618,84.711
861.37,605.45,28.44,84.182
860.72,605.07,28.509,84.386
860.74,604.86,28.598,84.65
861.36,605.53,28.478,84.295
860.79,605.28,28.363,83.956
861.44,605.62,28.305,83.783
861.39,605.76,28.286,83.725
862.93,606.26,28.155,83.339
908.83,608,28.296,83.757
911.89,608.8,28.621,84.717
913.5,608.67,28.879,85.482
914.22,608.65,29.313,86.766
917.28,607.05,29.497,87.311
918.67,606.82,29.622,87.683
920.37,606.3,29.846,88.345
921.81,605.72,29.924,88.574
925.25,606.87,29.909,88.531
925.83,606.26,29.918,88.557
928.11,606.11,30.048,88.942
929.68,605.83,29.958,88.677
930.64,606.27,29.918,88.558
935.32,606.74,29.928,88.586
939.7,607.35,30.133,89.194
939.19,606.71,30.239,89.508
942.24,607.21,30.265,89.585
944.02,606.5,30.257,89.561
946.12,606.82,30.303,89.696
948.2,606.25,30.404,89.997
951.57,606.37,30.699,90.87
951.19,606.01,30.681,90.815
953.07,605.69,30.681,90.816
955.11,604.47,30.603,90.586
956.6,603.61,30.62,90.635
957.93,603.33,30.616,90.625
959.76,603.07,30.634,90.676
961.49,604.16,30.509,90.307
964.74,606.05,30.272,89.605
966.16,605.87,29.987,88.763
969.89,606.61,29.961,88.684
973.13,606.57,29.925,88.577
975.44,606.81,29.794,88.189
975.96,606.39,29.724,87.982
978.35,606.48,29.694,87.895
980.39,607.38,29.684,87.864
981.64,606.81,29.821,88.271
982.54,606.33,29.774,88.131
983.76,606.42,29.809,88.236
984.42,606.45,29.675,87.838
986.38,606.32,29.628,87.698
987.79,606.94,29.487,87.283
991.24,606.93,29.399,87.02
995.73,607.67,29.143,86.264
1001.3,608.17,28.874,85.467
1000.5,607.82,28.813,85.286
1003.9,608.02,28.691,84.926
1005.4,606.79,28.702,84.957
1008.4,606.97,28.785,85.203
1008.4,607.47,28.898,85.539
1011.6,608.04,29.027,85.919
1010.4,607.21,29.278,86.662
1011.9,607.37,29.385,86.98
1013.8,607.58,29.554,87.479
1015.4,607.42,29.672,87.829
1017.7,607.64,29.855,88.37
1018.9,607.54,29.999,88.797
1019.7,607.79,29.89,88.474
1022.5,608.54,29.737,88.022
1024.8,608.07,29.822,88.275
1027.4,608.7,29.935,88.607
1030.7,610.22,29.798,88.202
1032.5,610.22,29.668,87.817
1033.8,611.12,29.477,87.251
1035.7,610.75,29.476,87.248
1037.1,610.63,29.599,87.613
1040.2,611.53,29.691,87.884
1041.9,610.98,29.927,88.583
1043.5,611,30.092,89.073
1043.4,610.29,30.243,89.521
1046,610.93,30.173,89.313
1047.8,611.37,30.156,89.261
1049.3,611.23,30.142,89.221
1052.2,611.92,30.147,89.235
1054.2,611.94,30.11,89.126
1054.5,611.48,30.098,89.091
1057.1,612.07,30.174,89.316
1058.8,612.15,30.389,89.953
1061.2,612.15,30.522,90.346
1062.5,611.35,30.692,90.849
1065.5,611.91,30.771,91.083
1065.3,611.85,30.756,91.037
1066.6,611.22,30.791,91.142
1067.9,610.55,30.903,91.473
1069.3,611.1,30.891,91.437
1070.7,611.26,30.875,91.389
1072.6,611.63,30.782,91.114
1074.5,612.81,30.796,91.157
1075.8,612.94,30.77,91.079
1078,613.64,30.833,91.264
1079.9,614.08,30.826,91.244
1081.6,614.24,30.82,91.228
1084.8,615.06,30.767,91.071
1085.4,615.73,30.779,91.106
1088,615.75,30.873,91.385
1089.3,615.5,30.864,91.359
1090.6,615.41,30.937,91.574
1094.4,616.44,31.284,92.601
1095.3,616.33,31.422,93.008
1095.1,616.2,31.319,92.705
1096.7,616.37,31.363,92.835
1098.9,616.36,31.404,92.957
1101,616.35,31.32,92.706
1102.4,616.69,31.359,92.823
1106.2,618.39,31.072,91.973
1106.3,618.33,30.779,91.106
1109.6,619.02,30.707,90.894
1112.4,619.47,30.492,90.257
1114.3,619.36,30.432,90.077
1116.2,620.06,30.215,89.437
1117.4,619.57,30.353,89.844
1120.4,619.55,30.244,89.522
1120.6,618.9,30.417,90.035
1122.3,618.65,30.542,90.403
1122.9,617.85,30.715,90.916
1125.7,618.16,30.85,91.315
1126.8,617.61,30.884,91.417
1128.2,617.46,30.93,91.551
1129.6,618.73,30.75,91.019
1131.2,618.98,30.89,91.436
1132.7,618.27,31.074,91.979
1134.5,618.56,31.058,91.93
1135.9,618.39,31.236,92.459
1139.9,619.67,31.026,91.838
1140.3,619.84,31.048,91.902
1142.2,619.23,31.157,92.226
1143.2,619.21,31.271,92.563
1145.6,619.66,31.44,93.062
1146.4,619.65,31.415,92.988
1147.7,619.27,31.573,93.457
1148.3,619.7,31.525,93.313
1149.9,619.48,31.785,94.082
1150.8,619.98,31.84,94.245
1152.8,619.77,31.813,94.166
1153.4,619.6,31.793,94.107
1154.1,620.04,31.75,93.979
1157.6,621.09,31.955,94.587
1158,618.87,32.044,94.85
1163.8,618.57,32.281,95.55
1163.6,618.91,32.508,96.223
1164.3,617.6,32.881,97.329
1165.3,617.1,33.101,97.979
1165.5,616.26,33.193,98.25
1165,615.35,33.153,98.134
1163.5,616.24,33.166,98.17
1165.2,616.36,33.339,98.685
1181.4,612.56,32.904,97.397
1182.1,613.69,32.872,97.302
1183.9,614.5,32.72,96.851
1184.8,614.96,32.613,96.536
1186.6,615.94,32.414,95.945
1187.3,616.3,32.268,95.513
1190.1,617.24,32.244,95.441
1191.3,617.84,32.154,95.176
1191.8,618.42,31.916,94.47
1193.3,618.99,31.857,94.296
1195.4,619.01,31.675,93.759
1197.2,618.98,31.406,92.963
1200.6,618.71,31.482,93.186
1201.7,619.15,31.264,92.542
1202.4,619.68,31.253,92.51
1204.3,619.88,31.095,92.04
1207.2,620.43,30.821,91.231
1208.8,620.43,30.675,90.799
1212.2,621.43,30.487,90.242
1213.7,621.77,30.161,89.277
1214.9,622.35,29.968,88.705
1217.6,622,29.965,88.697
1220.9,621.35,30.083,89.046
1223.3,621.11,30.086,89.055
1225.8,620.9,30.084,89.048
1227.2,620.81,30.245,89.524
1228.4,621.28,30.435,90.088
1231.1,621.22,30.548,90.423
1231.9,619.72,30.66,90.755
1236.1,619.77,30.916,91.51
1236.8,618.68,31.062,91.944
1238.5,618.25,31.031,91.852
1240.6,619.22,30.818,91.222
1242.3,618.54,30.699,90.868
1245.1,619.53,30.484,90.234
1247.8,619.74,30.108,89.12
1249.8,620.32,30.059,88.973
1253.4,619.99,29.968,88.705
1254.8,620.42,29.975,88.726
1257.8,620.52,29.975,88.726
1260.3,620.31,30.084,89.05
1262.3,619.55,30.071,89.01
1263.7,619.22,30.11,89.127
1267.8,619.56,30.328,89.77
1267.4,618.85,30.472,90.197
1270.4,618.95,30.642,90.7
1271.4,618.26,30.801,91.172
1274.9,618.4,30.674,90.795
1276,618.31,30.608,90.598
1280.3,618.49,30.631,90.668
1280.7,618.28,30.521,90.343
1283.8,618.9,30.2,89.391
1287.9,619.35,30.305,89.703
1291.6,619.19,30.251,89.544
1294.8,619.32,30.189,89.358
1298.2,618.58,30.525,90.355
1297.9,618,30.652,90.731
1301.9,618.1,30.841,91.288
1302.7,615.95,30.978,91.695
1306.7,615.69,31.067,91.959
1308,614.35,30.954,91.624
1312.1,613.65,31.076,91.986
1312.2,613.1,30.936,91.572
1316.3,613.01,30.769,91.076
1320,613.21,30.751,91.022
1323.4,613.85,30.858,91.338
1324.8,613.87,30.811,91.201
1329.4,613.59,30.844,91.298
1330.4,613.73,30.714,90.915
1333.5,613.77,30.924,91.534
1336.2,613.33,31.183,92.301
1337.6,612.21,31.297,92.639
1341.9,611.94,31.287,92.608
1342.1,611.78,31.358,92.821
1345.2,610.72,31.273,92.568
1348.9,610.9,31.519,93.296
1349.5,610.45,31.488,93.204
1354.7,611.67,31.737,93.943
1359.6,611.8,31.735,93.936
1361.7,610.68,31.789,94.094
1363.2,610.38,31.676,93.762
1365.3,609.26,31.631,93.627
1368.1,608.02,31.757,94.001
1370.3,607.87,31.615,93.581
1373.9,607.37,31.572,93.452
1377.9,607.35,31.594,93.517
1378.2,606.94,31.601,93.54
1380.5,607.32,31.289,92.615
1385.1,608.55,31.183,92.301
1385.9,608.35,30.947,91.603
1391.1,608.94,30.883,91.415
1395.3,609.18,30.896,91.452
1396.2,608.8,30.935,91.568
1399.9,608.39,31.067,91.957
1402.3,606.63,31.318,92.701
1405.7,606.13,31.43,93.032
1409.6,606.72,31.422,93.009
1411.3,605.84,31.337,92.759
1413.7,607.05,31.286,92.606
1417.5,607.76,31.276,92.578
1420,606.54,31.437,93.054
1421.6,605.29,31.193,92.331
1427.7,605.23,31.357,92.818
1429.9,603.93,31.516,93.289
1431.6,603.94,31.39,92.916
1434.2,602.76,31.26,92.53
1438,603.35,31.354,92.806
1441,603.5,31.213,92.391
1444.5,604.4,31.282,92.595
1446.2,603.7,31.082,92.003
1447.5,603.79,30.858,91.339
1451.5,605.35,30.784,91.12
1454.9,605.71,31.154,92.215
1456.8,604.41,31.08,91.996
1460.9,604.33,31.034,91.862
1464.4,604.39,31.405,92.957
1463.9,603.35,31.43,93.032
1467.5,602.65,31.407,92.965
1470.2,602.57,31.801,94.13
1473.6,602.58,32.091,94.99
1476.6,603.18,32.292,95.584
1479.3,603,32.142,95.142
1479.7,602.55,32.08,94.957
1482.4,602.85,31.897,94.414
1484.7,602.16,31.696,93.82
1487.3,602.05,31.518,93.293
1490.9,601.6,31.467,93.142
1494,601.74,31.351,92.799
1493.8,601.86,31.141,92.178
1498,601.34,31.023,91.828
1502,601.09,31.121,92.118
1503,601.99,31.156,92.223
1505.2,602.84,31.137,92.167
1507.7,602.43,30.974,91.682
1509.2,603.46,31.108,92.078
1510.3,603.72,30.978,91.695
1513.6,604.11,31.031,91.852
1515.6,604.31,30.91,91.495
1517.6,603.66,31.111,92.089
1520.2,603.8,31.105,92.071
1520.9,604.07,30.825,91.242
1523.2,605.13,30.536,90.388
1526.9,605.18,30.542,90.405
1530.4,604.8,30.83,91.256
1533.5,604.34,30.872,91.38
1534.7,604.21,30.912,91.499
1535.6,603.86,31.004,91.772
1537.2,604.08,30.947,91.603
1540.7,603.39,30.926,91.541
1542.3,603.66,31.039,91.874
1545.4,602.65,30.797,91.158
1548.3,602.09,30.581,90.518
1548.5,602.73,30.386,89.941
1552.8,602.31,30.32,89.747
1553.9,604.62,29.785,88.162
1557.2,605.43,29.781,88.15
1559,606.53,29.743,88.04
1561.5,605.84,30.034,88.9
1561.8,606.02,30.1,89.097
1565,605.76,30.025,88.874
1568.9,605.8,30.081,89.038
1569.9,606.09,30.097,89.087
1572.4,605.55,30.131,89.188
1575.3,605.7,30.321,89.751
1574.6,605.48,30.515,90.323
1577,605.56,30.589,90.542
1578.7,605.46,30.516,90.328
1581.8,605.92,30.811,91.201
1583.9,605.36,30.803,91.176
1587,605.71,30.738,90.985
1590.1,606.29,30.93,91.551
1590.4,606.55,31.156,92.22
1592.5,605.74,31.101,92.058
1595.3,605.25,31.187,92.314
1597.9,605.7,31.354,92.809
1599.3,604.38,31.37,92.854
1601.5,604,31.236,92.459
1602,604.22,31.402,92.95
1603.1,603.22,31.513,93.28
1606.1,603.02,31.405,92.958
1607.4,602.89,31.151,92.207
1610.1,602.74,31.067,91.959
1612.8,602.08,31.046,91.897
1613.1,603.14,31.059,91.935
1614.3,602.64,31.069,91.964
1617.1,602.5,30.916,91.51
1619.5,602.72,30.84,91.286
1621.9,602.19,30.685,90.828
1624.3,602.1,30.72,90.932
1624.4,602.24,30.685,90.827
1626,601.9,30.861,91.349
1627.1,601,30.934,91.565
1630.2,600.57,30.965,91.658
1630.6,600.51,31.101,92.06
1631.9,600,30.984,91.711
1632.2,600.04,31.207,92.374
1633.4,599.47,31.32,92.706
1633.7,598.46,31.43,93.034
1634.9,597.89,31.614,93.577
1636.1,597.21,31.617,93.585
1637.2,596.29,31.746,93.968
1637.8,596.78,31.714,93.874
1638.5,595.98,31.84,94.248
1639.7,595.69,31.913,94.463
1640.5,595.05,31.95,94.572
1642,594.33,31.876,94.352
1643,593.39,31.749,93.976
1643.1,593.71,31.878,94.358
1643.5,592.88,31.779,94.065
1644.5,592.13,32.021,94.782
1645.1,592.57,32.097,95.007
1645.6,591.86,32.318,95.661
1645.7,591.4,32.486,96.158
1645.6,590.98,32.526,96.276
1646.7,591.18,32.514,96.242
1647.5,590.58,32.63,96.585
1648.4,590.5,32.644,96.625
1649.6,590.85,32.654,96.657
1650,590.28,32.621,96.559
1650.6,591.02,32.572,96.414
1651.7,590.9,32.408,95.928
1652.5,590.87,32.205,95.326
1653.6,590.9,32.076,94.945
1654.8,591.27,31.985,94.677
