1600,932,300,142
1598.9,931.73,300,142
1593.5,931.21,303,143.42
1588.8,931.46,300,142
1582.3,930.05,306.03,144.85
1579.2,931.43,300,142
1576,931.69,297.03,140.59
1571.7,930.76,303,143.42
1566.4,931.36,300,142
1560.2,930.28,306.03,144.85
1555.9,930.65,303,143.42
1550.8,930.84,303,143.42
1546.9,931.55,300,142
1546,931.36,300,142
1539.7,930.09,306.03,144.85
1538.2,930.72,300,142
1532.1,930.5,294.09,139.2
1525.6,929.77,303,143.42
1522.3,931.5,297.03,140.59
1521.2,930.57,294.09,139.2
1516.1,930.37,294.09,139.2
1509.3,930.16,303,143.42
1504.7,930.27,303,143.42
1498.3,929.64,306.03,144.85
1494.3,929.82,303,143.42
1493.8,930.51,300,142
1488.9,928.92,306.03,144.85
1483.8,928.76,309.09,146.3
1478.6,929.51,306.03,144.85
1475.2,930.46,303,143.42
1469,931.03,303,143.42
1465.3,931.02,300,142
1462.4,930.23,306.03,144.85
1459.2,930.4,303,143.42
1451.3,929.48,309.09,146.3
1448.1,929.92,306.03,144.85
1445.9,931.1,297.03,140.59
1440.5,930.1,300,142
1439.5,930.8,294.09,139.2
1435.7,929.85,294.09,139.2
1430.3,929.51,300,142
1425.8,930.42,297.03,140.59
1418.8,929.74,303,143.42
1415.2,931.01,297.03,140.59
1411.7,929.18,306.03,144.85
1409.1,929.48,303,143.42
1405.8,929.71,300,142
1402.6,930.87,291.18,137.82
1394.3,929.19,300,142
1387.2,927.71,306.03,144.85
1387.5,928.87,303,143.42
1383,928.9,300,142
1377.3,928.33,294.09,139.2
1371.8,928.45,297.03,140.59
1367,927.25,294.09,139.2
1359.5,927.45,303,143.42
1360.8,928.72,297.03,140.59
1356.5,928.43,297.03,140.59
1347.9,926.7,306.03,144.85
1342.2,926.59,306.03,144.85
1336.9,926.48,306.03,144.85
1335.2,928.39,297.03,140.59
1334.8,928.37,297.03,140.59
1329.3,927.26,294.09,139.2
1324.4,927.06,297.03,140.59
1316.8,926.46,303,143.42
1312.5,926.17,294.09,139.2
1309,927.3,288.29,136.46
1305.8,926.57,294.09,139.2
1300,926.56,303,143.42
1293.6,925.61,306.03,144.85
1290.4,926.77,300,142
1284.9,927.25,297.03,140.59
1276.4,925.25,306.03,144.85
1276.4,926.1,303,143.42
1269.7,924.46,309.09,146.3
1265.6,924.82,306.03,144.85
1259.3,924.47,306.03,144.85
1255.6,925.43,300,142
1246.5,923.37,309.09,146.3
1247.6,924.39,303,143.42
1240.2,923.14,309.09,146.3
1235.5,924.13,306.03,144.85
1229.9,923.62,306.03,144.85
1226.6,924.62,300,142
1218.1,921.98,309.09,146.3
1220.4,924.29,300,142
1211.9,924.48,297.03,140.59
1206,923.06,306.03,144.85
1202.3,923.51,300,142
1196,922.18,306.03,144.85
1191.5,923.74,297.03,140.59
1191,922.58,294.09,139.2
1185.9,923.77,297.03,140.59
1178.2,923.38,288.29,136.46
1173.7,922.58,294.09,139.2
1167.6,922.62,300,142
1163.1,922.77,297.03,140.59
1158.3,921.37,306.03,144.85
1154.5,921.57,303,143.42
1148,921.43,303,143.42
1142.1,920.81,306.03,144.85
1139.2,922.09,297.03,140.59
1130.5,920.49,306.03,144.85
1128.4,920.98,303,143.42
1123.8,920.86,303,143.42
1118.9,920.86,300,142
1114.3,920.06,300,142
1108.9,920.64,297.03,140.59
1101.5,919.25,303,143.42
1100.2,919.56,300,142
1097.1,919.92,297.03,140.59
1089.6,919.02,300,142
1082.5,917.89,306.03,144.85
1078.4,918.39,303,143.42
1075.1,919.33,297.03,140.59
1072.9,919.16,297.03,140.59
1068.7,920.62,291.18,137.82
1062.5,920.2,291.18,137.82
1054.8,918.59,297.03,140.59
1046.6,917.5,303,143.42
1042.6,917.31,300,142
1042.9,919.43,291.18,137.82
1035.4,918.51,297.03,140.59
1028.6,917.39,300,142
1025.9,918.64,291.18,137.82
1018.7,916.47,294.09,139.2
1011.5,916.93,300,142
1010.5,917.43,297.03,140.59
1003.4,916.18,300,142
999.78,916.74,297.03,140.59
993.55,915.64,300,142
986.8,915.43,300,142
979.91,914.55,303,143.42
976.7,915.01,303,143.42
972.72,915.21,300,142
967.62,915.24,297.03,140.59
965.11,915.82,291.18,137.82
955.86,914.08,300,142
952.31,914.25,297.03,140.59
948.33,913.27,294.09,139.2
941.01,912.32,303,143.42
937.49,913.38,297.03,140.59
930.65,912.37,300,142
923.59,911.64,303,143.42
920.37,911.92,300,142
914.51,911.44,303,143.42
911.67,912.75,297.03,140.59
905.87,911.71,297.03,140.59
899.69,910.58,294.09,139.2
892.93,911.22,300,142
887.62,911.53,297.03,140.59
883.72,911.12,297.03,140.59
878.22,911.29,297.03,140.59
871.34,910.3,300,142
865.57,910.57,300,142
860.03,909.97,294.09,139.2
853.25,910.24,300,142
848.92,908.79,303,143.42
845.19,910.06,297.03,140.59
838.4,908.66,294.09,139.2
832.94,909.01,294.09,139.2
826.2,908.4,300,142
820.4,909.15,291.18,137.82
815.3,908.1,300,142
811.29,908.1,300,142
809.79,909.5,291.18,137.82
799.49,907.76,300,142
794.19,908.18,291.18,137.82
790.63,908.81,291.18,137.82
785.72,908.25,291.18,137.82
775.88,906.11,300,142
770.93,906.5,294.09,139.2
765.01,906.53,297.03,140.59
755.72,904.12,294.09,139.2
752.79,905.42,294.09,139.2
744.77,904.05,303,143.42
741.98,905.3,297.03,140.59
733.35,904.23,303,143.42
730.3,904.84,297.03,140.59
725.31,905.44,297.03,140.59
715.18,902.2,297.03,140.59
712.33,902.91,297.03,140.59
703.6,900.43,306.03,144.85
700.69,902.04,297.03,140.59
691.39,900.65,300,142
688.88,902.15,294.09,139.2
682.85,901.74,297.03,140.59
674.42,899.83,306.03,144.85
670.58,900.64,300,142
665.68,901.73,297.03,140.59
657.45,899.83,303,143.42
650.45,899.33,297.03,140.59
647.53,899.81,297.03,140.59
641.1,898.29,303,143.42
633.02,898.48,306.03,144.85
630.04,899.31,300,142
619.82,896.28,306.03,144.85
620.29,899.04,297.03,140.59
608.4,897.32,300,142
607.39,897.3,300,142
599.58,898.01,297.03,140.59
597.02,899.69,291.18,137.82
589.9,898.78,297.03,140.59
574.52,894.68,306.03,144.85
576.13,896.02,300,142
570.09,896.18,300,142
564.55,897.72,297.03,140.59
556.13,894.9,300,142
556.3,898.77,291.18,137.82
546.31,896.59,300,142
537.9,894.34,294.09,139.2
534.29,894.56,294.09,139.2
528.74,895.36,294.09,139.2
523.63,894.71,297.03,140.59
519.43,896.46,291.18,137.82
509.77,893.51,294.09,139.2
505.33,894.11,294.09,139.2
502.35,894.92,285.44,135.11
496.48,894.75,285.44,135.11
486.51,892.49,294.09,139.2
483.31,894.89,291.18,137.82
475.13,892.07,294.09,139.2
469.19,891.51,294.09,139.2
462.76,890.78,294.09,139.2
457.24,890.61,294.09,139.2
450.89,890.76,294.09,139.2
447.4,891.94,288.29,136.46
440.45,890.05,294.09,139.2
434.22,890.17,294.09,139.2
428.83,889.64,294.09,139.2
422.15,889.42,294.09,139.2
417.62,888.94,294.09,139.2
411.51,888.38,294.09,139.2
408.17,890.02,288.29,136.46
404.05,890.2,285.44,135.11
397.69,889.94,291.18,137.82
390,887.37,294.09,139.2
387.17,889.83,291.18,137.82
384.45,891.15,282.61,133.77
379.56,890.93,282.61,133.77
373.46,890.74,282.61,133.77
365.27,888.92,285.44,135.11
357.93,884.88,294.09,139.2
354.62,887.32,285.44,135.11
351.79,888.01,279.82,132.45
346.45,888.86,282.61,133.77
338.15,885.28,288.29,136.46
336.68,887.3,282.61,133.77
329.75,884.92,285.44,135.11
324.61,884.97,285.44,135.11
319.51,883.39,285.44,135.11
313.05,882.76,288.29,136.46
305.43,880.89,294.09,139.2
304.53,882.57,285.44,135.11
300.36,882.23,285.44,135.11
294.04,880.78,288.29,136.46
293.09,883,282.61,133.77
288.59,882.77,282.61,133.77
279.58,880.35,288.29,136.46
278.81,882.16,282.61,133.77
270.67,879.7,288.29,136.46
264.77,878.83,291.18,137.82
260.39,878.39,291.18,137.82
256.3,878.77,291.18,137.82
251.78,877.33,288.29,136.46
250.73,879.04,279.82,132.45
246.44,878.54,282.61,133.77
241.57,879.17,282.61,133.77
234.25,875.36,288.29,136.46
232.47,876.72,282.61,133.77
228.01,877.22,282.61,133.77
219.4,873.73,291.18,137.82
212.06,870.92,294.09,139.2
211.6,871.94,291.18,137.82
206.83,871.7,291.18,137.82
204.13,871.79,285.44,135.11
202.49,872.9,282.61,133.77
198.51,871.68,282.61,133.77
191.74,869.1,291.18,137.82
187.07,866.98,288.29,136.46
184.15,868.46,285.44,135.11
175.58,866.07,294.09,139.2
175.37,866.76,285.44,135.11
171.48,865.72,285.44,135.11
163.12,862.91,294.09,139.2
158.3,862.48,297.03,140.59
150.29,859.99,306.03,144.85
150.41,862.54,297.03,140.59
141.09,859.99,306.03,144.85
141.91,861.69,297.03,140.59
137.28,860.47,297.03,140.59
132.12,859.49,300,142
127.68,859.6,300,142
122.25,858.54,303,143.42
112.75,849.55,294.09,139.2
108.62,850.83,303,143.42
109.58,853.55,300,142
108.25,853.8,294.09,139.2
104.29,853.8,294.09,139.2
99.415,853.08,300,142
93.814,851.6,303,143.42
93.754,853.03,294.09,139.2
86.181,850.25,303,143.42
85.636,851.32,297.03,140.59
74.521,845.79,306.03,144.85
74.87,847.59,303,143.42
74.739,848.81,294.09,139.2
67.069,846.76,303,143.42
61.968,845.42,306.03,144.85
58.074,843.45,306.03,144.85
56.996,844.99,297.03,140.59
50.64,843.79,303,143.42
48.61,843.65,303,143.42
36.689,839.8,306.03,144.85
39.934,842.08,297.03,140.59
33.975,840.18,306.03,144.85
32.444,839.74,303,143.42
31.246,841.49,294.09,139.2
27.677,841.43,294.09,139.2
27.503,842.83,291.18,137.82
14.761,837.28,294.09,139.2
8.3604,836.27,303,143.42
6.2979,838.41,300,142
3.5908,839.14,297.03,140.59
2.4446,839.95,291.18,137.82
-7.8533,836.68,291.18,137.82
-10.266,836.03,297.03,140.59
-16.736,835.99,303,143.42
-19.266,836.18,303,143.42
-20.875,836.61,297.03,140.59
-27.458,835.93,297.03,140.59
-26.673,835.18,291.18,137.82
-30.401,833.82,291.18,137.82
-33.742,831.75,288.29,136.46
-37.95,833.97,291.18,137.82
-49.1,833.36,300,142
