775,883,101,191
775.94,882.57,100,189.11
778.31,883.51,97.059,183.55
777.58,878.61,99.01,187.24
777.6,876.01,99.01,187.24
776.97,873.33,98.03,185.38
778.56,872.68,97.059,183.55
779.43,872.71,95.147,179.93
778.9,867.42,97.059,183.55
777.37,862.92,98.03,185.38
778.62,862.2,97.059,183.55
779.79,861.86,95.147,179.93
780.36,860.17,94.205,178.15
779.86,856.38,95.147,179.93
780.47,855.01,94.205,178.15
779.06,848.98,97.059,183.55
779.18,846.29,97.059,183.55
779.9,845.99,95.147,179.93
780.21,844.26,94.205,178.15
780.55,842.46,94.205,178.15
780.25,839.77,94.205,178.15
779.71,837.42,93.272,176.39
779.35,833.75,95.147,179.93
779.9,832.43,94.205,178.15
778.26,826.56,96.098,181.73
779.59,826.33,95.147,179.93
779.81,825.15,93.272,176.39
780.78,824.54,92.348,174.64
779.48,820.18,93.272,176.39
779.43,816.62,95.147,179.93
779.25,814.45,95.147,179.93
780.37,815.77,92.348,174.64
780.4,813.16,92.348,174.64
779.89,808.64,94.205,178.15
778.99,805.13,95.147,179.93
778.54,803.04,95.147,179.93
780.15,803.62,92.348,174.64
780.39,801.98,92.348,174.64
780.83,800.21,91.434,172.91
779.6,795.5,94.205,178.15
780.77,794.9,92.348,174.64
781.38,793.79,91.434,172.91
781.64,791.34,91.434,172.91
781.33,788.72,92.348,174.64
781.81,787.67,91.434,172.91
781.34,784.23,92.348,174.64
781.25,781.94,92.348,174.64
781.12,780.02,92.348,174.64
781.66,779.23,91.434,172.91
781.27,777.19,90.529,171.2
779.67,772.5,93.272,176.39
779.74,770.46,93.272,176.39
781.38,771.23,90.529,171.2
783.01,772.26,88.745,167.82
783.39,770.72,88.745,167.82
783.44,769.22,88.745,167.82
783.56,766.1,89.632,169.5
783.95,764.4,89.632,169.5
784.24,763.66,88.745,167.82
784.48,761.82,88.745,167.82
782.85,756.66,90.529,171.2
784.37,757.29,89.632,169.5
783.22,753.54,90.529,171.2
783.22,751.71,91.434,172.91
785.03,752.94,88.745,167.82
783.58,748.23,91.434,172.91
783.81,746.02,90.529,171.2
783.47,744.27,90.529,171.2
784.91,745.61,88.745,167.82
784.89,743.02,89.632,169.5
785.49,743.11,86.996,164.52
785.34,741.09,86.996,164.52
785.42,739.42,86.996,164.52
785.27,736.69,88.745,167.82
785.31,736.18,86.996,164.52
784.86,733.84,87.866,166.16
785.02,731.54,88.745,167.82
785.35,730.93,86.996,164.52
785.34,728.15,88.745,167.82
784.84,726.07,89.632,169.5
785.18,726.25,86.996,164.52
784.98,723.86,87.866,166.16
786.86,724.78,86.135,162.89
785.49,721.65,86.996,164.52
785.1,719.14,87.866,166.16
785.91,718.82,86.996,164.52
785.86,717.36,86.996,164.52
786.74,717.54,86.135,162.89
784.99,713.43,88.745,167.82
784.11,711.67,88.745,167.82
784.14,713.36,86.135,162.89
780.75,709.09,88.745,167.82
778.11,706.5,89.632,169.5
776.6,707.06,86.996,164.52
776.33,708.81,85.282,161.28
772.46,704.64,86.996,164.52
769.69,702.29,88.745,167.82
768.16,701.19,88.745,167.82
765.87,701.28,86.996,164.52
765.02,701.75,86.135,162.89
763.14,700.53,86.135,162.89
759.98,696.14,88.745,167.82
757.41,695.95,86.996,164.52
755.28,694.87,86.996,164.52
754.53,696.32,85.282,161.28
751.45,694.37,86.135,162.89
749.06,695.33,83.602,158.1
746.52,691.86,86.135,162.89
743.33,691.77,84.438,159.68
739.36,687.57,86.996,164.52
736.72,685.21,88.745,167.82
735.34,687.02,86.135,162.89
733.49,687.15,85.282,161.28
731.25,686.04,85.282,161.28
728.7,685.08,85.282,161.28
726.14,684.35,84.438,159.68
724.78,682.79,85.282,161.28
723.26,681.62,85.282,161.28
721.06,681.78,83.602,158.1
721.33,682.43,82.774,156.53
717.44,679.71,83.602,158.1
715.53,677.6,84.438,159.68
715.71,679.35,82.774,156.53
712.44,675.32,85.282,161.28
712.48,677.6,82.774,156.53
709.15,673.61,85.282,161.28
707.62,672.68,85.282,161.28
706.17,671.66,85.282,161.28
702.67,667.1,86.996,164.52
702.45,668.15,86.135,162.89
701.35,667.16,86.135,162.89
699.77,668,83.602,158.1
699.02,668.78,82.774,156.53
695.94,664.9,84.438,159.68
694.54,663.48,85.282,161.28
691.36,659.09,86.996,164.52
691.91,661.07,85.282,161.28
690.15,661.08,83.602,158.1
689.06,658.85,85.282,161.28
687.43,657.82,84.438,159.68
686.05,656.63,84.438,159.68
684.77,654.31,86.135,162.89
683.91,654.08,85.282,161.28
680.97,650.33,86.996,164.52
681.44,652.18,85.282,161.28
681.38,654.6,82.774,156.53
678.41,649.98,85.282,161.28
677.47,650.39,83.602,158.1
676.22,648.85,84.438,159.68
675.39,649.11,83.602,158.1
674.12,647.93,83.602,158.1
672.41,646.36,84.438,159.68
671.36,646.84,83.602,158.1
672.9,650.31,81.143,153.45
671.85,650.45,79.544,150.43
670.49,647.98,81.954,154.98
669.74,648.18,80.34,151.93
668.72,645.29,82.774,156.53
669.22,646.55,80.34,151.93
669.99,646.16,81.143,153.45
670.72,645.29,80.34,151.93
671.18,644.24,81.143,153.45
670.97,641.75,82.774,156.53
672.23,643.3,80.34,151.93
672.41,642.78,80.34,151.93
673.19,641.79,81.143,153.45
674.06,639.71,81.954,154.98
674.49,637.98,82.774,156.53
674.52,635.15,83.602,158.1
676.47,636.83,82.774,156.53
677.81,636.09,82.774,156.53
678.25,637.45,80.34,151.93
679.2,637.56,79.544,150.43
679.18,635.95,80.34,151.93
679.81,637.22,79.544,150.43
679.98,637.82,78.757,148.94
682.14,640.31,77.205,146
680.63,635.08,79.544,150.43
680.97,634.44,78.757,148.94
680.8,632.01,80.34,151.93
680.74,629.9,81.954,154.98
681.16,631.2,79.544,150.43
680.74,630.31,79.544,150.43
682.9,634.74,77.205,146
683.05,634.96,77.205,146
683.15,633.67,77.977,147.46
681.5,630.02,79.544,150.43
681.29,629.67,79.544,150.43
680.92,628.47,79.544,150.43
682.38,630.38,77.977,147.46
682.17,630.39,77.205,146
683.66,630.23,76.44,144.56
684.2,632.32,74.192,140.3
682.99,632.81,73.458,138.92
683.5,633.27,72.73,137.54
683.15,632.94,72.73,137.54
682.79,631.18,74.192,140.3
682.57,628.44,75.684,143.12
681.85,624.75,77.977,147.46
683.11,626.36,76.44,144.56
682.56,624.72,77.205,146
683.63,627.06,74.934,141.71
682.54,623.54,77.205,146
683.19,625.17,75.684,143.12
682.67,622.66,77.205,146
682.44,620.9,77.977,147.46
682.39,620.07,77.977,147.46
681.26,616.22,79.544,150.43
681.33,616.71,78.757,148.94
683.42,618.21,77.977,147.46
681.53,613.54,80.34,151.93
682.33,613.58,79.544,150.43
683.08,612.49,80.34,151.93
684.21,613.25,79.544,150.43
686.3,616.5,77.205,146
687.24,614.74,77.977,147.46
689.59,617.1,75.684,143.12
689.15,613.4,77.977,147.46
691.1,614.03,77.205,146
692.24,613.78,77.205,146
693.3,612.26,77.977,147.46
697.12,614.83,75.684,143.12
697.76,612.02,77.205,146
700.53,612.06,76.44,144.56
704.14,613.4,74.934,141.71
707.17,614.32,73.458,138.92
709.97,613.67,73.458,138.92
713.89,613.24,72.73,137.54
717.37,611.26,73.458,138.92
721.49,608.72,74.934,141.71
725.74,610.58,72.73,137.54
729.33,608.04,74.192,140.3
731.63,604.29,76.44,144.56
735.44,603.97,76.44,144.56
739.03,602.8,76.44,144.56
744.48,605.49,74.192,140.3
747.04,601.78,76.44,144.56
752.05,604.43,74.192,140.3
756.47,606.37,72.01,136.18
760.48,605.65,72.01,136.18
763.8,604.1,72.73,137.54
768.22,604.87,72.01,136.18
772.02,601.96,74.192,140.3
775.56,601.25,74.192,140.3
780.56,603.35,72.01,136.18
783.8,601,73.458,138.92
788.08,601.58,72.73,137.54
792.27,598.78,74.934,141.71
796.33,599.68,73.458,138.92
801.38,601.45,72.01,136.18
805.84,601.72,71.297,134.83
809.34,599.66,72.73,137.54
813.99,601.23,71.297,134.83
817.97,599.03,72.73,137.54
821.62,598.77,72.73,137.54
826.21,600.43,71.297,134.83
829.79,597.38,73.458,138.92
833.85,595.54,74.934,141.71
838.61,596.42,74.192,140.3
842.98,596.07,74.192,140.3
846.92,592.82,76.44,144.56
851.48,592.9,76.44,144.56
855.68,591.37,77.205,146
861,594.28,74.934,141.71
864.88,595.69,73.458,138.92
868.76,594.7,74.192,140.3
872.97,596.03,72.73,137.54
877.76,593.98,74.192,140.3
882.72,596.49,72.01,136.18
887.61,595.47,72.73,137.54
892.78,596.02,72.01,136.18
896.51,593.94,73.458,138.92
902.23,594.92,72.73,137.54
908.38,597.62,70.591,133.49
911.57,594.53,72.73,137.54
916.57,592.7,74.192,140.3
919.74,592.43,74.192,140.3
924.13,592.11,73.458,138.92
929.06,592.95,72.73,137.54
932.66,590,74.934,141.71
937.78,590.66,74.192,140.3
943.07,591.55,72.73,137.54
947.85,592.07,72.01,136.18
952.91,592.88,71.297,134.83
957.71,592.24,71.297,134.83
962.26,592.11,71.297,134.83
965.52,588.9,73.458,138.92
970.26,589.28,72.73,137.54
974.52,587.37,74.192,140.3
979.03,586.15,74.934,141.71
982.74,582.55,77.205,146
988.48,585.37,74.934,141.71
993.77,587.69,72.73,137.54
999.18,590.16,70.591,133.49
1003.2,587.83,72.01,136.18
1008.3,589.35,70.591,133.49
1011.9,586.12,72.73,137.54
1015.8,584.71,73.458,138.92
1020.6,585.17,72.73,137.54
1024.3,583.89,73.458,138.92
1029.2,584.66,72.73,137.54
1033.6,584.43,72.73,137.54
1037.8,583.75,72.73,137.54
1041.9,582.59,73.458,138.92
1046.1,582.03,73.458,138.92
1050.4,582.54,72.73,137.54
1054.7,582.01,72.73,137.54
1059,581.7,72.73,137.54
1063.2,581.25,72.73,137.54
1067.8,582.56,71.297,134.83
1072,581.34,72.01,136.18
1075.5,580.22,72.73,137.54
1079.4,579.58,72.73,137.54
1084.5,580.19,72.01,136.18
1088.6,579.47,72.01,136.18
1093,580.39,71.297,134.83
1096,578.01,72.73,137.54
1100.9,579.28,71.297,134.83
1105.5,580.9,69.892,132.17
1108.3,577.82,72.01,136.18
1111.7,576.56,72.73,137.54
1115.8,576.78,72.01,136.18
1119.9,576.39,72.01,136.18
1123.1,574.69,72.73,137.54
1126.7,574.17,72.73,137.54
1130.3,572.43,74.192,140.3
1134.5,574.11,72.01,136.18
1137.3,571.6,73.458,138.92
1141.5,573.06,72.01,136.18
1144.8,571.46,72.73,137.54
1147.2,568.66,74.934,141.71
1151,569.53,73.458,138.92
1155,570.15,72.73,137.54
1157.7,567.4,74.934,141.71
1161.7,569.24,72.73,137.54
1165,568.89,72.73,137.54
1167.9,568.35,72.73,137.54
1170.5,567.28,73.458,138.92
1173.6,564.47,75.684,143.12
1177,566.65,73.458,138.92
1180.3,566.13,73.458,138.92
1183.3,566.43,72.73,137.54
1185.9,564.48,74.192,140.3
1188.7,565.37,72.73,137.54
1191.3,565.26,72.73,137.54
1193.7,563.23,74.192,140.3
1196.8,564.4,72.73,137.54
1199.2,563.65,72.73,137.54
1201.8,560.6,74.934,141.71
1205.5,562.41,72.73,137.54
1207.4,559.7,74.934,141.71
1209.8,557.3,76.44,144.56
1212.1,556.69,76.44,144.56
1215.2,556.63,76.44,144.56
1217.8,556.15,76.44,144.56
1220.2,555.71,76.44,144.56
1222.6,555.29,76.44,144.56
1225.3,556.8,74.934,141.71
1227,554.23,76.44,144.56
1229.6,553.85,76.44,144.56
1231.8,553.7,76.44,144.56
1231.7,549.02,78.757,148.94
1234.5,552.47,76.44,144.56
1235.6,552.04,76.44,144.56
1236.6,552.65,75.684,143.12
1237.8,553.7,74.192,140.3
1238.2,553.37,74.192,140.3
1238.3,554.06,72.73,137.54
1239,553.51,72.73,137.54
1239.9,553.14,72.73,137.54
1241.3,551.74,73.458,138.92
1241.1,548.63,75.684,143.12
1240.7,545.31,77.977,147.46
1238.1,542.82,78.757,148.94
1240.5,546.37,76.44,144.56
1240.2,544.98,77.205,146
1240.8,546.33,75.684,143.12
1240.2,544.05,77.205,146
1240.2,544.34,76.44,144.56
1239.8,542.83,77.205,146
1240.8,544.17,75.684,143.12
1240.3,541.98,77.205,146
1238.7,538.5,78.757,148.94
1240.6,541.07,77.205,146
1241.2,540.06,77.977,147.46
1243.3,541.39,76.44,144.56
1244.7,540.99,76.44,144.56
1245.3,539.71,77.205,146
1246.7,538.2,77.977,147.46
1248.1,539.02,77.205,146
1249.5,538.54,77.205,146
1250.7,538.3,77.205,146
1251.4,536.86,77.977,147.46
1253.4,538.46,76.44,144.56
1254.8,537.4,77.205,146
1252.8,533.25,79.544,150.43
1254.3,533.6,78.757,148.94
1255.3,533.3,78.757,148.94
1256.9,532.83,78.757,148.94
1258.9,534.28,77.977,147.46
1260.3,535,77.205,146
1261,534.89,77.205,146
1260.1,531.84,78.757,148.94
1262.6,535.5,76.44,144.56
1263.9,535.17,76.44,144.56
1263.6,533.29,77.977,147.46
1264.2,533.01,77.977,147.46
1263.1,531.17,78.757,148.94
1264.6,532.96,77.977,147.46
1266.6,535.18,76.44,144.56
1267.6,535.25,76.44,144.56
1267.4,533.76,77.205,146
1268,534.42,76.44,144.56
1268.6,533.21,77.205,146
1268.5,533.16,77.205,146
1268.7,531.33,77.977,147.46
1269.5,531.92,77.205,146
1268.2,528.92,78.757,148.94
1270.5,532.72,76.44,144.56
1271.3,532.53,76.44,144.56
1270.9,532.26,76.44,144.56
1271.4,532.18,76.44,144.56
1271.8,531.94,76.44,144.56
1271.3,529.91,77.977,147.46
1272.4,530.59,77.205,146
1272.8,531.6,76.44,144.56
1272.3,530.7,77.205,146
1273.6,533.88,74.934,141.71
1273,531.42,76.44,144.56
1273,531.01,76.44,144.56
1273.5,533.21,74.934,141.71
1273.5,535.67,72.73,137.54
1272.4,533.26,74.934,141.71
1272.2,531.19,76.44,144.56
1272.6,532.02,75.684,143.12
1272.9,531.84,75.684,143.12
1272.6,530,76.44,144.56
1272.9,530.15,76.44,144.56
1272.3,529.45,76.44,144.56
1271.4,528.01,77.205,146
1269.2,523.88,78.757,148.94
1270.6,528.8,76.44,144.56
1271.4,531.84,74.192,140.3
1269.4,528.79,76.44,144.56
1268.7,527.61,77.205,146
1268,530.02,75.684,143.12
1267,532.62,73.458,138.92
1265.6,533.27,72.73,137.54
1264.6,532.32,73.458,138.92
1264.5,533.22,72.73,137.54
1264.8,533.02,72.73,137.54
1264.2,532.81,72.73,137.54
1264.6,533.34,72.01,136.18
1264.1,532.26,72.73,137.54
1264.5,535.2,70.591,133.49
1263.9,533.65,71.297,134.83
1263.3,531.66,72.73,137.54
1262.1,531.54,72.73,137.54
1261.9,531.4,72.73,137.54
1260,530.33,73.458,138.92
1258.7,529.69,74.192,140.3
1258.4,531.06,72.73,137.54
1257.6,532.74,71.297,134.83
1256.5,529.32,73.458,138.92
1256.5,531.13,72.01,136.18
1256.1,531.8,71.297,134.83
1257,534.75,69.2,130.86
1255.1,533.46,69.892,132.17
1253.6,531.52,71.297,134.83
1252.1,529.53,72.73,137.54
1251.4,529.56,72.73,137.54
1250.4,529.59,72.73,137.54
1249,529.29,72.73,137.54
1247.7,528.98,72.73,137.54
1246.4,527.54,74.192,140.3
1244.3,524.65,76.44,144.56
1243.1,524.5,76.44,144.56
1242.8,526.07,74.934,141.71
1242.2,526.78,74.192,140.3
1240.8,526.37,74.192,140.3
1239.7,527.65,72.73,137.54
1238.8,528.48,72.01,136.18
1237.2,526.06,74.192,140.3
1236,527.72,72.73,137.54
1234.5,526.05,74.192,140.3
1233.3,527.54,72.73,137.54
1231.7,527.51,72.73,137.54
1229.8,526.25,74.192,140.3
1228.2,525.54,74.934,141.71
1227,526.56,74.192,140.3
1225.5,525.66,74.934,141.71
1222.9,523.91,76.44,144.56
1221.8,525.27,75.684,143.12
1221,527.37,74.192,140.3
1219.6,530.04,72.01,136.18
1219.2,531.76,70.591,133.49
1216.3,529.07,72.73,137.54
1214.1,528.18,73.458,138.92
1213.1,530.76,72.01,136.18
1210.9,528.91,73.458,138.92
1209.6,530.03,72.73,137.54
1207.4,528.74,74.192,140.3
1206.6,531.24,72.01,136.18
1204.1,531.09,72.73,137.54
1202.7,530.95,72.73,137.54
1201.8,533.22,71.297,134.83
1198.9,531.48,72.73,137.54
1196.8,530.22,74.192,140.3
1194.9,529.45,74.934,141.71
1191.8,527.84,76.44,144.56
1191.9,531.38,74.192,140.3
1190.7,533.7,72.01,136.18
1189.6,536.74,69.892,132.17
1188.8,538.88,69.2,130.86
1186.2,537.11,69.892,132.17
1185.7,539.95,68.515,129.57
1183.6,540.54,67.837,128.29
1181.7,539.68,69.2,130.86
1178.1,536.95,70.591,133.49
1174.3,534.92,72.73,137.54
1173.4,537.18,71.297,134.83
1171.6,536.33,72.01,136.18
1171.4,539.52,69.892,132.17
1168.8,537.7,71.297,134.83
1169.8,541.59,69.2,130.86
1168,542.21,69.2,130.86
1166.5,542.7,69.2,130.86
1163.4,540.94,70.591,133.49
1163.3,543.56,69.2,130.86
1161.7,544.41,69.2,130.86
1158.3,542.96,70.591,133.49
1156,540.12,72.73,137.54
1156.2,543.42,70.591,133.49
1154,542.44,72.01,136.18
1151.8,541.82,72.73,137.54
1151.1,542.16,72.73,137.54
1148.4,541.35,74.192,140.3
1146.5,542.16,73.458,138.92
1146.1,545.46,71.297,134.83
1146.3,549.21,69.2,130.86
1143.2,547.04,70.591,133.49
1143,550.11,69.2,130.86
1142.3,550.26,69.2,130.86
1140,549.06,69.892,132.17
1140.3,550.92,69.2,130.86
1137.1,547.98,71.297,134.83
1137.9,551.74,69.2,130.86
1136.4,552.25,69.2,130.86
1135.1,553.02,69.2,130.86
1134.1,553.81,69.2,130.86
1131.7,552.88,69.892,132.17
1131.7,554.59,69.2,130.86
1128.6,551.63,71.297,134.83
1126.8,550.63,72.73,137.54
1125.8,552.16,72.01,136.18
1124.3,551.51,72.73,137.54
1124.3,554.94,70.591,133.49
1123.2,556.29,69.892,132.17
1121.8,557.03,69.892,132.17
1121.6,559.88,68.515,129.57
1120.1,559.59,69.2,130.86
1119.2,560.3,69.2,130.86
1117,559.25,69.892,132.17
1117.1,561.59,69.2,130.86
1116.6,563.23,68.515,129.57
1113.8,560.06,70.591,133.49
1112.9,560.85,70.591,133.49
1113.9,564.6,68.515,129.57
1111.1,562.16,70.591,133.49
1111.6,565.17,69.2,130.86
1110.8,565.93,69.2,130.86
1110,566.45,69.2,130.86
1108.8,567,69.2,130.86
1107.9,567.91,69.2,130.86
1105.9,567.49,69.892,132.17
1106.5,570.3,68.515,129.57
1105.1,571.27,67.837,128.29
1104.7,571.69,68.515,129.57
1103.8,572.41,68.515,129.57
1102.6,573.45,67.837,128.29
1102.2,573.97,68.515,129.57
1100.9,573.57,69.2,130.86
1100.2,575.15,68.515,129.57
1098.2,573.33,69.892,132.17
1098.8,576.2,68.515,129.57
1097.8,577.25,68.515,129.57
1096.2,577.03,69.2,130.86
1095.8,579.13,67.837,128.29
1094.9,580.28,67.837,128.29
1094.2,580.68,68.515,129.57
1092.9,581.81,68.515,129.57
1092,582.31,68.515,129.57
1090.8,582.03,69.2,130.86
1089.3,581.14,69.892,132.17
1089.2,583.77,69.2,130.86
1088.7,584.47,69.2,130.86
1086,583.08,70.591,133.49
1087.2,586.06,69.2,130.86
1086.6,587.58,68.515,129.57
1085.5,587.48,69.2,130.86
1084.7,589.51,67.837,128.29
1082.8,587.56,69.892,132.17
1083.2,589.8,69.2,130.86
1082,590.57,69.2,130.86
1081.3,591.38,69.2,130.86
1080.2,592.36,69.2,130.86
1078.6,591.44,69.892,132.17
1079.3,594.51,68.515,129.57
1077.8,594.69,69.2,130.86
1077.1,596.46,68.515,129.57
1074.6,593.97,70.591,133.49
1074.2,595.51,69.892,132.17
1073.2,595.11,70.591,133.49
1072.8,596.61,69.892,132.17
1072.8,598.98,69.2,130.86
1071.6,599.94,69.2,130.86
1071.4,601.43,68.515,129.57
1070.4,602.28,68.515,129.57
1068.9,602.5,69.2,130.86
1068.2,604.01,68.515,129.57
1067.6,603.5,69.2,130.86
1065.2,600.96,71.297,134.83
1065.5,605.19,69.2,130.86
1063.5,604.47,69.892,132.17
1063.8,607.36,68.515,129.57
1063.1,609.5,67.165,127.02
1060.9,608.42,69.2,130.86
1060.2,608.71,69.2,130.86
1057.9,607.48,70.591,133.49
1058.1,610.48,69.2,130.86
1056.4,609.57,69.892,132.17
1056.2,611.64,69.2,130.86
1054,610.1,70.591,133.49
1052.9,610.61,70.591,133.49
1051.9,610,71.297,134.83
1052.3,613.62,69.2,130.86
1051.7,615.09,68.515,129.57
1050.4,614.56,69.2,130.86
1049.3,616.16,68.515,129.57
1047.4,615.93,69.2,130.86
1046.8,616.05,69.2,130.86
1045.3,616.38,69.2,130.86
1044.7,618.74,67.165,127.02
1042.7,617.46,69.2,130.86
1041.2,617.76,69.2,130.86
1040,618.16,69.2,130.86
1037.8,616.93,69.892,132.17
1037.5,618.68,69.2,130.86
1036.3,620.14,68.515,129.57
1034.8,619.71,69.2,130.86
1033.9,621.17,67.837,128.29
1032.5,621.27,68.515,129.57
1031.1,620.2,69.2,130.86
1029.5,621.05,69.2,130.86
1028.3,622.27,67.837,128.29
1026.7,621.41,69.2,130.86
1025.1,621.71,69.2,130.86
1023.5,622.09,69.2,130.86
1021.1,620.84,69.892,132.17
1020.7,622.41,69.2,130.86
1018.2,621.29,69.892,132.17
1015.6,619.41,71.297,134.83
1014.7,620.9,70.591,133.49
1014,621.69,69.892,132.17
1012.8,623.37,69.2,130.86
1011.4,623.7,69.2,130.86
1009.9,624.74,68.515,129.57
1008.3,624.22,69.2,130.86
1007.2,625.39,67.837,128.29
1005.5,624.16,69.2,130.86
1001.8,621.47,71.297,134.83
1000.8,623.31,69.892,132.17
1000.3,625.02,69.2,130.86
997.13,623.01,70.591,133.49
997.44,626.29,68.515,129.57
994.69,625.61,69.2,130.86
993.72,626.74,68.515,129.57
991.36,625.86,69.2,130.86
989.33,626.06,69.2,130.86
986.91,624.42,69.892,132.17
986.22,625.71,69.2,130.86
983.45,624.53,69.892,132.17
981.66,624.36,69.892,132.17
979.73,624.36,69.892,132.17
978.87,625.69,69.2,130.86
977.09,625.54,69.2,130.86
974.29,623.82,69.892,132.17
973.55,625.04,69.2,130.86
969.86,622.14,71.297,134.83
967.69,620.02,72.73,137.54
966.82,622.55,70.591,133.49
964.94,623.59,69.892,132.17
962.02,620.76,72.01,136.18
961.14,623.31,69.892,132.17
960.42,625.02,69.2,130.86
958.27,625.27,69.2,130.86
955.61,623.9,69.892,132.17
954.99,626.28,68.515,129.57
952.88,625.5,69.2,130.86
949.69,623.14,70.591,133.49
947.29,621.3,72.01,136.18
945.2,620.41,72.73,137.54
944.27,622.24,71.297,134.83
942.35,622.15,71.297,134.83
940.29,620.07,72.73,137.54
939.2,621.86,71.297,134.83
937.47,621.93,71.297,134.83
937.12,625.1,69.2,130.86
934.96,625.03,69.2,130.86
932.76,623.29,69.892,132.17
930.1,620.43,72.01,136.18
929.59,622.91,69.892,132.17
928.45,625.16,68.515,129.57
926.66,624.06,69.2,130.86
924.86,624.85,68.515,129.57
923.45,624.73,68.515,129.57
920.48,622.3,69.892,132.17
918.19,620.25,71.297,134.83
915.73,618.39,72.73,137.54
914.8,620.17,71.297,134.83
914.01,621.61,69.892,132.17
911.35,619.95,71.297,134.83
910,620.79,70.591,133.49
908.9,620.58,70.591,133.49
906.57,619.74,71.297,134.83
906.55,622.71,69.2,130.86
903.3,619.45,71.297,134.83
901.77,619.31,71.297,134.83
899.61,617.52,72.73,137.54
897.36,616.59,73.458,138.92
896.77,619.26,71.297,134.83
895.37,620.05,70.591,133.49
892.8,617.37,72.73,137.54
890.66,617.38,72.73,137.54
889.26,617.21,72.73,137.54
887.09,616.09,73.458,138.92
885.9,617.06,72.73,137.54
884.85,618.89,71.297,134.83
882.25,616.09,73.458,138.92
881.13,616.9,72.73,137.54
880.41,618.65,71.297,134.83
877.85,617.74,72.01,136.18
876.64,618.62,71.297,134.83
874.22,616.75,72.73,137.54
873.35,618.74,71.297,134.83
872.1,620.54,69.892,132.17
870.23,619.57,70.591,133.49
868.81,620.65,69.892,132.17
867.04,619.86,70.591,133.49
865.85,620.7,69.892,132.17
864.26,620.87,69.892,132.17
862.71,620.97,69.892,132.17
861.82,622.25,69.2,130.86
860.7,622.26,69.2,130.86
857.99,620.98,69.892,132.17
855.51,619.59,71.297,134.83
853.34,618.4,72.01,136.18
851.86,617.41,72.73,137.54
850.57,617.46,72.73,137.54
849.91,620.26,70.591,133.49
847.89,618.57,72.01,136.18
846.88,620.57,70.591,133.49
844.54,619.02,72.01,136.18
842.86,618.25,72.73,137.54
841.13,618.3,72.73,137.54
839.88,619.46,72.01,136.18
837.93,618.64,72.73,137.54
836.99,619.78,72.01,136.18
835.57,619.86,72.01,136.18
833.46,618.89,72.73,137.54
831.83,618.95,72.73,137.54
830.97,619.82,72.01,136.18
829.09,618.86,72.73,137.54
827.74,619.62,72.73,137.54
826.61,619.7,72.73,137.54
824.82,619.79,72.73,137.54
823.99,621.79,71.297,134.83
821.73,620.11,72.73,137.54
820.11,619.48,73.458,138.92
818.79,620.55,72.73,137.54
817.84,621.7,72.01,136.18
815.73,620.72,72.73,137.54
814.75,621.71,72.01,136.18
812.77,619.16,74.192,140.3
811.32,620.03,73.458,138.92
810.5,619.86,74.192,140.3
808.87,620.06,74.192,140.3
807.48,620.53,73.458,138.92
806.07,618.08,75.684,143.12
804.87,620.66,73.458,138.92
803.52,621.72,72.73,137.54
802.04,621.83,72.73,137.54
800.8,620.7,74.192,140.3
798.49,617.85,76.44,144.56
798.16,620.78,74.192,140.3
796.83,621.18,74.192,140.3
795.53,622.75,72.73,137.54
794.01,620.77,74.934,141.71
792.93,620.72,74.934,141.71
791.29,620.96,74.934,141.71
790.38,622.39,74.192,140.3
787.79,619.79,76.44,144.56
787.3,621.7,74.934,141.71
785.55,620.66,75.684,143.12
784.98,622.65,74.192,140.3
783.31,621.1,75.684,143.12
782.75,623.33,74.192,140.3
780.62,621.65,75.684,143.12
779.48,621.51,75.684,143.12
778.77,623.63,74.192,140.3
777.49,623.81,74.192,140.3
775.87,622.06,75.684,143.12
773.93,621.39,76.44,144.56
772.64,621.56,76.44,144.56
772.33,624.72,74.192,140.3
770.59,623.65,74.934,141.71
768.99,622.63,75.684,143.12
767.61,621.83,76.44,144.56
766.02,622.09,76.44,144.56
764.98,622.26,76.44,144.56
764.63,625.26,74.192,140.3
763.39,625.83,74.192,140.3
761.64,624.81,74.934,141.71
759.74,622.92,76.44,144.56
759.45,625.61,74.192,140.3
756.97,622.84,76.44,144.56
756.18,622.89,76.44,144.56
754.66,623.47,76.44,144.56
753.12,623.49,76.44,144.56
751.21,621.61,77.977,147.46
750.88,623.33,76.44,144.56
750,624.47,75.684,143.12
747.3,621.56,77.977,147.46
746.9,623.3,76.44,144.56
745.63,623.45,76.44,144.56
744.27,623.51,76.44,144.56
742.68,622.66,77.205,146
742.14,623.81,76.44,144.56
741,623.87,76.44,144.56
740.04,624.79,75.684,143.12
738.93,623.24,77.205,146
738.17,624.25,76.44,144.56
737,623.19,77.205,146
736.44,624.42,76.44,144.56
735.36,623.37,77.205,146
733.82,622.74,77.977,147.46
733.05,622.85,77.977,147.46
733.03,624.59,76.44,144.56
731.64,623.7,77.205,146
730.75,622.82,77.977,147.46
730.65,624.76,76.44,144.56
730.24,624.52,76.44,144.56
727.21,620.54,78.757,148.94
728.21,624.85,76.44,144.56
727.07,623.91,77.205,146
725.76,623.14,77.977,147.46
724.61,623.17,77.977,147.46
722.32,621.42,78.757,148.94
721.61,621.4,78.757,148.94
720.43,619.7,81.143,153.45
719.04,620.22,80.34,151.93
719.21,622.29,78.757,148.94
717.99,621.73,79.544,150.43
717.56,621.77,79.544,150.43
716.57,621.02,80.34,151.93
715.98,621.16,80.34,151.93
716.94,625.42,77.977,147.46
716.09,625.42,77.977,147.46
716.34,627.57,76.44,144.56
715.08,625.69,77.977,147.46
714.78,626.86,77.205,146
714.33,626.91,77.205,146
713.66,626.92,77.205,146
711.69,623.92,78.757,148.94
710.31,621.82,80.34,151.93
709.65,622.23,80.34,151.93
709.14,622.49,80.34,151.93
711.07,626.43,77.977,147.46
711.84,628.26,76.44,144.56
711.62,628.22,76.44,144.56
710.61,626.3,77.977,147.46
709.8,626.59,77.977,147.46
708.01,623.52,79.544,150.43
707.72,623.5,79.544,150.43
706.67,622.68,80.34,151.93
705.82,622.87,80.34,151.93
705.89,624.89,78.757,148.94
705.32,623.98,79.544,150.43
705.72,624.75,78.757,148.94
706.79,626.89,77.977,147.46
704.5,623.04,80.34,151.93
704.67,624.91,78.757,148.94
704.46,624.7,78.757,148.94
703.19,623.89,79.544,150.43
702.35,622.46,80.34,151.93
701.98,622.56,80.34,151.93
702.24,623.38,79.544,150.43
701.62,623.41,79.544,150.43
701.13,623.22,79.544,150.43
700.95,621.93,81.143,153.45
701.04,622.68,79.544,150.43
700.45,622.7,79.544,150.43
700.58,621.59,81.143,153.45
701.03,623.75,78.757,148.94
700.78,623.69,78.757,148.94
700.49,623.86,78.757,148.94
699.47,622.01,81.143,153.45
700,624.26,78.757,148.94
698.52,622.49,80.34,151.93
698.91,622.64,81.143,153.45
698.37,622.77,80.34,151.93
698.18,621.69,81.954,154.98
699.05,623.6,79.544,150.43
698.12,622.82,80.34,151.93
698.23,622.82,80.34,151.93
698.46,623.82,79.544,150.43
697.92,622.68,80.34,151.93
697.91,622.75,80.34,151.93
697.61,622.77,80.34,151.93
697.12,622.94,80.34,151.93
697.16,622.83,80.34,151.93
697.02,622.77,80.34,151.93
696.59,622.8,80.34,151.93
696.3,621.99,81.954,154.98
697.4,623.8,79.544,150.43
696.83,622.99,80.34,151.93
696.47,622.87,80.34,151.93
697.02,624.77,78.757,148.94
697.03,624.71,78.757,148.94
696.17,623,80.34,151.93
696.57,623.79,79.544,150.43
696.62,623.49,79.544,150.43
696.29,622.47,80.34,151.93
696.18,622.43,80.34,151.93
696.86,622.32,81.143,153.45
696.58,622.3,80.34,151.93
696.6,623.23,79.544,150.43
696.65,623.08,79.544,150.43
696.52,620.85,81.954,154.98
697.45,622.7,79.544,150.43
696.84,621.73,80.34,151.93
697.32,622.58,79.544,150.43
697.36,621.24,81.143,153.45
696.95,620.93,80.34,151.93
697.03,620.64,80.34,151.93
696.38,620.48,80.34,151.93
696.4,620.37,80.34,151.93
696.8,621.28,79.544,150.43
697.26,618.61,81.954,154.98
697.45,619.41,80.34,151.93
697.46,617.88,81.954,154.98
697.91,618.87,80.34,151.93
698.43,619.86,79.544,150.43
698.77,619.63,79.544,150.43
698.97,618.39,80.34,151.93
699.82,619.09,79.544,150.43
699.39,618.24,80.34,151.93
699.9,618.24,80.34,151.93
700.98,618.85,79.544,150.43
701.14,617.59,80.34,151.93
702.01,619.15,78.757,148.94
701.82,617.05,81.143,153.45
702.96,616.93,81.143,153.45
703.4,617.84,79.544,150.43
703.25,615.68,81.954,154.98
704.32,616.4,81.143,153.45
704.76,617.92,78.757,148.94
704.99,616.97,79.544,150.43
704.58,615,81.954,154.98
705.75,615.76,81.143,153.45
706.49,615.53,81.143,153.45
707.1,615.38,81.143,153.45
707.23,615.19,81.143,153.45
707.46,613.51,81.954,154.98
708.53,615.16,79.544,150.43
708.81,614.76,79.544,150.43
708.5,613.34,80.34,151.93
709.55,614.03,79.544,150.43
709.69,612.82,80.34,151.93
711.28,614.22,78.757,148.94
711.06,612,81.143,153.45
711.34,612.01,81.143,153.45
710.83,609.85,82.774,156.53
712.28,611.62,81.143,153.45
712.85,611.45,81.143,153.45
713.38,612.81,78.757,148.94
713.65,611.64,79.544,150.43
713.49,610.41,80.34,151.93
714.03,610.37,80.34,151.93
714.98,611.12,79.544,150.43
715.92,611.71,78.757,148.94
716.69,611.56,78.757,148.94
716.44,609.53,80.34,151.93
717.09,610.1,79.544,150.43
718.19,610.81,78.757,148.94
718.51,609.43,79.544,150.43
718.55,608.61,80.34,151.93
719.58,609.08,79.544,150.43
719.33,606.91,81.954,154.98
720.11,607.64,81.143,153.45
720.06,607.15,80.34,151.93
720.8,607.61,79.544,150.43
720.86,606.44,80.34,151.93
721.11,606.15,80.34,151.93
721.59,605.65,80.34,151.93
721.63,605.48,80.34,151.93
721.97,605.07,80.34,151.93
723.85,606.79,78.757,148.94
723.74,605.79,79.544,150.43
724.19,606.52,78.757,148.94
723.74,604.33,80.34,151.93
724.17,603.96,81.143,153.45
725.22,604.83,79.544,150.43
727.27,607.56,77.977,147.46
727.81,607.63,77.977,147.46
726.06,603.75,80.34,151.93
727.07,602.93,81.143,153.45
727.66,604.93,78.757,148.94
726.93,602.79,80.34,151.93
727.79,603.63,79.544,150.43
728.11,603.99,78.757,148.94
727.66,602.06,80.34,151.93
728.4,602.17,79.544,150.43
728.51,601.66,79.544,150.43
728.03,600.54,80.34,151.93
728.87,599.73,80.34,151.93
729.11,597.45,82.774,156.53
730.32,598.71,81.143,153.45
730.46,599.16,79.544,150.43
730.64,598.54,79.544,150.43
731.08,597.1,80.34,151.93
731.85,596.65,81.143,153.45
732.44,596.1,81.143,153.45
733.05,596.04,81.143,153.45
733.54,597.38,78.757,148.94
733.04,595.31,80.34,151.93
735.31,598.45,77.977,147.46
734.31,594.54,80.34,151.93
734.67,593.59,81.954,154.98
735.64,594.95,79.544,150.43
736.32,593.84,81.143,153.45
737.35,595.34,78.757,148.94
737.36,593.08,81.143,153.45
737.9,592.76,81.143,153.45
738.31,593.05,79.544,150.43
738.93,592.61,79.544,150.43
738.94,591.32,80.34,151.93
739.98,591.92,79.544,150.43
739.98,589.9,81.954,154.98
741.18,590.45,81.143,153.45
741.75,591.2,79.544,150.43
742.42,591.15,79.544,150.43
742.66,588.81,81.954,154.98
743.49,590.21,79.544,150.43
744.38,589.1,81.143,153.45
744.77,589.16,79.544,150.43
745.75,587.77,81.143,153.45
746.48,588.45,79.544,150.43
746.68,586.92,80.34,151.93
747.24,586.52,80.34,151.93
748.33,587.4,78.757,148.94
748.53,584.92,81.143,153.45
749.8,586.37,78.757,148.94
749.62,583.91,80.34,151.93
750.18,583.26,80.34,151.93
751.45,583.76,79.544,150.43
751.86,582.49,80.34,151.93
752.87,583.14,79.544,150.43
753.51,582.37,79.544,150.43
754.5,582.45,78.757,148.94
754.79,581.12,79.544,150.43
755.31,580.35,81.143,153.45
755.58,579.86,80.34,151.93
756.42,579.5,80.34,151.93
757.66,580.08,79.544,150.43
758.24,578.52,81.143,153.45
759.6,579.73,78.757,148.94
759.69,577.98,79.544,150.43
760.8,577.58,79.544,150.43
761.91,577.39,79.544,150.43
762.21,576.84,79.544,150.43
763.19,575.17,81.143,153.45
764.29,575.51,79.544,150.43
766.82,577.84,77.977,147.46
766.07,574.66,79.544,150.43
766.45,574.1,79.544,150.43
768.72,576.45,77.977,147.46
768.29,574.18,78.757,148.94
768.34,571.99,80.34,151.93
769.12,571.87,80.34,151.93
770.29,572.23,79.544,150.43
771.65,572.52,78.757,148.94
771.8,571.31,79.544,150.43
772.73,571.19,79.544,150.43
772.89,569.75,80.34,151.93
774.41,570.41,79.544,150.43
775.17,569.76,79.544,150.43
776.53,570.2,78.757,148.94
776.89,569.08,79.544,150.43
777.76,567.66,81.143,153.45
779.13,568.73,78.757,148.94
780.13,568.26,78.757,148.94
780.96,567.17,79.544,150.43
782.1,567.05,79.544,150.43
782.94,567,79.544,150.43
783.78,565.86,81.143,153.45
785.09,567.15,78.757,148.94
786.2,565.99,78.757,148.94
788.79,567.63,77.977,147.46
789.95,567.37,77.977,147.46
790.87,566.97,77.977,147.46
790.46,564.68,78.757,148.94
791.36,564.42,78.757,148.94
791.59,562.88,79.544,150.43
794.89,564.93,77.977,147.46
794.63,562.89,78.757,148.94
796.68,564.55,77.977,147.46
798.27,564.9,77.205,146
797.68,561.89,78.757,148.94
798.28,561.3,78.757,148.94
798.88,560.24,79.544,150.43
800.06,560.15,79.544,150.43
801.05,560.05,79.544,150.43
801.65,559.02,80.34,151.93
802.72,558.75,80.34,151.93
803.87,559.48,79.544,150.43
807.12,562,77.977,147.46
808,561.76,77.977,147.46
807.77,559.68,78.757,148.94
808.32,557.49,81.143,153.45
808.72,557.1,80.34,151.93
809.88,557.35,79.544,150.43
811.46,555.5,81.143,153.45
813.05,556.99,78.757,148.94
813.68,555.29,79.544,150.43
814.07,554.21,80.34,151.93
815.91,554.87,79.544,150.43
816.64,553.59,80.34,151.93
819.94,556.43,77.977,147.46
821.56,556.92,77.205,146
820.81,553.48,78.757,148.94
821.67,551.97,79.544,150.43
823.38,552.31,78.757,148.94
824.59,552.03,78.757,148.94
827.03,553.44,77.977,147.46
828.38,554.27,77.205,146
827.26,550.95,79.544,150.43
827.91,549.05,81.954,154.98
829.02,550.2,80.34,151.93
830.6,549.41,81.143,153.45
832.08,550.61,78.757,148.94
832.05,548.29,80.34,151.93
833.67,548.32,79.544,150.43
834.36,546.81,80.34,151.93
835.56,547.05,79.544,150.43
836.76,546.64,79.544,150.43
838.54,547.34,78.757,148.94
838.5,545.69,80.34,151.93
840.32,547.05,78.757,148.94
841.43,546.72,78.757,148.94
843.9,548.45,77.977,147.46
843.18,545.51,79.544,150.43
844.53,546.1,78.757,148.94
847.21,547.31,77.977,147.46
848.55,547.14,77.977,147.46
847.81,544.02,79.544,150.43
850.69,546.42,77.977,147.46
851.74,546.54,77.977,147.46
853.7,547.83,76.44,144.56
855.09,547.49,76.44,144.56
853.92,543.21,78.757,148.94
854.73,542.67,78.757,148.94
857.35,544.32,77.977,147.46
856.63,541.37,79.544,150.43
857.57,541.22,79.544,150.43
860.5,543.41,77.977,147.46
859.92,540.68,79.544,150.43
860.56,540.4,79.544,150.43
862.09,540.81,78.757,148.94
862.91,540.67,78.757,148.94
865.33,542.31,77.977,147.46
866.93,543.08,77.205,146
868.04,543.57,76.44,144.56
867,539.72,78.757,148.94
869.54,541.78,77.205,146
871.01,542.48,76.44,144.56
871.09,540.33,77.977,147.46
872.03,540.22,77.977,147.46
871.82,538.08,78.757,148.94
872.07,537.04,79.544,150.43
873.33,537.55,78.757,148.94
876.56,540.19,77.205,146
877.02,539.21,77.977,147.46
878.37,539.9,77.205,146
879.05,538.85,77.977,147.46
879.58,538.85,77.977,147.46
880.61,538.77,77.977,147.46
881.79,538.76,77.977,147.46
881.4,537.09,78.757,148.94
883.47,538.32,77.977,147.46
884.69,538.34,77.977,147.46
885.58,538.35,77.977,147.46
886.52,538.32,77.977,147.46
885.69,534.33,80.34,151.93
886.88,535.7,78.757,148.94
889.55,537.19,77.977,147.46
890.48,537.09,77.977,147.46
891.45,536.81,77.977,147.46
891.2,534.82,78.757,148.94
893.29,536.21,77.977,147.46
894.55,536.06,77.977,147.46
895.64,535.79,77.977,147.46
894.78,532.74,79.544,150.43
895.75,532.45,79.544,150.43
899.03,535.72,77.205,146
899.79,535.65,77.205,146
900.69,534.64,77.977,147.46
901.98,536.51,76.44,144.56
904.17,537.59,74.934,141.71
904.01,535.92,76.44,144.56
904.36,534.07,77.977,147.46
905.19,533.87,77.977,147.46
904.9,531.82,78.757,148.94
905.53,531.81,78.757,148.94
905.87,530.65,79.544,150.43
907.24,531.59,78.757,148.94
908.94,533.27,77.977,147.46
910.3,534.03,77.205,146
910.34,533.05,77.977,147.46
909.72,531.06,78.757,148.94
913.05,534.57,76.44,144.56
913.13,532.9,77.977,147.46
913.62,532.8,77.977,147.46
914.49,532.59,77.977,147.46
916.21,534.15,76.44,144.56
916.58,533.36,77.205,146
916.63,532.45,77.977,147.46
917.37,532.48,77.977,147.46
918.29,532.48,77.977,147.46
917.89,530.43,78.757,148.94
918.36,530.2,78.757,148.94
919.08,530.4,78.757,148.94
919.47,528.68,80.34,151.93
920.63,529.52,79.544,150.43
923.01,532.03,77.977,147.46
923.38,532.03,77.977,147.46
924.31,531.88,77.977,147.46
924.9,531.74,77.977,147.46
924.25,529.96,78.757,148.94
926.7,532.23,77.205,146
927.25,531.52,77.977,147.46
927.78,531.47,77.977,147.46
928.7,531.73,77.977,147.46
929.45,531.79,77.977,147.46
930.43,532.11,77.977,147.46
931.83,533.15,77.205,146
932.5,533.24,77.205,146
931.67,530.59,78.757,148.94
933.52,532.39,77.977,147.46
935.03,533.27,77.205,146
936.41,534.95,75.684,143.12
935.76,532.36,77.977,147.46
937.54,534.08,76.44,144.56
937.44,532.26,77.977,147.46
937.93,532.02,77.977,147.46
939.13,531.78,77.977,147.46
939.73,531.96,77.977,147.46
941.32,534.64,75.684,143.12
940.95,532.33,77.977,147.46
941.31,532.31,77.977,147.46
941.83,532.12,77.977,147.46
942.18,532.62,77.977,147.46
942.75,533.69,77.205,146
941.66,531.24,78.757,148.94
941.31,529.52,80.34,151.93
942.54,531.68,78.757,148.94
943.21,532.48,78.757,148.94
943.47,532.57,78.757,148.94
943.31,532.2,79.544,150.43
944.12,533.39,78.757,148.94
944.37,533.05,79.544,150.43
944.32,533.1,80.34,151.93
945.3,534.36,79.544,150.43
945.59,534.9,79.544,150.43
946.01,535.45,79.544,150.43
946.49,536.74,78.757,148.94
948.65,539.26,77.977,147.46
947.62,537.09,79.544,150.43
947.81,536.74,80.34,151.93
948.32,537.21,80.34,151.93
949.66,539.37,78.757,148.94
949.11,538.08,80.34,151.93
949.97,539.47,79.544,150.43
950.41,539.87,79.544,150.43
952.96,543.05,77.977,147.46
953.65,543.76,77.977,147.46
952.41,541.59,79.544,150.43
952.73,540.86,80.34,151.93
953.4,542.3,79.544,150.43
953.64,542.73,79.544,150.43
953.8,543.31,79.544,150.43
954.23,544.61,78.757,148.94
956.42,548.78,76.44,144.56
955.68,547.92,77.977,147.46
954.32,545.81,79.544,150.43
956.43,549.99,77.205,146
955.73,549.86,77.977,147.46
955.42,551.42,77.205,146
954.56,551.2,77.977,147.46
954.22,552.05,77.977,147.46
952.46,550.99,78.757,148.94
951.68,550.61,79.544,150.43
951.24,550.26,81.143,153.45
950.72,552.3,79.544,150.43
949.53,552.18,80.34,151.93
949.44,554.7,78.757,148.94
948.16,554.59,79.544,150.43
947.73,555.13,79.544,150.43
946.97,556.38,79.544,150.43
945.83,557.12,79.544,150.43
944.67,557.41,80.34,151.93
943.96,557.93,80.34,151.93
942.6,558.66,80.34,151.93
942,559.18,80.34,151.93
941.95,561.83,78.757,148.94
942.09,564.85,77.977,147.46
941.4,565.36,77.977,147.46
939.99,566.12,77.977,147.46
937.28,564.31,79.544,150.43
935.31,564.35,80.34,151.93
934.85,566.26,79.544,150.43
933.72,566.11,81.143,153.45
932,567.24,80.34,151.93
931.08,568.12,81.143,153.45
929.77,569.42,80.34,151.93
928.53,570.32,81.143,153.45
926.8,572.49,79.544,150.43
924.91,572.43,80.34,151.93
923.43,573.62,80.34,151.93
921.79,574.54,80.34,151.93
920.17,575.24,80.34,151.93
919.13,576.95,79.544,150.43
916.93,577.13,80.34,151.93
915.69,577.26,81.954,154.98
914.39,579.52,81.143,153.45
912.78,580.74,81.143,153.45
910.95,581.78,81.143,153.45
908.39,582.43,80.34,151.93
906.68,583.85,80.34,151.93
904.75,584.69,80.34,151.93
903.06,585.98,80.34,151.93
901.08,587.24,80.34,151.93
899.17,586.44,82.774,156.53
897.93,589.26,81.143,153.45
896.29,590.27,81.143,153.45
893.86,591.79,81.143,153.45
892.37,592.71,81.143,153.45
890.24,594.04,81.143,153.45
888.14,594.2,81.954,154.98
886.18,596.35,81.143,153.45
883.6,596.94,81.954,154.98
881.05,597.22,82.774,156.53
879.41,600.53,81.143,153.45
877.32,601.33,81.143,153.45
875.15,602.9,81.143,153.45
872.9,603.86,81.143,153.45
870.39,605.65,81.143,153.45
867.77,605.1,82.774,156.53
865.23,606.71,82.774,156.53
864,609.45,81.143,153.45
861.41,610.71,81.143,153.45
858.11,611.23,82.774,156.53
856.18,613.02,81.954,154.98
853.64,615.13,80.34,151.93
850.81,614.15,82.774,156.53
848.13,615.99,82.774,156.53
846.27,617.91,81.954,154.98
844.3,620.26,81.143,153.45
841.83,621.07,81.954,154.98
838.95,622.14,81.954,154.98
834.8,620.59,83.602,158.1
831.95,621.29,84.438,159.68
831.33,625.24,82.774,156.53
829.39,628.6,81.143,153.45
826.68,629.23,81.954,154.98
823.73,629.29,82.774,156.53
821.64,630.81,82.774,156.53
817.3,629.51,84.438,159.68
815.27,630.76,85.282,161.28
812.16,632.15,84.438,159.68
810.25,634.51,83.602,158.1
807.38,635.27,84.438,159.68
804.51,636.79,84.438,159.68
802.67,639.22,83.602,158.1
800.07,640,85.282,161.28
797.33,642.41,83.602,158.1
794.65,644.14,83.602,158.1
792.19,645.51,83.602,158.1
789.68,646.99,83.602,158.1
786.66,648.05,84.438,159.68
784.46,650.47,83.602,158.1
781.64,651.4,85.282,161.28
779.06,654.08,83.602,158.1
775.68,654.63,84.438,159.68
773.18,656.32,84.438,159.68
770.4,657.76,84.438,159.68
768.07,660.15,83.602,158.1
765.43,661.01,85.282,161.28
762.63,663.41,83.602,158.1
759.79,665.06,83.602,158.1
756.72,665.89,84.438,159.68
754.63,667.29,85.282,161.28
751.61,667.92,86.135,162.89
748.98,671.15,83.602,158.1
746.5,672.05,84.438,159.68
743.94,673.68,84.438,159.68
741.84,674.92,85.282,161.28
738.94,676.49,85.282,161.28
736,678.24,85.282,161.28
733.65,679.91,85.282,161.28
730.67,681.61,85.282,161.28
727.6,683.28,84.438,159.68
724.66,683.72,86.135,162.89
722.11,685.05,86.135,162.89
720.07,687.52,85.282,161.28
717.2,690.12,83.602,158.1
714.17,690.45,85.282,161.28
709.59,689.22,86.996,164.52
708.27,692.23,86.135,162.89
704.32,691.91,86.996,164.52
702.09,692.28,88.745,167.82
699.26,693.79,88.745,167.82
698.36,697.91,86.135,162.89
695.89,699.5,86.135,162.89
693.75,700.74,86.135,162.89
691.67,702.03,86.135,162.89
689.6,703.09,86.135,162.89
687.77,705.46,85.282,161.28
685.65,705.55,86.135,162.89
683.86,706.84,86.135,162.89
681.43,708.11,86.135,162.89
679.5,710.7,85.282,161.28
676.91,710.99,86.135,162.89
673.36,709.22,88.745,167.82
670.48,711.67,86.996,164.52
667.63,711.85,87.866,166.16
665.74,713.17,88.745,167.82
663.34,713.93,88.745,167.82
661.05,714.95,88.745,167.82
658.11,716.7,87.866,166.16
657.47,720.44,86.135,162.89
652.86,718.84,87.866,166.16
652.78,719.45,88.745,167.82
654.8,720.39,87.866,166.16
663.48,725.18,85.282,161.28
671.04,725.63,85.282,161.28
678.3,725.7,86.135,162.89
687.93,726.43,86.135,162.89
695.45,724.82,86.996,164.52
705.45,724.5,87.866,166.16
717.94,725.12,88.745,167.82
729.31,725.78,88.745,167.82
743.37,727.33,86.996,164.52
761.21,730.95,85.282,161.28
776.04,731.6,85.282,161.28
795.77,731.08,86.135,162.89
815.9,728.58,88.745,167.82
836.07,730.1,86.996,164.52
860.71,729.79,88.745,167.82
886.01,729.78,88.745,167.82
908.1,730.38,87.866,166.16
934.3,730.28,88.745,167.82
959.31,730.95,88.745,167.82
978.98,730.65,89.632,169.5
1000.6,728.37,91.434,172.91
1024.2,731.76,88.745,167.82
1042.8,731.91,87.866,166.16
1064.4,731.58,89.632,169.5
1086.7,733.15,88.745,167.82
1104,732.53,89.632,169.5
1124.5,734.13,88.745,167.82
1143.8,734.3,88.745,167.82
1159.7,737.62,86.135,162.89
1176.1,735,88.745,167.82
1191.2,736.62,86.996,164.52
1204.6,737.1,86.996,164.52
1220.6,736.2,88.745,167.82
1235.1,736.83,88.745,167.82
1248,736.94,88.745,167.82
1263.3,737.59,88.745,167.82
1277.5,738.82,86.996,164.52
1290.2,738.37,87.866,166.16
1303.8,735.9,90.529,171.2
1318.1,736.37,90.529,171.2
1330.4,736.63,90.529,171.2
1345.5,740.2,87.866,166.16
1358.7,741.42,86.996,164.52
1369.2,740.02,89.632,169.5
1381.3,741.18,88.745,167.82
1392.3,741.27,89.632,169.5
1401,738.5,92.348,174.64
1413.3,741.55,89.632,169.5
1424.4,741.95,89.632,169.5
1434.6,743.39,88.745,167.82
1445.8,743.44,88.745,167.82
1457.4,743.66,88.745,167.82
1466.3,741.16,91.434,172.91
1478.4,743.29,89.632,169.5
1489.2,743.77,89.632,169.5
1499,744.97,88.745,167.82
1507.6,741.97,91.434,172.91
1519.1,745.45,88.745,167.82
1529,748.67,86.135,162.89
1537.8,746.35,88.745,167.82
1547.3,745.39,89.632,169.5
1556.3,745.75,89.632,169.5
1565.1,743.34,92.348,174.64
1575.1,743.2,92.348,174.64
1586.5,746.5,89.632,169.5
1594.9,746.88,89.632,169.5
1605,747.9,88.745,167.82
1614.2,745.33,91.434,172.91
1622.9,747.5,89.632,169.5
1632,747.84,89.632,169.5
1639.9,745.97,91.434,172.91
1648.1,748.14,89.632,169.5
1657.5,749.35,88.745,167.82
1665.8,748.84,89.632,169.5
1673.5,749.99,88.745,167.82
1682.5,749.93,88.745,167.82
1691.6,750.02,88.745,167.82
1699.9,749.39,89.632,169.5
1709.9,750.34,88.745,167.82
1720.3,750.58,88.745,167.82
1728.2,749.99,89.632,169.5
1735.8,747.19,92.348,174.64
1745.5,750.26,89.632,169.5
1752.5,750.05,89.632,169.5
1759.6,750.4,89.632,169.5
1766.5,750.43,89.632,169.5
1770.4,747.48,92.348,174.64
1776.3,748.7,90.529,171.2
1784.3,751.78,88.745,167.82
1788.6,750.56,89.632,169.5
1793.6,748.79,91.434,172.91
1800.3,750.9,89.632,169.5
1803.9,749.13,91.434,172.91
1809.5,747.95,92.348,174.64
1816.1,751.02,89.632,169.5
1820.8,751.79,88.745,167.82
1826.1,750.93,89.632,169.5
