1061,525,35,95
1060.8,524.94,35.19,95.517
1059.8,524.19,35.516,96.401
1059.5,524.68,35.836,97.27
1059.1,525.73,35.471,96.278
1058.1,525.71,35.479,96.299
1057.8,526.63,35.13,95.354
1057.9,527.85,34.755,94.336
1058.6,528.89,34.608,93.936
1057.7,528.04,35.019,95.053
1057.6,528.52,35.2,95.543
1056.2,528.29,35.197,95.536
1055,528.16,35.278,95.754
1054.3,528.58,35.194,95.528
1052.2,527.26,35.653,96.772
1051.6,528.31,34.899,94.725
1050.3,529,34.415,93.413
1048.4,529.95,33.846,91.868
1045.9,530.51,33.722,91.53
1043.5,531.57,33.625,91.268
1040.6,531.36,34.286,93.061
1037.6,531.85,34.369,93.287
1033.6,531,35.005,95.012
1030.8,532.2,34.58,93.861
1027.8,532.73,33.718,91.522
1026.3,532.84,33.734,91.563
1024.9,531.87,34.304,93.111
1022.7,531.2,34.452,93.514
1022,530.76,34.826,94.529
1021.6,531.37,34.519,93.696
1020.7,531.41,34.497,93.635
1019.9,532.5,33.853,91.887
1018.3,532.43,33.643,91.316
1017.6,533.03,33.869,91.93
1016.4,534.12,33.299,90.382
1015.5,534.8,33.35,90.521
1015.1,536.42,33.143,89.959
1014.7,537.67,32.722,88.817
1013.8,538.11,32.526,88.286
1013.7,538.64,32.536,88.311
1013,538.77,32.527,88.288
1012.1,538.39,32.788,88.995
1010.7,538.38,32.758,88.914
1010,538.31,32.756,88.91
1009,538.55,32.353,87.815
1009.2,539.19,32.224,87.465
1009.3,538.94,32.3,87.671
1009.4,539.79,32.129,87.208
1002.2,540.54,31.876,86.522
1002.5,540.69,32.037,86.959
1006.3,541.93,32.022,86.916
1005.6,542.75,32.095,87.115
1002,543.06,32.032,86.943
1000.9,543.17,31.984,86.813
998.78,542.96,32.109,87.153
997.96,542.83,31.839,86.42
996.81,542.96,31.921,86.643
995.53,542.73,32.058,87.014
994.87,542.66,32.211,87.429
993.44,542.5,32.355,87.82
993.28,542.42,32.683,88.711
992.86,542.65,32.696,88.747
992.21,542.91,32.978,89.513
991.54,544.28,32.8,89.027
991.05,545.7,32.726,88.827
989.83,546.01,32.961,89.466
989.55,546.8,33.032,89.659
989.43,547.7,33.064,89.746
990.12,549.21,32.921,89.356
990.72,550.38,32.488,88.182
990.79,550.92,32.066,87.037
991.71,551.48,32.244,87.52
991.81,551.66,32.44,88.05
991.12,551.39,32.55,88.35
991.46,551.74,32.667,88.667
990.87,551.31,32.768,88.942
991.47,551.34,32.743,88.874
991.64,552.03,32.626,88.555
992.36,552.89,32.648,88.616
992.38,553.28,32.456,88.096
990.92,553.35,32.635,88.581
990.99,554.56,32.525,88.283
990.12,554.92,32.981,89.521
989.18,555.75,32.843,89.145
988.97,556.37,33.376,90.591
988.56,556.48,33.71,91.498
988.68,556.49,33.786,91.706
987.77,555.37,34.121,92.614
987.13,555.04,34.321,93.157
986.76,555.09,34.606,93.932
986.77,554.91,34.821,94.515
986.81,555.12,35.16,95.435
985.98,554.78,35.351,95.953
986.04,555.33,35.722,96.96
985.43,556.28,35.491,96.333
985.48,557.62,35.272,95.738
985.99,558.93,35.356,95.967
986.11,559.85,35.405,96.099
986.06,561.09,35.068,95.185
987,562.9,34.894,94.712
987.17,563.55,34.76,94.348
987.71,564.33,34.582,93.865
987.25,564.64,34.53,93.725
987.81,564.98,34.598,93.908
986.83,564.34,34.957,94.884
986.51,564.67,34.983,94.953
986.75,565.39,35.049,95.133
986.29,565.94,34.962,94.896
985.56,565.96,35.168,95.456
985.2,566.24,35.331,95.898
985.34,567.09,35.606,96.645
985.26,567.9,35.576,96.564
984.96,568.81,35.67,96.819
984.23,568.98,35.907,97.462
984.39,569.93,35.929,97.521
983.63,570.16,35.864,97.345
983.84,570.49,35.922,97.503
983.39,570.19,36.085,97.945
982.88,569.77,36.369,98.717
982.54,569.63,36.431,98.883
982.15,569.28,36.569,99.258
981.34,568.77,36.571,99.264
980.98,568.89,36.483,99.025
981.1,569.14,36.559,99.231
980.99,569.26,36.451,98.939
981.4,570.32,36.467,98.982
981.46,571.33,36.436,98.898
981.39,572.25,36.299,98.525
981.18,573.37,36.097,97.978
982.1,574.68,36.183,98.21
982.48,575.95,36,97.716
982.66,576.73,35.727,96.973
983.39,577.49,35.62,96.683
984.03,577.97,35.789,97.142
984.28,578.04,35.982,97.666
983.61,577.56,36.186,98.219
984.43,578.02,36.091,97.96
984.53,578.29,36.088,97.953
984.43,578.36,36.143,98.101
984.02,578.32,36.406,98.817
983.76,578.57,36.587,99.308
983.18,578.56,36.716,99.657
983.62,579.29,36.858,100.04
982.57,579.36,37.085,100.66
982.36,579.82,37.186,100.93
982.26,580.56,37.259,101.13
981.68,580.63,37.498,101.78
980.57,580.39,37.794,102.58
979.68,579.85,38.062,103.31
978.61,579.33,38.223,103.75
976.9,578.53,38.191,103.66
975.8,578.44,38.095,103.4
975.32,578.8,37.961,103.04
973.7,578.26,37.922,102.93
972.77,578.66,37.413,101.55
971.6,578.8,37.235,101.07
970.64,579.5,37.156,100.85
969.56,580.11,36.931,100.24
968.04,581,36.838,99.99
966.77,580.82,36.818,99.936
965.87,581.14,36.827,99.959
965.59,581.96,36.551,99.209
965.04,582.17,36.449,98.934
965.01,582.73,36.301,98.532
963.56,582.28,36.276,98.464
962.93,581.9,36.093,97.967
962.27,581.37,36.304,98.54
960.42,580.37,36.285,98.487
959.71,580.18,35.996,97.703
958.55,579.94,36.038,97.819
957.16,579.34,36.055,97.863
956.09,579.58,35.926,97.513
954.92,579.12,36.064,97.887
954.37,579.28,36.187,98.221
953.2,579.08,36.239,98.363
951.73,578.16,36.382,98.75
951.11,577.89,36.686,99.575
949.72,577.45,36.857,100.04
947.89,576.39,37.064,100.6
946.28,574.94,37.335,101.34
944.74,573.77,37.623,102.12
943.37,573.09,37.539,101.89
942.54,572.47,37.658,102.21
941.09,571.51,37.501,101.79
940.47,571.15,37.579,102
939.18,570.85,37.193,100.95
938.53,570.85,37.153,100.84
937.71,571.09,37.093,100.68
936.46,570.52,36.955,100.31
936.41,571.33,36.662,99.512
936.45,571.99,36.345,98.652
936.11,572.25,36.293,98.51
935.87,572.36,35.94,97.551
936.07,572.49,35.786,97.134
936.21,572.65,35.551,96.495
937.15,573.12,35.282,95.765
937.35,572.65,35.208,95.565
937.09,571.43,35.213,95.579
937.46,570.42,35.227,95.617
937.42,569.46,35.37,96.003
938.09,568.48,35.673,96.827
937.36,567.26,35.926,97.514
937.25,566.49,36.105,97.999
937.79,565.77,36.448,98.93
937.52,565.1,36.615,99.383
937.76,564.31,36.699,99.612
937.75,563.42,36.93,100.24
937.83,562.96,36.957,100.31
938.18,562.19,36.904,100.17
938.52,561.1,36.931,100.24
938.81,559.12,37.124,100.77
938.53,557.28,36.991,100.4
939.33,556.39,36.904,100.17
939.56,554.52,37.109,100.72
939.14,552.8,37.366,101.42
939.56,551.63,37.442,101.63
940.68,551.09,37.462,101.68
940.76,550.66,37.517,101.83
941.05,550.42,37.449,101.65
941.61,550.31,37.373,101.44
941.64,549.72,37.303,101.25
942.4,550.3,36.979,100.37
943.91,550.69,37.006,100.44
944.87,550.73,36.92,100.21
946.28,551.08,36.641,99.455
947.57,550.91,36.594,99.327
948.07,549.87,36.511,99.1
949.04,548.79,36.627,99.416
950.32,548.26,36.693,99.596
951.14,547.41,36.687,99.578
952.14,546.5,36.654,99.489
952.92,545.54,36.676,99.549
953.04,544.19,37.106,100.72
953.39,542.96,37.051,100.57
954.19,542.3,37.181,100.92
955.3,542,37.191,100.95
955.81,541.32,37.41,101.54
956.27,540.36,37.407,101.53
957.13,539.61,37.405,101.53
957.96,539.04,37.469,101.7
959.29,538.37,37.548,101.91
960.22,536.79,37.73,102.41
960.74,534.83,38.096,103.4
961.29,533.52,38.123,103.48
961.58,531.67,37.921,102.93
962.25,530.2,37.921,102.93
962.84,529.24,37.847,102.73
963.52,528.05,37.733,102.42
964.91,528.42,37.515,101.83
965.21,528.12,37.471,101.71
966.15,527.77,37.444,101.63
966.46,527.72,37.516,101.83
967.97,527.82,37.566,101.97
968.7,527.62,37.308,101.26
969.93,527.34,37.145,100.82
971.51,527.51,36.738,99.717
973.18,527.39,36.659,99.503
973.67,526.47,36.692,99.594
974.11,525.58,36.772,99.809
973.89,524.16,36.697,99.606
974.73,523.9,36.761,99.78
974.53,522.95,36.458,98.958
975.11,522.86,36.594,99.328
974.69,521.73,36.778,99.826
974.91,521.23,36.931,100.24
975.59,521.39,37.06,100.59
975.28,521.12,36.971,100.35
975.2,521.32,36.885,100.12
975.66,520.83,36.957,100.31
975.73,520.43,37.166,100.88
976.68,519.57,37.29,101.21
977.66,517.73,37.468,101.7
979.45,517.23,37.731,102.41
980.41,515.83,37.847,102.73
981.17,514.83,37.675,102.26
983.02,514.79,37.62,102.11
984.9,514.84,37.362,101.41
986.58,515.33,37.281,101.19
988.79,516.02,37.154,100.85
990.53,517.12,36.974,100.36
992.36,517.88,36.811,99.915
992.87,518.61,36.758,99.771
995.29,519.8,36.431,98.885
998.2,521.87,36.159,98.147
1000.9,523.01,35.976,97.65
1002,523.16,35.875,97.376
1005.4,524.69,36.052,97.856
1006.6,524.54,36.173,98.185
1009.9,525.26,36.044,97.833
1012,524.81,36.137,98.087
1014.4,525.01,36.07,97.905
1017.1,525.48,35.929,97.521
1018.6,525.23,35.86,97.333
1021.2,526.07,36.082,97.936
1022.9,526.82,36.268,98.44
1024.1,527.33,36.354,98.676
1026.1,528.89,36.44,98.907
1027.4,530.02,36.441,98.911
1028.3,530.64,36.505,99.085
1028.9,531.04,36.425,98.869
1030.5,531.86,36.475,99.003
1031.3,531.41,36.581,99.292
1032.8,531.3,36.784,99.841
1034,531.15,36.82,99.94
1035.3,531.05,36.78,99.832
1036.4,531.04,36.693,99.595
1037.7,531.39,36.683,99.569
1038.5,531.67,36.877,100.09
1038.9,531.95,36.844,100.01
1039.9,532.73,36.92,100.21
1041.3,534.53,36.818,99.936
1041.7,535.57,36.789,99.855
1043.2,537.73,36.49,99.043
1044.5,539.48,36.312,98.561
1046.3,541.3,35.954,97.589
1048,543.07,35.505,96.37
1049.5,544.5,35.163,95.443
1050.6,545.32,35.128,95.347
1051.4,545.77,35.112,95.303
1051.8,545.78,35.36,95.976
1053,546.46,35.366,95.994
1053,546.99,35.446,96.211
1052.9,547.37,35.387,96.051
1052.9,548.27,35.366,95.992
1053.5,549.58,35.722,96.959
1052.8,550.75,35.962,97.61
1052.9,552.31,36.043,97.832
1052.8,553.39,36.021,97.77
1052.3,555.03,36.001,97.718
1053.1,556.05,36.259,98.418
1055.1,557.2,36.217,98.303
1055.7,558.27,36.291,98.503
1055.7,558.8,36.315,98.57
1055.4,559.17,36.494,99.056
1055.2,560.22,36.287,98.493
1054.9,560.96,36.279,98.472
1054.8,561.65,36.318,98.577
1054.8,562.16,36.428,98.877
1055.3,563.99,36.399,98.798
1055.4,565.64,36.381,98.748
1055.3,567.47,36.494,99.054
1054.8,569.05,36.29,98.503
1055.2,571.12,36.088,97.953
1056.7,573.61,35.839,97.278
1058,576.4,35.9,97.444
1060.7,580.27,35.696,96.89
1061.9,580.72,35.49,96.33
1063.2,581.54,35.608,96.649
1064.4,583.2,35.814,97.211
1065,583.93,36.039,97.821
1065.6,584.68,35.861,97.337
1067,585.87,36.037,97.815
1067.3,586.27,36.295,98.515
1067.7,587.74,36.287,98.494
1068.3,589.61,36.437,98.899
1069.3,591.82,36.602,99.347
1069,592.91,37.002,100.44
1069.5,595.22,37.254,101.12
1069.6,597.42,37.315,101.28
1069.2,598.83,37.409,101.54
1069.7,600.35,37.46,101.68
1070.4,602.34,37.699,102.33
1070.7,603.37,37.951,103.01
1070.4,603.85,38.017,103.19
1071,604.84,38.176,103.62
1070.3,605.47,38.218,103.73
1070.6,606.74,38.114,103.45
1070.9,607.83,38.03,103.22
1071.4,609.89,37.991,103.12
1071.3,611.96,37.956,103.02
1070.9,613.4,37.899,102.87
1070.8,615.29,37.896,102.86
1071.2,617.54,37.535,101.88
1071.9,620.2,37.357,101.4
1071.5,621.58,37.285,101.2
1072.2,624.04,37.046,100.55
1072,625.07,36.929,100.24
1072.4,626.41,37.044,100.55
1071.7,626.48,37.179,100.92
1071.5,627.33,37.329,101.32
1070.4,627.76,37.264,101.14
1069.8,628.18,37.448,101.65
1069.4,628.6,37.536,101.88
1069.3,629.94,37.627,102.13
1069.4,630.99,37.953,103.01
1069.2,632.17,38.068,103.33
1069,633.64,38.039,103.25
1068.8,634.82,38.132,103.5
1067.6,635.81,37.846,102.73
1067,637.21,37.394,101.5
1067,637.96,36.925,100.22
1066.8,639.92,36.459,98.959
1068,639.87,36.277,98.466
1067.3,640.51,36.03,97.795
1065.5,640.56,35.98,97.661
1064.9,640.84,36.144,98.106
1064.4,641.37,36.107,98.006
1065,642.62,36.002,97.719
1065.2,643.18,35.58,96.573
1065.3,644.08,35.694,96.884
1065,645.17,35.617,96.676
1064.5,647.49,35.292,95.793
1064.6,649.01,35.237,95.644
1065.2,650.22,35.002,95.006
1065.4,652.07,35.039,95.106
1066.9,654.05,34.951,94.868
1066.7,654.52,34.856,94.609
1066.5,654.56,34.668,94.1
1066.6,654.87,34.8,94.458
1066.9,655.23,34.937,94.828
1069,655.51,35.012,95.033
1070.7,655.81,35.318,95.864
1071.2,656.05,35.501,96.359
1071.2,656.42,35.245,95.666
1072.1,656.46,35.416,96.128
1071.7,657.16,35.297,95.807
1072.9,657.78,35.443,96.201
1072.3,657.57,35.443,96.204
1072.4,657.98,35.551,96.496
1073.4,658.43,35.601,96.631
1073.2,658.26,35.355,95.964
1073.6,657.82,35.406,96.103
1072.5,656.88,35.672,96.825
1067.7,661.87,35.788,97.139
1067.3,656.81,35.413,96.121
1066.1,617.29,35.315,95.856
1084.7,647.82,34.856,94.608
1091,639.6,34.833,94.546
1086.2,653.51,34.772,94.382
1088.6,653.76,34.335,93.196
1087.4,653.87,34.483,93.595
1087.6,654.91,34.263,92.999
1087.6,655.42,34.25,92.965
1089,656.12,34.09,92.53
1089.9,656.54,34.114,92.596
1091.6,657.35,33.925,92.083
1095.2,657.55,34.085,92.517
1096.6,656.6,34.142,92.672
1097.8,655.95,34.121,92.613
1099.3,654.77,34.185,92.788
1101.1,654.44,34.73,94.267
1102.8,652.98,35.089,95.242
1104.5,652.68,35.17,95.46
1105.6,651.92,35.054,95.147
1107.1,652.04,35.197,95.534
1108.1,651.65,35.3,95.814
1109.5,651.49,35.55,96.493
1110.8,651.57,35.678,96.842
1112.1,651.05,35.426,96.156
1113.5,650.87,35.476,96.291
1114.3,650.41,35.603,96.636
1115.6,650.44,35.73,96.98
1117.3,648.22,35.725,96.969
1119.3,647.09,35.633,96.718
1122,646.26,35.906,97.46
1123,644.29,36.379,98.744
1124.8,643.1,36.396,98.79
1126.6,641.99,36.336,98.627
1127.9,641.16,36.552,99.212
1129.8,640.62,36.478,99.013
1131.3,640.92,36.231,98.342
1133,641.4,35.991,97.69
1134.4,641.65,35.899,97.439
1136.3,642.46,36.078,97.926
1137.6,642.1,36.462,98.969
1140.2,641.85,36.776,99.821
1141.7,641.14,36.775,99.817
1143.6,640.84,36.814,99.925
1145,639.63,36.784,99.843
1146.6,638.84,36.815,99.925
1147.8,637.54,36.627,99.417
1149.6,636.7,36.524,99.137
1150.4,635.28,36.456,98.952
1152,635.36,36.17,98.176
1153.8,635.22,36.079,97.929
1154.5,634.49,36.292,98.508
1154.7,633.74,36.161,98.152
1155.9,633.66,36.209,98.283
1155.9,633.7,35.882,97.394
1157.6,633.38,35.728,96.975
1157.7,632.86,35.582,96.579
1158.6,632.13,35.83,97.254
1159.3,630.87,36.067,97.897
1160.4,629.46,35.994,97.697
1160.9,627.05,35.958,97.601
1161.3,625.41,36.195,98.244
1163.2,624.52,36.274,98.458
1163.8,623.4,36.102,97.992
1164.7,623.02,36.228,98.332
1165,622.69,36.192,98.237
1166.3,623.42,35.991,97.691
1167,623.45,35.868,97.356
1167.6,624.27,35.968,97.627
1168.1,624.75,35.853,97.316
1169.9,625.35,35.83,97.253
1171.3,625.82,35.707,96.92
1172.5,625.72,35.56,96.521
1174.7,625.63,35.53,96.438
1176.1,625.26,35.64,96.737
1177.4,624.82,35.881,97.392
1178.5,623.9,36.075,97.919
1179.6,623.35,36.35,98.665
1180.3,622.9,36.31,98.557
1181.2,622.14,36.389,98.771
1182.5,622.2,36.465,98.978
1183.1,622.16,36.583,99.298
1183.5,621.52,36.359,98.689
1184.1,622.09,36.463,98.971
1185,622.39,36.34,98.636
1185.3,622.55,36.227,98.331
1185.3,622.61,36.116,98.029
1185.8,623.17,36.066,97.892
1186.3,623.02,36.156,98.139
1186.3,622.38,36.014,97.753
1186.4,620.93,35.764,97.075
1186.5,619.88,35.865,97.347
1186.7,619.68,36.112,98.019
1186.9,619.48,35.938,97.547
1186.8,619.01,35.685,96.859
1187.1,619.36,35.35,95.95
1187.6,619.69,35.424,96.152
1186.9,620.23,35.303,95.823
1187.5,621.68,35.111,95.302
1187.1,622.46,34.883,94.683
1186.8,623.81,34.529,93.722
1187.3,624.88,34.482,93.593
1187.1,625.69,34.25,92.965
1187.9,626.1,34.312,93.133
1187.4,625.91,34.137,92.658
1187.5,626.02,33.963,92.184
1187.9,625.8,34.024,92.35
1186.7,624.98,34.02,92.341
1185.8,624.28,34.181,92.778
1185.6,623.83,34.161,92.724
1184.8,623.79,34.156,92.71
1184.2,623.7,34.218,92.876
1183.6,623.45,34.316,93.144
1182.2,622.89,34.359,93.259
1181.1,622.97,34.183,92.782
1180.4,623.27,34.225,92.897
1179,623.34,34.068,92.471
1177.7,622.88,33.92,92.069
1177.2,622.86,33.821,91.8
1175.4,621.54,33.781,91.692
1174.5,620.13,33.764,91.645
1173.6,618.99,33.752,91.611
1172.3,617.49,33.939,92.121
1171.6,616.94,34.067,92.467
1170.5,616.06,34.299,93.096
1170,616.83,34.186,92.79
1170.4,618.79,34.132,92.644
1169.9,620.32,34.189,92.8
1169.8,623.3,34.516,93.686
1169.5,625.4,34.592,93.892
1169.3,626.76,34.708,94.209
1169.5,629.32,34.953,94.874
1169.8,630.69,34.833,94.546
1170.8,632.48,34.917,94.776
1170.6,633.06,34.794,94.441
1171.1,634.04,34.976,94.935
1171.4,634.67,34.967,94.91
1171.1,634.66,34.895,94.716
1171.5,635.12,35.016,95.043
1171.8,636.44,35.109,95.296
1171.2,636.79,35.304,95.826
1171,638.29,35.445,96.207
1170.2,639,35.437,96.187
1169.6,640.47,35.555,96.505
1169.4,641.62,35.682,96.851
1167.9,642.83,35.694,96.883
1167.2,644.23,35.561,96.522
1166.5,646.04,35.531,96.44
1165.2,646.96,35.532,96.445
1164.1,647.41,35.413,96.122
1163.1,647.25,35.314,95.852
1162.2,647.58,35.475,96.289
1160.6,647.01,35.578,96.568
1160,647.15,35.832,97.258
1158.4,646.67,36.251,98.396
1156.6,645.91,36.626,99.414
1155.7,645.85,36.827,99.959
1153.3,645.46,36.944,100.28
1152.8,646.04,36.922,100.22
1151.4,646.76,37.072,100.62
1149.6,646.6,37.142,100.81
1148.8,646.6,37.234,101.06
1148.3,646.9,37.437,101.61
1147.5,646.9,37.558,101.94
1146.6,646.44,37.574,101.99
1144.9,645.51,37.545,101.91
1144,644.46,37.579,102
1141.4,642.28,37.817,102.64
1139.7,640.93,38.349,104.09
1137.4,639.67,38.658,104.93
1135.1,639.09,38.558,104.66
1133,638.12,38.774,105.24
1130.3,636.76,39.024,105.92
1127.8,635.73,39.225,106.47
1125.8,635.11,39.404,106.95
1124,635.09,39.443,107.06
1121.3,634.14,39.73,107.84
1118.8,633.03,39.967,108.48
1116,631.76,40.218,109.16
1113.9,629.78,40.606,110.22
1111.1,627.5,40.787,110.71
1109.5,625.88,40.77,110.66
1107.4,624.11,40.907,111.03
1105.3,622.02,40.932,111.1
1103.5,621.13,40.78,110.69
1102.6,620.62,40.818,110.79
1101.1,620.04,40.875,110.95
1099,618.87,40.864,110.92
1097.9,618.04,41.006,111.3
1097.4,617.75,41.182,111.78
1096.6,617.54,40.961,111.18
1096.4,617.15,40.925,111.08
1096.6,616.98,40.672,110.4
1096.6,616.49,40.43,109.74
1097.5,616.01,40.303,109.39
1097.2,614.02,40.457,109.81
1097.4,612.85,40.518,109.98
1097.4,610.9,40.579,110.14
1096.5,608.95,40.5,109.93
1096.7,607.46,40.628,110.28
1096,605.45,40.706,110.49
1096.3,604.76,40.712,110.5
1096,603.89,40.683,110.43
1095,601.94,40.989,111.26
1095.3,601.62,40.985,111.25
1095.1,600.98,40.987,111.25
1094.7,599.43,41.392,112.35
1093.8,598.27,41.356,112.25
1094.2,597.41,41.309,112.13
1093.6,595.59,41.404,112.38
1092.8,593.39,41.354,112.25
1093.5,591.37,41.422,112.43
1092.9,589.16,41.23,111.91
1093.3,586.46,41.179,111.77
1093.3,584.48,41.317,112.15
1093.9,582.85,41.537,112.74
1094.2,581.5,41.714,113.22
1093.9,579.75,41.824,113.52
1094.7,578.89,42.097,114.26
1095.2,578.41,42.129,114.35
1096,577.8,41.974,113.93
1096.9,576.66,41.892,113.71
1098.4,576.98,41.477,112.58
1099.4,576.25,41.097,111.55
1101.3,575.75,41.043,111.4
1102.9,574.64,40.994,111.27
1104.1,573.27,41.056,111.44
1105.2,571.87,40.967,111.19
1105.6,570.82,40.874,110.94
1106.5,569.61,40.923,111.08
1107.2,568.82,41.107,111.58
1108.2,568.32,41.306,112.12
1109,568.25,41.602,112.92
1109.6,568.43,41.543,112.76
1110.3,568.34,41.599,112.91
1111,568.66,41.523,112.7
1111.6,569.41,41.262,112
1111.9,569.23,41.188,111.8
1111.8,568.9,41.255,111.98
1112.8,569.1,41.2,111.83
1112.4,568.44,41.216,111.87
1112.8,567.4,41.354,112.25
1113.8,566.92,41.257,111.98
1114.1,565.73,41.33,112.18
1114.6,564.55,41.366,112.28
1115.1,563.47,41.485,112.6
1115.5,562.74,41.222,111.89
1116.1,562.38,41.119,111.61
1116.7,562.17,41.096,111.55
1117.8,562.78,40.881,110.96
1118.5,563.18,40.5,109.93
1119.8,563.81,40.387,109.62
1120.5,563.96,40.307,109.4
1121.6,564.48,40.156,108.99
1123.4,564.98,40.206,109.13
1124.9,565.02,40.227,109.19
1126.2,564.82,40.151,108.98
1126.5,563.57,40.306,109.4
1127.4,562.9,40.165,109.02
1128.3,561.24,40.899,111.01
1128.3,560.23,40.93,111.1
1128.9,559.75,40.659,110.36
1129.5,559.18,40.554,110.08
1130.3,558.84,40.92,111.07
1130,558.93,40.573,110.13
1130.3,558.56,40.611,110.23
1130.4,558.52,40.66,110.36
1130.5,558.55,40.546,110.05
1130.7,558.91,40.617,110.25
1130,558.2,40.851,110.88
1129.8,557.98,40.808,110.76
1129.9,557.31,40.924,111.08
1129.3,555.82,40.902,111.02
1128.7,554,41.247,111.96
1128.6,552.72,41.455,112.52
1127.9,551.42,41.324,112.17
1127.6,550.45,41.493,112.62
1127,550.02,41.233,111.92
1126.6,549.66,41.087,111.52
1126.6,550.05,41.057,111.44
1126,550.23,40.966,111.19
1125.3,550.53,40.486,109.89
1125.4,551.18,40.501,109.93
1125.4,551.56,40.397,109.65
1124.7,551.09,40.409,109.68
1125,551.16,40.223,109.18
1125.6,551.37,40.145,108.97
1124.9,549.99,40.247,109.24
1124.5,548.91,40.616,110.24
1123.1,548.25,40.316,109.43
1122,547.24,40.245,109.24
1121.2,546.5,40.365,109.56
1119.3,545.13,40.677,110.41
1117.9,544.74,40.576,110.13
1116.2,543.84,40.889,110.99
1114.5,543.86,40.708,110.49
1113.5,543.78,40.907,111.03
1111.1,543.07,41.076,111.49
1109.9,543.27,40.973,111.21
1107.8,543.08,40.968,111.2
1105,541.72,41.007,111.3
1104.1,541.75,40.971,111.21
1102.2,540.63,40.896,111
1100.1,538.55,40.995,111.27
1098.7,537.29,41.206,111.84
1096.5,535.42,41.402,112.38
1095,534.34,41.341,112.21
1094.1,533.67,41.459,112.53
1092.1,533.02,41.182,111.78
1090.8,533.11,40.785,110.7
1089.9,533.1,40.858,110.9
1088.2,533.01,40.648,110.33
1087.3,533.03,40.384,109.61
1086.3,532.61,40.504,109.94
1086.3,533.06,40.428,109.73
1085.5,532.23,40.825,110.81
1084.9,531.92,40.735,110.57
1084.2,530.81,40.965,111.19
1082.9,529.77,40.704,110.48
1082.5,528.77,40.999,111.28
1081.5,527.64,41.106,111.57
1080.1,526.15,41.208,111.85
1079.4,525.72,41.064,111.46
1078.9,524.77,41.602,112.92
1077.9,524.51,41.845,113.58
1077.6,524.69,41.64,113.02
1076.8,525.26,41.372,112.29
1075.7,524.72,41.643,113.03
1074.9,525.21,41.232,111.92
1073.4,524.11,41.337,112.2
1073.1,523.48,41.34,112.21
1072.4,522.26,41.397,112.36
1071.2,520.63,41.315,112.14
1071.1,519.3,41.539,112.75
1070.8,518,41.846,113.58
1070.4,517.39,41.73,113.27
1069.7,517.33,41.249,111.96
1069.7,516.53,41.733,113.28
1069,516.53,41.532,112.73
1069,516.54,41.624,112.98
1068.6,516.36,41.79,113.43
1068.7,516.83,41.413,112.41
1068.2,516.38,41.099,111.55
1068.7,516.02,41.032,111.37
1068.6,515.19,41.082,111.51
1068.3,514.21,41.199,111.83
1067.6,513.18,40.772,110.67
1067.6,512.3,40.979,111.23
1066.8,511,41.179,111.77
1065.9,510.06,40.755,110.62
1065.3,508.89,41.27,112.02
1064.3,507.96,41.468,112.56
1062.9,507.17,41.391,112.35
1062.1,507.66,40.758,110.63
1061.1,506.48,41.353,112.24
1059.7,505.59,42.033,114.09
1057.9,505.27,41.672,113.11
1056.5,505.55,41.107,111.58
1055,505.24,40.775,110.67
1053.7,504.26,41.05,111.42
1051.9,503.19,41.252,111.97
1050.7,502,41.263,112
1049,500.58,41.33,112.18
1047.5,499,41.343,112.22
1046.1,497.33,41.579,112.86
1044.6,496.21,41.633,113
1043.1,494.86,41.849,113.59
1041.8,493.98,42.075,114.2
1040.6,493.83,42.007,114.02
1039,493.66,41.588,112.88
1038,493.72,41.763,113.36
1036.4,493.71,41.394,112.35
1035.2,493.62,41.233,111.92
1034.2,493.35,41.059,111.45
1033.5,492.8,41.264,112
1032.2,491.55,41.541,112.75
1030.7,490.01,41.881,113.68
1029.2,488.8,41.777,113.39
1027.2,487.38,41.426,112.44
1025.7,486.81,41.008,111.31
1024,485.32,41.614,112.95
1022,484.64,41.662,113.08
1020,484.63,40.926,111.09
1018,483.24,41.231,111.91
1016.1,483.8,40.622,110.26
1014,482.57,41.039,111.39
1011.9,482.17,41.655,113.06
1009.6,482.73,40.953,111.16
1007.1,482.56,40.934,111.11
1004.9,482.41,40.835,110.84
1002.4,482.12,40.745,110.59
1000.5,481.65,40.773,110.67
998.02,480.01,41.071,111.48
995.85,478.49,41.236,111.93
993.21,476.73,41.249,111.96
991.87,476.12,41.125,111.62
989.73,474.73,41.181,111.78
987.74,473.38,41.519,112.7
986.64,473.3,41.55,112.78
984.99,472.97,41.782,113.41
983.43,473.61,41.156,111.71
982.52,473.65,41.054,111.43
981.87,474.19,41.051,111.42
980.76,473.6,41.648,113.04
979.93,473.23,41.967,113.91
978.9,472.99,41.738,113.29
978.78,473.61,40.797,110.73
978.45,472.48,41.062,111.45
977.41,471.68,41.203,111.84
976.09,470.76,40.967,111.2
975.17,470.14,40.451,109.8
974.3,468.96,40.898,111.01
973.03,467.65,41.03,111.37
972.77,467.75,40.905,111.03
971.7,467.24,40.86,110.9
971.24,467.9,40.187,109.08
970.62,467.15,40.826,110.81
970.09,467.81,40.567,110.11
968.83,468.16,40.013,108.61
968.21,467.35,40.83,110.82
967.01,466.96,41.304,112.11
965.8,466.87,41.58,112.86
965.04,466.75,41.515,112.68
964.45,466.55,41.279,112.04
963.69,465.87,41.17,111.75
962.69,464.47,41.082,111.51
962.76,463.95,40.98,111.23
962.43,462.87,41.11,111.59
961.9,462.02,40.843,110.86
961.79,462,40.502,109.93
962.15,462.22,40.426,109.73
962.13,462.53,40.53,110.01
962.27,463.23,40.287,109.35
962.18,462.7,41.016,111.33
962.44,463.21,41.146,111.68
962.69,463.87,40.601,110.2
963.01,463.04,41.042,111.4
963.84,462.88,41.406,112.39
964.13,462.7,41.208,111.85
964.89,462.88,40.528,110
965.55,462.06,40.78,110.69
965.69,461.34,40.976,111.22
965.5,460.11,41.378,112.31
965.4,459.53,41.591,112.89
965.21,459.21,41.612,112.95
965.07,459.13,41.702,113.19
965.03,459.89,40.808,110.76
964.89,459.36,41.554,112.79
964.82,460.51,41.122,111.62
963.96,460.44,41.178,111.77
963.76,461.45,40.725,110.54
963.2,461.38,41.274,112.03
962.79,462.09,41.132,111.64
961.81,462.66,40.568,110.11
961.22,462,40.681,110.42
960.66,461.7,40.67,110.39
960.22,461.1,40.723,110.53
960.28,461.18,40.644,110.32
959.65,460.42,40.461,109.82
959.48,459.87,40.747,110.6
959.12,459.91,40.711,110.5
958.87,459.66,40.975,111.22
958.27,459.09,41.629,112.99
958.23,459.53,41.81,113.49
957.93,460,42.132,114.36
957.9,460.91,42.322,114.87
957.69,461.32,42.234,114.64
958.07,462.37,41.819,113.51
958.64,462.27,42.417,115.13
959.27,462.91,42.159,114.43
959.43,462.41,42.508,115.38
959.62,462.92,41.652,113.06
959.84,463.33,41.037,111.39
959.99,462.77,41.565,112.82
959.77,462.1,42.13,114.35
959.75,462.03,42.192,114.52
959.46,461.73,42.627,115.7
959.14,461.99,42.836,116.27
958.65,462.93,42.424,115.15
958.14,463.41,42.846,116.3
957.9,464.89,42.105,114.29
957.47,465.98,42.243,114.66
956.51,466.55,42.074,114.2
956.42,468.01,41.714,113.22
955.55,468.62,41.015,111.33
955.55,468.93,40.949,111.15
954.74,468.69,40.518,109.98
954.98,468.46,40.739,110.58
954.61,468.11,41.039,111.39
954.22,467.24,41.53,112.72
953.88,467.06,41.809,113.48
953.38,466.13,42.481,115.31
952.98,466.86,42.109,114.3
953.42,468.27,41.83,113.54
953.27,469.22,42.003,114.01
952.91,470.33,41.747,113.31
953.15,472.04,41.495,112.63
953.47,473.63,41.127,111.63
954.12,475.29,40.652,110.34
954.19,475.64,40.902,111.02
954.56,476.25,40.883,110.97
955.1,476.87,40.6,110.2
955.04,476.23,41.051,111.42
955.43,476.83,41.225,111.9
955.09,477.21,40.683,110.42
955.13,477.32,40.562,110.1
954.79,477.16,40.726,110.54
954.89,477.69,40.899,111.01
954.06,477.43,41.141,111.67
954.01,478.76,40.705,110.49
953.82,478.58,41.651,113.05
953.4,480.27,41.38,112.32
952.76,481.59,40.804,110.75
952.88,482.61,40.987,111.25
952.17,483.15,41.378,112.31
951.97,484.43,41.006,111.3
951.32,484.36,41.28,112.04
951.28,484.5,41.183,111.78
950.96,484.11,41.302,112.1
951.72,484.45,41.328,112.17
952.59,484.18,41.553,112.79
953.81,483.43,42.067,114.18
956.26,483.99,41.882,113.68
959.05,484.17,41.967,113.91
961.66,484.44,42.01,114.03
965.4,485.82,41.72,113.24
969.02,486.83,41.678,113.13
972.81,488.66,41.209,111.85
976.72,490.15,41.006,111.3
980.92,490.94,41.524,112.71
984.58,491.75,41.555,112.79
988.54,491.95,41.558,112.8
992.42,491.94,41.684,113.14
995.52,492.03,41.263,112
999.68,492.47,41.155,111.71
1002.9,492.44,40.796,110.73
1006.7,492.93,40.857,110.9
1009.5,492.92,40.8,110.74
1013.3,493.69,41.058,111.44
1016.7,494.88,40.915,111.05
1019.3,495.7,40.805,110.76
1023,497.58,40.633,110.29
1025.5,498.51,40.55,110.06
1028.7,500.17,40.648,110.33
1030.6,501.32,40.362,109.55
1032.4,502.48,40.322,109.44
1033.8,503.64,40.13,108.92
1035.2,504.58,39.821,108.09
1036.5,505.14,39.529,107.29
1037.4,505.21,39.531,107.3
1038.4,505.32,39.587,107.45
1039.1,505.32,39.771,107.95
1039.8,504.51,40.308,109.41
1040.5,504.47,40.548,110.06
1042,505.62,40.694,110.46
1042.5,505.94,40.84,110.85
1043,507,41.244,111.95
1043.8,508.44,41.845,113.58
1044,509.92,41.955,113.88
1043.9,511.21,41.681,113.13
1044,512.83,41.456,112.52
1044.1,514.38,41.064,111.46
1044.6,515.48,40.953,111.16
1044.2,515.96,40.507,109.95
1044,516.32,40.679,110.42
1042.7,516.27,40.602,110.21
1041.6,516.18,40.881,110.96
1040.5,516.39,41.051,111.43
1039.9,517.61,41.112,111.59
1038.1,518.07,41.158,111.71
1036.8,519.43,40.936,111.11
1035.2,521.06,40.847,110.87
1033.3,522.42,40.962,111.18
1031,523.7,41.153,111.7
1028.6,526.19,40.631,110.28
1026.4,528.61,40.116,108.89
1023.8,529.84,40.4,109.66
1021.1,530.99,40.964,111.19
1019.1,533.43,40.246,109.24
1018.3,534.66,40.172,109.04
1017.2,534.65,40.734,110.56
1016.8,535.26,40.889,110.99
1016.7,535.47,40.749,110.6
1017.6,536.5,40.834,110.84
1018.1,536.99,40.898,111.01
1019.1,538.01,40.967,111.2
1020.6,540.17,40.803,110.75
1023.1,542.77,40.686,110.43
1025.3,544.57,40.882,110.97
1029,547.32,40.653,110.34
1032.7,549.65,40.842,110.86
1036.4,551.63,41.034,111.38
1040.8,554.14,41.209,111.85
1044.1,555.22,41.472,112.57
1048.3,556.86,41.414,112.41
1052,558.09,41.476,112.58
1055.9,558.99,41.628,112.99
1059.8,561.28,41.279,112.04
1063.2,562.01,41.685,113.15
1066.3,563.43,41.377,112.31
1070,565.39,41.507,112.66
1073.2,567.27,41.182,111.78
1076.6,569.36,40.96,111.18
1080.1,571.64,41.013,111.32
1083.9,574.39,41.113,111.59
1086.5,576.88,40.832,110.83
1090.3,579.4,41.012,111.32
1093.3,581.86,40.95,111.15
1096.3,584.38,40.268,109.3
1099.4,586.8,40.236,109.21
1102.8,588.78,40.39,109.63
1105.2,589.7,40.237,109.22
1108.9,591.66,40.216,109.16
1112,592.47,40.232,109.2
1114.9,593.59,40.311,109.42
1117.7,594.1,40.481,109.88
1121.5,595.55,40.815,110.78
1124.7,597.6,40.834,110.84
1127.6,599.12,40.647,110.33
1130.1,601.47,40.713,110.51
1132.3,604.73,40.708,110.49
1132.9,607.64,40.797,110.73
1133.5,610.01,41.03,111.37
1132.6,612.61,41.539,112.75
1130.2,614.8,42.054,114.15
1126.1,616.74,42.222,114.6
1121.4,618.28,42.159,114.43
1117,619.61,42.298,114.81
1113.5,620.63,42.168,114.46
1113.8,622.62,41.981,113.95
1116,623.48,41.846,113.58
1119.6,625.31,42.002,114.01
1122.4,626.19,42.225,114.61
1125.5,627.44,42.47,115.28
1128.6,628.49,42.833,116.26
1131.5,630.08,43.14,117.09
1134.7,632.01,43.504,118.08
1138,634.48,43.755,118.76
1141.3,636.36,43.876,119.09
1143.7,638.49,43.901,119.16
1146.5,640.71,43.965,119.33
1149.4,643.68,43.839,118.99
1151.8,646.25,44.013,119.46
1154.5,649.44,44.079,119.64
1157.1,652.14,43.818,118.93
1158.6,654.37,44.005,119.44
1158,657.03,43.797,118.88
1155.6,658.74,43.816,118.93
1150.9,659.64,44.192,119.95
1144.6,660.28,44.388,120.48
1138.1,661.16,44.536,120.88
1131.3,662.93,44.546,120.91
1123.8,664.35,44.544,120.9
1115.3,666.05,44.377,120.45
1106.2,668.12,44.159,119.86
1095.8,669.95,44.081,119.65
1086.9,672.65,43.982,119.38
1077.1,674.86,43.953,119.3
1066.3,676.94,43.699,118.61
1057.7,679.44,43.927,119.23
1047.7,681.13,43.845,119.01
1039.3,683.1,43.777,118.82
1031.4,685.25,43.831,118.97
1023.5,686.94,43.77,118.8
1015.5,687.84,43.821,118.94
1007.7,688.75,44.045,119.55
999.88,689.64,44.136,119.8
991.47,690.07,44.186,119.93
983.92,691.19,44.35,120.38
976.82,693.37,44.296,120.23
968.99,694.88,44.399,120.51
960.64,696.02,44.61,121.08
953.51,697.96,44.804,121.61
945.92,699.42,45.164,122.59
939.07,700.94,45.417,123.27
934.28,702.85,45.469,123.42
930.77,704.17,45.606,123.79
930.32,706.43,45.595,123.76
930.64,707.64,45.346,123.08
932.58,708.96,45.284,122.91
933.79,709.29,45.259,122.85
935.72,710.08,45.021,122.2
937.87,710.78,44.909,121.9
940.39,711.65,45.05,122.28
942.11,712.14,44.875,121.8
944.68,713.47,44.982,122.09
946.63,714.66,44.68,121.28
948.73,716.59,44.515,120.83
951.65,718.99,44.615,121.1
954.03,720.74,44.653,121.2
956.14,722.13,44.56,120.95
958.8,723.89,44.696,121.32
961.18,724.45,44.486,120.75
963.54,725.02,44.291,120.22
966.45,725.11,44.405,120.53
967.91,723.94,44.396,120.5
969.55,722.56,44.481,120.73
970.89,721,44.624,121.12
972.63,719.95,44.765,121.5
973.49,718.45,44.596,121.05
974.86,717.85,44.494,120.77
975.24,716.64,44.474,120.72
976.18,715.85,44.373,120.44
977.23,715.78,44.438,120.62
977.7,715.2,44.337,120.34
978.31,714.91,44.689,121.3
978.44,714.02,44.713,121.36
978.74,713.86,44.444,120.63
978.91,713.37,44.373,120.44
979.69,712.31,44.294,120.23
980.03,710.04,44.413,120.55
979.83,707.37,44.27,120.16
980.29,704.77,44.312,120.28
980.84,701.62,44.316,120.29
981.02,698.45,44.24,120.08
980.74,694.42,44.192,119.95
981.05,691.45,44.295,120.23
981.98,689.36,44.288,120.21
982.42,686.94,44.153,119.84
982.27,684.12,44.143,119.82
982.93,682.03,44.132,119.79
983.31,679.88,44.133,119.79
984.05,677.26,44.085,119.66
984.9,674.6,44.411,120.54
985.07,671.47,44.222,120.03
985.79,668.66,44.226,120.04
986.21,666.6,44.183,119.93
986.79,664.61,44.245,120.09
987.43,663.28,44.175,119.9
986.85,661.13,44.32,120.3
987.46,660.27,44.364,120.42
987.45,659.15,44.394,120.5
987.06,658.21,44.275,120.18
987.32,657.98,44.238,120.07
986.99,657.98,43.768,118.8
987.19,658.56,43.42,117.85
986.49,658.38,43.24,117.37
986.23,659.01,43.488,118.04
985.96,659.31,43.512,118.1
985.5,659.29,43.568,118.26
984.72,658.63,43.615,118.38
984.44,658.51,43.651,118.48
984.28,658.51,43.664,118.52
983.97,658.48,43.617,118.39
984.12,658.53,43.512,118.1
984.69,659.66,43.337,117.63
984.42,660,43.227,117.33
984.87,661.24,43.361,117.69
984.54,661.79,43.356,117.68
984.91,663.16,43.322,117.59
985.23,664.51,43.124,117.05
985.95,665.63,43.058,116.87
986.55,666.52,42.697,115.89
987.73,667.36,42.903,116.45
988.49,667.95,42.799,116.17
988.9,667.73,42.864,116.34
989.55,668.22,42.895,116.43
990.48,669,43.178,117.2
991.08,669.85,43.113,117.02
990.78,669.93,43.177,117.2
991.58,671.27,43.129,117.07
991.53,671.87,42.901,116.44
992.25,673.5,42.94,116.55
992.65,675.11,42.754,116.05
992.52,676.14,42.569,115.55
992.73,677.99,42.258,114.7
991.95,679.07,42.454,115.23
992.26,680.88,42.672,115.82
992.1,681.91,42.805,116.18
991.89,682.16,42.711,115.93
992.33,682.42,42.948,116.57
992.39,682.29,43.114,117.02
991.75,682.19,43.18,117.2
992.17,682.84,43.079,116.93
991.89,682.56,43.055,116.86
992.11,683.09,42.949,116.58
993.12,684.09,42.971,116.64
993.4,684.98,43.039,116.82
993.15,685.22,43.111,117.02
993.79,686.29,43.048,116.84
994.1,687.35,42.95,116.58
994.92,688.65,42.987,116.68
995.68,689.35,42.833,116.26
996.06,689.23,42.637,115.73
997.14,689.9,42.692,115.88
997.8,689.74,42.745,116.02
998.15,689.31,42.661,115.79
999.4,689.64,42.579,115.57
999.56,689.04,42.593,115.61
999.89,688.74,42.549,115.49
1000.4,688.68,42.583,115.58
1000.9,688.61,42.576,115.56
1001.1,688.67,42.454,115.23
1001.8,689.22,42.433,115.17
1001.9,689.32,42.486,115.32
1001.7,688.93,42.511,115.39
1001.7,689.32,42.429,115.16
1002,690.25,42.4,115.09
1002,690.71,42.168,114.46
1001.7,690.78,42.096,114.26
1001.8,690.36,41.861,113.62
1001.9,689.69,41.802,113.46
1001.9,688.59,41.749,113.32
1001.7,687.46,41.608,112.94
1002.7,686.69,41.501,112.65
1002.9,685.31,41.472,112.57
1003.2,684.32,41.529,112.72
1003.9,684.33,41.608,112.94
1004.6,684.12,41.561,112.81
1005.2,684.11,41.421,112.43
1005.5,683.7,41.166,111.74
1006.3,683.33,41.058,111.44
1007.7,683.04,41.106,111.57
1008.7,682.03,41.011,111.32
1009.9,681.07,40.87,110.93
1010.9,679.74,40.655,110.35
1012.3,678.52,40.414,109.7
1013.2,676.99,40.557,110.08
1014.7,676.12,40.602,110.21
1015,674.58,40.526,110
1016.2,673.34,40.819,110.8
1017,672.14,40.787,110.71
1017.8,671,40.886,110.98
1018.1,669.56,40.914,111.05
1018.7,669.05,40.84,110.85
1019.1,668.29,40.997,111.28
1020,668.43,40.957,111.17
1020.1,667.74,41.034,111.38
1021,667.74,41.082,111.51
1021.3,667.39,40.986,111.25
1022.1,667.19,40.698,110.47
1022.5,665.86,40.626,110.27
1022.9,664.16,40.282,109.34
1024.1,663.12,40.036,108.67
1024.1,661.8,39.729,107.83
1025.2,660.83,39.627,107.56
1025.9,660.07,39.66,107.65
1026.6,660.21,39.238,106.5
1026.6,660.22,38.692,105.02
1026.6,661,38.144,103.53
1026.9,661.67,37.294,101.23
1026.6,662.66,36.734,99.706
1027,663.62,36.317,98.575
1026.2,663.64,36.086,97.949
1025.4,663.65,36.19,98.231
1024.1,663.38,35.783,97.124
1021.3,662.21,35.887,97.407
1019.5,661.3,36.015,97.756
1017.7,661.58,35.607,96.647
997.97,669.8,35.319,95.865
994.34,678.03,35.214,95.582
992.79,685.99,35.133,95.36
988.61,680.23,35.106,95.289
986.41,684.12,34.81,94.484
984.68,689.28,34.495,93.63
979.47,691.57,34.27,93.018
972.7,686.45,34.037,92.385
961.24,676.78,34.018,92.335
964.77,683.28,33.796,91.732
967.97,701.07,33.336,90.485
962.41,695.75,33.097,89.833
958.78,699.42,33.175,90.048
954.88,699.11,33.259,90.276
950.08,695.89,33.182,90.065
954.66,703.67,32.938,89.403
942.06,701.03,32.63,88.568
945.17,706.83,32.55,88.35
944.17,713.71,32.349,87.805
939.3,705.39,32.714,88.794
939.07,714.76,32.616,88.529
939.99,724.84,32.315,87.713
940.17,727.41,31.984,86.814
936.86,729.26,31.87,86.505
934.07,730.74,31.748,86.173
930.15,725.94,31.838,86.419
926.67,727.6,31.647,85.898
926.77,732.19,31.452,85.371
926.78,737.65,31.207,84.704
923.28,738.96,31.119,84.467
925.69,745.9,31.034,84.236
922.48,749.48,30.908,83.892
919.74,749.47,30.857,83.756
919.12,753.77,30.735,83.423
919.8,758.67,30.755,83.478
918.83,759.51,30.771,83.52
919.49,764.88,30.716,83.372
919.89,765.13,30.799,83.597
920.43,769.92,30.671,83.25
919.06,774.38,30.572,82.98
920.55,780.68,30.57,82.975
920.09,782.45,30.417,82.561
919.39,786.15,30.312,82.275
920.21,790.56,30.357,82.397
919.28,790.86,30.357,82.397
920.55,795.05,30.517,82.831
921.18,800.74,30.537,82.886
920.11,802.52,30.499,82.784
920.61,806.49,30.45,82.649
920.4,808.01,30.483,82.739
920.29,812.62,30.501,82.787
920.07,814.59,30.607,83.077
920.46,818.21,30.591,83.032
920.17,820.95,30.796,83.588
920.24,826.13,30.816,83.643
919.81,827.95,30.809,83.624
920.63,833.42,30.777,83.538
921.03,839.89,30.536,82.884
920.73,842.76,30.16,81.863
921.8,846.18,30.083,81.654
921.11,848.78,30.087,81.665
920.35,851.2,30.348,82.373
919.87,853.59,30.452,82.656
921.22,859.65,30.44,82.623
921.43,863.76,30.58,83.003
920.69,864.15,30.807,83.619
919.7,869.22,30.846,83.725
920.35,872.21,30.945,83.993
920.52,876.85,31.225,84.753
920.82,881.05,31.082,84.366
920.01,882.76,31.449,85.361
920.83,888.54,31.465,85.406
919.82,889.53,31.746,86.168
920.59,895.34,31.745,86.164
919.37,898.53,31.704,86.055
919.79,902.97,31.501,85.503
920.36,908.52,31.442,85.343
919.88,911.3,31.541,85.61
920.46,913.57,31.799,86.313
919.78,918.89,31.845,86.435
918.73,921,31.784,86.271
918.45,922.87,31.931,86.671
918.92,928.86,32.01,86.884
919.4,933.69,31.772,86.238
919.48,936.2,31.811,86.345
919.22,941.15,31.674,85.971
918.41,943.93,31.658,85.93
918.54,948.59,31.499,85.497
919.79,951.58,31.485,85.459
918.66,953.95,31.733,86.131
918.66,954.61,32.027,86.932
918.86,959.77,32.043,86.974
918.73,959.09,32.581,88.433
917.52,959.59,32.525,88.282
917.25,962.48,32.554,88.362
917.18,965.57,32.314,87.711
917.31,964.11,32.877,89.238
916.37,967.35,32.647,88.613
917.15,969.99,32.473,88.141
917.13,971.32,32.364,87.845
916.84,972.03,32.718,88.807
917.25,974.71,32.546,88.34
917.18,974.85,32.993,89.553
916.02,977.28,33.042,89.684
916.08,978.01,33.11,89.87
916.85,980.16,33.192,90.094
916.53,982.98,33.077,89.78
916.61,983.14,33.288,90.354
916.17,984.38,33.572,91.125
915.39,984.18,33.727,91.545
915.85,986.25,34.047,92.414
914.93,986.68,34.346,93.225
914.57,989.67,34.182,92.781
915.61,992.81,33.88,91.96
915.19,996.84,33.661,91.366
916.13,1001.2,33.349,90.519
916.18,1005.4,33.214,90.151
915.57,1008.5,32.975,89.503
915.69,1012.3,32.664,88.658
915.76,1016.2,32.474,88.142
914.93,1017,32.206,87.416
915.33,1024.4,32.061,87.024
916.12,1027.1,31.911,86.614
914.39,1029.1,31.842,86.428
915.75,1032.9,31.791,86.291
916.2,1038.8,31.898,86.581
915.78,1040.4,31.923,86.647
914.6,1045.2,32.002,86.861
915.28,1048.1,32.063,87.027
915.36,1056.6,32.288,87.64
915.33,1055.5,32.347,87.8
913.25,1059.8,32.566,88.394
913.57,1066.7,32.72,88.811
913.29,1069.1,33.087,89.807
912.46,1070.8,33.422,90.717
886.55,1021.1,32.7,88.756
874.47,975.06,32.697,88.749
897.37,974.98,33.233,90.205
916.21,979.07,32.876,89.236
898.93,981.46,33.184,90.072
898.78,983.39,33.569,91.117
898.44,950.97,33.695,91.457
896.08,953.63,33.737,91.573
899.97,955.55,33.81,91.77
896.77,956.81,34.034,92.378
897.63,957.59,34.205,92.842
897.65,960.02,34.14,92.667
895.72,961.55,34.113,92.594
895.84,962.94,34.25,92.965
894.91,964.55,34.22,92.882
896.83,965.56,34.202,92.833
894.61,967.01,34.31,93.128
893.09,967,34.477,93.58
894.14,969.66,34.433,93.46
894.91,970.3,34.386,93.333
894.25,971.34,34.42,93.426
895.96,972.93,34.36,93.264
893.66,974.03,34.325,93.169
893.57,974.91,34.345,93.221
893.9,976.25,34.399,93.37
893.81,978.16,34.414,93.41
893.86,978.86,34.391,93.347
893.03,980.43,34.445,93.493
894.06,980.58,34.552,93.785
894.73,982.54,34.475,93.574
892.75,983.16,34.441,93.483
893.89,985.05,34.558,93.799
893.3,986.04,34.467,93.552
894.23,987.09,34.382,93.321
892.44,987.95,34.391,93.347
892.63,989.38,34.461,93.536
893.1,991.32,34.371,93.293
892.07,991.79,34.462,93.539
893.31,993.24,34.457,93.526
893.27,994.06,34.49,93.615
892.42,995.56,34.633,94.003
892.54,996.58,34.71,94.212
892.57,998.08,34.852,94.597
891.16,998.65,34.515,93.684
891.55,1001.6,34.668,94.098
890.9,1003.8,34.744,94.304
890.84,1007,34.756,94.337
891.32,1010.4,34.703,94.195
890.75,1012.5,34.637,94.015
890.06,1014.6,34.36,93.263
890.68,1018.3,34.117,92.604
890.09,1022.3,33.87,91.934
888.49,1024.6,33.661,91.367
887.79,1043.9,32.9,89.299
889.25,1031.8,33.307,90.405
888.63,1034.2,33.401,90.661
888.88,1037.1,33.24,90.224
889.03,1039.8,32.875,89.233
894.6,1003.8,32.827,89.102
891.61,1003.5,32.993,89.553
902.8,1001.4,32.448,88.072
907.29,986.23,32.248,87.529
890.74,994.89,31.934,86.678
910.04,989.01,31.534,85.591
944.17,971,31.528,85.575
995.97,986.99,31.663,85.943
992.05,981.81,31.667,85.955
996.7,981.81,31.365,85.132
983.23,987.98,31.252,84.826
1010.2,987.08,31.89,86.56
1016.3,994.32,31.631,85.855
1012.6,990.99,31.839,86.421
983.63,998.19,31.774,86.245
983.38,1000.9,31.768,86.228
983.31,1001.4,31.811,86.343
983.64,1001.6,31.548,85.629
983.73,1001.1,31.378,85.169
993.07,980.12,31.337,85.057
993.38,983.09,31.362,85.124
994.19,987.26,31.258,84.843
995.22,990.7,31.156,84.566
994.96,994.4,31.174,84.615
980.33,985.63,31.092,84.392
979.34,981.9,30.765,83.505
993.51,1001.1,30.892,83.849
993.06,1005,30.859,83.761
993.15,1007.6,30.721,83.386
993.59,1008.7,30.77,83.518
996.17,991.55,30.696,83.318
995.05,1008.8,30.309,82.266
996.16,1004.1,30.238,82.074
995.95,1001.1,30.126,81.771
996.64,998.17,30.144,81.82
997.56,995.74,30.065,81.604
998.71,993.94,30.072,81.625
985.07,1002.2,30.033,81.519
984.22,1004.7,30.021,81.485
984.49,1007.3,29.865,81.062
984.66,1010.6,29.629,80.421
984.63,1012.8,29.608,80.364
985.41,1014.2,29.478,80.013
985.3,1015,29.296,79.519
984.93,1014.6,29.25,79.393
985.76,1012.4,29.114,79.025
997.96,994.48,29.166,79.166
997.98,997.02,29.032,78.802
998.88,1000.5,29.02,78.768
998.2,1002.4,29.003,78.721
997.98,1006.8,28.943,78.559
997.78,1008.8,28.874,78.372
997.69,1011.6,28.797,78.164
997.83,1015.1,28.748,78.029
998.02,1018.1,28.518,77.406
998.42,1020.3,28.368,76.998
997.81,1021.1,28.356,76.965
998.62,1021.4,28.206,76.56
1000.1,1019.3,28.175,76.474
1000.8,1015,28.297,76.807
1001.3,1011.6,28.277,76.752
1002.1,1009,28.287,76.778
1003.4,1007.4,28.291,76.79
1003.8,1004.9,28.087,76.235
1003.5,1002.7,28.069,76.186
990.82,1020,27.85,75.593
1001.7,995.72,27.913,75.764
1002.2,994.8,28.111,76.301
1000.4,995.12,27.965,75.906
1001.5,998.96,27.896,75.719
1001.5,1001.5,28.048,76.131
1001,1003.7,28.003,76.008
1001.8,1007.6,27.973,75.928
1002.2,1011.1,27.89,75.702
1002.8,1014.2,27.687,75.151
1002.3,1017.8,27.52,74.697
1002.3,1020.8,27.331,74.184
1001.9,1024.6,27.203,73.838
1001.9,1027.4,27.277,74.038
1001.8,1030.4,27.236,73.926
1002.3,1033.9,27.173,73.754
1002.5,1036.5,27.288,74.068
1002.8,1021.1,27.025,73.354
1002.9,1023,26.839,72.849
1004.1,1037.1,26.833,72.833
1005,1034.5,26.593,72.182
1005.2,1031.4,26.544,72.049
1005.9,1028.9,26.443,71.774
1005.5,1025.6,26.458,71.814
1005.4,1024.3,26.503,71.937
1005.1,1021.6,26.474,71.859
1003.7,1020.1,26.266,71.293
1003.1,1017.3,26.03,70.654
1001.4,1014.9,26.013,70.607
1002.1,1015,25.853,70.171
980.35,1009.3,26.094,70.826
989.72,1044.3,26.129,70.921
997.61,1021.7,25.809,70.053
998.45,1024.8,25.515,69.255
999.25,1027.2,25.415,68.985
999.29,1030.3,25.256,68.552
998.33,1035.2,25.264,68.574
998.5,1038.1,25.253,68.545
984.37,1034.7,25.204,68.412
983.6,1033.1,25.057,68.012
981.84,1028.6,25.104,68.14
979.83,1025.6,25.122,68.187
979.81,1023,25.32,68.724
979.08,1022.6,25.425,69.012
978.69,1022.7,25.621,69.543
979.89,1026.3,25.641,69.596
980.3,1030.6,25.542,69.328
991.23,1033,25.414,68.98
987.1,1016.9,25.482,69.167
986.8,1017.1,25.651,69.625
993.25,1037.1,25.559,69.374
993.09,1036.9,25.47,69.133
991.89,1034,25.402,68.948
990.61,1030.4,25.435,69.038
989.31,1027.2,25.327,68.746
988.67,1024.9,25.273,68.598
989.25,1026.2,25.06,68.02
967.91,1022.4,25.082,68.08
984.33,1021.5,24.996,67.846
988.32,1033.5,24.94,67.694
987.94,1039.4,24.867,67.497
986.92,1030.7,24.89,67.56
989.78,1015.7,24.963,67.758
1005.2,1000.7,25.239,68.505
1005.2,1000.6,25.504,69.226
987.56,1026,25.439,69.05
968.81,1034.5,25.398,68.937
968.5,1031.2,25.296,68.66
968.06,1028.4,25.525,69.283
968.59,1028,25.516,69.259
968.69,1029.2,25.608,69.507
968.28,1030.1,25.664,69.658
967.51,1033.6,25.628,69.561
968.27,1037.5,25.561,69.379
960.86,1018.2,25.417,68.989
960.33,1020.8,25.444,69.063
960.96,1024.5,25.449,69.075
983.29,1040.6,25.225,68.467
981.54,1039,25.026,67.929
980.83,1035.5,24.92,67.64
978.21,1031.7,24.936,67.685
977.31,1028.3,24.841,67.425
977.79,1028.4,24.696,67.033
978.51,1031.6,24.442,66.344
998.82,1006.7,24.605,66.786
998.42,1005.6,24.787,67.278
998.01,1005.2,25.047,67.984
998.08,1004.3,25.348,68.803
996.71,1003,25.5,69.214
996.19,1001.8,25.653,69.629
994.08,1001,25.699,69.754
974.7,1001.5,25.697,69.748
958.86,1032.6,25.812,70.06
959.9,1031.2,25.959,70.459
959.6,1027.7,26.071,70.763
960.66,1028.2,26.145,70.966
960.79,1030.2,26.179,71.057
961.48,1032.2,25.961,70.466
961.28,1034.7,25.895,70.286
962,1037.3,25.656,69.636
960.95,1013.5,25.744,69.878
956.84,1027.5,25.877,70.238
974.88,1038.6,25.64,69.596
974.33,1038.6,25.525,69.282
974.85,1035.1,25.589,69.457
972.94,1029.9,25.631,69.57
969.15,1025.8,25.614,69.523
970.46,1025.6,25.513,69.249
969.74,1027.6,25.388,68.91
969.19,1028.4,25.443,69.06
969.01,1031.6,25.219,68.452
968.93,1034,25.102,68.135
966.7,1036.6,24.982,67.809
966.97,1040,24.806,67.332
971.43,1030.8,24.863,67.484
988.37,1000.3,24.986,67.82
987.57,999.97,25.012,67.889
987.71,998.99,25.081,68.076
980.1,984.85,25.158,68.285
981.27,987.75,25.34,68.781
980.4,985.31,25.475,69.145
987.14,996.21,25.547,69.341
987.78,996.28,25.595,69.473
986.02,995.24,25.738,69.862
986.27,996.09,25.809,70.052
985.2,996.07,25.72,69.812
985.77,995.52,25.654,69.632
984.33,994.95,25.582,69.438
984.74,995.23,25.501,69.218
984.5,995.75,25.542,69.33
984.79,995.67,25.642,69.599
984.35,995.32,25.62,69.539
984.81,995.45,25.724,69.822
985.96,996.51,25.895,70.286
986.31,996.91,25.909,70.325
965.38,1023.1,25.875,70.231
964.73,1025.5,25.751,69.897
966.36,1028.1,25.723,69.82
966.46,1030.9,25.68,69.704
966.33,1033.9,25.679,69.7
966.57,1035.8,25.684,69.715
953.7,1034.4,25.696,69.747
953.18,1030.6,25.717,69.803
954.71,1026.9,25.835,70.123
955.73,1022.5,25.914,70.339
956.19,1018.4,25.984,70.529
958.25,1016.8,26.137,70.942
959.19,1017.5,26.148,70.974
960.3,1019.4,26.104,70.853
960.64,1021.8,26.096,70.832
961.3,1024.3,25.97,70.491
961.14,1026.5,26.031,70.655
962.22,1029.4,26.047,70.698
962.06,1032,26.026,70.643
962.64,1034.9,26.047,70.7
975.19,1024.3,25.996,70.56
976.44,1021.1,25.938,70.402
974.71,1014.3,25.89,70.274
977.47,1011.4,26.205,71.128
997.56,988.95,26.388,71.624
997.14,988.35,26.425,71.724
976.29,1014.9,26.326,71.456
977.16,1017.1,26.222,71.174
977.27,1019.7,26.151,70.983
977.47,1021.9,26.176,71.05
977.56,1024.5,26.106,70.86
977.83,1027.2,26.201,71.117
966.35,1023.5,26.222,71.173
966.69,1020.3,26.356,71.539
967.61,1017.9,26.297,71.379
970.12,1015.4,26.361,71.551
970.86,1009.6,26.474,71.857
972.72,1008.5,26.563,72.1
974.21,1010.6,26.543,72.044
975.34,1013.1,26.595,72.188
975.44,1014.6,26.517,71.976
975.6,1016.8,26.422,71.716
975.74,1020.1,26.172,71.039
976.41,1022.7,26.104,70.853
977.28,1026.5,26.037,70.672
990.75,1022.4,25.864,70.203
990.09,1020.5,25.724,69.823
990.37,1017.1,25.75,69.894
989.48,1012.9,26.064,70.744
988.44,1009.7,26.055,70.72
991.43,1013.7,26.27,71.303
985.18,1009.8,26.281,71.335
982.81,1013.3,26.125,70.91
983.62,1012.4,26.12,70.897
983.72,1014.8,26.106,70.86
984.71,1017.9,25.893,70.28
985.39,1021.5,25.715,69.798
986.01,1024.7,25.532,69.302
986.82,1028.9,25.339,68.778
986.15,1031,25.326,68.743
986.47,1032.1,25.253,68.543
987.09,1035.4,25.201,68.402
974.72,1013.5,25.288,68.638
975.33,1012.3,25.414,68.98
975.71,1011.8,25.537,69.314
978,1014.2,25.598,69.481
977.15,1016.1,25.7,69.758
978.24,1018.2,25.774,69.958
978.71,1020.9,25.829,70.107
979.78,1023.6,25.828,70.105
980.41,1026.5,25.87,70.219
980.91,1029.6,25.643,69.603
982.29,1032.5,25.688,69.726
992.87,1021.6,25.679,69.699
992.94,1018.2,25.653,69.63
991.86,1014.5,25.625,69.553
992.48,1012.7,25.587,69.45
993.37,1014.3,25.508,69.237
994.63,1018.6,25.363,68.843
994.19,1020.5,25.318,68.722
995.32,1022.9,25.266,68.578
996.52,1026.8,25.001,67.861
997.34,1029.5,25.01,67.883
999.16,1033.4,24.955,67.734
999.81,1036.7,24.959,67.745
1001.7,1040.2,24.874,67.515
986.02,1031.6,24.807,67.333
987.89,1029.3,24.91,67.613
988.73,1027.3,24.975,67.789
989.41,1024.5,24.982,67.807
990.09,1024.6,24.847,67.443
991.47,1026.3,24.897,67.579
992.71,1030.6,24.906,67.603
993.11,1033.6,24.871,67.506
992.52,1035.8,24.908,67.609
994.3,1039.7,24.841,67.425
1000.9,1029.6,24.831,67.397
1023.1,998.09,25.048,67.988
1023.1,998.36,25.331,68.757
1023.4,998.57,25.421,68.999
1003.8,1035.3,25.419,68.994
1002.9,1032.3,25.518,69.263
1002.6,1031.1,25.442,69.056
1002.4,1031.2,25.157,68.283
1021.2,1005.9,25.309,68.696
1022.4,1005.9,25.474,69.144
1021.1,1007.5,25.703,69.766
1021.5,1007.4,25.803,70.037
1019.5,1008.2,26.002,70.576
1020,1008.2,26.087,70.807
1018.3,1009.1,26.32,71.441
1018.3,1008,26.633,72.291
1017.4,1009.6,26.986,73.248
1017.3,1011.2,27.308,74.122
1008.1,1007.6,27.479,74.585
1009.1,1009.4,27.408,74.394
1015.1,1025.3,27.484,74.598
1005.8,1012,27.537,74.744
1002.7,1013.4,27.435,74.467
1001.1,1015.8,27.346,74.226
999.05,1016.7,27.28,74.045
995.95,1017.2,27.158,73.714
994.01,1019,27.227,73.902
990.6,1019.3,26.986,73.249
990.92,1019.7,26.943,73.131
987.92,1020.8,26.817,72.789
987.63,1021.5,26.771,72.664
985.65,1022.6,26.671,72.394
984.73,1023.8,26.834,72.834
983.6,1025.8,26.837,72.842
981.13,1027.5,26.999,73.282
979.85,1027.5,27.116,73.599
977.16,1029.3,27.134,73.648
974.99,1030.5,27.087,73.521
974.81,1030.6,27.188,73.795
971.98,1031,27.341,74.21
971.69,1030.2,27.371,74.292
969.58,1031.5,27.505,74.657
964.4,1031.1,27.309,74.124
962,1031.4,26.969,73.201
961.84,1033,26.712,72.504
960.43,1033.1,26.506,71.945
958.62,1034.6,26.379,71.6
958.42,1035.6,26.504,71.938
956.7,1035.4,26.705,72.485
954.99,1036,26.46,71.82
952.96,1036.8,26.689,72.441
950.42,1036.5,26.66,72.362
914.72,1008.7,26.78,72.689
912.61,1007.5,26.96,73.176
912.35,1007.1,27.19,73.801
910.62,1007.8,27.684,75.142
909.9,1007.7,27.974,75.93
909.18,1008.2,28.341,76.926
908.14,1007.8,28.617,77.674
907.04,1009.6,28.567,77.54
905.88,1009.6,28.769,78.088
905.4,1010.5,29.036,78.813
904.15,1010.1,29.221,79.314
904.16,1010.2,29.259,79.418
904,1010.9,29.225,79.324
916.47,1009.5,28.97,78.633
916.65,1009,28.814,78.209
916.35,1010.1,28.631,77.713
914.47,1009.6,28.509,77.38
899.07,1013.4,28.434,77.178
898,1014.2,28.518,77.406
898.44,1014,28.566,77.537
895.91,1014.5,28.575,77.56
898.18,1014.2,28.716,77.945
894.03,1015.6,28.872,78.366
890.75,1016,28.869,78.358
890.05,1016.9,29.003,78.721
890.27,1016.5,29.01,78.74
889.73,1016.4,29.006,78.732
889.33,1015.6,29.083,78.94
887.56,1017.4,29.156,79.137
886.36,1016.9,29.312,79.561
887.25,1017.5,29.262,79.425
886.75,1018.2,29.319,79.58
887.11,1018.1,29.258,79.415
887.09,1018.9,29.08,78.932
886.1,1019.6,29.049,78.847
886.64,1019.6,29.105,78.999
886.67,1019.6,29.247,79.384
887.93,1019.8,29.306,79.544
887.28,1020,29.305,79.543
889.03,1020.3,29.177,79.196
888.45,1020,29.119,79.037
888.48,1019.8,29.182,79.207
888.72,1019.3,29.249,79.391
889.54,1019.4,29.574,80.271
889.65,1019,29.639,80.449
889.23,1019.9,29.614,80.38
889.23,1020.5,29.672,80.539
889.07,1020.2,29.741,80.727
888.44,1020.7,29.881,81.106
888.69,1021.7,29.875,81.089
888.61,1021.8,29.94,81.265
888.15,1021.5,29.883,81.112
888.65,1021.9,30.06,81.59
889.26,1021.7,30.127,81.774
889.44,1021.8,30.248,82.102
889.58,1021.4,30.166,81.88
890.94,1022.1,30.135,81.795
891.87,1022.2,30.027,81.501
891.78,1022.3,30.064,81.603
892.29,1023.2,30.127,81.772
892.35,1024.2,30.063,81.601
891.96,1024.3,29.985,81.387
891.06,1024.6,29.969,81.345
889.21,1024.9,29.787,80.85
889.5,1025,29.716,80.657
888.47,1024.7,29.745,80.737
887.14,1024.6,29.764,80.788
886.09,1024.6,29.808,80.906
883.94,1024.5,29.813,80.92
883.1,1024.2,30.082,81.651
880.95,1023.8,30.2,81.973
880.16,1024,30.113,81.736
878.14,1024.1,29.995,81.416
875.45,1024.6,29.938,81.259
873.35,1024.4,30.067,81.609
871.01,1025.6,29.95,81.293
870.37,1026.3,29.873,81.084
867.06,1025.9,29.97,81.347
865.5,1025.1,30.025,81.496
862.85,1024.6,30.04,81.536
861.81,1024.8,30.032,81.515
859.53,1024.9,30.01,81.455
858.9,1024.8,29.909,81.183
857.66,1026.7,29.87,81.075
855.79,1025.5,29.906,81.174
854.34,1026.1,30.016,81.472
853.96,1025.6,29.81,80.912
853.91,1026.4,29.656,80.496
852,1024.7,29.522,80.13
852.6,1026.2,29.391,79.776
851.13,1025.4,29.297,79.521
850.75,1026.1,29.208,79.279
849.78,1025.4,29.123,79.049
848.6,1024.6,29.056,78.865
847.76,1024.8,29.05,78.85
846.73,1024.1,29.326,79.599
845.47,1023.1,29.523,80.134
843.77,1022.5,29.717,80.661
841.08,1021.6,29.813,80.921
840.06,1021.9,29.94,81.265
838.54,1021.1,29.981,81.378
836.42,1021.1,30.128,81.775
835.42,1021.2,30.196,81.962
833.92,1021.1,30.373,82.442
832.5,1020.8,30.325,82.31
830.56,1019.8,30.277,82.181
828.96,1018.8,30.341,82.354
828.63,1019.1,30.253,82.115
826.61,1018.3,30.205,81.985
825.3,1017.9,30.212,82.004
824.07,1017.4,30.264,82.144
823.82,1017.2,30.326,82.314
822.84,1016.8,30.393,82.496
822.74,1016.8,30.337,82.343
821.86,1016.9,30.177,81.91
821.34,1017.2,30.084,81.656
821.05,1016.8,30.147,81.829
820.78,1017,30.075,81.632
819.96,1016.4,30,81.428
820.43,1015.5,30.03,81.511
820.18,1015,29.802,80.89
820.48,1014.8,29.912,81.189
819.99,1014.3,29.852,81.028
819.71,1013.3,29.857,81.039
819.3,1012.4,29.983,81.381
818.85,1011.6,30.063,81.601
818.19,1011.8,30.14,81.808
817.75,1011.8,30.08,81.646
817.11,1011.4,30.117,81.746
816.93,1011.4,30.169,81.888
816.46,1011.4,30.074,81.628
815.94,1011.2,30.012,81.462
814.72,1010.5,29.996,81.418
813.51,1010,30.018,81.477
813.44,1009.4,30.008,81.451
813.81,1008.8,29.904,81.169
814.49,1008.9,29.909,81.181
814.68,1008.2,29.821,80.943
815.49,1008,29.813,80.921
816.62,1007.5,29.881,81.106
817.49,1007,29.751,80.752
818.08,1006.4,29.912,81.189
819.42,1006.3,29.949,81.29
820.73,1005.1,30.137,81.8
821.72,1005,30.271,82.164
825.37,1002.9,30.168,81.884
825.57,1002.4,30.194,81.956
825.69,1001.5,30.072,81.624
825.55,1000.3,30.27,82.162
825.35,998.83,30.228,82.048
824.51,997.99,30.246,82.097
824.02,997.64,30.274,82.174
823.39,997.02,30.396,82.505
822.78,996.67,30.464,82.687
822.64,996.23,30.687,83.292
822.01,995.69,30.539,82.89
820.8,995.06,30.398,82.509
819.87,995.18,30.337,82.344
819.04,994.3,30.171,81.892
818.64,993.97,30.064,81.603
818.01,993.28,29.824,80.951
817.34,992.43,29.812,80.918
817.45,991.39,29.709,80.639
817.18,990.71,29.501,80.073
816.93,990.19,29.472,79.995
816.66,989.8,29.415,79.84
816.52,989.69,29.229,79.337
816.23,989.2,29.196,79.245
816.81,989.07,29.087,78.949
817.03,988.96,29.118,79.034
816.12,988.19,29.166,79.165
816.19,987.18,29.143,79.102
816.51,986.63,28.918,78.492
816.87,985.29,28.766,78.078
816.55,985.23,28.732,77.987
815.85,983.79,28.981,78.662
814.95,983.15,29.123,79.049
813.63,981.38,29.391,79.777
812.79,980.42,29.392,79.778
812.35,980.2,29.43,79.881
811.45,979.63,29.45,79.935
810.55,979.16,29.468,79.984
809.78,978.7,29.621,80.4
809.06,978.53,29.683,80.569
807.49,978.09,29.864,81.06
806.56,977.57,29.829,80.964
805.74,976.99,29.742,80.727
803.93,976.01,29.637,80.444
803.73,975.73,29.525,80.14
802.66,975.15,29.51,80.099
801.8,973.89,29.443,79.917
801.19,973.31,29.423,79.862
800.93,973.37,29.343,79.645
800.83,973.36,29.228,79.334
800.23,972.29,28.974,78.643
799.68,972.72,28.951,78.581
799.42,972.27,28.881,78.392
799.13,971.49,28.986,78.677
799.52,971.5,29.094,78.968
799.02,970.48,29.081,78.933
798.52,970.2,29.109,79.009
797.29,968.87,29.138,79.088
796.56,967.67,29.435,79.896
796.04,967.47,29.435,79.896
795.45,966.76,29.507,80.091
794.62,966.28,29.456,79.952
793.83,965.99,29.337,79.63
793.33,966.29,29.323,79.59
791.85,965.99,29.316,79.573
790.52,966.37,29.334,79.62
789.72,966.39,29.344,79.649
788,966.24,29.369,79.716
786.86,966.25,29.477,80.009
785.19,965.61,29.426,79.869
784.01,965.03,29.571,80.264
783.11,964.74,29.635,80.437
782.25,964.09,29.629,80.422
781.72,963.8,29.954,81.304
780.14,963.15,29.95,81.292
779.69,962.45,30.022,81.489
779.22,962.2,30.173,81.897
779.28,962.82,30.258,82.128
778.5,962.32,30.296,82.232
778.6,962.31,30.297,82.235
778.24,961.87,30.346,82.367
778.9,962.44,30.317,82.288
778.34,962.22,30.275,82.174
778.55,961.68,30.264,82.144
778.53,961.4,30.251,82.11
778.83,961.52,30.275,82.175
778.82,960.92,30.242,82.086
777.49,960.76,30.269,82.159
777.09,960.59,30.278,82.182
776.52,960.54,30.174,81.901
776.88,961.18,29.93,81.24
775.19,960.81,29.952,81.298
775.23,960.84,29.874,81.087
774.48,961.67,29.967,81.339
773.02,961.53,29.839,80.992
772.65,962.94,29.685,80.573
771.7,963.29,29.681,80.562
770.03,964.38,29.467,79.983
769.13,965.45,29.453,79.944
766.99,968.44,29.57,80.261
766.96,968.16,29.578,80.282
765.31,969.07,29.745,80.737
763.32,968.34,30.213,82.008
763.06,968.13,30.344,82.363
762.55,969.49,30.321,82.301
759.93,969.31,30.204,81.983
760.14,969.93,29.968,81.342
759.31,969.59,29.832,80.971
759.53,972.15,29.348,79.66
758.8,972.05,29.027,78.786
757.86,973.45,28.925,78.512
757.13,973.78,28.712,77.934
757.69,976.83,28.529,77.436
758.01,977.23,28.59,77.601
756.65,976.84,28.559,77.518
756.31,977.07,28.58,77.574
755.59,977.75,28.701,77.902
754.67,978.82,28.682,77.85
754.74,978.91,28.844,78.291
753.88,980.67,28.955,78.593
753.07,980.13,28.829,78.25
752.35,984.74,28.852,78.311
752.81,982.65,28.851,78.309
752.66,984.25,29.077,78.922
756.62,974.47,28.895,78.429
748.9,984.35,29.026,78.785
748.67,995.59,29.213,79.292
747.22,988.92,29.423,79.862
748.02,945.29,29.101,78.988
748.11,993.1,29.216,79.302
742.59,996.56,29.304,79.54
743.62,994.77,29.634,80.435
744.17,997.45,29.671,80.536
741.46,999.3,29.798,80.881
742.09,1002,30.055,81.577
742.53,1000.4,30.219,82.023
739.74,1001.6,30.301,82.246
738.8,1003.1,30.274,82.172
737.61,1005.1,30.289,82.213
736.83,1006.5,30.109,81.724
736.19,1008.1,30.004,81.44
736.09,1008.6,29.964,81.332
735,1010.3,29.794,80.87
735.71,1013.6,29.658,80.501
735.37,1014.5,29.523,80.133
735.72,1017,29.484,80.029
735.1,1018.3,29.508,80.092
734.06,1019.9,29.474,80.002
733.5,1022.4,29.159,79.147
733.68,1024.5,29.05,78.85
734.25,1026.5,29.045,78.837
733.21,1029,28.95,78.579
732.15,1028.9,28.895,78.428
732.93,1031.8,28.977,78.651
732.45,1034,28.885,78.403
730.74,1035.7,28.927,78.516
728.45,1037.9,29.118,79.035
730.41,1042.9,29.153,79.128
729.89,1031.6,28.732,77.986
730.63,1048.2,29.083,78.941
727.18,1034.8,28.871,78.364
726.21,1044.7,28.857,78.326
726.02,1049.4,28.6,77.63
725.45,1048.6,28.383,77.039
727.91,1041.4,28.434,77.178
687.31,1017.5,28.23,76.624
686.49,1020.5,28.041,76.112
667.43,1015.7,27.606,74.931
667.63,1015.7,27.36,74.263
627.85,1004.8,27.486,74.605
627.84,1004.4,27.692,75.164
622.59,1017.4,27.569,74.83
627.65,1013.3,27.64,75.024
624.65,1019.3,27.333,74.19
626.66,1017.1,27.18,73.774
624.36,1020,26.883,72.968
623.9,1024.8,26.795,72.728
624.96,1028.7,26.537,72.028
623.36,1030.6,26.33,71.468
618.71,1037.4,26.221,71.171
623.03,1028.3,25.998,70.567
621.99,1039.6,25.738,69.86
619.86,1035.9,25.466,69.123
622.97,1033.6,25.274,68.601
618.07,1050.8,25.411,68.973
622,1035.4,24.979,67.799
650.82,1036.5,24.689,67.014
658.49,1037.2,24.665,66.947
657.39,1054.2,24.794,67.298
657.43,1058.1,24.991,67.832
655.87,1061.3,25.233,68.488
672.51,1030.6,25.091,68.105
668.54,1033.9,24.985,67.816
673.82,1030.3,24.937,67.686
659.97,1023.7,24.89,67.559
668.31,1037.1,25.069,68.044
668.71,1037.7,25.105,68.143
693.07,1017.5,25.177,68.338
709.72,1030.2,25.115,68.17
708.75,1031.9,25.119,68.18
707.48,1034.5,25.012,67.89
694.3,1029.3,24.906,67.602
667.94,1033.6,24.944,67.705
639.07,1030,24.979,67.799
638.14,1028.9,24.987,67.822
620.46,1038.2,24.924,67.65
620.39,1019.9,24.866,67.495
633.81,1024,24.789,67.284
643.36,1038.5,24.87,67.503
634.13,1039.7,24.677,66.981
654.36,1032.8,24.711,67.073
655.45,1033.6,24.603,66.781
657.38,1022.8,24.657,66.927
625.32,1025.6,24.475,66.432
623.12,1027.9,24.357,66.111
617.54,1020.5,24.344,66.077
580.85,1011,24.336,66.055
594.95,1026.7,24.312,65.991
570.68,1018.5,24.201,65.688
576.25,1021.8,24.202,65.691
576.41,1021.7,24.179,65.628
576.39,1026.7,24.01,65.17
575.42,1027.7,23.932,64.957
569.6,1034.5,23.873,64.798
574.49,1035.5,23.653,64.2
574.68,1038.8,23.57,63.977
572.35,1041.2,23.408,63.537
575.36,1037.2,23.334,63.336
572.41,1048.1,23.256,63.123
600.64,1032.1,23.208,62.993
604.18,1011.7,23.187,62.937
598.43,1034.5,23.113,62.735
601.74,1019.8,23.198,62.965
603.03,1022.8,23.207,62.99
600.47,1026.8,23.108,62.723
630.48,1041.1,23.147,62.826
647.65,1040.8,23.073,62.626
627.71,1036.2,23.117,62.746
598.91,1041.5,23.071,62.621
616.86,1024.8,23.144,62.819
615.3,1028.1,23.068,62.614
624.59,987.7,23.206,62.987
624.17,988.64,23.455,63.664
622.84,992.4,23.639,64.163
625.73,991.84,23.694,64.313
621.57,1000.8,23.916,64.915
621.49,1004,23.95,65.007
602.61,1010.4,23.887,64.837
586.03,1008.3,24.233,65.775
582.03,1016.9,24.237,65.786
577.89,1024.4,24.231,65.771
583.15,1019.9,24.296,65.947
582.99,1025.5,24.159,65.573
558.98,1022.9,24.342,66.07
549.92,1021.3,24.382,66.179
550.91,1025.4,24.263,65.857
542.33,1034.3,24.356,66.11
544.48,1037.6,24.331,66.043
547.49,1036.3,24.288,65.926
546.61,1039.7,24.114,65.452
524.95,1028.7,24.127,65.487
530.05,1035.3,24.052,65.283
524.59,1027.3,24.019,65.195
530.29,1020.2,24.154,65.562
536.44,1028.9,24.072,65.338
534.51,1037.9,23.968,65.056
535.12,1028.3,23.851,64.738
546.48,1034.1,23.896,64.861
542.15,1028.4,23.896,64.861
538.69,1037.5,23.865,64.775
568.56,1041.3,23.69,64.302
585.74,1034.4,23.682,64.279
569.23,1043.5,23.631,64.142
567.84,1048.9,23.857,64.753
568.02,1061.4,24.025,65.211
572.9,1034.3,23.982,65.095
576.69,1037.7,23.928,64.948
576.66,1038.6,23.803,64.608
570.79,1026.2,23.584,64.014
577.5,1023.5,23.739,64.435
576.16,1030,23.632,64.145
574.89,1033,23.539,63.892
576.48,1032,23.332,63.33
576.62,1037,23.263,63.144
575.87,1038,22.953,62.3
590.92,1016.8,22.904,62.169
590.19,1020.1,23.044,62.548
582.36,1033.1,23.234,63.063
588.66,1030,23.298,63.237
601.89,1036.5,23.292,63.221
599.08,999.48,23.553,63.929
599.3,1004.8,23.639,64.163
597.65,1006.2,23.936,64.97
598.17,1009.4,24.099,65.412
596.16,1012.5,24.287,65.922
595.54,1017.3,24.521,66.558
594.22,1020.4,24.739,67.15
595.02,1025.6,24.787,67.278
592.28,1028.4,24.936,67.683
592.16,1031.4,24.977,67.795
591.64,1035.4,24.98,67.803
587.71,1028.6,24.934,67.677
590.03,1040.1,24.873,67.513
588.16,1049.2,24.914,67.623
567.11,1026.1,24.822,67.375
556.56,1020,24.898,67.58
563.32,1015.5,24.917,67.633
577.52,1008.1,25.033,67.947
576.73,1011,25.18,68.345
600.46,1025.9,24.817,67.361
613.8,1003.4,24.744,67.162
615.36,1005.4,24.817,67.361
634.35,998.85,24.929,67.665
613.75,1009.2,24.866,67.495
612.62,1010.5,24.809,67.339
606.79,1007.4,24.963,67.757
608,1010.7,25.027,67.93
602.87,1014.9,25.014,67.895
607.21,1019.4,24.809,67.338
622.16,1025.4,24.672,66.967
622.78,1025.9,24.45,66.365
622.29,1033.2,24.341,66.069
663.48,1029.7,24.362,66.126
662.25,1031.8,24.35,66.093
662.05,1034.2,24.302,65.963
660.85,1036.1,24.241,65.798
663.49,1037.5,24.124,65.479
667.95,1038.3,23.752,64.471
666.66,1040.1,23.258,63.13
659.23,1008.4,23.375,63.447
652.04,1011.2,23.471,63.707
657.98,1012.2,23.624,64.121
657.88,1003,23.63,64.139
653.45,1020.7,23.594,64.042
661.27,1019.5,23.55,63.922
654.1,1026.3,23.518,63.834
653.12,1025.5,23.425,63.583
652.61,1028.8,23.433,63.605
652.33,1033.3,23.28,63.188
651.84,1032.6,23.241,63.083
651.24,1037.1,23.014,62.466
650.57,1045.5,22.938,62.26
653.28,1033.2,22.939,62.264
649.27,1018.3,22.757,61.768
649.23,1033.7,22.564,61.245
648.14,1022.1,22.521,61.128
649.48,1034.6,22.361,60.693
637.09,1037.4,22.218,60.306
648.61,1038.4,22.153,60.13
664.89,1031.2,22.176,60.191
648.49,1034.6,22.105,59.999
646.64,1036.9,21.92,59.497
647.16,1040.4,21.685,58.859
646.75,1021.6,21.686,58.862
642.54,1026.3,21.727,58.973
642.63,1030,21.809,59.197
641.95,1033.9,21.914,59.482
644.38,1032.9,21.934,59.534
643.5,1037.7,21.924,59.508
641.44,1038.6,21.961,59.607
639.33,1037.2,21.957,59.597
628.22,1019.6,22.08,59.931
624.65,1021.9,22.189,60.229
621.93,1024.5,22.189,60.227
623.27,1029.2,22.207,60.275
621.56,1032.8,22.056,59.866
625,1032.2,22.137,60.086
622.77,1035.5,22.053,59.858
621.2,1037.4,22.298,60.523
621.15,1039.1,22.257,60.411
617.92,1043.7,21.99,59.687
618.34,1046.2,21.777,59.11
618.6,1031,21.814,59.21
641.11,996.23,21.945,59.566
639.75,1000.4,22.142,60.101
638.45,1003.1,22.204,60.267
638.66,1006.3,22.223,60.319
638.33,1010.5,22.378,60.74
636.97,1011.7,22.439,60.906
635.98,1020.4,22.6,61.344
633.47,1024,22.544,61.192
635.03,1025.7,22.636,61.441
632.92,1029,22.594,61.327
632.41,1031.7,22.596,61.333
631.15,1037,22.64,61.45
631.88,1038,22.593,61.324
630.65,1041.5,22.54,61.179
629.42,1045,22.481,61.021
627.51,1052,22.432,60.886
629.95,1057.4,22.581,61.29
627.9,1060.5,22.647,61.47
634.7,1038.8,22.811,61.915
631.61,1046.8,22.734,61.706
633.54,1037.6,22.684,61.571
631.53,1026.4,22.67,61.534
602.57,1034.6,22.683,61.568
601.83,1037.9,22.68,61.559
586.49,1037.8,22.631,61.427
606.84,1021.5,22.785,61.846
631.81,1034.5,22.821,61.941
640.57,1016.3,22.827,61.958
680.96,1002.5,22.871,62.078
682.62,1003,23.007,62.447
685.26,1006.1,22.878,62.097
682.05,1008.1,22.894,62.14
684.35,1008.4,22.861,62.051
682.5,1010.8,22.851,62.024
680.44,1013,22.88,62.102
677.98,1017.8,22.887,62.123
676.93,1018.5,23.021,62.486
675.69,1022.5,22.937,62.256
679.73,1026.9,22.864,62.06
678.75,1026.2,22.911,62.187
675.92,1029.7,22.814,61.923
679.92,1032.7,22.61,61.371
673.63,1033.5,22.391,60.775
678.54,1034.4,22.211,60.287
680.88,1040.1,22.065,59.892
676.81,1040.2,22.09,59.957
675.44,1043.4,22.061,59.879
675.96,1040.1,22.062,59.883
678.16,1024.1,22.077,59.923
670.72,1038,21.945,59.565
649.76,1029.3,21.933,59.531
650.08,1031.6,21.9,59.443
649.21,1033.3,21.854,59.317
640.41,1039,21.923,59.506
644.7,1038.2,22.042,59.829
650.88,1031,21.994,59.699
656.93,1012.9,21.887,59.408
665.67,1007.5,21.945,59.564
664.94,1023,21.999,59.711
649.54,1038.8,21.853,59.316
662.61,1016.1,21.874,59.372
661.8,1020,21.869,59.359
659.51,1022.6,21.876,59.378
661.45,1023.1,21.869,59.358
661.11,1024.9,21.984,59.672
660.27,1028.8,21.875,59.375
658.37,1032,21.767,59.083
658.81,1034.6,21.742,59.014
658.42,1035.8,21.651,58.767
658.7,1041,21.687,58.864
658.02,1042.3,21.693,58.881
657.48,1045.7,21.654,58.775
646.49,1026.8,21.552,58.498
647.77,1020.7,21.384,58.044
646.66,1027.9,21.312,57.847
624.95,1029.9,21.398,58.08
645.48,1041.2,21.221,57.599
645.76,1028.2,20.973,56.926
677.67,1021.5,21.142,57.384
680.98,1018.7,21.393,58.066
678.46,1027.1,21.513,58.394
672.26,1030.1,21.4,58.086
678.36,1033.1,21.525,58.426
676.14,1038.2,21.482,58.309
676.74,1040.3,21.616,58.672
675.96,1038.6,21.692,58.878
676.46,1041.2,21.683,58.854
674.07,1044.6,21.764,59.074
673.81,1044.7,21.767,59.081
674.6,1045.5,21.663,58.8
673.46,1043.8,21.796,59.161
688.16,1022.1,21.887,59.408
713.82,1007.2,22.054,59.86
714.3,1007.9,22.098,59.981
711.75,992,22.203,60.266
711.57,997.39,22.374,60.729
710.52,1012,22.496,61.062
711.19,1012.5,22.387,60.766
714.25,1012.6,22.503,61.079
702.97,995.15,22.546,61.196
708.81,1011.4,22.719,61.666
720.98,1033.8,22.899,62.155
706.55,1034.9,22.913,62.193
700.94,1039.3,22.765,61.79
705.13,1024.4,22.733,61.704
710.68,1011.4,22.857,62.04
712.39,1008.6,22.868,62.07
711.46,1009.7,22.991,62.404
712.89,1035.9,23.076,62.635
700.7,1038.9,23.02,62.482
702.56,1036.8,23.015,62.468
702.81,1039.9,22.963,62.327
709.29,1023.9,23.049,62.562
707.04,1024.9,23.06,62.592
707.65,1025.7,23.07,62.62
707.06,1024.4,23.192,62.951
703.15,1026.4,23.138,62.802
729.01,1026.7,23.068,62.614
699.4,1025.7,23.134,62.792
697.45,1026.2,23.142,62.815
702.74,1027.9,23.132,62.785
702.09,1027.9,23.116,62.742
676.71,1006.5,23.343,63.36
681.52,970.65,23.466,63.693
685.12,958.16,23.661,64.224
681.18,973.55,23.765,64.506
685.55,982.1,24.108,65.437
680.54,982.7,24.177,65.624
682.41,979.78,24.22,65.741
696.85,992.28,24.438,66.332
685.74,993.94,24.718,67.092
691.58,1016.7,24.841,67.426
703.36,1027,24.719,67.094
687.2,1037,24.531,66.585
698.54,1037,24.389,66.2
674.9,1034.2,24.283,65.91
676.82,1037.1,24.219,65.736
677.05,1006.4,24.194,65.669
665.26,1010.2,24.19,65.657
675.55,1005.2,24.203,65.694
690.96,1008.3,24.222,65.745
688.26,972.19,24.249,65.819
687.99,973.71,24.325,66.024
690.36,975.85,24.356,66.11
653.57,977.29,24.183,65.639
652.39,978.44,24.2,65.686
649.65,984.83,24.32,66.012
648.05,988.53,24.321,66.015
648.76,991.61,24.469,66.416
669.83,981.87,24.524,66.566
647.61,993.17,24.459,66.39
647.2,1001.9,24.397,66.219
647.95,1001,24.256,65.837
644.16,1007.5,24.312,65.991
644.72,1006.9,24.218,65.735
641.27,1017,24.221,65.743
639.79,1018.1,24.329,66.036
636.99,1019.4,24.283,65.91
635.73,1022.7,24.041,65.253
635.36,1019.6,23.917,64.918
633.02,1029.5,23.812,64.632
631.19,1032.8,23.695,64.316
628.4,1037.1,23.628,64.133
626.66,1039.8,23.635,64.152
625.71,1039,23.414,63.553
620.21,1046.4,23.326,63.313
620.37,1044.5,23.049,62.561
619.85,1019.8,22.978,62.368
604.48,1032.3,22.997,62.421
617.19,1034.7,22.91,62.184
620.29,1016.4,22.942,62.272
617.64,1022.4,23.017,62.475
610.23,1035.6,22.846,62.011
604.79,1039.9,22.706,61.631
601.9,1046.9,22.702,61.619
589.17,1040.1,22.469,60.986
600.53,1039.4,22.386,60.761
602.64,1028.1,22.309,60.554
603.01,1003,22.232,60.344
599.76,1020.9,22.314,60.567
595.57,1010.1,22.228,60.332
604.68,1033.8,22.24,60.365
586.67,1030.9,22.234,60.349
584.85,1031,22.156,60.138
584.45,1038.4,21.924,59.508
579.9,1020.7,21.843,59.288
576.17,1022.5,21.887,59.407
576.51,1026.6,21.733,58.99
567.36,1039,21.529,58.436
561.75,1039.5,21.285,57.773
559.65,1040.5,21.165,57.449
556.64,1043.2,21.12,57.327
556.81,1033.5,20.886,56.69
550.1,1041.5,20.722,56.245
544.5,1039.8,20.655,56.064
547.22,1027.7,20.45,55.507
540.45,1026,20.261,54.994
554.94,1025.9,20.388,55.338
542.26,1010,20.36,55.262
543.75,1010,20.479,55.586
533.2,983.81,20.282,55.052
535.52,965.05,20.242,54.942
528.29,956.37,20.295,55.087
530.27,925.34,20.373,55.298
526.77,928.24,20.378,55.311
524.78,930.13,20.393,55.353
520.89,936.58,20.247,54.955
523.92,939.22,20.4,55.373
513.84,937.27,20.429,55.451
518.78,940.6,20.568,55.828
510.63,944.31,20.433,55.462
503.54,950.81,20.233,54.919
498.9,952.35,20.575,55.847
496.68,962.08,20.463,55.541
492.84,955.95,20.633,56.003
489.99,963.13,20.673,56.112
485.81,969.37,20.653,56.059
488.89,982.91,20.607,55.934
486.63,969.6,20.694,56.169
477.74,980.68,20.464,55.544
481.42,975.91,20.635,56.01
484.56,979.45,20.646,56.04
467.16,992.07,20.618,55.963
464.94,998.41,20.383,55.325
464.55,1003.4,20.246,54.953
461.83,1004.6,20.148,54.687
471.44,989.81,20.197,54.819
469.57,993.52,20.324,55.164
454.34,991.25,20.299,55.098
454.95,1005.6,20.402,55.377
460.58,1007.4,20.463,55.542
458.47,1003.4,20.648,56.044
445.01,1002.3,20.613,55.95
439.29,980.21,20.617,55.96
436.34,984.36,20.737,56.285
432.88,985.25,20.77,56.377
430.44,990.71,20.837,56.558
427.52,995.34,20.871,56.649
426.3,1001.3,20.709,56.21
421.18,1005.1,20.582,55.866
419.35,1007.2,20.52,55.696
417.61,1011.3,20.624,55.981
414.17,1017.1,20.625,55.981
411.85,1020.4,20.674,56.116
407.23,1024.7,20.647,56.041
404.33,1030.9,20.352,55.241
403.93,1032.5,20.206,54.845
401.37,1036.3,20.058,54.442
399,1042.3,20.004,54.297
398.4,1044.5,19.936,54.113
394.56,1047.3,19.93,54.096
392.58,1051.5,19.984,54.243
392.94,1044.1,19.859,53.902
390.17,1041.9,19.909,54.039
387.4,1047.3,20.052,54.427
387.61,1049,20.092,54.534
376.66,1015.6,20.079,54.501
375.07,1019.1,20.046,54.412
384.85,1014.6,20.309,55.124
383.3,1014.4,20.558,55.8
379.97,996.4,20.65,56.05
393.69,993.42,20.835,56.553
377.11,1001.7,20.759,56.345
374.88,1003.4,20.728,56.26
369.92,1009.7,20.921,56.786
388.43,1020.7,20.957,56.883
387.91,1016.2,21.056,57.153
387.46,1017.1,21.114,57.31
386.08,1008.5,21.157,57.425
376.74,1014.7,21.318,57.863
355.9,1009.8,21.26,57.705
379.55,1008,21.412,58.118
376.56,1010.2,21.532,58.444
352.65,1023,21.28,57.761
345.78,1025.9,21.192,57.52
369.61,1023,21.234,57.634
343.93,1011.8,20.993,56.98
363.13,1034.2,20.952,56.869
336.73,1035.1,20.723,56.248
338.95,1030.8,20.402,55.376
356.76,1045.5,20.52,55.697
344.21,1039.8,20.47,55.562
347.5,1009,20.522,55.702
350.02,997.17,20.613,55.949
330.3,999.8,20.432,55.459
334.39,1006.4,20.527,55.717
332.85,972.68,20.295,55.087
344.8,964.3,20.593,55.896
337.65,950.63,20.784,56.415
347.95,947.28,20.983,56.953
361.81,955.47,21.179,57.486
361.27,946.13,21.239,57.649
329.21,940.1,21.066,57.178
328.44,940.05,20.723,56.248
328.01,942.41,20.397,55.363
328.36,944.62,20.204,54.839
343.73,926.34,20.481,55.59
348.02,893.28,20.659,56.073
322.76,886.44,20.667,56.095
316.29,899.79,20.706,56.201
315.76,903.39,20.679,56.13
319.37,893.56,20.698,56.18
316.83,899.44,20.706,56.203
314.78,910.89,20.739,56.292
341.6,913.02,20.939,56.836
344.8,912.42,20.999,56.998
322.76,903.16,21.004,57.011
317.13,908.29,21.074,57.201
314.19,913.08,21.112,57.303
312.63,925.79,21.182,57.494
311.1,928.56,21.24,57.65
309.89,929.9,21.261,57.709
310.83,926.73,21.228,57.619
310.55,924.56,21.121,57.329
311.02,929.47,21.123,57.335
310.7,924.63,21.213,57.577
307.3,941.87,21.271,57.736
305.8,944.91,21.27,57.732
304.68,946.49,21.239,57.65
304.81,947.52,21.291,57.789
303.17,951.12,21.282,57.764
302.87,953.15,21.197,57.534
302.06,957.65,21.226,57.615
301.55,958.17,21.164,57.445
301.36,961.72,21.21,57.569
300.07,964.87,21.207,57.563
299.47,967.7,21.199,57.541
299.05,970.05,21.209,57.567
297.79,973.72,21.202,57.548
300.27,969.31,21.04,57.107
297.13,978.65,21.063,57.17
295.93,981.25,21.023,57.063
295.73,983.61,20.973,56.928
295.02,987.01,21.05,57.135
293.91,989.46,21,57
293.39,992.93,20.961,56.895
292.69,995.36,20.938,56.831
292.8,998.11,20.971,56.923
292.47,1001.6,20.933,56.817
291.36,1004.4,20.915,56.769
291.32,1008.5,20.891,56.705
290.56,1011.2,20.967,56.911
289.62,1014,20.958,56.885
288.78,1017.2,20.946,56.854
288,1020.3,20.972,56.925
287.41,1024.3,20.854,56.604
286.54,1027.2,20.812,56.489
285.87,1030.8,20.827,56.531
285.64,1033.2,20.882,56.681
285.02,1037.3,20.786,56.42
283.97,1039.7,20.682,56.136
283.99,1043.9,20.668,56.098
284.32,1045.6,20.635,56.009
283.14,1046.3,20.615,55.956
281.81,1046,20.57,55.832
288.69,1039.7,20.443,55.488
282.18,1047.2,20.409,55.397
284.39,1044.1,20.31,55.128
282.05,1049.4,20.302,55.105
250.29,1039.9,20.352,55.242
248.96,1043.5,20.457,55.527
249.35,1047.4,20.406,55.386
244.11,1043.9,20.665,56.09
250.63,1042.7,20.497,55.633
247.6,1042.1,20.675,56.119
254.57,1044.9,20.636,56.012
245.7,1056.2,20.756,56.339
225.43,1044.4,20.729,56.266
205.03,1049.1,20.639,56.02
220,1041.9,20.401,55.374
207.61,1036.2,20.474,55.572
201.35,1043.6,20.55,55.778
195.42,1044.6,20.382,55.323
190.77,1046.6,20.512,55.675
176.46,1043.6,20.455,55.521
174.98,1045.2,20.368,55.283
176.05,1047.8,20.133,54.647
157.7,1042,20.189,54.799
147.94,1011.4,20.115,54.598
160.01,981.04,20.179,54.773
142.52,985.46,20.312,55.134
130.66,989.47,20.458,55.53
131.25,991.41,20.486,55.606
128.44,994.97,20.551,55.782
134.36,998.2,20.43,55.452
138.79,1000.1,20.455,55.521
127.6,1005,20.651,56.053
126.95,1008.7,20.811,56.486
124.78,1011.9,20.883,56.681
125.26,1013.9,21.016,57.044
122.02,1016.9,21.169,57.458
122.49,1020.9,21.254,57.689
122.69,1023.3,21.475,58.29
124.74,1025.3,21.601,58.632
121.18,1029.2,21.707,58.918
120.85,1030.9,21.831,59.256
120.74,1035,21.939,59.547
117.36,1037.6,21.918,59.491
117.47,1040.9,21.929,59.523
113.57,1043.7,22.132,60.072
114.98,1042.7,22.223,60.318
125.83,1042.7,22.186,60.219
125.62,1042.9,22.046,59.84
109.93,1045.2,22.142,60.099
107.68,1044.5,21.982,59.666
107.78,1045.2,21.827,59.244
110.03,1035.5,21.589,58.598
106.78,1036.9,21.293,57.795
114.64,1038.7,21.035,57.094
86.825,1034.2,20.829,56.537
83.605,1035.7,20.679,56.127
83.704,1034.4,20.453,55.517
83.302,1034.3,20.307,55.118
89.162,1035.7,20.332,55.186
104.91,1042.4,20.27,55.019
88.614,1035.2,20.357,55.255
81.484,1038.8,20.138,54.661
61.476,1030.4,20.164,54.732
44.979,1004.5,20.335,55.196
44.09,1007.7,20.417,55.417
44.03,1007.1,20.502,55.649
43.276,1008.8,20.726,56.257
43.724,1008.6,20.77,56.377
9.7239,1010.9,20.791,56.433
8.9483,1009.3,20.86,56.62
9.6068,1011.4,20.951,56.866
9.1023,1010.3,21.007,57.019
21.265,1007.6,20.84,56.564
41.198,1007.3,21.09,57.244
22.549,1007.3,20.99,56.974
40.389,1006.8,20.98,56.947
36.281,1014.3,21.144,57.391
27.591,1033.2,21.342,57.93
27.987,1035.4,21.497,58.349
27.233,1033.4,21.562,58.525
27.12,1032.9,21.586,58.591
27.141,1029.9,21.703,58.907
26.967,1028.6,21.911,59.471
36.567,1009.5,21.999,59.711
40.712,997.33,22.137,60.085
38.627,996.33,22.189,60.228
40.864,998.52,22.381,60.75
34.95,1003.6,22.527,61.146
36.125,1001.1,22.639,61.449
36.239,1004.8,22.684,61.57
35.821,998.9,22.77,61.804
25.344,1019.2,22.848,62.017
24.423,1017.2,22.77,61.804
36.397,995.85,22.939,62.264
22.415,1017.3,22.962,62.324
24.094,1015.9,23.099,62.697
24.846,1025.3,23.21,63
24.739,1011.8,23.324,63.308
24.304,1010.2,23.485,63.744
24.871,1021.6,23.609,64.082
-2.5418,1036.3,23.558,63.943
-2.7237,1036.2,23.458,63.672
-3.7067,1035.6,23.364,63.416
-3.014,1037.2,23.181,62.92
-5.3413,1036.8,22.944,62.278
-3.0336,1038.5,22.749,61.746
-3.565,1039.1,22.746,61.739
