1666,920,62,153
1662.1,918.79,61.888,152.72
1658.2,916.83,62.409,154.01
1653.8,914.62,62.573,154.41
1651.1,912.51,62.602,154.49
1649,910.71,62.957,155.36
1645.6,908.99,63.216,156
1643,907.36,63.256,156.1
1638.6,906.69,62.287,153.71
1635.8,906.12,62.231,153.57
1632.1,905.72,62.369,153.91
1625.8,903.2,64.477,159.11
1623.9,902.58,64.69,159.64
1618.8,900.45,64.671,159.59
1616.7,898.77,64.324,158.73
1614.7,897.64,64.357,158.82
1613.7,896.89,62.737,154.82
1611.8,894.97,62.452,154.12
1609.9,891.42,63.348,156.33
1606.8,891.54,62.29,153.72
1603.8,890.44,62.207,153.51
1601.4,889.41,62.151,153.37
1598.6,888.56,62.267,153.66
1595.8,887.38,62.087,153.21
1591.9,886.59,61.862,152.66
1589.7,887.28,60.914,150.32
1587,887.05,60.1,148.31
1584.8,886.18,60.102,148.32
1581.8,885.26,60.005,148.08
1578.9,884.25,60.172,148.49
1575.6,883.2,60.818,150.08
1571.7,882.48,60.605,149.56
1567.6,880.8,60.446,149.16
1563.9,880.09,60.61,149.57
1559.7,878.11,60.49,149.27
1557.2,877.28,60.515,149.34
1554.1,876.54,60.36,148.95
1550.2,875.7,60.313,148.84
1547.6,874.09,60.57,149.47
1544.6,872.9,60.402,149.06
1541.4,871.96,61.081,150.73
1539.2,871.01,61.305,151.29
1536.7,870.33,61.436,151.61
1533.7,869.39,61.298,151.27
1530.7,869.11,61.323,151.33
1527.8,868.86,61.164,150.94
1524.5,868.35,61.52,151.82
1521.8,867.34,61.636,152.1
1519,866.76,61.214,151.06
1513.9,864.94,61.564,151.92
1511.5,863.68,62.319,153.79
1508.3,861.75,61.699,152.26
1505.4,859.99,62.029,153.07
1504.3,858.56,61.271,151.2
1502.8,857.14,60.946,150.4
1501.1,854.57,60.844,150.15
1499,854.07,60.21,148.58
1496.9,852.37,60.632,149.62
1493.5,851.39,60.911,150.31
1491.7,850.32,60.635,149.63
1489.1,850.32,60.341,148.91
1486.9,849.19,60.252,148.69
1485.7,848.43,60.778,149.98
1483.3,847.68,61.041,150.63
1481.1,847.13,60.892,150.27
1478.1,846.46,60.484,149.26
1475.9,845.71,61.182,150.98
1473.4,844.02,61.248,151.14
1470.7,842.39,61.395,151.51
1468.3,841.7,61.65,152.14
1466.5,839.92,61.679,152.21
1463.9,837.9,62.013,153.03
1461.7,837.47,61.721,152.31
1459.7,836.99,61.553,151.9
1457.6,835.74,61.773,152.44
1456.3,834.41,61.772,152.44
1454.7,832.92,62.07,153.17
1453.3,832.53,62.011,153.03
1451.8,830.26,63.424,156.51
1451.1,829.14,63.435,156.54
1448.5,829,63.269,156.13
1447.2,828.56,62.661,154.63
1445.5,827.73,62.375,153.92
1443,828.05,62.262,153.65
1441.7,826.08,62.75,154.85
1439.6,825.75,62.877,155.17
1437,824.39,62.381,153.94
1434.6,822.93,62.673,154.66
1431.7,821.6,63.247,156.08
1429.4,820.41,63.385,156.42
1428.6,817.43,63.63,157.02
1428.6,814.03,63.709,157.22
1426.5,812.53,64.248,158.55
1426.4,811.01,64.652,159.54
1422.8,808.79,65.56,161.78
1419.9,809.58,66.11,163.14
1417.7,809.03,66.252,163.49
1414,809.65,66.444,163.97
1407.1,806.78,66.954,165.23
1404.5,804.19,66.525,164.17
1400.7,803.15,66.426,163.92
1398.6,804.48,65.694,162.12
1395.9,805.23,64.92,160.21
1392.5,805.49,64.597,159.41
1388.5,804.45,64.337,158.77
1388.2,804.8,64.801,159.91
1385.8,803.4,65.048,160.52
1382.1,802.27,65.465,161.55
1379.3,800.1,65.497,161.63
1375.4,800.6,65.813,162.41
1371.2,798.27,65.493,161.62
1367.9,800.87,66.069,163.04
1360.9,795.98,65.57,161.81
1360.1,796.43,66.115,163.16
1356.1,795.31,66.129,163.19
1353.9,792.15,65.723,162.19
1345.5,784.75,65.699,162.13
1342.7,786.74,65.074,160.58
1340.7,789.55,64.862,160.06
1334.2,788.75,64.678,159.61
1328.4,787.65,64.535,159.26
1326,787.55,64.325,158.74
1322.7,790.33,64.464,159.08
1319.6,787.72,64.672,159.59
1315.5,787.96,64.723,159.72
1313.2,786.23,64.844,160.02
1309.9,788.86,65.236,160.98
1307.7,782.44,65.163,160.81
1300.8,784.44,65.295,161.13
1294.8,791.55,65.766,162.29
1291.6,790.13,66.274,163.55
1288.1,793.43,66.543,164.21
1287.6,792.68,66.71,164.62
1281.3,794.87,66.698,164.59
1281.6,793.11,66.544,164.21
1281.3,750.11,67.014,165.37
1272,750.86,67.311,166.11
1272.1,750.23,67.79,167.29
1269.5,748.45,68.182,168.26
1261,751.53,68.233,168.38
1257.8,754.29,68.362,168.7
1253.8,755.01,68.281,168.5
1247.9,755.37,68.468,168.96
1246.6,752.57,68.807,169.8
1237,752.65,68.769,169.7
1233.9,749.93,68.697,169.53
1230.1,749.8,68.465,168.95
1224.7,753.16,68.508,169.06
1221.2,750.98,68.458,168.94
1219.2,749.87,68.508,169.06
1213.1,746.24,68.571,169.22
1211.7,745.91,68.497,169.03
1208.3,746.1,68.467,168.96
1198.5,744.48,68.565,169.2
1192.7,747,68.248,168.42
1194.1,745.44,68.399,168.79
1188.7,743.15,68.524,169.1
1181.8,740.34,68.668,169.45
1177.6,731.82,68.776,169.72
1172.4,736.72,68.878,169.97
1169,736.23,68.834,169.87
1165.3,736.24,68.787,169.75
1162.8,734.55,68.723,169.59
1157.2,732.13,68.886,169.99
1154.6,732.44,69.172,170.7
1147.5,729.91,68.999,170.27
1146,731.6,69.1,170.52
1140.8,731.42,69.371,171.19
1138.4,729.55,69.666,171.92
1133.6,728.57,69.704,172.01
1126,735.33,69.889,172.47
1126.7,729.26,69.851,172.37
1122,729.86,69.696,171.99
1118.9,731.55,69.602,171.76
1109.9,742.62,69.843,172.36
1108.4,731.26,69.828,172.32
1097.6,702.85,69.54,171.61
1095,704.09,69.412,171.29
1091.1,701.03,69.036,170.36
1089.4,703.25,68.965,170.19
1084.4,702.97,68.689,169.51
1079.1,701.95,68.282,168.5
1076.1,702.32,68.452,168.92
1071.3,702.77,68.558,169.18
1065.4,702.67,68.667,169.45
1064.9,703.59,68.435,168.88
1062.1,702.81,68.319,168.59
1055.5,701.51,68.094,168.04
1050.9,701.75,67.891,167.54
1049.7,702.88,68.16,168.2
1040.4,697.13,67.764,167.23
1043.6,700.4,67.481,166.53
1037.6,695.72,67.537,166.66
1030.3,689.3,67.691,167.04
1033,701.02,67.954,167.69
1023.7,682.37,67.679,167.01
1021.6,679.94,67.869,167.48
1018.6,683.37,67.906,167.57
1015.7,681.18,67.651,166.95
1008.6,682.52,67.419,166.37
1007.1,680.18,67.297,166.07
1004.9,684.52,67.315,166.12
1002.2,681.55,67.088,165.56
1001.7,683.05,67.246,165.94
1000.4,677.45,67.541,166.67
993.29,668.94,67.814,167.35
991.91,673.29,68.123,168.11
984.95,665.47,68.019,167.85
984.85,667.9,68.165,168.21
985.51,668.01,68.498,169.03
985.41,670.06,68.771,169.71
982.95,663.03,68.762,169.69
983.42,663.84,69.095,170.51
984.77,662.36,69.452,171.39
985.77,660.86,69.926,172.56
985.53,662.2,70.134,173.07
985.59,662.48,70.102,172.99
986.72,662.83,70.237,173.33
987.62,662.05,70.3,173.48
982.23,655.42,70.262,173.39
982.05,653.56,70.064,172.9
983.17,654.38,69.966,172.66
985.05,652.2,69.98,172.69
985.37,651.52,69.99,172.72
985.82,644.21,69.917,172.54
976.6,624.45,69.956,172.63
980.32,620.35,70.026,172.81
982.96,619.55,70.029,172.81
985.36,616.24,70.178,173.18
995.34,610.68,70.369,173.65
986.33,613.55,70.051,172.87
987.39,613.66,70.109,173.01
987.98,612,70.06,172.89
989.88,610.78,70.077,172.93
990.93,608.11,70.387,173.7
993.58,605.34,70.528,174.04
994.87,607.63,70.579,174.17
994.96,607.24,70.513,174.01
993.15,607.23,70.45,173.85
994.48,604.69,70.211,173.26
995.85,604.68,69.995,172.73
996.11,606.69,70.013,172.77
998.14,605.94,70.001,172.74
998.82,604.09,69.765,172.16
996.94,603.31,69.452,171.39
997.6,603.77,69.206,170.78
997.66,603.67,69.203,170.78
997.2,603.31,69.016,170.31
997.87,603.67,68.801,169.78
997.51,604.81,68.593,169.27
997.66,601.45,68.518,169.09
998.73,604.35,68.27,168.47
998.31,604.3,68.272,168.48
999.41,605.12,68.413,168.83
999.58,604.83,68.026,167.87
996.5,604.62,68.091,168.03
994.96,605.39,68.165,168.21
996.42,604.48,68.158,168.2
998.37,601.58,67.607,166.84
997.06,603.49,67.409,166.35
1024.6,600.77,67.5,166.57
1028,600.51,67.886,167.53
1036.3,599.29,68.793,169.76
1035.8,599.89,68.956,170.17
1037,601.66,69.102,170.53
1039.1,600.29,69.132,170.6
1041,599.53,69.165,170.68
1044.4,600.01,69.178,170.71
1033.7,538.04,69.18,170.72
1034.4,559.06,69.079,170.47
1052.1,597.83,69.548,171.63
1056.6,597.18,70.093,172.97
1039.1,560.14,70.155,173.13
1042.3,531.35,69.925,172.56
1033.9,518.44,70.05,172.87
1033.9,527.34,69.996,172.73
1048.6,559.03,70.094,172.97
1073.7,596.05,70.457,173.87
1072.4,594.35,70.697,174.46
1080.2,592.71,70.979,175.16
1039.8,518.3,70.489,173.95
1039,525.65,70.237,173.33
1039.8,524.17,69.782,172.2
1041.1,522.71,69.049,170.4
1046.2,522.66,68.86,169.93
1046.4,514.89,68.745,169.65
1050.1,523.91,68.532,169.12
1051.5,523.86,68.651,169.41
1050.8,523.11,68.493,169.02
1051.6,520.6,68.51,169.06
1052.1,528.02,68.194,168.28
1054.9,524.28,68.176,168.24
1045.4,515.47,68.108,168.07
1040.3,508.74,68.318,168.59
1042.2,508.9,68.434,168.88
1047.2,508.33,68.577,169.23
1041.5,508.83,68.786,169.75
1038.6,506.83,68.838,169.87
1029.3,502.67,68.3,168.55
1022.6,507.88,68.401,168.8
1024.7,501.81,68.183,168.26
1026.8,524.17,68.316,168.59
1029.8,505.99,68.516,169.08
1024.4,505.06,68.599,169.29
1018.4,516.51,68.233,168.38
1016.7,508.77,67.931,167.64
1007.5,508.43,68.131,168.13
1009.2,504.55,67.884,167.52
1009.9,510.67,68.049,167.93
1000,511.85,67.913,167.59
1025.6,523.5,68.269,168.47
1021.4,522.25,68.629,169.36
957.93,502.85,69.264,170.93
956.96,504.08,69.434,171.35
956.66,502.83,69.667,171.92
948.5,503.98,69.944,172.6
953.22,499.97,70.133,173.07
943.97,505.57,70.015,172.78
938.93,504.15,69.833,172.33
933.37,501.66,69.903,172.5
929.78,498.89,69.751,172.13
921.78,502.39,69.544,171.62
921.72,500.51,69.503,171.52
971.9,524.88,69.848,172.37
968.45,522.8,70.142,173.09
965.8,524.7,70.652,174.35
962.96,523.15,70.991,175.19
951.92,523.71,71.031,175.29
950.13,525.23,70.889,174.94
950.13,524,71.183,175.66
946.43,526.27,71.367,176.11
941.41,524.57,71.416,176.24
939.61,524.65,71.567,176.61
938.05,526.11,71.73,177.01
926.62,524.33,71.759,177.08
923.42,523.75,71.586,176.66
921.55,525.31,71.622,176.74
918.41,527.05,71.796,177.17
915.91,525.09,71.889,177.4
909.61,524.63,71.662,176.84
904.82,526.85,71.627,176.76
899.94,527.6,71.613,176.72
898.17,528.59,71.881,177.38
898,531.86,71.865,177.34
893.28,528.94,71.883,177.39
888.18,529.77,71.959,177.58
884.26,530.41,71.965,177.59
879.41,529.38,71.737,177.03
877.77,530.01,71.645,176.8
874.42,532.44,71.604,176.7
869.78,533.9,71.568,176.61
867.73,534.09,71.649,176.81
865.05,536.01,71.961,177.58
860.73,532.45,71.793,177.17
861.24,532.79,71.603,176.7
859.08,531.93,71.54,176.54
854.64,534.51,71.57,176.62
853.59,532.88,71.551,176.57
851.23,534.18,71.86,177.33
848.49,533.96,71.742,177.04
848.05,533.69,72.334,178.5
846.75,533.21,72.567,179.08
844.34,531.81,72.432,178.74
843.72,532.46,72.522,178.97
840.62,532.4,72.061,177.83
839.74,533.24,72.105,177.94
839.63,533.24,72.273,178.35
838.27,533.45,72.615,179.19
837.23,532.36,72.644,179.27
836.33,532.08,72.635,179.24
835.27,531.81,72.518,178.96
834.3,533.02,72.143,178.03
833.49,533.76,72.254,178.3
833.71,533.3,72.638,179.25
832.79,532.82,72.754,179.54
831.24,533.69,72.659,179.3
830.43,533.52,72.419,178.71
831.13,534.59,72.564,179.07
830.22,532.69,72.664,179.32
829.19,533.56,72.621,179.21
828.25,533.31,72.544,179.02
828.35,533.64,72.239,178.27
828.23,534.87,72.227,178.24
827.79,534.56,72.518,178.95
826.86,533.78,72.477,178.85
827.1,533.58,72.976,180.09
826.99,533.92,73.018,180.19
826.21,533.91,73.508,181.4
825.88,533.28,73.573,181.56
825.89,533.07,73.65,181.75
824.92,533.67,72.863,179.81
825.66,533.2,72.973,180.08
825.28,533.61,73.241,180.74
824.31,533.09,72.897,179.89
824.93,532.93,73.495,181.37
824.56,533.47,73.31,180.91
823.87,532.41,73.29,180.86
823.92,532.93,72.746,179.52
824.06,533.84,72.546,179.02
823.36,533.94,72.642,179.26
824.2,533.77,72.372,178.6
824.11,534.95,72.61,179.18
823.73,534.04,72.415,178.7
824.05,534.98,72.594,179.14
823.47,534.24,72.641,179.26
823.23,534.43,72.423,178.72
823.98,534.66,72.837,179.74
823.96,533.77,73.33,180.96
823.18,533.6,73.131,180.47
823.11,534.22,72.544,179.02
823.03,534.56,72.393,178.65
823.84,535.14,72.844,179.76
823.68,534.69,72.875,179.84
823.31,535.25,73.147,180.51
822.86,534.84,72.75,179.53
822.63,535.47,72.592,179.14
822.51,535.51,72.604,179.17
822.61,535.88,72.537,179
822.72,536.01,72.485,178.87
822.95,536.67,73.305,180.9
822.26,536.36,72.761,179.56
822.53,536.98,72.45,178.79
823.41,537.55,73.044,180.25
823.31,537.29,73.133,180.47
823.06,537.21,72.378,178.61
823.8,538.03,72.794,179.64
823.83,537.83,72.784,179.61
824.02,537.94,72.789,179.62
823.87,538.1,72.786,179.62
823.92,537.28,73.277,180.83
823.2,538.1,72.523,178.97
823.45,538.31,72.061,177.83
823.25,538.74,71.902,177.44
824.05,539.24,72.356,178.55
824,538.31,73.23,180.71
823.46,538.18,72.752,179.53
823.29,538.42,72.505,178.92
823.46,539.45,71.98,177.63
823.34,539.74,72.36,178.57
824.24,539.67,73.158,180.54
823.55,539.67,72.732,179.48
823.44,540.6,72.549,179.03
824.04,541.03,72.371,178.59
824.57,541.98,72.866,179.82
825.03,542.31,72.926,179.96
824.9,542.53,72.851,179.78
825.06,543.24,72.788,179.62
824.98,543.09,73.336,180.97
824.31,543.62,72.911,179.93
825.2,544.33,73.307,180.9
824.67,544.53,72.777,179.6
824.88,545.53,72.638,179.25
824.7,546.63,72.488,178.88
825.2,546.88,73.492,181.36
825.18,546.89,73.538,181.47
825.14,547.61,73.543,181.49
825,548.87,73.458,181.28
825.35,549.26,73.335,180.97
824.69,549.99,72.763,179.56
824.73,551.23,72.554,179.05
824.68,552.43,72.466,178.83
825.49,553.37,73.172,180.57
825.05,553.83,72.742,179.51
824.94,554.83,72.396,178.66
825.38,556.54,72.83,179.73
825.64,557.25,72.875,179.84
825.82,558.01,72.954,180.03
825.89,558.51,73.387,181.1
826.08,559.46,73.356,181.02
826.02,560.55,73.343,180.99
825.67,561.78,72.487,178.88
826.51,563.37,72.961,180.05
826.48,564.4,72.965,180.06
826.8,565.49,73.151,180.52
826.17,566.99,72.16,178.07
826.26,568.54,71.824,177.24
827.12,569.36,72.955,180.03
827.06,570.45,72.771,179.58
826.25,572.04,72.235,178.26
827.08,573.02,73.135,180.48
826.22,574.01,72.871,179.83
826.99,576.62,72.834,179.74
827.01,577.16,73.479,181.33
826.81,578.35,73.755,182.01
826.69,580.25,72.822,179.71
827.33,582.12,73.319,180.93
826.9,583.72,72.535,179
827.01,585.98,72.403,178.67
827.47,588.39,73.334,180.97
826.99,589.13,73.177,180.58
827.28,591.61,72.362,178.57
828.01,594.1,72.687,179.37
827.52,595.04,72.703,179.41
827.51,597.17,72.598,179.15
827.45,599.33,72.564,179.07
827.73,601.07,72.431,178.74
828.42,602.97,73.011,180.17
828.48,604.97,73.165,180.55
827.51,607.05,72.97,180.07
827.99,609.34,73.383,181.09
828.13,611.24,73.462,181.29
828.2,613.32,73.576,181.57
827.83,616.1,73.148,180.51
826.91,618.03,72.608,179.18
826.7,620.92,72.443,178.77
827.17,624.45,72.444,178.77
826.83,626.95,72.54,179.01
826.13,628.43,72.31,178.44
826.82,631.98,72.438,178.76
826.5,633.88,72.751,179.53
825.46,635.86,72.407,178.68
826.17,640.04,72.39,178.64
826.03,641.21,73.118,180.44
825.07,643.71,72.715,179.44
825.48,650.12,71.914,177.47
825.62,650.34,72.702,179.41
824.92,652.55,72.439,178.76
825.71,656.1,72.584,179.12
825.36,657.38,72.799,179.65
825.74,661.84,72.799,179.65
825.89,664.39,73.36,181.03
825.62,668.07,72.998,180.14
825.93,670.71,73.412,181.16
826.15,673.7,73.581,181.58
826.18,677.23,73.554,181.51
826.29,681.81,73.782,182.07
825.73,682.76,73.61,181.65
826.34,688.75,73.897,182.36
825.68,689.8,73.744,181.98
825.79,693.67,73.704,181.88
825.8,698.31,73.507,181.4
826.64,701.98,74.205,183.12
826.44,705.99,73.838,182.21
825.85,709.71,73.082,180.35
825.75,715.25,72.582,179.11
825.9,719.7,72.211,178.2
826.48,723.38,73.313,180.92
825.78,725.5,73.477,181.32
826.25,730.51,73.825,182.18
825.72,733.74,73.75,182
825.69,739.09,73.669,181.8
826.02,742.47,73.45,181.26
826.32,749.11,73.491,181.36
827.04,751.95,73.63,181.7
827.16,756.24,73.698,181.87
826.83,760.03,73.453,181.26
826.8,766.64,73.478,181.32
827.46,770.85,73.29,180.86
827.54,774.03,73.224,180.7
827.5,779.4,73.183,180.6
827.76,783.81,73.374,181.07
828.28,790.76,73.531,181.45
828.53,794.77,74.059,182.76
828.7,799.06,74.092,182.84
828.58,804.48,73.959,182.51
829.02,809.54,73.934,182.45
828.98,814.08,73.925,182.43
829.16,820.35,73.747,181.99
828.57,823.43,73.966,182.53
829.09,829.96,73.965,182.53
828.91,835.32,74.173,183.04
828.93,840.21,74.345,183.47
828.33,844.96,73.94,182.46
829.08,851.58,73.864,182.28
827.99,857.16,73.688,181.84
827.81,861.38,73.878,182.31
827.68,867.02,73.998,182.61
828.59,873.54,74.146,182.97
828.63,877.9,74.373,183.53
827.51,884.46,74.147,182.98
828.08,891.44,74.302,183.36
827.65,893.6,74.315,183.39
826.54,900.31,74.467,183.77
827.05,905.11,74.58,184.04
827.5,913.11,74.604,184.1
827.28,917.65,74.873,184.77
826.59,925.37,74.475,183.79
826.32,929.53,74.402,183.6
825.68,937.98,73.398,181.13
826.63,946.78,73.044,180.25
826.17,954.53,73.194,180.62
825.48,957.64,73.069,180.32
826.81,962.99,73.385,181.09
826.38,967.26,73.625,181.69
826.61,970.15,72.912,179.93
829.05,971.62,72.142,178.03
831.7,976.19,71.384,176.16
833.42,977.85,70.898,174.96
831.71,987.96,70.135,173.08
833.22,992.17,69.642,171.86
831.88,1004.6,69.17,170.69
829.29,1012.2,69.294,171
828.58,1013.3,69.158,170.66
829.32,1014.4,68.741,169.63
828.31,1015.8,68.511,169.07
850.07,961.55,68.478,168.99
831.8,966.72,68.403,168.8
830.18,1040.6,68.743,169.64
829.12,1046.4,69.54,171.61
829.82,1052.3,69.961,172.65
835.08,970.16,69.479,171.46
831.08,953.22,68.787,169.75
833.79,975.27,68.883,169.99
833.12,968.17,69.158,170.66
833.27,973.76,69.265,170.93
833.21,966.23,69.224,170.83
831.49,973.23,69.053,170.41
833.54,978.13,69.652,171.88
832.96,978.19,69.014,170.31
832.83,1006.4,69.626,171.82
834.67,1001.3,70.569,174.15
834,1008.6,71.477,176.39
832.69,1009.6,71.649,176.81
831.88,1019,72.039,177.77
831.23,1022,72.665,179.32
835.24,975.53,72.001,177.68
833.77,986.08,70.942,175.07
835.03,998.14,70.093,172.97
836.53,1002.7,70.247,173.35
842.48,962.83,70.355,173.62
836.16,1010.4,69.962,172.65
839.57,981.09,69.61,171.78
840.43,987.42,69.725,172.06
839.1,1005,70.035,172.83
875.57,955.87,70.527,174.04
875.61,962.33,70.942,175.07
890.06,961.54,70.791,174.69
891.38,968.8,70.714,174.5
897.2,971.21,70.739,174.57
814.1,949.44,70.921,175.02
813.98,958.21,71.037,175.3
817.54,953.93,70.919,175.01
825.11,956.64,70.548,174.09
826.97,965.39,70.69,174.44
827.93,973.24,70.801,174.72
817.07,984.59,70.379,173.68
818.27,994.78,70.415,173.77
815.63,1000.8,71.243,175.81
815.62,1006.8,71.227,175.77
831.05,966.46,71.231,175.78
838.03,968.72,70.945,175.07
837.25,967.03,71.259,175.85
828.39,984.2,71.628,176.76
827.6,966.83,70.967,175.13
825.15,971.54,71.226,175.77
824.11,949.71,71.65,176.81
824.15,956.58,71.72,176.99
