980,571,55,79
981.26,571.25,55,79
982.38,570.91,55.55,79.79
983.81,570.99,55.55,79.79
985.93,571.12,55.55,79.79
988.07,571.68,56.105,80.588
990.56,571.74,55.55,79.79
992.88,571.83,55.55,79.79
995.17,572.22,55.55,79.79
998.36,573.39,53.916,77.443
1000.6,574.13,55,79
1002.7,574.69,54.455,78.218
1003.8,574.43,55.55,79.79
1005.8,575.28,55.55,79.79
1007.9,575.83,56.667,81.394
1010,577.08,55.55,79.79
1011.6,577.66,55.55,79.79
1013.1,578.05,56.667,81.394
1015.6,579.29,56.667,81.394
1018.2,580.5,55.55,79.79
1020.5,581.7,56.105,80.588
1023.1,582.36,56.105,80.588
1025,582.78,56.105,80.588
1025.1,583.5,56.105,80.588
1023.9,583.42,56.105,80.588
1016.6,583.71,56.105,80.588
1009.4,584.08,56.105,80.588
1001.2,584.15,56.105,80.588
992.56,584.36,55,79
982.94,584.2,55,79
973.09,583.63,55.55,79.79
963.88,583.75,56.105,80.588
954.56,583.85,57.233,82.208
945.88,583.83,57.233,82.208
938.17,583.98,57.233,82.208
931.57,584.86,56.105,80.588
925.37,584.8,56.105,80.588
918.5,584.54,57.233,82.208
912.32,584.62,57.233,82.208
906.1,584.34,57.806,83.03
902.59,584.93,57.233,82.208
901.8,585.73,57.233,82.208
903.24,585.78,57.233,82.208
906.59,585.81,57.233,82.208
907.56,586.14,57.233,82.208
909.65,586.93,57.233,82.208
911.89,587.93,56.105,80.588
913.07,587.86,57.233,82.208
914.98,588.38,57.233,82.208
917.17,588.39,58.384,83.86
919.29,589.59,58.384,83.86
921.86,590.77,57.233,82.208
923.42,591.18,57.233,82.208
925.71,592,57.233,82.208
928.22,592.94,57.233,82.208
930.96,594.12,56.105,80.588
933.01,593.97,57.233,82.208
935.2,594.75,57.233,82.208
937.68,595.34,56.105,80.588
939.52,595.15,56.667,81.394
941.54,595.62,56.667,81.394
944.12,596.3,56.667,81.394
946.49,596.53,56.667,81.394
949.53,597.11,56.667,81.394
951.15,597.22,57.233,82.208
953.37,597.6,57.233,82.208
954.93,597.68,56.667,81.394
957.28,597.71,56.667,81.394
959.68,597.86,57.233,82.208
961.5,597.21,58.384,83.86
963.61,598.24,57.233,82.208
965.75,598.13,57.233,82.208
967.28,597.73,58.384,83.86
968.8,597.19,58.967,84.699
971.35,597.68,57.806,83.03
973.62,598.38,57.233,82.208
974.92,598.25,57.806,83.03
976.57,598.31,57.806,83.03
979,599.07,57.233,82.208
980.84,599.2,57.806,83.03
982.45,598.93,58.967,84.699
985.16,600.03,58.384,83.86
987.22,599.97,58.384,83.86
988.7,599.34,59.557,85.546
991.08,600.6,58.384,83.86
993.34,601.41,57.233,82.208
994.82,601.33,57.806,83.03
997.5,601.84,56.667,81.394
999.38,602.13,56.667,81.394
1001.3,602.49,56.667,81.394
1004.3,603.86,56.105,80.588
1006.8,604.4,56.105,80.588
1008.5,604.02,57.233,82.208
1010.4,604.69,57.233,82.208
1012.1,604.76,56.667,81.394
1014.3,604.88,56.667,81.394
1016.6,605.49,56.667,81.394
1019.1,606.16,56.667,81.394
1021.7,607.42,57.233,82.208
1023.6,606.79,57.806,83.03
1025.4,606.8,58.967,84.699
1027.6,607.71,58.967,84.699
1030.7,609.07,58.384,83.86
1032.8,609.78,57.806,83.03
1034.9,610.09,58.967,84.699
1037.5,610.65,58.967,84.699
1039.7,611.59,58.967,84.699
1041.8,612.46,58.967,84.699
1044,612.61,60.153,86.401
1046,613.71,60.153,86.401
1048.5,615.06,59.557,85.546
1049.4,614.73,61.362,88.138
1051.3,616.19,60.754,87.265
1051.9,616.99,60.754,87.265
1051.9,617.68,60.153,86.401
1052.4,618.27,60.153,86.401
1053.3,619.49,60.153,86.401
1053.5,620.51,60.153,86.401
1053.1,621.35,60.153,86.401
1052.8,622.89,59.557,85.546
1052.2,623.82,59.557,85.546
1051.4,624.64,59.557,85.546
1050.3,625.22,59.557,85.546
1048.3,625.13,60.754,87.265
1046.1,625.59,61.362,88.138
1044.5,626.76,60.754,87.265
1041.6,627.53,60.754,87.265
1038.7,628.27,60.754,87.265
1034.9,628.03,61.975,89.019
1031.8,629.02,61.975,89.019
1028.4,630.05,61.975,89.019
1024.5,630.76,61.975,89.019
1020,631.2,63.221,90.808
1016.7,632.84,61.975,89.019
1012.6,633.02,62.595,89.909
1007.7,633.03,63.853,91.717
1003.7,634.56,62.595,89.909
998.62,635.12,62.595,89.909
994.01,636.89,61.362,88.138
988.63,636.62,62.595,89.909
983.44,637.37,63.853,91.717
978.75,638.67,63.853,91.717
973.14,639.94,63.853,91.717
968.11,640.91,63.853,91.717
962.87,642.04,63.221,90.808
957.34,643.12,63.221,90.808
951.49,643.55,65.137,93.56
945.52,644.66,65.137,93.56
939.52,645.47,65.137,93.56
932.18,645.88,65.788,94.496
927.66,647.18,65.137,93.56
922,648.63,63.221,90.808
914.98,649.02,64.492,92.634
908.95,650.16,64.492,92.634
903.49,651.38,65.137,93.56
899.17,653.69,63.221,90.808
893.5,654.08,65.137,93.56
889.54,655.07,64.492,92.634
887.68,656.79,63.221,90.808
885.91,657.65,63.221,90.808
884.35,658.48,63.221,90.808
883,658.43,63.853,91.717
882.52,659.65,63.853,91.717
882.58,660.07,64.492,92.634
886.2,661.45,63.221,90.808
887.47,661.49,63.853,91.717
889.6,662.55,62.595,89.909
891.43,663.02,62.595,89.909
893.6,663.73,62.595,89.909
895.87,664.87,63.221,90.808
897.71,665.34,63.853,91.717
900.21,667.06,62.595,89.909
902.51,668.31,61.362,88.138
901.9,668.22,62.595,89.909
900.37,669.35,61.362,88.138
895.09,670.01,61.362,88.138
887.06,670.21,62.595,89.909
878.31,671.49,63.221,90.808
867.97,672.74,63.221,90.808
858.09,674.71,61.975,89.019
847.63,675.28,62.595,89.909
837.64,676.32,62.595,89.909
829.11,677.97,61.975,89.019
820.32,679.56,60.754,87.265
810.36,680.25,61.362,88.138
802.53,682.03,60.754,87.265
793.72,682.7,61.362,88.138
786.86,683.48,61.362,88.138
781.67,684.63,61.362,88.138
779.33,686.17,60.153,86.401
776.69,687.55,58.967,84.699
774.68,688.14,58.967,84.699
773.97,688.7,59.557,85.546
772.6,688.03,61.362,88.138
774.06,689.92,59.557,85.546
774.96,690.21,59.557,85.546
776.3,690.38,59.557,85.546
778.33,691.04,59.557,85.546
780.07,691.34,58.967,84.699
781.33,691.05,60.153,86.401
783.85,692.29,59.557,85.546
786.36,693.44,58.384,83.86
788.53,693.46,57.806,83.03
789.69,692.74,58.967,84.699
791.95,693.32,58.967,84.699
794.34,694.54,57.806,83.03
796.03,694.24,58.967,84.699
797.58,694.75,58.967,84.699
799.39,695.03,59.557,85.546
801.03,694.68,60.153,86.401
803,695.72,58.967,84.699
804.08,695.36,60.153,86.401
805.52,695.65,60.153,86.401
806.81,696.06,60.153,86.401
808.85,697.41,58.967,84.699
810.28,697.14,60.153,86.401
812.71,698.6,58.967,84.699
815.45,700.27,57.806,83.03
817.04,700.43,58.967,84.699
818.53,701.16,58.967,84.699
820.34,702.07,58.967,84.699
822.74,703.81,57.806,83.03
824.53,704.73,57.806,83.03
826.55,705.42,58.384,83.86
828.05,706.23,57.806,83.03
828.96,706.29,58.967,84.699
831.18,707.75,57.806,83.03
833.65,708.99,56.667,81.394
834.07,709.02,57.806,83.03
834.24,709.34,58.967,84.699
835.75,711.04,58.384,83.86
836.55,712.66,58.384,83.86
837.54,714.1,57.233,82.208
837.12,715.1,56.667,81.394
837.46,716.47,57.233,82.208
835.89,716.68,57.806,83.03
834.75,717.12,58.967,84.699
834.31,719.56,58.384,83.86
834.21,721.33,57.233,82.208
831.84,721.69,57.806,83.03
831.02,723.17,58.384,83.86
829.47,723.93,57.806,83.03
828.62,725.14,58.384,83.86
825.1,725.13,60.153,86.401
825.49,727.89,58.384,83.86
823.38,729.79,58.384,83.86
821.04,730.71,59.557,85.546
819.28,732.18,58.967,84.699
818.43,734.75,58.384,83.86
815.44,735.06,58.967,84.699
814.68,738.6,58.384,83.86
812.67,739.21,59.557,85.546
811.14,742.03,58.384,83.86
809.89,744.35,58.384,83.86
807.55,744.87,58.967,84.699
807.01,747.38,59.557,85.546
805.65,748.98,58.967,84.699
804.83,751,59.557,85.546
805.27,753.35,58.384,83.86
804.1,753.92,58.967,84.699
803.6,755.66,58.967,84.699
803.61,756.41,60.153,86.401
807.44,759.02,58.384,83.86
808.34,760.68,58.967,84.699
810.12,762.72,58.967,84.699
813.15,764.83,58.384,83.86
814.64,766.96,58.384,83.86
816.66,769.57,58.384,83.86
817.88,770.73,58.967,84.699
820.16,772.84,58.967,84.699
823.25,775.33,58.384,83.86
824.68,776.16,58.967,84.699
827.56,779.6,58.384,83.86
829.54,779.55,59.557,85.546
830.1,783.66,59.557,85.546
832.25,783.65,58.967,84.699
833.93,786.72,59.557,85.546
835.5,786.61,60.153,86.401
838.16,789.38,59.557,85.546
839.82,790.22,60.754,87.265
841.16,791.81,60.153,86.401
843.7,791.73,59.557,85.546
844.83,788.6,61.362,88.138
846.75,787.15,61.362,88.138
848.86,785.44,61.975,89.019
852.51,781.51,60.754,87.265
854.21,776.31,60.153,86.401
856.2,769.34,60.153,86.401
859.54,762.67,59.557,85.546
860.62,753.74,60.153,86.401
862.93,745.75,60.754,87.265
864.65,737.49,61.975,89.019
867.19,729.67,60.754,87.265
868.55,720.56,61.975,89.019
870.65,711.97,61.975,89.019
872.69,704.14,61.975,89.019
875.06,695.62,60.153,86.401
876.69,688.5,61.975,89.019
879.24,680.73,60.754,87.265
881.58,673.4,60.754,87.265
882.68,664.82,61.362,88.138
885.09,657.16,61.362,88.138
887.45,649.84,61.362,88.138
890.46,642.85,60.754,87.265
892.76,634.98,60.754,87.265
894.99,627.39,60.754,87.265
897.05,619.82,60.153,86.401
899.02,612.45,60.754,87.265
900.62,605,60.754,87.265
901.65,596.85,61.362,88.138
903.51,589.84,61.362,88.138
905.18,584.51,61.362,88.138
906.73,580.16,62.595,89.909
909.81,579.01,61.362,88.138
912.26,578.79,61.362,88.138
913.47,580.41,63.221,90.808
916.25,583.88,61.975,89.019
919.15,586.67,61.975,89.019
921.43,589.13,61.975,89.019
922.91,592.22,61.975,89.019
924.1,594.82,62.595,89.909
924.99,597.17,63.853,91.717
927.66,601.4,62.595,89.909
929.34,603.98,62.595,89.909
930.89,606.54,63.853,91.717
933.84,610.45,63.221,90.808
936.93,612.84,62.595,89.909
938.79,614.5,64.492,92.634
942.06,618.09,62.595,89.909
944.2,621.35,63.221,90.808
945.99,624.33,62.595,89.909
947.8,626.87,63.853,91.717
949.85,630.16,63.853,91.717
951.93,633.03,64.492,92.634
955.6,637.25,63.221,90.808
957.59,639.04,64.492,92.634
960.73,643.1,63.221,90.808
962.69,645.32,65.137,93.56
964.65,648.82,63.853,91.717
967.21,652.06,62.595,89.909
968.52,655.15,63.853,91.717
971.33,658.27,63.221,90.808
973.45,661.3,63.221,90.808
974.32,664.51,65.137,93.56
976.89,667.13,64.492,92.634
979.04,670.48,65.137,93.56
980.34,673.72,66.446,95.441
983.12,677.81,65.788,94.496
987.09,682.39,63.853,91.717
989.13,684.74,65.788,94.496
991.12,687.92,65.788,94.496
993.67,692.07,65.788,94.496
996.43,695.1,67.11,96.395
997.78,698.88,66.446,95.441
999.62,701.5,67.782,97.359
1003.4,706.65,65.788,94.496
1006.8,711.01,64.492,92.634
1010.2,715.65,62.595,89.909
1012.2,718.29,63.853,91.717
1014.1,721.88,65.137,93.56
1016.2,725.26,65.788,94.496
1018.2,727.82,66.446,95.441
1020,730.78,66.446,95.441
1022.9,735.35,64.492,92.634
1024.9,738.33,64.492,92.634
1026.1,740.71,65.788,94.496
1027.9,742.61,66.446,95.441
1031.4,746.2,65.137,93.56
1032.4,747.99,63.853,91.717
1030.2,749.61,64.492,92.634
1028.7,751.58,63.853,91.717
1025.5,753.08,64.492,92.634
1022.7,754.41,65.788,94.496
1021,756.3,64.492,92.634
1017.3,755.5,66.446,95.441
1016,754.3,64.492,92.634
1014.6,749.22,65.788,94.496
1014.8,742.45,65.788,94.496
1015.5,734.99,67.782,97.359
1018.8,729.97,67.11,96.395
1020.9,723.02,66.446,95.441
1023.6,716.18,66.446,95.441
1026.8,711.81,65.137,93.56
1028.6,704.58,64.492,92.634
1031.4,698.39,64.492,92.634
1034.2,691.81,65.137,93.56
1036.9,684.9,63.853,91.717
1039.1,677.31,65.137,93.56
1041,668.96,67.11,96.395
1043.2,662.54,66.446,95.441
1047.1,657.21,64.492,92.634
1048.5,649.24,66.446,95.441
1050.9,642.42,66.446,95.441
1053.8,635.48,66.446,95.441
1056.4,629.68,67.11,96.395
1059.5,625.82,65.137,93.56
1062,621.19,64.492,92.634
1064.3,618.85,65.137,93.56
1065.7,616.15,67.11,96.395
1068.8,613.76,65.788,94.496
1071.9,613.32,64.492,92.634
1074.7,612.22,63.853,91.717
1076.9,612.08,65.137,93.56
1078.9,611.34,67.11,96.395
1082.4,613.21,65.137,93.56
1084.2,613.15,65.788,94.496
1086.2,613.51,67.11,96.395
1087.4,614.9,65.788,94.496
1087.2,615.18,67.782,97.359
1089.6,616.99,67.11,96.395
1090.7,619.78,65.137,93.56
1090.2,620.18,65.788,94.496
1091.2,622.15,67.11,96.395
1091.1,622.54,67.11,96.395
1091.8,623.7,67.11,96.395
1091.2,625.33,67.11,96.395
1090.1,626.91,67.11,96.395
1089,629.25,65.137,93.56
1085,629.81,66.446,95.441
1081.6,630.67,67.782,97.359
1079.1,633.54,65.788,94.496
1075.7,634.05,66.446,95.441
1072.1,635,67.11,96.395
1068.5,635.95,67.11,96.395
1064.7,636.99,67.11,96.395
1061.6,638.2,67.11,96.395
1057.5,639.68,67.11,96.395
1053.5,640.47,67.11,96.395
1049,640.81,68.459,98.333
1046.4,642.81,67.11,96.395
1043.2,644.83,67.11,96.395
1039.1,646.14,67.11,96.395
1035,646.36,69.144,99.316
1031.4,647.23,67.11,96.395
1027.9,648.62,67.11,96.395
1023.3,648.81,68.459,98.333
1022.1,650.75,67.11,96.395
1017.4,651.71,67.11,96.395
1013.7,652.32,66.446,95.441
1010.5,653.14,67.11,96.395
1007,655.38,65.137,93.56
1003.3,655.43,67.11,96.395
999.76,656.37,66.446,95.441
997.09,657.1,67.11,96.395
993,657.3,67.782,97.359
990.4,657.95,69.835,100.31
986.42,658.47,71.239,102.33
983.08,660.74,70.534,101.31
981,662.04,70.534,101.31
979.43,664.24,69.835,100.31
975.69,665.35,70.534,101.31
973.25,668.64,69.835,100.31
970.32,667.31,71.239,102.33
967.28,668.47,70.534,101.31
964.46,668.77,71.951,103.35
962.06,669.2,71.951,103.35
958.31,671.05,71.239,102.33
956.79,671.85,70.534,101.31
955.05,672.31,71.239,102.33
951.69,673.72,73.398,105.43
949.5,674.91,72.671,104.38
946.19,676.16,71.951,103.35
943.36,677.71,74.132,106.48
941.4,679.48,74.132,106.48
939.09,680.74,71.951,103.35
936.68,681.47,74.132,106.48
934.8,682.39,74.132,106.48
933.55,683.66,73.398,105.43
930.64,684.12,74.132,106.48
928.79,685.93,72.671,104.38
926.76,686.26,73.398,105.43
924.15,686.07,73.398,105.43
922.19,686.92,71.951,103.35
920.16,687.97,71.239,102.33
917.66,688.71,72.671,104.38
915.3,689.16,71.951,103.35
913.12,689.06,72.671,104.38
911.44,687.82,71.239,102.33
908.33,686.98,71.239,102.33
906.24,686.75,72.671,104.38
904.51,686.16,72.671,104.38
902.66,686.01,72.671,104.38
901.72,685.36,73.398,105.43
898.97,683.5,74.873,107.54
896.73,681.7,77.142,110.8
897.05,682.47,74.873,107.54
897.08,683.04,73.398,105.43
895.86,680.61,74.873,107.54
895.96,679.95,73.398,105.43
896.26,678.21,71.239,102.33
896.59,678.99,69.144,99.316
894.7,676.48,71.239,102.33
895.4,676.96,69.144,99.316
894.66,676.33,69.144,99.316
895.5,677.36,67.11,96.395
894.24,674.92,67.782,97.359
893.71,675.21,69.835,100.31
893.24,673.95,68.459,98.333
893.29,673.27,68.459,98.333
893.7,672.24,69.835,100.31
893.51,671.64,69.835,100.31
892.71,670.11,70.534,101.31
894.2,670.22,69.144,99.316
894.74,669.8,67.11,96.395
893.99,669.02,66.446,95.441
893.12,666.79,68.459,98.333
893.69,667.48,67.11,96.395
891.96,665.8,69.144,99.316
891.68,665.42,68.459,98.333
891.43,666.07,67.11,96.395
888.98,665.63,69.144,99.316
889.16,665.03,67.11,96.395
886.65,663.68,68.459,98.333
885.94,665.07,67.11,96.395
884.68,666.21,65.137,93.56
882.24,665.06,65.788,94.496
879.54,663.92,67.782,97.359
878.17,663.29,68.459,98.333
876.22,662.95,68.459,98.333
873.99,661.89,68.459,98.333
870.95,659.56,70.534,101.31
869.44,660.14,69.144,99.316
868.4,660.23,67.11,96.395
865.47,659.97,67.11,96.395
862.97,659.22,67.11,96.395
860.58,659.82,65.788,94.496
858.99,660.71,65.137,93.56
855.71,659.16,67.11,96.395
853.56,659.71,67.11,96.395
851.72,657.85,67.782,97.359
851.28,658.74,65.788,94.496
849.86,659.49,64.492,92.634
849.26,660.29,63.221,90.808
847.7,658.67,63.853,91.717
846.75,657.2,64.492,92.634
844.49,655.56,66.446,95.441
843.79,655.21,65.788,94.496
842.64,655.09,65.137,93.56
841.41,654.07,65.137,93.56
840.5,654.4,63.221,90.808
839.31,653.92,63.221,90.808
836.29,652.59,64.492,92.634
835.09,652.01,64.492,92.634
832.88,651.93,64.492,92.634
831.44,652.68,62.595,89.909
828.43,652.18,62.595,89.909
825.96,652.64,62.595,89.909
824.7,654.02,60.754,87.265
821.22,653.07,61.975,89.019
817.44,652.8,61.362,88.138
813.39,651.86,62.595,89.909
810.3,652.88,60.754,87.265
805.67,651.98,61.975,89.019
801.03,651.1,62.595,89.909
797.81,650.81,61.975,89.019
792.75,649.83,62.595,89.909
788.72,649.09,63.221,90.808
784.57,648.85,63.221,90.808
779.96,648.73,63.221,90.808
774.98,649.4,61.975,89.019
769.14,648.8,62.595,89.909
763.24,648.16,63.221,90.808
757.38,649.02,61.975,89.019
751.52,648.66,61.975,89.019
744.78,648.62,61.975,89.019
738.93,648.65,61.975,89.019
732.22,649.14,60.153,86.401
726.87,648.44,59.557,85.546
718.92,646.91,61.362,88.138
712.29,646.35,61.362,88.138
706.25,646.59,60.153,86.401
699.6,645.82,61.362,88.138
693.15,645.15,62.595,89.909
687.41,645.74,61.975,89.019
681.09,646.02,61.975,89.019
675.39,646.08,61.975,89.019
670.17,646.82,60.754,87.265
664.37,646.55,60.754,87.265
658.44,646.47,61.362,88.138
652.91,646.85,61.362,88.138
648.26,646.74,61.975,89.019
642.76,646.63,61.975,89.019
636.77,644.54,63.853,91.717
633.38,644.88,61.975,89.019
629.46,645.36,60.754,87.265
625.47,644.77,59.557,85.546
620.11,643.85,60.754,87.265
615.46,643.5,60.754,87.265
611.16,642.47,58.967,84.699
606.72,641.24,60.153,86.401
603.39,642.04,59.557,85.546
598.99,641.28,60.754,87.265
595.11,641.56,60.153,86.401
591.7,641.36,60.754,87.265
587.68,640.55,61.362,88.138
584.39,640.66,60.754,87.265
581.2,640.7,59.557,85.546
577.24,639.43,61.362,88.138
574.99,640.02,59.557,85.546
570.34,638.21,61.362,88.138
568.25,638.73,59.557,85.546
564.61,637.64,60.754,87.265
560.49,636.5,61.362,88.138
558.74,636.86,60.754,87.265
555.82,636.76,58.967,84.699
553.95,635.94,60.153,86.401
552.05,636.66,58.384,83.86
549.8,636.02,59.557,85.546
547.81,635.94,59.557,85.546
545.22,635.16,60.153,86.401
543.87,635.42,60.153,86.401
541.98,635.88,59.557,85.546
540.34,637.23,58.384,83.86
537.72,636.09,60.153,86.401
536.29,636.38,60.754,87.265
534.88,637.22,59.557,85.546
532.71,635.85,60.754,87.265
531.88,636.01,59.557,85.546
530.38,634.77,60.754,87.265
529.18,634.13,61.975,89.019
528.06,634.26,61.362,88.138
527.85,633.99,61.362,88.138
528.86,634.44,61.975,89.019
528.84,634.04,61.975,89.019
530.2,633.86,60.754,87.265
530.99,632.62,62.595,89.909
533.86,631.67,63.221,90.808
536.82,631.79,61.975,89.019
539.51,630.38,61.975,89.019
541.31,628.48,63.221,90.808
543.34,626.82,65.137,93.56
545.45,626.48,64.492,92.634
547.8,625.92,65.137,93.56
549.29,625.17,64.492,92.634
551.83,624.18,65.137,93.56
554.43,623.09,65.137,93.56
556.5,622.78,65.137,93.56
559.38,621.93,65.137,93.56
562.14,621.73,63.221,90.808
563.75,620.58,64.492,92.634
566.48,620.2,65.137,93.56
569.28,620.62,63.221,90.808
572.48,621.11,63.221,90.808
574.77,620.85,62.595,89.909
577.99,621.08,61.975,89.019
581.09,620.43,63.221,90.808
583.35,620.58,61.975,89.019
586.39,620.05,61.975,89.019
587.98,617.8,63.853,91.717
590.87,617.17,65.137,93.56
593.94,616.83,65.137,93.56
598.13,615.96,63.221,90.808
602.17,614.3,65.137,93.56
607.29,614.15,63.221,90.808
612.97,613.23,63.221,90.808
618.64,611.92,63.221,90.808
625.75,611.69,61.975,89.019
632.96,610.95,61.975,89.019
640.28,610.31,62.595,89.909
648.53,610.16,61.975,89.019
656.85,608.89,62.595,89.909
664.46,608.41,62.595,89.909
672.78,608.6,61.975,89.019
678.91,606.94,63.853,91.717
685.13,606.92,62.595,89.909
691.52,606.38,63.221,90.808
697.06,605.75,62.595,89.909
703.01,605.21,63.221,90.808
708.44,605.15,62.595,89.909
713.24,604.65,63.853,91.717
719.37,605,62.595,89.909
723.87,605.36,62.595,89.909
728.72,606.39,61.975,89.019
731.91,606.85,61.975,89.019
734.81,606.95,61.362,88.138
736.67,606.86,63.221,90.808
738.14,606.94,63.853,91.717
739.21,607.02,63.853,91.717
740.34,607.53,63.221,90.808
739.99,606.54,64.492,92.634
739.93,607.24,62.595,89.909
740.57,607.52,61.975,89.019
740.51,607.09,63.221,90.808
740.09,606.65,63.853,91.717
740.14,605.96,64.492,92.634
740.02,606.34,63.853,91.717
740.53,606.83,63.853,91.717
740.12,606.88,62.595,89.909
740.96,606.04,62.595,89.909
742.1,606.42,62.595,89.909
741.93,606.49,62.595,89.909
743.03,606.89,63.221,90.808
743.06,606.03,64.492,92.634
744.97,606.77,63.221,90.808
744.51,606.31,62.595,89.909
745.16,606.13,62.595,89.909
745.85,605.7,62.595,89.909
747.33,606.31,63.221,90.808
748.15,604.85,61.362,88.138
749.71,606.21,60.754,87.265
751.24,608.63,62.595,89.909
752.34,607.35,61.975,89.019
754.24,609.06,61.975,89.019
754.3,607.88,61.362,88.138
756.86,610.03,63.221,90.808
757.47,609.38,61.975,89.019
758.33,609.65,63.853,91.717
760.29,609.83,62.595,89.909
763.1,611.09,61.362,88.138
765,611.76,61.362,88.138
766.64,612.07,61.362,88.138
768.29,613.06,60.153,86.401
770.66,613.94,60.754,87.265
771.72,612.93,61.975,89.019
772.89,612.91,63.221,90.808
773.66,611.7,64.492,92.634
775.76,612.63,62.595,89.909
778.22,614.23,60.754,87.265
780.29,614.88,60.754,87.265
781.3,615.19,61.975,89.019
783.97,614.86,60.153,86.401
784.78,615.43,61.975,89.019
788.1,616,61.975,89.019
790.77,616.18,63.221,90.808
795.07,615.83,61.975,89.019
799.37,615.94,61.362,88.138
803.9,615.87,60.754,87.265
809.37,615.67,59.557,85.546
815.04,615.46,58.384,83.86
819.98,615.18,57.233,82.208
824.87,615.57,57.233,82.208
830.01,615.2,58.384,83.86
835.89,615.66,58.384,83.86
841.36,615.39,56.667,81.394
847.45,615.44,55.55,79.79
854.62,615.66,53.916,77.443
860.45,615.67,53.916,77.443
867.12,616.09,53.916,77.443
873.94,616.32,55,79
880.37,616.76,55.55,79.79
886.53,617.64,55.55,79.79
893.67,616.61,55.55,79.79
900.78,617.9,57.233,82.208
907.18,618.13,56.667,81.394
914.21,618.37,57.233,82.208
919.42,617.19,56.667,81.394
926.45,618.4,57.233,82.208
931.84,618.69,55.55,79.79
939.21,618.94,56.105,80.588
944.58,618.78,55.55,79.79
950.25,619.34,57.233,82.208
955.63,619.69,57.806,83.03
960.05,619.29,59.557,85.546
963.71,618.33,60.754,87.265
966.24,616.61,61.362,88.138
971.71,617.35,60.754,87.265
974.71,618.38,59.557,85.546
978.13,619.4,58.384,83.86
981.07,619.69,56.667,81.394
981.62,620.58,57.233,82.208
979.79,618.94,58.967,84.699
980.65,619.6,60.754,87.265
980.61,620.32,61.362,88.138
981.14,620.41,62.595,89.909
982.67,622.69,61.362,88.138
984.18,625.26,60.754,87.265
984.86,625.84,61.362,88.138
984.81,627.24,60.754,87.265
984.27,628.3,60.153,86.401
982.87,629.16,61.362,88.138
982.42,631,60.754,87.265
979.64,631.12,60.754,87.265
977.06,632.5,61.362,88.138
976.04,634.42,60.153,86.401
975.54,635.71,58.967,84.699
972.76,636.48,60.754,87.265
969.61,636.75,62.595,89.909
968.04,638.6,61.362,88.138
965.81,639.73,61.975,89.019
965.51,642.49,60.754,87.265
964.04,643.15,61.975,89.019
962.49,643.94,61.975,89.019
960.75,644.63,63.221,90.808
957.75,645.13,64.492,92.634
958.19,646.53,62.595,89.909
955.45,646.12,64.492,92.634
954.18,647.52,65.137,93.56
951.83,647.45,67.11,96.395
950.66,648.95,66.446,95.441
951.1,651.03,65.137,93.56
950.07,651.51,63.853,91.717
949.64,653.19,63.221,90.808
948.28,655.45,61.975,89.019
945.83,654.86,62.595,89.909
941.4,655.16,64.492,92.634
939.6,657.09,63.221,90.808
935.98,659.05,61.362,88.138
933.61,661.35,60.754,87.265
929.39,662.03,61.975,89.019
925.96,663.2,61.975,89.019
921.8,664.09,61.362,88.138
918.36,664.5,63.221,90.808
914.61,664.97,63.853,91.717
912.14,666.24,62.595,89.909
908.35,665.93,64.492,92.634
905.07,666.79,65.137,93.56
902.67,667.02,65.137,93.56
897.79,665.61,65.788,94.496
895.16,664.2,66.446,95.441
891.35,663.73,66.446,95.441
887.47,663.05,67.11,96.395
885.19,661.18,65.788,94.496
881.7,660.43,67.782,97.359
880.16,656.98,65.788,94.496
878.4,657.45,67.782,97.359
877.73,656.1,68.459,98.333
880.07,652.75,67.11,96.395
877.68,650.23,67.782,97.359
880.18,647.32,66.446,95.441
880.85,645.57,65.788,94.496
882.84,643.82,64.492,92.634
884.55,643.18,63.221,90.808
883.87,640.9,64.492,92.634
884.42,638.25,64.492,92.634
885.35,636.04,65.137,93.56
885.62,634.09,66.446,95.441
887.48,632.95,65.788,94.496
889.54,631.02,67.11,96.395
891.53,628.5,69.144,99.316
894.59,626.93,69.144,99.316
897.87,624.9,67.11,96.395
901.45,623.22,66.446,95.441
904.63,621.64,67.11,96.395
908.22,619.01,65.788,94.496
911.09,616.3,66.446,95.441
915.71,613.84,64.492,92.634
918.89,611.76,64.492,92.634
922.87,609.31,63.221,90.808
926.76,608.1,61.975,89.019
929.04,605.63,61.975,89.019
930.41,603.5,63.221,90.808
931.82,600.88,63.853,91.717
933.89,598.16,64.492,92.634
937.28,597.23,62.595,89.909
939.98,595.25,62.595,89.909
942.58,593.15,63.221,90.808
943.02,589.84,64.492,92.634
944.96,587.38,65.788,94.496
947.66,584.86,65.137,93.56
949.12,581.63,65.788,94.496
950.3,577.73,65.788,94.496
951.76,575.43,65.788,94.496
953.68,573.24,63.853,91.717
954.02,570.43,63.853,91.717
955.31,568.42,61.975,89.019
955.04,566.56,60.153,86.401
954.15,563.77,61.975,89.019
952.54,560.66,62.595,89.909
952.44,558.99,61.362,88.138
952.02,556.85,61.975,89.019
951.17,554.85,60.754,87.265
950.15,552.66,60.754,87.265
948.18,549.67,62.595,89.909
948.04,547.76,61.362,88.138
946.64,545.75,62.595,89.909
946.99,543.65,63.221,90.808
945.89,540.5,63.853,91.717
944.38,538.45,64.492,92.634
944.85,537.13,63.221,90.808
945.11,536.27,61.975,89.019
944.72,536.13,60.153,86.401
943.26,535.91,60.754,87.265
943.39,537.54,59.557,85.546
943.35,539.51,57.806,83.03
942.03,542.3,59.557,85.546
941.52,546.05,58.384,83.86
940.82,549.17,57.806,83.03
939.67,552.85,58.967,84.699
938.96,555.84,60.153,86.401
938.52,559.82,61.362,88.138
938.14,564.77,61.975,89.019
937.74,568.7,61.362,88.138
936.81,573.16,62.595,89.909
938.05,578.14,60.754,87.265
936.32,581.35,62.595,89.909
936.94,585.62,61.975,89.019
937.59,589.72,60.153,86.401
939.04,594.3,58.384,83.86
938.33,598.29,58.384,83.86
937.1,601.74,58.967,84.699
935.61,605.98,60.754,87.265
934.25,609.18,61.362,88.138
932.48,613.9,63.221,90.808
931.95,617.75,63.221,90.808
929.27,619.58,65.137,93.56
926.32,618.8,63.853,91.717
924.55,617.54,63.221,90.808
919.89,615.05,63.221,90.808
916.73,611.51,61.362,88.138
912.92,610.11,61.362,88.138
910.84,607.58,60.754,87.265
906.88,604.14,61.362,88.138
904.83,602.85,60.754,87.265
900.47,601.12,61.975,89.019
896.49,598.5,63.221,90.808
893.14,596.47,63.221,90.808
889.88,595.42,61.975,89.019
884.13,592.26,63.853,91.717
881.23,591.49,63.221,90.808
875.96,588.94,65.137,93.56
871.4,586.15,65.788,94.496
868.28,585.25,63.853,91.717
864.55,583.77,63.221,90.808
859.57,581.38,63.221,90.808
854.38,578,63.853,91.717
850.35,574.79,62.595,89.909
845.75,571.89,62.595,89.909
842.61,570.21,61.975,89.019
839.55,566.36,60.153,86.401
835.52,564.12,60.754,87.265
830.2,560.4,62.595,89.909
828.63,559.04,60.754,87.265
824.74,556.55,61.975,89.019
822.44,555.02,60.153,86.401
819.81,553.49,60.754,87.265
817.44,551.91,61.975,89.019
814.44,549.31,63.221,90.808
811.63,546.76,63.853,91.717
809.98,545.23,62.595,89.909
808.15,543.98,62.595,89.909
805.37,541.41,63.853,91.717
803.96,540.36,63.221,90.808
801.48,537.75,61.362,88.138
801.06,536.8,59.557,85.546
799.44,534.67,57.806,83.03
796.5,532.59,59.557,85.546
794.5,532.39,58.384,83.86
791.84,531.24,58.384,83.86
787.75,528.92,60.153,86.401
784.51,527.46,61.362,88.138
782.23,526.88,61.975,89.019
781.06,526.58,60.754,87.265
777.36,524.59,62.595,89.909
775.65,524.61,61.975,89.019
772.11,523.28,63.221,90.808
769.45,521.62,62.595,89.909
766.77,520.76,63.221,90.808
765.52,519.47,61.975,89.019
762.64,517.73,63.221,90.808
759.27,515.56,64.492,92.634
757.8,514.55,63.853,91.717
756.54,513.43,62.595,89.909
757.24,513.77,60.754,87.265
756.54,512.99,60.754,87.265
754.47,511.93,61.362,88.138
753.82,511.59,61.975,89.019
753.13,511.18,61.362,88.138
753.02,510.73,61.362,88.138
753.47,510.74,60.754,87.265
753.64,509.9,60.754,87.265
753.79,508.73,61.362,88.138
753.63,507.55,62.595,89.909
756.14,508.01,60.754,87.265
756.98,507.21,60.754,87.265
756.79,505.31,61.362,88.138
760.09,505.47,59.557,85.546
761,504.43,59.557,85.546
762.83,503.68,57.806,83.03
764.63,503.69,57.233,82.208
763.2,501.81,58.967,84.699
765.57,502.15,59.557,85.546
766.22,501.87,58.967,84.699
766.47,502.06,60.754,87.265
767.82,501.83,60.153,86.401
771.52,502.85,59.557,85.546
773.46,502.44,60.153,86.401
776.31,501.63,61.362,88.138
778.54,501.41,61.975,89.019
780.31,500.49,62.595,89.909
783.88,500.5,61.975,89.019
786.92,500.02,61.362,88.138
789.87,500.21,60.754,87.265
793.82,500.38,59.557,85.546
794.31,499.55,61.362,88.138
798.32,500.58,59.557,85.546
801.64,500.93,58.384,83.86
802.9,499.98,60.153,86.401
806.65,501.53,58.384,83.86
808.89,501.78,57.806,83.03
811.76,502.68,57.806,83.03
814.27,502.02,58.967,84.699
817.36,503.42,57.806,83.03
819.14,503.56,58.967,84.699
822.6,505.32,59.557,85.546
824.21,505.05,60.153,86.401
828.74,506.29,58.384,83.86
831.4,506.27,58.384,83.86
833.81,505.76,58.384,83.86
836.39,505.73,57.806,83.03
840.24,507.2,56.105,80.588
842.07,507.09,55.55,79.79
843.29,507.85,57.233,82.208
845.45,509.02,57.233,82.208
845.94,509.42,58.967,84.699
848.88,512.02,57.233,82.208
851.19,513.14,57.233,82.208
852.51,514.17,58.384,83.86
852.78,513.4,60.153,86.401
853.37,515.53,60.754,87.265
854.94,515.69,60.153,86.401
855.22,516.66,61.975,89.019
855.73,516.94,63.221,90.808
855.85,516.81,64.492,92.634
857.83,518.13,62.595,89.909
858.93,519.32,61.975,89.019
860.89,519.54,60.754,87.265
863,520.15,59.557,85.546
863.55,520.26,58.967,84.699
865.14,521.53,57.806,83.03
866.36,522.04,58.967,84.699
868.09,523.2,57.806,83.03
869.73,525,57.233,82.208
871.15,526.38,57.233,82.208
872.29,526.76,56.667,81.394
873.13,527.43,57.806,83.03
875.33,529.79,57.233,82.208
877.29,530.55,55.55,79.79
879.91,532.69,54.455,78.218
881.24,533.94,54.455,78.218
883.37,535.11,52.854,75.917
884.26,535.98,53.916,77.443
886.48,536.97,53.382,76.677
888.44,538.75,52.854,75.917
889.45,538.95,53.916,77.443
890.39,539.62,55.55,79.79
890.94,540.5,56.667,81.394
893.44,542.66,55,79
893.37,542.46,56.667,81.394
894.81,544.62,56.667,81.394
897.24,546.14,55.55,79.79
897.61,547.91,57.233,82.208
898.65,549.16,57.233,82.208
898.67,550.45,56.667,81.394
900.03,552.43,56.105,80.588
900.22,553.44,56.105,80.588
900.47,554.62,57.233,82.208
901.25,555.87,57.233,82.208
901.05,556.71,58.384,83.86
901.66,557.78,58.384,83.86
902.77,558.83,57.233,82.208
903.1,559.94,57.233,82.208
903.44,561.53,56.667,81.394
903.82,563.14,56.667,81.394
904.96,565.14,56.105,80.588
904.91,566.08,56.667,81.394
907.09,568.23,55,79
907.06,569.2,55.55,79.79
908.88,571.38,53.916,77.443
910.45,572.99,52.331,75.166
910.82,573.94,53.916,77.443
912.17,575.93,53.382,76.677
912.53,576.61,53.916,77.443
912.83,577.26,55.55,79.79
913.74,578.4,55.55,79.79
914.77,579.21,55.55,79.79
915.78,581.1,55,79
915.73,581.05,56.667,81.394
916.68,582.53,56.667,81.394
916.39,584.21,57.806,83.03
917.27,585.45,58.384,83.86
917.51,587.52,56.667,81.394
917.23,587.96,57.806,83.03
917.49,589.62,56.667,81.394
917.95,591.56,56.105,80.588
917.18,592.38,55.55,79.79
918.26,594.06,54.455,78.218
918.24,595.22,53.382,76.677
918.33,595.83,52.854,75.917
917.96,596.47,52.331,75.166
918.79,597.66,50.792,72.955
918.41,598.37,52.331,75.166
918.5,599.49,50.792,72.955
919.1,600.53,51.299,73.685
917.4,600.68,52.331,75.166
918.73,602.61,51.299,73.685
918.02,602.81,52.331,75.166
917.78,604.2,53.382,76.677
917.11,604.97,53.916,77.443
917.25,606.12,53.916,77.443
917.87,607.52,54.455,78.218
917.8,608.22,53.916,77.443
917.74,608.98,52.331,75.166
918.08,610.32,53.382,76.677
918.13,610.79,53.916,77.443
917.87,612.71,55,79
917.15,612.37,56.667,81.394
918.17,614.78,55,79
917.59,614.91,56.105,80.588
917.67,616.58,55,79
916.96,617.24,55.55,79.79
916.4,618.89,56.105,80.588
915.19,619.31,57.806,83.03
914.06,621.17,57.806,83.03
913.54,622.43,57.806,83.03
912.34,623.12,58.967,84.699
911.94,624.81,57.806,83.03
910.64,625.64,58.967,84.699
909.57,626.81,58.384,83.86
907.5,627.1,60.153,86.401
906.69,627.68,60.153,86.401
906.35,629.21,58.967,84.699
906.21,630.63,57.233,82.208
904.86,631.71,56.667,81.394
904.3,632.96,56.105,80.588
904.24,634.72,54.455,78.218
903.29,636.25,53.382,76.677
901.79,636.72,55,79
900.86,637.76,55,79
899.88,638.86,56.105,80.588
899.78,640.89,54.455,78.218
898.29,640.84,55.55,79.79
898.51,643.05,54.455,78.218
897.8,643.45,55,79
897.39,644.48,54.455,78.218
896.55,645.44,53.916,77.443
897.01,646.7,52.854,75.917
896.88,647.12,52.331,75.166
896.87,648.21,52.331,75.166
896.39,649.08,53.916,77.443
897.22,649.98,53.916,77.443
897.16,649.72,55.55,79.79
898.4,651.48,54.455,78.218
898.47,652.08,55.55,79.79
900.85,654.04,53.916,77.443
903.17,654.61,55.55,79.79
906.22,655.91,57.233,82.208
908.26,656.2,58.967,84.699
912.78,657.73,59.557,85.546
916,659.43,58.967,84.699
920.64,659.51,60.754,87.265
925.16,661.23,60.754,87.265
928.61,660.29,62.595,89.909
933.32,660.63,63.221,90.808
938.04,661.11,63.221,90.808
943.38,661.79,61.362,88.138
949.38,662.28,60.153,86.401
955.13,663.78,59.557,85.546
960.73,664.88,57.806,83.03
966.58,666.09,57.233,82.208
971.54,666.73,57.233,82.208
976.84,667.13,57.233,82.208
981.05,668.02,57.233,82.208
985.18,668.54,58.384,83.86
988.67,669.68,57.233,82.208
991.89,669.93,56.667,81.394
995.6,670.86,57.233,82.208
997.68,671.01,58.384,83.86
1000.6,672.29,57.233,82.208
1003.1,672.51,57.233,82.208
1005.1,672.34,58.384,83.86
1006,671.82,60.153,86.401
1007.8,671.5,61.975,89.019
1009.6,671.28,61.362,88.138
1012.7,672.78,59.557,85.546
1015.2,672.57,58.384,83.86
1016.7,672.1,58.967,84.699
1019.7,673.67,57.233,82.208
1021.6,674.26,57.233,82.208
1023.3,674.62,57.233,82.208
1025.1,675.02,58.384,83.86
1027.6,675.49,59.557,85.546
1030,675.73,58.967,84.699
1033.8,676.88,58.384,83.86
1036.4,676.82,58.384,83.86
1036.5,675.78,60.153,86.401
1038.5,675.96,58.967,84.699
1040.7,677.27,57.233,82.208
1040.3,676.7,58.384,83.86
1040.7,676.21,57.806,83.03
1041.9,676.58,57.233,82.208
1043.4,677.19,56.105,80.588
1044.4,677.26,55.55,79.79
1045.6,677.91,55,79
1047.4,678.65,53.382,76.677
1048.6,677.86,53.916,77.443
1049.9,678.19,55,79
1050.8,677.47,56.667,81.394
1053.3,678.81,55,79
1055,678.96,55,79
1057.2,679.05,55,79
1058.3,678.03,55.55,79.79
1060.7,677.97,56.105,80.588
1062.5,678.41,56.105,80.588
1064.7,678.89,55,79
1065.3,677.46,56.667,81.394
1067.5,677.73,55.55,79.79
1068.9,677.37,55.55,79.79
1070.8,678.12,56.105,80.588
1071.7,677.8,56.667,81.394
1073,678.33,57.233,82.208
1073.8,678.06,57.806,83.03
1075.8,679.12,57.233,82.208
1076.3,678.99,57.806,83.03
1077.2,679.08,59.557,85.546
1078.3,679.37,57.806,83.03
1078.7,678.45,58.967,84.699
1080.2,679.02,58.384,83.86
1081.4,679.74,57.233,82.208
1081.7,679.52,56.667,81.394
1082.1,679.28,56.667,81.394
1082.6,678.96,58.384,83.86
1083.1,679.39,57.233,82.208
1083.2,678.89,58.384,83.86
1082.8,678.73,58.384,83.86
1083.2,679.28,57.233,82.208
1083.6,679.49,57.233,82.208
1084.6,680.21,56.105,80.588
1084.7,679.99,57.233,82.208
1085.3,680.89,56.105,80.588
1085.2,680.67,57.233,82.208
1085.2,680.46,58.384,83.86
1085.7,680.49,59.557,85.546
1085.3,680.16,60.754,87.265
1084.9,679.72,60.153,86.401
1085.8,679.68,59.557,85.546
1085.8,679.73,57.806,83.03
1087.8,680.52,56.105,80.588
1087.9,680.6,56.105,80.588
1087.3,680.23,57.233,82.208
1088,681.26,56.105,80.588
1087.1,680.69,57.233,82.208
1086.1,681.08,58.384,83.86
1085.3,680.64,59.557,85.546
1085.3,680.61,57.806,83.03
1084.1,681.13,59.557,85.546
1083.3,681.18,59.557,85.546
1081.5,679.75,61.362,88.138
1082.4,680.58,59.557,85.546
1082,680.24,59.557,85.546
1081.5,679.59,59.557,85.546
1080.8,678.82,60.754,87.265
1079.9,678.21,60.153,86.401
1079.9,678.49,60.754,87.265
1078.6,678.29,61.362,88.138
1078.4,678.39,61.362,88.138
1079.1,679.02,60.754,87.265
1079,679.32,59.557,85.546
1078,679.26,60.153,86.401
1077.9,679.96,60.754,87.265
1078.3,680.02,60.754,87.265
1077.8,679.92,61.975,89.019
1078.4,680.24,60.153,86.401
1078.3,679.6,61.975,89.019
1078.3,679.54,61.975,89.019
1078.4,679.31,60.153,86.401
1079.4,679.96,59.557,85.546
1079.7,680.02,59.557,85.546
1079.5,679.86,58.967,84.699
1079.8,679.93,58.967,84.699
1080.4,680.92,58.384,83.86
1079.5,680.85,59.557,85.546
1078.8,681.65,58.967,84.699
1079.5,682.73,58.384,83.86
1078.1,682.44,58.967,84.699
1078.9,683.95,57.233,82.208
1077,683.48,58.967,84.699
1076.3,683.15,58.967,84.699
1076.1,683.61,57.806,83.03
1076.7,684.66,56.105,80.588
1076.7,684.84,56.105,80.588
1076.1,684.42,57.233,82.208
1075.4,684.25,58.384,83.86
1075.4,684.4,58.384,83.86
1074.3,683.74,60.153,86.401
1075.6,685.22,58.384,83.86
1076.4,685.96,57.233,82.208
1076.1,685.56,58.967,84.699
1076.6,685.99,58.967,84.699
1077.9,686.81,57.806,83.03
1080,688.43,56.105,80.588
1080.9,687.96,56.667,81.394
1082.4,688.15,57.233,82.208
1083.6,688.16,55.55,79.79
1084.6,687.72,57.233,82.208
1085.8,687.48,57.233,82.208
1087.5,687.12,56.105,80.588
1089.4,687.08,55,79
1090,685.99,55.55,79.79
1091,684.91,56.667,81.394
1092.3,684.72,56.667,81.394
1093.5,684.79,57.233,82.208
1093.2,683.95,58.967,84.699
1094.5,683.43,58.967,84.699
1095.6,683.19,58.967,84.699
1097.2,683.57,58.384,83.86
1098.1,682.98,58.384,83.86
1098.9,682.35,58.384,83.86
1099.4,680.93,59.557,85.546
1100.2,680.09,59.557,85.546
1100.9,678.42,60.754,87.265
1102.5,678.02,59.557,85.546
1104.4,676.89,58.384,83.86
1105.2,675.47,57.806,83.03
1106.6,674.35,57.806,83.03
1108.7,673.81,57.233,82.208
1110.4,673.38,56.105,80.588
1112,672.56,56.105,80.588
1113.3,671.49,55.55,79.79
1115.2,670.5,57.233,82.208
1116,668.25,58.967,84.699
1118.5,668.07,57.806,83.03
1120.1,666.57,58.967,84.699
1123.7,666.18,58.384,83.86
1125.2,663.78,60.153,86.401
1127.4,662.52,60.153,86.401
1130.9,662.27,58.384,83.86
1133.1,660.48,58.384,83.86
1135.7,658.84,56.667,81.394
1138.1,656.98,58.384,83.86
1139.3,655.01,58.967,84.699
1139.5,653.04,60.153,86.401
1140,652.52,59.557,85.546
1138,650.6,60.754,87.265
1134,648.7,60.153,86.401
1130.8,647.31,60.754,87.265
1126.7,646.44,59.557,85.546
1121.8,644.63,59.557,85.546
1114.7,642.04,61.362,88.138
1109.2,641.01,60.754,87.265
1102.3,638.83,60.754,87.265
1093.6,635.95,61.975,89.019
1084.9,633.32,60.754,87.265
1075.5,631.84,59.557,85.546
1064.5,629.2,60.754,87.265
1053.9,627,59.557,85.546
1042,624.17,60.153,86.401
1031.5,622.83,59.557,85.546
1018.2,619.47,61.362,88.138
1006,617.66,61.975,89.019
992.33,615.77,61.975,89.019
976.95,613.56,61.975,89.019
958.89,610.8,62.595,89.909
936.31,609.3,63.221,90.808
905.88,607.9,61.975,89.019
866.45,605.36,61.975,89.019
810.4,603.03,63.853,91.717
747.11,603.53,65.137,93.56
690.26,602.92,67.11,96.395
622.03,605.18,69.144,99.316
568.36,605.65,67.782,97.359
546.13,605.59,66.446,95.441
544.12,604.31,65.137,93.56
546.02,601.51,66.446,95.441
553.77,599.97,64.492,92.634
573.81,598.62,63.221,90.808
605.76,593.65,65.137,93.56
658.33,586.19,67.11,96.395
731.67,582.61,65.137,93.56
708.03,652.88,65.788,94.496
729.04,630.3,65.137,93.56
727.43,642.31,63.853,91.717
701.49,638.85,62.595,89.909
738.37,631.66,63.853,91.717
714.64,651.18,63.221,90.808
757.52,637.51,63.221,90.808
764.78,655.92,63.853,91.717
772.44,725.18,65.137,93.56
781.15,740.14,65.137,93.56
832.59,759.1,65.788,94.496
815.71,761.44,65.137,93.56
796.02,806.83,65.137,93.56
810.47,866.29,66.446,95.441
809.32,857.43,68.459,98.333
822.32,875.03,66.446,95.441
792.43,912.39,66.446,95.441
772.6,942.93,64.492,92.634
757.3,964.69,65.788,94.496
783.81,991.61,66.446,95.441
771.05,982.22,67.11,96.395
795.09,963.06,67.782,97.359
787.08,1015.7,67.782,97.359
833,1027.7,69.144,99.316
814.53,1022.5,69.144,99.316
737.92,1071.2,70.534,101.31
749.95,1073.6,70.534,101.31
692.33,1074,70.534,101.31
711.49,1102.1,71.951,103.35
691.29,1076.6,73.398,105.43
720.41,1092.1,75.622,108.62
682.32,1096.3,77.913,111.91
705.17,1095.9,77.142,110.8
706.43,1090.1,77.913,111.91
721.15,1037.8,77.142,110.8
718.63,995.08,74.873,107.54
720.22,946.39,74.132,106.48
712.26,1032.1,74.873,107.54
704.46,1014,74.873,107.54
740.5,1069,73.398,105.43
699.64,1035.6,73.398,105.43
719.77,1004.7,73.398,105.43
770.98,1024.5,74.132,106.48
790.17,1017.2,74.132,106.48
762.6,1039.4,73.398,105.43
743.95,989.98,73.398,105.43
763.83,983.49,73.398,105.43
762.02,1017.9,74.873,107.54
725.86,1024.6,77.142,110.8
737.94,998.18,79.479,114.16
735.74,994.36,80.274,115.3
677.27,1019.6,78.692,113.03
651.13,1019.7,81.077,116.46
596.7,1007.9,83.533,119.98
614.28,964.25,83.533,119.98
581.62,1011.1,86.065,123.62
585.86,1001.7,83.533,119.98
560.07,1010.4,83.533,119.98
533.18,1012.4,83.533,119.98
528.79,1010.6,83.533,119.98
539.65,997.89,81.888,117.62
554.64,1011.7,79.479,114.16
588.08,982.72,78.692,113.03
545.74,988.29,77.142,110.8
547.23,978.36,76.378,109.71
563,1031.1,74.873,107.54
564.3,1028.1,74.132,106.48
538.71,1020.8,71.951,103.35
602.84,1028.9,70.534,101.31
621.93,1018.9,69.144,99.316
639.23,1018.9,70.534,101.31
658.64,1041.2,71.951,103.35
638.51,1040.9,71.951,103.35
618.99,1034.6,72.671,104.38
675.41,1033.2,73.398,105.43
676.66,1033.7,71.239,102.33
676.65,1018.6,69.144,99.316
710.09,1020.2,69.144,99.316
715.25,1020.6,67.782,97.359
722.52,983.95,69.144,99.316
728.03,1039.9,67.11,96.395
789.25,1038.7,68.459,98.333
760.56,1045.6,66.446,95.441
814.52,1033,65.137,93.56
866.8,1043.6,63.853,91.717
830.92,1027.6,63.221,90.808
830.47,1038.1,61.975,89.019
826.32,1038.6,61.362,88.138
784.48,1020.6,63.221,90.808
775.82,1022.4,61.975,89.019
803.95,1035.4,62.595,89.909
816.14,1020.3,64.492,92.634
814.08,1032.6,62.595,89.909
809.12,1023.4,61.362,88.138
795.5,1036,60.153,86.401
846.6,1035.1,60.754,87.265
871.67,1034.7,61.975,89.019
890.1,1049.7,60.153,86.401
925.58,1039.3,60.153,86.401
916.32,1009.6,60.754,87.265
920.59,991.42,59.557,85.546
893.36,1030.3,59.557,85.546
968.83,1095.4,57.806,83.03
983.7,1028.8,58.967,84.699
1039,1043.9,60.754,87.265
1037.6,1041.7,58.967,84.699
1035.8,1005.7,60.754,87.265
1034.6,1006.8,61.362,88.138
1030.8,1013,61.975,89.019
1044.8,1043,63.221,90.808
1040.3,1042.1,61.975,89.019
1061.5,1008.8,63.221,90.808
1033,1007.4,61.362,88.138
1029.7,1010.2,61.362,88.138
1027.9,1013.6,60.754,87.265
1027.1,1016.2,58.967,84.699
1026.1,1022.9,58.384,83.86
1023.2,1026,59.557,85.546
1004.4,1017.2,60.153,86.401
1003.5,1023.2,60.754,87.265
1000,1026.2,60.754,87.265
998.68,1028.3,60.153,86.401
1012.9,1023.7,61.975,89.019
1011.4,1026.5,60.153,86.401
997.02,1020.7,58.967,84.699
994.78,1024.3,58.384,83.86
993.58,1025.5,56.667,81.394
994.36,1029.8,58.384,83.86
992.76,1031.7,56.667,81.394
992.1,1034.7,56.667,81.394
992.83,1035.6,55.55,79.79
1007.7,1057.8,54.455,78.218
981.35,1035.1,53.916,77.443
983.66,1036.9,55,79
985.66,1039.5,55,79
988.4,1040.3,54.455,78.218
993.46,1042.1,52.854,75.917
985.08,1035.7,51.812,74.422
990.19,1039,51.299,73.685
1013.9,1038.4,52.854,75.917
1017.8,1040.2,51.299,73.685
1018.9,1041.7,52.854,75.917
991.47,1039.6,51.299,73.685
997.84,1043.5,49.791,71.518
1002.4,1045.9,48.81,70.108
1006.6,1048.3,47.848,68.727
1028.7,1045.4,48.326,69.414
1032.8,1050.5,49.298,70.81
1021.6,1038.3,48.81,70.108
1025.6,1042.5,48.326,69.414
1028.5,1046.5,49.298,70.81
1031.8,1048.9,50.289,72.233
1053.8,1048.7,51.812,74.422
1058.5,1051.4,52.854,75.917
1061.4,1054,54.455,78.218
1051.2,1036.9,55.55,79.79
1066.9,1057.8,56.667,81.394
1051.4,1048.2,55.55,79.79
1047.4,1029.4,53.916,77.443
1048.9,1032.2,55,79
1055.8,1036.9,55,79
1053.3,1022.7,55,79
1055.6,1024.3,55.55,79.79
1059.9,1029.7,55.55,79.79
1059.8,1028.6,55.55,79.79
1061.7,1031.1,57.233,82.208
1062.3,1034.2,56.105,80.588
1065.8,1038,56.105,80.588
1053.6,1032.8,55.55,79.79
1052.2,1036.7,55.55,79.79
1053.3,1040.1,53.916,77.443
1057.6,1044,53.382,76.677
1048.1,1039.1,54.455,78.218
1047.2,1041.7,53.916,77.443
1066.3,1037.7,52.854,75.917
1068.3,1039.4,51.812,74.422
1067.7,1041.4,52.331,75.166
1071.1,1044.6,50.792,72.955
1073.3,1046.4,52.331,75.166
1061.3,1043.6,51.299,73.685
1062.8,1047.3,51.299,73.685
1080.8,1043.2,52.854,75.917
1081.1,1046,51.299,73.685
1084.3,1048,52.331,75.166
1087.9,1053.6,51.812,74.422
1075.9,1046.3,52.331,75.166
1062.5,1035.4,53.916,77.443
1037.1,1039.4,52.854,75.917
1036.8,1041.2,53.916,77.443
1042.5,1043.1,53.382,76.677
1025.2,1005,53.916,77.443
1021.8,1037.2,55.55,79.79
1020.1,1032.6,55.55,79.79
1027.9,1028.9,57.233,82.208
1031.5,1032.9,58.384,83.86
1036.3,1036.8,56.667,81.394
1033.2,1024.3,55,79
1036.3,1029.1,55,79
1042.1,1035.1,53.916,77.443
1049.5,1035.9,53.382,76.677
1053.9,1040.3,52.854,75.917
1058.6,1045.1,51.299,73.685
1080.1,1039.5,49.791,71.518
1058.4,1043.4,49.298,70.81
1053.5,1036.6,48.81,70.108
1059,1039.3,49.791,71.518
1055.4,1038.1,49.298,70.81
1062.8,1042.7,48.326,69.414
1053.2,1027.9,49.791,71.518
1049.9,1016.8,50.792,72.955
1070,1038.8,52.331,75.166
1060.5,1038,51.812,74.422
1078.8,1036.3,51.812,74.422
1083,1042.1,50.289,72.233
1073.6,1039.4,50.792,72.955
1073.6,1041.8,50.792,72.955
1067.7,1043.1,49.298,70.81
1086.7,1044.1,50.289,72.233
1078.9,1041,50.289,72.233
1069.5,1017.6,51.812,74.422
1073.3,1023.5,50.792,72.955
1102.9,1041.7,49.298,70.81
1088.3,1029.3,48.81,70.108
1096.5,1046,48.81,70.108
1118.5,1044.1,47.374,68.047
1124,1048,47.374,68.047
1124.7,1046.7,47.848,68.727
1120.1,1046.7,46.441,66.706
1119.5,1047.9,46.905,67.373
1114.8,1043.1,47.374,68.047
1117.4,1044,45.981,66.045
1111.1,1046.6,45.075,64.744
1085.3,1043,45.981,66.045
1084.8,1044.6,45.075,64.744
1083.2,1046.3,44.187,63.468
1082.1,1046.4,43.749,62.84
1055.6,1052,42.887,61.602
1085.2,1049.4,43.316,62.218
1088.8,1049.1,44.629,64.103
1087.5,1051.7,44.187,63.468
1104.4,1041.4,45.075,64.744
1081.1,1043,45.526,65.391
1083,1044.3,45.075,64.744
1093.4,1042.2,45.526,65.391
1093.7,1047.1,44.629,64.103
1070.2,1047.6,43.316,62.218
1086.1,1046.4,42.463,60.992
1084.8,1049.8,43.316,62.218
1055,1045.7,44.629,64.103
1054.1,1048.4,45.981,66.045
1049.7,1038.7,47.374,68.047
1041.3,1047.2,47.374,68.047
1043.1,1049.1,47.374,68.047
1040.7,1048.1,45.981,66.045
1042.8,1049.1,44.629,64.103
1053.9,1039.8,45.981,66.045
1038.3,1026,45.526,65.391
1042.1,1016.4,44.187,63.468
1042.8,1017.2,44.629,64.103
1044.5,1021,44.187,63.468
1044.3,1024.5,42.887,61.602
1045.4,1025.3,44.187,63.468
1049.2,1029.3,43.749,62.84
1005.9,1044,45.075,64.744
1002.8,1047.1,43.749,62.84
1011,1046.6,43.749,62.84
1020.5,1049.7,43.316,62.218
1021.9,1048.2,44.629,64.103
1041.5,1038,45.981,66.045
1043.8,1040.4,45.981,66.045
1044.2,1043.5,45.981,66.045
1046.6,1044.3,45.075,64.744
1048.1,1041.9,44.629,64.103
1049.9,1045.3,43.749,62.84
1049.7,1046.9,43.749,62.84
1049.4,1049.2,43.316,62.218
1053.8,1048.6,43.749,62.84
1057.2,1046.2,44.629,64.103
1058.6,1048.7,44.187,63.468
1058.9,1051.4,43.749,62.84
1057.1,1051.4,45.075,64.744
1064.6,1049.6,45.075,64.744
1064.9,1050.2,45.526,65.391
1065.6,1056.2,44.629,64.103
1108.7,1045.6,44.629,64.103
1106.5,1046.6,43.749,62.84
1107.6,1049.7,43.749,62.84
1113.2,1044.6,44.629,64.103
1095.1,1030.4,45.075,64.744
1096.4,1030,44.629,64.103
1056.8,1051.3,44.187,63.468
1042,1048.7,42.887,61.602
1057.7,1046.5,42.042,60.388
1032.8,1043.1,41.214,59.198
1034.9,1047,40.402,58.032
1038.6,1049.4,39.214,56.325
1039.3,1049.4,39.214,56.325
1040.7,1050.6,39.606,56.888
1062.3,1054,40.002,57.457
1073.3,1045.8,40.002,57.457
1073.2,1047.6,40.402,58.032
1073.4,1048.3,41.626,59.79
1051.2,1048.9,40.806,58.612
1019.6,1051.3,40.402,58.032
1015.4,1054.2,39.606,56.888
1005.2,1049.1,40.402,58.032
1006.4,1050.2,41.626,59.79
1032.9,1046.7,41.626,59.79
1036.9,1048.2,42.463,60.992
1041.4,1049.1,41.626,59.79
1031.8,1049.9,42.887,61.602
1045.1,1033.1,42.887,61.602
1032.6,1044.3,44.187,63.468
1039.4,1049.5,42.887,61.602
1039,1047.6,41.626,59.79
1036,1046.9,41.626,59.79
1043.9,1051.4,40.806,58.612
1027.3,1046.2,42.042,60.388
1017.6,1045.3,43.316,62.218
1063.8,1049.7,43.749,62.84
1063.6,1043.6,42.463,60.992
1081.7,1050.2,41.214,59.198
1084.3,1052.3,41.214,59.198
1081,1046.1,42.463,60.992
1089.8,1047.6,42.042,60.388
1103.8,1049.5,43.316,62.218
1066.8,1047.2,44.629,64.103
1073.7,1049.7,44.187,63.468
1070.6,1042.1,43.749,62.84
1084.5,1048.5,44.629,64.103
1103.3,1044.2,43.749,62.84
1107.9,1048.3,44.629,64.103
1112.8,1044.7,44.629,64.103
1129.9,1044.6,45.981,66.045
1131.4,1044.7,45.981,66.045
1138.8,1046.9,46.905,67.373
1131.4,1047.9,46.441,66.706
1109.2,1045.5,47.374,68.047
1123.9,1045.9,46.441,66.706
1126.6,1047.3,45.075,64.744
1150.2,1046.6,45.075,64.744
1153.3,1018.7,44.187,63.468
1154.7,1042.6,44.187,63.468
1142.9,1049.9,45.075,64.744
1164,1043,45.075,64.744
1168.9,1048.9,45.526,65.391
1176.9,1029,45.075,64.744
1176.8,1047,45.526,65.391
1130.8,1046.1,45.526,65.391
1118.1,1045.8,45.075,64.744
1120.3,1045.4,46.441,66.706
1123.9,1049.6,45.526,65.391
1132.1,1048.4,45.526,65.391
1127.1,1046.9,46.905,67.373
1128.1,1044.4,48.326,69.414
1127.5,1041,49.298,70.81
1128,1045.3,48.326,69.414
1136.8,1042.6,48.81,70.108
1123.1,1045.5,49.791,71.518
1096.8,1043.5,49.298,70.81
1098.9,1045.5,50.289,72.233
1097.3,1045.7,48.81,70.108
1098.9,1045.9,49.791,71.518
1100.1,1046.7,48.81,70.108
1070.8,1046.4,47.848,68.727
1092.8,1044.7,47.374,68.047
1093.7,1047.6,45.981,66.045
1093.6,1028.8,45.981,66.045
1097.1,1033.6,46.441,66.706
1099.9,1037.2,46.905,67.373
1111,1049.2,46.905,67.373
1090.9,1046.9,46.441,66.706
1093.4,1045.8,47.848,68.727
1126.9,1049,46.905,67.373
1121.5,1046.3,47.374,68.047
1119.1,1043.3,48.326,69.414
1122.3,1044.7,49.298,70.81
1123.1,1044.7,49.791,71.518
1116.6,1045.7,49.298,70.81
1111.3,1046.8,47.848,68.727
1134.7,1045.8,48.326,69.414
1132.7,1048.5,47.848,68.727
1155.7,1043.9,46.905,67.373
1155.9,1040.9,47.374,68.047
1115.3,1045.3,47.848,68.727
1098.3,1045.2,46.905,67.373
1100,1045.8,46.905,67.373
1108.5,1048.6,45.526,65.391
1126.6,1048.6,45.526,65.391
1105.2,1045.4,46.441,66.706
1110,1048.8,45.981,66.045
1109.7,1047.7,44.629,64.103
1114,1044.2,43.316,62.218
1116.9,1043.3,44.629,64.103
1122.3,1046.2,43.316,62.218
1125.7,1047.8,43.749,62.84
1131.7,1048.8,43.749,62.84
1133.8,1047.3,42.887,61.602
1140.7,1049.9,44.187,63.468
1144.9,1052,43.749,62.84
1167.9,1050.1,42.887,61.602
1168.1,1049.2,43.749,62.84
1158.8,1047.7,45.075,64.744
1147.3,1046.7,43.749,62.84
1149.8,1045.9,44.187,63.468
1172,1048.3,42.887,61.602
1177.9,1048.8,43.316,62.218
1166.3,1051.3,43.316,62.218
1169.9,1051.7,43.316,62.218
1166.3,1048.2,43.316,62.218
1156.3,1050.8,42.042,60.388
1180.1,1050.4,42.887,61.602
1165.7,1047.9,41.626,59.79
1175.7,1051,41.214,59.198
1179.5,1050.3,41.626,59.79
1171.8,1047,42.887,61.602
1174.9,1048.2,44.187,63.468
1181.7,1049.9,43.749,62.84
1182.6,1050.8,44.187,63.468
1183.6,1050.5,45.526,65.391
1192.2,1049,45.526,65.391
1197.8,1050.7,44.187,63.468
1195.9,1042.5,45.075,64.744
1203.9,1046,45.526,65.391
1208.7,1047.8,45.526,65.391
1198.1,1048.5,45.526,65.391
1195.5,1049.3,45.526,65.391
1236.7,1043.5,46.905,67.373
1242.1,1046.1,46.441,66.706
1241,1045.9,46.905,67.373
1208.1,1045.4,46.905,67.373
1195.8,1047.3,46.441,66.706
1233.5,1046,46.441,66.706
1222.1,1046.4,46.905,67.373
1241.5,1047.9,45.526,65.391
1244.4,1049.4,45.075,64.744
1238.1,1050.5,43.749,62.84
1224.4,1050.5,42.463,60.992
1256.6,1050.1,41.626,59.79
1223.8,1049.2,41.626,59.79
1229,1049.9,42.463,60.992
1221.3,1050.5,42.463,60.992
1213.4,1049.3,41.626,59.79
1217.8,1049.9,41.214,59.198
1215.3,1053.6,40.806,58.612
1204.4,1048,40.002,57.457
1211.2,1050.7,39.606,56.888
1213.5,1049.9,39.606,56.888
1220.1,1053.6,40.806,58.612
1194.8,1051.5,39.606,56.888
1166.4,1052.3,38.825,55.767
1200.8,1052.4,38.825,55.767
1220.8,1050.5,38.825,55.767
1207.9,1049.4,40.002,57.457
1240.3,1049.5,41.214,59.198
1231.8,1049.7,42.463,60.992
1248.8,1049.1,42.463,60.992
1252.3,1049.6,42.887,61.602
1240.7,1051.5,42.463,60.992
1281.2,1047.2,42.042,60.388
1279.7,1049.8,41.214,59.198
1284.6,1049.6,41.626,59.79
1268.8,1052,41.214,59.198
1285.5,1050.8,42.042,60.388
1262.8,1049.9,43.316,62.218
1250.5,1044.4,43.316,62.218
1216.2,1046,44.629,64.103
1219,1046.5,43.749,62.84
1231.9,1047,45.075,64.744
1221.3,1049.9,44.187,63.468
1208.8,1044.7,45.075,64.744
1210.1,1046.9,45.526,65.391
1204.6,1047.9,45.981,66.045
1206.6,1049.3,46.905,67.373
1173.1,1045,45.981,66.045
1173.8,1047.7,45.981,66.045
1162.3,1047,46.441,66.706
1171.2,1048.8,46.905,67.373
1167,1048.8,45.981,66.045
1200,1046.6,45.526,65.391
1201.9,1048.4,45.526,65.391
1163.6,1049.3,45.526,65.391
1159.4,1047.3,46.441,66.706
1141.6,1047.3,47.848,68.727
1162.1,1047.2,47.848,68.727
1177.4,1047.5,47.848,68.727
1163.3,1045.1,47.848,68.727
1165,1046.1,46.905,67.373
1168.7,1047,45.526,65.391
1160.7,1045.4,46.905,67.373
1163.1,1045.5,46.905,67.373
1166.7,1045.5,46.441,66.706
1169.9,1046.3,47.848,68.727
1144.6,1045.1,48.81,70.108
1113.5,1047.1,47.848,68.727
1117.4,1046.2,49.298,70.81
1120.3,1043.7,50.792,72.955
1098.2,1041.1,50.792,72.955
1097.9,1044.6,52.331,75.166
1159,1041.6,52.854,75.917
1159.7,1042.8,51.812,74.422
1122.8,1041,53.382,76.677
1128.1,1041.4,51.812,74.422
1150.6,1043.9,52.854,75.917
1119.8,1042.9,51.812,74.422
1123.3,1040.4,52.854,75.917
1137.2,1044.7,52.331,75.166
1136.3,1042,53.382,76.677
1142.2,1042.7,55,79
1149.7,1041.4,53.916,77.443
1154.3,1041.8,53.382,76.677
1164,1045.5,52.854,75.917
1164.4,1043.6,51.812,74.422
1166.1,1044.7,51.812,74.422
1164.3,1047.2,51.299,73.685
1153.4,1044.6,52.854,75.917
1150.4,1043.7,53.916,77.443
1164.2,1039.6,52.331,75.166
1159.9,1042.6,52.331,75.166
1170.5,1045.2,51.812,74.422
1143.2,1047.6,50.792,72.955
1161,1046.1,51.299,73.685
1143.8,1032.6,52.854,75.917
1127.7,1039.9,54.455,78.218
1147.8,1042.2,56.105,80.588
1136.5,1043.3,55.55,79.79
1158.4,1040.6,57.233,82.208
1151.2,1039.7,55.55,79.79
1154.8,1040,56.667,81.394
1146,1041.2,56.667,81.394
1107.9,1040.2,57.806,83.03
1111.3,1039.1,58.967,84.699
1103.5,1039.4,59.557,85.546
1068.5,1038.4,57.806,83.03
1066.9,1040.1,58.384,83.86
1061.4,1040.8,58.384,83.86
1055.5,1040.9,58.384,83.86
1023.3,1039.1,58.967,84.699
979.92,1039.1,58.384,83.86
1014.5,1038.8,60.153,86.401
1008.2,1039.9,58.384,83.86
966.52,1036.8,59.557,85.546
962.34,1037,59.557,85.546
962.8,1036.8,58.967,84.699
960.15,1036.2,60.153,86.401
958.66,1037.8,58.967,84.699
954.53,1033.5,60.153,86.401
961.87,1040.6,59.557,85.546
954.53,1038.3,59.557,85.546
949.28,1039.1,60.754,87.265
953.59,1038,59.557,85.546
909.25,1039.3,59.557,85.546
902.27,1038.6,58.384,83.86
896.72,1040.6,56.667,81.394
893.9,1043.2,55,79
890.67,1039.1,56.667,81.394
945.37,1040.5,57.233,82.208
940.09,1040.9,56.667,81.394
892.85,1041.6,57.806,83.03
890.85,1041.4,58.384,83.86
896.26,1042.9,57.233,82.208
884.09,1043.3,56.105,80.588
885.09,1042.6,54.455,78.218
873.26,1042.5,53.382,76.677
875.53,1041.4,53.916,77.443
881.33,1041.1,53.916,77.443
878.17,1042,52.331,75.166
875.18,1043.5,50.792,72.955
868.33,1044.9,51.299,73.685
892.26,1045.9,50.289,72.233
913.32,1045.2,49.298,70.81
875.76,1044.8,47.848,68.727
873.06,1046.6,46.905,67.373
870.06,1046.2,48.326,69.414
867.86,1045.5,49.791,71.518
865.68,1046,49.791,71.518
858.07,1043.4,50.289,72.233
826.39,1045,49.791,71.518
830.41,1044.8,50.289,72.233
817.53,1042.2,51.299,73.685
810.64,1043,50.289,72.233
835.17,1043.9,49.791,71.518
903.26,1045.7,48.81,70.108
879.44,1047.6,47.848,68.727
883.16,1046.5,49.298,70.81
889.34,1046.5,47.848,68.727
882.04,1044.9,46.905,67.373
863.11,1047.1,45.981,66.045
869.99,1048.4,46.441,66.706
857.37,1046.9,47.848,68.727
861.46,1045.8,48.81,70.108
867.97,1044.4,50.289,72.233
875.13,1045.1,49.791,71.518
893.93,1043.5,51.299,73.685
900.55,1042.4,52.331,75.166
908.28,1042.9,51.812,74.422
943.67,1041.1,51.812,74.422
939.22,1042.8,52.331,75.166
947.02,1041.7,53.916,77.443
954.05,1040.2,53.916,77.443
927.65,1041.8,55.55,79.79
932.35,1043.9,54.455,78.218
941.83,1043.8,53.382,76.677
947.16,1042,54.455,78.218
968.89,1044.7,52.854,75.917
972.68,1042,54.455,78.218
977.96,1042.1,52.854,75.917
978.42,1039.6,54.455,78.218
948.15,1042.3,53.916,77.443
951.71,1043.3,52.854,75.917
966.49,1044,51.812,74.422
969,1044.6,50.289,72.233
969.99,1046.1,49.298,70.81
966.89,1046.4,47.848,68.727
971.02,1047.3,46.905,67.373
991.35,1047.8,45.526,65.391
978.84,1048.7,45.981,66.045
972.12,1047.1,47.374,68.047
971.28,1047.9,47.848,68.727
994.76,1046.4,46.905,67.373
986.48,1047.3,45.981,66.045
987.74,1048.7,44.629,64.103
986.41,1049.4,43.749,62.84
1005.9,1049.5,42.887,61.602
1004.8,1051.1,41.626,59.79
1003.4,1047.4,42.887,61.602
1002.3,1048.5,42.887,61.602
1001.2,1048,43.316,62.218
1001.1,1050.5,42.463,60.992
1021.2,1051.1,42.042,60.388
1021.1,1049.1,43.316,62.218
1022.6,1049.4,44.629,64.103
1025,1048.9,44.187,63.468
1027.4,1049.8,44.187,63.468
1029.7,1047.3,44.629,64.103
1034,1046.8,45.981,66.045
1054.4,1046.8,47.374,68.047
1051.3,1046.9,48.326,69.414
1051.2,1046.2,49.791,71.518
1055.8,1044.3,51.299,73.685
1060.2,1044.6,49.791,71.518
1064.4,1044.7,49.791,71.518
1019.9,1045.5,49.298,70.81
1021.3,1044.6,50.289,72.233
1022.9,1042.9,51.299,73.685
1028.5,1043.3,49.791,71.518
1045.1,1045.5,49.791,71.518
1058.8,1047.4,48.326,69.414
1061.2,1047,49.298,70.81
1068.1,1045.9,49.791,71.518
1069.1,1043.9,51.299,73.685
1070.1,1043.4,52.854,75.917
1073.9,1044.4,51.299,73.685
1070.1,1041.4,52.854,75.917
1086.1,1042.7,53.916,77.443
1090.4,1044.3,52.854,75.917
1087.8,1042.8,54.455,78.218
1101.2,1043.9,53.382,76.677
1102.7,1043,51.812,74.422
1104.3,1043.1,51.812,74.422
1106.7,1043.1,52.854,75.917
1110.3,1043.2,52.854,75.917
1114.7,1043.3,51.299,73.685
1115.4,1041.9,51.812,74.422
1117.7,1041.5,51.812,74.422
1121.2,1039.9,53.382,76.677
1086,1043,55,79
1090.8,1041.5,55.55,79.79
1089,1039.5,56.667,81.394
1095.7,1039.7,56.105,80.588
1095.8,1039.1,56.667,81.394
1096.6,1036.9,58.384,83.86
1107.9,1040.9,57.233,82.208
1110.6,1037.9,57.806,83.03
1116,1039,57.806,83.03
1117.7,1039,58.384,83.86
1120.2,1038.1,57.806,83.03
1119,1035.3,57.233,82.208
1114.5,1033.8,56.667,81.394
1115.2,1033.5,58.384,83.86
1138.2,1039.8,58.384,83.86
1139.1,1039.2,56.667,81.394
1144.6,1039.6,57.233,82.208
1147,1041.1,57.233,82.208
1148.6,1041,56.105,80.588
1111.1,1041.9,55,79
1114.8,1043,53.382,76.677
1124.7,1041.3,55,79
1124.2,1040.1,55.55,79.79
1133.1,1040.1,57.233,82.208
1132.1,1038.2,58.967,84.699
1132.5,1036.6,60.153,86.401
1134.7,1037.1,58.967,84.699
1136.8,1037.5,57.806,83.03
1138.6,1039.5,56.105,80.588
1138.9,1035.3,57.233,82.208
1159.2,1038.1,57.233,82.208
1161.4,1039.7,56.105,80.588
1160.3,1038.6,56.105,80.588
1163.5,1036.5,56.105,80.588
1167.2,1038.4,56.667,81.394
1167.7,1038.9,56.667,81.394
1165.4,1038.5,57.806,83.03
1151.7,1021.4,57.806,83.03
1152.6,1020.7,58.967,84.699
1146.9,1039.6,57.806,83.03
1150.6,1041,56.105,80.588
1153.2,1041.2,54.455,78.218
1153.9,1041.5,52.854,75.917
1155.5,1041.7,52.854,75.917
1157,1040.6,52.854,75.917
1161.1,1039.9,52.331,75.166
1161.4,1039.1,53.382,76.677
1161.4,1040.1,52.854,75.917
1164.3,1040.3,52.331,75.166
1165,1040.3,52.331,75.166
1164.7,1037.5,53.916,77.443
1165.9,1035,52.854,75.917
1170.5,1033.4,54.455,78.218
1175.2,1041.1,53.382,76.677
1172.3,1040.5,53.916,77.443
1174.4,1040.9,55,79
1177.3,1042.3,55,79
1163.1,1016.6,54.455,78.218
1163.7,1040.6,52.854,75.917
1162.5,1039.9,52.331,75.166
1169.5,1040.9,52.854,75.917
1166.8,1037.6,53.916,77.443
1172.7,1042.3,55,79
1172.4,1041.1,54.455,78.218
1182.8,1040,53.916,77.443
1182.4,1040.2,52.331,75.166
1188.8,1043.7,51.299,73.685
1188.3,1043.7,51.299,73.685
1187.9,1043.1,51.299,73.685
1185.2,1042.2,52.854,75.917
1181.3,1040.3,53.916,77.443
1183.1,1041.2,52.331,75.166
1169.8,1020.9,52.854,75.917
1166.5,1020.2,53.916,77.443
1202.3,1041.2,55,79
1170.5,1041.8,54.455,78.218
1168.9,1040.5,56.105,80.588
1166.9,1039.7,55,79
1162.3,1037.9,55.55,79.79
1173.9,1039.9,55.55,79.79
1174.8,1040.4,53.916,77.443
1175.5,1040.8,52.331,75.166
1178.5,1042.6,52.854,75.917
1179.8,1042.5,54.455,78.218
1182.9,1043.3,52.854,75.917
1182.1,1040.8,51.299,73.685
1178.1,1040.1,51.299,73.685
1174.3,1039.5,50.792,72.955
1166.2,1034.9,50.792,72.955
1187.2,1041.3,52.331,75.166
1189.5,1043.1,51.812,74.422
1188.5,1043.4,50.289,72.233
1187.3,1042.5,49.298,70.81
1187.2,1041.5,48.326,69.414
1153.2,1042.8,46.905,67.373
1155.6,1044.3,46.441,66.706
1176.5,1047.7,45.075,64.744
1175,1048.3,44.187,63.468
1174.2,1048.9,42.887,61.602
1169.8,1047.9,43.749,62.84
1167.8,1046.9,44.629,64.103
1163.7,1044,45.981,66.045
1182.2,1046.2,47.374,68.047
1182,1045.1,47.374,68.047
1182.2,1046.5,47.848,68.727
1182.5,1044.8,48.326,69.414
1183.1,1043.1,49.791,71.518
1181.2,1040.7,50.289,72.233
1160.5,1025,51.812,74.422
1159,1025.7,51.812,74.422
1148.9,1040.3,53.382,76.677
1152.5,1042.4,52.331,75.166
1149.4,1040.7,53.382,76.677
1147.3,1041.1,52.331,75.166
1149.4,1042.3,51.812,74.422
1164.2,1041.6,50.792,72.955
1166.9,1041.6,51.299,73.685
1166.1,1041.5,52.331,75.166
1167.6,1043.1,50.792,72.955
1169,1042.8,50.792,72.955
1169.5,1041.6,50.289,72.233
1170.7,1039.8,50.792,72.955
1174.8,1043.2,49.791,71.518
1176.5,1043,49.298,70.81
1152.1,1043.5,50.792,72.955
1153.3,1044.2,49.298,70.81
1150.1,1042,50.792,72.955
1142.6,1037.5,50.792,72.955
1162,1041,51.299,73.685
1160.6,1039.7,52.331,75.166
1163.6,1040.9,53.916,77.443
1164.1,1039.5,55,79
1172,1041.2,53.382,76.677
1172.3,1040.4,54.455,78.218
1173.3,1039.2,55.55,79.79
1177.7,1040.6,53.916,77.443
1180.8,1041.3,53.916,77.443
1183.7,1040.6,53.382,76.677
1185.5,1035,54.455,78.218
1165.6,1043.4,55,79
1156.9,1035.4,56.105,80.588
1167.2,1039.1,56.667,81.394
1199.1,1040.4,55.55,79.79
1198.4,1041.1,55,79
1198.9,1041.5,54.455,78.218
1175.9,1039.9,52.854,75.917
1176.8,1040.3,52.854,75.917
1181.3,1040.8,52.331,75.166
1184.4,1042.7,52.854,75.917
1181.9,1040.4,52.331,75.166
1185.8,1041.4,51.812,74.422
1184.7,1040.5,52.331,75.166
1186.7,1041.4,50.792,72.955
1188.6,1039.4,50.289,72.233
1190.2,1039.6,50.792,72.955
1190.6,1040.3,51.299,73.685
1189.2,1040.1,50.792,72.955
1186,1040.8,50.289,72.233
1183.9,1041.1,48.81,70.108
1181,1042.9,48.326,69.414
1182.6,1045.4,46.905,67.373
1186.3,1046,46.905,67.373
1183.4,1046.8,45.526,65.391
1179.7,1046.8,44.187,63.468
1155.1,1049.7,43.749,62.84
1145.6,1043.7,43.749,62.84
1135,1048.2,42.463,60.992
1126.4,1026.9,42.042,60.388
1125.8,1027.1,41.626,59.79
1153.5,1051.3,41.214,59.198
1150.1,1049.3,42.042,60.388
1146,1049,41.626,59.79
1144.8,1048,42.042,60.388
1148.6,1047.1,43.316,62.218
1141.7,1044.5,42.042,60.388
1153.7,1048.6,42.887,61.602
1154,1045.3,42.463,60.992
1152.9,1048.6,43.749,62.84
1149.9,1050.3,42.463,60.992
1153.2,1048.4,41.626,59.79
1153.2,1048.1,42.463,60.992
1152.7,1043.7,43.749,62.84
1148.2,1046,45.075,64.744
1149.3,1046.8,44.629,64.103
1147.8,1045.1,45.981,66.045
1150.3,1046.1,45.526,65.391
1147.6,1045.5,46.905,67.373
1145.4,1042.8,48.326,69.414
1145.4,1042.4,49.298,70.81
1141.7,1041,50.792,72.955
1139.5,1040.3,50.792,72.955
1140.3,1041.5,50.792,72.955
1144.7,1044.9,49.298,70.81
1138.8,1034.9,47.848,68.727
1141.9,1039.8,48.81,70.108
1147.9,1044,47.848,68.727
1148.7,1044.7,47.374,68.047
1151.4,1045.4,45.981,66.045
1152,1044.7,47.374,68.047
1150.1,1042.6,46.905,67.373
1151.4,1042.5,47.848,68.727
1151.6,1044.9,46.441,66.706
1152.8,1047.4,45.075,64.744
1152.5,1049.3,43.749,62.84
1145.8,1047.9,42.887,61.602
1145.4,1047.8,42.042,60.388
1178.4,1047.4,40.806,58.612
1181.6,1050.3,40.806,58.612
1180.9,1048.5,41.626,59.79
1167.4,1050.8,40.402,58.032
1168.4,1052.2,39.214,56.325
1161.4,1047.5,39.606,56.888
1161.9,1049.9,40.806,58.612
1160.1,1047.6,42.042,60.388
1156.7,1047.2,43.316,62.218
1159.2,1040.9,43.749,62.84
1163.1,1044.1,45.075,64.744
1160.1,1046.4,45.075,64.744
1157.3,1046.4,45.981,66.045
1155.7,1048.1,44.629,64.103
1151.1,1048.1,43.749,62.84
1148.1,1049.7,42.887,61.602
1143.3,1046.5,44.187,63.468
1134.1,1046.4,45.526,65.391
1145.1,1044.1,45.526,65.391
1145.4,1046.1,44.629,64.103
1146,1047.9,45.526,65.391
1134.3,1034.6,44.629,64.103
1141.5,1048.9,45.526,65.391
1134.4,1046.2,44.187,63.468
1129.2,1044.8,44.629,64.103
1126.8,1046.8,45.075,64.744
1120.8,1046.8,45.981,66.045
1129.6,1045.2,46.905,67.373
1124.4,1044.7,47.848,68.727
1122.6,1046.1,46.905,67.373
1124.1,1047.3,45.526,65.391
1120.7,1043.6,46.905,67.373
1122.5,1048.6,45.526,65.391
1117.3,1046.1,45.981,66.045
1110.8,1046.8,45.075,64.744
1104.5,1044.9,46.441,66.706
1101.1,1044.9,47.374,68.047
1094.9,1043.8,48.81,70.108
1094.2,1044.7,47.848,68.727
1093.7,1044.3,48.326,69.414
1075.6,1043.5,47.374,68.047
1088.8,1034.2,46.441,66.706
1088.9,1040.4,46.441,66.706
1093.5,1048.5,45.075,64.744
1093,1043.1,45.981,66.045
1093,1043.7,45.526,65.391
1093.2,1047.8,44.187,63.468
1088.3,1048.5,43.749,62.84
1066.6,1046.7,43.749,62.84
1066,1046.6,43.749,62.84
1066.5,1047.1,43.316,62.218
1086.9,1043.9,42.042,60.388
1061.1,1049.3,42.887,61.602
1057.6,1049,41.626,59.79
1052,1047.1,42.463,60.992
1050.8,1050.1,41.214,59.198
1045.2,1050.6,40.402,58.032
1045.1,1044,39.606,56.888
1041.5,1049.3,38.441,55.215
1040.7,1051.2,38.825,55.767
1024.5,1050.6,40.002,57.457
1019.2,1052.1,38.825,55.767
1006.9,1050.8,40.002,57.457
1000.5,1051,38.825,55.767
998.29,1050.9,38.06,54.668
986.9,1051.1,39.214,56.325
986.53,1047.9,40.002,57.457
987.59,1052.3,39.214,56.325
964.82,1049.5,40.002,57.457
976.71,1050.2,40.402,58.032
977.62,1051.1,40.402,58.032
968.58,1048.6,41.214,59.198
961.32,1048.1,42.463,60.992
953.98,1047.5,41.626,59.79
944.92,1046.7,42.463,60.992
938.77,1045.8,43.316,62.218
930.97,1048.1,43.316,62.218
936.95,1047.6,42.042,60.388
917.42,1039,42.887,61.602
912.33,1040.9,43.749,62.84
909.27,1044.5,44.629,64.103
914.16,1044.9,43.749,62.84
904.86,1047,43.749,62.84
902.43,1045.8,44.629,64.103
901.97,1047.6,43.316,62.218
895.59,1047.5,43.316,62.218
891.3,1048.7,43.316,62.218
884.53,1047.9,43.749,62.84
884.72,1047.5,42.887,61.602
863.44,1043.6,42.463,60.992
860.14,1045.2,42.463,60.992
859.66,1049.1,41.214,59.198
854.21,1047.4,42.042,60.388
852.08,1049,40.806,58.612
848.84,1051.6,41.214,59.198
851.78,1053.4,40.806,58.612
843.51,1048.5,42.042,60.388
840.35,1048.6,41.214,59.198
836.24,1047.1,42.463,60.992
836.54,1046.9,41.626,59.79
831.9,1045.5,42.887,61.602
830.7,1048.1,43.316,62.218
827.02,1046.5,44.629,64.103
827.27,1048.4,43.316,62.218
793.01,1047.1,43.749,62.84
782.95,1049.2,42.887,61.602
786.51,1047.7,41.626,59.79
784.61,1049.3,41.626,59.79
782.28,1050.5,42.042,60.388
775.71,1047.1,43.316,62.218
774.23,1047.5,43.316,62.218
795.74,1047.8,42.463,60.992
774.92,1048.8,41.626,59.79
776.93,1046.8,42.042,60.388
772.83,1045.9,43.316,62.218
769.94,1047.1,44.187,63.468
768.32,1047.9,45.075,64.744
766.44,1048,45.075,64.744
761.33,1047.5,45.981,66.045
757.8,1046.1,45.981,66.045
757.73,1048.7,44.629,64.103
754.1,1044,45.526,65.391
760.78,1043.3,45.981,66.045
760.87,1045.3,45.981,66.045
760.49,1048,44.629,64.103
757.69,1049.4,43.316,62.218
753.04,1047.4,44.187,63.468
748.51,1032.4,43.316,62.218
741.07,1049.3,42.887,61.602
758.45,1045.6,42.887,61.602
760.03,1046.2,43.316,62.218
739.46,1046.5,42.463,60.992
738.74,1046.1,43.749,62.84
736.95,1045.6,44.187,63.468
732.63,1045.1,44.629,64.103
762.5,1047.9,45.075,64.744
744.36,1045.8,45.526,65.391
742.99,1047.9,44.187,63.468
740.84,1047.6,44.629,64.103
740.35,1046.7,45.526,65.391
753.52,1041.2,46.441,66.706
728.43,1046.7,47.374,68.047
727.29,1046.6,46.905,67.373
748.81,1047.9,46.905,67.373
725.18,1030.1,47.374,68.047
728.14,1040.3,48.81,70.108
730.35,1043.4,49.298,70.81
728.36,1042.3,50.792,72.955
732.25,1033.4,51.812,74.422
735.53,1035,51.299,73.685
740.33,1040.7,51.812,74.422
735.56,1040.2,52.331,75.166
736.21,1040.4,50.792,72.955
738.39,1040.7,50.289,72.233
739.61,1041.5,48.81,70.108
738.43,1046.3,47.374,68.047
735.21,1047.2,45.981,66.045
739.95,1049.9,45.075,64.744
731.78,1018.5,44.629,64.103
731.08,1009,43.316,62.218
735.34,1011.1,42.042,60.388
737.11,1010.3,42.887,61.602
745.03,1014.3,41.626,59.79
755.04,1022.9,42.042,60.388
745.21,1046.5,42.887,61.602
762.76,1048.4,41.626,59.79
764.06,1051.1,40.806,58.612
766.6,1052.9,39.606,56.888
769.04,1053.3,38.825,55.767
769.8,1052.6,38.06,54.668
777.07,1050.9,36.941,53.061
779.57,1050.9,36.575,52.535
772.7,1054.3,35.854,51.5
775.46,1053.6,36.575,52.535
777.88,1054.4,36.575,52.535
781.65,1058,35.5,50.99
784.55,1059,34.455,49.491
769.76,1054.7,33.442,48.035
778.84,1050.9,33.111,47.559
783.81,1054.4,32.137,46.161
783.34,1054.8,31.819,45.704
789.44,1054.8,31.504,45.251
792.93,1055.1,31.504,45.251
802.48,1056.8,31.504,45.251
784.81,1055.1,30.883,44.36
805.45,1058.1,29.975,43.055
794.56,1057.4,30.577,43.92
798.34,1054.7,30.275,43.486
806.42,1041.1,29.678,42.629
811.5,1047.3,28.805,41.375
803.6,1029.9,28.52,40.965
799.86,1035.9,29.093,41.789
809.48,1032.7,29.093,41.789
824.91,1058.7,29.678,42.629
824.77,1057.4,29.975,43.055
828.78,1060.4,29.678,42.629
831.33,1060.8,28.805,41.375
840.15,1056,29.093,41.789
843.93,1056.8,29.678,42.629
847.11,1056.7,30.577,43.92
845.78,1055.5,31.504,45.251
849.13,1055.8,32.137,46.161
852.34,1056,32.783,47.089
856,1057.4,32.137,46.161
857.74,1058.1,32.459,46.622
857.89,1056.7,31.504,45.251
862.58,1059.2,30.577,43.92
865.71,1058.3,30.577,43.92
865.87,1057.9,31.504,45.251
870.44,1058.1,30.883,44.36
884.25,1056.1,30.883,44.36
882.32,1057.1,31.819,45.704
886.72,1057,31.819,45.704
892.67,1057.9,31.504,45.251
897.18,1057.2,30.883,44.36
908.55,1057.7,30.883,44.36
908.34,1054.7,30.883,44.36
902.05,1054.4,31.819,45.704
907.11,1051.8,32.137,46.161
921.31,1054.3,32.137,46.161
917.43,1057.4,32.783,47.089
915.03,1057.2,32.783,47.089
927.65,1057.1,32.459,46.622
931.93,1056.4,33.111,47.559
929.61,1058.2,32.137,46.161
934.55,1058.2,32.459,46.622
939.33,1056.5,31.504,45.251
944.57,1056.8,32.459,46.622
952.06,1056.9,31.504,45.251
957.23,1055.5,32.459,46.622
960.74,1056.3,31.819,45.704
966.67,1057,31.819,45.704
965.66,1054.7,32.783,47.089
969.33,1055.3,32.459,46.622
972.23,1052.9,33.442,48.035
986.27,1052,33.442,48.035
976.26,1053.9,33.111,47.559
981.53,1052.5,34.114,49.001
978.29,1041.1,33.111,47.559
983.19,1038.8,33.111,47.559
997.87,1045.8,33.777,48.515
1003.9,1049.4,34.114,49.001
1007.6,1049.4,34.8,49.985
1011.2,1053.5,35.854,51.5
1013.6,1053.4,36.575,52.535
1015.7,1052.7,37.683,54.127
1014.2,1037.1,38.441,55.215
1035.2,1052.9,37.31,53.591
1038.6,1050.6,37.683,54.127
1043.3,1050,36.941,53.061
1042.8,1053.5,37.31,53.591
1029.8,1049.5,36.213,52.015
1029.9,1035.5,36.213,52.015
1034.1,1036.3,36.941,53.061
1047.6,1055.1,38.06,54.668
1053.4,1048.5,38.825,55.767
1058.7,1050.3,38.441,55.215
1064.2,1050.6,37.31,53.591
1068.2,1050.3,38.06,54.668
1068.8,1047.8,38.441,55.215
1067.7,1043,39.606,56.888
1060.9,1052.6,38.825,55.767
1062.1,1052.4,38.06,54.668
1060.7,1051.2,36.941,53.061
1055.7,1048.7,35.854,51.5
1054.2,1054.2,35.5,50.99
1046.1,1053.4,35.5,50.99
1041.9,1054.8,35.854,51.5
1030.2,1055.8,36.575,52.535
1033.8,1053.3,35.854,51.5
1026.7,1051.8,36.941,53.061
1016.8,1052.6,35.854,51.5
1006.5,1054.8,35.148,50.485
1018.8,1056.4,34.114,49.001
985.45,1055.4,34.114,49.001
975.09,1054,34.114,49.001
965.02,1056.6,34.114,49.001
955.61,1056.8,34.114,49.001
934.74,1042.7,35.148,50.485
934.02,1053,36.213,52.015
924.5,1052.7,35.5,50.99
921.95,1041.7,34.8,49.985
909,1055.6,33.777,48.515
906.78,1056.4,34.455,49.491
893.5,1053.3,33.442,48.035
891.44,1056.6,32.459,46.622
878.27,1057.9,31.504,45.251
872.14,1057.1,31.819,45.704
870.46,1055.2,32.459,46.622
873.37,1057.4,32.783,47.089
869.83,1048.3,32.137,46.161
867.93,1051.5,33.111,47.559
867.44,1053.6,33.777,48.515
867.32,1055.6,33.111,47.559
863.66,1055.4,32.137,46.161
859.04,1052.8,32.783,47.089
858.31,1057.4,32.137,46.161
858.94,1038.9,31.819,45.704
858.99,1054.5,31.819,45.704
860.9,1056.1,31.504,45.251
860.6,1057.3,31.819,45.704
859.65,1056.6,32.783,47.089
870.78,1057.3,33.111,47.559
870.16,1054,32.783,47.089
866.78,1053.5,33.777,48.515
865.74,1053.4,34.455,49.491
861.99,1038.1,33.442,48.035
863.09,1041.2,33.777,48.515
863.12,1041.4,33.777,48.515
864.6,1043.9,34.455,49.491
866.68,1054.7,34.114,49.001
850.63,1054.1,35.148,50.485
849.84,1055.3,34.455,49.491
849.7,1056.2,33.777,48.515
841.86,1050.4,34.114,49.001
840.67,1053.1,35.148,50.485
840.94,1053.1,36.213,52.015
841.6,1054.1,35.5,50.99
840.16,1055.4,34.8,49.985
835.91,1054.8,35.5,50.99
829.8,1055,35.148,50.485
824.06,1055.9,34.8,49.985
816.89,1055,35.148,50.485
809.15,1054.9,35.854,51.5
803.97,1053.4,36.213,52.015
800.42,1054.4,35.148,50.485
794.37,1054.2,35.854,51.5
788.93,1053.3,36.575,52.535
788.41,1053.8,35.5,50.99
761.34,1033.9,36.213,52.015
756.48,1034.3,36.941,53.061
754.11,1036.7,36.575,52.535
762.18,1052.1,35.5,50.99
738.33,1051.3,36.575,52.535
737.35,1053.2,35.854,51.5
733.63,1054.5,35.5,50.99
749.76,1052.7,36.213,52.015
746.27,1053.3,36.575,52.535
721.75,1053.5,36.213,52.015
719.37,1055.3,35.148,50.485
713.08,1055.5,35.148,50.485
708.69,1056,35.5,50.99
705.03,1056.2,34.455,49.491
704.51,1055.2,34.8,49.985
703,1054.9,34.8,49.985
701.49,1054.9,35.148,50.485
700.75,1055.6,34.455,49.491
694.28,1052.1,35.148,50.485
693.63,1053,34.8,49.985
692.02,1055.1,34.8,49.985
690.38,1048.2,35.5,50.99
694.37,1052.5,35.5,50.99
701.54,1054,36.213,52.015
686.67,1055.3,35.148,50.485
685.38,1055.4,36.213,52.015
694.51,1054.7,35.5,50.99
693.16,1053.5,36.575,52.535
694.31,1054.7,36.213,52.015
679.59,1053.9,36.575,52.535
700.06,1049.1,36.213,52.015
705.14,1052.8,35.5,50.99
707.63,1053.8,35.5,50.99
684.76,1053.1,34.455,49.491
701.93,1054,34.114,49.001
704.36,1055.1,34.455,49.491
696.75,1056,33.777,48.515
710.09,1057,32.783,47.089
708.71,1052.4,33.777,48.515
713.23,1053.6,32.783,47.089
717.57,1053.4,33.111,47.559
721.34,1054.9,33.777,48.515
723.79,1057.9,33.111,47.559
722.73,1059.3,32.459,46.622
717.68,1056.7,33.442,48.035
713.11,1056.5,34.114,49.001
715.49,1056.7,33.111,47.559
707.73,1052,33.442,48.035
709.63,1056.3,34.114,49.001
709.93,1057,33.111,47.559
709.52,1058,32.783,47.089
711.24,1055.7,31.819,45.704
714.5,1056.9,30.883,44.36
716.95,1058.6,29.975,43.055
721.28,1060.1,29.093,41.789
711.15,1058.9,29.975,43.055
737.19,1059,29.384,42.207
735.71,1058,30.275,43.486
737.8,1058.7,29.678,42.629
738.77,1059.1,29.093,41.789
720.73,1058.8,29.384,42.207
722.22,1059.9,28.805,41.375
720.23,1059.3,28.238,40.56
723.15,1057.9,28.805,41.375
706.08,1058.2,28.805,41.375
703.83,1057.6,29.093,41.789
690.47,1058.8,28.238,40.56
688.24,1057.3,29.093,41.789
686.47,1056.7,29.975,43.055
685.78,1056.5,29.384,42.207
683.69,1058.6,29.678,42.629
680.56,1054.4,30.275,43.486
680.11,1058.7,29.384,42.207
670.44,1058.9,29.678,42.629
656.19,1055.4,29.975,43.055
654.93,1057.3,30.577,43.92
651.43,1057.3,31.504,45.251
651.2,1056.7,30.577,43.92
649.39,1057.3,31.504,45.251
647.08,1057.6,32.137,46.161
643.66,1057.7,31.819,45.704
640.99,1055.7,32.137,46.161
631.24,1056.8,31.504,45.251
631.92,1058.9,30.577,43.92
617.48,1053.7,31.504,45.251
616.99,1055.9,32.459,46.622
618.78,1056.1,31.819,45.704
606.8,1056.7,31.192,44.803
613.51,1054,31.504,45.251
606.58,1054,31.819,45.704
607.23,1058.5,30.883,44.36
602.42,1057.4,30.577,43.92
597.52,1058.4,30.577,43.92
594.81,1058.3,30.883,44.36
590.75,1056.7,30.883,44.36
584.5,1048.8,30.577,43.92
585.8,1054.9,31.192,44.803
584.64,1054.8,31.819,45.704
575.61,1057.9,31.192,44.803
572.66,1057.3,31.504,45.251
569.88,1056.6,32.137,46.161
567,1056,33.111,47.559
560.51,1054.7,33.442,48.035
559.03,1056,34.455,49.491
556.06,1056.9,34.114,49.001
551.51,1053.8,34.455,49.491
548.98,1051.5,35.5,50.99
555.64,1055.7,36.213,52.015
552,1054.6,36.575,52.535
545.19,1053.5,37.683,54.127
543.44,1054.5,36.941,53.061
538.9,1055.1,37.683,54.127
529.35,1052,38.06,54.668
532.47,1051.6,36.941,53.061
525.97,1052,36.213,52.015
533.4,1055.8,35.148,50.485
533.61,1056.6,34.455,49.491
533.68,1056.4,34.8,49.985
533.37,1057,33.777,48.515
532.72,1057.9,32.783,47.089
530.7,1055.9,33.777,48.515
530.5,1056.5,33.777,48.515
532.04,1057.6,33.442,48.035
529.39,1055.5,34.455,49.491
530.95,1056.5,34.455,49.491
535.18,1053.3,33.777,48.515
536.57,1054.6,34.455,49.491
528.08,1056.9,35.148,50.485
529.61,1053.3,35.148,50.485
534.01,1054,36.213,52.015
528.75,1054.2,36.941,53.061
525.65,1056.8,35.854,51.5
524.66,1056.8,34.8,49.985
523.26,1057.2,33.777,48.515
524.03,1057.2,33.111,47.559
522.33,1057.6,33.111,47.559
524.6,1055.9,33.442,48.035
526.89,1055.5,33.777,48.515
528.55,1056.6,32.783,47.089
529.05,1056,33.777,48.515
532.28,1056.5,34.455,49.491
522.31,1047.7,35.148,50.485
527.77,1053.2,36.213,52.015
531.66,1053.7,37.31,53.591
535.38,1054.1,38.06,54.668
539.3,1055,36.941,53.061
541.82,1054.6,37.683,54.127
544.8,1053.2,38.06,54.668
551.51,1053.5,39.214,56.325
555.13,1054.2,38.06,54.668
562.29,1054.6,37.31,53.591
568.42,1053.2,37.31,53.591
578.38,1054.1,36.575,52.535
584.05,1054.4,37.31,53.591
588.44,1054,38.06,54.668
572.37,1051.1,38.825,55.767
579.49,1051.9,37.683,54.127
605.05,1049.9,38.825,55.767
598.97,1054.7,37.683,54.127
605.36,1050.7,36.941,53.061
613.93,1048.6,36.575,52.535
620.59,1053.9,36.213,52.015
623.6,1055.2,35.5,50.99
624.38,1057,34.455,49.491
622.12,1056.6,34.114,49.001
608.02,1056.1,34.8,49.985
602.25,1055.9,34.114,49.001
594.94,1056.3,34.455,49.491
582.64,1056,35.148,50.485
573.41,1054.6,35.854,51.5
557.85,1056.1,34.8,49.985
537.55,1053.4,35.854,51.5
536.39,1053.5,36.213,52.015
524.3,1054.9,35.5,50.99
515.63,1054.3,36.575,52.535
513.36,1054.1,36.213,52.015
495.85,1052,37.31,53.591
489.62,1051.4,38.06,54.668
487.92,1053.3,37.683,54.127
499.73,1055.3,36.575,52.535
491.48,1056.3,35.5,50.99
482.45,1055.6,36.575,52.535
478.41,1055.4,36.213,52.015
474.2,1054.8,36.213,52.015
469.78,1055.7,35.148,50.485
463.52,1054.6,35.148,50.485
461.89,1055.8,34.8,49.985
453.86,1055.5,35.148,50.485
449.67,1056.5,35.148,50.485
441.77,1056.6,34.455,49.491
434.84,1056.2,34.114,49.001
436.08,1055.4,35.148,50.485
418.62,1054.7,35.148,50.485
419.04,1054.3,35.5,50.99
424.13,1054.9,34.8,49.985
404.48,1056.1,33.777,48.515
383.54,1055.6,32.783,47.089
386.58,1056,33.111,47.559
381.37,1055,33.442,48.035
373.51,1056.4,32.783,47.089
373.77,1056.6,32.783,47.089
385.68,1030.5,33.111,47.559
367.63,1030.3,33.111,47.559
359.35,1055.1,32.459,46.622
331.7,1051.1,33.442,48.035
306.61,1054.7,33.777,48.515
307.58,1043.5,34.455,49.491
263.59,1004.4,35.148,50.485
233.28,996.76,35.148,50.485
220.73,1015.4,35.854,51.5
218.82,1018.6,35.5,50.99
209.1,1035.6,34.8,49.985
202.07,1057.2,33.777,48.515
204,1054,32.783,47.089
203.93,1054.7,32.137,46.161
204.5,1052.5,31.192,44.803
204.62,1053.2,30.883,44.36
206.18,1050.8,29.975,43.055
205.61,1061.1,30.275,43.486
207.24,1057.3,29.384,42.207
207.9,1062.1,29.384,42.207
206.68,1054.2,29.975,43.055
208.11,1057.6,29.093,41.789
210.02,1057,28.238,40.56
210.84,1058,27.407,39.367
210.84,1061.5,27.136,38.977
211.08,1058.7,26.601,38.209
213.92,1054.2,26.867,38.591
224.02,1049.8,26.077,37.456
241.87,1059.8,26.077,37.456
243.01,1059.3,26.338,37.831
243.36,1061.4,26.338,37.831
243.04,1058.5,26.867,38.591
243,1059.6,27.407,39.367
231.67,1052.4,26.601,38.209
242.55,1034,26.867,38.591
244.58,1037.6,26.601,38.209
244.56,1038.5,27.136,38.977
246.87,1041,26.867,38.591
249.76,1042.9,27.407,39.367
253.95,1045.7,26.867,38.591
258.1,1047,26.338,37.831
263.44,1048.8,26.338,37.831
268.58,1050.3,27.136,38.977
274.76,1052.4,26.867,38.591
280.06,1054,26.338,37.831
284.89,1055.8,27.136,38.977
291.39,1058.9,26.601,38.209
297.4,1061.3,25.819,37.085
302.59,1061.8,25.563,36.718
307.8,1059.3,26.077,37.456
314.18,1060.7,25.563,36.718
321.61,1068.5,26.077,37.456
328.23,1069.4,25.819,37.085
334.94,1072.4,26.077,37.456
341.52,1057,26.867,38.591
348.87,1057.8,27.407,39.367
354.16,1058,27.681,39.761
359.35,1056.7,27.681,39.761
365.14,1055.8,28.52,40.965
367.96,1054.2,29.093,41.789
370.63,1055.3,29.975,43.055
372.57,1054.7,30.275,43.486
375.81,1058,31.192,44.803
377.86,1054.6,31.192,44.803
381.23,1057.2,30.883,44.36
384.43,1055.2,29.975,43.055
387.64,1055.4,29.678,42.629
387.95,1057,30.275,43.486
393.84,1054.9,29.678,42.629
395.37,1054.2,30.275,43.486
400.12,1055.2,29.678,42.629
403.02,1058,29.093,41.789
408.23,1053.1,29.384,42.207
410.59,1054.4,29.678,42.629
414.09,1057,29.678,42.629
416.58,1053.9,29.975,43.055
418.8,1055.3,29.093,41.789
422.08,1058.5,28.52,40.965
425.52,1057.5,27.681,39.761
428.5,1057.8,27.681,39.761
430.49,1055.2,27.958,40.158
433.97,1057.6,27.681,39.761
436.32,1058.3,26.867,38.591
440.99,1056.7,26.338,37.831
443.45,1059.5,25.563,36.718
445.94,1057.3,26.338,37.831
448.87,1058.1,26.867,38.591
451.72,1057.6,27.136,38.977
454.76,1057.7,27.681,39.761
457.87,1056.3,27.958,40.158
461.2,1056.6,27.136,38.977
463.83,1058.1,26.867,38.591
465.8,1059.2,26.077,37.456
467.94,1057.1,26.338,37.831
470.93,1058.8,25.819,37.085
473.57,1060.6,25.06,35.995
474.23,1058.7,25.563,36.718
476.67,1059.5,24.811,35.638
478.2,1059.3,25.31,36.355
480.19,1060.6,24.566,35.285
482.2,1058.9,24.082,34.59
482.55,1059.5,24.323,34.936
484.44,1060.1,24.566,35.285
484.71,1060.5,25.06,35.995
485.64,1057.6,24.323,34.936
485.47,1058,24.811,35.638
486.88,1059.3,24.082,34.59
487.74,1060,23.607,33.909
488.05,1060,24.323,34.936
488.6,1060,24.566,35.285
488.79,1059.3,25.31,36.355
487.81,1060.2,25.31,36.355
488.19,1060.7,24.566,35.285
489.05,1057.4,25.31,36.355
488.1,1058.7,24.811,35.638
486.76,1060.7,24.082,34.59
480.39,1063,24.082,34.59
487.08,1059,24.323,34.936
470.37,1057.5,24.811,35.638
473.09,1058.9,24.082,34.59
471.69,1060.2,24.323,34.936
470.57,1061.9,24.811,35.638
485.87,1061.2,24.566,35.285
491.77,1032.3,25.06,35.995
490.31,1034.8,25.819,37.085
476.35,1031.6,26.077,37.456
475.42,1033.8,26.867,38.591
473.5,1037.2,27.681,39.761
472.36,1039.6,27.681,39.761
471.53,1042.1,28.52,40.965
464.68,1041.5,29.093,41.789
470.07,1047.4,28.805,41.375
470.12,1051,28.52,40.965
462.47,1042.5,29.093,41.789
469.58,1057.6,28.238,40.56
471.22,1060.8,28.52,40.965
469.74,1062.6,28.52,40.965
456.77,1058.2,28.52,40.965
457.85,1057.2,27.958,40.158
457.3,1058.8,28.52,40.965
463.1,1059.2,27.681,39.761
464.18,1058.8,27.136,38.977
488.26,1058.9,26.601,38.209
492.07,1057,27.407,39.367
502.06,1055.7,28.238,40.56
505.65,1058,28.238,40.56
513.07,1055.3,27.958,40.158
504.43,1059,27.407,39.367
515.99,1056.2,27.958,40.158
519.63,1056.8,27.958,40.158
514.53,1056.4,27.958,40.158
516.04,1057.3,28.805,41.375
530.37,1053.5,29.093,41.789
514.22,1053,29.384,42.207
516.34,1054.1,29.975,43.055
519.5,1056.1,29.975,43.055
496.19,1054.7,29.975,43.055
497.78,1057.1,29.975,43.055
477.05,1053.9,29.384,42.207
484.49,1057.9,28.52,40.965
484.36,1058.1,28.238,40.56
494.66,1055.1,29.093,41.789
496.54,1055.6,29.975,43.055
489.36,1056.8,30.577,43.92
469.09,1056.3,29.678,42.629
472.39,1056.3,29.384,42.207
474.16,1057.3,28.805,41.375
460.8,1057.3,27.958,40.158
455.93,1057.6,27.136,38.977
460.45,1059.1,26.601,38.209
465.46,1057.7,26.077,37.456
477.48,1059.4,25.563,36.718
500.13,1059,25.563,36.718
486.62,1060,24.811,35.638
491.3,1056.5,24.323,34.936
495.41,1059.4,24.323,34.936
499.28,1061.4,23.607,33.909
504.48,1060.5,24.082,34.59
509.86,1062.6,24.566,35.285
513.64,1063.2,25.06,35.995
497.75,1059.9,24.323,34.936
496.09,1063,23.607,33.909
475.4,1058.7,24.082,34.59
472.09,1060.8,24.323,34.936
476.71,1058.3,24.082,34.59
482.4,1060.7,23.374,33.573
486.13,1063.2,23.843,34.248
466.43,1059.3,24.566,35.285
470.85,1059.9,25.31,36.355
485.59,1060.2,24.566,35.285
477.07,1058.1,24.082,34.59
477.83,1059.7,24.566,35.285
480.6,1061.7,24.811,35.638
487,1060.3,24.323,34.936
492.78,1060.8,24.566,35.285
507.24,1060.7,24.566,35.285
516.74,1046.7,24.082,34.59
519.23,1051.6,24.323,34.936
522.79,1051.7,24.811,35.638
526.43,1055.1,24.811,35.638
528.64,1058,25.06,35.995
534.55,1059.5,24.566,35.285
534.93,1061.8,23.843,34.248
545.38,1060.4,24.566,35.285
519.12,1057.9,24.811,35.638
516.88,1051.9,24.566,35.285
511.8,1033.7,24.566,35.285
525.43,1038.5,24.566,35.285
526.41,1041.1,24.811,35.638
529.12,1037.6,25.06,35.995
521.59,1042.4,25.31,36.355
535.7,1044.1,25.06,35.995
526.64,1046,25.06,35.995
530.07,1048.5,24.323,34.936
513.21,1045.7,24.566,35.285
502.65,1038.6,24.082,34.59
500.47,1037.5,23.374,33.573
502.13,1042,23.607,33.909
491.29,1061.3,23.843,34.248
475.37,1052.4,24.566,35.285
459.86,1047.7,24.323,34.936
469.95,1040.6,24.811,35.638
476.34,1058.4,25.563,36.718
482.22,1061.1,24.811,35.638
481.11,1041.1,24.566,35.285
464.43,1034.8,24.566,35.285
453.76,1025.4,24.566,35.285
455.75,1025.3,25.06,35.995
458.03,1027.9,24.811,35.638
457.35,1033.3,24.082,34.59
443.44,1022.9,24.566,35.285
460.02,1036.4,24.811,35.638
455.88,1049.9,24.811,35.638
443.63,1057.2,25.06,35.995
451.91,1059.7,25.819,37.085
458.35,1059.9,26.601,38.209
443.37,1058.4,25.819,37.085
433.11,1059.7,25.819,37.085
437.54,1049.9,25.06,35.995
448.1,1058.9,24.566,35.285
433.26,1062.1,24.811,35.638
430.17,1058.9,24.566,35.285
437.68,1060.8,24.323,34.936
434.93,1062,24.566,35.285
422.38,1055.5,24.323,34.936
420.25,1053.9,24.082,34.59
416.54,1063.5,23.607,33.909
403.32,1058.7,23.607,33.909
394,1059.3,23.607,33.909
395.63,1061.6,24.323,34.936
402.23,1061.6,24.566,35.285
415.98,1059.7,23.843,34.248
414.95,1061.3,23.843,34.248
414.11,1060.7,23.142,33.241
419.9,1062.1,23.843,34.248
434.98,1062.5,23.374,33.573
421.25,1055.4,22.686,32.586
424.98,1058.7,22.019,31.627
426.69,1063.5,21.585,31.004
428.77,1063.6,20.95,30.092
429.75,1066.2,20.334,29.207
444.7,1061.8,19.736,28.348
440.89,1061.2,20.334,29.207
430.59,1062.1,20.95,30.092
418.21,1060.9,20.743,29.794
421.06,1064.1,20.537,29.499
419.01,1058.6,19.933,28.632
428.78,1059.8,19.736,28.348
429.05,1066.9,19.933,28.632
413.41,1062.4,19.933,28.632
417.26,1065.7,19.933,28.632
423.08,1063.5,20.537,29.499
414.63,1041.6,20.743,29.794
416.54,1046.9,20.743,29.794
420.06,1054.3,20.95,30.092
425.33,1048.2,20.537,29.499
425.37,1065,20.334,29.207
428.07,1063.8,20.133,28.918
423.07,1061.9,20.334,29.207
415.91,1064.5,19.736,28.348
410.61,1058.4,19.347,27.79
413,1065.6,18.778,26.972
406.33,1065.9,18.778,26.972
397.85,1067.6,19.156,27.514
402.29,1067,19.347,27.79
403.66,1063.3,19.933,28.632
414.54,1064.2,20.133,28.918
408.31,1064.4,20.537,29.499
393.18,1062.2,21.16,30.393
381.35,1056.5,20.743,29.794
375.63,1062.9,20.537,29.499
375.61,1063,20.133,28.918
381.97,1060.3,20.743,29.794
378.28,1064.5,20.334,29.207
392.37,1062.8,20.743,29.794
388.03,1062.3,20.133,28.918
411.11,1063.3,20.334,29.207
416.48,1064.9,19.933,28.632
413.77,1063.9,20.133,28.918
412.56,1062.5,20.133,28.918
391.58,1058.1,20.133,28.918
382.88,1063.7,19.736,28.348
378.95,1064.6,19.156,27.514
369.96,1064,19.736,28.348
357.32,1065.9,19.156,27.514
356.95,1063.8,19.736,28.348
373.13,1062.6,20.334,29.207
370.58,1064.3,19.736,28.348
369.48,1064.8,19.736,28.348
366.94,1067.3,19.156,27.514
371.26,1058.1,19.347,27.79
372.65,1063.1,19.347,27.79
369.12,1064.5,18.778,26.972
376.12,1063.9,19.347,27.79
360.91,1065.2,18.778,26.972
374.81,1064.1,19.347,27.79
363.67,1054.8,19.541,28.068
363.67,1058.5,19.736,28.348
366.56,1064.5,19.156,27.514
356.32,1064.8,19.347,27.79
345.78,1059.9,19.736,28.348
330.82,1054.2,19.933,28.632
323.93,1049.5,20.133,28.918
306.68,1051.8,19.541,28.068
316.18,1061.3,19.736,28.348
317.75,1066,19.933,28.632
303.41,1065.2,20.133,28.918
313.85,1064.2,20.743,29.794
318.84,1061.6,20.133,28.918
295.8,1061.8,20.537,29.499
293.91,1062.3,20.95,30.092
278.51,1064,20.743,29.794
267.92,1062,21.371,30.697
271.94,1062.5,21.801,31.314
244.62,1063.7,21.371,30.697
240.64,1059.5,21.585,31.004
229.02,1055.1,21.801,31.314
238.84,1042.3,22.019,31.627
232.16,1060.5,22.239,31.943
235.07,1064,21.585,31.004
245.3,1061.3,21.585,31.004
254.81,1061,21.16,30.393
253.97,1059.3,21.801,31.314
257.13,1062.3,22.462,32.263
265.7,1058,22.019,31.627
279.93,1057.2,22.019,31.627
272.32,1054.7,21.585,31.004
272.53,1061.2,20.95,30.092
251.02,1058.1,20.743,29.794
254.74,1062.7,21.371,30.697
246.77,1062.5,20.95,30.092
255.62,1061.5,21.371,30.697
276.21,1062.4,21.585,31.004
269.32,1064,22.239,31.943
268.88,1061,22.019,31.627
263.78,1063,21.371,30.697
261.92,1061.6,22.019,31.627
268.63,1061.9,21.801,31.314
262.77,1061.6,21.585,31.004
264.04,1066.9,20.95,30.092
255.59,1062.7,20.537,29.499
246.85,1064.4,20.334,29.207
248.56,1061,20.537,29.499
242.4,1056.3,20.334,29.207
249.33,1063.8,20.537,29.499
241,1055.9,20.95,30.092
251.15,1064,20.743,29.794
244.53,1061.1,20.95,30.092
244.62,1057.9,20.743,29.794
251.52,1063.5,20.133,28.918
252.37,1063.6,19.736,28.348
253.25,1064.3,20.334,29.207
265.8,1070.6,20.334,29.207
254.2,1065.3,20.334,29.207
254.5,1065.2,20.537,29.499
249.18,1062.9,20.334,29.207
249.67,1063.7,19.933,28.632
249.4,1063.9,20.334,29.207
250.27,1063.8,20.133,28.918
250.9,1064.2,20.133,28.918
257.78,1071.1,19.933,28.632
252.6,1066.2,20.334,29.207
258.78,1071.8,19.736,28.348
258.76,1072.2,19.736,28.348
259.82,1073.9,19.541,28.068
253.85,1064.6,19.347,27.79
253.52,1060.5,19.156,27.514
254.24,1073.8,18.592,26.705
254.77,1064.6,19.156,27.514
254.16,1067.2,18.778,26.972
254.51,1064.8,18.778,26.972
254.56,1067.1,18.226,26.179
258.66,1067.5,17.69,25.409
270.51,1066.7,17.867,25.663
265.1,1057,18.045,25.92
254.6,1048.6,18.226,26.179
251.96,1050.5,18.045,25.92
256.76,1061.2,17.515,25.158
247.11,1065.6,18.045,25.92
241.89,1072.9,18.226,26.179
233.55,1064.9,18.408,26.441
209.29,1065.5,18.226,26.179
210.63,1066.1,17.867,25.663
209.93,1064.2,18.045,25.92
209.59,1064,18.045,25.92
188.88,1065.8,18.226,26.179
190.01,1063.8,17.867,25.663
189.07,1054,18.045,25.92
190.88,1048.5,17.515,25.158
191.48,1040.2,17,24.418
183.59,1046.8,16.5,23.7
174.03,1049.9,16.831,24.176
168.6,1049.7,16.5,23.7
174.3,1048.1,16.831,24.176
180.09,1057.4,16.336,23.465
179.13,1064.5,16.5,23.7
173.34,1067,16.336,23.465
194.07,1066.5,16.175,23.233
194.87,1067.3,15.699,22.549
192.8,1066.8,15.543,22.326
184.63,1070.3,15.086,21.669
179.35,1066.8,15.543,22.326
183.23,1067.3,15.699,22.549
186.66,1068.6,15.39,22.105
177.45,1068.2,14.937,21.455
174.63,1070.1,15.086,21.669
184.04,1067.8,14.789,21.243
179.88,1067.5,15.086,21.669
177.06,1067.7,15.39,22.105
179.38,1067.1,14.937,21.455
179.26,1068,14.937,21.455
188.43,1065.3,14.937,21.455
189.15,1069.4,14.789,21.243
178.22,1068.2,14.498,20.824
170.09,1068.5,14.071,20.212
169.15,1070.2,13.657,19.617
166.16,1066.4,14.071,20.212
165.13,1070.4,13.657,19.617
171.08,1066.1,13.932,20.011
161.25,1066.4,14.071,20.212
154.67,1067.9,14.498,20.824
147.4,1068.4,14.071,20.212
155.37,1068.3,14.498,20.824
156.09,1057.6,14.071,20.212
153.31,1054.9,13.932,20.011
144.76,1060.3,13.522,19.423
148.14,1058,13.794,19.813
144.37,1046.7,14.071,20.212
153.72,1056.5,14.354,20.618
138.78,1062.8,14.498,20.824
143.08,1064.6,14.354,20.618
135.02,1062.8,14.498,20.824
132.73,1067.6,14.789,21.243
134.91,1068.8,14.789,21.243
122.11,1068.3,15.086,21.669
125.78,1068.8,14.789,21.243
120.28,1067.5,15.086,21.669
126.27,1068.5,15.39,22.105
126.22,1068.2,14.937,21.455
125.91,1072.4,14.937,21.455
117.02,1067.6,14.498,20.824
119.45,1067.5,14.789,21.243
113.22,1063.2,15.086,21.669
108.38,1066.9,15.543,22.326
102.99,1065.7,15.39,22.105
92.027,1060.3,14.937,21.455
84.449,1054.2,14.789,21.243
78.286,1047.9,14.937,21.455
70.478,1054.3,15.086,21.669
71.369,1054.6,14.937,21.455
64.257,1061.9,14.498,20.824
65.278,1070.1,14.498,20.824
74.509,1067.8,14.071,20.212
65.155,1067.5,14.498,20.824
61.118,1068.7,14.937,21.455
55.228,1070.3,14.789,21.243
62.309,1067.6,14.789,21.243
58.131,1067.8,14.937,21.455
45.047,1064.7,15.086,21.669
41.469,1067.8,14.937,21.455
38.425,1067.7,14.937,21.455
40.922,1067.7,15.39,22.105
40.038,1067.7,15.856,22.775
34.156,1067.8,15.699,22.549
42.419,1066.6,15.856,22.775
39.862,1068.1,16.175,23.233
34.321,1067.5,15.856,22.775
35.084,1068.6,15.856,22.775
24.646,1065.5,15.856,22.775
23.215,1063.9,15.699,22.549
24.073,1073,15.856,22.775
21.333,1068.9,15.543,22.326
24.941,1068,15.39,22.105
28.388,1066.3,15.39,22.105
28.969,1068,15.086,21.669
16.316,1068,14.937,21.455
7.7065,1067,15.39,22.105
13.719,1067,15.699,22.549
15.066,1067.5,15.39,22.105
30.012,1068,15.086,21.669
28.294,1062.7,14.643,21.032
22.455,1068.7,14.212,20.414
8.5297,1069.2,14.354,20.618
3.3766,1067.2,14.071,20.212
-1.8407,1055.6,14.354,20.618
-1.7892,1057.2,14.354,20.618
-3.2176,1055.5,14.498,20.824
0.95966,1061,14.071,20.212
-5.5056,1064.1,14.354,20.618
-8.369,1071.1,13.932,20.011
-10.543,1059.7,13.522,19.423
-0.73962,1059.6,13.794,19.813
2.301,1063.1,13.388,19.231
1.4,1067.9,13.125,18.852
-0.78793,1068.8,13.388,19.231
0.70143,1068.5,13.388,19.231
2.9328,1070.6,13.125,18.852
-2.4296,1070.2,12.995,18.665
-0.15348,1067.7,12.995,18.665
6.6949,1065.9,13.125,18.852
4.7112,1068.7,13.388,19.231
5.9929,1068.5,12.995,18.665
6.1942,1068.8,13.125,18.852
4.9138,1068.1,13.522,19.423
5.8307,1067.8,13.794,19.813
1.5468,1068,14.071,20.212
3.1083,1066.9,14.498,20.824
4.0071,1067.6,14.789,21.243
5.0721,1067.8,14.354,20.618
7.288,1069.3,13.932,20.011
3.8379,1069.5,13.522,19.423
8.9656,1068.6,13.932,20.011
3.036,1068.1,14.071,20.212
6.136,1067.7,14.498,20.824
4.9717,1068.5,14.354,20.618
4.4669,1068.3,14.354,20.618
3.9397,1068,13.932,20.011
8.8789,1069.7,13.932,20.011
9.3899,1069.1,14.354,20.618
4.0618,1068.4,14.354,20.618
4.9046,1067.9,14.498,20.824
4.6838,1068.6,14.354,20.618
4.2259,1068,14.498,20.824
9.5924,1068.9,14.789,21.243
9.5391,1067.6,14.354,20.618
4.8196,1067.2,14.789,21.243
10.275,1068.3,14.354,20.618
5.965,1067.7,14.789,21.243
4.8353,1068.2,14.789,21.243
10.025,1068.6,14.789,21.243
6.9452,1066.6,15.086,21.669
4.571,1066.4,14.643,21.032
6.2268,1065.7,15.086,21.669
10.177,1067.1,15.543,22.326
5.7832,1065.5,15.856,22.775
5.6374,1065.1,15.699,22.549
9.948,1066.5,15.39,22.105
5.5713,1065.3,15.39,22.105
9.0168,1066.8,15.699,22.549
8.7512,1065,16.175,23.233
9.0287,1064.7,16.665,23.937
6.0348,1063.8,16.831,24.176
