1338,441,254,209
1341.3,434.4,256.16,210.77
1347.6,426.69,257.23,211.65
1362.7,422.81,250.71,206.29
1368,412.79,253.43,208.53
1373,401.91,253.64,208.7
1377.9,393.49,255.36,210.12
1382.8,385.7,255.38,210.13
1389.6,378.5,253.46,208.55
1396.1,369.92,252.69,207.92
1406.4,364.49,249.95,205.67
1408.1,354.34,249.91,205.63
1413,344.91,251.77,207.16
1417.7,336.32,253.24,208.38
1421.9,327.38,255.53,210.26
1427.2,318.9,255.42,210.17
1433,310.11,254.54,209.44
1439.6,304.06,255.42,210.17
1440.9,291.54,257.35,211.76
1446.8,285.4,256.83,211.33
1449.1,277.19,254.27,209.23
1443.2,266.02,254.59,209.49
1440.8,260.87,254.52,209.43
1435.9,259.17,255.1,209.9
1428.2,260.09,256.88,211.37
1419.3,264.63,260.7,214.51
1410.9,279.48,260.85,214.63
1400.7,296.33,261.93,215.52
1389.2,312.03,262.08,215.65
1377.8,330.67,264.86,217.94
1372.4,352.1,261.67,215.31
1361.1,370.94,261.27,214.98
1350.9,390.72,262.55,216.03
1337.9,408.74,264.56,217.69
1327.4,428.66,265.08,218.11
1318.1,450.24,264.76,217.85
1306.9,472.88,263.99,217.22
1294.8,492.87,263.79,217.06
1285.6,512.98,263.85,217.11
1281.6,535.87,262.73,216.18
1282.2,559.17,261.32,215.02
1279.8,580.67,262.31,215.83
1276.2,598.75,263.42,216.75
1273.9,619.09,264.28,217.46
1270.8,634.84,264.35,217.52
1268.1,644.79,262.3,215.83
1266.4,652.21,261.19,214.91
1263.9,656.16,261.76,215.39
1257.8,652.73,260.51,214.36
1255.8,645.71,260.78,214.58
1254.6,640.11,261.91,215.51
1248.4,633.22,260.66,214.48
1247.4,628.82,259.72,213.71
1239.3,619.71,260.33,214.21
1236.9,613.84,259.61,213.62
1231.1,607.55,258.39,212.61
1226.4,600.69,258.14,212.41
1221.2,594.9,257.04,211.5
1216.6,590.89,257.76,212.09
1209.5,582.94,257.43,211.82
1203.8,576.19,256.64,211.18
1200.8,573.1,255.4,210.15
1191.5,564.9,255.09,209.9
1188,561.29,254.19,209.16
1177.6,554,253.65,208.71
1172.3,548.42,255.16,209.95
1171.2,546.57,251.72,207.12
1157.3,536.48,252.72,207.94
1157.5,534.61,250.53,206.15
1146.8,529.92,250.36,206.01
1143.9,525.77,249,204.89
1135.6,520.33,246.66,202.96
1127.9,515.26,248,204.06
1117.5,506.98,248.78,204.7
1116.5,504.82,246.52,202.85
1104.8,499.31,248.01,204.07
1096.7,493.44,246.08,202.48
1093.8,490.23,248.37,204.37
1085.7,486.12,245.25,201.8
1073.4,480.01,246.41,202.75
1071.9,477.43,246.21,202.59
1062.9,472.95,244.85,201.47
1056.2,469.71,243.61,200.45
1044.8,462.69,244.03,200.8
1042.4,460.11,246.37,202.72
1030.9,453.63,247.51,203.66
1022.3,447.97,247.44,203.61
1014,442.82,249.36,205.18
1008.4,440.42,246.31,202.68
1003.1,438.89,247.94,204.01
992.68,433.7,245.75,202.21
984.74,429.42,247.32,203.51
977.15,425.22,249.09,204.96
969.28,422.05,248.32,204.33
967.93,422.61,246.14,202.53
956.64,418.73,247.18,203.39
945.28,413.67,247.25,203.45
937.91,409.87,249.76,205.51
932.99,408.49,246.77,203.05
928.64,409.26,245.06,201.65
913.49,402.3,249.41,205.22
910.51,400.89,247.09,203.31
899.94,397.24,248.18,204.21
899.84,397.96,247.13,203.35
888.56,393.15,246.72,203.01
888.5,393.48,246.52,202.84
881.18,390.88,247.25,203.45
871.76,385.9,248.5,204.47
872.74,387.41,246.21,202.59
865.39,386.18,243.87,200.67
855.85,382.52,243.17,200.09
850.22,379.73,245.35,201.88
844.97,377.84,245.52,202.02
837.67,375.46,247.23,203.43
833.88,373.47,245.69,202.16
825.15,371.79,247.12,203.34
822.09,369.85,246.99,203.23
819.28,372.31,244.12,200.87
812.84,371.72,240.51,197.9
809.39,372.42,238.45,196.2
804.41,372.28,236.61,194.69
795.11,366.67,237.83,195.69
796.81,368.38,237.6,195.5
788.96,364.06,236.88,194.92
785.72,361.19,240.24,197.67
788.16,363.05,238.51,196.25
784.24,362.78,237.27,195.23
778.13,358.38,236.7,194.76
774.78,355.36,240.39,197.8
777.9,357.89,236.92,194.95
772.61,354.18,237.12,195.11
772.03,351.79,238.44,196.19
778.48,354.82,235.26,193.58
780.01,352.21,234.48,192.94
785.88,353.85,233.77,192.35
792.71,353.8,232.22,191.08
796.71,351.98,234.06,192.59
802.97,351.18,233.57,192.19
809.77,351.09,232.14,191.01
813.58,350.96,230.13,189.36
815.86,349.36,231.88,190.8
820.03,348.4,231.73,190.68
821.06,346.06,234.08,192.61
824.76,345.15,233.83,192.41
827.96,344.56,233.68,192.28
830.24,344.37,232.8,191.56
828.47,340.69,234.44,192.9
832.35,341.79,233.5,192.13
836.06,341.61,231.84,190.77
836.94,341.53,231.42,190.42
835.98,339.26,233.93,192.48
836.66,339.04,233.62,192.23
836.07,338.56,232.39,191.22
833.56,339.08,231.5,190.49
831.23,338.68,230.96,190.04
821.68,334.5,233.12,191.82
818.22,332.64,236.38,194.5
819.49,335.39,234.34,192.82
815.76,335.72,231.3,190.32
805.97,332.21,232.07,190.96
805.97,333.7,233.57,192.19
803.55,332.83,233.92,192.48
799.08,332.43,232.69,191.47
791.46,329.03,231.55,190.53
792.35,332.84,230.71,189.83
783.17,327.73,233.41,192.05
779.78,326.54,235.61,193.87
781.64,328.74,233.69,192.29
776.05,326.85,235.75,193.99
772.49,326.22,235.28,193.59
765,322.68,236.26,194.4
766.74,326.02,234.04,192.58
765.01,326.03,232.17,191.04
761.35,324.51,233.36,192.02
755.88,319.86,235.38,193.68
752.71,316.99,238.49,196.24
756.18,319.34,237.06,195.06
751.84,315.13,239.74,197.26
755.51,318.44,235.99,194.18
754.04,317.52,238.14,195.95
754.02,317.08,238.18,195.98
753.13,316.56,237.76,195.64
752.13,316.89,236.85,194.89
745.77,311.95,239.89,197.39
748.5,312.94,240.76,198.1
748.27,312.77,239.43,197.01
741.86,308.55,241.44,198.67
741.51,306.57,240.71,198.07
743.32,308.95,240.59,197.97
743.95,309.41,238.75,196.45
739.8,305.98,238.88,196.56
739.39,303.21,241.58,198.78
739.42,301.21,243.05,199.99
739.65,299.55,243.89,200.68
745.1,303.5,239.35,196.94
742.02,300.5,240.25,197.68
746.26,303.24,238.15,195.96
746.55,301.87,237.76,195.64
747.08,301.46,236.45,194.56
748.19,301.11,234.6,193.04
743.85,297.9,235.61,193.87
747.82,299.52,234.78,193.18
744.88,294.92,238.14,195.95
749.81,296.3,237.27,195.23
748.81,292.69,238.29,196.07
755.13,295.08,235.23,193.55
752.68,290.82,237.18,195.16
755.48,288.1,238.78,196.48
757.75,285.41,240.95,198.27
762.51,283.75,240.88,198.2
766.23,283.64,240.45,197.85
771.66,286,238.8,196.49
772.07,282.58,239.49,197.06
772.47,280.12,240.94,198.25
774.22,279.1,239.18,196.8
772.72,276.51,241.57,198.77
774.23,274.99,240.93,198.24
775.57,272.64,243.35,200.24
775.85,270.71,244.1,200.86
779.58,271.8,243.71,200.53
778.46,268.33,245.47,201.99
779.64,266.97,246.02,202.44
785.02,270.11,241.6,198.8
786.63,267.96,239.38,196.97
785.63,264.81,241.89,199.03
788.47,263.97,240.98,198.29
786.62,259.44,244.84,201.46
786.13,262.44,242.35,199.41
793.28,266.12,237.55,195.46
788.93,267.13,235.88,194.09
795.78,267.72,233.24,191.92
791.6,262.86,234.31,192.8
800.26,266.26,232.5,191.31
796.87,263.68,232.14,191.01
796.03,260.04,234.42,192.89
792.46,264.51,233.18,191.87
789.99,259,234.06,192.59
792.76,258.66,235.77,194
790.52,259.17,234.29,192.78
789.01,259.78,234.26,192.76
773.19,258.58,234.56,193
769.86,257.18,235.82,194.04
774.35,260.08,234.99,193.36
774.24,259.53,234.07,192.6
779.44,256.81,233.8,192.38
783.38,260.18,233.49,192.12
783.1,264.05,231.69,190.65
786.56,262.15,231.35,190.37
793.53,260.51,230.96,190.04
800.46,258.86,231.16,190.21
805.77,260.68,230.29,189.49
811.73,262.44,230.97,190.05
814.96,262.17,230.87,189.97
818.94,259.05,230.96,190.04
822.27,256.55,231.78,190.72
829.27,264.62,232.39,191.22
835.91,266.95,231.46,190.45
843.36,269,231.99,190.89
844.5,270.76,229.26,188.65
846.33,266.62,230.69,189.82
852.02,265.87,232.75,191.51
856.6,270.73,232.78,191.54
862.16,273.77,231.44,190.44
866.6,276.59,229.4,188.75
869.18,274.12,230.93,190.01
871.73,273.47,230.4,189.58
874.23,276.44,230.68,189.81
874.7,279.44,230.75,189.87
862.63,276.51,232.49,191.3
862.57,280.87,233.24,191.92
857.55,280.83,233.77,192.35
855.46,284.97,232.44,191.26
854.82,288.14,231.37,190.38
850.26,290.24,230.87,189.97
838.21,289.95,231.24,190.27
837.74,289.91,231.81,190.74
831.32,295.17,230.91,190
815.5,294.2,231.65,190.61
812.33,297.95,231.74,190.69
803.82,298.68,232.69,191.47
796.14,296.52,232.93,191.66
791.86,298.62,233.25,191.93
788.13,302.06,232.33,191.17
787.55,309.16,230.99,190.07
777.79,307.03,231.37,190.38
769.4,307.5,231.9,190.82
766.65,312.64,230.63,189.77
753.76,310.82,232.19,191.05
750.85,316.4,232.02,190.91
748.31,318.29,230.8,189.91
741.24,318.23,231.03,190.1
739.35,321.52,230.44,189.62
737.66,322.12,231.65,190.61
741.35,327.79,229.37,188.73
741.35,329.26,230.3,189.5
742.95,331.8,230.34,189.53
746.3,333.93,229.36,188.73
750.11,335.14,230.71,189.84
750.95,334.04,232.27,191.12
758.79,340.25,230.95,190.04
760.62,339.45,231.41,190.42
771.62,345.91,230.38,189.57
776.18,344.52,230.87,189.97
784.64,346.28,233.6,192.21
797.22,352.62,232.45,191.27
804.28,351.05,233.2,191.89
815.15,354.8,233.17,191.86
823.97,356.67,233.08,191.78
834.05,359.56,232.65,191.43
841.84,360.77,234.6,193.04
851.55,362.81,234.46,192.92
864.26,370.13,232.84,191.59
868.23,368.69,233.61,192.22
881.36,375.28,231.59,190.56
888.19,378.48,229.55,188.88
894.5,381.87,228.87,188.32
895.89,380.03,231.69,190.64
904.56,384.81,231.4,190.4
904.54,383.29,231.48,190.47
908.74,387.95,231.92,190.84
910.01,389.42,231.97,190.87
909.81,391.35,233.29,191.96
904.19,389.53,234.81,193.21
901.83,391.19,234.99,193.36
895.87,392.03,236.31,194.45
895.1,397.81,235.15,193.49
886.45,395.71,236.42,194.54
884.86,400.72,235.26,193.58
876.17,398.8,236.91,194.94
870.8,399.55,237.4,195.34
865.58,401.16,237.93,195.78
865.27,406.3,236.44,194.55
859.35,407.72,236.76,194.81
851.18,405.99,238.03,195.86
849.78,410.27,237.47,195.4
840.75,408.59,238.71,196.42
835.48,409.14,240.82,198.15
830.64,409.62,242.06,199.18
828.97,414.09,241.9,199.04
824.5,416.33,240.1,197.56
820.56,419.02,238.88,196.56
812.14,417.31,239.34,196.94
807.21,417.94,241.21,198.48
804.05,419.46,239.12,196.76
799.08,420.26,240.26,197.69
797.8,424.39,240.63,198
792.87,426.8,237.84,195.7
791.11,428.54,237.42,195.36
784.19,427.27,236.6,194.68
779.69,427.51,237.65,195.55
779.57,431.37,238.03,195.86
778.22,432.89,236.17,194.33
775.25,434.78,234.34,192.83
771.53,436.01,233.49,192.13
772.48,437.75,231.07,190.13
767.53,435.6,232.56,191.36
767.68,435.12,234.47,192.93
774.36,441.33,229.92,189.19
774.97,442.48,228.13,187.72
776.19,443.61,228.55,188.06
775.69,441.7,228.58,188.08
775.32,440.42,229.37,188.73
782.09,445.4,228.08,187.67
783.78,446.4,226.96,186.75
782.15,443.46,229.07,188.49
784.04,443.18,228.82,188.28
786.69,443.58,229.08,188.49
789.32,442.95,230.71,189.83
793.71,441.55,233.59,192.2
803.4,444.84,232.72,191.49
805.2,442.38,232.85,191.6
813.43,442.09,233.11,191.81
822.93,442.2,232.81,191.57
832.11,442.34,233.15,191.84
840.66,442.11,232.65,191.43
850.5,442.03,232.92,191.65
858.87,442.18,233.31,191.98
866.86,442.09,233.43,192.07
874.04,442.34,232.56,191.36
879.43,442.3,232.95,191.68
885.06,441.86,233.51,192.14
893.71,446.03,230.59,189.74
893.54,443.09,230.32,189.51
901.04,446.24,229.54,188.88
904.26,445.75,229.3,188.68
905.44,443.29,229.18,188.57
909.79,443.03,228.5,188.02
913.83,442.9,229.18,188.58
917.58,442.91,229,188.43
921.62,442.58,229.84,189.12
930.02,445.83,228.25,187.81
934,446.62,226.27,186.18
934.78,443.72,225.98,185.94
941.97,447.73,224.24,184.51
941.99,444.42,226.29,186.2
944.96,444.02,224.69,184.89
949.94,444.15,224.7,184.89
952.8,443.82,224.11,184.41
959.72,448.39,221.48,182.24
959.18,446.25,220.13,181.13
966.78,449.63,216.98,178.54
966.82,447.72,217.89,179.29
967.95,446.2,217.83,179.24
969.42,444.52,220.54,181.47
973.51,446.15,219.65,180.74
970.64,444.26,219.37,180.5
968.7,442.7,220.14,181.14
968.78,443.14,220.89,181.76
965.92,442.13,220.74,181.63
964.17,442.5,219.51,180.62
958.73,440.55,219.17,180.34
957.56,440.95,219.54,180.64
952.69,438.56,219.29,180.44
949.68,437.08,219.17,180.34
949.02,437.88,219,180.2
947.69,436.9,217.78,179.2
942.06,435.04,217.48,178.95
941.61,435.52,216.87,178.45
938.48,433.68,218.16,179.51
934.08,431.66,217.56,179.01
934.2,432.17,215.19,177.06
930.94,431,215.79,177.56
928.72,429.81,214.64,176.61
923.83,427.2,215.45,177.28
923.22,427.67,216.04,177.77
918.62,424.67,215.65,177.45
917.09,425.23,216.28,177.96
913.49,422.16,215.52,177.34
913.48,424.28,213.74,175.87
909.88,422.97,214.24,176.28
907.75,422.63,213.2,175.43
901.85,419,215.84,177.6
901.57,419.23,216.47,178.12
899.31,418.29,213.21,175.44
895.36,416.75,214.41,176.42
893.29,415.35,213.44,175.63
892.94,416.92,213.88,175.99
891.04,415.79,214.16,176.22
890.01,416.33,212.02,174.46
888.31,416.09,210.36,173.09
884.24,414.99,211.62,174.13
880.8,412.94,210.93,173.56
876.82,410.29,212.93,175.21
874.48,409.61,212.91,175.19
872.39,409.39,212.26,174.65
871.84,412.21,211.81,174.29
870.34,411.31,210.95,173.58
865.83,408,212.43,174.8
866.72,410.87,209.95,172.75
862.65,409.08,209.9,172.71
862.1,408.88,209.34,172.26
858.83,406.12,212.01,174.45
861.56,408.93,208.72,171.74
860.01,409.67,205.6,169.18
858.39,409.74,204.91,168.6
855.14,405.53,207.59,170.81
855.07,402.61,210.2,172.96
858.9,405.68,207.93,171.09
856.45,404.75,208.23,171.34
858.33,402.68,208.59,171.64
862.37,403.88,207.42,170.67
865.07,403.64,206.95,170.29
868.65,404.37,205.62,169.19
872.01,401.14,207.94,171.1
877.41,401.93,206.92,170.26
885.16,403.65,204.2,168.03
893.15,400.92,204.29,168.1
892.53,397.02,205.82,169.36
903.54,399.25,205.83,169.36
908.6,398.72,205.92,169.44
915.09,398.6,204.09,167.93
924.06,399.08,202.72,166.8
926.79,396.64,202.72,166.8
932.31,395.71,202.43,166.56
944.29,397.42,201.12,165.49
945.61,395.25,202.04,166.25
954.4,393.42,203.57,167.5
958.53,392.72,203.88,167.76
956.88,390.7,205.53,169.12
956.76,386.95,205.42,169.02
958.44,386.85,206.21,169.67
955.81,385.31,205.16,168.82
956.67,388.58,204.84,168.55
953.35,385.93,204.25,168.07
953.27,387.13,203.91,167.78
953.26,386.68,202.91,166.96
950.36,383.75,202.27,166.43
949.52,387.77,200.55,165.02
949.7,387.88,199.74,164.36
947.92,385.72,199.59,164.23
947.56,384.92,199.43,164.1
946.5,386.34,198.92,163.68
948.22,388.86,198.91,163.67
947.11,389.22,198.97,163.72
946.12,388.84,199.05,163.78
946.16,389.01,199.62,164.26
945.36,387.51,198,162.92
944.7,388.57,197.66,162.64
943.86,388.96,197.64,162.62
943.78,389.41,197.37,162.4
945.97,392.14,199.23,163.94
946.05,392.17,200.19,164.72
945.42,391.94,201.02,165.41
944.95,390.17,200.55,165.02
946.76,394.16,200.45,164.94
947.21,395.06,200.34,164.85
947.03,395.48,200.49,164.97
945.54,396.18,200.01,164.57
945.88,394.92,199.31,164
946.1,395.55,197.77,162.73
947.67,397.94,196.31,161.53
946.81,399.71,194.91,160.38
948.58,401.04,194.31,159.89
948.64,401.95,192.93,158.75
949.54,403.18,192.74,158.6
951.78,404.84,192.19,158.14
954.4,410.01,189.59,156
953.74,409.42,189.46,155.9
954.59,410.6,187.76,154.5
955.6,413.23,186.76,153.68
959.01,415.03,184.84,152.1
960.61,416.1,185.98,153.03
964.96,417.13,185.89,152.96
969.1,421.89,185.21,152.4
971.25,422.9,184.41,151.74
971.37,421.06,185.52,152.65
976.07,425.49,184.65,151.94
977.16,423.76,186.13,153.15
979.82,425.1,186.04,153.08
983.25,427.24,184.72,152
986.37,428.62,186.44,153.41
989.76,430.23,185.28,152.45
995.1,435.2,184.42,151.75
998.58,435.2,183.81,151.25
1002.3,438.47,184.49,151.8
1006.6,436.33,186.18,153.19
1010.6,437.47,185.93,152.99
1016.2,442.61,185.01,152.23
1018.5,442.05,184.34,151.68
1021.9,442.89,185.65,152.76
1030.5,445.58,186.02,153.07
1033.1,445.38,185.54,152.67
1038.3,448.7,185.65,152.76
1042.7,449.44,186.11,153.14
1042.4,448.26,186.83,153.73
1039.3,450.34,186.79,153.69
1029.1,451.19,186.57,153.51
1015.8,450,186.63,153.56
1003.8,450.8,187.1,153.96
997.52,453.09,187.35,154.16
983.15,454.65,187.16,154
970.03,455.48,187.1,153.95
958.86,456.07,185.95,153.01
944.9,458.25,182.86,150.46
929.56,457.14,183.32,150.85
910.98,456.36,184.86,152.11
889.64,456.59,185.15,152.35
869.35,460.38,183.96,151.37
844.48,460.46,184.13,151.51
819.17,460.7,184.63,151.92
792.05,459.87,184.69,151.97
768.96,459.32,185.65,152.76
747,463.94,185.07,152.28
724.48,462.72,184.51,151.82
708.26,461.37,187.46,154.25
702.63,464.41,186.06,153.1
698.35,463.71,185.68,152.79
699.54,466.29,184.87,152.12
699.09,465.83,184.82,152.08
701.31,465.86,185.16,152.36
705.68,467.65,185.41,152.56
710.42,467.5,186.51,153.47
713.09,467.61,185.65,152.76
719.36,469.62,184.82,152.08
724.01,469.05,184.43,151.75
729.36,469.15,184.14,151.51
740.73,470.88,184.67,151.95
744.93,469.53,185.03,152.25
751.78,469.28,184.94,152.18
761.38,469.01,186.36,153.34
768.76,469.84,185.19,152.38
781.4,471.67,184.45,151.77
785.44,469.95,186.97,153.84
799.7,472.15,184.96,152.19
802.57,471.49,185.27,152.44
814.48,472.75,186.06,153.1
820.32,472.84,184.79,152.05
828.51,472.88,185.94,152.99
839.83,475.61,185.11,152.31
843.84,475.1,184.68,151.96
850.75,475.44,184.95,152.18
857.78,475.68,185.88,152.95
868.72,479.11,183.41,150.92
872.77,476.79,186.13,153.15
881.53,478.84,182.84,150.45
887.31,478.95,183.21,150.75
893.32,479.11,183.72,151.17
902.89,481.86,181.6,149.42
905.89,480.35,183.8,151.23
913.58,482.51,182.88,150.48
918.4,481.65,182.11,149.85
922.44,483.53,182.68,150.31
924.08,482.13,182.58,150.24
927.17,483.35,183.92,151.34
930.49,483.22,185.3,152.47
932.38,482.4,186.76,153.68
931.95,481.79,186.23,153.24
933.52,482.53,185.46,152.6
935.11,484.23,185.34,152.5
935.31,484.2,185.05,152.27
931.96,481.62,187.52,154.3
935.59,484.26,183.69,151.15
933.43,484.23,183.16,150.71
929.51,481.88,185.59,152.71
930.74,482.18,186.51,153.46
931.64,480.98,186.46,153.43
929.23,478.85,186.94,153.82
931.77,481.34,185.14,152.34
928.99,480.31,185.4,152.55
928.38,479.72,186.17,153.19
1030.5,429.99,184.71,151.99
1061.8,297.06,184.36,151.7
1091.6,172.85,185.07,152.28
1080.3,186.8,186.09,153.12
1065,192.69,185.53,152.66
1018.2,334.07,183.34,150.86
1002.7,339.48,183.36,150.87
1035.1,213.37,184.08,151.47
1029.1,225.5,184.48,151.79
1012.6,232.08,184.73,152
998.52,239.93,185.02,152.24
988.72,249,185.71,152.81
992.66,252.99,185.2,152.39
972.5,255.93,187.26,154.08
967.28,274.11,186.46,153.43
951.38,270.26,188.66,155.23
1096.4,-3.3861,190.44,156.7
1086.5,-0.59134,192.38,158.3
1068.3,-1.1471,193.59,159.29
1072.2,15.899,194.17,159.77
1058.5,20.754,195.78,161.09
1047,25.746,197.73,162.7
1032.2,27.51,198.91,163.67
1021,32.561,199.57,164.21
1006.9,35.388,200.51,164.99
1188.9,-134.65,201.47,165.78
1177.9,-133.42,202.63,166.73
1190.7,-113.06,200.05,164.61
1174.8,-107.34,198.62,163.43
1161.8,-100.67,197.17,162.24
1141.2,-98.273,197.83,162.78
1157.9,-147.67,202.74,166.82
1141.2,-147.1,206.17,169.64
1135.5,-142.74,208.97,171.95
1129.6,-135.09,208.78,171.79
1125.9,-125.14,208.14,171.27
1114.8,-121.59,209.54,172.41
1103.6,-116.06,208.51,171.57
1095.7,-109.42,208.89,171.88
1087.5,-103.89,208.95,171.93
1078.8,-97.83,208.66,171.69
1064.4,-92.711,207.96,171.12
1178.2,-150.13,211.28,173.85
1167.9,-146.32,213.94,176.04
1167,-139.74,218.29,179.62
1161.1,-138.75,223.18,183.64
1147.3,-134.45,225.52,185.57
1132.5,-125.48,223.37,183.8
1130.1,-124.04,226.33,186.23
1121.3,-122.85,227.39,187.11
1044.8,-123.01,226.79,186.61
1015,-123.33,225.51,185.56
1080.7,-101.38,226.79,186.61
1062.2,-100.64,230.87,189.97
996.03,-101.8,230.18,189.4
1017.9,-82.169,228.78,188.25
1021,-81.131,231.04,190.11
1002.4,-74.894,232.81,191.57
992.48,-66.972,232.54,191.34
925.48,-71.525,232.37,191.2
969.63,-53.046,233.77,192.36
958.56,-49.567,234.45,192.91
887.63,-52.115,233.93,192.48
922.21,-31.832,233.64,192.25
910.34,-26.285,234.33,192.82
896.53,-18.307,234.18,192.69
885.04,-13.543,235.44,193.72
869.99,-11.866,236.97,194.99
802.55,-18.004,239.32,196.92
855.54,-1.3725,240.88,198.21
785.3,-7.6655,243.88,200.67
833.46,11.382,243.04,199.98
830.17,17.663,242.96,199.91
815.94,21.997,244.66,201.31
765.28,22.587,243.26,200.17
813.9,39.206,243,199.95
814.61,42.906,245.94,202.37
803.21,50.715,246.76,203.04
751.99,48.879,245.09,201.67
798.57,64.299,246.52,202.85
752.97,65.435,244.05,200.81
775.79,82.418,241.89,199.04
792.61,91.081,242.6,199.62
797.27,94.581,243.2,200.12
790.34,97.408,247.17,203.38
781.33,104.71,248.2,204.23
789.65,111.99,247.07,203.3
780.27,117.46,249.77,205.52
780.44,121.49,252.62,207.87
774.39,132.69,250.99,206.52
779.18,136.84,253.06,208.23
771.14,145.14,252.66,207.9
771.78,150.21,252.02,207.37
765.02,156.1,253.74,208.79
760.41,162.08,254.27,209.22
752.93,167.24,256.3,210.89
752.45,172.74,257.33,211.74
747.4,185.31,254.43,209.36
747.96,190.36,255.22,210
741.45,198.19,255.44,210.18
731.39,200.02,257.73,212.07
726.93,206.76,257.94,212.24
719.21,213.76,258.13,212.4
715.32,219.98,258.05,212.33
707.16,227.71,257.44,211.83
700.93,233.7,260.06,213.99
693.16,239.82,260.99,214.75
690.27,249.01,262.96,216.37
685.56,255.2,263.9,217.15
671.02,258.92,264.45,217.59
664.44,266.15,264.21,217.4
658.58,273.14,264.9,217.97
654.56,281.9,266,218.88
644.06,284.97,268.84,221.21
634.66,292.34,267.27,219.92
627.55,302.61,268.84,221.21
618.21,306.12,269.56,221.8
605.71,312.6,269.88,222.07
594.42,318.58,271.24,223.19
586.35,329.56,271.83,223.67
572.76,332.35,272.71,224.4
567.73,343.79,271.72,223.58
551.52,347.07,272.5,224.22
544.91,354.99,273.11,224.72
538.05,364.02,275.04,226.32
522.94,366.86,277.33,228.2
512.28,374.12,277.3,228.17
502.53,381.28,277.38,228.24
492.76,388.09,277.86,228.63
485.71,400.36,275.77,226.91
476.73,406.97,277.58,228.4
461.95,409.41,280.33,230.66
455.67,420.69,277.75,228.55
446.49,428.45,278.37,229.05
437.41,436.78,277.38,228.23
424.31,439.51,278.16,228.88
418.18,451.18,279.14,229.69
406.32,452.6,281.6,231.71
397.21,461.02,283.05,232.9
391.4,471.21,281.37,231.52
385.29,479.93,282.15,232.16
375.14,482.7,283.88,233.58
369.61,494.69,283.39,233.18
362.41,502.51,283.25,233.07
355.29,509.82,285.03,234.53
346.25,513.2,286.37,235.63
340.12,525.46,286.33,235.6
333.3,532.43,286.26,235.54
325.99,540.35,287.93,236.92
319.52,547.33,289.21,237.97
308.24,551.51,289.76,238.43
300.93,559.78,290.79,239.27
296.23,571.56,289.49,238.2
288.27,574.31,291.71,240.03
280.3,582.88,292.84,240.96
275.77,593.89,292.27,240.49
267.58,596.98,293.87,241.8
264.83,609.18,292.81,240.94
259.52,618.21,291.57,239.91
251.05,619.26,295.74,243.35
248.81,630.58,297.24,244.58
240.78,635.31,298.17,245.35
237.57,645.52,298.88,245.93
233.95,655.06,298.94,245.98
224.4,659.18,300.13,246.96
218.35,667.06,302.14,248.61
210.05,675.56,302.77,249.13
204.75,686.3,302.32,248.76
192.51,690.66,304.49,250.54
183.2,698.58,306.31,252.04
178.35,712.92,304.38,250.46
165.64,716.08,305.92,251.72
156.73,728.06,310.5,255.49
146.99,735.43,310.09,255.16
133.91,742,309.72,254.85
121.66,750.71,310.84,255.77
114.02,763.14,311.09,255.98
102.11,774.56,308.7,254.01
89.908,781.52,314.2,258.54
73.248,787.24,314.26,258.59
62.299,796.16,315.94,259.96
53.458,809.02,315.99,260.01
41.042,817.08,316.54,260.46
28.032,828.7,316.53,260.45
19.375,835.81,320.1,263.39
2.5792,843.82,320.96,264.1
-9.2596,850.31,317.66,261.38
-22.145,858.36,317.3,261.09
-28.847,866.77,315.01,259.2
-43.028,874.24,316.27,260.24
153.39,945.66,309.45,254.62
-58.252,887.35,308.52,253.86
169.31,639.33,305.49,251.36
-80.883,902.97,306.61,252.29
-92.719,908.09,305.06,251.02
-94.276,926.24,301.56,248.14
-106.42,933.67,302.85,249.2
-113.88,951.82,302.95,249.28
-122.5,969.51,304.38,250.45
-137.46,980.77,307.27,252.84
-143.86,801.42,308.5,253.84
-144.77,824.34,306.81,252.45
-125.34,606.04,306.42,252.13
-121.11,607.55,306.51,252.2
-150.28,635.94,308.63,253.96
-92.951,422.24,309.48,254.65
-132.88,368.67,307.87,253.32
-136.14,396.96,307.23,252.8
-134.81,416.36,305.89,251.7
-128.9,523.23,305.4,251.3
-125.6,539.99,305,250.97
-128.67,539.81,303.31,249.57
-135.47,546.84,303.53,249.76
-129.85,558.99,302.04,248.53
-109.66,580.47,301.32,247.93
-106.6,342.85,300.18,246.99
-133.17,370.77,298.87,245.92
-115.67,375.2,295.78,243.38
-148.52,345.07,293.14,241.2
-103.33,-62.831,293.36,241.39
-128.2,-81.772,294.27,242.14
-134.31,-65.343,296.95,244.34
-146.74,-69.536,301.97,248.47
-159.98,-174.01,305.82,251.64
-133.27,-138.23,309.74,254.86
-165.53,-173.35,312.88,257.45
-179.75,-8.3534,313.1,257.63
-95.756,-167.19,314.21,258.54
-121.58,-135.03,316.16,260.15
-131.84,-195.09,319.43,262.84
-141.72,-125.61,320.09,263.38
-136.35,-152.56,318.43,262.02
-141.04,-188.57,318.72,262.26
-162.27,-206.16,319.41,262.82
-167.24,-39.988,314.6,258.87
-124.53,-22.607,314.27,258.6
22.118,-72.018,313.94,258.32
23.707,-77.244,314.03,258.4
-131.58,-194.61,316.51,260.43
-126.23,-195.13,316.67,260.57
-121.53,-193.19,316.22,260.19
-119.88,-185.9,316,260.02
-125.64,-180.51,317.54,261.29
-124.86,-181.55,319.66,263.03
-131.94,-175,320.31,263.56
-129.03,-174.37,320.9,264.05
-137.54,-164.95,321.39,264.45
-134.18,-152.19,317.7,261.42
-136.07,-99.859,314.09,258.44
-134.54,-126.57,310.09,255.15
-136.65,-120.47,306.38,252.1
-133.32,-71.909,302.95,249.27
-136.68,-79.763,302.01,248.5
-140.27,-59.164,301.81,248.34
-140.71,-69.601,302.72,249.09
-124.21,-117.21,304.49,250.55
-131.86,-114.4,306.72,252.38
-132.85,-111.37,310.06,255.13
-135.15,-106.16,311.16,256.03
-129.73,-98.773,311.55,256.35
-132.58,-93.015,311.46,256.28
-126.8,-91.088,314.64,258.9
-124.04,-96.864,317.38,261.15
-129.18,-88.273,320.36,263.6
-130.03,-79.018,322.55,265.4
-136.1,-80.276,325.38,267.73
-132.12,-74.855,328.94,270.67
-130.73,-77.128,332.43,273.53
-151.13,-61.571,335.39,275.97
-145.62,-76.002,336.32,276.73
-143.54,-68.834,340.26,279.98
-137.69,-60.786,342.11,281.5
-140.43,-56.124,343.28,282.46
-142.13,-55.711,344.5,283.46
-141.37,-50.345,346.93,285.47
-164.11,-43.088,349.66,287.71
-153.45,-49.912,350.19,288.15
-144.58,25.297,347.12,285.62
-151.32,20.488,346.13,284.8
-164.65,29.132,346.92,285.46
-168.48,40.336,346.08,284.77
-187.05,38.432,348.1,286.43
-142.49,-49.997,348.77,286.98
-144.8,-29.429,346.98,285.51
-138.88,-55.136,346.46,285.08
-137.86,-47.8,348.15,286.47
-153.88,10.537,347.47,285.91
-151.93,-36.002,346.92,285.46
-169.09,15.648,347.98,286.33
-161.19,12.976,345.11,283.97
-168.64,33.933,341.85,281.29
-174.96,33.049,337.91,278.04
96.172,-28.587,337.56,277.75
82.347,-22.845,337.81,277.96
31.858,-22.912,339.47,279.33
94.847,-185.22,342.3,281.66
27.248,-3.7317,342.09,281.48
104.39,-66.892,342.83,282.1
93.958,-167.54,343.92,282.99
41.533,-71.972,343.36,282.53
122.19,-57.705,342.54,281.85
-1.6127,31.561,344.35,283.34
-140.78,-165.71,344.02,283.07
32.777,-45.818,343.29,282.47
31.563,-43.739,342.18,281.56
98.887,-115.23,341.17,280.72
33.546,-23.75,343.35,282.52
-1.5115,65.428,344.65,283.59
-11.272,65.47,348.03,286.37
-131.79,-103.34,345.69,284.44
-118.41,-105.98,343.59,282.72
-130.61,-104.15,342.63,281.93
-124.08,-88.212,339.57,279.41
-117.55,-78.803,334.14,274.94
-121.77,-67.208,329.34,270.99
-120.52,-67.034,333.63,274.52
-145.18,-123.61,331.67,272.91
-121.58,-46.836,329.36,271.01
-136.8,-49.387,334.36,275.12
-127.51,-33.806,329.82,271.39
-134.98,-27.789,329.43,271.07
-141.41,-24.593,332.76,273.8
-129.61,-11.28,332.15,273.31
-136.51,-21.808,337.82,277.97
-139.3,-3.7062,337.86,278
-141.4,7.5854,336.23,276.66
-147.68,12.713,335.8,276.31
-135.27,24.174,333.16,274.14
-142.59,24.118,337.53,277.73
-132.47,31.071,341,280.59
-132.44,34.808,344.36,283.35
-132.54,48.449,341.99,281.4
13.462,-45.292,338.18,278.27
-134.49,-148.15,337.24,277.5
-136.89,-43.227,336.86,277.18
-141.96,-22.01,337.07,277.35
-110.84,-78.353,333.26,274.22
6.5244,-74.91,334.3,275.07
1.7326,-78.834,334.18,274.97
-5.2558,-72.747,333.89,274.74
0.024139,-58.777,332.84,273.87
-0.71597,-49.628,332.31,273.44
-139.68,-121.02,332.8,273.84
-130.84,-92.745,330.11,271.63
-139.86,-96.634,329.24,270.91
-137.74,-97.737,326.38,268.56
-142.63,-85.052,325.28,267.65
-131.08,-95.445,324.7,267.18
-138,-86.226,323.2,265.94
-138.14,-79.908,322.31,265.21
-133.46,-87.086,322.85,265.65
-137.67,-67.536,323.07,265.83
-138.5,-61.561,322.3,265.2
-135.68,-59.878,321.1,264.21
-135.92,-54.499,321.16,264.26
-138.32,-53.744,319.94,263.26
-143.14,-62.126,322.15,265.08
-136.11,-53.908,322.5,265.36
-137.95,-59.844,323.15,265.9
-140.35,-67.633,324.03,266.62
-142.69,-39.883,324.73,267.2
-143.52,-44.12,323.59,266.26
-147.54,-42.696,323.27,266
-147.54,-42.817,322.99,265.77
-146.01,-40.655,321.83,264.81
-147.12,-32.898,322.83,265.63
-141.77,-52.888,320.58,263.78
-140.93,-64.961,322.31,265.2
-137.25,-54.706,322.42,265.3
-136.78,-58.018,323.21,265.95
-140.26,-55.611,322.22,265.14
-134.89,-53.079,320.52,263.73
-131.73,-66.674,321.39,264.45
-127.14,-58.761,321.09,264.2
-124.02,-53.11,318.34,261.94
-119.55,-54.607,319.03,262.51
-110.23,-53.892,316.5,260.42
-101.93,-62.78,315.74,259.8
-97.175,-61.931,314.47,258.76
-98.616,-62.932,314.2,258.54
-129.83,-37.872,315.36,259.49
-113.75,-29.271,318.72,262.25
-132.48,-29.115,321.13,264.23
-127.92,-17.922,325.09,267.49
-123.12,-39.427,325.82,268.1
-132.86,-42.328,328.05,269.93
-124.96,-47.294,328.88,270.61
-131.84,-35.44,333.67,274.56
-127.87,-36.037,336.51,276.89
-100.55,-52.735,336.03,276.5
-135,-46.476,338.04,278.15
-117.12,-41.572,338.56,278.58
-117.2,-42.132,339.39,279.26
-125.09,-31.123,342.35,281.69
-128.43,-41.273,344.35,283.34
-122.97,-44.57,344.29,283.29
-131.94,-32.706,345.05,283.92
-127.72,-35.121,346.21,284.87
-77.21,-64.106,347.84,286.21
-130.87,-25.733,348.79,287
-157.17,-79.862,348.8,287
-142.42,-43.047,349.33,287.44
-134.22,-37.346,350.51,288.41
-137.93,-25.328,352.75,290.25
-139.16,-26.686,355.32,292.37
-143.76,-12.902,358.95,295.35
-145.32,-14.287,361.65,297.57
-143.53,-55.94,365.52,300.76
-134.24,-26.774,369.5,304.04
-138.36,14.13,369.13,303.73
-151.6,-48.827,370.73,305.05
-148.12,-29.344,374.11,307.83
-140.94,-55.014,373.67,307.47
10.362,-74.43,373.31,307.18
4.4915,-57.011,371.88,306
4.385,-24.814,374.16,307.87
-156.19,-52.992,373.24,307.11
-159,-29.742,372.68,306.66
-155.05,-20.271,373.54,307.36
-156.51,-61.251,372.63,306.61
-150.99,-45.789,371.29,305.51
-145.69,-43.175,369.81,304.29
-152.2,-85.034,369.92,304.39
-145.24,-69.235,368.32,303.07
-144.27,-58.689,369.32,303.89
-163.18,-61.678,370.62,304.96
-156.37,-77.523,371.29,305.51
-156.77,-45.869,372.5,306.5
-152.44,-87.796,370.68,305.01
-148.94,-32.508,371.77,305.91
-150.08,-67.506,370.03,304.47
-115.17,-59.456,367.48,302.37
-160.86,-30.292,370.6,304.94
-115.3,-56.979,370.26,304.66
-151.61,-67.967,367.43,302.33
-135.5,-54.628,366.86,301.87
-140.38,-47.809,366.6,301.65
-144.03,-74.217,366.01,301.16
-142.65,-59.745,365.48,300.73
-138.05,-60.829,363.98,299.5
-142.44,-59.471,363.45,299.06
-135.63,-69.526,361.89,297.78
-142.15,-55.968,362.08,297.93
-148.28,-61.262,362.83,298.55
-144.11,-47.537,361.56,297.51
-135.26,-57.025,360.1,296.3
-124.25,-55.097,359.99,296.21
-145.24,-36.523,361.01,297.05
-126.55,-42.181,362.08,297.93
-133.6,-49.782,364.34,299.79
-124.29,-40.694,366,301.15
-134.53,-47.695,364.99,300.33
-124.17,-36.043,364.06,299.56
-123.54,-26.91,365.86,301.05
-157.51,-95.005,366.95,301.94
-131.44,-41.588,368.27,303.02
-130.71,-4.7489,370.38,304.76
-163.11,-71.108,368.03,302.83
-131.1,6.372,369.49,304.03
-155.01,-81.112,371.73,305.87
-144.07,-61.521,371.49,305.68
-139.34,-72.077,372.52,306.52
-155.17,-63.616,373.27,307.14
-143.55,-67.182,377.15,310.34
-136.8,-55.889,377.3,310.46
-166.18,-50.049,378.8,311.69
-131.82,-65.884,378.43,311.39
-140.28,-54.377,378.46,311.41
-128.22,-59.861,377.64,310.73
-130.62,-43.311,379.05,311.9
-128.18,-54.179,377.89,310.94
-134.84,-40.418,377.28,310.44
-130.84,-34.447,375.79,309.21
-134.97,-37.775,377.84,310.9
-130.97,-28.363,377.6,310.7
-128.54,-28.733,378.45,311.4
-129.8,-18.115,378.97,311.83
-129.64,-14.751,379.71,312.44
-139.83,-16.467,380.38,312.99
-137.58,3.186,380.76,313.3
-130.76,9.4008,378.66,311.58
-148.99,32.866,381.03,313.53
-137.23,1.0505,379.99,312.67
-134.99,26.097,379.29,312.1
-142.71,29.119,380.21,312.85
-140.89,34.624,380.05,312.72
-146.79,45.655,381.01,313.51
-141.51,42.871,380.91,313.42
-140.78,42.446,379.24,312.05
-144.95,45.334,378.07,311.09
-139.15,63.143,379.46,312.23
-144.71,71.109,378.56,311.49
-145.63,74.484,378.88,311.75
-149.42,75.041,379.95,312.64
-147.74,76.92,378.34,311.31
-150.41,88.499,379.94,312.62
-153.77,90.954,382.52,314.75
-151.25,94.625,379.67,312.41
-154.27,99.42,380.39,313
-155.5,115.64,381.29,313.74
-157.84,118.84,382.74,314.93
-163.17,118.48,386.51,318.04
-164.54,118.46,387.93,319.21
-156.1,130.04,383.18,315.29
-161.99,133.72,383.7,315.72
-159.31,142.63,382.15,314.45
-163.93,148.4,383.47,315.53
-170.87,148.35,384.99,316.78
-165.59,170.38,384.95,316.75
-161.54,171.49,381.92,314.26
-169.17,168.24,383.88,315.87
-164.85,176.3,383.07,315.2
-174.1,176.99,385.92,317.54
-178.56,184.26,388.19,319.41
-172.12,203.39,385.01,316.8
-170.32,205.3,381.81,314.17
-161.75,216.74,380.01,312.69
-176.28,214.93,382.13,314.43
-182.1,223.24,384.85,316.67
-184.05,218.57,386.84,318.31
-190.39,209.75,389.87,320.8
-190.27,241.07,393.22,323.55
-186.34,245.52,389.59,320.57
-183.27,251.32,389.29,320.32
-186.07,254.07,388.71,319.84
-190.87,259.01,390.11,320.99
-193.12,266.26,390.83,321.59
-184.84,278.05,387.32,318.7
-182.33,289.42,382.92,315.08
-185.59,293.61,383.58,315.62
-178.54,306.53,379.22,312.04
-192.24,309.27,380.36,312.97
-181.72,313.34,378.81,311.7
-188.91,315.58,380.16,312.81
-192.91,322.69,380.91,313.43
-192.28,331.19,380.19,312.83
-189.3,335.03,380.27,312.9
-197.38,341.75,383.4,315.48
-202.06,344.86,384.45,316.34
-198.82,354.53,384.42,316.32
-190.41,358.18,382.22,314.5
-201.44,362.28,383.24,315.35
-200.59,370.51,384.56,316.43
-200.73,380.96,382,314.32
-210.96,382.17,387.08,318.5
-205.94,391.03,385.6,317.29
-209.22,392.92,385.45,317.16
-214.18,402.58,386.92,318.37
-205.97,412.42,380.47,313.06
-210.19,411.57,383.67,315.69
-217.28,421.3,386.71,318.2
-216.49,427.74,387.83,319.12
-218.07,435.7,388.39,319.58
-227.98,441.93,393.94,324.14
-231.36,427.37,394.72,324.79
-230.22,445.43,393.91,324.13
-229.25,448.76,392.53,322.99
-237.27,447.26,395.05,325.06
-233.24,452.59,396.37,326.15
-237.1,455.72,395.2,325.19
-240.57,456.69,398.81,328.15
-249.97,457.95,404.73,333.03
-259.79,460.87,411.76,338.81
-261.39,460.33,415.58,341.95
-266.66,465.67,416.34,342.58
-271.17,472.45,419.99,345.58
-279.36,477.16,424.46,349.26
-277.25,486.1,425.76,350.33
-283.46,480.78,429.22,353.18
-285.82,488.42,429.98,353.8
-289.68,491.64,431.05,354.69
-293.71,499.18,435.2,358.1
-298.24,502.71,436.85,359.46
-291.35,511.23,432.84,356.15
-288.81,523.04,427.65,351.89
-296.99,520,429.3,353.25
-295.29,527.2,429.96,353.78
-304,531.32,435.78,358.57
-303.84,535.23,435.39,358.25
-306.81,543.43,436.66,359.3
-304.72,550.01,437.07,359.64
-311.02,553.65,442.26,363.9
-321.35,560.17,449.29,369.69
-326.3,568.64,451.3,371.35
-329.77,578.2,454.49,373.97
-333.96,576.85,458.3,377.1
-344.85,580.1,463.77,381.61
-344.85,584.11,467.57,384.73
-346.36,588.96,467.5,384.68
-349.98,594.75,467.51,384.69
-348.1,604.56,464.04,381.83
-347.07,603.68,462.44,380.51
-354.82,608.06,466.76,384.07
-360.71,606.65,472.07,388.43
-362.93,617.59,476.53,392.11
-365.88,624.41,475.8,391.51
-367.73,628.12,476.75,392.29
-365.2,634.62,475.74,391.46
-366.06,641.78,474.05,390.07
-371.55,639.32,476.94,392.44
-372.16,648.11,479.94,394.91
-370.01,648.46,477.94,393.26
-375.91,643.39,478.86,394.02
-383.39,641.59,485.61,399.58
-382.61,646.23,484.28,398.48
-380.31,646.03,483.72,398.02
-383.83,648.85,482.81,397.27
-386.54,645.35,486.07,399.95
-388.84,650.45,486.23,400.09
-391.1,648.83,487.67,401.27
-392.76,647.22,488.61,402.04
-391.96,651.89,486.13,400
-397,648.7,491.08,404.08
-398.33,658.91,491.64,404.54
-392.1,665.46,483.54,397.87
-395.2,657.95,487.24,400.92
-396.05,655.17,487.87,401.44
-397.86,662.43,487.43,401.08
-400.47,658.16,487.52,401.15
-400.53,657.56,487.05,400.76
-400.08,659.75,485.54,399.52
-394.57,665.38,482.52,397.04
-398.25,666.31,479.78,394.78
-396.52,671.85,480.21,395.13
-393.32,673.11,478.93,394.08
-402.49,668.73,482.45,396.98
-405.86,673.21,482.97,397.4
-404,678.8,483.01,397.44
-405.95,675.63,482.68,397.16
-410.7,677.15,488.03,401.57
-407.18,691.34,482.83,397.29
-410.68,688.54,487.07,400.78
-413.62,685.03,487.9,401.46
-413.4,693.63,487.8,401.38
-412.46,698.83,488.6,402.04
-412.58,700,485.73,399.68
-420.59,699.89,490.18,403.34
-422.47,702.41,489.74,402.97
-423.88,705.09,488.17,401.68
-420.95,716.67,488.29,401.78
-418.61,718.11,485.36,399.37
-417.34,722.38,483.03,397.45
-421.32,720,480.35,395.25
-414.04,733.51,478.6,393.81
-421.22,729.91,481.2,395.95
-417.52,738.5,474.94,390.8
-417.62,734.6,471.75,388.17
-410.68,746.31,471.19,387.71
-404.47,755.56,461.97,380.12
-404.38,753.28,459.1,377.76
-396.74,765.6,453.28,372.97
-394.24,763.51,447.04,367.84
-383.12,773.87,438.68,360.96
-379.9,772.28,431.99,355.46
-366.43,782.13,424.25,349.09
-359.99,789.28,418.71,344.53
-358.42,795.38,411.38,338.49
-348.38,798.8,404.69,332.99
-341.62,802.56,398.35,327.78
-329.97,825.43,392.41,322.89
-326.73,823.19,385.96,317.58
-323.7,823.65,383.63,315.67
-326.18,821.02,379.69,312.42
-320.12,824.99,376.33,309.66
-324.54,829.68,375.3,308.81
-315.37,849.9,370.28,304.68
-313.2,840.11,366.37,301.46
-313.81,838.68,365.76,300.96
-316.92,849.47,366.98,301.96
-310.96,859.43,362.61,298.37
-308.16,870.16,358,294.58
-298.71,885.63,353.21,290.64
-298.66,885.88,349.39,287.49
-300.89,879.83,348.71,286.93
-292.25,908.86,345.09,283.95
-288.5,912.56,337.99,278.11
-281.02,911.76,329.7,271.29
-278.6,919.18,322.07,265.01
-272.51,921.54,316.35,260.3
-263.86,936.08,307.2,252.78
-272.21,924.1,306.75,252.4
-277.68,925.35,306.99,252.6
-282.74,942.55,307.42,252.95
-288.22,947.13,308.24,253.63
-285.76,951.71,303.77,249.95
-285.51,960.71,298.39,245.53
-284.5,967.62,292.64,240.79
-116.5,877.81,289.94,238.57
-38.5,814.01,292.2,240.43
127.15,594,287.39,236.48
217.73,677.22,280.02,230.41
252.87,361.52,275,226.28
242.82,365.51,269.93,222.11
245.54,366.49,267.34,219.98
243.92,376.08,267.12,219.79
239.88,376.87,267.5,220.11
231.99,332.56,264.4,217.56
225.33,385.3,263.33,216.67
225.82,390.56,264.77,217.86
211.33,342.73,260.62,214.45
216.07,394.84,263.34,216.69
210.38,403.59,265.26,218.26
205.12,410.74,268.02,220.54
199.3,410.65,267.1,219.78
194.85,417.57,269.66,221.88
179.77,416.83,265.07,218.11
182.74,422.84,265.5,218.46
179.86,428.04,269.24,221.54
170.77,429.65,267.42,220.04
168.48,434.94,269.7,221.91
160.6,435.08,267.94,220.47
153.99,444.23,267.59,220.18
153.15,451.1,270.76,222.79
149.22,453.91,272.28,224.04
136.81,454.11,266.69,219.44
136.24,460.96,266.28,219.11
134.66,462.48,268.51,220.94
125.24,470.79,267.48,220.09
124.67,473.35,268.75,221.13
118.79,476.08,267.4,220.03
119.77,482.23,271.05,223.03
113.86,486.1,272.75,224.43
109.31,487.72,272.74,224.42
110.76,491.7,274.06,225.51
105.43,491.41,269.69,221.91
106.46,491.06,270.83,222.84
106.52,497.06,272.77,224.45
107.17,496.8,273.02,224.65
106.23,497.61,273.46,225.01
105.82,499.29,270.22,222.35
105.66,498.96,269.39,221.66
103.49,490.94,269.45,221.71
106.05,489.51,267.9,220.44
107.86,489.63,269.64,221.87
107.28,485.54,268.83,221.2
110.48,482.38,271.13,223.09
112.08,478.55,270.6,222.66
116.31,470.42,270.77,222.79
119.78,464.28,271.59,223.47
120.59,453.09,270.18,222.31
122.41,446.85,266.24,219.07
129.08,442.56,269.17,221.49
132,430.4,266.65,219.41
135.17,427.5,269.99,222.16
136.92,416.89,267.28,219.93
142.73,416.28,270.91,222.91
147.65,409.79,271.64,223.52
147.66,399.61,267.65,220.23
153.66,395.72,268.35,220.81
155.64,387.64,269.25,221.54
156.89,381.14,267.64,220.23
165.3,381.55,270.06,222.21
167.46,369.77,267.12,219.8
171.6,370.5,270.29,222.4
174.68,364.89,271.4,223.31
176.63,358.29,270.75,222.78
180.71,357.39,271.04,223.02
180.74,351.44,270.22,222.34
183.08,348.26,270.41,222.5
186.18,344.08,269.54,221.78
184.32,335.69,267.57,220.16
187.05,336.81,269.48,221.73
187.7,328.24,265.59,218.53
189.94,330.13,268.2,220.68
188.43,321.94,268.2,220.69
188.2,321.77,268.67,221.07
187.16,315.37,269.52,221.77
187.26,314.3,266.96,219.66
187,312.77,267.68,220.25
184.59,310.67,269.23,221.53
180.54,303.1,268.59,221.01
181.66,301.97,268.69,221.09
179.33,298.55,270.17,222.31
176.09,293.01,268.54,220.96
175.1,294.71,266.54,219.32
172.97,291.29,267.49,220.1
173.13,289,268.77,221.15
171.22,283.33,266.94,219.65
171.4,285.16,269.8,222
167.95,276.22,269.26,221.56
164.99,276.39,268.27,220.74
164.14,276.03,268.65,221.05
162.66,270.03,270.53,222.6
162.14,270.77,269.78,221.99
157.92,268.74,268.7,221.1
156.18,263.22,269.45,221.71
152.4,260.64,267.7,220.27
152.85,262.52,268.73,221.12
150,255.71,268.31,220.78
149.55,255.3,268.62,221.03
146.37,252.44,268.11,220.61
144.3,249.94,268.03,220.54
142.81,248.28,267.67,220.25
142.63,246.33,268.4,220.85
138.78,242.9,267.13,219.8
137.28,242.21,268.32,220.79
135.07,237.14,269,221.35
133.04,234.15,268,220.52
132.05,234.66,265.95,218.84
129.87,232.1,267.82,220.37
128.48,231.39,265.36,218.35
128.21,233.59,268.74,221.13
125.68,226.4,267.83,220.38
122.57,225.41,266.46,219.26
120.78,224.69,267.33,219.97
123.14,225.32,268.06,220.57
118.97,222.14,267.12,219.8
118.56,221.77,270.24,222.37
116.59,221.24,269.19,221.5
112.43,216.23,265.68,218.61
113.55,219.98,267.76,220.32
111.75,221.53,266.17,219.01
108.75,215.47,266.76,219.5
108.03,217.63,267.5,220.11
108.76,218.74,268.69,221.09
104.96,217.26,267.2,219.86
107.01,220.79,266.74,219.48
105.74,218.71,267.14,219.82
106.73,222.39,266.58,219.35
104.79,220.15,264.15,217.35
103.99,220.54,262.66,216.13
105.31,222.74,266.07,218.93
104.24,222.48,266.71,219.46
102.71,223.01,265.75,218.67
103.36,222.91,265.63,218.57
104.33,227.26,267.24,219.89
103.85,228.43,265.59,218.53
104.08,230.57,265.55,218.5
103.02,230.15,265.95,218.83
101.04,227.37,265.69,218.62
102.16,230.75,265.47,218.44
102.04,234.57,265.8,218.71
99.941,231.29,264.35,217.51
99.948,234.62,262.45,215.95
98.799,235.84,262.82,216.26
101.02,238.25,265.49,218.45
101.71,241.82,263.28,216.64
101.26,241.9,266.34,219.15
98.613,240.11,263.54,216.85
100.15,243.71,264.03,217.25
98.031,244.81,263.47,216.79
98.769,248.37,264.34,217.51
97.042,246.44,261.75,215.38
95.903,249.69,261.75,215.38
95.403,248.96,262.43,215.93
95.567,253.69,258.96,213.08
98.612,257.09,260.44,214.3
94.827,256.02,258.86,213
94.938,257.56,262.15,215.71
92.947,258.58,260.14,214.06
92.767,260.64,257.25,211.68
92.224,263.91,259.27,213.33
90.838,263.06,261.58,215.24
87.919,264.31,261.01,214.77
87.433,268.97,258.45,212.66
87.326,270.29,258.86,213
83.935,273.01,259.16,213.25
84.171,275.69,258.21,212.47
78.685,274.4,256.59,211.13
79.832,278.35,258.21,212.46
73.248,278.57,257.23,211.66
72.11,280.67,259.06,213.17
71.1,283.65,261.12,214.86
68.77,283.89,260.01,213.95
66.344,287.86,253.97,208.98
64.284,289.53,255.44,210.18
61.978,289.07,254.04,209.04
60.523,292.81,254.55,209.45
60.198,297.42,255.78,210.47
57.104,295.59,256.04,210.68
53.991,299.73,254.06,209.05
50.894,300.72,254.43,209.35
50.691,305.65,255.5,210.23
45.432,302.9,256.87,211.36
45.554,306.6,257.22,211.65
44.108,309.59,256.28,210.88
40.469,306.45,254.61,209.5
38.272,310.54,255.35,210.11
35.777,309.82,254.93,209.76
34.63,313.95,255.28,210.05
32.819,314.69,254.29,209.24
32.022,316.21,254.46,209.38
29.391,316.13,256.28,210.88
26.623,314.55,254.89,209.73
26.315,319.99,252.74,207.96
25.193,319.33,253.51,208.6
20.893,316.05,252.36,207.65
20.642,320.3,252.78,208
18.226,318.14,255.13,209.93
16.989,319.72,254.35,209.29
14.586,320.44,252.29,207.59
12.662,320.42,252.83,208.04
10.751,319.82,251.44,206.9
7.1932,317.24,249.2,205.05
6.2623,317.27,250.19,205.87
7.5658,320.81,249.8,205.54
3.01,317.42,247.83,203.93
2.7133,316.11,248.36,204.36
5.3215,319.99,246.86,203.12
3.25,318.97,248.85,204.77
3.677,317.15,249.05,204.92
2.0937,316.34,249.17,205.02
0.18471,312.78,247.22,203.42
0.64038,312.14,247.12,203.34
1.4887,311.19,246.32,202.68
2.5818,312.79,248.75,204.68
2.4174,311.92,248.3,204.31
2.3917,311,248.38,204.38
2.2878,310.44,247.94,204.01
2.5651,306.05,245.83,202.28
3.9246,306.03,246.53,202.85
6.5637,309.54,247.7,203.82
6.4744,303.66,245.2,201.76
10.246,304.17,244.39,201.09
14.138,306.45,245.2,201.76
14.067,302.11,244.65,201.3
17.027,305.56,244.94,201.54
17.062,301.54,244.18,200.92
21.445,305.66,244.1,200.85
23.814,304.09,245.09,201.67
22.901,299,242.4,199.45
27.307,303.38,241.54,198.75
27.388,298.42,241,198.3
28.16,298.82,240.05,197.52
31.343,300.72,240.34,197.76
34.371,300.5,241.39,198.62
31.068,296.04,240.12,197.58
34.654,300.37,239.49,197.06
33.843,295.31,238.94,196.61
34.897,294.81,239.46,197.03
35.245,295.24,238.12,195.94
38.47,299.04,238.35,196.12
36.966,295.72,237.72,195.61
37.852,297.5,236.86,194.89
33.299,293.52,236.72,194.78
31.257,292.98,235.81,194.04
32.785,296.59,235.37,193.67
30.375,293.41,234.73,193.14
29.046,295.85,232.77,191.53
26.318,291.68,233.01,191.73
24.132,290.4,233.27,191.95
21.71,290.66,232.59,191.39
21.143,291.59,232.47,191.28
19.784,292.41,231.94,190.85
22.192,295.78,231.53,190.51
19.051,295.86,230.48,189.65
14.684,289.83,230.1,189.34
15.317,295.73,230.55,189.71
12.016,289.86,230.1,189.33
12.558,292.87,229.35,188.72
10.392,293.99,229.67,188.98
9.0508,292.07,229.22,188.61
6.4522,290.03,228.5,188.02
4.6401,289.56,227.52,187.21
3.683,291.44,228.05,187.65
1.3162,290.46,227.61,187.28
-0.19724,289.22,227.96,187.57
-1.5754,289.43,228.69,188.17
-4.8743,287.22,227.59,187.27
-3.4887,291.41,228.28,187.84
-6.8965,289.65,226.44,186.33
-8.1406,288,226.31,186.21
-10.81,286.88,226.62,186.47
-11.698,286.66,226.6,186.45
-11.706,286.85,226.74,186.57
-12.721,286.06,226.56,186.42
-15.1,287.38,226.63,186.48
-15.337,284.19,227.24,186.98
-15.38,285.02,227.44,187.15
-13.94,287.23,226.38,186.27
-17.076,284.43,226.45,186.33
-15.886,283.88,226.71,186.54
-13.943,281.48,227.41,187.12
-9.7766,287.36,225.43,185.5
-9.3287,288.55,224.17,184.46
-5.2644,290.89,221.61,182.35
-8.274,286.52,221.75,182.46
-3.9904,293.02,220.22,181.21
-3.8597,293.12,219.67,180.75
-3.9337,291.68,220.38,181.34
-0.46394,295.49,219.26,180.41
-2.6344,296.27,218.68,179.94
-0.058815,301.46,217.53,178.99
3.173,302.95,217.25,178.76
2.3154,307.84,216.07,177.79
4.8032,307.89,216.08,177.8
6.1176,310.45,216.03,177.76
5.7502,312.34,215.87,177.62
10.961,319.78,214.89,176.82
10.501,323.07,215.06,176.96
12.936,326.34,214.76,176.71
15.064,333.5,214.08,176.15
22.885,344.72,211.89,174.35
24.858,347.58,212.15,174.56
30.894,358.08,210.7,173.37
35.533,360.96,210.46,173.18
41.401,365.54,210.58,173.27
45.751,372.8,210.13,172.9
50.76,378.56,209.51,172.39
55.402,384.41,208.54,171.59
60.182,391.46,207.82,171
63.491,396.79,206.65,170.04
67.239,401,206.94,170.27
73.787,410.96,206.48,169.9
76.683,414.22,206.28,169.74
79.875,419.83,206.8,170.16
86.57,427.58,205.89,169.41
91.482,434.76,205.69,169.25
96.518,440.06,206.26,169.72
98.433,445.17,205.79,169.33
105.59,450.48,205,168.68
107.95,459.32,204.59,168.34
112.6,465.03,203.84,167.72
117.44,471.57,203.88,167.76
118.87,477.75,204.16,167.99
123.66,480.29,203.91,167.78
126.09,486.6,203.34,167.32
126.16,489.1,203.01,167.04
128.58,490.63,203.35,167.32
131.58,495.55,203.49,167.43
134.15,498.5,203.22,167.22
134.56,499.97,202.77,166.84
136.51,502.82,202.96,167
137.51,505.01,202.9,166.95
138.73,506.83,202.97,167.01
140.28,508.89,202.68,166.78
139.75,510.03,203.16,167.17
141.29,511.82,203.15,167.16
143.86,513.2,202.89,166.95
145.92,515.64,202.74,166.82
145.65,515.68,202.42,166.56
148.66,519.6,202.57,166.68
150.82,522.97,202.39,166.54
151.39,523.65,202.26,166.43
155.36,525.64,201.88,166.11
155.22,526.45,201.78,166.03
157.88,527.38,201.92,166.15
158.14,528.74,201.87,166.1
157.94,529.37,201.58,165.86
158.34,529.66,201.13,165.5
159.49,530.83,200.65,165.1
163.18,533.98,200.84,165.25
163.96,535.43,200.63,165.09
164.55,536.03,200.55,165.02
166.33,536.68,201.13,165.5
164.75,534.37,200.47,164.95
168.1,536.7,200.52,164.99
168.76,537.39,201.15,165.52
169.76,535.66,200.57,165.03
170.88,537.15,201.48,165.79
169.73,536.39,200.83,165.25
171.27,538.7,201.12,165.49
169.76,537.46,200.46,164.94
173.12,539.27,200.8,165.22
173.83,539.9,201.57,165.86
173.35,538.28,200.95,165.35
173.53,537.14,200.5,164.97
174.7,536.58,200.4,164.9
174.84,532.02,201.21,165.57
174.33,522.28,200.78,165.21
176.69,515.02,200.5,164.98
177.25,504.27,201.32,165.65
177.26,493.02,200.48,164.96
177.26,484.39,201.3,165.64
175.63,471.38,200.41,164.9
178.42,464.2,201.15,165.51
177.32,449.82,200.58,165.05
179.51,442.77,200.64,165.09
180.2,432.1,201.34,165.67
178.78,418.48,200.36,164.87
180.11,410.66,201.56,165.85
179.59,396.11,200.9,165.31
181.21,388.17,200.84,165.26
183.16,377.85,201.45,165.76
180.47,366.28,201.24,165.59
181.23,360.71,200.96,165.36
181.5,359.92,200.44,164.93
182.26,360.72,201.06,165.44
181.81,358.44,200.63,165.09
183.14,358.89,201.55,165.84
180.63,357.75,201.2,165.56
181.09,357.45,201.05,165.43
181.24,357.26,200.84,165.26
182.75,359.65,200.94,165.34
181.41,358.62,200.74,165.17
182.03,360.21,201.27,165.62
181.87,359.66,200.58,165.04
183,360.71,201.21,165.57
181.88,359.8,200.2,164.73
182.03,360.37,200.82,165.24
182.83,360.76,201.79,166.04
182.86,360.64,202.12,166.31
182.45,360.72,201.86,166.1
182.34,360.56,202.64,166.74
181.22,359.09,201.02,165.41
181.47,360.13,200.08,164.64
181.79,359.74,199.59,164.23
182.24,360.21,199.25,163.95
183.45,361.81,201.59,165.88
181.2,360.35,201.51,165.81
180.4,359.61,200.85,165.26
181.77,361.26,201.39,165.71
180.95,359.86,201.44,165.75
180.38,359.67,201.6,165.88
180.49,360.1,201.56,165.85
179.63,360.05,201.26,165.61
180.09,359.88,201.39,165.71
180.53,359.76,200.75,165.18
181.82,360.96,201.13,165.5
180.28,360.28,201.07,165.45
180.48,359.75,200.61,165.07
181.47,361.33,201.31,165.64
180.61,360.36,201.37,165.7
180.48,359.56,201.22,165.57
180.32,359.46,201.08,165.45
180.84,359.89,199.2,163.91
181.93,359.81,201.38,165.71
180.52,359.76,201.37,165.69
180.65,359.02,200.87,165.29
182.27,360.45,201.06,165.44
180.62,360.26,201.02,165.41
180.79,359.85,200.27,164.79
182.66,361.05,200.82,165.24
182.89,361.99,201.1,165.47
182.44,360.8,200.91,165.31
182.87,361.25,202.15,166.34
182.59,361.19,201.56,165.85
181.4,359.79,200.65,165.1
183.09,360.4,201.72,165.98
183.22,359.12,200.15,164.69
184.12,360.41,201.19,165.55
183.64,358.22,201.09,165.46
183.74,357.33,201.13,165.5
183.44,357.12,201.14,165.51
185.16,357.12,198.95,163.7
186.81,357.4,201.34,165.67
186.68,355.48,201.05,165.43
188.76,355.02,200.38,164.88
191.9,355.81,200.92,165.32
194.69,355.2,201.98,166.2
197.67,354.21,202.54,166.66
201.04,353.17,202.12,166.31
205.71,352.02,201.78,166.03
210.91,351.22,201.74,166
214.24,348.16,201.92,166.14
221.99,347.78,202.2,166.38
228.78,346.77,201.56,165.85
235.92,344.44,199.9,164.48
242.71,342.99,200.2,164.73
251.94,343.24,200.79,165.21
257.51,341.83,200.44,164.93
264.08,340.01,201.37,165.69
268.91,338.17,199.98,164.55
276.71,336.65,198.71,163.51
281.54,337.5,200.49,164.97
283.87,335.26,200.56,165.03
286.65,334.21,201.1,165.47
288.37,332.43,199.66,164.28
290.49,331.17,199.85,164.45
292.78,330.32,199.2,163.91
295.35,330.85,200.72,165.16
297,329.62,202.04,166.24
299.97,328.42,202.77,166.84
300.69,326.4,202.27,166.43
303.03,327.25,202.57,166.68
305.67,326.52,202.61,166.71
307.55,324.84,201.56,165.85
309.63,324.13,201.19,165.54
312.74,324.39,201.1,165.47
317.2,324.03,200.18,164.72
322.54,324.22,201.78,166.03
327.84,323.33,202.78,166.85
332.45,320.97,202.27,166.43
340.29,322.76,202.14,166.33
347.04,322.11,201.81,166.06
353.33,321.16,202.62,166.72
358.7,319.86,201.98,166.2
365.24,320.8,203.03,167.06
371.34,319.57,201.97,166.19
379.06,320.85,203.06,167.09
384.72,319.34,203.14,167.15
390.96,318.5,203.21,167.21
398.22,318.37,203.27,167.26
405.32,318.17,203.59,167.52
412.97,320.1,204.23,168.05
419.94,320.89,204.42,168.2
424.68,319.65,204.03,167.88
432.89,321.13,204.07,167.91
438.05,322.18,204.09,167.93
444.31,322.4,204.07,167.92
450.15,323.43,204.71,168.44
452.69,320.52,207.24,170.53
460.29,323.62,205.68,169.24
465.24,324.52,205.56,169.14
470.79,325.15,205.92,169.44
476.15,325.54,205.61,169.19
481.43,326.88,205.81,169.35
486.77,326.72,206.45,169.87
489.91,326.07,207.16,170.46
497.65,327.86,206.53,169.94
499.94,325.92,209.28,172.2
505.36,327.37,208.59,171.63
513.58,329.93,208.22,171.33
516.57,328.26,209.6,172.47
521.5,329.87,209.77,172.61
527.06,330.7,210.13,172.9
534.53,332.78,210.19,172.95
539.39,333.49,210.36,173.09
545.19,334.73,210.56,173.25
549.75,336.04,211.11,173.71
553.03,336.29,211.02,173.64
556.86,335.98,212.6,174.93
562.12,337.05,212.71,175.02
566.91,338.5,213.53,175.7
573.65,341.54,212.79,175.09
576.88,341.16,213.42,175.61
582.95,344.52,213.37,175.57
585.72,344.05,214.1,176.17
593.27,346.74,213.35,175.55
595.1,346.79,214.34,176.37
599,347.47,215.58,177.38
606.46,351.47,214.48,176.48
607.94,349.91,217.08,178.62
613.16,354.06,216.39,178.05
615.61,354.3,216.54,178.18
618.61,354.47,217.59,179.04
621,355.98,217.85,179.25
623.47,357,219.35,180.49
625.8,358.63,219.96,180.99
627.21,359.99,221.53,182.29
629.43,362.02,221.39,182.17
631.56,363.62,221.08,181.91
632.54,364.47,222.55,183.12
637.54,368.28,221.87,182.56
639.26,370.78,221.02,181.86
638.3,369.75,222.01,182.67
641.99,373.31,221.75,182.46
644,376.05,221.42,182.19
643.24,374.76,222.54,183.11
647.31,379.68,221.86,182.56
648.34,381.97,221.25,182.06
647.94,382.21,221.82,182.52
651.98,384.96,221.41,182.18
649.47,385.25,222.19,182.82
653.61,388.4,221.92,182.6
654.38,390.35,221.57,182.32
652.13,390.85,222.51,183.09
656.38,394.85,221.93,182.61
656.75,395.83,222.8,183.33
655.63,396.79,223.11,183.58
658.23,398.08,223.58,183.97
662.88,401.61,222.83,183.35
663.33,403.02,222.63,183.19
665.22,405.21,222.27,182.89
669.3,407.57,222.51,183.09
671.99,410.11,222.09,182.74
673.14,411.55,222.15,182.79
675.61,413.99,222.3,182.92
677.24,415.44,222.29,182.91
679.42,417.36,222.97,183.47
679.97,418.2,222.62,183.18
682.24,419.15,223.23,183.68
683.96,421.44,222.99,183.48
685.93,424.05,223.12,183.59
688.01,424.75,223.91,184.24
690.47,427.77,223.31,183.75
692.95,429.24,223.06,183.54
695.31,430.69,223.57,183.96
699.35,433.98,223.43,183.84
700.99,436.49,223.43,183.84
704.89,437.71,223.82,184.16
705.68,439.32,223.46,183.87
708.47,441.77,225.04,185.17
710.24,440.5,224.66,184.86
710.47,442.2,226.71,186.54
711.73,442.92,226.16,186.09
715.94,447.48,227.15,186.91
716.58,447.07,227.97,187.58
721.33,452.04,226.72,186.55
721.36,451.47,226.38,186.27
723.48,452.58,227.49,187.19
727.96,458.26,226.99,186.78
727.7,458.51,226.39,186.28
729.46,460.55,226.21,186.13
730.81,462.19,227.68,187.34
735.34,467.72,227.04,186.82
734.14,467.34,227.57,187.25
738.17,472.38,226.6,186.45
737.6,471.72,227.92,187.54
741.21,476.54,226.46,186.34
742.79,476.55,226.27,186.18
743.19,477.14,227.55,187.23
746.63,481.3,227.43,187.13
748.27,483.88,227.6,187.28
748.72,485.59,228.58,188.09
748.19,485.39,229.19,188.58
749.73,486.84,229.19,188.58
751.55,490.58,227.52,187.22
754.5,494.27,228.27,187.83
755.61,497.43,229.07,188.48
754.7,497.6,229.94,189.2
758.11,501.45,229.12,188.53
757.33,502.51,229.5,188.84
759.14,505.9,229.69,189
759.28,508.42,229.8,189.09
758.89,511.26,228.92,188.36
760.73,510.5,229.68,188.99
759.91,515.34,229.42,188.77
762.1,517.32,229.43,188.78
762.78,520.3,229.31,188.69
762.09,520.17,228.78,188.24
763.44,522.88,228.02,187.62
