739,917,92,155
736.06,914.18,94.841,159.79
725.1,914.56,93.724,157.91
722.04,913.91,91.864,154.77
714.28,910.36,91.5,154.16
714.39,905,89.929,151.51
708.75,899.9,91.125,153.53
701.39,896.61,92.042,155.07
698.36,893.55,91.846,154.74
695.63,883.96,91.772,154.62
686.63,881.38,91.145,153.56
685.66,874.33,88.537,149.17
681.47,867.77,90.328,152.18
679.3,860.12,89.721,151.16
670.18,857.25,90.911,153.16
668.4,848.7,89.771,151.24
662.19,842.82,89.142,150.19
657.86,833.93,88.859,149.71
651.7,827.41,87.685,147.73
649.62,819.58,86.841,146.31
643.87,814.04,88.637,149.33
640.31,804.38,88.608,149.28
636.36,797.28,89.084,150.09
632.96,790.24,87.911,148.11
633.08,781.91,88.184,148.57
638.02,774.89,88.628,149.32
642.55,765.82,89.284,150.42
648.14,757.64,89.155,150.21
654.83,748.48,89.836,151.35
664.12,739.75,89.71,151.14
674.94,729.95,90.401,152.31
687.96,721.8,89.485,150.76
699.35,710.99,89.759,151.22
709.67,701.96,90.013,151.65
715.72,691.09,90.903,153.15
724.13,682.85,90.18,151.93
730.4,673.75,88.879,149.74
737.39,664.92,87.966,148.2
744.03,656.22,88.113,148.45
749.35,646.6,88.422,148.97
753.96,636.32,88.434,148.99
759.37,625.76,88.558,149.2
763.58,617.11,88.912,149.8
763.65,606.86,88.674,149.4
763.29,598.13,88.561,149.21
761.6,589.02,88.641,149.34
758.62,580.15,88.428,148.98
754.81,569.74,87.843,148
751.91,560.67,87.422,147.29
749.69,551.78,87.944,148.17
745.71,541.85,87.396,147.24
743.43,533.19,87.121,146.78
739.94,523.48,86.657,146
736.91,513.59,86.601,145.9
734.58,504.69,85.991,144.88
731.77,494.91,86.188,145.21
729.61,485.82,85.827,144.6
727.79,476.62,85.934,144.78
724.09,466.51,85.839,144.62
722.75,456.82,86.325,145.44
720.5,447.22,85.716,144.41
718.21,437.63,85.86,144.66
716.01,428.13,85.63,144.27
714.25,418.6,85.223,143.58
712.19,409.32,84.813,142.89
708.51,397.53,85.768,144.5
708.38,388.95,85.109,143.39
708.43,379.71,85.09,143.36
709.99,369.37,85.535,144.11
712.59,358.52,85.079,143.34
717.59,350.51,84.491,142.35
720.86,340.39,84.393,142.18
722.94,330.24,84.704,142.71
728.15,320.84,84.653,142.62
730.61,312,84.717,142.73
734.75,302.68,84.55,142.45
737.05,293.52,84.728,142.75
739.07,284.7,84.726,142.74
742.15,276.29,84.061,141.62
744.55,267.91,83.765,141.13
746.01,258.21,83.884,141.33
749.67,250.8,83.694,141.01
750.6,241.68,83.967,141.47
753.91,234.97,83.927,141.4
756.07,227.45,83.864,141.29
757.6,218.4,83.939,141.42
760.97,212.06,83.965,141.46
762.76,204.06,84.507,142.38
764.42,196.02,84.892,143.02
764.46,188.16,85.197,143.54
765.41,181.82,84.855,142.96
764.19,174.14,85.059,143.31
764.07,169.3,84.729,142.75
764.09,163.63,84.155,141.78
763.82,157.89,83.53,140.73
763.25,151.93,83.641,140.92
761.87,144.58,83.91,141.37
761.32,138.79,84.273,141.98
760.05,131.79,84.785,142.84
759.47,127.15,84.402,142.2
758.96,121.16,84.8,142.87
757.83,116.17,85.095,143.37
758.28,112.25,84.93,143.09
757.58,106.65,84.195,141.85
756.93,102.75,84.484,142.34
757.93,100.29,83.319,140.37
758.36,97.121,82.391,138.81
757.87,93.261,82.977,139.8
757.67,88.948,82.738,139.39
757.91,86.115,82.266,138.6
757.78,83.77,81.774,137.77
757.28,80.901,82.131,138.37
757,77.903,82.206,138.5
757.11,75.157,81.987,138.13
755.77,71.774,82.824,139.54
756.6,72.259,82.032,138.21
755.74,70.711,82.504,139
755.2,70.073,82.931,139.72
756.54,71.926,82.188,138.47
756.68,73.564,82.112,138.34
756.03,74.237,82.454,138.92
756.47,76.52,82.401,138.83
756.98,80.127,82.728,139.38
758.28,83.769,82.031,138.2
757.52,85.847,82.155,138.41
757.91,89.33,82.622,139.2
757.32,92.884,82.696,139.32
757.43,96.578,83.094,139.99
757.18,101.76,83.761,141.12
758.15,107.4,83.53,140.73
759.29,116.01,82.734,139.39
759.78,122.54,82.874,139.63
760.46,131.02,82.304,138.66
761.02,139.81,81.981,138.12
760.99,146.37,82.44,138.89
761.27,154.77,82.366,138.77
761.9,164.02,82.777,139.46
762.51,173.55,82.27,138.61
762.44,182.27,82.334,138.71
763.17,191.01,82.329,138.71
763.64,200.21,82.437,138.89
763.06,208.04,82.932,139.72
764.39,219.11,82.582,139.13
763.65,227.58,83.535,140.74
764.64,237.56,83.595,140.84
764.22,246.41,83.765,141.13
764.37,256.53,83.6,140.85
764.73,267.08,83.646,140.93
764.76,277.99,83.763,141.12
764.89,287.49,83.887,141.33
767.04,299.3,83.934,141.41
770.32,311.6,82.439,138.89
771.78,321.09,83.097,140
774.29,330.54,83.687,140.99
777.82,339.43,83.373,140.47
781.53,345.28,83.532,140.73
783.37,349.13,83.411,140.53
784.02,352.48,83.38,140.48
784.32,356.54,83.048,139.92
783.48,358.95,83.333,140.4
784.18,363.68,83.432,140.56
784.01,367.44,83.422,140.55
783.97,371.83,83.517,140.71
783.91,376.59,83.194,140.16
783.16,379.77,83.516,140.71
783.54,386.26,83.494,140.67
784.03,390.66,83.013,139.86
782.9,394.62,83.071,139.96
782.75,399.67,83.292,140.33
782.72,405.71,82.918,139.7
783.78,412.29,82.783,139.47
784.96,418.21,82.398,138.82
786.82,423.81,82.417,138.85
790.26,429.53,82.214,138.51
794.24,436.06,81.595,137.47
798.98,441.93,81.27,136.92
803.12,446.46,81.654,137.57
811.67,453.54,81.207,136.82
817.47,458.95,81.275,136.93
822.92,462.68,81.82,137.85
831.39,470.3,81.389,137.12
831.76,469.86,81.481,137.28
843.83,480.69,82.047,138.23
851.13,484.8,82.622,139.2
857.6,490.05,82.452,138.91
863.8,494.66,83.227,140.22
869.74,499.55,83.344,140.42
877.99,506.33,82.442,138.9
881.25,509.73,83.996,141.51
889.57,516.14,83.822,141.22
895.07,520.24,83.791,141.17
903.18,525.85,83.916,141.38
910.72,531.84,84.281,142
915.13,535.81,84.268,141.97
917.8,540.99,84.106,141.7
919.07,546.46,85.417,143.91
917.2,550.05,85.791,144.54
916.25,556.23,86.651,145.99
913.26,560.42,86.377,145.53
911.96,567.2,86.393,145.55
910.14,571.51,86.9,146.41
906.94,577.46,86.781,146.21
903.85,582.61,86.302,145.4
901.88,589.8,86.115,145.08
898.72,593.74,86.11,145.08
895.67,599.37,85.939,144.79
893.61,605.7,85.662,144.32
891.28,612.54,85.801,144.56
888.73,617.09,86.339,145.46
885.22,622.56,86.387,145.54
881.66,627.99,86.171,145.18
878.13,634.11,85.711,144.4
876.67,640.81,85.483,144.02
869.62,646.56,86.15,145.14
867.64,650.47,85.421,143.92
863.47,657.55,85.154,143.47
860.68,663.96,85.473,144
856.16,668.07,86.15,145.14
851.46,673.04,86.468,145.68
849.56,679.35,87.011,146.59
849.87,685.55,86.68,146.04
850.99,689.63,86.868,146.35
854.98,697.19,86.66,146
857.38,701.22,87.012,146.6
862.54,708.8,86.758,146.17
866.81,713.28,86.814,146.26
870.58,720.1,86.956,146.5
873.64,725.74,87.081,146.71
876.53,730.73,87.406,147.26
878.85,738.53,87.398,147.25
879.03,743.84,87.501,147.42
879.69,750.45,87.802,147.93
880.4,755.07,87.714,147.78
879.85,763.3,87.723,147.79
878.48,768.76,88.03,148.31
879.99,776.82,88.028,148.31
879.44,782.62,88.405,148.94
878.47,787.53,88.5,149.1
876.13,795.17,88.476,149.06
876.99,802.75,88.424,148.97
879.14,808.94,88.51,149.12
879.06,815.04,88.56,149.2
880.97,823.73,88.353,148.86
880.55,828.73,89.038,150.01
880.12,834.93,89.574,150.91
879.92,842.29,89.715,151.15
877.8,851.01,89.812,151.31
879.93,855.76,90.835,153.04
877.29,861.91,91.209,153.67
873.71,869.72,91.615,154.35
869.76,877.89,91.96,154.93
864.73,883.79,91.866,154.77
852.62,896,91.905,154.84
852.99,900.6,92.031,155.05
849.48,911.11,91.515,154.18
845.21,915.37,91.341,153.89
840.25,923.46,91.643,154.4
834.45,933.01,91.257,153.75
826.95,941.07,91.062,153.42
823.2,950.86,90.915,153.17
816.29,958.15,90.36,152.24
811.73,960.85,90.16,151.9
804,966.83,90.016,151.66
804.64,973.32,89.084,150.09
797.03,975.9,89.248,150.36
797.25,988.01,88.95,149.86
790.41,1041,89.338,150.51
781.01,1042.3,89.713,151.15
733.51,1039.6,91.13,153.53
734.24,1042.8,92.771,156.3
728.19,1044.9,93.639,157.76
754.99,1026.6,94.905,159.9
739.21,982.64,94.323,158.91
714.72,1044.4,94.831,159.77
706.62,1049.6,95.83,161.45
698.82,1047.9,96.89,163.24
696.32,1047.1,96.874,163.21
694.69,1050.8,97.638,164.5
683.21,1049,97.492,164.25
716,1039.4,97.282,163.9
702.8,1051.5,98.138,165.34
770.61,958.21,97.114,163.62
708.04,878.34,96.42,162.45
693.88,825.13,95.915,161.6
763.13,821.01,95.654,161.16
835.35,843.83,96.219,162.11
847.98,903.82,96.18,162.04
776.15,967.14,95.516,160.92
779,962.95,94.78,159.68
839.46,960.85,94.695,159.54
767.71,977.05,94.277,158.84
768.83,973.22,93.909,158.22
771.44,970.12,93.082,156.82
775.71,972.36,92.675,156.14
740.31,912.68,92.207,155.35
776.75,968.12,91.697,154.49
848.48,961.27,91.198,153.65
789.1,909.82,91.603,154.33
718.96,978.92,91.411,154.01
708.61,972.55,90.898,153.14
682.36,977.49,90.838,153.04
635.17,962.92,90.631,152.69
673.4,896.41,90.061,151.73
706.01,903.41,90.19,151.95
709.14,974.4,90.039,151.7
710.01,973.72,89.647,151.04
701.48,970.76,88.995,149.94
715.62,966.68,88.608,149.29
720.46,969.78,87.994,148.25
721.6,969.28,88.043,148.33
710.12,961.79,88.059,148.36
711.79,967.82,87.728,147.8
713.85,948.14,87.541,147.49
637.05,929.27,87.198,146.91
629.1,926.68,87.29,147.06
577.57,926.15,86.993,146.56
613.92,863.15,86.776,146.2
603.13,848.62,86.931,146.46
607.81,867.92,85.919,144.76
602.95,867.2,85.661,144.32
569.37,841.91,84.709,142.72
627.89,894.92,85.105,143.38
726.99,913.55,85.034,143.26
748.6,937,85.458,143.98
773.92,949.22,85.414,143.9
818.8,872.72,85.155,143.47
822.76,844.01,85.724,144.43
707.8,924.6,85.708,144.4
688.13,920.58,85.91,144.74
712.88,918.23,86.154,145.15
713.04,923.43,85.813,144.58
704.34,920.9,85.937,144.79
709.78,921.41,85.979,144.86
713.84,922.62,85.765,144.5
708.19,922.59,86.122,145.1
778.14,910.72,86.856,146.33
708.3,920.86,86.816,146.27
710.96,922.42,87.562,147.52
706.82,921.91,87.569,147.54
709.35,921.62,87.857,148.02
710.97,920.92,87.984,148.23
709.23,921.02,87.601,147.59
708.55,913.02,87.627,147.63
706.88,918.63,87.751,147.84
703.07,914,87.982,148.23
689.69,863.97,88.244,148.67
695.46,841.52,88.599,149.27
704.84,919.01,88.577,149.23
718.26,919.5,88.647,149.35
755.56,919.54,88.834,149.67
692.22,847.01,89.079,150.08
695.59,842.09,89.381,150.59
691.77,837.59,89.266,150.39
718.08,839.58,89.374,150.58
729.59,865.8,89.853,151.38
697.6,856.91,89.977,151.59
708.1,846.88,90.052,151.72
743.23,857.07,89.968,151.58
802.03,786.36,89.559,150.89
806.94,827.75,89.689,151.11
771.4,848.47,89.43,150.67
691.14,844.23,89.436,150.68
689.56,737.3,89.395,150.61
680.68,687.38,89.011,149.96
671.19,664.15,88.868,149.72
730.57,539.39,88.772,149.56
679.36,597.19,88.883,149.75
647.87,607.39,88.719,149.47
695.74,596.94,88.511,149.12
659.8,601.64,88.342,148.84
657.17,599.38,88.504,149.11
669.42,590.35,88.018,148.29
621.75,620.28,88.177,148.56
544.96,509.34,88.071,148.38
497.51,598.58,87.862,148.03
532.4,517.21,87.708,147.77
528.36,508.21,87.312,147.1
551.46,552.63,86.559,145.83
547.06,563.6,86.516,145.76
482.21,519.66,86.707,146.08
444.69,523.16,87.227,146.96
487.03,522.61,87.114,146.77
480.56,521.47,86.915,146.43
487.09,442.1,86.632,145.96
451.84,433.99,86.591,145.89
530.45,408.06,86.306,145.41
517.11,441.21,86.738,146.13
621.47,387.34,86.29,145.38
635.83,389.05,86.336,145.46
558.76,365.54,86.151,145.15
481.72,436.88,86.253,145.32
527.55,360.68,86.258,145.33
534.73,394.38,86.088,145.04
471.32,426.47,85.509,144.06
526.49,448.52,85.372,143.83
483.24,420.6,84.85,142.95
475.56,356.24,85.188,143.52
477.59,341.24,85.425,143.92
493.7,386.86,85.811,144.57
485.73,399.74,85.544,144.12
484.56,341.16,85.578,144.18
526.53,280.91,85.2,143.54
519.17,328.47,85.107,143.39
485.17,320.69,85.357,143.81
520.29,255.84,85.351,143.8
509.52,253.96,85.172,143.5
523.86,256.6,84.914,143.06
487.66,268.67,84.954,143.13
475.87,319.22,85.035,143.27
467.1,285.84,84.455,142.29
476.63,252.61,84.278,141.99
518.4,254.85,83.973,141.48
452.33,253.57,83.967,141.47
492.13,257.22,83.212,140.19
468.43,242.88,82.886,139.64
481.16,254.23,82.628,139.21
473.26,206.88,82.821,139.54
470.48,215.59,82.027,138.2
485.81,211.34,81.882,137.95
515.22,201.82,81.673,137.6
481.25,209.45,81.283,136.94
476.98,164.34,81.329,137.02
497.3,110.51,81.66,137.58
479.08,130.78,82.03,138.2
514.24,113.97,81.404,137.15
471.96,154.46,80.998,136.46
447.86,168.12,81.435,137.2
465.3,144.09,81.39,137.13
465.77,147.56,80.761,136.06
457.47,136.6,80.729,136.01
470.19,115.69,80.406,135.47
458.83,127.63,79.771,134.4
467.38,80.312,79.465,133.88
470.11,82.349,79.238,133.5
466.04,2.5831,79.449,133.85
464.78,79.86,78.816,132.79
427.41,47.343,78.402,132.09
396.33,48.525,78.128,131.63
461.86,40.201,77.917,131.27
501.11,0.22968,77.972,131.37
511.51,3.4308,78.375,132.04
462.15,6.036,78.066,131.52
458.67,5.5353,78.517,132.28
504.79,-12.935,78.013,131.43
502.78,-15.069,77.285,130.21
525.75,-15.104,76.879,129.52
487.33,-55.886,77.098,129.89
436.56,11.259,76.837,129.45
432.06,43.316,76.714,129.25
473.27,59.983,76.423,128.76
382.74,75.942,76.754,129.31
368.74,182.97,77.713,130.93
429.04,190.7,78.023,131.45
378.84,118.84,78.118,131.61
354.64,193.93,78.969,133.05
348.97,191.31,79.652,134.2
353.99,188.55,79.796,134.44
334.37,220.99,80.388,135.44
302.71,229.28,80.746,136.04
335.02,214.56,80.983,136.44
339.09,215.22,81.304,136.98
354.27,187.2,81.711,137.67
428.38,141.98,82.032,138.21
471.17,143.51,81.777,137.78
421.15,206.21,81.772,137.77
475.79,154.68,81.187,136.78
425.68,187.93,81.306,136.98
421.92,190.42,81.479,137.27
420.32,147.4,82.195,138.48
421.25,103.39,82.234,138.55
459.06,154.62,82.203,138.49
427.1,164.44,82.257,138.58
421.01,75.919,82.541,139.06
454.58,63.627,83.583,140.82
457.18,50.198,83.793,141.17
464.73,46.212,84.178,141.82
536.42,37.934,83.793,141.17
551.46,42.157,84.082,141.66
562.6,111.3,84.396,142.19
539.22,100.18,84.342,142.1
474.18,81.26,84.299,142.02
414.35,51.67,84.462,142.3
415.79,-7.5605,84.197,141.85
459.49,5.4349,84.633,142.59
450.26,-2.7866,84.572,142.49
452.27,27.607,84.982,143.18
414.8,70.63,84.886,143.01
471.24,86.461,85.449,143.96
500.09,163.9,85.439,143.95
506.8,239.49,85.717,144.41
473.61,184.23,85.322,143.75
507.55,209.9,85.211,143.56
552.56,301.56,85.276,143.67
548.16,294,85.796,144.55
558.19,310.85,86.5,145.73
547.76,386.56,86.885,146.38
443.1,476.38,87.379,147.21
366.91,513.12,87.656,147.68
365.81,512.71,88.37,148.88
364.9,514.53,88.708,149.45
366.73,515.91,89.212,150.3
368.38,516.01,89.662,151.06
368.81,519.46,90.308,152.15
369.36,517.79,90.549,152.56
369.34,520.27,90.912,153.17
368.74,521.61,91.139,153.55
370.7,475.54,91.318,153.85
367.66,473.24,91.905,154.84
370.12,475.18,92.06,155.1
371.92,477.05,92.304,155.51
368.8,478.17,92.559,155.94
371.27,479.64,92.788,156.33
371.75,481.23,93.358,157.29
370.53,481.37,92.962,156.62
370.09,482.23,92.753,156.27
370.99,484.27,92.581,155.98
371.03,486.34,92.835,156.41
372.95,488.78,93.019,156.72
369.58,488.83,92.95,156.6
370.81,489.61,93.459,157.46
370.44,492.47,93.175,156.98
370.31,493.24,92.951,156.6
370.61,496.99,92.861,156.45
370.32,500.25,92.119,155.2
372.07,502.69,92.463,155.78
369.95,503.39,92.577,155.97
371.26,505.4,93.026,156.73
365.59,504.72,93.484,157.5
367.93,507.93,93.71,157.88
366.47,509.7,93.94,158.27
367.39,512.19,93.675,157.82
368.27,514.76,93.32,157.22
369.31,518.62,93.348,157.27
367.56,521.92,92.296,155.5
369.36,524.71,91.718,154.52
368.68,528.47,91.297,153.82
368.09,530.23,90.772,152.93
367.78,533.87,89.902,151.47
368.8,537.66,89.146,150.19
369.08,541.53,88.364,148.87
367.73,544.35,88.012,148.28
370.28,548.3,88.129,148.48
369.04,550.17,87.853,148.01
368.52,552.06,88.03,148.31
369.91,554.69,88.231,148.65
369.3,556.9,88.538,149.17
370.08,558.57,88.505,149.11
368.64,559.95,88.998,149.94
369.56,562.13,89.712,151.15
370.13,565.49,89.917,151.49
370.03,568.33,89.523,150.83
369.88,571.09,89.573,150.91
370.57,573.27,90.285,152.11
370.56,576.5,90.099,151.8
370.9,578.52,90.374,152.26
371.47,580.96,90.84,153.04
370.27,582.48,91.248,153.73
371.04,584.96,91.482,154.13
371.92,588.21,91.374,153.95
370.39,589.83,91.552,154.24
370.74,593.51,91.69,154.48
371.13,595.87,91.753,154.58
370.31,598.05,91.918,154.86
370.57,601.31,91.85,154.75
370.85,604.65,91.544,154.23
372.44,608.54,91.701,154.5
373.27,612.3,91.488,154.14
373.86,615.24,91.229,153.7
371.9,618.06,91.425,154.03
372.87,619.98,91.353,153.91
373.67,622.95,91.792,154.65
373.21,626,91.736,154.56
373.38,627.54,92.006,155.01
374.19,630.17,92.217,155.37
374.47,633.21,92.844,156.42
374.15,636.28,93.451,157.44
374.39,639.08,93.507,157.54
373.3,640.34,93.625,157.74
373.42,644.82,93.396,157.35
374.19,647.99,93.432,157.41
375.04,653.03,92.688,156.16
375.57,656.61,92.413,155.7
374.1,659.67,92.346,155.58
375.05,662.09,91.975,154.96
374.38,664.61,92.015,155.03
375.98,668.41,92.568,155.96
374.72,670.89,92.393,155.66
374.81,673.12,92.29,155.49
375.13,676.81,92.839,156.41
374.98,681.18,91.851,154.75
373.55,683.77,91.575,154.28
374.87,687.61,91.313,153.84
374.16,689.42,91.377,153.95
374.06,692.23,91.561,154.26
374.86,696.08,91.7,154.49
374.9,700.41,91.543,154.23
375.23,702.21,91.743,154.57
373.25,704.32,91.581,154.29
375.01,708.27,91.679,154.46
374.63,711.24,91.468,154.1
374.26,714.87,91.286,153.8
372.8,715.73,91.281,153.79
373.49,719.94,90.86,153.08
375,723.11,90.734,152.87
373.68,723.56,91.245,153.73
373.76,727.2,90.75,152.89
373.68,729.53,90.761,152.91
373.98,730.79,91.08,153.45
374.26,734.91,91.17,153.6
372.98,736.83,91.303,153.83
372.83,738.84,91.304,153.83
372.41,740.89,91.366,153.93
372.77,740.21,91.946,154.91
372.99,737.54,92.274,155.46
373.58,734.22,93.057,156.78
372.17,728.74,93.115,156.88
372.7,725.05,93.034,156.74
372.05,721.35,92.959,156.62
372,716.62,92.921,156.55
371.65,712.66,92.886,156.49
372.47,709.33,92.361,155.61
371.84,704.13,92.459,155.77
371.06,699.14,92.51,155.86
370,694.36,92.457,155.77
370.89,689.55,92.401,155.68
369.55,684.24,92.035,155.06
369.61,678.98,92.033,155.06
369.47,673.71,91.841,154.73
367.92,666.61,91.522,154.19
368.35,660.87,91.577,154.29
367.31,655.2,91.206,153.66
366.95,646.75,91.112,153.5
366.09,640.08,91.258,153.75
364.76,632.32,91.159,153.58
363.94,625.24,91.03,153.37
363.67,618.8,90.798,152.97
363.71,610.93,90.798,152.98
366.04,603.83,90.682,152.78
373.15,593.59,90.224,152.01
384.68,585.37,89.956,151.56
397.38,576.09,90.087,151.78
409.64,566.13,90.203,151.97
428.21,553.81,90.743,152.88
452.16,540.28,91.76,154.6
478.79,530.13,92.739,156.25
506.02,518.3,93.681,157.83
534.96,504.74,94.774,159.67
562.52,493.9,95.753,161.32
593.82,476.78,96.75,163
623.22,469.07,97.406,164.11
655.22,459.25,98.071,165.23
689.13,448.48,98.615,166.15
720.96,437.96,99.149,167.05
760.29,428.45,99.041,166.86
798,419.53,99.407,167.48
833.03,407.52,99.529,167.68
862.29,398.03,99.719,168
888.64,398.69,99.49,167.62
917.46,386.67,98.599,166.12
934.03,379.56,98.325,165.66
946.86,378.51,97.788,164.75
954.18,372.24,96.852,163.17
957.34,367.76,96.452,162.5
960.82,366.55,96.021,161.77
960.68,360.21,95.922,161.61
962.78,355.87,96.049,161.82
964.83,352.07,95.903,161.57
967.99,348.6,95.557,160.99
972.32,348.04,95.086,160.2
975.61,344.92,94.207,158.72
984.39,339.64,94.168,158.65
1002.7,336.91,94.605,159.39
1029.4,330.8,95.039,160.12
1052.7,331.83,95.57,161.02
1080.4,326.93,95.603,161.07
1099.3,322.97,95.287,160.54
1114.3,319.34,95.01,160.07
1127.7,316.5,94.748,159.63
1136,313.55,94.335,158.93
1144.7,309.42,94.573,159.34
1151.1,307.96,94.16,158.64
1153.2,304.12,93.689,157.85
1156.5,300.03,92.959,156.62
1157.8,296.2,92.511,155.86
1159.4,290.46,92.063,155.11
1163,285.81,91.79,154.65
1164.1,279.61,91.576,154.29
1166.5,274.21,91.556,154.25
1167.9,269.12,91.046,153.39
1168.9,264.02,90.455,152.4
1169.7,258.75,89.89,151.45
1169.7,253.63,88.99,149.93
1167.9,247.13,88.618,149.3
1166.8,242.35,88.134,148.49
1164.8,236.65,87.971,148.21
1162.4,230.61,87.556,147.51
1160.2,224.57,87.117,146.77
1156.9,216.28,87.05,146.66
1155,211.17,87.254,147
1150.6,203.89,87.525,147.46
1149.3,198.74,87.424,147.29
1146.7,193.65,87.184,146.89
1144,187.21,87.12,146.78
1141.4,181.16,87.369,147.2
1139.7,176.44,87.253,147
1136.7,168.77,87.331,147.13
1133.9,161.59,87.489,147.4
1132.3,156.2,87.246,146.99
1128.5,148.44,87.576,147.55
1127.2,143.16,87.538,147.48
1124.2,136.73,87.688,147.73
1121.3,128.9,88.014,148.28
1120,123.05,88.103,148.43
1117.5,116.65,88.106,148.44
1114.9,110.01,88.247,148.68
1110.8,102.3,88.643,149.34
1109.3,96.54,88.548,149.18
1107.5,90.088,88.528,149.15
1105.5,83.84,88.33,148.82
1102.4,76.45,88.647,149.35
1100.7,70.368,88.752,149.53
1098.8,64.259,88.88,149.74
1095.8,56.959,89.188,150.26
1094.2,52.269,89.023,149.98
1091.8,45.122,89.064,150.05
1089.6,39.222,89.062,150.05
1088.2,33.264,89.072,150.07
1086.5,26.928,89.131,150.17
1085.2,22.062,89.322,150.49
1084.2,16.889,88.93,149.83
1082,9.6023,89.616,150.98
1080.8,4.2822,89.328,150.5
1081.3,0.7232,89.056,150.04
1080.4,-5.5529,88.986,149.92
1080.4,-10.093,89.081,150.08
1080.2,-15.034,88.817,149.64
1081.3,-19.398,88.711,149.46
1082.6,-22.932,87.984,148.23
1084.6,-26.958,87.431,147.3
1086.3,-31.517,86.864,146.35
1088.4,-34.885,86.088,145.04
1089.6,-40.067,86.06,144.99
1093.2,-44.243,85.766,144.5
1098.5,-47.657,85.586,144.19
1102.5,-52.004,85.346,143.79
1109.4,-53.745,84.925,143.08
1116.5,-54.431,85.125,143.42
1125.1,-53.666,84.831,142.92
1132.6,-54.466,85.038,143.27
1143.1,-51.915,84.944,143.11
1151.6,-49.89,84.751,142.79
1161.7,-44.964,84.603,142.54
1170.3,-38.4,84.698,142.7
1175.7,-30.06,84.787,142.85
1180.6,-23.673,85.131,143.43
1185.6,-14.698,85.231,143.6
1189.8,-7.3185,85.591,144.2
1191,0.042572,86.22,145.26
1193.7,8.3807,86.757,146.17
1194.5,15.233,86.761,146.17
1195.1,22.796,87.153,146.83
1196.1,30.523,87.045,146.65
1196.6,38.845,87.125,146.79
1196,44.987,87.309,147.1
1194.7,52.576,87.463,147.36
1193.6,60.36,87.691,147.74
1191.3,67.277,87.957,148.19
1189.6,75.47,88.082,148.4
1187.2,83.044,88.361,148.87
1183.8,88.247,89.038,150.01
1182.4,95.613,89.636,151.02
1181.2,102.9,89.704,151.13
1180.8,112.54,89.574,150.91
1180,119.69,89.968,151.58
1180.9,128.22,89.995,151.62
1181.2,135.72,89.957,151.56
1185.1,144.13,89.997,151.63
1186.6,150.79,90.147,151.88
1190.5,158.78,90.275,152.09
1196,166.75,90.584,152.61
1202,173.25,90.75,152.89
1213.6,182.7,91.112,153.5
1228.9,191.57,91.099,153.48
1244.3,200.48,90.793,152.97
1255.7,207.46,90.941,153.22
1265.7,217.57,91.011,153.33
1274.1,225.27,91.181,153.62
1281.4,232.05,91.262,153.76
1287.4,240.11,91.539,154.22
1296,249.83,91.427,154.04
1301.3,256.95,91.468,154.1
1308.7,266.88,91.516,154.19
1315.1,275.11,91.385,153.96
1319.9,281.62,92.193,155.32
1328.1,291.89,92.428,155.72
1335.2,298.27,92.252,155.42
1343.6,308.48,92.062,155.1
1350.3,316.2,92.061,155.1
1358.5,324.65,92.168,155.28
1364.7,332.73,92.148,155.25
1371.9,341.83,92.062,155.1
1377.9,349.19,92.478,155.81
1384,355.92,92.895,156.51
1390.8,363.58,93.395,157.35
1396.5,373.37,92.859,156.45
1402.6,382.2,92.618,156.04
1406.8,390.67,91.88,154.8
1410.1,398.55,92.249,155.42
1415.6,407.14,92.226,155.38
1421.7,415.12,92.477,155.8
1427.5,422.5,92.552,155.93
1434.5,432.11,92.304,155.51
1443.4,440.62,92.464,155.78
1450.1,448.36,93.35,157.27
1460.1,457.92,93.108,156.87
1468.3,466.16,92.926,156.56
1477.3,474.79,93.146,156.93
1486,483.99,93.128,156.9
1492.1,492.63,93.325,157.23
1497.6,501.25,93.062,156.79
1500.4,507.36,92.684,156.15
1502.7,506.42,92.809,156.36
1504.6,498.1,92.455,155.77
1502.6,486.62,92.626,156.05
1505.8,476.33,91.951,154.92
1502.9,464.53,91.827,154.71
1503.7,452.79,91.756,154.59
1503.6,439.72,92.03,155.05
1502.6,429.57,91.671,154.45
1503.2,417.2,91.228,153.7
1500.4,404.25,90.904,153.15
1499.6,393.22,90.853,153.07
1496.9,379.53,91.083,153.45
1494.3,367.07,91.06,153.42
1492.2,351.97,91.625,154.37
1489,339.39,91.222,153.69
1484.5,325.01,91.422,154.03
1480.3,311.7,91.786,154.64
1476.6,298.36,91.815,154.69
1471.3,283.72,92.355,155.6
1466.9,268.4,92.712,156.2
1462.9,255.35,92.785,156.32
1458.7,242.73,93.205,157.03
1454.4,233.38,93.234,157.08
1452,228.38,93.682,157.83
1449.7,224.99,94.398,159.04
1452.9,228.23,94.063,158.48
1452.1,231.28,94.448,159.12
1459,240.88,94.411,159.06
1465,247.56,94.703,159.55
1469.6,252.57,95.121,160.26
1476.5,260.25,95.638,161.13
1482.1,267.28,96.132,161.96
1486.3,272.17,95.93,161.62
1489.9,278.59,96.171,162.03
1494,285.28,96.52,162.62
1497.6,293.28,96.358,162.34
1501.1,299.15,96.231,162.13
1504.9,305.52,96.183,162.05
1506.9,310.92,96.232,162.13
1507.6,317.69,96.067,161.85
1510.3,322.41,96.433,162.47
1510.1,321.91,96.854,163.18
1515.9,331.85,97.575,164.39
1515.1,331.24,98.838,166.52
1523.1,343.82,98.833,166.51
1525.5,348.75,98.74,166.35
1527.6,353.15,98.941,166.69
1528.6,361.35,98.169,165.39
1528.2,361.5,98.527,166
1531.8,371.01,98.014,165.13
1533.5,376.76,97.949,165.02
1534.1,381.95,97.964,165.05
1534.3,386.08,97.387,164.08
1532.7,390.07,97.826,164.82
1526.9,391.98,98.681,166.26
1529,396.94,99.61,167.82
1527.6,399.03,100.09,168.63
1528.5,405.19,100.55,169.4
1528,404.34,101.1,170.33
1514.9,403.82,101.59,171.16
1528,417.22,101.45,170.93
1527.7,416.86,101.67,171.29
1517.8,416.59,101.62,171.2
1509.7,423.71,101,170.17
1526.3,422.59,101.02,170.2
1538.8,434.94,101.7,171.35
1538.9,438.07,102.58,172.83
1546.9,450.65,102.44,172.58
1547.1,449.98,102.7,173.03
1552,460.02,102.39,172.5
1552.7,460.83,101.69,171.33
1559.2,471.36,101.02,170.19
1558.8,473.19,100.26,168.91
1558.7,473.56,99.65,167.89
1567.8,484.97,98.751,166.37
1568.8,488.5,98.621,166.15
1531.2,470.93,98.35,165.7
1533.5,473.24,98.484,165.92
1543.7,476.2,98.582,166.09
1539.4,487.13,98.139,165.34
1549.2,490.82,97.778,164.73
1555.9,490.38,97.194,163.75
1561.2,498.81,96.184,162.05
1570.3,501.59,95.711,161.25
1573.7,507.58,95.208,160.41
1580,510.49,94.639,159.45
1584.2,513.03,94.757,159.64
1590.9,516.8,94.351,158.96
1599,519.2,94.301,158.88
1602.9,520.86,94.263,158.81
1603.6,527.18,93.657,157.79
1608.3,527.24,93.251,157.11
1609.2,534.17,92.294,155.49
1612.4,531.75,92.506,155.85
1612.9,533.25,92.52,155.88
1615.2,531.51,93.182,156.99
1615.1,536.68,92.389,155.65
1612.9,538.57,91.567,154.27
1616,539.8,91.421,154.03
1617.5,536.48,92.202,155.34
1614.5,542.05,91.752,154.58
1614.8,537.4,92.531,155.89
1611.7,539.99,92.051,155.09
1613.1,540.73,91.832,154.72
1606.7,542.4,91.433,154.04
1606.3,543.84,90.511,152.49
1606.8,545.21,89.938,151.53
1604.9,544.56,89.5,150.79
1599.6,545.32,89.021,149.98
1596.8,546.14,88.282,148.74
1593.2,546.36,87.314,147.1
1590.2,545.17,87.653,147.68
1588.4,545.44,87.16,146.85
1582.8,543.37,87.331,147.13
1578.2,543.17,86.908,146.42
1578,545.77,85.932,144.78
1574.7,542.14,86.009,144.91
1570.4,539.25,86.693,146.06
1567.2,539.02,86.196,145.22
1564.5,537.48,86.22,145.26
1563.7,538.47,85.715,144.41
1562.4,538.04,85.008,143.22
1559.4,537.26,84.993,143.2
1557.3,536.36,84.713,142.72
1556.5,536.03,84.236,141.92
1553.1,532.93,84.248,141.94
1552.6,530.86,84.223,141.9
1550.5,530.56,84.196,141.85
1550.8,527.76,84.554,142.46
1550,527.55,84.26,141.96
1546.3,524.52,84.229,141.91
1543.8,521.98,84.195,141.85
1543.9,519.36,84.211,141.88
1543.1,518.21,84.042,141.59
1543.4,517.96,83.077,139.97
1541.3,515.88,82.368,138.77
1543.3,513.69,82.198,138.49
1541.3,512.44,81.733,137.7
1539.3,509.98,81.29,136.96
1534.2,505.18,81.482,137.28
1535,502.95,81.456,137.24
1536.3,500.85,81.393,137.13
1536.3,497.84,81.337,137.04
1534.2,494.84,81.417,137.17
1532.1,492.5,81.068,136.58
1533.5,490.84,80.668,135.91
1536.3,489.46,79.996,134.78
1530.1,483.8,80.028,134.83
1530.5,479.64,80.456,135.55
1532.1,476.6,80.545,135.7
1533.8,473.46,80.301,135.29
1533.5,469.8,80.182,135.09
1536.7,468.79,79.709,134.29
1539,464.95,79.54,134.01
1538.6,460.91,79.84,134.51
1539.6,459.67,79.368,133.72
1535.8,457.32,78.895,132.92
1533.2,449.2,79.709,134.29
1535.1,445.7,79.962,134.72
1535.4,445.6,79.627,134.15
1536.2,443.56,79.197,133.43
1536.7,440.19,79.051,133.18
1536.4,435.63,79.379,133.74
1539.2,431.89,80.076,134.91
1548.1,430.04,80.67,135.91
1532.7,421.05,80.443,135.53
1538,418.62,80.245,135.2
1536.9,414,80.527,135.67
1537.8,413.96,80.68,135.93
1532,400.63,81.357,137.07
1518.5,433.16,81.192,136.79
1529.9,395.3,81.193,136.79
1528.9,391.5,81.681,137.61
1536,395.55,81.502,137.31
1527.8,388.18,81.579,137.44
1529,387.76,81.466,137.25
1528.6,384.36,81.353,137.06
1529.1,381.9,81.242,136.87
1533,384.28,80.797,136.12
1530.4,379.54,80.791,136.12
1531.7,379.24,80.5,135.62
1526.1,372.48,80.53,135.68
1527.8,372.62,79.883,134.58
1527.2,370.65,79.358,133.7
1527.2,369.52,79.239,133.5
1527.8,367.73,79.057,133.19
1528.6,365.97,78.846,132.84
1526.7,362.86,78.166,131.69
1529,362.78,77.273,130.19
1527.4,361.49,76.689,129.2
1526.2,357.47,77.102,129.9
1525.5,358.72,76.256,128.47
1523.5,354.52,76.217,128.41
1521.9,350.67,76.586,129.03
1520.2,349.89,75.819,127.74
1519.4,346.35,76.106,128.22
1516.6,342.52,76.05,128.13
1514.8,340.02,76.175,128.34
1511.8,338.27,75.535,127.26
1509,332.36,76.126,128.26
1505.1,325.69,76.648,129.14
1504.6,323.87,76.575,129.01
1504.1,322.99,76.2,128.38
1502.3,317.85,76.696,129.22
1500.8,314.95,76.22,128.41
1498.8,310.94,75.759,127.64
1497.4,307.8,75.322,126.9
1493.6,301.02,75.887,127.85
1492.8,298.41,75.782,127.68
1491.3,293.9,75.907,127.89
1490.8,290.09,75.387,127.01
1490.6,287.15,74.707,125.86
1489.1,282.53,74.229,125.06
1487.5,279.89,73.658,124.1
1486.1,275.17,73.384,123.64
1481.3,267.9,73.219,123.36
1481,263.21,73.17,123.27
1480.6,259.66,72.575,122.27
1481.5,256.41,71.858,121.06
1483.6,254.29,71.442,120.36
1481.3,249,70.336,118.5
1480.3,244.42,69.719,117.46
1479.1,237.25,69.737,117.49
1478.6,231.61,69.376,116.88
1480,229.24,68.705,115.75
1479.4,222.56,68.505,115.42
1478.2,217.62,68.374,115.19
1479.4,213.93,68.244,114.98
1479.3,207.74,67.851,114.31
1479.6,203.38,67.196,113.21
1479.3,197.12,67.259,113.32
1478.6,193.34,66.788,112.52
1479.2,187.75,66.972,112.83
1479.4,185.29,66.291,111.69
1480.9,180.38,65.702,110.69
1482.4,175.98,65.12,109.71
1482.6,171.52,64.833,109.23
1484.7,166.44,64.474,108.62
1484.5,163.22,64.123,108.03
1486,157.62,63.914,107.68
1487.4,152.69,63.744,107.4
1488.5,149.67,63.31,106.66
1490.1,145.82,62.73,105.69
1490.8,142.24,62.313,104.98
1490.7,136.4,62.308,104.97
1492.7,131.42,62.263,104.9
1491.9,125.54,62.515,105.32
1492.6,120.76,62.679,105.6
1495.6,119.19,62.296,104.96
1497.9,115.64,62.255,104.89
1499.9,110.23,62.497,105.29
1503.1,106.68,62.274,104.92
1503.4,103.05,61.658,103.88
1506.7,101.27,60.976,102.73
1509.1,99.248,60.744,102.34
1511.4,96.251,60.367,101.71
1514.1,93.029,60.162,101.36
1515.5,89.065,59.485,100.22
1515.8,83.48,59.397,100.07
1518.3,80.884,58.991,99.387
1518.5,76.6,58.76,98.997
1522.1,75.08,58.406,98.401
1523.4,70.187,58.262,98.158
1524.7,66.542,58.061,97.82
1526.4,62.532,57.931,97.602
1527.6,60.706,57.726,97.255
1529.5,59.218,57.572,96.995
1529.9,56.447,57.211,96.389
1530.5,51.997,57.309,96.553
1529.6,46.726,57.18,96.337
1530.9,44.788,56.969,95.981
1531.6,42.054,57.163,96.306
1530.8,39.576,57.066,96.144
1527.4,34.995,57.418,96.737
1522.4,29.288,57.741,97.282
1516.1,25.247,57.861,97.484
1507.6,20.19,58.021,97.753
1501.6,18.389,57.647,97.123
1494.3,14.636,57.193,96.358
1483.3,12.293,56.764,95.635
1471.9,7.373,56.179,94.649
1457.8,2.0464,56.097,94.511
1445.6,-1.2543,55.573,93.629
1430.4,-4.8347,55.293,93.157
1415.3,-8.504,55.073,92.786
1400.6,-11.881,54.818,92.357
1386.7,-15.878,54.102,91.15
1374.5,-21.315,54.189,91.296
1365.6,-23.577,54.012,90.999
1357,-27.556,54.342,91.554
1348.7,-29.687,54.356,91.578
1341.1,-32.515,54.042,91.05
1332,-36.136,53.782,90.611
1324.9,-39.075,53.676,90.432
1316.7,-40.607,53.41,89.984
1310.7,-41.803,52.906,89.135
1300.8,-45.36,53.007,89.305
1295.1,-47.889,52.924,89.165
1287,-51.626,53.025,89.335
1281.9,-53.655,52.866,89.068
1278.7,-54.354,52.549,88.534
1279.6,-54.122,52.364,88.223
1281.6,-56.858,52.504,88.458
1285.7,-58.032,52.024,87.649
1285.5,-61.486,52.135,87.836
1284.3,-68.786,53.215,89.655
1284.9,-70.795,54.042,91.049
1270.2,-8.5685,53.717,90.501
1289,-75.029,54.422,91.689
1292.3,-80.231,55.816,94.038
1294.4,-82.17,56.706,95.537
1297.5,-85.979,57.877,97.511
1327.1,-42.441,57.524,96.915
1334.4,-12.257,56.741,95.596
1296.8,-7.8757,56.713,95.549
1220.5,0.53299,57.086,96.177
1223.7,-3.2462,56.783,95.668
1226,-5.5017,56.831,95.749
1228.6,-8.2002,57.127,96.247
1230.3,-10.856,57.343,96.61
1232.2,-14.832,56.86,95.797
1239.6,-14.183,56.604,95.366
1237.9,-19.424,56.599,95.357
1240.4,-22.153,56.38,94.987
1243.5,-23.56,56.228,94.732
1247.4,-26.195,55.858,94.109
1248.7,-31.069,56.168,94.631
1252.7,-34.235,56.237,94.748
1256.2,-37.221,55.691,93.827
1259.3,-39.345,55.081,92.799
1262.1,-42.462,55.033,92.719
1264.4,-47.449,55.373,93.292
1267.8,-50.534,54.726,92.201
1270.6,-54.457,54.745,92.234
1275.2,-58.304,54.737,92.22
1277.2,-60.845,54.77,92.275
1281,-64.918,54.919,92.527
1282.2,-74.665,55.617,93.703
1280.8,-52.558,55.038,92.728
1278.6,-61.188,54.62,92.023
1287.7,-81.025,54.978,92.627
1290.9,-83.632,55,92.663
1293,-87.867,55.897,94.174
1316.5,-19.737,55.835,94.07
1391,-31.605,55.749,93.926
1420.5,-30.117,55.248,93.08
1390.1,-34.757,55.203,93.006
1373,-11.815,55.242,93.071
1382.7,-29.434,54.856,92.42
1384.7,-36.293,55.067,92.777
1369.7,-15.009,55.437,93.399
1331.2,-48.86,55.532,93.56
1332.5,-56.151,55.417,93.365
1375.3,-43.612,55.429,93.386
1374.1,-40.459,55.433,93.393
1354,-13.458,55.18,92.966
1397.9,-34.975,54.851,92.411
1404.2,8.9422,55.763,93.949
1434.5,-0.88171,55.868,94.125
1433.8,-2.3413,55.814,94.034
1461.6,13.104,54.91,92.511
1425.1,88.827,54.785,92.302
1424.8,88.407,54.731,92.21
1423.3,89.484,54.958,92.592
1421.4,88.393,54.476,91.78
1392.5,66.579,54.941,92.564
1422.3,90.31,55.323,93.207
1426.8,91.783,55.183,92.972
1421.4,92.181,55.51,93.522
1426.3,90.849,55.262,93.104
1421.3,89.383,54.982,92.632
1419.1,93.954,55.077,92.793
1422.1,92.859,55.314,93.192
1422.9,93.992,55.396,93.33
1425,92.877,55.154,92.923
1418.8,87.864,54.851,92.411
1421.2,95.125,55.233,93.056
1418.9,94.997,55.363,93.275
1421.7,94.45,54.999,92.661
1416.5,94.315,54.459,91.752
1416.5,95.164,54.523,91.859
1419,95.688,54.369,91.6
1374.9,34.662,54.293,91.472
1374.7,36.611,54.366,91.595
1375.4,37.252,54.58,91.956
1375.1,37.559,54.536,91.882
1375.5,37.901,54.108,91.161
1374.6,38.629,54.337,91.546
1373.6,41.767,54.127,91.192
1372.4,45.678,54.095,91.139
1372,49.735,54.124,91.188
1371.4,52.126,54.007,90.99
1371.9,56.187,53.837,90.704
1371.5,60.736,53.843,90.714
1370.3,63.831,53.73,90.524
1369.7,68.245,53.811,90.66
1369.2,71.314,53.524,90.176
1369.4,75.458,53.543,90.208
1369,79.702,53.53,90.186
1368.7,82.742,53.301,89.801
1369.1,89.796,53.197,89.625
1367.6,94.137,53.03,89.344
1366.5,101.9,52.833,89.013
1365.6,107.37,52.883,89.096
1358.4,110.57,52.934,89.182
1357.5,117.53,52.743,88.861
1354.6,124.4,52.888,89.105
1347.5,131.88,52.932,89.179
1345.2,137.9,53.221,89.665
1342.7,145.9,53.2,89.63
1336.6,151.23,53.254,89.722
1334,159.99,52.83,89.007
1331.8,167.13,52.632,88.673
1326.7,176.5,52.708,88.801
1323,184.6,52.837,89.018
1316.9,193.93,52.887,89.103
1309.8,199.7,52.65,88.703
1302.2,209.52,52.866,89.067
1293.6,219.08,52.932,89.18
1285.1,228.46,53.278,89.762
1275.3,239.93,53.245,89.706
1262.4,248.19,53.368,89.914
1247.7,258.41,53.599,90.302
1233.2,266.85,53.91,90.827
1215.7,277.02,53.978,90.94
1200.3,286.87,54.121,91.182
1185.2,296.97,53.991,90.963
1170.6,307.69,53.9,90.81
1157.2,319.31,53.943,90.883
1144.3,328.63,53.778,90.604
1130.5,338.24,53.859,90.741
1117.6,350.52,53.722,90.51
1103.8,360.86,53.775,90.598
1089.1,370.26,54.081,91.115
1073.5,381.1,54.074,91.102
1056.6,392.02,54.159,91.246
1042.3,402.59,54.457,91.748
1025.3,415.06,54.656,92.083
1007.9,426.62,54.615,92.015
990.82,437.88,54.753,92.246
976.14,448.88,54.974,92.619
961.94,460.36,54.993,92.651
949.81,472.46,54.864,92.434
939.02,485.72,54.89,92.478
929.4,496.96,54.838,92.39
921.06,509.82,54.75,92.241
914.15,521.1,54.764,92.265
905.83,534.14,54.407,91.664
897.66,547.4,54.348,91.564
890.76,559.29,54.321,91.519
882.76,569.86,54.485,91.795
877.34,581.45,54.527,91.866
868.99,594.54,54.534,91.878
861.25,607.49,54.363,91.589
853.3,620.23,54.358,91.582
846.84,632.01,54.263,91.421
839.97,645.41,54.073,91.102
833.47,654.66,54.139,91.212
826.97,668.17,53.904,90.817
822.2,681.84,53.822,90.678
816.3,694.81,53.325,89.841
811.56,707.06,53.028,89.341
804.99,719.23,52.992,89.28
798.48,730.21,53.295,89.79
792.02,742.82,53.136,89.523
783.23,755.21,53.481,90.104
775.9,766.45,53.573,90.259
767.8,779.88,53.66,90.406
759.15,792.56,53.711,90.492
751.14,805.26,53.783,90.613
742.52,817.44,54.267,91.428
734.87,832.1,54.229,91.364
727.07,845.16,54.104,91.154
718.53,858.1,54.242,91.386
710.76,872.39,54.699,92.156
702.68,886.09,54.561,91.923
695.2,900.72,54.394,91.642
687.03,914.84,54.355,91.577
679.14,928.39,54.614,92.013
671.47,942.95,54.551,91.906
664.14,957.66,54.421,91.688
655.39,970.27,54.869,92.443
646.12,986.66,54.687,92.136
636.53,1000.2,54.716,92.185
626.43,1015.2,54.358,91.581
616.05,1031.5,53.957,90.906
605.83,1045.9,53.73,90.524
563.48,990.28,53.216,89.658
544.91,989.48,52.862,89.061
531.09,1008.8,51.606,86.945
521.29,1023.9,51.074,86.049
499.82,991.63,50.555,85.174
492.22,1005.2,50.268,84.691
536.32,985.25,50.534,85.139
551.27,972.69,50.255,84.669
546.61,986.02,50.074,84.364
541.56,974.48,49.578,83.529
605.73,954.24,49.518,83.428
598.31,963.02,49.765,83.844
572.4,955.77,50.349,84.826
495.68,931.83,50.974,85.879
487.92,945.55,50.979,85.889
482.31,958.11,51.269,86.377
475.89,970.24,51.265,86.371
471.11,983.47,51.339,86.495
478.1,1003.6,50.815,85.612
470.4,1015.3,50.011,84.258
458.6,1026.9,49.873,84.025
456.58,998.5,50.029,84.289
452.25,1007.2,49.337,83.123
403.41,986.11,49.16,82.823
402.07,983.81,49.418,83.258
433.54,977.12,49.164,82.831
399.16,987.1,49.038,82.619
360.95,1005.3,48.806,82.228
295.43,978.2,48.682,82.018
288.1,993.09,48.483,81.683
276.55,1007.6,48.522,81.75
261.67,1018.9,47.678,80.328
221.17,995.18,48.369,81.492
195.67,946.29,48.398,81.539
185.2,958.07,48.448,81.625
165.87,977.53,48.426,81.586
153.9,987.97,48.682,82.018
131.84,1007,49.04,82.622
111.88,1020.8,48.693,82.037
130.1,973.17,48.737,82.111
133.22,975.34,48.643,81.952
93.995,1018.9,48.65,81.965
89.48,1018.1,48.48,81.678
82.915,1023.9,48.584,81.854
32.667,1016.2,48.298,81.371
17.222,990.73,48.554,81.803
20.741,949.63,48.355,81.468
14.174,967,48.18,81.174
14.328,981.39,48.085,81.014
26.064,1013.2,47.705,80.372
11.054,960.07,47.737,80.427
36.578,979.45,47.546,80.105
-5.9879,991.47,47.464,79.966
-10.641,1005.4,47.23,79.573
1.5215,980.08,47.107,79.365
5.9003,988.92,47.024,79.226
4.2972,1002.4,46.896,79.01
2.3415,1015.7,46.52,78.376
2.0685,1028.1,46.378,78.137
40.338,1016.9,46.059,77.599
89.048,978.95,46.046,77.577
104.35,958.88,46.302,78.009
83.979,958.92,46.507,78.354
36.055,969.79,46.398,78.171
12.981,891.25,46.991,79.169
10.205,900.9,47.614,80.219
10.677,909.57,47.73,80.414
12.316,908.68,47.842,80.603
11.443,914.47,47.476,79.986
10.966,924.5,47.528,80.074
11.389,929.34,47.351,79.777
10.184,931.98,47.214,79.545
-3.6923,930.46,47.229,79.571
13.32,940.18,47.194,79.512
11.883,941.19,47.092,79.339
6.4265,942.55,46.962,79.12
12.045,947.09,46.913,79.038
9.5847,950.05,46.954,79.108
12.642,954.38,46.878,78.979
8.0287,955.47,46.746,78.757
10.163,956.3,46.661,78.613
10.256,959.13,46.459,78.273
10.213,961.8,46.493,78.33
8.7392,962.69,46.503,78.347
9.6484,966.15,46.354,78.096
9.5042,967.83,46.306,78.015
11.852,968.5,46.374,78.129
9.0582,969,46.497,78.337
9.1687,968.7,46.711,78.698
10.306,970.01,46.668,78.626
9.2445,969.81,46.695,78.671
9.5683,969.39,46.723,78.718
7.9442,969.2,46.619,78.542
7.9364,968.67,46.573,78.465
7.125,968.33,46.664,78.619
8.0543,968.38,46.813,78.87
7.3792,967.89,46.805,78.856
8.328,968.04,46.916,79.043
9.0645,968.17,46.963,79.123
7.9989,968.51,46.892,79.002
8.5978,968.65,46.848,78.929
7.8197,968.09,46.739,78.745
7.7392,968.35,46.858,78.946
7.8043,968.22,46.872,78.97
7.251,967.8,46.814,78.871
7.5827,968,46.787,78.826
8.291,967.48,46.962,79.12
8.6943,968.34,47.067,79.298
7.4803,967.98,47.01,79.202
8.4434,968.09,47.012,79.205
8.5224,968.06,46.904,79.023
8.2987,967.95,46.879,78.982
8.6879,967.77,46.838,78.911
8.034,967.1,46.938,79.08
7.9974,967.56,46.846,78.926
7.3198,967.13,46.709,78.694
8.4102,967.42,46.904,79.023
8.2531,967.18,46.957,79.112
8.2268,967.12,46.867,78.961
7.3638,967.02,46.725,78.721
8.061,967.33,46.809,78.864
7.8196,966.77,46.934,79.073
8.4928,967.21,46.991,79.17
8.0554,967.26,47.01,79.201
7.8441,966.92,46.966,79.127
7.8087,967.08,46.808,78.862
7.166,966.38,46.874,78.973
7.4412,966.21,46.842,78.918
7.3403,966,46.965,79.126
7.8049,966.43,46.83,78.899
7.0856,965.82,47.061,79.287
6.621,965.66,47.105,79.362
6.9178,965.44,47.039,79.251
6.9922,965.17,47.072,79.306
6.3652,965.23,47.011,79.204
6.9978,965.67,46.995,79.176
6.9913,965.73,46.954,79.107
7.0111,965.92,46.903,79.021
7.0358,965.68,46.925,79.058
7.1588,965.75,46.955,79.108
7.31,965.88,47.052,79.273
6.443,965.63,47.014,79.209
6.6845,966.17,47.069,79.301
6.2765,965.64,47.127,79.398
5.8926,965.76,46.962,79.121
6.8037,966.5,46.748,78.76
6.0058,966.25,46.656,78.605
6.4616,966.58,46.706,78.69
6.8783,966.48,46.797,78.843
6.0985,966.09,46.892,79.002
6.5258,966.99,46.776,78.807
6.1142,966.42,46.745,78.754
6.3211,966.47,46.862,78.953
6.6061,966.57,46.919,79.048
7.1947,967.18,46.884,78.99
8.116,967,46.85,78.933
7.8488,966.64,46.966,79.128
8.4012,967.26,46.922,79.053
8.1678,967.21,46.842,78.919
8.1282,966.78,46.839,78.913
8.192,967,46.732,78.733
8.2097,967.7,46.642,78.581
7.822,967.68,46.504,78.349
7.6233,966.93,46.635,78.569
7.609,967.39,46.649,78.593
8.0069,967.69,46.666,78.623
7.7647,967.4,46.612,78.532
7.5649,967.54,46.575,78.469
6.7002,966.69,46.665,78.621
7.5005,966.95,46.762,78.785
6.8473,966.6,46.871,78.968
6.7173,966.7,46.806,78.859
6.4233,966.51,46.967,79.13
7.0251,967.34,46.773,78.802
6.4311,966.84,46.811,78.866
6.392,966.78,46.932,79.071
7.0195,967.25,46.955,79.108
6.8456,967.54,46.779,78.812
6.1976,967.06,47.015,79.211
6.2243,967.97,47.202,79.525
6.1777,968.3,47.146,79.43
5.7932,968.4,47.059,79.284
5.7514,968.41,47.083,79.324
5.9027,968.47,46.961,79.119
6.1182,968.99,46.907,79.028
5.8964,969.69,46.792,78.834
5.2046,969.72,46.922,79.054
5.8559,970.46,46.864,78.956
5.1434,970.28,46.847,78.927
5.0479,970.6,46.75,78.764
5.2505,971.29,46.8,78.847
4.8764,971.88,46.911,79.035
5.0155,972.75,46.846,78.925
4.5128,972.98,46.889,78.998
4.9831,973.59,46.793,78.836
4.7684,973.51,46.84,78.915
4.8647,974.11,46.967,79.13
4.9789,975.58,46.727,78.725
4.9068,976.85,46.805,78.856
4.4888,977.71,46.985,79.159
4.8269,977.86,47.128,79.4
4.3565,979.03,47.172,79.475
4.0553,980.68,47.256,79.616
4.3048,981.82,47.461,79.961
4.2191,983.18,47.367,79.803
4.2069,984.65,47.452,79.946
4.052,984.76,47.473,79.982
4.1304,987.25,47.591,80.181
3.8862,988.71,47.913,80.723
3.4182,990.37,47.942,80.772
3.2088,992.28,47.963,80.808
2.8619,995.08,47.871,80.653
3.9726,995.85,47.786,80.509
3.331,997.93,47.811,80.552
3.3607,1000.4,47.896,80.694
3.3106,1002.7,48.151,81.125
3.0726,1005.1,48.648,81.962
2.6847,1008.4,48.725,82.09
2.754,1008.7,48.561,81.815
2.9333,1011.2,48.296,81.368
2.2054,1014.2,48.436,81.605
2.477,1017.7,48.904,82.393
2.2266,1020.1,49.011,82.573
1.6128,1023.5,49.354,83.151
1.5632,1023.7,49.157,82.819
1.8858,1027,48.815,82.243
1.9149,1031.9,49.994,84.228
0.8525,1035.1,51.799,87.27
1.0479,1037.2,52.059,87.709
-0.32327,1040.8,52.692,88.775
0.16626,1042.3,51.891,87.425
0.88813,1047.5,52.092,87.763
0.74101,1051.8,52.772,88.91
-0.55936,1053.9,52.646,88.698
-1.1132,1057.1,52.689,88.77
-0.53058,1064,54.678,92.121
25.966,1010.4,53.227,89.676
45.501,1033.3,54.236,91.375
122.4,1010.7,54.354,91.574
106.41,1017.3,53.107,89.473
113.7,996.49,53.73,90.524
134.21,1034,53.256,89.725
65.243,983.69,54.601,91.991
76.681,968.66,53.624,90.345
9.015,926.17,52.607,88.631
9.2637,926.15,52.599,88.618
8.1351,931.75,52.385,88.257
20.814,883.22,52.007,87.62
2.6184,848.87,51.844,87.345
5.1273,854.64,51.65,87.02
3.8658,859.59,51.756,87.197
4.4752,864.23,51.228,86.308
52.313,902.87,52.74,88.855
25.878,883.59,52.364,88.222
-13.694,910.71,52.635,88.678
3.9923,881.73,52.756,88.882
32.21,890.83,52.864,89.065
27.16,895.71,52.877,89.087
3.5537,896.16,52.682,88.758
3.72,901.91,52.837,89.019
-15.117,943.23,52.962,89.23
12.376,987.95,53.228,89.678
7.5808,1010.6,52.957,89.222
14.428,1012.4,53.067,89.406
15.255,1002.8,52.813,88.979
15.857,1009.1,52.339,88.181
-10.511,976.85,51.863,87.378
3.4794,945.95,52.629,88.669
4.9344,953.25,52.2,87.946
5.8664,960.09,51.699,87.101
4.8695,965.4,51.476,86.726
3.9219,971.64,51.582,86.905
4.9052,978.22,51.313,86.451
6.1464,984.25,51.489,86.749
4.4281,989.44,51.68,87.069
5.4504,995.15,51.472,86.719
5.5134,1000.2,51.331,86.482
5.8452,1008.1,50.86,85.688
6.2187,1015,50.765,85.529
6.6922,1020.1,50.672,85.371
-4.7878,966.1,50.868,85.702
-2.8775,966.26,50.954,85.846
-4.5472,916.66,50.8,85.588
6.0415,921.88,50.211,84.595
-16.813,924.12,50.453,85.003
6.0277,918.76,49.715,83.759
11.428,891.22,49.675,83.692
-25.776,832.23,49.488,83.377
-21.301,834.99,49.286,83.035
-14.501,836.15,49.104,82.73
-13.469,839.6,48.598,81.878
-13.33,843.42,48.27,81.325
-12.417,847.17,48.291,81.36
-8.7925,849.9,48.243,81.278
-6.5924,849.39,48.091,81.023
-4.4973,851.29,48.122,81.076
-3.2763,853.41,48.339,81.441
0.011118,852.52,48.259,81.306
2.6919,853.47,48.153,81.128
3.8163,855.83,48.261,81.31
4.6511,855.38,48.106,81.048
7.1883,856.92,48.012,80.889
7.8615,857.54,48.233,81.263
11.626,858.36,48.073,80.992
13.817,860.56,48.056,80.964
14.801,861.13,48.251,81.292
15.856,861.39,48.304,81.381
17.345,863.88,48.507,81.724
18.992,865.19,48.841,82.287
19.618,866.25,49.261,82.994
19.517,867.49,49.682,83.703
18.979,869.4,49.884,84.044
19.249,871.32,50.133,84.463
18.492,874.47,50.51,85.099
15.38,877.05,50.616,85.278
15.732,878.55,50.872,85.708
13.128,880.75,51.015,85.95
13.585,883.97,51.132,86.147
13.418,882.32,51.402,86.602
12.105,882.23,52.006,87.618
17.959,873.3,51.633,86.99
18.795,874.54,51.474,86.723
18.341,876.19,51.304,86.436
18.819,877.9,51.161,86.195
19.52,877.97,51.054,86.015
19.113,880.73,50.96,85.856
18.717,881.08,51.108,86.107
18.953,880.16,50.984,85.898
19.446,882.3,51.283,86.4
17.782,883.89,51.075,86.051
18.047,885.44,51.258,86.359
18.225,883.99,50.958,85.853
18.445,885.15,50.746,85.496
18.2,886.5,50.272,84.698
18.052,888.36,50.104,84.415
18.133,891.47,50,84.238
16.526,892.27,50.082,84.377
17.382,893.03,49.884,84.044
19.216,888.43,49.969,84.187
18.318,889.1,49.81,83.919
18.515,889.94,50.066,84.35
17.664,890.83,50.047,84.318
18.224,889.34,49.628,83.612
18.817,889.11,49.736,83.795
18.875,888.08,49.765,83.843
18.851,888.25,49.944,84.145
18.719,888.66,49.882,84.041
18.838,889.06,49.875,84.028
18.994,888.95,49.806,83.913
19.327,889.67,49.778,83.864
18.584,888.66,49.552,83.485
19.478,889.61,49.798,83.9
19.127,891.23,50.071,84.359
18.634,890.39,49.9,84.07
19.461,890.26,50.06,84.339
19.476,889.43,49.665,83.675
19.106,890.18,49.746,83.811
19.589,889.27,49.725,83.776
18.938,889.15,49.806,83.913
19.673,888.64,50.114,84.431
19.524,888.51,50.066,84.35
19.207,888.17,49.77,83.851
19.34,888.19,49.895,84.063
19.559,888.98,50.388,84.893
19.173,890.12,50.302,84.748
18.932,887.8,50.018,84.27
19.364,887.55,49.586,83.542
19.899,888.97,49.757,83.829
19.28,888.76,49.808,83.915
19.205,889.52,50.139,84.473
18.848,889.95,50.075,84.366
19.173,887.6,49.77,83.852
19.563,886.6,49.978,84.202
19.077,886.79,49.78,83.868
18.605,886.88,50.141,84.477
18.513,887.56,50.342,84.815
18.106,888.07,50.06,84.341
18.501,885.81,50.151,84.493
19.314,886.02,50.094,84.398
19.192,885.49,49.959,84.171
19.147,884.39,49.818,83.932
19.239,885,50.092,84.394
19.289,884.74,50.194,84.567
18.956,884.72,50.162,84.512
19.001,884.25,50.174,84.532
18.355,884.52,50.379,84.878
18.083,885.35,50.038,84.303
18.312,884.12,49.558,83.494
19.059,883.82,50.029,84.288
18.329,883.99,49.572,83.518
18.561,884.41,49.629,83.614
18.601,884.83,49.467,83.342
17.92,884.38,49.704,83.741
17.829,884.12,49.865,84.011
17.794,884.9,50.187,84.554
17.878,885.61,50.079,84.372
18.166,886.71,49.95,84.156
17.174,886.77,49.962,84.176
17.059,888.13,50.141,84.477
17.801,887.71,50.392,84.9
17.123,888.64,50.269,84.692
17.073,888.82,50.217,84.604
16.793,889.5,50.167,84.521
16.399,890.51,50.443,84.985
16.1,890.99,50.393,84.901
15.465,890.84,50.512,85.102
15.637,890.74,50.551,85.168
15.324,889.69,50.159,84.507
16.916,888.02,49.998,84.236
17.519,886.91,49.75,83.818
17.917,886.57,49.663,83.671
18.255,886.75,49.797,83.897
19.014,887.05,49.932,84.125
18.245,886.47,49.952,84.158
18.411,886.45,50.5,85.082
18.789,886.91,50.623,85.289
18.185,886.72,50.626,85.295
17.688,887.18,50.518,85.112
18.1,887.07,50.242,84.646
18.074,887.55,50.335,84.803
17.671,887.77,50.158,84.505
17.917,889.56,50.413,84.936
17.969,889.57,50.555,85.174
18.154,887.64,50.869,85.703
19.273,885.81,50.586,85.226
20.517,885.72,50.345,84.821
21.873,885.4,50.035,84.298
23.187,886.53,49.704,83.74
24.812,886.73,49.42,83.261
26.759,887.45,49.37,83.177
28.151,888.43,49.457,83.325
30.739,886.13,49.655,83.659
32.684,884.54,49.65,83.65
35.457,883.93,49.144,82.797
38.057,883.65,49.02,82.588
40.208,884.03,48.978,82.518
41.96,883.45,48.921,82.422
44.171,883.26,48.963,82.492
45.946,883.29,49.024,82.596
47.768,883.32,49.274,83.015
49.559,882.74,49.119,82.756
50.629,882.66,49.242,82.962
52.197,882.72,49.387,83.206
52.113,882.97,49.499,83.395
53.813,882.42,49.967,84.184
54.044,881.91,50.132,84.462
54.897,882.32,50.211,84.595
55.053,881.98,50.375,84.871
54.732,881.91,50.616,85.278
54.269,881.71,50.679,85.384
54.819,881.88,50.766,85.53
54.893,881.84,50.869,85.704
54.094,881.59,50.907,85.768
53.782,882.73,50.826,85.63
53.972,883.22,50.557,85.177
54.488,882.85,50.955,85.848
54.983,881.98,50.968,85.87
54.979,881.51,51.313,86.451
54.613,881.65,51.152,86.18
54.36,881.55,50.814,85.611
54.489,881.11,50.863,85.693
55.526,880.49,50.556,85.176
57.247,881.39,50.127,84.453
59.215,881.85,50.046,84.317
61.512,881.87,50.073,84.363
64.2,882.46,49.918,84.101
69.193,881.81,50.053,84.328
74.019,880.4,49.72,83.768
78.595,880.77,49.515,83.422
84.56,878.65,49.77,83.852
89.116,877.14,49.582,83.534
94.034,876.34,49.835,83.961
98.089,876.54,49.723,83.773
102.33,876.34,49.525,83.44
107.64,875.74,49.874,84.027
112.04,875.62,50.102,84.41
116.2,875.3,50.045,84.314
122.24,872.65,49.529,83.445
127.65,871.69,49.636,83.625
132.15,871.22,49.565,83.506
136.38,870.59,49.228,82.938
140.77,869.75,49.13,82.773
144.54,869.3,49.052,82.643
148.32,869.22,49.025,82.596
152.31,868.2,49.221,82.926
155.43,867.81,49.136,82.784
157.76,867.54,49.054,82.646
160.46,869.03,49.3,83.06
162.95,869.1,49.66,83.666
165.59,868.76,49.547,83.476
169,869.34,49.532,83.451
171.51,869.04,49.858,84
173.96,869.78,50.065,84.348
175.35,869.12,50.273,84.699
177.25,869.65,50.52,85.115
178.65,869.67,50.896,85.749
183.4,865.54,51.021,85.959
187.41,864.75,51.274,86.386
189.95,864.2,51.788,87.252
193.22,862.13,51.17,86.21
195.7,862.77,50.531,85.133
197.6,863.05,50.238,84.641
199.87,862.45,50.052,84.327
202.4,862.31,49.517,83.426
204.9,863.11,49.651,83.651
207.22,862.85,49.488,83.377
209.52,863.15,49.361,83.162
211.52,863.26,49.274,83.016
215.77,862.57,49.219,82.924
217.98,863.06,49.032,82.609
221.49,862.82,48.716,82.076
223.68,862.42,48.798,82.213
225.29,862.74,48.985,82.529
228.89,862.26,48.751,82.134
232.25,861.55,48.72,82.083
234.24,861.84,48.709,82.065
237.7,860.96,48.627,81.927
240.42,861.03,48.685,82.024
242.71,861.46,48.791,82.202
246.06,860.37,48.571,81.832
248.45,859.92,48.493,81.7
251.06,859.67,48.485,81.686
254.57,859.67,48.043,80.943
258.39,859.2,48.038,80.933
260.44,859.17,47.689,80.345
263.57,858.96,47.593,80.184
267.34,858.74,47.564,80.135
270.05,858.43,47.619,80.228
271.84,858.23,47.744,80.438
274.11,858.08,47.772,80.485
277.76,857.6,48.037,80.933
280.35,857.17,47.869,80.648
282.5,858.01,47.901,80.703
285.7,856.52,48.049,80.953
289.46,856.5,48.049,80.952
291.99,855.45,48.066,80.981
295.03,855.6,47.811,80.551
297.6,854.95,47.627,80.242
299.89,854.96,47.553,80.116
302.9,855.02,47.505,80.035
305.66,855.17,47.542,80.098
308.69,854.75,47.689,80.345
310.69,854.09,47.727,80.409
312.76,853.58,48.092,81.025
316.08,853.53,48.186,81.182
318.85,853.21,48.348,81.456
321.7,853.16,48.204,81.213
324.28,852.67,47.997,80.864
326.36,852.24,47.992,80.856
328.76,852.21,48.164,81.147
331.77,851.78,48.44,81.611
333.83,851.37,48.497,81.707
336.28,851.18,48.311,81.393
338.43,851.06,48.308,81.388
339.63,851.06,48.338,81.439
341.8,852.16,48.597,81.875
343.63,850.52,48.561,81.814
345.21,850.55,48.22,81.24
346.54,850.3,48.098,81.035
347.47,850.51,48.194,81.196
347.67,850.22,48.23,81.257
347.84,849.96,48.308,81.389
347.73,850.3,48.423,81.581
348.04,850.42,48.987,82.532
347.93,850.64,49.128,82.77
346.97,850.56,49.529,83.446
347.31,850.62,49.586,83.542
347.75,850.04,49.758,83.832
346.98,849.8,49.615,83.59
347.53,850.23,49.506,83.407
347.74,850.17,49.488,83.376
347.14,849.76,49.472,83.349
347.08,850.23,49.409,83.243
346.68,850.59,49.112,82.742
347.04,850.13,49.265,83
347.52,850.45,49.226,82.934
347.65,850.05,49.277,83.021
347.51,850.81,49.366,83.171
346.49,850.53,49.238,82.955
347.5,849.41,49.359,83.16
347.29,849.05,49.304,83.066
347.07,849.52,49.353,83.149
346.47,849.24,49.192,82.878
346.37,849.8,48.958,82.483
347.28,850.14,49,82.555
347.41,849.6,49.266,83.002
346.96,849.52,49.307,83.072
347.23,849.56,49.304,83.067
346.82,850.23,49.268,83.006
346.72,849.77,49.747,83.813
346.64,848,49.414,83.251
347.18,847.87,49.118,82.753
347.2,847.25,49.192,82.878
346.95,847.99,48.795,82.209
347.2,848.36,48.318,81.406
347.2,848.7,48.307,81.388
347.04,848.95,48.394,81.533
347.13,849.55,48.926,82.429
347.37,848.45,49.407,83.24
346.84,848.9,49.105,82.732
346.32,849.21,49.222,82.928
346.27,850.63,49.289,83.041
346.9,850.09,49.132,82.776
346.86,848.98,49.393,83.217
346.53,849.24,49.15,82.807
346.9,849.29,48.959,82.485
347.27,849.64,49.149,82.805
346.83,849.16,49.385,83.203
346.57,849.82,49.283,83.031
346.81,850.98,49.541,83.467
346.06,851.51,49.785,83.877
345.49,851.6,50.097,84.403
345.75,851.97,50.193,84.564
346.61,851.41,49.715,83.759
346.75,850.18,49.471,83.348
346.6,850.23,49.18,82.858
346.51,850.21,49.005,82.563
346.75,851.09,49.087,82.7
346.47,850.37,48.89,82.37
346.56,851.48,48.657,81.977
346.98,851.41,48.888,82.366
346.7,851.23,48.854,82.308
345.98,851.75,49.126,82.766
345.2,853.05,49.264,83
345.33,853.36,49.357,83.155
343.8,854.42,49.677,83.694
344.05,853.93,49.726,83.777
344.9,852.64,49.87,84.02
346.11,851.63,49.893,84.059
346.51,851.78,49.815,83.928
346.49,850.51,50.097,84.403
346.76,850.84,49.835,83.961
346.8,851.01,49.966,84.182
346.61,851.13,49.862,84.007
347.66,850.02,49.981,84.207
347.62,849.72,49.495,83.388
347.6,849.83,49.216,82.918
348.19,849.72,49.459,83.328
347.79,849.09,49.566,83.507
347.82,850.15,49.888,84.051
347.76,849.78,50.092,84.394
347.71,849.41,50.287,84.723
347.67,849.37,49.586,83.542
347.9,849.58,49.854,83.993
347.72,849.79,49.888,84.05
347.69,849.36,50.148,84.489
348.21,848.71,49.897,84.066
348.54,848.47,49.629,83.615
348.49,848.79,49.711,83.753
347.82,848.78,49.329,83.109
347.97,849.33,49.672,83.686
347.81,848.72,49.752,83.822
348.01,848.56,49.522,83.433
348.54,848.87,49.655,83.657
348.1,847.96,49.653,83.654
347.77,848.43,49.368,83.174
347.84,848.72,49.424,83.268
348.22,847.78,49.333,83.115
348.47,848.52,49.496,83.391
348.77,847.8,49.381,83.196
348.4,847.02,49.161,82.826
348.24,847.22,49.302,83.063
348.75,846.96,49.412,83.249
348.48,846.48,49.366,83.171
347.99,846.83,49.398,83.224
348.46,846.35,49.273,83.014
349.45,846.63,49.338,83.123
348.82,846.76,49.738,83.798
349.25,845.64,49.457,83.324
348.86,845.81,49.549,83.479
349.17,846.15,50.073,84.362
348.94,845.93,49.78,83.869
348.85,846.02,49.926,84.115
349.24,846.27,49.941,84.139
349.52,846.17,49.483,83.368
348.91,846.13,49.69,83.717
349,846.37,49.678,83.697
348.91,846.44,49.848,83.984
348.96,847.59,49.781,83.87
348.83,847.47,49.345,83.135
349.17,847.52,49.328,83.106
349.41,847.69,49.557,83.493
349.33,847.71,49.588,83.545
349.13,847.67,49.731,83.786
348.41,847.91,49.582,83.535
349.2,847.87,49.885,84.045
349.08,847.56,49.941,84.14
348.7,847.23,49.75,83.818
348.73,847.46,49.632,83.62
348.64,848.52,50.105,84.415
348.54,849.5,49.664,83.673
347.71,850.34,49.374,83.185
347.36,851.05,49.134,82.78
347.19,850.94,49.141,82.791
347.54,851.14,48.826,82.261
348.66,849.76,48.865,82.327
349.02,848.83,49.233,82.947
349.07,848.72,49.816,83.929
348.94,848.48,49.917,84.1
349.04,848.78,49.767,83.846
348.62,848.43,49.633,83.62
348.48,849.23,50.103,84.412
348.6,849.5,50.023,84.278
348.76,849.7,49.301,83.061
348.83,849.91,49.863,84.008
348.95,849.71,50.072,84.361
348.39,849.9,49.764,83.841
348.35,849.74,49.704,83.74
348.5,849.75,49.652,83.653
348.43,849.77,49.702,83.737
348.36,849.9,49.547,83.476
348.79,850.37,49.72,83.768
348.21,850.53,49.333,83.115
348.86,851.39,48.981,82.523
348.63,851.15,49.16,82.824
347.96,850.45,49.354,83.151
347.88,850.2,49.607,83.577
348.1,851.02,49.831,83.954
347.9,851.29,49.943,84.143
347.33,851.8,49.828,83.949
348.35,851.12,50.031,84.292
348.51,849.65,50.06,84.34
348.26,850.26,49.452,83.316
347.81,850.72,49.577,83.526
347.7,851.51,49.825,83.944
348.24,851.8,49.934,84.129
348.86,850.22,49.502,83.4
348.99,850.32,49.682,83.703
348.75,850.08,49.329,83.108
349.02,849.8,49.847,83.981
348.97,849.63,50.024,84.279
348.39,849.93,49.609,83.581
348.43,850.63,50.223,84.614
348.11,850.75,49.654,83.657
347.45,850.85,50.131,84.46
347.85,852.09,49.985,84.214
347.66,850.96,50.005,84.248
348.4,850.17,49.517,83.426
348.79,849.95,49.972,84.191
348.62,849.6,49.605,83.574
348.69,849.64,49.816,83.93
348.66,850.19,49.599,83.564
348.55,849.76,49.99,84.222
347.99,850.16,49.704,83.741
348.36,849.99,49.555,83.49
348.61,850.68,49.668,83.679
347.67,851.05,49.79,83.885
348.34,850.6,49.996,84.233
348.48,849.68,49.946,84.148
348.54,849.8,49.733,83.789
348.52,849.47,49.893,84.059
348.84,849.04,50.174,84.532
348.63,848.98,50.085,84.382
