688,14,28,69
687.53,13.59,27.846,68.62
686.69,14.889,27.543,67.874
686.69,13.721,27.468,67.69
687.77,16.295,27.368,67.442
685.54,11.731,27.045,66.647
687.68,15.562,26.999,66.534
687.19,8.1225,26.987,66.504
687.72,14.474,26.896,66.279
687.27,-1.0737,26.835,66.129
686.72,16.525,26.668,65.718
683.93,9.6179,27.096,66.772
684.39,-2.7383,26.671,65.726
683.45,13.35,27.199,67.026
685.67,13.471,26.747,65.913
686.34,5.1188,26.56,65.451
686.08,12.362,27.074,66.719
688.03,20.43,27.401,67.525
688.02,15.109,27.127,66.848
701.25,14.023,26.989,66.509
708.65,7.1317,27.306,67.29
707.5,7.2341,27.754,68.394
708.15,5.645,27.812,68.536
722.6,0.92861,27.821,68.558
712.76,7.6611,28.306,69.755
683.09,11.851,28.165,69.407
683.88,26.097,28.069,69.17
684.78,12.774,28.087,69.215
684.46,13.303,27.848,68.626
680.71,38.716,28.002,69.004
685.18,9.1429,28.159,69.391
671.99,31.662,28.005,69.013
629.39,33.504,27.857,68.648
596.89,65.119,27.784,68.468
600.85,80.598,27.183,66.987
596.89,67.253,26.815,66.08
596.05,67.405,26.453,65.188
596.64,68.648,26.417,65.1
585.4,85.017,26.384,65.017
597.49,66.856,26.726,65.861
577.84,59.191,26.738,65.891
575.76,75.317,26.713,65.828
550.44,97.352,26.588,65.521
550.41,99.468,26.427,65.123
548.31,98.673,26.136,64.407
549.75,98.633,25.772,63.509
547.17,98.692,25.518,62.883
510.47,127.43,25.609,63.108
511.92,125.82,25.493,62.822
511.87,124.54,25.389,62.567
511.65,123.84,25.139,61.95
511.7,123.91,25.167,62.018
510.8,125.63,24.903,61.368
511.97,124.21,24.856,61.253
514,123.47,24.737,60.958
512.46,123.36,24.828,61.182
513.62,122.21,24.831,61.191
541.23,122.82,24.619,60.668
511.41,124.12,24.493,60.359
494.91,140.5,24.445,60.239
517.59,120.87,24.437,60.22
512.13,112.31,24.528,60.444
512.11,122.63,24.286,59.847
514.75,121.19,24.309,59.903
511.63,117.71,24.297,59.874
515.57,121.35,24.147,59.504
548.89,102.38,24.402,60.133
549.57,100.82,24.631,60.697
550.78,99.914,24.605,60.635
538.37,123.38,24.724,60.927
547.41,103.39,24.857,61.254
548.01,101.6,25.057,61.748
547.69,99.309,25.101,61.856
548.11,101.86,25.163,62.009
546.78,101.72,25.31,62.371
569.23,89.146,25.346,62.461
549.34,82.35,25.229,62.171
570.51,70.897,25.416,62.633
570.75,71.511,25.572,63.017
570.85,93.098,25.626,63.15
544.74,86.689,25.507,62.857
544.48,88.728,25.331,62.423
545.29,89.252,25.14,61.952
551.9,77.627,25.116,61.893
570.38,73.394,24.996,61.598
570.52,77.048,24.91,61.384
572.91,72.708,24.927,61.428
571.28,76.98,24.954,61.495
570.41,77.301,25.187,62.069
590.25,93.162,25.308,62.367
585.06,104,25.258,62.243
561.69,84.978,25.207,62.118
585.14,101.51,25.18,62.05
587.71,105.67,25.249,62.22
587.5,87.479,25.146,61.966
585.86,82.303,25.26,62.247
586.73,88.648,25.221,62.153
584.82,106.59,25.2,62.1
581.44,97.645,25.374,62.529
585.18,113.84,25.434,62.676
563.47,102.52,25.406,62.608
562.64,89.501,25.542,62.942
561.42,124.65,25.542,62.942
572.55,98.269,25.57,63.011
585.49,101.09,25.551,62.965
589.1,80.246,25.578,63.031
594.43,60.92,25.542,62.942
567.06,52.394,25.725,63.393
555.1,40.327,25.606,63.1
529.31,21.465,25.551,62.965
535.78,36.703,25.643,63.193
571.65,19.535,25.927,63.89
555.88,17.664,25.957,63.966
534.35,16.364,26.038,64.164
532.64,24.43,26.039,64.167
534.08,21.88,26.065,64.232
534.48,23.94,26.088,64.29
504.41,12.31,26.241,64.665
492.07,11.072,26.332,64.889
469.06,-12.1,26.081,64.27
487.9,8.8369,26.21,64.59
484.01,9.0331,26.162,64.471
488.86,9.0381,26.15,64.44
501.21,-1.3991,25.861,63.73
458.95,-6.5146,25.691,63.31
433.4,10.144,25.946,63.938
408.19,36.443,26.029,64.143
396.59,25.974,25.941,63.927
390.27,17.946,26.011,64.099
388.15,14.857,26.043,64.176
391.82,12.436,25.863,63.733
358.84,-1.2278,25.762,63.486
383.24,22.774,25.883,63.784
361.54,23.014,25.818,63.624
362.45,3.2009,25.587,63.055
354.13,18.939,25.504,62.85
359.59,43.347,25.482,62.795
343.89,75.65,25.24,62.199
355.27,69.722,25.255,62.236
318.92,59.428,25.045,61.718
301.1,52.998,25.031,61.683
284.44,76.763,25.063,61.762
292.38,73.917,25.011,61.633
279.2,64.163,25.075,61.792
282.59,67.873,25.191,62.079
277.82,58.723,25.172,62.03
280.35,63.74,25.475,62.778
286.95,63.383,25.47,62.766
282.63,68,25.367,62.512
301.97,81.114,25.288,62.317
280.9,77.555,25.324,62.405
315.55,90.261,24.941,61.462
315.18,90.003,24.902,61.366
314.4,93.813,24.644,60.731
312.97,92.756,24.739,60.963
312.7,97.456,24.458,60.271
312.83,101.65,24.135,59.476
313.47,104.95,24.053,59.274
310.71,104.28,23.877,58.84
314.69,107.98,23.829,58.721
312.9,114.48,23.635,58.244
298.21,107.98,23.499,57.908
294.27,107.58,23.556,58.049
312.92,115.75,23.481,57.865
292.61,112.79,23.674,58.339
273.49,133.7,23.707,58.421
249.15,110.08,23.698,58.398
231.12,85.573,23.722,58.458
221.33,89.895,23.892,58.876
235.88,98.328,24.108,59.409
220.2,83.528,24.212,59.664
184.29,83.179,24.349,60.003
183.59,83.183,24.476,60.315
197.6,71.262,24.508,60.395
169.25,63.083,24.512,60.404
168.34,65.22,24.722,60.922
184.84,80.866,24.871,61.29
169.25,67.463,24.967,61.527
153.51,103.84,24.986,61.573
160.28,104.44,24.967,61.526
129.38,109.54,25.192,62.08
144.62,74.688,25.154,61.986
117.46,52.887,25.25,62.224
120.8,21.603,25.242,62.204
96.174,14.529,25.223,62.156
114.19,17.474,25.324,62.405
110.13,14.222,25.339,62.444
127.17,31.618,25.327,62.413
115.88,27.631,25.34,62.445
125.69,33.772,25.261,62.25
113.31,28.24,25.254,62.234
123.34,38.203,25.368,62.513
115.13,7.8827,25.377,62.536
123.77,3.9205,25.379,62.541
130.4,11.585,25.479,62.787
114.8,-9.4154,25.31,62.372
122.65,-6.6969,25.277,62.289
106.55,11.791,25.415,62.63
94.865,13.098,25.333,62.429
114.1,12.888,25.473,62.772
122.82,8.5846,25.292,62.326
147.74,36.106,25.269,62.271
150.41,48.997,25.302,62.352
147.49,42.186,25.35,62.471
172.13,43.935,25.411,62.621
192.01,56.475,25.617,63.126
178.91,87.995,25.878,63.77
208.09,80.377,25.931,63.901
205.45,79.668,26.102,64.323
204.8,80.025,26.121,64.369
187.49,94.334,25.944,63.934
211.85,122.81,26.036,64.16
228.04,116.87,25.933,63.906
219.2,115.77,26.039,64.168
185.3,114.23,25.965,63.985
216.01,117.58,26.093,64.3
219.88,149.02,26.088,64.289
236.17,139.94,26.209,64.587
244.3,164.74,26.065,64.231
255.35,190.52,26.175,64.502
242.05,214.08,26.161,64.468
242.33,232.68,26.219,64.612
241.64,230.33,26.266,64.727
242.49,240.37,26.185,64.528
240.85,244.99,26.258,64.707
274.24,257.27,26.203,64.571
237.32,268.37,26.271,64.738
239.93,256.11,26.239,64.659
254.94,260.31,26.294,64.796
239.2,258.05,26.281,64.763
237.39,280.08,26.145,64.429
235.31,279.02,26.209,64.585
233.53,283.83,26.397,65.05
232,288.57,26.432,65.137
250.48,279.88,26.398,65.053
233.12,294.46,26.457,65.199
229.6,295.77,26.598,65.544
230.24,292.61,26.78,65.993
233.01,280.99,26.634,65.634
232.55,284.03,26.615,65.587
230.95,305.84,26.606,65.564
230.09,312.63,26.625,65.611
212.83,283.63,26.688,65.767
226.66,303.74,26.688,65.767
246.62,305.04,26.767,65.961
247.98,308.09,26.703,65.803
243.08,313.01,26.725,65.859
224.35,310.47,26.75,65.92
224.91,309.61,26.88,66.239
225.49,305.37,26.935,66.377
221.21,327.86,27.012,66.565
223.81,314.53,27.038,66.629
220.22,329.64,27.151,66.907
217.54,330.75,27.088,66.752
218.69,336.13,26.947,66.404
237.71,336.46,26.823,66.1
219.2,330.47,26.776,65.984
235.32,339.85,26.832,66.122
233.82,343.36,26.825,66.104
232.66,346.87,26.806,66.057
236.1,346.35,26.917,66.332
212.19,346.39,26.836,66.132
211.09,353.35,26.772,65.973
212.7,344.6,26.817,66.084
209.47,369.11,26.889,66.262
225.04,366.52,26.823,66.1
211.32,354,26.909,66.31
211.89,354.25,26.852,66.172
211.4,369.79,26.887,66.257
226.49,375.52,26.841,66.144
206.26,370.02,26.844,66.152
201.72,389.5,26.939,66.385
221.62,382.23,26.752,65.926
203.99,388.35,26.81,66.068
203.7,394.87,26.922,66.343
203.09,398.3,27.037,66.627
220,398.02,27.082,66.737
202.84,400.93,27.112,66.811
218.65,399.84,27.068,66.703
219.13,404.31,27.041,66.638
201.62,393.87,27.091,66.76
200.64,396.42,27.038,66.63
214.34,414.81,27.074,66.719
214.49,415.35,26.867,66.208
214.01,417.45,26.809,66.065
214.74,421.69,26.801,66.046
202.71,411.44,26.837,66.134
215.59,428.44,26.948,66.409
210.98,431.44,26.882,66.245
212.23,431.05,26.854,66.176
212.96,439.4,26.719,65.843
212.54,440.81,26.734,65.879
210.96,441.83,26.738,65.89
191.96,432.96,26.786,66.009
190.9,451.4,26.587,65.518
190.68,450.68,26.776,65.984
189.54,457.64,26.779,65.992
189.57,457.56,26.753,65.928
187.86,461.35,26.695,65.783
183.82,459.99,26.805,66.055
208.72,486.34,26.783,66.001
216.87,509.5,26.445,65.168
217.84,510.79,26.214,64.598
224.98,517.04,25.9,63.825
234.09,514.36,25.691,63.309
243.13,526.27,25.582,63.041
221.44,542.86,25.603,63.093
255.02,569.57,25.356,62.485
262.3,557.42,24.84,61.212
263.29,561.07,24.879,61.31
276.43,538.33,24.614,60.656
288.2,563.28,24.398,60.123
291.95,549.1,24.208,59.657
297.14,559.85,23.717,58.445
305.41,563.36,23.307,57.435
310.56,545.99,23.112,56.953
307.82,512.71,23.305,57.431
298.03,482.36,23.571,58.085
303.32,479.35,23.688,58.374
299.08,482.64,23.698,58.398
314.3,485.43,23.616,58.197
323.55,504.91,23.602,58.163
329.06,504.77,23.699,58.401
321.34,516.88,23.68,58.353
337.7,532.43,23.823,58.707
335.96,526.96,23.959,59.043
341.09,512.81,24.098,59.385
338.68,505.79,24.186,59.602
338.51,517.45,24.242,59.739
338.45,523.21,24.281,59.835
320.41,515.85,24.352,60.01
311.92,492.75,24.48,60.324
323.52,458,24.74,60.966
293.29,463.19,24.798,61.11
309.34,430.63,24.853,61.246
288.72,420.11,24.845,61.225
293.65,424.22,24.778,61.06
273.44,440.28,24.645,60.733
262.1,477.9,24.699,60.866
286.16,491.58,25.005,61.621
262.58,476.07,24.904,61.372
248.16,471.62,25.01,61.632
242.79,457.39,25.041,61.707
242.65,457.29,25.167,62.019
230.56,466.01,25.309,62.368
218.71,461.5,25.391,62.57
219.33,455.8,25.499,62.836
216.27,434.94,25.71,63.357
222.88,420.31,25.729,63.404
222.56,382.54,25.771,63.507
218.64,376.07,25.543,62.946
221.94,384.52,25.776,63.519
221.53,396.45,25.75,63.455
217.07,380.9,25.854,63.711
195.15,389.25,25.81,63.604
215.6,385.64,25.632,63.164
245.48,365.8,25.816,63.618
248.12,356.27,25.812,63.607
252.97,361.05,25.83,63.653
266.86,344.91,25.905,63.839
263.05,356.33,25.851,63.704
266.68,340.94,25.899,63.822
263.84,356.63,26.109,64.341
287.85,320.58,25.958,63.967
269.5,296.93,25.982,64.027
292.41,285.4,25.955,63.961
295.73,306.01,25.888,63.796
270.01,312.95,25.917,63.866
270.95,315.21,25.883,63.784
268.25,296.69,25.835,63.665
279.52,325.3,25.904,63.834
303.03,328.55,25.82,63.629
304,343.67,25.885,63.787
319.35,332.23,25.939,63.922
331.45,353.65,25.897,63.818
312.64,329.73,25.778,63.523
279.9,317.65,25.652,63.213
247.87,285.82,25.514,62.873
246.82,286.45,25.448,62.711
247.38,286.22,25.286,62.311
245.88,267.39,25.03,61.68
248.54,270.38,24.971,61.535
256.26,243.98,24.983,61.565
243.77,239.71,24.691,60.847
225.96,250.91,24.853,61.245
248.67,265.01,24.765,61.027
262.71,273.56,24.684,60.829
257.81,278.56,24.601,60.623
245.87,287.26,24.28,59.832
245.54,287.41,24.298,59.878
248.27,292.27,24.207,59.653
247.36,293.72,24.115,59.426
244.56,295.98,24.163,59.544
259.41,287.61,24.082,59.344
243.44,285.07,23.954,59.029
242.55,285.04,23.918,58.94
245.13,277.56,23.951,59.023
243.52,286.09,23.896,58.886
238.49,309.43,23.904,58.906
236,312.53,23.863,58.806
256.12,326.86,23.95,59.021
237.09,340.12,23.9,58.896
241.01,356.63,23.972,59.073
237.04,322.69,23.98,59.094
234.21,346.32,23.906,58.912
234.25,346.31,23.842,58.754
232.67,349.72,23.796,58.639
236.65,364.45,23.745,58.515
230.75,358.62,23.525,57.972
230.34,376.18,23.421,57.716
229.72,357.79,23.463,57.82
236.25,375.33,23.423,57.721
228.58,364.16,23.298,57.412
228.89,344.61,23.31,57.442
227.79,363.86,23.212,57.201
242.26,383.71,23.138,57.018
250.73,404.76,23.453,57.795
254.09,411.25,23.517,57.952
260.19,417.59,23.681,58.357
228.03,398.75,23.68,58.355
222.79,384.75,23.675,58.341
223.05,383.89,23.774,58.586
222.03,387.76,23.731,58.48
222.02,387.75,23.592,58.136
220.45,386.24,23.595,58.145
220.03,391.08,23.505,57.924
222.37,415.14,23.59,58.132
216.38,401.56,23.614,58.192
216.93,415.39,23.6,58.158
226.43,412.2,23.352,57.547
214.95,408.19,23.191,57.15
223.7,418.88,23.117,56.967
213.18,409.11,23.011,56.705
214.13,412.58,23.066,56.841
213.03,413.85,22.978,56.625
211.55,395.57,22.983,56.636
210.22,397.89,23.038,56.773
208.52,420.2,23.05,56.801
206.26,402.82,23.103,56.932
209.34,403.19,23.06,56.827
202.92,403.86,22.998,56.674
205.54,407.83,22.927,56.498
202.46,411.01,22.919,56.478
203.64,394.45,22.812,56.214
200.64,415.76,22.85,56.31
205.61,395.58,22.745,56.051
209.29,399.49,22.531,55.524
213.63,378.79,22.463,55.354
219.42,396.37,22.299,54.951
216.63,380.31,22.265,54.868
209.48,375.84,22.284,54.915
217.11,382.81,22.385,55.164
210.42,375.78,22.429,55.272
203.29,387.61,22.337,55.045
208.7,378.87,22.436,55.29
224.68,378.93,22.818,56.23
219.21,347.71,22.931,56.508
219.99,350.8,22.799,56.183
211.7,369.28,22.814,56.221
211.17,339.16,22.749,56.06
205.8,348.11,22.884,56.392
210.61,364.25,23.066,56.841
224.38,338.8,23.087,56.894
220,334.99,23.025,56.741
223.13,338.6,23.04,56.778
204.83,345.28,23.13,56.999
212.61,340.97,23.177,57.116
204.97,347.3,23.016,56.717
234.85,348.82,22.895,56.42
217.58,356.16,22.993,56.66
220.67,361.51,23.048,56.798
217.79,350.16,23.144,57.033
214.45,363.05,23.209,57.194
214.09,361.81,23.289,57.39
215.91,382.68,23.301,57.421
208.47,370.67,23.594,58.143
197.63,385.16,23.565,58.071
198.93,418.63,23.639,58.253
202.66,421.91,23.584,58.118
201.91,421.76,23.775,58.589
225.28,421.61,23.72,58.453
203.15,424.06,23.7,58.404
185.79,439.19,23.631,58.234
185.09,439.27,23.657,58.298
185.15,448.99,23.638,58.252
176.1,453.46,23.681,58.356
180.81,445.42,23.73,58.476
183.55,453.69,23.904,58.906
200.65,440.1,23.876,58.837
194.9,439.47,24.109,59.412
198.1,442.33,24.27,59.808
196.41,443.89,24.482,60.332
193.83,448.71,24.493,60.357
186.97,449.82,24.503,60.383
190.22,449.76,24.639,60.717
189.23,450.28,24.709,60.891
187.95,453.29,24.911,61.388
186.97,435.11,24.942,61.465
189.3,457.07,25.026,61.672
186.41,461.15,24.852,61.243
183.23,466.6,24.856,61.252
170.34,473.5,24.916,61.4
181.94,467.47,25.014,61.641
156.37,488.39,24.864,61.271
154.32,489.44,24.631,60.699
142.31,476.53,24.483,60.332
142.28,477.94,24.26,59.784
141.34,481.92,24.147,59.504
138.72,483.37,23.861,58.799
154.45,506.08,23.94,58.995
133.68,489.81,23.688,58.375
136.31,487.12,23.409,57.687
151.59,513.21,23.522,57.965
147.68,517.67,23.632,58.236
147.78,521.17,23.613,58.189
153.6,517.65,23.592,58.137
144.98,522.83,23.49,57.886
143.83,530.4,23.552,58.038
152.6,527.14,23.429,57.736
147.38,531.72,23.42,57.714
149.8,528.97,23.366,57.58
143.73,537.87,23.412,57.693
141.48,542.61,23.534,57.995
144.9,538.09,23.599,58.155
137.23,548.29,23.594,58.142
144.95,544.98,23.487,57.878
148.69,546.06,23.399,57.661
124.1,564.89,23.437,57.756
131.01,559.39,23.42,57.712
109.46,566.49,23.557,58.051
126.24,565.54,23.588,58.127
134.33,562.17,23.511,57.939
126.86,569.55,23.756,58.541
124.91,571.98,23.801,58.652
117.35,571.19,23.728,58.473
124.56,583.45,23.723,58.459
124.84,583.19,23.721,58.455
124.2,585.83,23.974,59.078
131.19,578.62,23.963,59.051
136.28,583.77,23.82,58.7
117.72,591.71,23.795,58.638
100.05,607.25,23.872,58.827
82.745,591.3,24.003,59.15
97.365,583.83,23.635,58.243
97.211,589.03,23.474,57.846
125.43,601.48,23.45,57.788
145.17,599.42,23.566,58.073
142.36,600.84,23.809,58.673
142.5,604.38,23.941,58.998
121.53,614.98,24.04,59.241
122.72,587.97,24.046,59.255
127.51,588.72,23.911,58.923
137.59,584.41,23.914,58.931
126.55,547.43,23.782,58.605
104,543.97,23.638,58.25
103.86,545.55,23.645,58.267
101.35,550.05,23.567,58.075
108.4,559.66,23.626,58.222
107.46,580.86,23.695,58.391
96.055,558.48,23.599,58.155
125.05,561.9,23.745,58.515
95.643,564.31,23.86,58.797
94.336,572.46,23.897,58.889
125.43,612.49,24.016,59.182
108.18,609.33,24.075,59.327
105.31,594.87,24.077,59.332
86.841,578.73,23.857,58.79
110.12,590.94,23.712,58.432
114.61,594.41,23.779,58.598
111.66,596.45,23.883,58.855
100.36,569.38,23.804,58.66
123.86,593.08,23.824,58.708
122.3,601.08,23.89,58.871
111.75,616.79,23.897,58.889
118.15,633.62,23.97,59.068
115.43,611.25,23.937,58.989
96.902,622.76,23.95,59.019
84.471,649.1,24.051,59.269
76.633,621.74,23.965,59.058
93.818,626.51,24.043,59.248
77.575,627.75,24.018,59.187
