1564,244,62,122
1564.5,245.68,62.143,122.28
1565.3,247.02,64.091,126.12
1565.9,249.72,62.436,122.86
1566.5,251.53,62.437,122.86
1567.3,253.93,62.149,122.29
1568.7,256.49,62.953,123.88
1568.5,258.07,62.702,123.38
1569.8,261.33,62.856,123.68
1569.8,262.9,62.696,123.37
1571.1,266.16,63.097,124.16
1571.3,267.63,64.069,126.07
1571.4,270.65,62.7,123.38
1572.9,273.71,63.052,124.07
1573.2,276.16,62.017,122.03
1574.1,278.77,63.176,124.31
1574.7,282.12,62.909,123.79
1574.7,283.99,62.32,122.63
1575,286.57,62.516,123.02
1575.7,289.31,62.516,123.02
1575.9,291.92,62.825,123.62
1576.9,295.13,62.549,123.08
1578.1,298.55,63.159,124.28
1578.6,301.37,63.374,124.7
1578.6,303.61,62.942,123.85
1579.4,306.78,62.762,123.5
1580.7,310.46,63.226,124.41
1580.9,312.98,64.043,126.02
1581.3,316.21,62.896,123.76
1581.9,319.34,62.534,123.05
1582.1,322.04,62.757,123.49
1583.9,326.08,63.155,124.27
1584.4,328.91,63.407,124.77
1584.5,331.49,63.094,124.15
1585.4,334.3,64.358,126.64
1585.5,336.72,64.864,127.63
1586.5,339.65,64.952,127.81
1587.1,342.84,64.91,127.73
1587.7,346.39,64.678,127.27
1588.1,349.17,63.574,125.1
1588.9,352.46,62.886,123.74
1589.5,356.03,62.356,122.7
1589.9,358.63,62.538,123.06
1589.9,360.73,62.846,123.66
1590.7,363.08,62.935,123.84
1590.8,365.04,63.62,125.19
1591.1,367.45,63.497,124.95
1591.8,370.27,62.88,123.73
1592.4,372.18,62.929,123.83
1592.4,374.22,63.335,124.63
1593.4,377.03,64.175,126.28
1594,379.46,64.038,126.01
1593.7,380.9,63.709,125.36
1594.8,383.32,64.034,126
1595,385.01,63.196,124.35
1595.5,387.47,64.309,126.54
1595.8,389.76,64.419,126.76
1596.2,391.16,64.841,127.59
1596.9,393.63,64.528,126.97
1596.5,395.18,63.832,125.61
1597.3,398.22,64.53,126.98
1597.5,400.66,63.557,125.06
1598.3,403.12,63.012,123.99
1599.3,404.62,62.8,123.57
1600.4,407.21,63.229,124.42
1600.2,409.55,63.562,125.07
1599.4,410.83,63.857,125.65
1600.4,414.56,63.758,125.46
1601.3,416.91,63.593,125.13
1601.1,417.7,63.547,125.04
1601.2,418.96,63.965,125.87
1601.1,422.43,64.36,126.64
1602,425.57,64.751,127.41
1602.3,427.68,64.933,127.77
1603.2,428.8,65.194,128.29
1603.2,431.99,64.173,126.28
1604.3,435.43,64.679,127.27
1604.3,437.88,64.426,126.77
1604.9,441.17,64.993,127.89
1605.8,442.53,64.558,127.03
1606.9,445.42,64.438,126.8
1607.5,448.59,64.345,126.62
1608.1,452.56,65.226,128.35
1608.5,454.77,65.026,127.95
1609.8,456.6,65.033,127.97
1610.7,460.01,64.788,127.49
1612.3,464.39,65.059,128.02
1612.4,467.04,64.901,127.71
1614.5,469.98,65.36,128.61
1615.7,473.18,65.279,128.45
1617,476.42,65.116,128.13
1617.6,478.64,64.99,127.88
1619.1,481.94,64.41,126.74
1621.8,485.34,64.052,126.04
1622.7,488.23,63.591,125.13
1624,491.44,63.342,124.64
1626.1,495.93,63.448,124.85
1626.7,498.82,62.908,123.79
1628.9,501.64,62.749,123.47
1631,505.01,63.2,124.36
1631.8,509.01,64.044,126.02
1632.4,512.03,63.635,125.22
1634.6,514.78,64.147,126.22
1635.9,517.33,63.573,125.09
1637.8,520.92,63.201,124.36
1639.7,525.36,63.419,124.79
1640.7,528.24,63.16,124.28
1643.4,531.96,63.471,124.9
1644,534.26,62.97,123.91
1646,536.97,62.978,123.92
1647.5,540.1,63.069,124.1
1648,543.89,62.993,123.95
1649.6,546.77,63.014,124
1651,549.77,62.856,123.68
1652.4,552.48,62.882,123.74
1653.4,555.35,63.014,124
1654,558.29,63.458,124.87
1654.7,562.2,63.363,124.68
1655.6,565,63.296,124.55
1657,567.76,64.112,126.16
1656.7,570.12,63.926,125.79
1657.4,572.96,63.823,125.59
1658.3,575.99,64.437,126.8
1658,578.12,63.813,125.57
1658.7,580.18,64.412,126.75
1659.2,582.12,64.206,126.34
1658.7,584.64,64.377,126.68
1658.5,586.96,64.308,126.54
1658.2,589.46,63.925,125.79
1657.6,590.05,63.43,124.81
1657.3,591.91,63.169,124.3
1657.3,594.75,63.319,124.6
1656.3,596.04,63.872,125.68
1655.3,597.77,64.187,126.3
1654.3,599.58,63.881,125.7
1653.3,601.19,64.047,126.03
1651.6,601.97,63.41,124.77
1650.2,603.42,63.52,124.99
1648.7,604.52,64.087,126.11
1647.1,606.36,63.72,125.39
1645.9,608.4,64.496,126.91
1643.8,608.34,63.986,125.91
1641.2,609.47,64.17,126.27
1640,611.07,64.591,127.1
1637,610.54,64.374,126.67
1634.9,612.86,64.964,127.83
1632.2,612.77,65.076,128.05
1628.9,613.12,64.41,126.74
1626.9,613.8,64.738,127.39
1623.9,614.25,64.893,127.69
1620.7,614.37,65.13,128.16
1616.4,613.36,65.132,128.16
1612.9,613.79,65.157,128.21
1608.9,614.33,65.198,128.29
1604.8,614.49,65.201,128.3
1600.7,614.28,65.122,128.14
1596.8,613.57,65.316,128.53
1592.9,614.29,65.757,129.39
1587.4,613.41,65.65,129.18
1582.7,613.55,65.587,129.06
1578.1,612.78,65.505,128.9
1573.3,612.06,65.621,129.13
1568.1,612.46,65.484,128.86
1563.8,612.98,65.859,129.59
1558.2,612.72,65.669,129.22
1552,611.05,65.672,129.23
1546.8,609.75,65.572,129.03
1541.1,609.64,65.417,128.72
1535.5,610,65.882,129.64
1529.8,609.05,65.961,129.79
1523.6,608.28,66.093,130.05
1516.6,606.75,65.661,129.2
1510.3,605.71,65.507,128.9
1504.6,605.12,65.316,128.52
1498.7,604.79,65.37,128.63
1492.1,603.73,65.464,128.82
1485.5,602.06,65.609,129.1
1477.9,600.2,65.243,128.38
1471.9,599.9,65.405,128.7
1464.7,598.31,65.544,128.97
1456.7,596.38,65.109,128.12
1450.4,594.57,64.948,127.8
1444.5,593.52,65.021,127.94
1436.5,590.54,65.238,128.37
1429.9,589.68,65.58,129.05
1420.8,587.34,65.513,128.91
1413.4,584.71,65.28,128.45
1406.5,583.98,65.36,128.61
1399.2,581.87,65.542,128.97
1390.8,578.84,65.118,128.14
1382.8,576.88,64.904,127.71
1375.3,575.07,65.211,128.32
1366.5,572.37,64.852,127.61
1359.5,569.8,65.836,129.55
1351.4,567.44,66.04,129.95
1343.4,565.09,65.995,129.86
1335.1,562.19,66.413,130.68
1327.3,559.32,66.188,130.24
1319.5,555.8,65.462,128.81
1311.9,553.86,65.575,129.04
1303,551.06,64.917,127.74
1295.6,548.48,65.541,128.97
1287.1,545.35,64.886,127.68
1279.8,542.24,65.536,128.96
1271,538.41,65.352,128.6
1264.3,536.07,65.405,128.7
1255.9,532.44,66.171,130.21
1247,528.74,65.579,129.04
1239.6,526.46,64.963,127.83
1232.6,523.47,65.427,128.74
1224.7,519.88,65.812,129.5
1216.9,516.71,65.741,129.36
1208.3,512.85,65.276,128.45
1202.1,510.45,65.388,128.67
1194,507.18,65.671,129.22
1186,503.34,65.156,128.21
1178.9,499.53,65.058,128.02
1171.6,496.48,64.704,127.32
1165,493.37,65.253,128.4
1157.6,490.3,65.256,128.41
1150.7,487.27,65.231,128.36
1142.4,482.72,65.133,128.17
1136,479.19,64.825,127.56
1130,475.81,65.069,128.04
1122.2,472.11,64.996,127.9
1115.6,469.31,64.96,127.82
1109.8,466.2,65.265,128.43
1103.2,462.56,65.443,128.77
1096.9,458.52,65.513,128.91
1089.6,454.44,65.203,128.3
1083.7,451.66,64.783,127.48
1078.4,449.21,64.828,127.56
1072.1,445.64,65.122,128.14
1065.3,441.25,64.883,127.67
1060.4,438.2,64.984,127.87
1053.5,434.27,64.949,127.8
1048.3,431.83,65.041,127.98
1041.7,428.18,64.804,127.52
1037.1,424.75,65.029,127.96
1030.9,420.94,64.541,127
1025.5,417.05,64.708,127.33
1021.1,414.29,64.787,127.48
1015.7,411.67,64.709,127.33
1010.2,408.45,64.832,127.57
1005,404.73,65.067,128.04
999.18,400.73,64.631,127.18
994.59,397.6,64.396,126.71
990.75,395.31,64.109,126.15
984.55,391.74,64.12,126.17
979.93,388.68,64.071,126.07
975.11,385.4,64.188,126.31
971.65,382.85,64.141,126.21
966.16,379.05,63.964,125.87
961.73,375.37,64.25,126.43
958.39,373.03,64.283,126.49
953.86,369.99,64.623,127.16
948.99,366.75,64.401,126.72
945.37,363.92,64.769,127.45
941.1,360.41,65.168,128.23
936.38,357.3,64.696,127.31
932.55,354.51,64.48,126.88
928.75,351.71,64.258,126.44
925.98,348.94,64.639,127.19
921.51,345.89,64.228,126.38
918.66,343.33,64.569,127.06
913.95,340.09,64.313,126.55
911.39,337.47,65.087,128.07
906.87,334.31,64.738,127.39
904.69,332.22,64.799,127.51
901.33,329.62,64.755,127.42
898.3,327.16,64.759,127.43
895.25,324.26,64.889,127.69
892.32,321.97,64.789,127.49
889.37,319.31,64.81,127.53
886.41,316.97,64.727,127.37
883.75,314.23,64.837,127.58
881.06,311.76,64.788,127.49
878.16,309.19,64.882,127.67
875.71,307.36,64.835,127.58
873.15,305.46,64.819,127.55
870.71,303.59,64.867,127.64
868.35,301.44,65.073,128.05
865.49,298.93,64.769,127.45
864.58,297.94,65.041,127.98
861.57,295.59,64.705,127.32
860.6,294.8,64.514,126.95
857.71,292.6,64.549,127.02
855.74,290.85,64.563,127.04
854.19,289.42,64.625,127.17
852.72,287.93,64.436,126.79
851.09,286.44,64.587,127.09
849.72,285.44,64.427,126.78
849.02,284.89,64.476,126.87
847.47,283.49,63.949,125.83
846.15,282.27,64.028,125.99
845.2,281.2,63.969,125.88
844.01,280.4,63.867,125.67
843.22,280.14,64.063,126.06
842.22,278.96,63.537,125.02
841.28,278.11,63.719,125.38
840.84,277.66,64.106,126.14
839.87,276.53,63.652,125.25
839.81,276.85,63.566,125.08
838.68,275.65,63.574,125.1
837.94,275.07,63.738,125.42
837.87,275.7,63.824,125.59
837.65,275.36,63.717,125.38
837.73,275.12,63.626,125.2
837.76,274.93,63.546,125.04
837.08,274.17,62.935,123.84
836.81,274.29,62.492,122.97
836.64,274.43,62.343,122.67
836.47,274.72,61.994,121.99
836.53,274.72,61.88,121.76
836.61,275.02,61.78,121.57
836.96,275.24,61.601,121.21
837.4,276.26,62.071,122.14
837.45,275.57,63.107,124.18
837.27,275.65,63.313,124.58
837.22,275.97,63.363,124.68
837.02,275.95,62.937,123.84
837.58,276.8,62.283,122.56
837.81,276.95,62.606,123.19
839.04,278.44,62.905,123.78
838.96,278.31,62.707,123.39
839.49,279.2,63.439,124.83
839.64,279.57,62.905,123.78
840.19,280.6,62.468,122.92
840.58,281.25,62.59,123.16
841.4,282.69,63.122,124.21
841.79,283.23,63.583,125.12
842.04,283.47,63.029,124.03
842.39,284.76,62.506,123
842.99,285.89,62.276,122.54
844.07,287.45,62.796,123.57
844.63,288.2,63.002,123.97
844.59,288.42,62.682,123.34
845.35,290.61,62.763,123.5
846.2,291.7,62.677,123.33
846.66,292.71,62.687,123.35
847.19,293.89,62.833,123.64
846.69,294.3,62.428,122.84
847.08,296.06,62.33,122.65
847.69,297.18,62.016,122.03
848.98,299.12,62.716,123.41
849.33,300.29,62.972,123.91
848.57,300.89,62.761,123.5
849.76,303.66,62.825,123.62
849.3,303.87,62.591,123.16
850.59,305.79,63.157,124.28
850.72,307.13,63.459,124.87
850.26,307.92,63.234,124.43
851.8,310.59,63.331,124.62
851.55,311.86,63.708,125.36
851.87,313.36,63.748,125.44
852.54,314.64,63.932,125.8
851.84,315.47,63.635,125.22
853.55,317.55,64.152,126.23
853,318.07,63.762,125.47
854.41,320.56,64.203,126.33
854.45,322.33,64.158,126.25
854.27,323.14,63.763,125.47
856.03,325.31,63.979,125.89
855.75,325.63,63.931,125.8
856.41,327.95,63.461,124.88
857.01,329.91,63.35,124.66
858.6,331.8,64.018,125.97
858.29,332.66,63.536,125.02
859.01,334.42,63.461,124.87
859.29,336.13,63.63,125.21
861.06,338.28,63.912,125.76
860.83,339.15,63.61,125.17
861.73,341.19,63.279,124.52
863.45,343.72,63.542,125.03
863.31,344.77,63.282,124.52
865.16,347.06,63.79,125.52
865.35,348.29,64.391,126.71
866.39,350.05,64.172,126.27
867.02,352.18,64.053,126.04
867.21,353.55,63.39,124.74
867.94,355.23,63.538,125.03
868.99,356.84,63.714,125.37
870.7,359.27,64.016,125.97
870.42,360.7,63.482,124.92
871.06,362.61,63.6,125.15
871.94,364.03,63.684,125.31
873.86,366.81,63.909,125.76
873.32,368.05,63.847,125.63
874.83,370.53,64.271,126.47
875.66,372.23,64.532,126.98
875.35,373.55,64.188,126.3
877.41,376.01,64.537,126.99
877.04,377.71,64.082,126.1
878.17,380.23,63.657,125.26
880,382.59,64.069,126.07
879.43,383.64,64.007,125.95
879.96,386.24,63.85,125.64
881.64,388.84,64.283,126.49
882.41,390.68,64.522,126.96
882.27,392.03,64.241,126.41
884.34,394.26,64.532,126.98
884.29,395.21,63.959,125.85
884.86,397.67,64.106,126.14
885.73,400.65,63.706,125.36
887.19,403.52,63.941,125.82
887,403.8,63.954,125.84
887.64,406.51,63.815,125.57
889.28,409.71,63.935,125.81
888.78,410.61,64.019,125.97
889.37,412.73,64.002,125.94
890,415.35,63.858,125.66
891.58,418.65,63.893,125.72
891.04,419.51,64.139,126.21
891.7,422.63,63.744,125.43
893.02,425.84,63.966,125.87
892.84,427.22,63.931,125.8
893.74,429.06,63.827,125.59
895.46,431.99,63.982,125.9
895.14,433.66,63.681,125.31
896.93,436.69,63.748,125.44
898.01,438.89,63.956,125.85
897.46,440.07,63.847,125.63
899.29,442.81,64.059,126.05
899.38,444.46,63.751,125.45
900.77,447.62,63.886,125.71
901.19,450.29,63.985,125.91
901.03,451.65,63.932,125.8
902.05,453.61,64.033,126
903.04,455.96,63.878,125.69
904.83,459.05,64.128,126.19
904.91,461.79,63.665,125.28
906.32,464.51,64.189,126.31
907.88,466.42,64.037,126.01
908.34,467.87,63.411,124.78
909.1,471.29,63.038,124.04
910.06,473.95,63.081,124.13
911.4,476.47,63.13,124.22
913.47,478.85,63.819,125.58
914.93,480.65,63.823,125.59
915.83,482.84,64.111,126.15
916.43,485.08,63.508,124.97
918.23,487.53,63.265,124.49
920.49,490.87,63.477,124.91
921.21,492.25,63.319,124.6
923.71,494.93,63.877,125.69
925.32,497.42,63.684,125.31
927.06,499.96,63.834,125.61
929.15,502.61,63.703,125.35
930.71,504.79,63.936,125.81
931.83,505.9,63.788,125.52
934.98,508.92,63.81,125.56
937.09,511.43,63.845,125.63
939.4,513.56,63.858,125.66
941.17,516,63.971,125.88
942.71,517.34,63.898,125.74
945.36,519.56,63.736,125.42
948.12,522.5,64.075,126.08
949.67,524.5,63.876,125.69
952.99,527.12,64.308,126.54
955.36,529.05,64.635,127.18
957.19,531.02,63.974,125.89
959.35,533.9,63.619,125.19
961.98,536.14,63.876,125.69
965.23,538.47,64.545,127.01
966.98,539.66,64.19,126.31
969.72,542.49,64.77,127.45
972.25,544.18,64.882,127.67
975.01,545.92,64.991,127.88
976.76,548.21,64.096,126.12
979.55,550.21,63.635,125.22
982.86,552.21,64.133,126.2
984.71,553.58,63.68,125.31
987.97,555.67,64.204,126.34
990.28,557.9,64.18,126.29
992.51,559.04,64.698,127.31
994.72,560.57,64.984,127.87
996.82,562.07,63.962,125.86
999.59,563.9,63.785,125.51
1002.3,566.4,64.052,126.04
1004.2,566.73,63.866,125.67
1007,568.32,64.705,127.32
1009.2,569.32,64.95,127.8
1011.5,570.4,64.841,127.59
1013.7,571.8,64.586,127.09
1015.4,572.22,64.377,126.68
1018.1,573.63,65.287,128.47
1020.6,574.58,64.857,127.62
1022.6,575.2,64.868,127.64
1024.8,576.11,64.896,127.7
1026.9,576.82,65.006,127.92
1028.3,577.19,64.286,126.5
1031.6,578.54,64.645,127.2
1032.7,578.33,64.1,126.13
1035,578.95,63.96,125.86
1036.9,579.5,63.816,125.57
1039.8,580.31,64.304,126.53
1041.5,580.02,64.605,127.13
1042.8,580.11,63.936,125.81
1044.6,580.67,63.727,125.4
1047.4,581.3,64.192,126.31
1049.1,581.09,64.188,126.31
1050.8,580.92,64.218,126.36
1052.8,580.74,64.248,126.42
1054.5,580.63,64.41,126.74
1055.9,580,64.581,127.08
1057,579.53,63.76,125.46
1059.6,579.48,64.482,126.88
1059.9,578.33,64.402,126.73
1062.5,578.5,64.581,127.08
1063.5,577.43,64.02,125.97
1064.9,576.8,64.088,126.11
1066.6,576.3,63.747,125.44
1068.8,575.67,64.426,126.77
1070.2,574.6,64.617,127.15
1071.2,573.47,63.875,125.69
1073.5,572.74,64.485,126.89
1074.2,571.33,63.888,125.71
1076.3,570.48,64.451,126.82
1076.9,568.73,64.049,126.03
1078.9,567.97,63.447,124.85
1080.4,566.61,63.409,124.77
1081.9,565.61,62.9,123.77
1083.3,563.7,63.415,124.78
1084.5,562.5,63.008,123.98
1085.9,560.4,63.363,124.68
1087.2,558.68,63.381,124.72
1088.7,556.97,63.209,124.38
1090.6,555.21,64.085,126.1
1091.1,553.22,63.582,125.11
1092.9,551.5,62.996,123.96
1094.3,549.54,62.906,123.78
1095.7,547.55,62.865,123.7
1096.9,545.07,63.194,124.35
1099,542.76,64.051,126.04
1099.3,540.14,63.529,125.01
1101.1,538.37,63.035,124.04
1102.5,536.3,62.849,123.67
1103.8,533.52,63.125,124.21
1105.7,531.4,63.568,125.08
1106.2,528.13,63.507,124.96
1107.8,525.92,63.208,124.38
1109.9,523.23,63.813,125.57
1111,520.71,63.788,125.52
1112,517.09,64.591,127.1
1112.6,514.37,63.73,125.4
1114.8,511.5,64.408,126.74
1115.8,508.43,64.604,127.12
1116.4,505.33,63.775,125.49
1118.3,502.06,64.762,127.44
1119.5,498.81,65.003,127.91
1120,495.01,64.625,127.17
1121.8,492.44,63.755,125.45
1123.6,489.33,64.57,127.06
1124.2,486.13,63.725,125.39
1126.2,483.35,63.86,125.66
1127.2,479.53,64.337,126.6
1128.4,475.8,64.834,127.58
1129.7,472.51,64.629,127.17
1130,468.85,63.481,124.91
1131.3,464.97,63.648,125.24
1133.3,461.13,64.577,127.07
1133.8,457.53,63.632,125.21
1136.1,454.74,63.718,125.38
1137,450.52,64.176,126.28
1137.8,445.79,64.846,127.6
1138.9,441.87,64.944,127.79
1140,437.53,65.106,128.11
1140.6,434.22,63.846,125.63
1142.6,430.38,64.589,127.1
1143.5,426.13,63.394,124.74
1144.7,422.18,63.089,124.14
1146.2,417.73,64.077,126.09
1146.8,413.54,63.248,124.46
1148.7,409.81,63.699,125.34
1149.7,405.16,64.149,126.23
1149.9,400.01,63.692,125.33
1151.8,395.96,64.082,126.1
1152.3,391.56,63.32,124.6
1154.1,387.43,63.822,125.59
1154.9,382.71,64.283,126.49
1156.1,378.21,64.097,126.13
1156.5,373.16,63.249,124.46
1158,369.12,63.982,125.9
1158.4,364.41,63.437,124.83
1159.6,360.25,62.929,123.83
1161.1,354.71,62.955,123.88
1162.3,349.82,63.081,124.13
1163.3,345.79,62.571,123.12
1164.6,341.33,63.472,124.9
1165.2,336.89,62.552,123.09
1167.1,331.46,63.456,124.86
1167.6,326.21,62.789,123.55
1169.7,321.68,63.307,124.57
1170.7,317.41,63.043,124.05
1170.9,311.83,62.746,123.47
1172.6,306.86,63.722,125.39
1173.7,301.67,64.033,126
1174.5,296.47,63.087,124.14
1176.8,292.38,62.947,123.86
1177.6,287.23,62.245,122.48
1179.5,282.69,62.412,122.81
1179.6,278.01,62.004,122.01
1181.2,273.17,61.966,121.93
1182.8,268.28,61.935,121.87
1183.5,262.92,62.113,122.22
1185.7,258.96,62.386,122.76
1186.1,252.86,62.729,123.43
1188.2,248.66,63.06,124.09
1188.8,242.65,62.892,123.76
1190.1,237.75,62.909,123.79
1191.8,233.09,62.795,123.56
1193.6,228.21,63.45,124.85
1194.6,222.94,62.883,123.74
1196.7,218.55,62.494,122.97
1198.5,213.52,62.467,122.92
1199.9,208.67,62.573,123.13
1202.4,204.61,62.688,123.35
1204,199.51,63.21,124.38
1205.8,194.57,63.163,124.29
1207.5,189.79,63.061,124.09
1208.9,184.75,62.361,122.71
1211,180.62,61.851,121.71
1212.5,176.31,61.572,121.16
1215.1,172.03,62.162,122.32
1216.9,167.32,62.517,123.02
1217.8,162.12,62.156,122.31
1220.2,158.28,62.454,122.89
1221.6,153.39,62.066,122.13
1224.1,149.82,62.312,122.61
1225.2,144.81,62.21,122.41
1227.4,140.93,62.852,123.68
1228.7,136.27,62.409,122.8
1230.6,132.51,61.904,121.81
1232.7,129.06,61.374,120.77
1234.8,125.24,61.168,120.36
1237,121.34,62.279,122.55
1238,116.83,62.063,122.12
1240.4,113.93,62.209,122.41
1242,110.11,62.287,122.57
1243.1,105.79,62.102,122.2
1245.5,103.05,62.13,122.26
1247,99.285,62.547,123.08
1248.8,95.832,62.432,122.85
1249.7,91.903,61.985,121.97
1250.8,88.499,62.126,122.25
1253.1,86.205,62.203,122.4
1254.8,82.932,62.325,122.64
1255.1,79.353,61.951,121.9
1256.4,76.108,61.953,121.91
1257.7,73.337,61.851,121.71
1259,70.642,61.683,121.38
1260.8,68.043,62.518,123.02
1261.5,65.04,62.046,122.09
1263.5,63.23,62.08,122.16
1264.2,60.398,62.548,123.08
1265.2,58.004,62.443,122.87
1265.5,55.383,61.881,121.77
1266,52.829,61.998,122
1266.9,50.451,62.079,122.16
1268.5,48.945,62.433,122.85
1268.3,46.32,62.383,122.75
1269,44.189,62.4,122.79
1269.8,42.514,62.324,122.64
1270.4,41.056,62.226,122.44
1272.1,39.588,62.651,123.28
1272.2,37.844,62.851,123.67
1271.7,35.768,62.605,123.19
1273.1,34.625,63.031,124.03
1272.6,32.607,62.723,123.42
1274,31.736,62.986,123.94
1273.2,29.656,62.973,123.91
1273.9,28.602,62.681,123.34
1275.1,27.834,63.196,124.35
1275.1,26.547,63.365,124.69
1274.5,25.104,63.056,124.08
1275,24.232,62.904,123.78
1275.5,23.262,62.884,123.74
1275.9,22.236,62.844,123.66
1276.4,21.472,62.79,123.55
1277.6,21.425,63.083,124.13
1277.1,20.401,62.624,123.23
1278.2,20.086,63.162,124.29
1278.1,18.988,63.611,125.17
1277.6,18.356,62.91,123.79
1278,17.865,62.839,123.65
1278.4,17.82,62.567,123.12
1279.4,17.968,63.164,124.29
1279.2,17.295,63.644,125.24
1279.5,16.998,63.787,125.52
1279.6,16.645,64.005,125.95
1279.5,16.77,62.697,123.37
1280.9,17.364,63.054,124.07
1280,16.45,63.077,124.12
1280.4,16.808,62.866,123.7
1280.7,16.698,62.827,123.63
1281.2,17.438,62.502,122.99
1281.5,17.541,62.49,122.96
1282.1,18.054,62.285,122.56
1282,18.263,62.442,122.87
1282.5,18.686,62.433,122.85
1282.7,18.877,62.745,123.47
1283.5,19.932,63.355,124.67
1282.9,19.479,63.271,124.5
1284.1,21.045,63.391,124.74
1283.8,21.374,62.645,123.27
1284.7,21.799,63.835,125.61
1285,22.717,63.702,125.35
1285.3,23.417,63.75,125.44
1285.6,24.43,63.707,125.36
1286,25.185,63.874,125.69
1286.3,26.123,63.947,125.83
1286,27.171,63.155,124.27
1287.2,29.059,63.398,124.75
1287.3,30.079,62.257,122.51
1288.5,31.413,62.961,123.89
1288.4,32.443,61.989,121.98
1288.7,33.461,62.018,122.04
1289.7,34.658,63.274,124.51
1289.8,35.819,63.552,125.05
1290,36.919,62.461,122.91
1290.4,38.084,62.624,123.23
1291.8,40.305,62.962,123.89
1291.5,40.82,62.774,123.52
1293.3,43.221,62.898,123.77
1293.3,44.145,62.178,122.35
1294.6,46.419,62.711,123.4
1295.2,47.93,62.871,123.71
1295.5,49.358,62.062,122.12
1296.7,51.811,62.467,122.92
1296.3,52.039,62.541,123.06
1297.1,53.676,62.656,123.29
1298.7,56.404,62.895,123.76
1298.7,57.35,62.686,123.35
1299.9,59.626,63.28,124.52
1300.4,61.329,63.54,125.03
1300.6,62.213,63.231,124.42
1302,64.834,63.739,125.42
1302.5,66.538,64.023,125.98
1302.5,67.725,63.576,125.1
1303.4,70.101,63.361,124.68
1304.3,72.26,63.253,124.47
1305.6,74.666,63.962,125.86
1305.4,75.666,63.895,125.73
1306.7,78.469,63.574,125.1
1307.7,80.681,63.277,124.51
1309.1,83.814,63.598,125.14
1309.5,85.652,62.833,123.64
1310.1,88.078,62.991,123.95
1310.8,90.609,63.025,124.02
1312.1,93.587,62.626,123.23
1313.6,96.511,63.334,124.62
1314.3,98.588,63.663,125.27
1315.2,101.15,63.797,125.54
1316,103.67,64.086,126.1
1316.4,106.09,63.7,125.35
1318.3,109.76,63.73,125.4
1319.7,112.12,63.814,125.57
1320.8,114.84,64.13,126.19
1321.1,117.77,63.576,125.1
1322.3,121.05,63.354,124.66
1323.8,123.77,63.365,124.69
1325,126.95,63.489,124.93
1326.3,129.98,63.334,124.62
1328,133.17,64.372,126.67
1329.3,136.31,64.782,127.48
1330.7,139.88,64.564,127.05
1331.4,142.67,64.199,126.33
1333.3,147.27,64.169,126.27
1335,150.97,64.296,126.52
1336.3,154.56,64.623,127.16
1337,157.76,64.097,126.13
1338.7,161.53,64.035,126
1340.1,165.89,63.804,125.55
1342.2,170.1,64.544,127.01
1343.2,174,63.998,125.93
1344.5,177.89,64.108,126.15
1345.9,182.57,63.833,125.61
1347.8,187.24,64.264,126.46
1349.2,191.35,64.672,127.26
1350.3,194.31,64.571,127.06
1351.6,198.99,64.16,126.25
1353.3,203.54,64.65,127.21
1354.2,207.3,64.048,126.03
1355.6,210.72,64.057,126.05
1356.5,214.49,63.79,125.52
1357.7,219.27,64.227,126.38
1358.2,223.15,64.358,126.64
1359.4,227.04,64.49,126.9
1359.5,229.74,64.092,126.12
1360.8,233.19,63.703,125.35
1362.1,237.39,64.285,126.5
1362.8,242.1,64.654,127.22
1363.6,246.07,63.935,125.81
1364.8,250.29,63.747,125.44
1367.4,254.13,64.172,126.27
1368.6,258.29,64.509,126.94
1369.2,263.35,63.896,125.73
1370.3,267.69,64.06,126.05
1371.8,271.91,63.948,125.83
1373.1,275.16,64.018,125.97
1374.6,279.62,63.776,125.5
1376.4,283.7,64.399,126.72
1377.6,287.53,64.824,127.56
1378.5,291.42,64.868,127.64
1379.9,295.59,64.788,127.49
1380.8,298.39,65.272,128.44
1382.3,301.97,65.105,128.11
1383.1,305.79,64.15,126.23
1383.6,310.94,63.827,125.6
1385.3,315.46,64.036,126.01
1385.5,318,63.872,125.68
1387.2,320.91,64.357,126.64
1387.6,323.89,64.818,127.55
1388,327.8,64.969,127.84
1387.9,331.19,64.306,126.54
1389.6,334.94,64.522,126.96
1390.1,336.5,64.021,125.98
1390.1,340.14,64.053,126.04
1390.8,344.43,63.753,125.45
1391.8,347.94,64.804,127.52
1392.4,351.03,65.08,128.06
1392.6,353.37,64.503,126.92
1393.2,357.38,63.926,125.79
1393.9,360.75,64.108,126.15
1394.3,364.81,63.706,125.36
1395.4,368.35,64.592,127.1
1395.4,370.73,64.259,126.45
1397,374.13,65.006,127.91
1396.8,377.07,64.443,126.81
1397.4,381.04,64.223,126.37
1398.7,385.58,64.734,127.38
1399.4,388.08,65.131,128.16
1399.6,390.89,64.791,127.49
1401.5,394.73,65.26,128.42
1401.8,398.97,65.472,128.83
1403.2,402.61,65.512,128.91
1403.8,405.79,64.74,127.39
1405.6,409.58,65.207,128.31
1406.3,412.49,64.769,127.45
1407.3,417.71,65.299,128.49
1408.4,421.65,65.415,128.72
1409,425.07,65.68,129.24
1410.1,427.49,65.014,127.93
1410.8,431.67,64.91,127.73
1412.1,436.45,65.476,128.84
1412.8,440.88,65.64,129.16
1412.9,443.4,65.309,128.51
1415.1,446.63,65.551,128.99
1415.3,449.72,65.018,127.94
1415.8,454.66,64.555,127.03
1416.7,458.5,64.51,126.94
1418.2,461.68,64.506,126.93
1418.9,465.09,64.395,126.71
1420,469.47,64.984,127.87
1420.4,472,65.051,128
1421.4,475.59,64.823,127.55
1422.7,479.34,65.446,128.78
1423.3,482.9,65.851,129.58
1423.7,485.98,66.203,130.27
1424.6,489.02,65.358,128.61
1426.2,491.82,66.077,130.02
1426.7,494.72,65.24,128.38
1427.5,498.84,65.925,129.72
1428,502.35,66.233,130.33
1428.8,504.65,65.276,128.45
1430.5,507.45,66.179,130.22
1430.9,510.17,65.478,128.84
1432.1,513.89,65.954,129.78
1432.8,516.72,66.267,130.4
1433.4,518.96,65.342,128.58
1434.9,521.9,65.965,129.8
1435.4,524.22,66.558,130.97
1436.7,527.06,66.63,131.11
1436.5,529.72,65.88,129.63
1438.5,532.59,65.894,129.66
1439.4,534.64,66.227,130.32
1439.6,536.92,65.332,128.56
1441.3,539.79,66.011,129.89
1442.3,542.59,65.808,129.49
1443.3,543.81,66.011,129.89
1444.1,545.95,66.037,129.94
1445.2,548.31,65.967,129.81
1446.4,550.18,65.818,129.51
1447.4,552.17,65.866,129.61
1448.3,553.87,65.902,129.68
1449.3,556.11,65.42,128.73
1450.6,558.31,65.19,128.28
1451.1,559.92,64.471,126.86
1452,561.6,64.31,126.55
1453.4,563.19,65.473,128.83
1454.5,564.75,65.406,128.7
1455.5,565.76,65.812,129.5
1456.7,567.05,65.993,129.86
1457.8,568.1,66.074,130.02
1458.4,569.19,65.235,128.37
1460.1,570.58,66.127,130.12
1460.6,571.13,65.532,128.95
1461.8,572.48,65.395,128.68
1463.5,573.67,66.17,130.21
1464.3,574.22,65.15,128.2
1465.5,575.64,64.733,127.38
1467.1,576.48,65.623,129.13
1467.5,576.54,65.224,128.34
1469,577.45,64.828,127.56
1470.6,577.95,65.674,129.23
1471.1,578.27,65.17,128.24
1472.2,578.31,65.379,128.65
1474,579.16,65.887,129.65
1474.9,579,66.076,130.02
1475.3,578.5,65.516,128.92
1476.8,578.97,65.184,128.27
1477.7,579.09,65.136,128.17
1479,579.04,65.009,127.92
1479.9,578.76,65.103,128.11
1480.8,578.35,65.349,128.59
1482.3,578.39,66.012,129.89
1483.2,577.4,66.482,130.82
1484.7,577.26,66.256,130.38
1484.9,576.1,65.895,129.66
1486.5,576.13,66.19,130.25
1486.7,574.76,65.666,129.21
1487.8,574.01,65.744,129.37
1488.6,572.99,65.923,129.72
1490.1,572.63,66.453,130.76
1491.1,571.48,66.658,131.17
1491.2,569.97,65.967,129.81
1493,569.17,66.66,131.17
1493.3,567.64,66.1,130.07
1494.5,566.81,65.79,129.46
1496,565.65,66.418,130.69
1496.9,564.18,66.737,131.32
1497,562.54,65.807,129.49
1498.6,561.24,66.634,131.12
1498.9,559.61,65.807,129.49
1500,558.08,66.809,131.46
1500.3,556.05,65.91,129.69
1501.6,554.6,66.496,130.85
1501.9,552.45,67.211,132.25
1502,550.37,66.399,130.66
1503.5,549,66.4,130.66
1504.1,546.92,66.493,130.84
1504.5,544.39,66.82,131.48
1504.6,542.74,65.441,128.77
1505.8,540.33,66.464,130.78
1506,537.63,67.04,131.92
1506.6,535.52,66.821,131.49
1506.3,532.95,65.851,129.58
1507.3,530.73,66.293,130.45
1507,527.88,65.842,129.56
1508,525.48,66.537,130.93
1508.2,523.07,66.339,130.54
1508.1,520.36,66.704,131.26
1507.8,518.09,65.247,128.39
1508.8,516.02,65.489,128.87
1508.2,512.39,66.345,130.55
1508.3,509.06,66.812,131.47
1507.3,505.93,65.838,129.55
1508,503.62,66.448,130.75
1507.5,500.65,66.629,131.11
1506.9,497.63,65.518,128.92
1507.1,495.04,65.144,128.19
1506.6,492.66,64.739,127.39
1506.9,489.62,65.688,129.26
1505.3,485.99,65.605,129.09
1505.1,482.9,65.199,128.29
1504.4,479.72,65.001,127.9
1503.8,476.11,65.447,128.78
1504.2,473.56,65.97,129.81
1503.1,470.22,66.203,130.27
1501.7,466.49,65.658,129.2
1501.1,463.35,64.915,127.74
1500.9,459.82,66.183,130.23
1499.4,456.1,65.901,129.68
1499,453.2,66.121,130.11
1497,449.56,65.147,128.19
1496.5,446.95,64.458,126.84
1495.3,443.07,64.731,127.37
1495,439.32,65.813,129.5
1493.6,435.92,65.615,129.11
1491.6,432.54,64.549,127.02
1490.1,429.46,64.548,127.01
1488.5,425.56,65.08,128.06
1487,421.57,64.993,127.89
1485.4,417.35,65.206,128.31
1483.8,414.33,64.759,127.43
1482.3,410.65,66.134,130.13
1480.1,407.62,64.564,127.04
1478.3,404.1,64.162,126.26
1476.8,399.55,65.248,128.39
1474.8,395.76,65.369,128.63
1472.3,392.26,65.714,129.31
1469.8,389.23,64.2,126.33
1468.1,385.47,65.237,128.37
1466.3,381.02,65.204,128.3
1463.6,376.93,64.208,126.34
1461.6,373.9,64.923,127.75
1459.1,370.57,64.896,127.7
1456.6,366.56,64.98,127.86
1453.4,361.65,64.969,127.84
1451,357.49,64.689,127.29
1448.7,354.22,64.252,126.43
1446.9,351.22,64.796,127.5
1444.2,347.31,64.794,127.5
1441.4,343.43,65.033,127.97
1438.1,339.25,64.281,126.49
1436.2,335.53,65.064,128.03
1432.7,331.49,64.541,127
1430,328.12,64.234,126.4
1428,325.14,64.664,127.24
1424.6,321.14,64.106,126.14
1421.8,317.69,63.84,125.62
1419.3,314.23,64.46,126.84
1416.2,310.3,63.782,125.51
1413.7,307.41,64.344,126.61
1411,303.95,64.272,126.47
1408.1,300.26,64.469,126.86
1404.6,297.02,63.467,124.89
1401.9,293.46,63.563,125.08
1398.7,290,63.818,125.58
1396.4,287.09,64.257,126.44
1393.6,283.6,64.575,127.07
1390,279.99,64.145,126.22
1387.3,277.31,63.814,125.57
1384.8,274.47,64.466,126.85
1381.4,270.67,64.197,126.32
1379.1,268,64.735,127.38
1376.5,265.07,64.817,127.54
1373.6,262.23,64.826,127.56
1371.1,259.45,64.689,127.29
1367.7,256.67,63.801,125.54
1365.4,254,64.558,127.03
1362.5,251.42,63.745,125.43
1360.8,249.05,64.324,126.57
1357.9,246.17,64.751,127.41
1355.6,243.6,65.033,127.97
1352.8,241.26,64.109,126.15
1350.5,239.25,63.783,125.51
1349,237.53,63.974,125.88
1346.2,234.98,63.518,124.99
1344,232.88,63.372,124.7
1341.7,230.87,63.344,124.65
1340.1,228.41,64.318,126.56
1338.4,225.91,64.421,126.76
1336.4,223.42,64.67,127.25
1334.1,221.41,63.838,125.62
1332.8,219.91,64.259,126.44
1330.9,217.75,64.499,126.92
1328.2,215.02,64.18,126.29
1327.4,213.98,64.382,126.69
1325.5,211.99,64.472,126.87
1323.4,209.66,63.762,125.47
1322.6,206.82,64.782,127.47
1321.2,204.51,65.133,128.16
1318.9,201.77,64.847,127.6
1318.7,200.42,64.823,127.55
1317.1,198.62,64.823,127.56
1315.6,196.33,64.942,127.79
1314.3,194.66,64.803,127.51
1312.8,192.47,64.942,127.79
1311.5,190.27,65.084,128.07
1309.6,187.95,64.267,126.46
1308.8,186.1,64.66,127.23
1306.9,183.41,64.41,126.74
1306.3,181.69,64.661,127.24
1304.2,178.56,64.457,126.83
1303.1,176.58,63.77,125.48
1301.9,174.05,64.646,127.21
1299.8,170.73,64.815,127.54
1299,168.65,65.26,128.42
1298.1,166.75,64.775,127.46
1296.5,164.41,64.995,127.89
1294.5,161.46,64.545,127.01
1293.5,159.59,63.893,125.73
1292.3,156.77,63.756,125.46
1291.6,154.09,64.666,127.25
1289.2,151.07,64.709,127.33
1288.4,149.18,64.927,127.76
1286.9,146.52,65.249,128.39
1285.9,143.63,65.272,128.44
1284.6,141.16,65.061,128.02
1282.6,138.6,64.535,126.99
1281,136.6,64.423,126.77
1280.4,134.73,64.633,127.18
1278.5,131.11,64.643,127.2
1277.6,128.85,64.116,126.16
1275.9,126.41,64.282,126.49
1275,124.79,64.951,127.81
1273.2,122.51,65.137,128.17
1271.4,119.41,64.6,127.12
1270.4,116.92,64.352,126.63
1269.6,114.98,64.8,127.51
1268.1,112.78,65.001,127.9
1266.3,110.58,63.888,125.72
1265.5,108.35,64.354,126.63
1264.3,106.06,64.243,126.41
1262.7,103.6,64.609,127.13
1260.8,100.92,64.098,126.13
1259.3,99.408,63.586,125.12
1258.1,96.745,63.885,125.71
1257.3,94.2,64.768,127.45
1255.9,91.782,64.657,127.23
1254.4,89.724,63.557,125.06
1252.8,87.965,63.484,124.92
1251.5,86.238,63.174,124.31
1250.6,83.663,64.226,126.38
1249.5,80.703,64.885,127.68
1248.3,78.811,64.703,127.32
1246.9,76.97,64.782,127.47
1245.5,74.735,64.908,127.72
1244.5,72.735,64.737,127.39
1243.5,70.438,64.788,127.49
1242.3,67.997,64.947,127.8
1241,66.078,64.898,127.7
1239.9,63.694,65.033,127.97
1238.4,61.509,64.271,126.47
1238.1,60.087,64.352,126.63
1237.3,58.049,64.35,126.62
1236,55.673,64.961,127.83
1235.2,53.734,65.054,128.01
1233.8,51.761,64.23,126.39
1233.8,50.167,64.732,127.38
1233,48.124,64.788,127.49
1232.2,46.369,64.674,127.26
1231.2,44.905,63.526,125
1230.7,43.532,62.881,123.73
1229.9,41.553,63.113,124.19
1229.6,39.386,64.153,126.24
1228.6,37.627,63.496,124.94
1227.5,35.776,63.961,125.86
1226.8,34.252,63.763,125.47
1227.4,33.073,64.112,126.16
1226.1,31.215,63.77,125.48
1226.1,29.712,64.211,126.35
1225.3,27.843,64.855,127.62
1225.1,26.946,64.464,126.85
1224.1,25.897,63.603,125.15
1223.5,24.555,63.498,124.95
1222.8,23.165,63.696,125.34
1223.5,22.383,63.976,125.89
1222.1,20.837,64.023,125.98
1221.8,19.865,63.93,125.8
1221.5,19.258,63.638,125.22
1221.8,18.38,64.411,126.74
1221.3,17.798,64.342,126.61
1221.1,16.938,64.357,126.64
1220.6,16.277,64.629,127.17
1219.4,15.385,64.22,126.37
1219.9,15.243,64.568,127.05
1219.1,14.751,64.04,126.01
1218.9,14.711,63.455,124.86
1218.6,14.449,63.417,124.79
1218.2,14.225,63.425,124.8
1218.2,14.791,62.681,123.34
1218.5,14.861,63.493,124.94
1217.3,14.1,63.56,125.07
1217,13.93,63.639,125.23
1217.4,14.458,64.239,126.41
1217.1,14.513,64.389,126.7
1217,15.144,64.165,126.26
1217,15.32,64.392,126.71
1216.8,16.018,64.375,126.67
1216.6,16.326,64.519,126.96
1216.1,17.134,63.544,125.04
1216.1,18.036,63.268,124.5
1216.6,19.031,64.127,126.18
1215.9,19.355,63.763,125.47
1216.7,20.6,64.368,126.66
1216.7,21.593,64.48,126.88
1216.3,22.568,63.814,125.57
1217.1,24.272,64.132,126.2
1216.5,24.58,64.085,126.1
1216.7,26.164,63.951,125.84
1216.8,27.156,64.39,126.7
1218.2,29.604,64.588,127.09
1217.9,30.568,64.212,126.35
1219.3,33.625,63.786,125.51
1219.7,35.557,63.622,125.19
1220.4,37.607,63.614,125.18
1219.7,38.549,63.495,124.94
1220.3,41.074,63.284,124.53
1221.3,44.19,63.327,124.61
1221.7,45.829,63.997,125.93
1221.3,47.6,63.671,125.29
1222.5,50.818,63.903,125.74
1222.5,52.482,63.703,125.35
1223.6,55.658,64.222,126.37
1224,58.336,64.13,126.19
1224.1,60.358,63.849,125.64
1225.2,63.568,64.245,126.42
1225.5,65.784,64.895,127.7
1226.1,68.669,64.707,127.33
1226.9,71.369,64.728,127.37
1227.4,74.235,64.882,127.67
1228,77.492,64.808,127.52
1228.6,80.291,64.894,127.69
1229.2,83.34,64.902,127.71
1229.5,86.563,64.818,127.54
1229.9,89.529,65.136,128.17
1229.9,92.319,64.43,126.78
1230.8,96.126,63.85,125.64
1231.9,99.698,64.51,126.94
1231.8,102.3,64.345,126.62
1232.9,106.16,64.785,127.48
1233.7,109.98,64.433,126.79
1233.5,113.11,63.833,125.61
1234.7,116.96,64.654,127.22
1234.8,120.51,63.751,125.45
1236.1,124.62,64.273,126.47
1236.5,127.96,64.755,127.42
1237.1,131.94,64.492,126.9
1237.1,135.55,63.661,125.27
1238.2,139.69,64.279,126.49
1238.2,142.8,64.9,127.71
1238.8,146.26,65.317,128.53
1239.5,150.77,64.739,127.39
1239.8,154.61,64.961,127.83
1240.2,158.32,65.285,128.46
1241.1,162.88,64.571,127.06
1240.6,166.19,64.499,126.92
1241.1,170.31,64.294,126.51
1242.3,175.04,64.781,127.47
1242.5,179.15,64.889,127.69
1243.1,183.18,64.993,127.89
1242.8,187.05,64.576,127.07
1243,191.26,64.354,126.63
1244.4,195.93,65.026,127.95
1244,198.77,64.825,127.56
1245.1,204.23,65.2,128.3
1244.8,208.19,64.652,127.22
1245.3,212.82,64.366,126.66
1246.7,217.85,64.61,127.14
1246.6,220.63,64.34,126.6
1248,225.75,64.536,126.99
1247.2,229.77,64.382,126.69
1248.5,234.28,65.019,127.94
1248.4,237.65,64.413,126.75
1249.6,242.55,64.791,127.49
1249.8,247.39,64.833,127.57
1250.4,251.77,65,127.9
1250.4,255.95,64.089,126.11
1251.4,260.23,63.658,125.26
1252.8,265.19,64.272,126.47
1253,268.37,65.231,128.36
1253.1,273.16,64.193,126.32
1254.3,277.51,65.231,128.36
1254.2,281.17,64.68,127.27
1255.5,286.18,64.345,126.62
1256.5,290.8,64.714,127.34
1256.7,294.28,65.598,129.08
1256.7,298.2,64.821,127.55
1258.5,302.87,65.309,128.51
1259,307.3,65.1,128.1
1259.4,311.24,64.227,126.38
1260.8,315.67,64.782,127.47
1261.2,319.09,65.363,128.62
1261.9,322.75,65.458,128.8
1262.7,326.31,65.563,129.01
1262.8,329.79,65.082,128.06
1263.6,333.79,64.564,127.04
1264.2,337.08,64.862,127.63
1265.5,341,65.691,129.26
1265.7,343.08,65.636,129.15
1266.5,346.6,65.301,128.5
1267.8,350.67,65.724,129.33
1268.1,353.06,65.261,128.42
1269.2,356.42,65.684,129.25
1269.4,358.75,65.395,128.68
1270.3,361.73,66.136,130.14
1270.5,363.91,65.856,129.59
1271.7,367.15,66.168,130.2
1272.1,369.34,65.653,129.19
1273,372.42,65.117,128.13
1273.5,374.44,65.371,128.63
1274.8,377.24,65.978,129.83
1275.2,378.8,66.563,130.98
1276.3,381.31,66.083,130.04
1276.3,383.27,65.108,128.12
1276.8,385.06,65.505,128.9
1277.8,387.6,64.911,127.73
1278.9,389.53,65.832,129.54
1279.5,391.21,66.208,130.28
1279.7,393.02,65.192,128.28
1280.5,395.2,64.968,127.84
1281,396.66,65.332,128.56
1282.1,398.5,66.143,130.15
1282.5,400.73,64.804,127.52
1283.7,402.8,65.643,129.17
1283.7,404.27,64.785,127.48
1284.8,406.34,65.828,129.53
1285.1,407.94,66.083,130.03
1285.6,410.01,65.052,128.01
1286.1,411.75,64.861,127.63
1287.1,414.18,65.343,128.58
1287.4,416.09,65.351,128.59
1288.1,417.78,65.486,128.86
1288.4,419.37,65.57,129.03
1288.1,420.77,65.087,128.07
1288.6,422.97,64.828,127.56
1289.7,425.44,65.101,128.1
1289.8,426.88,64.445,126.81
1290.4,429.18,63.989,125.91
1290.5,430.32,64.563,127.04
1290.6,432.02,64.694,127.3
1291.1,434.06,64.362,126.65
1291.9,435.6,65.407,128.7
1292.3,437.18,65.326,128.54
1292.8,438.69,65.28,128.46
1292.5,439.55,66.081,130.03
1292.7,441.97,64.362,126.65
1293.5,443.79,65.232,128.36
1293.3,445.48,64.042,126.02
1293.7,447.61,63.582,125.11
1293.7,448.38,64.179,126.29
1294.3,449.93,65.114,128.13
1293.9,450.95,64.703,127.32
1294.8,452.82,65.152,128.2
1294.3,453.93,64.392,126.71
1295.2,455.08,65.324,128.54
1295.2,455.72,65.632,129.15
1294.3,456.12,65.212,128.32
1294.5,456.86,65.207,128.31
1294.7,457.63,64.847,127.6
1295.3,458.02,66.051,129.97
1294.2,457.48,65.773,129.42
1295.6,458.59,66.053,129.98
1294.3,457.68,65.835,129.55
1295.4,458.51,66.283,130.43
1294.1,457.4,65.96,129.79
1294.9,457.21,66.961,131.76
1294.2,456.59,67.398,132.62
1294.3,456.08,67.514,132.85
1293.9,455.48,67.626,133.07
1293.8,454.7,67.522,132.87
1293.4,453.53,67.903,133.62
1292,451.39,68.244,134.29
1292.4,450.75,67.515,132.85
1292.9,450.52,67.755,133.33
1291.6,448.35,67.549,132.92
1292.5,448.01,67.401,132.63
1292,446.69,67.373,132.57
1290.7,444.49,66.925,131.69
1291.3,443.69,67.201,132.23
1289.6,440.76,67.289,132.41
1289,438.94,67.082,132
1290,438.45,66.978,131.8
1289.3,436.18,66.974,131.79
1289,434.32,66.889,131.62
1288.4,431.81,67.018,131.87
1287.6,429.75,66.963,131.76
1287.3,427.57,66.74,131.33
1286.2,424.78,66.23,130.32
1285.5,422.98,65.38,128.65
1285.9,420.92,66.007,129.88
1285.1,418.12,66.514,130.88
1284.6,415.55,66.606,131.06
1283.2,412.32,66.129,130.13
1283.2,409.89,65.767,129.41
1282.4,407.53,65.546,128.98
1281.8,404.86,65.535,128.96
1281.5,402.14,65.432,128.75
1281.6,399.42,66.171,130.21
1279.9,396.02,65.802,129.48
1280.7,393.31,66.543,130.94
1280.1,390.67,66.369,130.6
1279.4,387.27,66.697,131.24
1278.4,383.64,66.025,129.92
1278.8,381.1,66.185,130.24
1277.3,377.56,66.023,129.92
1278,375.38,66.162,130.19
1276.5,371.86,65.468,128.82
1277.1,368.66,65.861,129.6
1276.5,364.44,66.352,130.56
1276.1,361.07,66.549,130.95
1275.7,358.43,66.084,130.04
1274.5,353.86,65.711,129.3
1274.7,350.39,65.323,128.54
1275.5,347.41,65.588,129.06
1274,343.08,65.333,128.56
1274.7,340.2,65.58,129.04
1273.5,336.1,65.093,128.09
1273.9,332.73,64.604,127.12
1273.8,328.68,64.874,127.66
1273.9,325,65.787,129.45
1273.6,321.5,65.891,129.66
1272.9,317.44,66.324,130.51
1273,313.48,66.339,130.54
1272.9,309.38,66.433,130.72
1272.6,305.3,66.501,130.86
1272.5,301.54,66.47,130.79
1272.4,297.39,66.521,130.9
1272.3,293.07,66.57,130.99
1272.5,288.98,66.197,130.26
1271.8,284.74,65.36,128.61
1273,281.13,65.845,129.57
1272.1,276.71,66.259,130.38
1271.7,272.43,65.227,128.35
1272,268.83,64.464,126.85
1272.1,264.8,64.118,126.17
1272.3,260.5,63.838,125.62
1272.3,255.56,65.281,128.46
1272.2,251.35,65.68,129.24
1271.1,246.46,65.285,128.46
1272.1,242.53,65.683,129.25
1271.7,237.5,64.714,127.34
1272.7,233.41,65.113,128.12
1271.7,228.63,64.524,126.97
1271.6,224.45,64.447,126.82
1271.8,220.27,64.159,126.25
1272.1,215.54,63.938,125.81
1272.2,210.12,64.195,126.32
1273.1,205.61,64.862,127.63
1272.7,201.12,65.277,128.45
1272.6,196.53,65.502,128.89
1272.6,191.34,65.81,129.5
1272.8,185.96,65.928,129.73
1273.4,181.26,65.827,129.53
1273.4,177.1,65.918,129.71
1273.4,172.88,65.815,129.51
1273.6,168.66,65.658,129.2
1273.4,162.97,65.092,128.08
1274.1,157.98,64.977,127.86
1274.8,153.81,64.499,126.92
1274.9,149.64,64.287,126.5
1276.2,145.7,64.753,127.42
1276.2,140.17,65.425,128.74
1276.4,135.26,65.793,129.46
1276.6,130.46,65.751,129.38
1276.5,125.13,65.474,128.84
1277.6,121.23,65.891,129.66
1278.5,117.28,65.272,128.44
1278.5,112.33,65.536,128.96
1278.3,107.46,64.943,127.79
1279.4,103.17,65.419,128.73
1279.7,98.97,65.436,128.76
1280.3,94.18,65.607,129.1
1279.6,89.088,65.511,128.91
1280.3,85.052,64.982,127.87
1280.8,80.924,64.748,127.41
1281.9,77.296,64.985,127.87
1281.2,72.275,64.779,127.47
1282.7,68.56,65.2,128.3
1282.1,63.765,64.844,127.6
1283.7,60.234,65.056,128.01
1283.1,56.086,64.257,126.44
1284.1,52.077,64.95,127.8
1283.8,47.573,65.453,128.8
1284.1,43.753,65.343,128.58
1284.6,40.01,65.181,128.26
1284,36.268,64.056,126.05
1285,33.189,63.322,124.6
1285.5,28.907,64.737,127.39
1285.5,25.105,65.023,127.95
1284.9,21.482,64.001,125.94
1285.6,18.211,63.708,125.36
1286.4,15.212,64.142,126.21
1285.8,11.425,63.597,125.14
1286.1,7.9604,63.71,125.36
1287.3,4.9938,64.199,126.33
1286.7,1.0551,64.856,127.62
1286.9,-2.5283,65.225,128.35
1286.8,-5.3066,64.044,126.02
1287.4,-8.0775,63.68,125.31
1288.4,-10.99,64.355,126.63
1288.5,-13.922,64.431,126.78
1288.1,-17.132,63.857,125.65
1288.8,-20.038,64.801,127.51
1289.1,-22.755,64.833,127.57
1289.5,-25.495,64.873,127.65
1289.7,-28.182,65.034,127.97
1289.4,-30.558,64.173,126.28
1291.7,-31.942,63.947,125.83
1290.5,-35.044,63.909,125.76
1291,-37.914,64.378,126.68
1292,-39.719,64.965,127.84
1292.1,-42.389,65.206,128.31
1291.5,-44.885,64.883,127.67
1293.1,-45.887,64.913,127.73
1293.4,-47.601,64.771,127.45
1293.9,-49.848,64.73,127.37
1294.1,-51.522,64.993,127.89
1293.7,-53.969,64.753,127.42
1295.4,-54.996,64.768,127.45
1295.9,-56.934,64.923,127.75
1296.5,-58.185,64.928,127.76
1297,-59.697,65.183,128.26
1296.6,-61.783,65.158,128.21
1296.9,-63.157,65.178,128.25
1297.5,-64.119,64.671,127.26
1298.3,-64.754,64.526,126.97
1299.2,-65.472,64.21,126.35
1300.6,-65.649,64.468,126.86
1300.4,-67.19,64.346,126.62
1302.6,-67.826,64.75,127.41
1303.4,-68.981,64.809,127.53
1304.6,-70.032,65.032,127.97
1303.9,-72.372,66.026,129.92
1305.5,-72.165,66.212,130.29
1305.2,-74.078,66.703,131.25
1306.1,-74.909,66.773,131.39
1306.7,-75.759,67.082,132
1308.6,-75.346,67.528,132.88
1309.5,-75.837,67.759,133.33
1309.1,-77.039,68.016,133.84
1311.1,-76.209,68.316,134.43
1310.8,-77.017,68.484,134.76
1312.5,-77.032,69.059,135.89
1313.3,-77.142,69.542,136.84
1314.3,-78.031,70.488,138.7
1314.6,-77.855,69.611,136.98
1316.4,-76.638,70.385,138.5
1316.7,-77.021,70.239,138.21
1318.5,-75.022,70.364,138.46
1318.2,-74.87,69.713,137.18
1320.4,-71.179,68.703,135.19
1322.1,-69.433,67.951,133.71
1323.2,-67.389,67.001,131.84
1325.1,-65.3,66.303,130.47
1325.2,-65.813,66.715,131.28
1326.6,-64.853,66.674,131.2
1327.5,-63.41,66.524,130.9
1329.9,-61.365,66.564,130.98
1330.8,-60.439,66.668,131.18
1331.2,-60.033,66.458,130.77
1333.1,-58.962,67.499,132.82
1333.8,-58.577,68.083,133.97
1335.3,-57.817,68.704,135.19
1336.2,-56.764,68.565,134.92
1337.5,-55.407,68.886,135.55
1338,-54.628,68.605,135
1340.6,-51.987,68.686,135.16
1341.8,-50.348,68.671,135.13
1343.2,-48.281,68.47,134.73
1344.1,-46.66,68.843,135.47
1345.1,-45.163,68.287,134.37
1346.1,-43.213,67.996,133.8
1348.1,-40.357,67.874,133.56
1349,-38.202,67.743,133.3
1351,-34.961,66.878,131.6
1352.8,-32.653,67.473,132.77
1353.9,-30.821,67.66,133.14
1354.4,-29.364,67.296,132.42
1355.7,-26.869,67.267,132.36
1356.6,-25.396,67.922,133.65
1357.7,-22.705,67.761,133.34
1359.1,-20.342,67.537,132.9
1361.4,-16.925,67.454,132.73
1362.2,-14.473,67.319,132.47
1362.3,-12.682,67.186,132.2
1363.3,-9.8801,67.023,131.88
1365.5,-6.6783,67.258,132.35
1365.4,-4.8815,66.932,131.71
1367.2,-1.8812,67.278,132.39
1367.2,-0.085449,67.169,132.17
1368.2,2.9211,66.859,131.56
1369.8,6.5501,66.864,131.57
1370.8,9.4884,66.76,131.37
1370.8,11.39,66.52,130.89
1372.5,15.009,66.604,131.06
1372.2,16.978,66.378,130.62
1373.9,20.863,66.466,130.79
1374.3,23.541,66.699,131.25
1374.5,25.887,66.298,130.46
1375.2,28.987,66.134,130.13
1375.8,32.097,65.896,129.67
1377.4,35.924,66.045,129.96
1376.9,37.828,66.165,130.2
1377.2,40.787,66.311,130.48
1377.9,43.878,66.178,130.22
1378.7,47.273,65.95,129.77
1380.2,50.705,66.207,130.28
1379.4,52.767,66.167,130.2
1379.9,56.071,66.209,130.28
1380.6,59.458,65.965,129.8
1382.2,62.725,66.429,130.71
1382.4,65.289,66.784,131.41
1381.9,68.375,66.107,130.08
1382.4,72.131,66.065,130
1382.8,75.02,66.028,129.93
1384.6,78.031,66.459,130.77
1384.4,81.069,66.771,131.39
1384.1,84.749,66.144,130.15
1384.5,88.079,66.082,130.03
1385.4,90.885,66.077,130.02
1385.5,93.878,66.073,130.01
1385.8,97.487,66.208,130.28
1386.2,101.05,66.024,129.92
1387.2,104.17,66.949,131.74
1387.5,107.08,66.991,131.82
1387.8,110.59,66.749,131.35
1387.6,113.77,66.242,130.35
1388.2,117.28,65.929,129.73
1389.2,120.34,66.882,131.61
1389.4,122.95,67.174,132.18
1388.8,126.25,66.441,130.74
1389.9,130.49,66.848,131.54
1389.3,133.62,65.931,129.73
1390.4,136.78,66.912,131.67
1390.3,139.85,67.085,132.01
1390.5,143.49,66.936,131.71
1390.5,146.83,67.102,132.04
1390.3,150.4,66.951,131.74
1390.4,153.56,67.212,132.26
1389.8,156.38,66.4,130.66
1390.4,159.56,67.23,132.29
1390,162.82,66.401,130.66
1390.5,166.59,66.833,131.51
1390,169.54,65.968,129.81
1390.7,172.72,66.68,131.21
1390,175.54,65.833,129.54
1390.2,178.89,66.756,131.36
1389.1,181.79,66.063,129.99
1388.6,184.62,66.048,129.97
1389.1,187.98,65.426,128.74
1389.5,190.56,66.396,130.65
1388.8,193.13,66.635,131.12
1387.8,195.84,66.038,129.95
1387.8,199.48,66.478,130.81
1387.2,202.25,66.583,131.02
1386.4,204.72,65.562,129.01
1385.8,206.91,65.942,129.76
1385.4,210.13,66.739,131.32
1384,212.8,66.118,130.1
1383.5,215.53,65.873,129.62
1383.7,217.97,67.087,132.01
1382.4,220.09,67.623,133.06
1381.3,222.58,68.091,133.98
1380.5,225.96,67.572,132.96
1379.6,228.43,67.773,133.36
1378.6,230.76,66.723,131.29
1378,233.49,66.425,130.71
1377.5,236.3,67.175,132.18
1375.8,238.33,66.747,131.34
1374.8,241.01,66.418,130.69
1374.5,243.49,67.476,132.78
1373.2,245.34,67.963,133.73
1372,247.58,67.961,133.73
1370.6,248.96,68.681,135.15
1369.5,251.07,68.663,135.11
1368.2,253.03,68.751,135.28
1366.8,254.66,67.735,133.29
1365.8,256.14,67.774,133.36
1364.6,258.32,67.202,132.24
1363.8,260.5,66.947,131.73
1363.3,262.63,67.587,132.99
1361.9,263.84,67.97,133.75
1360.5,265.21,68.398,134.59
1358.8,267.22,67.023,131.88
1358.4,269.35,67.411,132.65
1357.2,271.03,67.327,132.48
1355.2,271.99,66.819,131.48
1354.1,273.7,66.509,130.87
1353.2,275.12,67.499,132.82
1351.7,275.78,67.968,133.74
1350.3,276.73,68.23,134.26
1348.3,277.06,67.699,133.21
1347,278.35,67.519,132.86
1346.3,279.32,68.425,134.64
1344.7,280.02,67.413,132.65
1344.1,281.42,67.903,133.62
1341.9,281.03,67.819,133.45
1341,281.66,67.466,132.76
1340.2,282.21,68.477,134.74
1338.6,282.29,68.75,135.28
1336.9,282.61,67.658,133.13
1336.1,283.06,67.348,132.52
1335.3,283.45,67.092,132.02
1334.4,283.62,68.034,133.87
1333.3,283.6,67.904,133.62
1331.7,283.05,67.046,131.93
1331.9,283.3,67.218,132.27
1330.3,282.72,66.512,130.88
1330,282.26,67.446,132.72
1329,281.92,67.31,132.45
1328.3,281.54,65.91,129.69
1327.8,281.3,66.598,131.05
1326.5,280.34,65.875,129.63
1326.6,280.26,66.222,130.31
1325.1,279.19,65.678,129.24
1324.7,278.89,65.169,128.24
1324.1,278.08,65.23,128.36
1323.8,277.25,65.04,127.98
1323,276.03,65.124,128.15
1322.8,274.76,65.199,128.29
1322.1,273.24,65.366,128.62
1322.6,272.04,66.081,130.03
1321.3,269.84,65.726,129.33
1321.3,269.11,65.233,128.36
1320.8,267.42,65.472,128.83
1321.5,266.08,66.191,130.25
1320.5,264.15,65.629,129.14
1320.5,263.25,65.16,128.22
1320.4,261.48,64.96,127.83
1321.1,260.2,65.327,128.55
1320.7,257.46,66.166,130.2
1319.8,254.8,65.679,129.24
1320.1,252.73,65.552,128.99
1320.1,250.71,65.503,128.89
1321,248.88,66.023,129.92
1321.1,246.61,65.918,129.71
1321.1,244.28,65.835,129.55
1321.3,241.95,66.023,129.92
1321.6,239.42,65.817,129.51
1321.4,236.37,66.437,130.73
1321.3,234.05,66.283,130.43
1320.8,230.78,65.685,129.25
1320.8,227.96,65.715,129.31
1321.1,225.34,65.642,129.17
1321.5,222.83,65.315,128.52
1322.4,220.72,65.702,129.28
1321.3,216.94,65.539,128.96
1321.6,213.86,65.463,128.81
1322.5,211.01,66.089,130.05
1321.5,207.22,65.731,129.34
1321.7,204.21,65.751,129.38
1321.8,201.21,65.288,128.47
1323,198.92,65.488,128.86
1322.9,195.67,65.509,128.9
1322,192.52,64.754,127.42
1322.7,189.59,65.533,128.95
1321.7,185.44,65.158,128.21
1322,182.07,65.065,128.03
1321.9,178.77,64.9,127.71
1322.5,176.41,65.459,128.81
1322,172.4,66.181,130.23
1321.5,169.16,65.009,127.92
1322,165.8,64.458,126.84
1321.9,162.75,64.323,126.57
1322,159.3,65.389,128.67
1321.8,155.85,65.767,129.41
1321.1,152.41,64.969,127.84
1321.2,148.92,64.739,127.39
1322,145.93,65.32,128.53
1321.9,141.99,65.873,129.62
1321.7,138.87,66.149,130.16
1321.3,135.43,64.988,127.88
1321.4,132.88,64.394,126.71
1322.2,129.69,65.42,128.73
1322,126.02,65.852,129.58
1321.8,122.27,66.407,130.67
1322.1,119.34,66.022,129.92
1322.2,116,65.964,129.8
1322.5,112.93,66.008,129.89
1322.5,109.5,66.408,130.67
1323.3,106.52,66.015,129.9
1323.5,103.11,66.014,129.9
1323.7,99.619,66.259,130.38
1323.4,96.441,65.406,128.7
1324.9,94.164,65.81,129.5
1325.1,90.759,66.265,130.39
1324.7,86.919,65.581,129.05
1325.8,84.621,64.863,127.63
1326.9,81.714,65.966,129.8
1327.1,78.344,66.352,130.56
1327.9,75.233,66.492,130.84
1328.4,72.327,66.476,130.81
1329.3,69.465,66.605,131.06
1329,66.138,65.843,129.56
1331,64.195,65.964,129.8
1331.9,61.557,65.896,129.67
1332.6,58.737,66.111,130.09
1332.8,55.513,65.414,128.72
1334.3,53.484,65.888,129.65
1334.8,50.386,66.234,130.33
1335.3,46.932,65.567,129.02
1336.8,45.037,65.212,128.32
1337.6,42.671,65.101,128.1
1338.8,40.241,65.025,127.95
1339.6,37.762,64.99,127.88
1341,34.871,64.861,127.63
1342.9,32.379,65.928,129.73
1343.4,29.65,66.602,131.05
1343.8,26.757,66.087,130.04
1345.2,25.062,65.478,128.84
1346.7,22.383,66.557,130.97
1347.7,19.751,66.754,131.35
1348,17.477,65.817,129.51
1349.8,15.517,66.686,131.22
1350.2,12.988,66.017,129.91
1352,10.952,66.765,131.38
1352.6,8.3899,66.062,129.99
1353.6,6.3475,65.826,129.53
1355.3,4.1881,66.865,131.57
1356.5,1.9186,67.202,132.24
1357.3,-0.20956,66.241,130.35
1358.4,-2.4035,66.171,130.21
1359.5,-4.2171,65.936,129.74
1361.1,-5.734,66.745,131.34
1361.8,-8.3116,66.16,130.19
1363.5,-9.8104,65.796,129.47
1365.1,-11.339,66.441,130.74
1366.2,-13.633,66.887,131.62
1367.3,-15.883,67.169,132.17
1368,-17.56,66.241,130.34
1369.7,-18.504,65.496,128.88
1371.5,-19.961,66.3,130.46
1371.9,-22.063,65.916,129.71
1373.8,-23.426,66.748,131.34
1374.4,-25.5,66.437,130.73
1376.2,-25.894,66.425,130.71
1377.2,-28.023,67.119,132.07
1378.3,-29.504,66.199,130.26
1379.7,-30.448,65.91,129.69
1381.6,-31.338,66.723,131.29
1382.7,-32.522,65.625,129.13
1383.9,-33.724,65.747,129.37
1385,-34.584,65.892,129.66
1386.2,-35.655,66.847,131.54
1387.4,-36.793,65.615,129.11
1389,-37.592,65.466,128.82
1390.7,-38.395,66.163,130.19
1391.7,-39.041,65.148,128.2
1392.9,-40.002,65.541,128.97
1394.7,-39.888,65.077,128.06
1396.6,-39.015,63.724,125.39
1398.6,-39.661,64.82,127.55
1399.5,-40.969,65.293,128.48
1400.7,-42.215,65.812,129.5
1402.3,-42.892,65.862,129.6
1403.8,-43.018,65.418,128.73
1405.3,-43.381,65.557,129
1405.8,-44.504,65.535,128.96
1407.6,-44.938,65.268,128.43
1409.6,-44.683,66.013,129.9
1411,-44.714,65.9,129.67
1412.6,-44.986,66.254,130.37
1413.5,-45.236,65.41,128.71
1415.5,-45.093,66.165,130.2
1416.5,-44.805,65.1,128.1
1417.9,-44.766,64.972,127.85
1419.5,-44.32,64.636,127.19
1420.6,-44.26,64.576,127.07
1422.2,-44.058,64.683,127.28
1423.3,-44.149,64.764,127.44
1425.3,-43.641,65.16,128.22
1425.5,-44.102,65.18,128.26
1426.6,-43.865,65.374,128.64
1429,-43.04,65.519,128.92
1429.4,-43.192,65.333,128.56
1431.5,-41.977,65.485,128.86
1432.5,-41.402,65.433,128.76
1433.7,-40.73,65.457,128.8
1434.8,-40.105,65.502,128.89
1435.8,-39.739,65.689,129.26
1436,-40.333,65.882,129.64
1438,-39.243,65.948,129.77
1438.7,-38.718,66.072,130.01
1438.7,-38.735,65.968,129.81
1440.2,-37.328,66.36,130.58
1441.3,-35.899,66.314,130.49
1442.7,-34.124,65.695,129.27
1442.2,-34.486,65.971,129.81
1443.7,-33.025,66.258,130.38
1443.5,-32.949,66.131,130.13
1444.1,-31.954,66.258,130.38
1444.5,-30.478,66.047,129.96
1445.2,-29.439,65.98,129.83
1446.3,-27.817,66.254,130.37
1445.9,-27.54,66.174,130.21
1446.2,-26.367,66.318,130.5
1447.5,-24.142,66.184,130.23
1446.8,-24.032,66.444,130.74
1448,-22.012,66.544,130.94
1448.3,-20.545,66.362,130.58
1448.7,-19.501,66.606,131.06
1448.2,-18.852,66.144,130.15
1448.5,-17.638,66.033,129.94
1449.5,-15.309,66.004,129.88
1449.2,-13.598,66.022,129.91
1449.5,-12.141,66.03,129.93
1449.3,-10.615,66.042,129.95
1449,-10.055,66.036,129.94
1449.6,-8.059,66.519,130.89
1449.7,-6.411,66.664,131.18
1448.9,-5.2313,66.284,130.43
1449.2,-3.3667,65.801,129.48
1450.4,-1.7319,66.235,130.33
1449.7,-0.044704,65.531,128.95
1449.9,2.1186,65.17,128.24
1449.7,3.9795,65.224,128.34
1449.8,5.6618,65.346,128.58
1450.5,7.1671,66.095,130.06
1449.7,8.3723,66.052,129.97
1449.8,10.25,65.941,129.76
1450.5,12.702,66.473,130.8
1450.5,14.134,66.766,131.38
1450.2,15.543,65.831,129.54
1450.7,17.932,66.447,130.75
1450.7,19.996,66.5,130.85
1450.7,21.601,67.051,131.94
1450.7,23.357,67.262,132.35
1450.6,24.877,66.366,130.59
1451.4,27.547,66.657,131.16
1450.7,29.606,66.161,130.19
1451,31.818,65.932,129.74
1452.2,34.078,66.327,130.51
1452.3,35.373,66.716,131.28
1451.7,37.656,65.896,129.67
1452.4,40.26,66.776,131.4
1451.8,42.414,65.96,129.79
1452.8,44.006,66.753,131.35
1452.4,45.341,66.457,130.77
1453.3,48.093,67.06,131.96
1453.3,50.474,67.255,132.34
1452.8,52.552,66.32,130.5
1453.8,54.865,66.827,131.5
1453.6,56.247,66.492,130.84
1454.3,59.116,66.995,131.83
1454.5,61.476,67.23,132.29
1454.2,63.985,66.249,130.36
1454.7,66.189,65.9,129.67
1455.9,68.696,66.45,130.76
1455.6,71.008,66.862,131.57
1455.8,73.917,66.528,130.91
1456.4,75.883,66.691,131.23
1456.3,77.678,65.84,129.56
1457,80.381,66.8,131.45
1456.5,83.168,65.938,129.75
1457,85.929,66.487,130.83
1457.4,87.336,67.014,131.87
1457.6,89.544,66.94,131.72
1457.4,92.221,67.047,131.93
1457.3,95.269,67.028,131.89
1457.2,97.412,67.113,132.06
1457.5,99.232,67.089,132.01
1457.5,101.43,66.992,131.82
1457.3,104.19,67.073,131.98
1457.2,106.77,67.272,132.37
1456.8,108.93,66.294,130.45
1457,111.36,65.904,129.68
1457.5,113.84,66.893,131.63
1457.2,116.69,66.859,131.56
1456.6,119.82,66.978,131.8
1456.7,121.95,67.116,132.07
1456.9,123.81,67.073,131.98
1456.9,126.33,66.964,131.77
1456.6,129.67,66.802,131.45
1455.7,132.61,65.885,129.65
1456.4,134.8,66.748,131.34
1455.5,135.9,66.813,131.47
1455.6,139.2,66.062,129.99
1455.3,142.77,65.721,129.32
1454.9,145.49,65.838,129.55
1455.4,147.62,66.807,131.46
1455,149.45,65.967,129.81
1455.2,151.85,67.187,132.21
1454.2,154.64,66.385,130.63
1454.5,157.41,67.327,132.48
1453.6,159.7,66.511,130.88
1454.4,162.07,67.231,132.29
1453.5,164.23,66.56,130.97
1453.9,166.93,67.668,133.15
1453.3,170.06,66.251,130.37
1453.2,172.79,66.166,130.2
1453.3,175.46,65.93,129.73
1454,178.12,66.928,131.7
1453.4,180.44,67.41,132.65
1453.1,183.27,67.665,133.15
1453,185.91,66.355,130.57
1453.9,188.44,67.036,131.91
1453.7,190.81,67.319,132.47
1453.3,193.35,66.772,131.39
1453.4,197.28,65.878,129.63
1453.4,199.44,67.507,132.84
1453.4,201.34,67.742,133.3
1453.1,204.04,66.655,131.16
1453.2,207.25,66.34,130.54
1453.9,210.39,67.085,132.01
1453.8,213.4,67.098,132.03
1454,216.01,67.353,132.53
1453.4,217.85,67.011,131.86
1454.4,220.14,67.834,133.48
1454,223.21,66.589,131.03
1454.5,227.21,65.825,129.53
1455,229.61,67.665,133.15
1454.6,231.62,66.741,131.33
1455.1,234.43,66.447,130.75
1456.2,237.48,67.059,131.96
1455.9,240.12,67.338,132.5
1455.7,243.11,66.338,130.54
1456.5,245.54,67.512,132.85
1456.8,246.79,68.151,134.1
1457.4,249.68,67.79,133.39
1456.8,252.53,67.07,131.98
1457.8,256.05,67.428,132.68
1458.2,257.76,67.926,133.66
1458.6,260.41,67.832,133.48
1458.8,262.56,67.258,132.35
1459.3,265.69,66.686,131.22
1459.7,269.09,66.711,131.27
1460.4,272.12,66.294,130.45
1460.7,274.17,66.507,130.87
1461.9,276.07,67.712,133.24
1461.8,278.32,66.925,131.69
1463.1,281.94,67.203,132.24
1462.9,284.6,66.647,131.14
1463.5,286.7,66.964,131.77
1465.1,289.44,67.406,132.64
1465.7,292,67.407,132.64
1466.2,294.5,67.675,133.17
1466.4,296.75,67.246,132.32
1467.5,299.47,66.973,131.79
1468.9,302.19,67.742,133.3
1468.6,303.9,67.366,132.56
1469.6,306.52,67.23,132.29
1470.4,309.33,67.223,132.28
1471.1,311.79,67.414,132.65
1472.8,314.5,68.031,133.87
1473.2,316.01,68.802,135.38
1473.6,318.25,67.862,133.53
1474.5,321.09,67.38,132.59
1475.4,323.6,67.368,132.56
1476.4,325.84,67.437,132.7
1477.7,328.18,68.617,135.02
1478.3,330.33,68.771,135.32
1479.1,332.82,67.702,133.22
1480.1,334.97,67.681,133.18
1480.8,337.32,67.586,132.99
1482.6,340.51,68.011,133.83
1483.2,342.96,68.275,134.35
1483.7,345.25,67.254,132.34
1484.9,346.94,67.394,132.61
1486.4,348.76,68.592,134.97
1487,350.91,68.912,135.6
1487.3,353.56,67.716,133.25
1488.6,356.08,67.212,132.26
1489.9,357.46,67.525,132.87
1491.2,359.6,68.425,134.64
1491.5,361.73,67.447,132.72
1492.9,364.24,68.604,134.99
1493.6,365.91,69.05,135.87
1494.6,367.39,69.263,136.29
1495.2,369.26,69.423,136.61
1495.9,371.18,68.521,134.83
1497.5,374.22,68.927,135.63
1498.2,376.1,67.785,133.38
1500,378.41,67.012,131.86
1500.8,380.57,68.019,133.84
1501.2,381.87,68.862,135.5
1501.5,384.47,67.551,132.92
1503.6,386.93,67.621,133.06
1504.2,388.14,67.912,133.63
1504.5,389.9,67.183,132.2
1505.1,391.79,67.151,132.14
1506.1,394.81,66.605,131.06
1506.9,396.82,66.375,130.61
1507.8,397.48,68.144,134.09
1508.5,398.56,68.516,134.82
1509.6,400.38,68.14,134.08
1509.6,402.27,68.496,134.78
1510.1,404.62,68.282,134.36
1510.7,406.17,67.145,132.12
1511.9,407.95,66.544,130.94
1512.7,409.61,67.444,132.71
1512.9,411.38,67.895,133.6
1512.6,413.38,66.972,131.78
1514.1,414.62,67.609,133.04
1514.8,415.51,67.925,133.66
1514.5,416.84,67.258,132.35
1514.9,418.83,67.02,131.88
1515.7,421.25,67.6,133.02
1516.1,421.64,68.226,134.25
1516.1,422.53,67.488,132.8
1517.4,424.58,67.795,133.4
1516.6,426,67.66,133.14
1516.9,428.49,66.817,131.48
1517.3,429.28,67.505,132.83
1518.7,430.82,67.75,133.31
1518.2,431.9,67.156,132.14
1518.2,434.23,66.91,131.66
1518.7,435.91,68.07,133.94
1519.1,437.04,68.23,134.26
1518.8,438.07,67.397,132.62
1519.4,439.97,68.197,134.19
1518.5,441.17,67.971,133.75
1519.3,442.9,68.49,134.77
1519.3,443.9,68.851,135.48
1518.8,445.29,67.862,133.54
1519.2,447.67,67.405,132.64
1519.7,449.43,68.209,134.22
1518.8,450.26,67.862,133.53
1519.1,451.62,67.612,133.04
1520.1,453.39,68.107,134.02
1519.5,454.9,68.47,134.73
1519,455.79,69.141,136.05
1519,457.41,68.862,135.5
1518.2,458.61,68.308,134.41
1518.3,460.01,68.097,134
1519.3,461.98,68.433,134.66
1518.3,462.43,68.39,134.57
1518.3,464.09,68.165,134.13
1518.7,466.66,68.515,134.82
1518.4,467.86,69.01,135.79
1518.5,469.07,68.858,135.5
1517.6,470,68.232,134.26
1517.4,471.79,68.077,133.96
1517.8,474.14,68.584,134.96
1517.7,475.45,68.847,135.47
1517,476.21,68.415,134.62
1516.8,477.47,68.206,134.21
1516.7,479.27,68.105,134.01
1517.1,481.55,68.767,135.32
1516.5,482.8,67.79,133.39
1516.5,483.48,68.265,134.33
1516.3,485.54,67.796,133.4
1516.1,487.73,67.676,133.17
1515.8,489.37,67.831,133.47
1515.9,490.95,67.569,132.96
1516.2,491.7,68.989,135.75
1515.5,493.35,68.013,133.83
1515.6,495.92,68.454,134.7
1514.7,496.98,68.163,134.13
1515.5,498.96,68.614,135.02
1515,499.35,69.583,136.92
1514.9,501.54,69.038,135.85
1514.6,503.29,69.068,135.91
1514.5,505.04,69.111,135.99
1514.2,506.12,69.514,136.79
1513.6,507.72,68.444,134.68
1513.3,509.11,68.629,135.04
1513.8,511.56,68.912,135.6
1512.8,513.38,68.089,133.98
1513.4,514.89,68.989,135.75
1512.4,516.56,67.997,133.8
1513,518.61,68.584,134.95
1512.4,519.86,69.256,136.28
1512.1,521.65,68.961,135.7
1511.5,523.63,67.955,133.72
1511.5,525.63,68.629,135.04
1511.1,527.43,69.023,135.82
1510.9,529.44,68.903,135.58
1509.7,531.26,68.049,133.9
1510.2,533.89,68.536,134.86
1509.7,535.79,68.772,135.33
1508.2,537.39,68.499,134.79
1508.5,540.22,68.957,135.69
1507.1,542.05,68.687,135.16
1507.3,544.87,69.051,135.87
1506.3,547.41,69.026,135.83
1505.7,549.84,69.235,136.24
1504.7,551.9,69.737,137.22
1503.7,554.49,69.873,137.49
1502.4,556.96,69.183,136.13
1502.2,560.25,69.455,136.67
1500.3,562.48,69.219,136.2
1500.6,566.32,69.184,136.14
1499.6,569.16,69.177,136.12
1498.5,572.06,69.374,136.51
1496.2,573.99,69.389,136.54
1494.8,576.78,69.605,136.97
1494.6,581.37,69.242,136.25
1493.7,584.55,69.057,135.89
1492.7,587.32,69.193,136.15
1491.5,590.54,69.005,135.78
1489.6,593.45,69.254,136.27
1488.2,596.69,69.355,136.47
1485.7,598.77,69.59,136.93
1485.7,602.1,69.647,137.05
1484.1,605.21,69.704,137.16
1481.8,607.8,69.956,137.66
1479.7,610.46,69.866,137.48
1477.8,614.03,69.732,137.21
1477.8,618.01,69.386,136.53
1474.8,620.15,69.621,137
1474.2,623.74,69.701,137.15
1472.1,627.63,69.655,137.06
1470.7,630.59,69.781,137.31
1468.7,633.73,69.721,137.19
1466.9,636.86,69.689,137.13
1465.3,640.07,69.489,136.74
1462.1,643.09,69.162,136.09
1461.7,647.25,69.303,136.37
1457.9,650.52,68.715,135.21
1457.2,653.88,69.043,135.86
1455.8,656.63,69.312,136.39
1452.2,659.37,69.428,136.62
1450.3,663.36,69.135,136.04
1449.2,667.76,69.035,135.84
1447.8,670.69,68.895,135.57
1444,673.29,68.791,135.36
1443.6,677.03,68.171,134.14
1442,681.61,68.249,134.3
1438.9,684.32,68.141,134.08
1437.8,688.03,68.183,134.17
1435.6,691.4,68.061,133.93
1433.3,694.6,68.386,134.57
1428.7,697.75,68.28,134.36
1425,701.29,68.523,134.84
1423.8,705.56,68.345,134.48
1420.7,707.72,68.441,134.67
1420.3,710.69,68.222,134.24
1415.9,715.28,67.866,133.54
1415.6,718.57,67.826,133.46
1407.6,722.85,67.856,133.52
1406.2,725.91,68.06,133.92
1406.5,729.32,68.282,134.36
1404.6,731.83,68.347,134.49
1402.2,735.79,68.416,134.63
1400.5,739.44,68.415,134.62
1399.8,742.71,67.997,133.8
1397.1,746.39,68.301,134.4
1393.2,749.08,68.482,134.76
1391.4,753.63,68.742,135.27
1388.1,756.37,68.897,135.57
1385.4,759.09,69.35,136.46
1383.6,762.62,69.34,136.44
1381.3,765.94,69.405,136.57
1379.6,769.35,69.814,137.38
1375,773.34,70.242,138.22
1374.4,777.46,69.974,137.69
1372.8,779.94,69.94,137.62
1367.5,784.85,69.975,137.69
1366.6,786.83,70.161,138.06
1367,790.04,70.348,138.43
1365.3,792.44,70.118,137.97
1355.4,802.04,70.431,138.59
1358.8,802.55,69.901,137.55
1357,805.16,69.739,137.23
1355.8,811.14,69.407,136.58
1353.4,812.57,69.981,137.7
1350.4,815.61,70.441,138.61
1348.4,818.21,70.918,139.55
1346.1,822.25,71.046,139.8
1343.3,825.34,71.309,140.32
1340.3,831.45,71.248,140.2
1335.4,837.01,71.2,140.1
1334.8,840.06,70.916,139.54
1333.2,842.25,70.616,138.95
1329.6,848.76,70.864,139.44
1329.1,850.6,70.869,139.45
1321.1,859.19,70.616,138.95
1321.5,859.54,70.091,137.92
1321.1,864.21,70.15,138.04
1322,865.72,70.146,138.03
1312.3,874.99,69.901,137.55
1315.1,874.75,69.889,137.52
1314.5,877.85,70.191,138.12
1314.1,885.2,70.141,138.02
1312.3,888.98,70.168,138.07
1311,889.87,70.247,138.23
1310,894.02,69.838,137.42
1306.8,896.99,69.972,137.69
1298.6,904.84,70.093,137.92
1302.9,905.73,69.668,137.09
1301.9,907.15,69.715,137.18
1301,908.86,69.706,137.16
1299.4,911.09,69.561,136.88
1299,912.1,68.997,135.77
1294.7,914,69.097,135.97
1293.6,914.91,68.981,135.74
1290.9,915.89,68.765,135.31
1290.2,916.3,68.568,134.93
1289.5,917.32,68.587,134.96
1287.7,917.69,68.585,134.96
1285,918.57,68.454,134.7
1281.9,919.39,68.337,134.47
1280,919.25,68.295,134.39
1279.5,918.93,68.139,134.08
1278.9,919.45,67.969,133.74
1277.1,919.08,67.591,133
1274.8,919.67,67.147,132.13
1272.2,917.61,66.949,131.74
1272.2,915.27,66.781,131.41
1271.4,910.73,66.437,130.73
1270.8,909.23,66.249,130.36
1267.5,903.68,66.299,130.46
1264.4,903,66.047,129.96
1261.7,899.86,65.877,129.63
1262.8,892.55,65.869,129.61
1261.8,889.05,65.664,129.21
1259.4,882.59,65.821,129.52
1258.6,880.06,65.549,128.98
1254.9,874.56,65.845,129.57
1254.2,869.41,65.83,129.54
1253.9,863.02,65.729,129.34
1252,856.19,66.034,129.94
1251.1,852.38,65.72,129.32
1248.3,845.79,66.198,130.26
1245.5,840.95,66.456,130.77
1245.1,834.96,66.534,130.92
1244.4,828.27,66.434,130.73
1244.1,821.84,66.095,130.06
1241.7,815.06,66.112,130.09
1239.5,810.15,65.975,129.82
1238.8,805.55,66.041,129.95
1238.4,797.85,66.013,129.9
1236.8,791.05,66.139,130.14
1234.2,783.72,66.245,130.35
1232.5,777.88,66.21,130.28
1230,772.5,66.175,130.22
1227.9,765.67,66.466,130.79
1227.9,759.52,66.282,130.43
1225.3,751.39,66.678,131.2
1223.3,744.05,67.085,132.01
1222.5,738.27,67.194,132.22
1219.8,730.19,67.738,133.29
1218.2,723,67.98,133.77
1217.5,717.21,68.163,134.13
1215.5,710.63,67.906,133.62
1212.3,703.57,67.816,133.44
1210.2,697.55,67.671,133.16
1207.7,690.67,67.741,133.3
1205.7,684.54,67.077,131.99
1204.6,679.76,66.927,131.7
1203.1,672.42,67.078,131.99
1200.6,665.2,66.987,131.81
1198.8,658.72,66.959,131.76
1196.1,653.04,66.928,131.7
1194.3,646.37,67.16,132.15
1190.7,639.1,66.801,131.45
1188.3,632.11,66.611,131.07
1186.6,624.74,66.541,130.94
1185,620.31,66.287,130.44
1182.3,612.37,66.235,130.33
1179.6,605.24,66.437,130.73
1178.4,599.41,66.719,131.29
1175.3,590.61,66.911,131.66
1173.4,585.18,67.162,132.16
1170.9,576.95,66.988,131.82
1167.8,572.95,67.17,132.17
1165.5,564.92,66.7,131.25
1162.8,558.23,66.558,130.97
1162.6,551.61,66.956,131.75
1159.7,545.69,67.336,132.5
1156.8,537.73,67.596,133.01
1155.8,532.05,67.887,133.58
1152.8,524.79,67.908,133.63
1151.5,518.54,68.231,134.26
1148.8,512.62,68.01,133.83
1148.3,506.36,68.574,134.94
1145.7,498.89,68.78,135.34
1142.6,492.44,68.888,135.55
1140.6,485.25,68.801,135.38
1138.1,476.91,69.055,135.88
1136.7,477.62,69.096,135.96
1134.2,469.19,69.22,136.21
1133.4,466.22,69.168,136.1
1130.5,460.89,69.299,136.36
1127.6,457.19,69.239,136.24
1127.1,455.85,68.814,135.41
1124.2,452.38,68.746,135.27
1120.3,451.46,68.64,135.07
1118.1,450.52,68.927,135.63
1114.7,441.28,69.663,137.08
1112.8,440.42,69.857,137.46
1109.1,438.63,69.914,137.57
1104.7,439.53,69.923,137.59
1103.9,431.68,70.211,138.16
1100.9,432.23,70.323,138.38
1096.9,435.33,70.119,137.98
1095.2,431.14,70.309,138.35
1092.4,429.31,70.457,138.64
1089.9,422.85,70.622,138.96
1086.8,425.92,71.069,139.85
1085.1,419.01,71.063,139.83
1079.6,422.42,71.185,140.07
1078.2,421.46,71.222,140.15
1075.8,419.75,71.433,140.56
1073.4,415.37,71.279,140.26
1070.5,417.6,71.363,140.42
1068.4,414.64,71.258,140.22
1064,414.9,71.336,140.37
1063.1,411.48,71.397,140.49
1058,410.83,71.277,140.25
1055,410.27,71.372,140.44
1051,411.08,71.136,139.98
1045.6,410.34,70.998,139.71
1042.1,410.34,70.833,139.38
1039.5,410.6,70.753,139.22
1035.6,409.82,70.843,139.4
1033.1,408.32,71.087,139.88
1027.5,405.59,71.205,140.11
1023.6,407.31,70.995,139.7
1017.2,408.32,70.852,139.42
1015.5,407.51,70.945,139.6
1009.9,406.28,71.277,140.25
1007.5,406.57,71.202,140.11
1004.8,403.21,71.641,140.97
999.13,404.18,71.79,141.26
996.96,404.31,71.905,141.49
994.33,400.73,72.093,141.86
988.69,401.4,71.892,141.47
986.6,400.77,71.979,141.64
982.04,398.68,72.109,141.89
977.97,399.14,72.141,141.96
973.47,400.43,72.046,141.77
970.66,398.03,72.09,141.85
967.62,397.18,71.976,141.63
964.55,396.1,72.107,141.89
960.63,395.99,72.035,141.75
956.54,396.38,72.076,141.83
952.92,396.37,72.042,141.76
949.31,395.89,71.955,141.59
946.76,395.98,71.808,141.3
943.76,394.57,71.763,141.21
940.18,394.14,71.658,141.01
935.03,393.48,71.506,140.71
931.88,393.5,70.939,139.59
927.83,393.14,70.805,139.33
925.57,393.3,70.416,138.56
921.6,391.1,70.293,138.32
918.91,391.79,70.041,137.82
914.04,390.79,69.903,137.55
910.47,390.3,69.756,137.26
907.68,390.16,69.543,136.84
904.57,389.53,69.061,135.89
900.77,388.65,68.936,135.65
896.75,387.18,68.98,135.74
892.48,387.08,69.051,135.87
889.82,387.4,68.915,135.61
885.77,385.38,68.799,135.38
883.26,383.7,68.576,134.94
880.64,383.97,68.306,134.41
875.63,383.69,67.92,133.65
871.86,383.13,68.158,134.12
869.38,383.29,68.125,134.05
866.02,382.23,68.101,134.01
863.28,381.64,67.969,133.74
859.7,381.17,68.017,133.84
856.16,381.08,68.202,134.2
851.95,379.37,68.506,134.8
850.14,379.56,68.348,134.49
845.91,378.39,68.569,134.93
844.3,378.61,68.251,134.3
839.62,378.47,68.228,134.25
835.94,378.36,68.413,134.62
832.58,378.75,68.339,134.47
829.34,378.97,68.195,134.19
826.96,378.25,68.427,134.65
823.05,378.5,68.499,134.79
820.96,378.65,69.274,136.31
816.54,378.6,69.475,136.71
813.8,378.43,69.768,137.29
811.7,379.84,69.775,137.3
808.52,380.14,69.862,137.47
804.15,379.92,69.966,137.67
801.19,380.3,70.197,138.13
799.54,382.37,69.834,137.42
795.28,382.99,69.767,137.28
794.07,384.53,69.255,136.28
791.44,385.28,69.15,136.07
788.3,386.27,69.105,135.98
786.11,387.47,68.744,135.27
782.19,387.38,69.191,136.15
781.18,388.77,69.193,136.15
778.27,390.35,68.891,135.56
773.96,391.18,68.791,135.36
771.9,392.19,68.683,135.15
770.61,394.98,67.934,133.68
767.98,396.15,68.109,134.02
765.48,397.96,67.807,133.43
761.63,398.87,67.761,133.34
759.42,399.99,68,133.81
758.28,402,67.936,133.68
755.27,404.34,67.57,132.96
753.15,405.96,67.6,133.02
750.6,407.75,67.668,133.15
747.21,408.22,67.968,133.74
745.87,410.74,67.77,133.35
742.73,412.48,67.709,133.23
741.01,414.75,67.484,132.79
739.86,417.76,67.499,132.82
737.08,420.09,67.645,133.11
734.92,423.59,67.342,132.51
731.84,426.07,66.775,131.4
730.14,429.56,66.449,130.75
729.18,433.52,66.834,131.51
726.37,436.17,66.113,130.09
724.48,439.96,66.052,129.97
723.17,443.69,65.836,129.55
722.15,448.19,66.633,131.12
718.97,451.53,66.221,130.31
717.45,456,66.191,130.25
715.82,460.28,65.995,129.86
715.1,466.08,66.351,130.56
713.65,469.42,66.77,131.39
710.67,473.6,66.481,130.82
710.06,479.6,66.736,131.32
707.58,483.23,66.448,130.75
706.96,489.18,66.627,131.1
704.25,492.62,66.776,131.4
703.2,497.89,66.911,131.66
702.81,504.53,66.838,131.52
699.67,507.53,67.043,131.92
699.96,514.3,66.956,131.75
698.22,518.85,67.053,131.94
696.82,524,67.428,132.68
695.45,528.65,67.417,132.66
694.06,533.95,67.363,132.55
691.71,538.28,67.221,132.27
690.81,543.72,67.192,132.22
689.38,549.68,67.184,132.2
688.2,554.96,67.173,132.18
686.74,559.68,67.152,132.14
685.75,565.74,67.148,132.13
684.44,571.84,67.043,131.92
684.31,578.82,67.382,132.59
681.54,583.67,67.15,132.13
680.68,590.13,67.141,132.12
679.87,595.8,67.137,132.11
678.04,602.82,67.089,132.01
677.97,609.43,67.894,133.6
674.95,614.24,67.539,132.9
674.74,621.41,67.817,133.45
672.1,626.8,67.453,132.73
671.43,633.97,68.04,133.88
669.25,640.43,68.124,134.05
668.01,646.81,68.198,134.2
665.29,652.46,68.247,134.29
664.03,659.72,67.861,133.53
662.93,666.49,67.618,133.06
662.71,674.32,68,133.81
661.05,680.53,68.474,134.74
659.79,687.55,68.37,134.54
657.64,694.06,68.326,134.45
656.92,701.29,68.18,134.16
656.89,709.35,68.448,134.69
654.59,715.11,68.961,135.7
653.85,722.28,69.009,135.79
654.95,730.58,68.883,135.54
652.81,737.38,68.688,135.16
653.24,744.98,69.36,136.48
651.54,751.43,68.634,135.05
651.73,759.01,69.84,137.43
649.96,765.71,69.178,136.12
650.51,773.71,69.395,136.55
648.86,780.54,68.55,134.89
648.86,788.12,69.312,136.39
646.94,795.03,68.668,135.12
647,803.5,68.728,135.24
646.23,810.97,68.531,134.85
644.86,818.01,68.875,135.53
643.16,824.76,68.535,134.86
643.1,832.86,68.992,135.76
640.48,839.23,68.975,135.72
639.86,846.27,68.966,135.71
638.05,853.23,69.496,136.75
637.13,860.36,69.398,136.56
636.14,868,69.316,136.4
635.02,875.55,68.915,135.61
633.44,882.4,69.592,136.94
632.7,889.19,70.797,139.31
631,896.04,70.899,139.51
628.94,902.98,69.795,137.34
629.06,910.79,70.271,138.28
627.69,917.61,70.309,138.35
626.05,924.7,70.476,138.68
624.47,931.39,69.329,136.42
622.8,939.55,68.537,134.86
622.48,946.7,69.276,136.32
620.4,953.44,68.121,134.04
619.62,960.91,68.925,135.63
617.55,966.89,68.198,134.2
616.55,974.43,67.137,132.11
614.99,981.33,67.096,132.03
613.91,988.24,68.186,134.17
611.61,994.49,69.203,136.17
612.21,1000.3,69.085,135.94
609.35,1005.7,71.068,139.84
608.19,1010.9,71.87,141.42
611.17,1017.6,71.744,141.17
607.43,1023.2,72.477,142.62
608.7,1029.3,72.855,143.36
588.89,1019.1,72.336,142.34
586.75,1019.2,72.205,142.08
582.75,982.49,71.847,141.38
582.46,990.27,71.949,141.58
580.87,990.87,72.031,141.74
577.32,992.91,72.29,142.25
578.7,1001.9,71.429,140.55
538.98,954.37,71.48,140.65
532.77,970.48,71.339,140.38
538.87,974.37,71.576,140.84
456.04,960.72,71.307,140.31
478.07,928.55,72.038,141.75
486.95,839.91,72.699,143.05
485.92,845.88,73.154,143.95
455.44,920.57,73.074,143.79
492.47,847.7,74.167,145.94
487.8,848.87,74.712,147.01
471.38,914.69,74.986,147.55
472.3,921.31,75.028,147.64
465.69,922.77,75.22,148.01
466.71,924.05,75.401,148.37
469.36,935.43,75.458,148.48
475.03,890.63,75.496,148.56
479.65,846.1,75.873,149.3
487.15,845.71,75.669,148.9
455.99,865.54,74.574,146.74
399.12,888.73,74.709,147.01
419.76,885.4,74.993,147.57
449.42,984.04,75.289,148.15
470.2,926.03,75.466,148.5
479.48,925.41,75.577,148.72
372.7,879.29,75.003,147.59
372.5,887.43,74.629,146.85
364.05,856.11,74.501,146.6
314.34,837.82,74.736,147.06
282.92,796.87,75.006,147.59
267.06,798.28,75.643,148.85
252.38,840.21,76.007,149.56
72.087,772.74,75.772,149.1
67.696,774.79,75.722,149
66.823,777.22,75.971,149.49
66.203,775.54,75.968,149.49
65.81,777.6,75.938,149.43
65.991,779.54,75.948,149.45
65.331,780.52,76.139,149.82
64.74,783.02,76.21,149.96
64.755,781.56,75.787,149.13
63.337,782.16,76.301,150.14
63.721,782.9,75.931,149.41
63.916,784.21,75.829,149.21
63.835,784.79,75.702,148.96
63.168,786.5,76.348,150.23
62.556,784.77,76.024,149.6
64.067,787.67,75.094,147.77
64.739,789.62,74.698,146.99
64.356,789,74.518,146.63
64.844,790.7,74.426,146.45
65.334,790.51,74.215,146.04
63.639,789.5,74.603,146.8
64.612,791.18,73.95,145.51
64.765,791.18,73.651,144.93
63.772,789.42,74.325,146.25
62.738,788.42,75.006,147.59
63.844,790.08,74.242,146.09
62.758,786.97,74.853,147.29
62.563,787.14,75.009,147.6
62.974,788.49,74.73,147.05
62.958,785.84,74.682,146.95
62.261,786.05,74.51,146.62
62.994,787.01,74.31,146.22
61.824,783.52,74.689,146.97
61.816,782.98,74.52,146.64
62.542,783.31,73.967,145.55
62.596,780.88,73.342,144.32
62.554,779.8,72.879,143.41
61.532,777.08,73.488,144.61
61.112,774.7,73.294,144.22
60.087,772,73.3,144.24
59.299,769.12,73.958,145.53
59.372,767.94,73.97,145.55
59.061,765.5,73.514,144.66
58.155,763.31,73.546,144.72
57.435,760.49,73.847,145.31
57.291,758.35,73.502,144.63
57.305,755.75,72.69,143.03
55.32,751.84,73.456,144.54
55.351,750.34,73.289,144.21
54.122,746.73,73,143.65
54.26,745.65,72.494,142.65
53.653,742.3,72.561,142.78
51.553,737.35,73.569,144.77
51.942,735.74,73.164,143.97
50.113,730.87,73.217,144.07
48.907,727.4,73.549,144.72
49.368,724.86,73.196,144.03
48.099,720.45,72.878,143.41
48.215,718.08,72.748,143.15
46.402,712.44,73.192,144.02
45.343,708.43,73.456,144.54
45.45,705.95,73.169,143.98
43.606,700.63,73.686,144.99
42.908,697.07,73.537,144.7
43.372,695.32,73.172,143.98
42.459,690.01,72.836,143.32
41.909,686.95,73.149,143.94
40.144,682.17,72.833,143.32
39.773,679.13,72.949,143.55
39.531,675.36,72.789,143.23
38.197,671,72.798,143.25
37.581,666.98,72.844,143.34
36.409,663.01,72.68,143.01
34.551,658.75,72.67,143
33.478,653.71,72.554,142.77
32.792,649.05,72.896,143.44
32.87,646.3,72.21,142.09
31.802,641.08,72.111,141.9
30.623,637.81,72.034,141.74
30.041,633.97,71.933,141.55
29.959,631.2,71.812,141.31
29.251,627.33,71.631,140.95
28.055,623.09,71.629,140.95
27.257,619.36,71.783,141.25
27.518,617.52,71.402,140.5
26.649,614.69,71.785,141.25
25.607,612.12,71.484,140.66
24.411,608.25,71.243,140.19
24.638,605.58,71.228,140.16
24.664,603.11,71.19,140.08
24.071,600.57,71.475,140.64
22.199,597.33,72.078,141.83
21.638,595.38,71.856,141.39
22.517,594.42,71.756,141.2
22.37,592.87,71.705,141.1
22.289,591.92,71.553,140.8
21.228,591.2,71.584,140.86
20.359,591.2,72.1,141.87
19.893,591.26,72.178,142.03
19.732,591.35,72.061,141.8
19.097,591.3,72.386,142.44
20.255,592.9,71.824,141.33
20.156,594,71.453,140.6
19.196,593.57,71.403,140.5
19.713,595.73,71.216,140.13
19.72,595.9,71.279,140.26
19.782,596.21,71.342,140.38
19.542,597.23,71.223,140.15
19.785,597.92,71.116,139.94
18.449,597.77,71.668,141.02
18.157,598.27,71.64,140.97
17.286,599.37,71.838,141.36
18.566,600.77,71.485,140.66
17.636,599.55,71.668,141.02
17.346,601.02,71.642,140.97
16.754,601.59,71.724,141.13
17.338,603.65,71.549,140.79
16.337,603.25,71.618,140.93
15.916,604.49,71.62,140.93
15.626,605.72,71.609,140.91
14.994,606.42,71.742,141.17
15.734,608.28,71.655,141
14.974,608.62,71.39,140.48
15.524,611.23,71.305,140.31
15.638,612.2,71.203,140.11
15.211,613.84,71.135,139.97
14.194,614.53,70.829,139.37
14.752,616.98,70.727,139.17
14.754,617.82,70.715,139.15
14.76,619.56,70.7,139.12
14.529,621.11,70.946,139.6
13.187,621.44,71.082,139.87
12.582,623.09,71.163,140.03
13.591,625.85,70.88,139.47
13.515,627.55,70.8,139.32
12.899,629.73,70.624,138.97
12.763,631.14,70.498,138.72
11.886,630.89,70.455,138.64
11.106,632.06,70.533,138.79
9.9266,634.1,70.558,138.84
9.1482,635.8,70.425,138.58
8.2026,637.38,70.23,138.19
8.5541,640.64,69.948,137.64
7.3757,639.87,70.025,137.79
6.6193,642.34,69.769,137.29
6.6727,645.8,69.647,137.05
6.3199,647.93,69.346,136.46
4.91,648.68,69.246,136.26
5.1369,651.5,69.059,135.89
4.3252,652.94,68.833,135.45
2.9708,654.03,68.855,135.49
2.2,656.43,68.722,135.23
2.0341,660.08,68.444,134.68
0.69196,660.76,68.444,134.68
-0.53245,662.63,68.354,134.5
-1.6099,664.7,68.263,134.32
-2.4065,666.97,68.159,134.12
-2.4532,670.31,67.83,133.47
-4.161,671.56,67.551,132.92
-5.4452,674.77,67.595,133.01
-5.9736,676.29,67.177,132.19
-8.3028,676.3,67.03,131.9
-9.1158,679.21,67.034,131.91
-11.133,681.39,66.87,131.58
-12.619,683.05,66.412,130.68
-13.96,684.54,65.751,129.38
-16.779,683.22,65.523,128.93
