1135,827,166,253
1134.2,817.48,166.52,253.79
1134.7,809.11,164.45,250.64
1135.3,799.36,165.56,252.34
1134,790.35,169.49,258.32
1133.2,780.79,167.65,255.51
1132.3,771.13,171.19,260.91
1133.4,762.82,165.77,252.66
1133.1,752.33,168.56,256.9
1133.5,744.81,168.29,256.49
1132.8,735.01,166.33,253.5
1132.7,725.04,165.31,251.94
1131.8,717.94,165.98,252.98
1131.5,705.65,166.56,253.85
1131.8,696.9,165.76,252.64
1133,689.93,165.9,252.85
1130.5,682.79,169.28,258
1131.4,670,167.01,254.54
1129.2,663,169.41,258.2
1131.2,653,164.59,250.86
1130.9,645.42,165.43,252.14
1131.9,634.04,166.5,253.76
1131.9,623.54,165.79,252.68
1128.5,616.23,170.5,259.86
1126.3,608.74,171.64,261.6
1128.4,596.87,171.6,261.54
1127.1,590.17,170.25,259.47
1128.5,580.6,169.26,257.97
1126.1,573.68,171.93,262.04
1130.6,562.1,168.87,257.37
1127.6,555.92,170.52,259.9
1128.8,545.65,170.27,259.51
1126.1,537.71,170.76,260.26
1124.5,529.62,171.15,260.85
1119.7,523.2,175.45,267.41
1123.6,512.22,172.06,262.23
1119.3,504.76,175.65,267.71
1120.8,494.4,173.56,264.53
1119.5,487.64,172.93,263.56
1119.6,476.02,172.93,263.57
1114.9,471.89,178.1,271.44
1112.5,464.52,181.59,276.76
1113.6,452.5,181.42,276.51
1111,444.71,183.34,279.44
1113.8,435.33,180.76,275.5
1115.5,426.64,179.38,273.4
1111.3,422.56,183.81,280.14
1108.3,414.33,187.57,285.88
1111.3,405.17,186.36,284.03
1111.7,396.8,184.01,280.44
1110.2,389.4,185.21,282.28
1111.7,379.45,181.91,277.25
1108.4,376.31,186.2,283.78
1106.7,368.1,187.39,285.61
1109.9,360.68,187.73,286.11
1109,351.3,187.32,285.49
1108.4,345.38,187.9,286.37
1108.2,336.11,185.38,282.54
1107.7,333.96,188.79,287.73
1107.7,325.92,190.42,290.21
1109.6,319.14,188.76,287.68
1108.9,310.77,190.17,289.84
1110.1,304.96,187.73,286.12
1109.2,296.81,186.28,283.91
1108,293.29,187.32,285.5
1108.2,287.22,190.63,290.54
1110.5,281.52,190.36,290.13
1110.9,273.96,190.74,290.7
1109,264.46,190.8,290.79
1111.6,259.18,187.61,285.94
1109.6,256.04,190.85,290.87
1107.9,248.29,193.06,294.24
1111.7,243.22,191.61,292.03
1113.3,238.62,191.21,291.42
1111.4,230.74,191.87,292.42
1113.3,225.02,191.75,292.25
1110.9,222.04,194.94,297.1
1111.2,214.75,197.06,300.34
1110.6,210.28,196.16,298.97
1112.9,205.11,195.87,298.53
1111,196.79,192.35,293.16
1113,192.91,193.7,295.22
1113.5,191.1,196.3,299.18
1115.8,183.81,196.16,298.97
1114.1,178.67,197.94,301.68
1114.8,172.85,196.55,299.56
1117.4,167.6,195.61,298.13
1117,163.05,194.07,295.79
1117.2,161.32,194.31,296.14
1117.1,155.65,196.16,298.97
1118.3,151.01,198.51,302.55
1118.7,145.01,197.83,301.52
1121.3,142.35,195.92,298.6
1121.3,138.47,193.88,295.48
1119.7,135.74,195.85,298.49
1121.8,130.56,195.84,298.47
1123.1,124.97,196.67,299.74
1123.9,121.11,197.94,301.67
1125.8,118.61,195.64,298.17
1125.7,113.34,193.64,295.13
1125.7,113.78,196.84,300
1125.1,108.02,197.47,300.96
1127.1,104.02,195.59,298.1
1127.7,98.666,196.45,299.41
1131.6,96.101,196.73,299.84
1130.7,92.733,199.29,303.74
1129.4,91.43,201.87,307.67
1128.3,85.864,200.94,306.26
1132.4,83.976,200.65,305.81
1134.1,80.391,198.77,302.95
1135.6,76.254,197.49,300.99
1136.3,75.682,195.06,297.28
1139.4,76.778,195.34,297.71
1139.3,76.36,192.57,293.5
1141.6,76.278,193.5,294.91
1145.7,80.862,191.04,291.16
1144.9,80.785,191.34,291.62
1147.7,86.022,191.07,291.21
1148.4,90.61,191.18,291.38
1149.1,92.309,188.33,287.04
1153.3,99.44,185.9,283.33
1158.3,107.52,183.48,279.64
1157.1,110.91,184.56,281.29
1159,116.9,185.86,283.26
1160.8,124.27,187.25,285.39
1163,127.07,184.41,281.06
1163.8,133.7,184.91,281.82
1165.2,140.18,182.72,278.48
1169.5,149.69,184.04,280.5
1169,157.08,185.65,282.95
1170.8,166.79,186.48,284.22
1170.2,168.53,182.81,278.63
1176.4,182.45,179.64,273.78
1178.5,191.54,178.12,271.47
1182.4,202.29,176.61,269.17
1183.1,212.63,178.66,272.29
1183.6,220.91,178.86,272.61
1185.7,225.42,174.1,265.34
1190.4,236.31,170.51,259.87
1194.4,250.2,170.84,260.38
1194.3,261.05,170.14,259.31
1196.6,271.2,173.68,264.71
1198,281.96,176.3,268.7
1200.1,285.81,171.1,260.77
1201.4,296.07,168.56,256.9
1206.7,309.84,167.22,254.86
1208.3,323.48,167.13,254.72
1210.8,333.28,166.92,254.4
1212.3,342.38,166.47,253.71
1214.2,344.65,162.48,247.64
1219.1,357.5,159.7,243.4
1221.2,370.28,160.5,244.61
1222.4,376.38,159.1,242.48
1225.2,388.17,159.2,242.64
1227.8,397.43,160.3,244.31
1230.2,400.83,156.85,239.06
1232.2,411.02,155.71,237.31
1235,421.9,154.75,235.85
1235.6,430.71,154.67,235.72
1235.2,439.26,154.31,235.18
1235.8,450.15,155.5,236.99
1238.3,452.82,152.65,232.66
1240.1,459.66,151.08,230.26
1241.1,466,151.82,231.38
1243.7,472.65,152.56,232.51
1245.3,476.85,152.6,232.57
1247.4,480.54,152.44,232.34
1249.2,482.71,150.13,228.81
1251.7,488.3,149.59,227.99
1254.7,493.21,151.29,230.58
1255.3,496.74,151.59,231.04
1257.8,502.2,151.2,230.44
1260.3,506.74,152.19,231.95
1261,508.96,149.92,228.49
1263.9,514.56,149.47,227.81
1267.5,520.16,150.54,229.43
1268.9,524.56,151.37,230.71
1269,529.09,153.13,233.39
1270.8,536.18,153.84,234.46
1272.3,537.98,149.76,228.25
1276.5,544.14,148.68,226.6
1278.5,549.6,150.22,228.95
1279.3,554.37,149.3,227.54
1280,560.46,151.68,231.17
1283.1,566.11,152.42,232.3
1284.3,567.14,149.68,228.12
1286.8,576.44,149.83,228.35
1290.9,582.72,149.36,227.65
1294.5,587.95,149.35,227.62
1293.6,594.2,151.79,231.34
1296.4,600.71,151.99,231.64
1298,601.74,149.92,228.5
1301,608.64,148.05,225.65
1301.8,617.72,147.67,225.06
1306.6,624.19,146.65,223.5
1308,629.45,147.07,224.15
1309.1,638.18,148.35,226.1
1312.5,639.73,144.47,220.18
1313.4,647,142.3,216.87
1315.8,654.8,139.82,213.11
1316.1,661.57,139.82,213.1
1317.1,668.47,139.57,212.71
1316.8,675.43,141.18,215.17
1319.8,677.14,137.97,210.27
1322.8,687.4,136.37,207.85
1324,692.66,135.34,206.27
1325.7,701.61,135.88,207.09
1326.6,708.52,138.5,211.08
1328.2,714.67,139.19,212.14
1332.4,718.78,136.07,207.38
1334.4,728.28,134.92,205.63
1336.1,735.97,135.09,205.88
1338.8,744.04,135.52,206.54
1340.8,749.98,136.51,208.05
1342.5,758.36,137.99,210.32
1345.8,762.59,134.64,205.2
1348.6,770.42,133.22,203.04
1350.1,776.97,132.48,201.91
1353.4,786.48,133.62,203.66
1353.5,794.2,135.72,206.84
1352.8,800.99,136.28,207.71
1352.7,801.64,133.99,204.21
1354.1,810.46,132.46,201.89
1354.6,819.22,132.93,202.6
1350.6,824.88,132.69,202.24
1350.1,831.02,131.83,200.92
1349.6,838.84,132.45,201.87
1351.8,841.7,131.41,200.29
1353.7,849.7,129.18,196.88
1356,860.2,128.46,195.78
1356.8,868.12,127.32,194.05
1360,875.6,127.54,194.39
1362.4,884.94,130.35,198.66
1363.2,887.81,127.43,194.22
1365.1,895.07,126.72,193.14
1369.5,906.21,126.93,193.45
1372,915.14,127.74,194.69
1372.2,923.07,128.25,195.46
1372.2,930.73,127.92,194.95
1374.5,933.38,126.59,192.94
1378.8,942.01,125.64,191.48
1381,951.7,125.25,190.9
1382.8,959.66,124.79,190.2
1383.7,968.8,125.03,190.56
1386.8,978.82,125.57,191.38
1387.9,980.97,123.14,187.67
1389,988.29,120.41,183.52
1393.9,1000.2,120.29,183.33
1398.6,1008.7,120.01,182.9
1401.6,1017,118.34,180.36
1432.3,990.51,118.08,179.97
1403,1027.3,115.55,176.11
1435,1005.8,115.47,175.99
1405.3,1045,113.38,172.81
1403.1,1054.8,112.62,171.64
1393.5,1056.9,109.69,167.18
1442.2,1046,111.09,169.31
1411.9,1073.2,106.78,162.74
1414.6,1079.2,103.96,158.45
1416.7,1082.4,104.38,159.08
1417,1085.3,106.11,161.73
1419.1,1092.4,105.34,160.55
1427.2,1097.7,103.97,158.46
1424,1096.3,103.82,158.23
1360.4,1012.5,102.4,156.06
1364.3,1007.4,102.85,156.75
1401.8,977.23,104.48,159.24
1388.6,887.45,104.16,158.76
1397.6,941.76,104.69,159.55
1426.2,894.22,105.3,160.48
1391.9,938.04,105.58,160.92
1398.7,941.36,105.53,160.84
1399.8,969.14,104.22,158.83
1479.7,925.02,103.58,157.86
1441.1,903.07,103.22,157.31
1461.7,912.1,103.87,158.32
1563.5,956.8,105.24,160.4
1567.3,975.44,106.18,161.82
1598.7,943.04,106.58,162.45
1611.5,961.2,105.6,160.95
1577.4,925.35,105.64,161
1578.7,923.79,104.8,159.73
1579,942.86,105.15,160.25
1586.2,965.51,104.86,159.82
1593,984.19,105.48,160.76
1586.7,990.63,104.78,159.7
1589.1,998.08,103.25,157.36
1591,1002,101.67,154.95
1603.1,1000.2,100.25,152.8
1615.4,1000.5,98.514,150.15
1617.8,934.26,97.169,148.1
1617,952.68,97.187,148.12
1618.3,959.48,96.966,147.79
1618.2,961.43,96.561,147.17
1619.1,972.5,95.536,145.61
1621.3,980.27,95.457,145.49
1620.9,990.89,95.441,145.46
1622.4,993.79,95.139,145
1625.1,1002.3,95.051,144.87
1623.6,1001.9,94.606,144.19
1624,1007.9,94.291,143.71
1627.1,1015.7,94.359,143.81
1630.8,972.66,93.917,143.14
1620.3,963.05,94.31,143.74
1584.4,1004.8,93.704,142.81
1582.6,1007.7,93.506,142.51
1583.3,1008.1,93.948,143.19
1659.9,975.01,93.931,143.16
1753.5,957.43,94.151,143.49
1790,975.43,95.354,145.33
1788.3,983.71,96.52,147.11
1792.4,976,98.029,149.41
1757.4,1018.7,96.568,147.18
1758.9,1020.1,95.097,144.94
1786.9,1004.2,94.978,144.76
1786.2,991.3,95.613,145.72
1798.7,938.03,96.202,146.62
1796.3,942.54,96.757,147.47
1790,943.53,97.253,148.22
1788.8,996.92,97.871,149.16
1797.3,1003.8,98.715,150.45
1787.2,1002.5,100.04,152.47
1782.2,1004.8,100.31,152.88
1802.3,955.87,100.97,153.89
1775.9,960.16,100.87,153.73
1803.4,956.97,101.51,154.71
1803.2,958.86,101.19,154.22
1800.9,961.66,101.2,154.23
1802.5,963.21,101.15,154.16
1803,963.48,101.08,154.05
1803.5,962.4,101,153.93
1802.6,965.79,100.7,153.48
1776.6,973.7,101.03,153.98
1804.2,959.76,99.916,152.28
1804.5,963.89,98.677,150.39
1806.7,968.05,97.614,148.77
1759.6,958.92,97.466,148.55
1697.3,975.78,96.988,147.82
1788.8,1027.6,96.807,147.54
1809.4,975.33,96.335,146.82
1774.6,988.23,96.484,147.05
1777.1,985.9,98.316,149.84
1815.9,988.02,99.264,151.29
1811.3,970.42,97.646,148.82
1813.4,986.58,98.311,149.84
1812,989.23,98.224,149.7
1816.2,995.23,99.448,151.57
1815,993.93,100.49,153.16
1813.7,996.05,101.26,154.33
1814.8,997.9,101.58,154.81
1814.7,1000.3,101.1,154.09
1816.2,1002.1,101.58,154.81
1815.3,1002.6,100.39,153
1817.5,1010,100.49,153.15
1820.8,1011.6,101.61,154.86
1815.3,1015.8,102.17,155.71
1818,1014.1,101.42,154.58
1815.6,985.3,101.52,154.73
1805.6,988.14,102.4,156.07
1756.3,990.39,102.25,155.84
1755.9,993.66,101.62,154.88
1811.5,996.76,102.19,155.75
1728.9,959.97,101.73,155.04
1705.2,1010.4,101.33,154.44
1695.3,997.63,101.4,154.54
1695.8,999.06,101.11,154.1
1699.9,1002.2,101.6,154.84
1776.8,971.13,101.54,154.75
1777.7,923.61,101.34,154.45
1784,905.13,101.18,154.22
1756.7,975.73,100.81,153.64
1693.3,988.17,100.63,153.37
1710.9,987.3,100.32,152.9
1704,988.68,99.894,152.25
1710.6,982.39,100.1,152.57
1703.1,933.04,100.66,153.42
1683.5,876.58,101.15,154.17
1721.3,798.86,101.05,154.01
1844.3,781.64,100.23,152.77
1848.8,780.94,99.639,151.86
1847.2,789.74,98.562,150.22
1851.9,798.05,97.689,148.89
1853.5,797.92,97.489,148.58
1855.4,799.03,98.028,149.4
1853.5,807.68,97.12,148.02
1855.1,818.68,96.715,147.4
1860.5,832.7,97.393,148.44
1860.2,840.21,97.648,148.83
1860.9,848.68,97.163,148.09
1862.8,858.18,96.735,147.43
1865.5,858.78,97.324,148.33
1865.1,866.59,97.662,148.85
1865,868.71,96.636,147.28
1865.5,868.79,95.659,145.79
1857.9,871.46,95.396,145.39
1852.5,871.34,95.822,146.04
1892.7,913.07,94.891,144.62
1801.6,962.53,94.461,143.97
1827.9,980.87,93.924,143.15
1807.2,1003.9,93.484,142.48
1797.3,961.47,93.717,142.83
1812.6,1017.8,93.08,141.86
1821.3,1008.5,92.887,141.57
1831.5,960.68,93.69,142.79
1812.1,959.32,93.203,142.05
1757.3,919.7,93.34,142.26
1720.1,965.74,92.976,141.7
1646.1,975.12,91.91,140.08
1653.7,979.45,91.354,139.23
1619.8,986.99,91.706,139.77
1609.8,904.86,90.781,138.36
1520.1,831.17,90.081,137.29
1487.8,835.47,91.282,139.12
1461.2,806.14,90.573,138.04
1468.7,805.68,89.874,136.98
1486.3,839.52,90.856,138.47
1457.9,846.34,91.413,139.32
1447.3,852.25,92.006,140.23
1463,844.21,93.065,141.84
1415.4,911.4,93.117,141.92
1473.7,832.18,93.166,141.99
1489.8,842.13,93.327,142.24
1492.3,843.95,94.029,143.31
1437.2,853.33,94.107,143.43
1465.9,815.35,93.929,143.16
1458.9,817.96,93.475,142.47
1468.7,821.92,93.488,142.48
1467.8,815.38,92.947,141.66
1456.5,818.97,92.295,140.67
1468.9,827.22,92.094,140.36
1486.6,834.48,92.733,141.33
1487.6,835.8,93.094,141.88
1486.4,828.14,93.324,142.23
1487.4,836.18,93.37,142.3
1468.1,836.39,93.18,142.01
1480.3,846.65,91.621,139.64
1506.7,893.62,91.527,139.5
1537.3,891.97,91.275,139.11
1493.1,862.96,91.897,140.06
1492.1,865.3,92.504,140.98
1492.4,867,93.158,141.98
1487,869.81,91.349,139.22
1478.3,881.52,90.891,138.53
1466.5,882.58,89.857,136.95
1459.6,899.14,89.369,136.21
1458.4,925.11,89.781,136.83
1487,902.62,89.508,136.42
1513.8,865.6,88.939,135.55
1512.1,908.3,88.596,135.03
1509.7,915.5,88.374,134.69
1505.7,913.36,88.009,134.13
1497.9,923.07,86.135,131.28
1485.3,930.87,85.922,130.95
1509.1,943.01,86.224,131.41
1503.9,941.82,85.325,130.04
1527.2,887.81,85.593,130.45
1526.1,887.43,84.742,129.16
1515.2,956.55,85.033,129.6
1507.8,966.61,84.007,128.03
1519.6,971.86,84.962,129.49
1505.9,988.05,83.416,127.13
1519.8,987.21,83.731,127.61
1526.8,985.9,84.107,128.19
1535.7,959.9,84.072,128.13
1543.1,970.04,83.675,127.53
1542.7,1018.3,83.076,126.62
1549.2,982.67,83.166,126.75
1543.4,982.08,82.812,126.21
1546.2,973.89,82.781,126.17
1543.7,1016.8,83.271,126.91
1546.1,1025.7,83.638,127.47
1548.3,1024.1,83.587,127.39
1546.1,1003,83.345,127.03
1546.3,1029.9,83.265,126.9
1526.6,1024.5,84.185,128.31
1540.1,999.76,83.931,127.92
1530.6,966.53,84.036,128.08
1549.3,971.13,84.171,128.28
1547.6,935.12,84.553,128.87
1519.3,952.81,84.761,129.18
1518.2,950.56,85.468,130.26
1546,933.99,85.88,130.89
1546.1,943.47,86.371,131.64
1546.7,952.62,86.961,132.54
1549.3,963.75,88,134.12
1547.6,972.94,88.422,134.76
1549.8,973.97,87.686,133.64
1554,983.51,86.584,131.96
1554.6,993.28,86.332,131.58
1556.3,1004,86.37,131.64
1559,1011.4,86.017,131.1
1560.2,1021.9,85.508,130.32
1559,1023.5,84.049,128.1
1562.8,1030.8,82.371,125.54
1569.4,1037.6,81.026,123.49
1571,1046.2,80.538,122.75
1572,1054,80.662,122.94
1564.1,1065.1,81.39,124.05
1565.8,1070.8,82.289,125.42
1515.3,1009.7,82.398,125.58
1500.9,982.64,82.718,126.07
1477.2,996.8,82.285,125.41
1474.8,1018.7,82.105,125.14
1509.8,1010.4,81.989,124.96
1511.9,1015.1,81.84,124.73
1480.2,1030.9,81.843,124.74
1482.1,1014.3,81.701,124.52
1481.5,976.73,80.682,122.97
1419.3,986.12,80.35,122.46
1444.7,981.7,80.835,123.2
1421.3,1004.6,80.925,123.34
1429.4,988.3,80.571,122.8
1487.9,940.13,80.933,123.35
1479.9,937.98,81.201,123.76
1492.5,931.22,81.278,123.88
1490.4,895.4,81.32,123.94
1480.1,931.04,80.766,123.09
1465.2,985.74,80.469,122.64
1465.1,990.55,80.56,122.78
1451.3,1007.8,79.889,121.76
1425.7,990.76,79.784,121.6
1458.3,996.08,79.552,121.24
1492.7,980.08,80.132,122.13
1557.8,1004.9,80.266,122.33
1525,990.76,79.553,121.25
1493,988.2,79.879,121.74
1489.3,872.56,80.005,121.94
1450.7,880.05,80.238,122.29
1449.5,880.05,80.497,122.68
1449.9,880.31,80.698,122.99
1449.3,880.21,80.784,123.12
1450.5,878.61,80.425,122.58
1447.8,875.6,80.81,123.16
1442.9,874.61,80.693,122.98
1448.7,868.08,79.92,121.81
1449.4,865.44,80.089,122.06
1446.3,862.85,80.476,122.65
1446.2,856.95,80.872,123.26
1444.6,850.07,81.064,123.55
1440.6,847.67,80.988,123.43
1464.2,800.22,81.584,124.34
1462.1,803.33,82.307,125.44
1440.5,829.71,81.796,124.66
1461.3,806.32,82.195,125.27
1437.3,818.82,81.733,124.57
1436.5,812.6,81.31,123.92
1432,807.67,81.098,123.6
1454.4,772.85,80.737,123.05
1462.8,763.93,81.165,123.7
1484.1,747.61,81.322,123.94
1455.5,751.45,81.627,124.41
1474.1,741.89,81.598,124.36
1431.3,776.03,82.015,125
1428.1,770.18,82.029,125.02
1490.1,763.05,81.678,124.48
1491.2,756.67,81.519,124.24
1490.3,749.52,81.517,124.24
1468.7,744.77,82.017,125
1483.4,821.1,81.421,124.09
1483.2,740.71,80.504,122.7
1486.2,726.25,79.754,121.55
1430.7,725.83,80.012,121.95
1429,722.24,79.948,121.85
1424.9,719.43,80.365,122.48
1453.5,671.14,80.224,122.27
1450,668.9,80.094,122.07
1485,694.28,80.222,122.27
1473.2,765.42,79.203,120.71
1478.8,692.47,78.374,119.45
1440.9,653.82,77.517,118.14
1438.1,646.47,76.735,116.95
1443.1,631.14,77.278,117.78
1438.1,636.17,77.214,117.68
1474.8,637.3,76.675,116.86
1475.9,634.34,76.597,116.74
1479.8,640.89,77.098,117.5
1475.6,710.32,76.598,116.74
1475,707.64,76.597,116.74
1473.6,702.85,76.729,116.94
1458.3,697.63,75.64,115.28
1452.2,716.04,75.399,114.92
1477.1,723.82,75.599,115.22
1447.9,714.06,76.136,116.04
1454,719.55,76.28,116.26
1453.6,715.71,76.92,117.23
1477.6,687.56,76.065,115.93
1425.2,734.9,75.875,115.64
1389.6,727.56,76.047,115.9
1389.7,750.07,75.999,115.83
1381.8,735.99,75.721,115.41
1367.1,725.6,76.005,115.84
1382.1,739.81,75.72,115.4
1372.6,740.7,76.285,116.27
1356.2,765.25,77.173,117.62
1381.6,734.46,77.329,117.86
1322.8,776.63,77.749,118.5
1328.9,815.24,77.445,118.03
1405.6,862.57,77.511,118.13
1473.7,941.01,78.107,119.04
1504.7,980.74,77.925,118.77
1551.3,990.37,78.171,119.14
1552,990.45,78.297,119.33
1574.4,966.22,78.288,119.32
1554,988.58,78.998,120.4
1574.4,956.54,80.029,121.97
1574.2,956.15,80.51,122.7
1573.1,957.87,81.514,124.24
1570.5,956.23,82.566,125.84
1571.5,953.03,82.902,126.35
1572.1,953.72,83.427,127.15
1570.4,952.97,83.545,127.33
1572.7,952.6,83.84,127.78
1570.3,952.69,84.329,128.53
1570.3,952.44,84.528,128.83
1505.3,986.12,83.928,127.91
1506.3,987.37,84.052,128.1
1572.8,954.41,84.352,128.56
1574.3,956.94,84.655,129.02
1575.7,957.21,84.769,129.2
1572.6,957.7,84.605,128.95
1508.7,990.78,83.927,127.91
1505.1,993.24,82.743,126.11
1504.4,994.25,81.641,124.43
1576.8,964.03,81.956,124.91
1577.9,969.21,82.549,125.81
1577,966.85,82.594,125.88
1577.8,968.51,82.015,125
1579.3,973.61,82.529,125.78
1578.4,973.83,82.392,125.57
1581.5,980.49,82.447,125.66
1581.7,981.79,82.134,125.18
1581.7,982.3,81.094,123.6
1585.2,985.49,80.592,122.83
1583.6,988.5,79.454,121.1
1583.4,991.16,78.734,120
1586.6,998.86,78.772,120.06
1586,1002.5,78.669,119.9
1585.7,1003.5,77.465,118.06
1589.3,1008.1,76.651,116.82
1591.6,1013,75.653,115.3
1591.7,1019.1,75.77,115.48
1593.8,1023.5,75.199,114.61
1594.9,1027.4,73.374,111.83
1594.8,1028.9,71.808,109.44
