1780,568,82,158
1778.5,557.16,82.538,159.04
1773.6,570.5,84.793,163.38
1770,553.37,87.582,168.76
1767.8,552.1,89.535,172.52
1766.2,508.56,87.469,168.54
1764.4,497.29,86.974,167.58
1761.8,492.31,88.045,169.65
1760.5,476.84,87.564,168.72
1757.7,463.56,87.827,169.23
1755.5,451.55,88.983,171.45
1753.5,442.55,87.208,168.03
1750.9,437.16,90.561,174.5
1747,419.81,87.834,169.24
1745.8,409.71,87.278,168.17
1743.2,397.6,87.794,169.16
1741.2,392.81,90.001,173.42
1737.1,376.26,91.197,175.72
1732.2,362.34,91.253,175.83
1730,351.39,90.29,173.97
1728.1,341.96,90.097,173.6
1724.8,329.51,90.887,175.12
1722.1,319.46,91.093,175.52
1719.1,308.23,91.749,176.78
1715,296.07,93.383,179.93
1712.2,285.14,93.848,180.83
1707.7,274.83,92.254,177.76
1705.7,265.93,90.508,174.39
1704.3,256.26,89.38,172.22
1702.5,246.4,89.459,172.37
1700.1,237.1,88.695,170.9
1696.1,227.15,88.767,171.04
1694.5,219.16,88.786,171.08
1692,210.14,88.286,170.11
1689.1,200.1,88.813,171.13
1686.6,192.01,88.707,170.92
1682.6,181.58,88.811,171.12
1681,174.59,88.508,170.54
1678.2,165.46,88.35,170.24
1676.6,159.75,88.392,170.32
1674,155.24,88.711,170.93
1670.1,150.8,88.618,170.75
1668.1,147.15,88.589,170.7
1666.2,145.29,88.592,170.7
1663.5,144.17,88.755,171.02
1661.7,142.07,88.171,169.89
1659.5,141.04,87.718,169.02
1658.4,140.74,87.736,169.05
1656.9,139.17,87.631,168.85
1653.8,138.27,87.585,168.76
1651.9,138.63,87.17,167.96
1650.6,137.78,87.189,168
1648,136.91,87.54,168.67
1645.9,135.89,87.36,168.33
1645.2,134.98,87.282,168.18
1643.8,134.35,87.568,168.73
1641.1,133.52,87.722,169.03
1640.4,133.27,87.282,168.18
1638.7,133.34,87.283,168.18
1636.8,132.64,87.572,168.74
1634.5,130.91,87,167.63
1633.2,131.38,86.906,167.45
1631.9,131.11,86.704,167.06
1631.3,131.18,86.392,166.46
1628.6,129.85,86.742,167.14
1628.5,130.75,86.433,166.54
1626.3,128.56,86.216,166.12
1626.2,130.06,85.953,165.62
1623.7,129.3,85.978,165.66
1623.2,128.99,85.541,164.82
1622.7,129.36,85.636,165.01
1622,129.27,85.817,165.36
1620.3,126.81,85.865,165.45
1619.1,127.4,86.025,165.75
1618.1,128.12,85.81,165.34
1617,127.42,85.128,164.03
1617,128.29,85.057,163.89
1616.2,128.75,84.902,163.59
1614.8,127.04,84.725,163.25
1613.8,127.22,84.376,162.58
1612.6,126.89,84.636,163.08
1613.5,127.53,84.39,162.61
1611.4,126.97,84.32,162.47
1611.1,127.37,84.393,162.61
1610.3,126.72,84.172,162.18
1610.5,128.32,83.34,160.58
1611.2,129.82,83.467,160.83
1611,130.05,83.274,160.45
1609.1,130.71,83.089,160.1
1609.2,132.17,82.149,158.29
1609,131.6,81.965,157.93
1608.5,132.53,82.278,158.54
1608.6,133.8,82.753,159.45
1608,133.87,82.29,158.56
1608.6,136.22,81.866,157.74
1608,137.56,82.186,158.36
1606.9,137.82,81.865,157.74
1607.8,140.44,81.933,157.87
1607.9,142.27,81.731,157.48
1607.5,144.62,82.07,158.13
1605.7,144.46,82.267,158.51
1607.2,148.1,81.904,157.81
1606.9,150.41,81.819,157.65
1607.1,151.08,82.062,158.12
1606.3,152.67,82.231,158.45
1607.2,156.14,81.517,157.07
1606.9,157.27,81.548,157.13
1607.7,161.09,80.829,155.74
1609.1,165.25,80.684,155.46
1608.9,167.37,80.701,155.5
1609.4,171.23,80.667,155.43
1609.4,174.09,81.26,156.57
1610,177.1,81.113,156.29
1609.7,180.15,80.277,154.68
1611.2,184.36,80.619,155.34
1611.6,187.06,80.651,155.4
1612.2,191.17,80.683,155.46
1613.1,195.62,80.916,155.91
1612.9,198.45,80.583,155.27
1613.5,202.86,80.401,154.92
1614.4,207.81,79.87,153.9
1615,211.11,79.899,153.95
1615.8,215.62,79.667,153.5
1617.4,222.24,79.636,153.44
1618.7,225.68,79.855,153.87
1618,230.57,79.259,152.72
1618.2,236.33,78.916,152.06
1619.6,239.92,78.761,151.76
1620.8,245.69,78.485,151.23
1623.5,253.42,78.726,151.69
1623.5,254.48,79.071,152.36
1624.6,262.2,79.052,152.32
1626,267.65,78.967,152.16
1625.4,270.82,78.956,152.14
1625.7,277.96,78.615,151.48
1627.7,284.87,78.612,151.47
1628.5,289.54,78.473,151.2
1630,296.31,78.472,151.2
1630.5,302.47,78.558,151.37
1631.4,307.6,78.529,151.31
1632.3,313.51,78.982,152.18
1632.8,321.86,78.879,151.99
1633,326.37,77.975,150.25
1634.8,334.45,77.516,149.36
1635.8,341.16,77.691,149.7
1635.7,347.31,76.384,147.18
1637.5,355.28,76.279,146.98
1638.3,362.49,75.295,145.08
1639.5,368.63,74.885,144.29
1641.7,375.2,74.989,144.49
1642,382.25,74.952,144.42
1642.1,388.74,74.687,143.91
1643.4,396.27,74.98,144.47
1644.1,404.74,75.434,145.35
1645.8,411.34,76.058,146.55
1645.8,415.09,75.855,146.16
1647.8,423.12,75.912,146.27
1648.3,430.03,75.999,146.44
1648.2,437.55,75.605,145.68
1648.8,445.68,75.445,145.37
1648,454.2,75.757,145.97
1648.6,459.66,75.832,146.12
1648.8,468,75.693,145.85
1649,472.82,75.719,145.9
1650.2,481.91,75.518,145.51
1649.3,489.63,75.33,145.15
1649.9,498,75.649,145.76
1648.4,504.32,75.393,145.27
1649.9,511.79,75.154,144.81
1649.3,520.22,75.247,144.99
1651.2,528.6,75.679,145.82
1649,532.02,76.14,146.71
1649.2,541.21,76.588,147.57
1648.3,548.33,76.889,148.15
1648.3,558.26,77.33,149
1646.9,565.66,77.874,150.05
1646.2,572.78,77.989,150.27
1645.5,583.07,77.741,149.79
1644.6,587.61,77.785,149.88
1644.2,590.64,77.437,149.21
1644.4,591.83,77.766,149.84
1643.2,590.83,77.522,149.37
1643.3,589.98,77.839,149.98
1641.8,588.58,77.855,150.01
1641.5,586.72,78.163,150.61
1640.9,586.11,78.232,150.74
1640.3,584.75,78.801,151.84
1639.9,584,79.245,152.69
1639.4,583.24,79.253,152.71
1638.7,581.74,79.584,153.34
1639.2,582.31,79.831,153.82
1637.9,580.46,79.887,153.93
1637.9,580.19,79.961,154.07
1637.4,579.86,79.898,153.95
1638.7,576.02,80.016,154.18
1636.9,577.25,79.972,154.09
1636,577.16,80.116,154.37
1634.8,577.95,80.636,155.37
1634,575.83,81.362,156.77
1633.6,573.24,81.769,157.55
1633.1,572.99,82.264,158.51
1634,572.03,82.905,159.74
1634,571.4,82.764,159.47
1633,569.94,82.902,159.74
1634.2,569.94,83.151,160.22
1632.8,568.87,82.927,159.79
1633.2,569.63,82.83,159.6
1632.6,569.12,82.619,159.19
1631.2,567.37,82.198,158.38
1633.2,565.82,81.632,157.29
1633.6,565.07,81.463,156.97
1634.1,565.3,81.121,156.31
1634.6,566.3,81.191,156.44
1635.9,567.58,81.509,157.05
1637.1,562.12,80.891,155.86
1637.4,563.2,80.399,154.92
1637.5,563.56,80.266,154.66
1639.1,563.89,80.352,154.82
1639.4,562.49,80.492,155.09
1639.3,561.49,80.469,155.05
1639.7,562.78,80.332,154.79
1641.5,562.25,80.404,154.92
1641.5,561.13,80.17,154.47
1643.8,563.54,79.363,152.92
1643.9,562.27,78.826,151.89
1644.8,561.48,78.847,151.93
1646.3,561.2,79.027,152.27
1648,562.49,78.52,151.3
1648.9,561.21,78.817,151.87
1649.1,560.55,78.953,152.13
1649.9,560.58,79.143,152.49
1651.5,561.91,78.788,151.81
1651.6,561.38,78.43,151.12
1653.2,561.9,78.479,151.21
1655,561.97,78.517,151.29
1656,562.09,78.096,150.48
1657.1,562.03,77.963,150.22
1657.7,562.83,78.186,150.65
1657.7,561.7,77.577,149.48
1660.1,562.65,77.73,149.77
1660.8,562.08,77.509,149.35
1662.2,563.99,77.629,149.58
1663,562.96,77.476,149.28
1664.3,564.61,77.256,148.86
1664.4,564.01,76.66,147.71
1665.3,564.34,76.158,146.74
1665.9,564.86,75.707,145.87
1666.7,564.93,75.651,145.77
1667.8,565.95,75.174,144.85
1668.9,567.04,75.514,145.5
1668.8,566.93,75.091,144.69
1669.1,567.57,75.014,144.54
1669.4,567.73,74.902,144.32
1669.8,568.26,75.047,144.6
1670.2,568.66,74.897,144.31
1670.6,568.9,74.797,144.12
1671.5,569.77,74.995,144.5
1670.8,569.47,74.838,144.2
1671.6,570.77,74.934,144.38
1670.8,570.78,74.743,144.02
1671.6,571.82,75.288,145.07
1670.9,571.73,75.875,146.2
1670.6,571.92,76.565,147.53
1669.7,572.61,75.577,145.62
1669.5,572.56,75.5,145.48
1669.2,572.98,75.789,146.03
1670.5,574.92,76.023,146.48
1668.4,574.48,76.228,146.88
1668.3,575.06,76.597,147.59
1667.2,574.88,77.015,148.39
1667.2,576.15,77.402,149.14
1665.6,576.66,78.328,150.93
1663.5,576.88,78.037,150.36
1664,576.74,77.987,150.27
1664.1,577.35,78.461,151.18
1663.7,578.22,79.199,152.6
1662.5,578.73,80.21,154.55
1661.4,578.84,80.578,155.26
1659.8,578.91,80.644,155.39
1659.8,579.74,81.515,157.07
1658.5,580.31,81.225,156.51
1658.5,580.72,82.274,158.53
1657.5,582.34,81.975,157.95
1656.4,582.59,81.601,157.23
1656.1,583.52,81.515,157.07
1655.5,584.47,81.467,156.97
1654.4,585.57,81.563,157.16
1654,586.37,81.41,156.86
1654.7,587.68,81.576,157.18
1653.9,588.13,81.236,156.53
1653.9,589.7,81.373,156.79
1654.1,591.18,81.202,156.46
1653.6,592.44,81.297,156.65
1653.4,592.99,81.783,157.58
1652.8,594.15,81.665,157.35
1651.9,594.47,81.193,156.44
1652.5,596.27,81.551,157.13
1651.6,596.48,81.23,156.52
1652.3,598.66,81.284,156.62
1651.9,599.97,81.342,156.73
1652,601.24,81.517,157.07
1651,601.53,81.554,157.14
1651,602.93,81.668,157.36
1651.3,604.76,81.335,156.72
1652.4,606.42,81.577,157.19
1652.3,607.34,80.994,156.06
1652.6,608.61,80.847,155.78
1653.8,610.89,81.105,156.28
1652.7,610.86,81.201,156.46
1654.4,614.1,80.922,155.92
1653.9,614.71,80.664,155.43
1655.5,616.67,81.156,156.37
1655.7,618.26,81.056,156.18
1655.7,618.82,81.005,156.08
1656.4,620.29,81.072,156.21
1657.2,622.21,80.994,156.06
1657.6,624.33,80.815,155.72
1659.3,626.67,80.94,155.96
1659.3,627.37,80.96,156
1660,629.15,81.198,156.45
1662.3,631.23,81.077,156.22
1662,631.47,81.267,156.59
1664.1,634.05,81.277,156.61
1664.8,635.62,81.38,156.81
1666.1,637.98,81.148,156.36
1667.3,640.69,80.793,155.67
1668.4,642.8,80.912,155.9
1668.3,644.02,80.775,155.64
1670.1,646.66,80.76,155.61
1672,648.59,80.923,155.92
1671.6,649.46,80.608,155.32
1673.7,651.9,80.674,155.45
1675.5,653.82,80.635,155.37
1676.3,656.51,80.58,155.26
1676.7,657.66,80.857,155.8
1679.3,661.71,80.538,155.18
1680,663.38,80.239,154.61
1681.9,666.9,79.847,153.85
1680.3,666.09,81.185,156.43
1682.1,670.1,80.933,155.94
1682.7,670.88,81.422,156.89
1684.1,672.35,81.359,156.77
1686.6,675.09,81.421,156.88
1686.7,676.31,81.506,157.05
1688.3,679.72,81.481,157
1690.4,682.65,81.321,156.69
1692.8,687.14,80.745,155.58
1694.8,689.27,80.458,155.03
1694.2,690.03,80.484,155.08
1695.6,692.11,79.974,154.1
1697,694.7,79.957,154.06
1698,696.8,80.005,154.16
1699.2,700,79.846,153.85
1699.9,703.91,79.506,153.19
1698.8,707.59,79.428,153.04
1702.1,706.4,79.272,152.74
1704.6,708.2,79.244,152.69
1706.4,712.25,79.809,153.78
1706.4,714.29,79.987,154.12
1707.5,716.65,80.015,154.17
1706.8,719.08,80.362,154.84
1706.3,721.04,80.761,155.61
1708.6,724.84,80.68,155.46
1709.6,728.76,80.042,154.23
1706.9,729.74,80.816,155.72
1709.2,733.81,80.785,155.66
1708.7,734.8,81.39,156.83
1708,736.91,81.406,156.86
1712,737.89,80.843,155.77
1712.4,740.38,80.672,155.44
1713,744.37,80.938,155.95
1712.1,745.74,80.912,155.9
1713.1,748.74,80.784,155.66
1714.2,752.69,81.44,156.92
1712.8,754.16,81.86,157.73
1713.5,757.02,82.431,158.83
1713.9,759.38,82.348,158.67
1713.8,761.44,82.44,158.85
1714,763.42,83.078,160.08
1713.7,765.7,82.744,159.43
1713.6,768.91,82.57,159.1
1713.2,771.41,82.396,158.76
1714.9,775.15,82.74,159.43
1713.5,776.88,82.8,159.54
1714.5,779.19,83.36,160.62
1714.7,782.52,83.313,160.53
1713.5,784.15,82.986,159.9
1714.8,787,83.734,161.34
1713.5,788.94,83.868,161.6
1715.3,792.48,83.815,161.5
1713.9,794.18,83.935,161.73
1715.2,798.12,83.974,161.8
1715.1,801.07,84.238,162.31
1714,802.71,84.221,162.28
1714.6,805.05,84.163,162.17
1714.5,807.71,84.395,162.61
1714.4,809.65,84.541,162.9
1715.6,813.4,84.717,163.23
1714.7,815.28,84.722,163.24
1714.8,818.29,84.488,162.79
1716.5,821.8,84.418,162.66
1716.2,824.34,84.4,162.63
1715.4,825.98,84.506,162.83
1717.2,829.38,84.421,162.66
1717.5,831.31,84.807,163.41
1716.4,833.22,84.402,162.63
1717.2,835.62,84.221,162.28
1717.5,838.12,84.263,162.36
1717.8,840.58,84.173,162.19
1718.5,843.39,83.94,161.74
1720,846.18,84.667,163.14
1720,849.56,84.546,162.91
1719.9,852.22,84.636,163.08
1720,854,84.705,163.21
1720.5,854.38,84.481,162.78
1720.8,858.02,84.288,162.41
1720.3,859.42,84.228,162.29
1721.2,861.04,83.986,161.83
1722.9,863.12,84.261,162.36
1722.1,866.37,84.215,162.27
1722.5,869.07,84.27,162.37
1723.3,870.92,84.29,162.41
1723.5,872.2,84.456,162.73
1725.2,874.78,85.163,164.09
1725.4,876.15,85.719,165.17
1725.6,877.66,85.729,165.18
1726.1,880.47,85.365,164.48
1725.6,882.62,84.877,163.54
1726.9,884.48,84.861,163.51
1727.3,886.84,84.849,163.49
1727.8,888.77,84.915,163.62
1728.6,890.41,84.922,163.63
1728.9,892.69,84.746,163.29
1730.1,894.52,84.715,163.23
1730.3,895.97,84.78,163.36
1731.2,897.67,84.98,163.74
1732.7,900.51,84.973,163.73
1733.1,902.48,85.311,164.38
1733,904.17,84.927,163.64
1733.6,905.74,84.654,163.11
1735.3,908.79,84.991,163.76
1735.7,910.81,85.005,163.79
1737,911.77,85.409,164.57
1736.5,912.77,85.334,164.42
1737.1,915.18,84.922,163.63
1737.8,916.65,84.923,163.63
1739,918.47,84.839,163.47
1739.6,920.34,84.696,163.19
1740,922.4,84.688,163.18
1739.7,923.94,84.987,163.76
1742.4,926.57,84.858,163.51
1743.1,927.76,84.888,163.56
1744.7,928.62,84.913,163.61
1746.8,928.07,85.582,164.9
1748.2,929.96,86.069,165.84
1746.6,933.09,85.342,164.44
1746.9,935.6,84.482,162.78
1748,937.3,85.468,164.68
1747.2,940.04,84.129,162.1
1749.2,941.72,84.41,162.64
1748.7,942.32,84.463,162.75
1749.7,944.33,84.861,163.51
1750,945.67,84.229,162.3
1750.3,946.99,83.798,161.46
1752.1,948.84,83.302,160.51
1753.6,951.7,82.551,159.06
1754.1,953.16,82.953,159.84
1755.3,954.66,84.147,162.14
1755.2,955.96,83.88,161.62
1757.1,957.77,84.433,162.69
1757.8,958.92,84.722,163.25
1757.3,959.98,84.092,162.03
1758.7,961.46,84.392,162.61
1758.4,961.91,84.707,163.22
1759.1,964.36,84.673,163.15
1761,965.72,85.57,164.88
1760.9,966.95,86.141,165.98
1761.3,967.99,86.692,167.04
1762.3,970.12,86.085,165.87
1763,970.68,86.917,167.47
1763.1,971.71,86.209,166.11
1764.5,973.37,86.374,166.43
1764.8,975.13,85.454,164.66
1765.9,976.77,84.832,163.46
1766.8,978.31,84.707,163.22
1767.9,980.1,84.399,162.62
1768.4,981.15,84.36,162.55
1769.1,982.55,84.428,162.68
1771,984.54,84.929,163.64
1770.8,985.3,84.533,162.88
1772,986.65,85.11,163.99
1773.4,987.24,85.079,163.93
1774.3,988.43,85.247,164.26
1774.3,990,84.218,162.27
1775.1,990.97,84.013,161.88
1776.1,992.42,84.791,163.38
1776.4,993.19,84.43,162.68
1777.8,995.5,84.859,163.51
1777.9,995.33,84.658,163.12
1779.2,996.28,85.518,164.78
1779.5,997.14,85.358,164.47
1779.9,997.64,84.561,162.93
1781.4,997.68,85.409,164.57
1781,998.31,85.12,164.01
1782.2,999.84,85.739,165.21
1783.4,1000.6,86.114,165.93
1783.8,1001.1,86.303,166.29
1784.5,1001.1,86.669,167
1785.5,1002,86.521,166.71
1785.6,1002.1,85.65,165.03
1786.1,1002.5,86.216,166.12
1786.9,1002.6,86.582,166.83
1787.6,1003.5,85.057,163.89
1789.4,1004.1,85.364,164.48
1789.2,1004.1,85.198,164.16
1791,1005.7,84.877,163.54
1791.1,1004.9,84.604,163.02
1792.3,1006.6,83.962,161.78
1794.2,1007.3,83.039,160
1794.6,1007.2,82.986,159.9
1795,1006.4,83.512,160.91
1794.3,1005.4,85.442,164.63
1795.7,1006.5,84.068,161.98
1796.4,1006.5,85.019,163.82
1796,1005.8,86.021,165.75
1796.1,1004.5,86.234,166.16
1797.3,1004.9,86.988,167.61
1796.5,1003.8,87.104,167.83
1798.1,1004.9,85.656,165.04
1798.4,1004.3,86.838,167.32
1798.9,1004.8,87.041,167.71
1798.6,1003.8,86.993,167.62
1800.2,1004.8,85.674,165.08
1800.4,1004.4,86.587,166.84
1800.7,1003.6,87.614,168.82
1800.5,1003.3,86.724,167.1
1801.4,1003.2,86.688,167.03
1802,1001.8,87.513,168.62
1802.4,1002.3,86.034,165.77
1802.7,1001.6,85.325,164.41
1803.1,1001.1,85.618,164.97
1804.3,1000.6,86.441,166.56
1804.6,1001.5,85.064,163.9
1805,1000.7,86.453,166.58
1804.6,999.46,86.137,165.97
1806.3,999.85,86.082,165.87
1806.3,998.27,87.191,168
1806.9,998.23,86.421,166.52
1807.5,996.7,85.482,164.71
1807.5,996.32,85.014,163.81
1808.5,995.31,86.473,166.62
1808.7,995.36,85.506,164.76
1808.9,994.59,86.313,166.31
1809.8,994.23,85.935,165.58
1810.1,992.3,85.266,164.29
1810.7,991.6,84.266,162.37
1811.4,990.89,83.113,160.14
1812.2,989.49,82.632,159.22
1812.7,988.02,82.888,159.71
1813.7,987.08,84.177,162.19
1814.1,986.95,82.86,159.66
1814.7,985.45,83.967,161.79
1815.1,984.27,84.332,162.49
1816,983.03,82.968,159.86
1815.8,980.94,84.131,162.11
1816.9,980.04,83.78,161.43
1817.4,977.89,83.501,160.89
1818,976.33,84.475,162.77
1818.9,975.73,84.365,162.56
1818.9,973.65,83.66,161.2
1819.8,972.39,83.756,161.38
1820.3,971.28,83.185,160.28
1821.5,969.85,82.965,159.86
1822.3,968.72,83.373,160.65
1822.8,966.69,83.151,160.22
1822.6,964.1,82.861,159.66
1823.9,963.7,82.631,159.22
1824,961.06,81.84,157.69
1824.6,959.48,83.264,160.43
1824.5,957.54,82.539,159.04
1824.8,955.35,82.434,158.84
1825.3,954.39,82.659,159.27
1825.4,951.39,82.082,158.16
1825.4,949.88,81.446,156.93
1825.7,947.66,81.341,156.73
1826.6,945.96,81.321,156.69
1826.6,944.09,81.39,156.82
1826.6,941.99,81.262,156.58
1826.5,940.07,81.125,156.31
1826.1,936.96,80.693,155.48
1826.1,935.57,80.892,155.86
1825,932.25,80.788,155.66
1825.7,930.16,81.335,156.72
1825.7,926.86,81.814,157.64
1825.3,923.98,81.873,157.76
1824.8,921.56,81.847,157.71
1824.8,919.37,81.317,156.68
1824.3,916.6,81.235,156.53
1823.5,913.93,81.224,156.5
1823.1,911.01,81.632,157.29
1821.7,908.37,81.163,156.39
1822,906.54,81.224,156.51
1821.1,903.3,81.662,157.35
1819.3,899.54,81.518,157.07
1818.5,896.1,82.042,158.08
1817.8,893.98,81.455,156.95
1816.5,890.64,82,158
1815.7,888.76,81.133,156.33
1815,885.98,80.708,155.51
1814.4,882.92,81.566,157.16
1812.4,880.47,81.075,156.22
1811.3,875.76,82.014,158.03
1809.3,873.85,81.728,157.48
1809.2,870.34,82.708,159.36
1806.7,866.71,82.717,159.38
1805.5,864.12,82.533,159.03
1804.3,860.46,83.149,160.21
1802.2,857.34,83.573,161.03
1801.8,855.28,84.109,162.06
1799.8,851.7,84.947,163.68
1796.9,847.6,85.591,164.92
1796.4,845.1,85.748,165.22
1794.3,842.32,85.417,164.58
1792.2,838.95,84.705,163.21
1790.6,836.68,83.786,161.44
1788.9,832.94,83.973,161.8
1787.9,830.22,84.942,163.67
1785.5,827.71,83.731,161.34
1783.5,824.9,83.486,160.86
1783,822.56,83.979,161.81
1780.6,818.95,84.694,163.19
1777.7,814.79,84.654,163.11
1777.4,812.43,84.772,163.34
1775,808.29,84.533,162.88
1773.9,806.02,84.524,162.86
1772.1,802.82,84.819,163.43
1769.2,799.8,84.346,162.52
1767.7,796.55,84.366,162.56
1766.1,793.55,84.205,162.25
1764.8,791.05,83.907,161.67
1764.7,788.84,83.938,161.73
1763,785.32,84.17,162.18
1760.7,781.21,84.013,161.88
1760.2,778.62,84.426,162.68
1758.2,775.52,84.624,163.06
1757.6,772.89,84.381,162.59
1755.3,768.84,84.43,162.68
1754.3,767.54,84.488,162.79
1753.3,764.42,84.598,163.01
1751.9,761.66,84.626,163.06
1751,758.57,84.448,162.72
1750,755.62,84.551,162.92
1749.2,752.56,84.51,162.84
1748.1,749.45,84.631,163.07
1747.5,746.81,84.576,162.96
1746.7,744.19,84.474,162.77
1745.7,741.21,84.575,162.96
1744.7,738.9,84.474,162.77
1744,735.98,84.447,162.71
1743.8,733.13,84.308,162.45
1742,729.42,84.312,162.46
1741.5,726.64,84.215,162.27
1741,723.53,84.33,162.49
1740,720.55,84.372,162.57
1740.3,718.06,84.197,162.23
1739.8,716.01,84.044,161.94
1740.4,713.88,83.898,161.66
1739.5,711.59,83.973,161.8
1739,709.17,83.978,161.81
1738.9,706.17,84.059,161.97
1739.1,703.58,84.048,161.95
1739.1,700.9,83.942,161.74
1739.1,698.88,83.774,161.42
1738.2,695.5,83.666,161.21
1738.6,693.27,83.592,161.07
1739.6,691.83,83.343,160.59
1740.4,690.08,82.897,159.73
1740.7,688.23,82.46,158.89
1741.2,685.91,82.481,158.93
1741.6,683.19,82.456,158.88
1741.9,681.2,82.117,158.23
1741.7,678.98,81.21,156.48
1743.1,677.15,81.38,156.81
1744.2,674.98,80.747,155.59
1745,673.56,80.451,155.02
1745.5,670.98,80.285,154.7
1746.7,669.84,79.833,153.83
1746.9,667.28,79.566,153.31
1749.1,666.98,79.157,152.52
1750.4,664.88,79.186,152.58
1751.1,663.54,79.094,152.4
1752,661.86,78.895,152.02
1752.2,659.02,78.611,151.47
1754.1,658.02,78.584,151.42
1755.2,656.91,78.58,151.41
1756.3,655.19,78.637,151.52
1757.8,654.41,78.475,151.21
1759.2,651.93,78.572,151.4
1760.1,651.01,78.895,152.02
1760.6,648.84,78.693,151.63
1762.5,648.69,78.972,152.17
1763.2,645.9,79.097,152.41
1765.4,645.43,79.117,152.44
1766.4,644.24,79.062,152.34
1767.9,643.45,78.78,151.79
1768.1,641.52,78.983,152.19
1770.6,642.23,78.886,152
1770.5,640.9,78.653,151.55
1772.6,640.76,78.589,151.43
1774.3,640.16,78.458,151.18
1775.5,639.67,77.933,150.16
1776.6,639.24,77.632,149.58
1777.3,638.02,77.08,148.52
1778.5,637.67,76.847,148.07
1780.6,637.62,77.125,148.61
1781.1,636.83,76.83,148.04
1782.4,637.44,77.102,148.56
1782.5,636.18,77.067,148.49
1784.3,637.37,77.04,148.44
1785.1,637.24,77.015,148.4
1786.1,636.96,77.092,148.54
1786.1,636.27,77.24,148.83
1787.1,636.15,77.275,148.9
1788.7,636.98,77.131,148.62
1789.1,637.25,77.169,148.69
1789.3,638.18,77.13,148.62
1790.8,639.09,76.88,148.13
1792.3,640.52,77.015,148.39
1792.5,642.2,76.954,148.28
1792.5,643.54,76.707,147.8
1793,641.64,76.674,147.74
1793.9,642.73,76.472,147.35
1794.7,644.65,77.083,148.53
1793.3,645.47,76.858,148.09
1794.5,646.85,77.524,149.38
1795,648.58,77.755,149.82
1793.4,649.68,77.204,148.76
1794,650.45,77.484,149.3
1795.1,652.46,78.032,150.35
1795.2,654.61,78.442,151.15
1793.1,657.53,79.162,152.53
1792.3,657.79,79.502,153.19
1791.5,658.19,79.443,153.07
1791.6,660.64,79.55,153.28
1792,660.98,79.514,153.21
1790.2,661.82,80.16,154.45
1790.7,665.45,81.288,156.63
1788.3,667.57,81.925,157.86
1787.9,669.42,82.708,159.36
1786,669.97,82.866,159.67
1786.7,673.16,83.175,160.26
1784.6,674.1,83.162,160.24
1784.1,676.34,83.55,160.99
1784.4,680.17,83.916,161.69
1782.8,682.03,83.777,161.42
1782.3,683.23,83.786,161.44
1781.4,685.99,83.572,161.03
1781.6,690.33,83.772,161.41
1779.7,691.49,83.798,161.46
1779.4,694.19,83.695,161.27
1778.8,696.75,83.956,161.77
1778.8,700.55,84.175,162.19
1776.9,702.24,84.085,162.02
1777.2,705.71,84.456,162.73
1776.4,708.39,84.946,163.68
1774.7,710.63,84.611,163.03
1775.4,714.41,84.903,163.59
1773.8,716.89,85.227,164.22
1773.1,721.35,85.229,164.22
1771.9,723.53,85.078,163.93
1772.8,727.5,85.008,163.8
1772.1,731.32,85.441,164.63
1770,733.62,85.232,164.23
1770.8,735.96,84.627,163.06
1771.8,740.23,84.892,163.57
1770.1,743.77,84.657,163.12
1770.3,747.88,85.005,163.79
1770.5,751.79,84.805,163.4
1769.9,754.04,84.936,163.66
1769,757.25,85.055,163.89
1769.2,761.56,85.476,164.7
1768.7,764.24,85.125,164.02
1769.6,768.86,85.413,164.58
1767.9,771.82,85.299,164.36
1768.7,775.83,84.626,163.06
1769.1,779.73,85.414,164.58
1767.4,783.05,85.086,163.95
1768.8,787.97,85.208,164.18
1769.1,791.3,85.839,165.4
1767.2,794.55,85.8,165.32
1767.5,798.13,85.905,165.52
1768.1,801.5,85.967,165.64
1768.3,805.71,85.878,165.47
1768.4,808.79,86.005,165.72
1768.9,813.02,86.21,166.11
1769.9,817.8,86.34,166.36
1769.4,820.92,86.135,165.97
1770.6,825.56,86.64,166.94
1770.6,830.07,86.727,167.11
1771.2,834.46,86.589,166.84
1771.7,838.43,86.433,166.54
1771,841.68,86.234,166.16
1772.8,847,86.565,166.8
1772.3,850.43,86.057,165.82
1773.9,855.28,86.333,166.35
1773.6,858.66,86.287,166.26
1774.8,863.91,86.634,166.93
1775.5,868.21,86.869,167.38
1775,872.25,86.838,167.32
1776.4,877.65,87.127,167.88
1776,881.28,87.227,168.07
1777.8,886.86,87.001,167.64
1777.2,890.34,87.039,167.71
1778.5,894.36,87.165,167.95
1780.2,899.91,87.462,168.53
1779.2,903.37,87.586,168.76
1780.2,908.37,87.334,168.28
1782.2,914.24,87.402,168.41
1781.7,917.85,87.589,168.77
1782.3,922.27,87.588,168.77
1783.6,927.29,87.733,169.05
1785,933,87.984,169.53
1785.3,937.14,87.323,168.26
1787.2,942.03,87.589,168.77
1786.2,946.42,87.351,168.31
1788.3,951.36,87.595,168.78
1788,955.38,87.585,168.76
1789,960.57,87.381,168.37
1791,966.46,87.69,168.96
1792,971.29,87.338,168.29
1792.8,975.91,87.803,169.18
1793.5,980.56,87.923,169.41
1793.6,985.19,88.381,170.29
1794.4,990.13,88.978,171.45
1795.5,995.27,89.031,171.55
1796.9,1000.2,88.576,170.67
1798,1004.7,87.565,168.72
1798.8,1008.5,88.29,170.12
1800.4,1015.1,88.231,170.01
1801.7,1020.9,87.706,168.99
1801.8,1024.6,87.991,169.54
1803.7,1028.4,87.572,168.74
1769.1,953.29,87.704,168.99
1774.7,959.68,87.857,169.29
1717.4,931.63,88.484,170.49
1702.8,930.29,88.029,169.62
1628.6,928.25,87.904,169.38
1664.3,945.27,89.006,171.5
1664.4,943.93,88.562,170.64
1659.2,945.08,89.721,172.88
1664.6,943.86,90.158,173.72
1667,943.09,91.064,175.46
1665.5,945.08,92.231,177.71
1703.6,943.27,91.55,176.4
1702.8,959.07,90.564,174.5
1701.2,949.56,89.599,172.64
1635.4,823.94,89.052,171.59
1635.4,841.03,88.849,171.2
1638.4,850.21,87.76,169.1
1627.6,807.96,88.607,170.73
1639.9,866.92,87.988,169.54
1602.6,868.71,88.044,169.65
1687.9,861.22,87.103,167.83
1645.7,902.25,87.134,167.89
1649.5,915.51,86.622,166.91
1654,926.34,85.825,165.37
1652.4,939.55,85.861,165.44
1655.4,948.39,85.292,164.34
1656.4,958.56,84.751,163.3
1658.8,973.38,84.237,162.31
1662.4,982.43,83.207,160.33
1663.7,993.79,83.346,160.59
1664.9,1004.5,83.501,160.89
1715.8,859.69,83.25,160.41
1725.8,851.26,82.134,158.26
1725.5,862.81,82.091,158.17
1710,866.61,81.693,157.41
1722.7,867.23,80.997,156.07
1686.8,863.27,80.868,155.82
1682.2,879.62,81.352,156.75
1686,888.15,81.245,156.55
1694.8,894.7,80.541,155.19
1696.6,905.38,79.747,153.66
1698,891.94,79.33,152.86
1720.3,844.75,79.521,153.22
1773.4,843.07,79.15,152.51
1775.5,845.26,79.243,152.69
1779.8,882.76,78.663,151.57
1781,885.14,78.129,150.54
1727.1,971.85,78.272,150.82
1629.4,887.2,78.684,151.61
1662.7,841.13,78.27,150.81
1696.1,819.92,78.649,151.54
1693.1,757.3,78.571,151.39
1750.4,780.91,78.057,150.4
1699.3,785.33,77.641,149.6
1668.5,768.15,78.388,151.04
1686.9,659.22,77.232,148.81
1688,661.53,76.442,147.29
1686.7,663.86,76.43,147.27
1695.6,650.5,76.884,148.14
1685.9,657.85,77.057,148.48
1695.4,666.33,76.923,148.22
1684.1,659.06,76.742,147.87
1685.8,658.59,76.791,147.96
1687.5,661.13,76.883,148.14
1706.8,705.85,77.634,149.59
1791.5,718.26,78.877,151.98
1796.4,724.3,79.453,153.09
1795.1,733.65,80.199,154.53
1798.1,745.9,80.331,154.78
1763.6,788.95,78.731,151.7
1797.1,758.43,79.303,152.8
1800.9,764.67,80.246,154.62
1800.1,763.58,80.875,155.83
1801,774.89,81.755,157.53
1801,783.2,82.401,158.77
1778,855.71,81.849,157.71
1775.6,863.89,81.506,157.05
1772.7,862.92,81.187,156.43
1784,863.61,81.043,156.16
1778.5,856.36,80.056,154.25
1765.2,889.25,79.759,153.68
1767.5,890.74,80.215,154.56
1761.4,891.13,79.882,153.92
1803.6,813.99,80.271,154.67
1759.8,882.45,79.841,153.84
1771.1,834.51,79.226,152.65
1812.6,823.65,79.967,154.08
1809.1,824.57,81.007,156.09
1795.5,799.19,81.325,156.7
1794.4,799.81,81.85,157.71
1796.2,799,82.168,158.32
1810.1,832.35,82.837,159.61
1814.3,835.84,82.59,159.14
1812.9,836.55,82.917,159.77
1814.6,838.16,82.914,159.76
1814.1,839.8,83.247,160.4
1812.8,840.73,83.74,161.35
1814.9,841.56,83.598,161.08
1815.4,843.98,83.885,161.63
1817,848.6,83.656,161.19
1816.3,849.3,83.898,161.66
1785.9,938.64,83.743,161.36
1667.2,1029.7,83.561,161.01
1651.3,1020.7,84.625,163.06
1647.4,1012,85.414,164.58
1647.4,1000.7,85.894,165.5
1653.5,987.21,88.132,169.82
1665.7,976.29,89.279,172.03
1661.1,965.68,90.619,174.61
1709.5,967.99,91.625,176.55
1702.8,964.59,92.614,178.45
1664.1,938.79,94.528,182.14
1642.1,929.19,95.17,183.38
1613.2,939.88,95.328,183.68
1635.4,910.25,95.988,184.95
1642.7,899.87,96.727,186.38
1643.9,889.14,97.81,188.46
1642.6,877.66,98.271,189.35
1645.5,868.18,98.41,189.62
1645.2,867.55,98.559,189.91
1637.9,853,98.799,190.37
1639.5,842.12,98.136,189.09
1641.8,832.63,97.79,188.42
1640.2,821.87,97.343,187.56
1640.8,812.9,97.896,188.63
1639.6,803.23,97.682,188.22
1639.1,792.3,98.163,189.14
1639.9,783.56,98.362,189.53
1639.7,774.36,98.718,190.21
1636.4,764.64,97.907,188.65
1637.1,754.29,97.849,188.54
1636.4,745.33,97.548,187.96
1636.9,737.01,97.502,187.87
1636.8,728.68,96.855,186.62
1635.1,718.4,96.303,185.56
1635.6,709.49,95.558,184.12
1635.4,700.29,95.107,183.25
1636.4,690.83,95.863,184.71
1634.8,683.33,95.05,183.14
1635.8,674.74,94.372,181.84
1636.1,666.26,93.845,180.82
1635.4,655.67,93.907,180.94
1635,646,94.451,181.99
1635,638.5,93.051,179.29
1636.2,628.08,93.829,180.79
1634.2,618.43,93.776,180.69
1633.9,609.82,93.253,179.68
1634.9,602.13,93.485,180.13
1635.3,594.79,92.174,177.6
1633.8,584.69,92.496,178.22
1635.8,574.39,94.383,181.86
1636.6,565.28,95.226,183.48
1635.5,556.4,94.59,182.26
1634.4,546.48,95.233,183.5
1635.8,538.64,95.353,183.73
1636.2,530.57,95.036,183.12
1636.2,524.33,94.608,182.29
1636.9,515.82,93.663,180.47
1636.9,507.53,93.172,179.53
1637.5,499.33,92.976,179.15
1639.2,491.26,92.4,178.04
1640.9,485.6,91.68,176.65
1643,477.92,91.008,175.36
1644.2,469.79,90.839,175.03
1645.5,462.67,90.369,174.13
1645.6,454.44,89.442,172.34
1648,449.19,88.657,170.83
1648.6,439.84,88.409,170.35
1653,431.4,88.195,169.94
1653.4,422.13,87.747,169.07
1655.6,413.25,87.675,168.93
1658.1,403.87,87.795,169.17
1659.6,394.98,87.523,168.64
1663,385.59,87.189,168
1665.9,376.29,87.6,168.79
1668.8,367.18,87.182,167.98
1673.3,358.46,87.471,168.54
1676.1,349.89,86.759,167.17
1679.8,341.51,86.798,167.25
1683.2,332.78,86.736,167.13
1688,324.03,86.826,167.3
1691.7,315.68,86.753,167.16
1694.3,307.19,86.992,167.62
1699.1,297.76,87.161,167.94
1699,285.5,87.088,167.8
1707.1,281.69,87.212,168.04
1713.9,274.92,86.855,167.35
1718,266.47,87.132,167.89
1724.2,258.31,87.282,168.18
1728.2,251.02,87.191,168
1731.6,243.46,86.86,167.37
1735.6,235.24,86.438,166.55
1741.4,227.83,86.405,166.49
1746.8,220.21,86.742,167.14
1755.4,214.46,87.206,168.03
1759.3,210.13,86.738,167.13
1765.2,204.6,86.428,166.53
1765.7,205.05,85.576,164.89
1778,192.98,85.775,165.27
1782.9,188.69,86.01,165.73
1782.7,189.06,85.574,164.89
1797,177.86,85.459,164.66
1804,173.43,85.27,164.3
1811.9,168.62,84.845,163.48
1816,165.03,84.405,162.63
1826.4,159.75,83.704,161.28
1832.3,155.08,83.656,161.19
1836.2,151.28,83.18,160.27
1842.1,148.1,82.545,159.05
1855.4,140.56,82.458,158.88
1844.5,143.52,81.644,157.31
1870.4,130.89,82.555,159.07
1876.4,126.71,82.78,159.5
1881.8,123.53,82.985,159.9
1834.9,158.81,83.062,160.05
1844.7,153.5,83.354,160.61
1895.7,197.79,83.32,160.54
1880.1,254.37,83.453,160.8
1893.8,226.84,83.132,160.18
1893,228.69,82.657,159.27
1894.1,228.9,83.083,160.09
1895.5,231.09,83.441,160.78
1898.3,231.06,83.342,160.59
1899.3,231.99,83.069,160.06
1815.1,256.49,82.876,159.69
1859.3,240.19,81.964,157.93
1879.2,232.61,80.623,155.35
1873.3,231.67,79.763,153.69
1843.1,214.34,79.281,152.76
1840.7,235.02,79.482,153.15
1846.9,238.07,79.112,152.43
1849.8,246.16,79.124,152.46
1848.2,249.04,79.075,152.36
1853.6,252.32,78.656,151.56
1854.5,243.28,78.244,150.76
1854.4,243.25,77.757,149.82
1886,143.5,77.917,150.13
1888.4,144.25,78.389,151.04
1888.5,147.58,79.001,152.22
1893.2,143.7,78.965,152.15
1897.7,142.93,78.149,150.58
1881.9,151.92,77.803,149.91
1896,187.33,78.277,150.83
1892.6,195.63,78.739,151.72
1896.9,160.31,79.933,154.02
1839.5,265.31,79.037,152.29
1863.6,311.44,78.575,151.4
1882.3,366.89,78.231,150.74
1880.2,363.21,77.86,150.02
1880.4,363.29,77.112,148.58
1881,361.34,76.817,148.01
1881.3,359.71,76.379,147.17
1881.9,359.16,75.954,146.35
1881.7,357.44,75.279,145.05
1881.4,356.13,74.91,144.34
1881,354.61,74.692,143.92
1881.7,353.9,74.716,143.97
1880.4,351.49,74.644,143.83
1880.5,349.33,74.674,143.88
1880.1,346.71,74.864,144.25
1879.4,345.12,74.233,143.03
1880.1,341.39,74.242,143.05
1879.9,339.84,74.346,143.25
1879.1,337.16,74.761,144.05
1878.7,335.26,74.677,143.89
1877.8,332.71,74.855,144.23
1877.6,329.87,74.316,143.19
1877.7,327.69,74.281,143.13
1877.5,325.29,74.104,142.78
1877,322.77,74.118,142.81
1875.8,319.79,73.92,142.43
1875.6,315.34,74.164,142.9
1875.6,313.22,74.557,143.66
1873.6,309.04,73.797,142.19
1874.5,306.47,73.733,142.07
1874.2,304.14,73.925,142.44
1872.2,299.12,73.284,141.21
1870.7,295.92,73.012,140.68
1871.7,293.96,73.052,140.76
1872,290.3,73.511,141.64
1870.4,285.52,73.197,141.04
1870.8,282.01,73.754,142.11
1870.6,279.23,73.541,141.7
1869.4,276.02,72.91,140.48
1868.6,271.68,72.157,139.03
1868.6,267.28,72.146,139.01
1868.3,263.47,71.738,138.23
1867,259.75,71.15,137.09
1866.8,255,70.824,136.47
1867.1,250.85,70.739,136.3
1865.8,245.71,70.731,136.29
1865,241.12,70.855,136.53
1864.9,237.71,70.519,135.88
1863.8,233.99,70.123,135.11
1862.1,226.67,70.966,136.74
1861.3,222.94,70.997,136.8
1860.8,218.61,70.54,135.92
1860.3,213.9,70.501,135.84
1858.5,209.13,70.498,135.84
1857.4,203.59,70.692,136.21
1855,197.91,70.531,135.9
1854.7,193.47,70.623,136.08
1852.1,188.22,70.409,135.67
1851.6,184.21,70.062,135
1849.8,177.91,70.164,135.19
1847.5,172.35,70.231,135.32
1846.8,167.2,70.198,135.26
1844.9,161.53,70.176,135.22
1843,156.61,70.205,135.27
1841.4,151.38,70.231,135.32
1839.8,145.51,70.111,135.09
1837.9,140.73,70.151,135.17
1836.6,135.41,70.293,135.44
1835.5,130.52,70.277,135.41
1834.4,125.1,70.169,135.2
1831.3,118.67,70.199,135.26
1829.6,113.14,70.277,135.41
1827.5,107.28,70.479,135.8
1826.2,102.13,70.433,135.71
1824.2,96.514,70.309,135.47
1822.6,90.632,70.175,135.22
1819.9,84.67,69.97,134.82
1819,79.65,70.064,135
1816.3,72.455,69.884,134.65
1815.7,67.47,69.922,134.73
1813.6,61.732,69.704,134.31
1810.8,55.24,69.701,134.3
1809.4,48.99,69.626,134.16
1808.1,42.793,69.769,134.43
1807.4,38.132,69.66,134.22
1804.7,31.017,69.694,134.29
1802.7,25.392,69.484,133.88
1800.9,19.096,69.657,134.22
1799.1,12.946,69.487,133.89
1798,6.7657,69.634,134.17
1796.2,1.4676,69.232,133.4
1795.5,-3.1246,68.814,132.59
1794.3,-9.3876,68.788,132.54
1792.7,-14.731,68.088,131.19
1790.6,-21.189,67.871,130.78
1789.1,-27.066,67.714,130.47
1789,-31.651,67.655,130.36
1787.7,-37.361,66.959,129.02
1785.4,-43.63,65.645,126.49
1785.5,-49.188,65.176,125.58
1782.5,-55.738,65.4,126.01
1781.7,-60.611,64.85,124.95
1781.3,-66.215,64.474,124.23
1780.6,-72.28,64.229,123.76
1778.1,-80.587,64.937,125.12
1777.1,-85.602,65.25,125.72
1772.8,-92.632,65.98,127.13
1774.9,-92.295,65.847,126.88
1773.5,-94.879,66.132,127.42
1773,-97.498,66.234,127.62
1770.2,-103.32,66.775,128.66
1777.2,-28.793,66.356,127.86
1779.2,-29.484,66.243,127.64
1778,-73.824,66.381,127.91
1761.9,-70.758,66.057,127.28
1750.4,-30.788,65.346,125.91
1772.3,-28.015,64.665,124.6
1781.1,-70.181,63.546,122.44
1783.9,-67.889,63.469,122.29
1748,-23.543,62.825,121.05
1780.5,-24.865,62.777,120.96
1773.2,-66.742,62.251,119.95
1751.8,-21.936,61.542,118.58
1787.9,-18.701,61.798,119.07
1717.1,-28.841,61.642,118.77
1714.1,-28.081,61.2,117.92
1713.5,-28.513,60.692,116.94
1723.5,-61.824,59.886,115.39
1789.8,-14.153,60.1,115.8
1788.3,-16.612,60.354,116.29
1749.4,-20.755,59.91,115.44
1752.6,-18.433,59.656,114.95
1751.1,-18.196,59.58,114.8
1749.4,-17.031,59.206,114.08
1782.1,-9.4717,59.334,114.33
1787.3,-16.789,59.397,114.45
1780.7,-14.887,59.367,114.39
1758.4,-10.061,59.405,114.46
1731.2,15.863,60.576,116.72
1756.7,-27.881,60.267,116.12
1780.5,-11.038,60.285,116.16
1713.8,-53.248,60.307,116.2
1719,-12.733,60.727,117.01
1716,-55.027,60.965,117.47
1713.5,-54.863,61.374,118.26
1713.1,-54.17,61.577,118.65
1699.4,-52.644,61.451,118.41
1695.3,-53.568,61.547,118.59
1696.4,-53.63,61.396,118.3
1712,-53.581,61.428,118.36
1733.1,-29.071,61.47,118.44
1717,6.9221,61.949,119.37
1723.7,8.8792,62.653,120.72
1660.8,11.489,63.535,122.42
1659.2,11.273,64.185,123.67
1712.7,-24.679,63.787,122.91
1780.5,27.38,64.009,123.33
1827.2,-27.674,64.052,123.42
1834.1,-25.819,63.894,123.11
1852.6,-22.706,63.558,122.46
1864.4,-27.962,62.811,121.03
1878.1,-14.548,62.521,120.47
1795.2,-15.974,62.838,121.08
1804.4,-22.474,62.48,120.39
1807.5,-24.774,62.785,120.98
1815.3,-16.391,62.885,121.17
1755.9,-18.875,63.22,121.81
1765.1,-5.6203,63.569,122.49
1820.4,-4.4085,64.343,123.98
1810.2,-2.8541,64.866,124.99
1802.6,-9.0098,65.144,125.52
1776.2,-19.712,65.138,125.51
1766.3,4.8902,65.363,125.94
1762.7,14.149,65.595,126.39
1773.2,23.238,65.977,127.13
1735.9,74.506,66.077,127.32
1772.3,57.195,66.427,127.99
1748.1,19.091,67.103,129.3
1665.1,13.874,67.292,129.66
1668.6,-18.892,67.421,129.91
1664.7,46.817,68.162,131.34
1683.4,9.2548,68.363,131.72
1658.3,15.652,68.779,132.53
1673.7,53.296,69.069,133.08
1653.6,111.58,69.416,133.75
1650.6,120.19,69.835,134.56
1643.1,130.98,70.285,135.43
1656.2,99.49,70.25,135.36
1618.5,134.25,70.8,136.42
1587.6,165.96,71.122,137.04
1643.7,167.68,71.2,137.19
1645.4,174.66,71.346,137.47
1757.3,212.82,71.358,137.49
1786.2,333.91,71.824,138.39
1785.5,337.92,71.759,138.27
1790,341.73,71.692,138.14
1791.1,344.32,71.5,137.77
1796.3,347.68,71.542,137.85
1799.2,350.99,71.705,138.16
1799.5,352.65,71.754,138.26
1803.5,355.55,71.479,137.73
1808.5,358.72,71.527,137.82
1810.5,361.21,71.625,138.01
1813.9,363.72,71.715,138.18
1814.9,366.22,71.58,137.92
1788.6,339.57,71.837,138.42
1821.8,371.81,72.078,138.88
1825.9,375.37,72.068,138.86
1828.4,379.18,71.893,138.53
1830,381.76,71.866,138.47
1835,384.41,72.128,138.98
1836.3,388.49,71.785,138.32
1838.9,391.58,71.665,138.09
1842.4,394.85,71.803,138.35
1845.8,397.77,72.095,138.91
1849,401.39,72.135,138.99
1852.2,405.49,71.945,138.63
1855.4,409.1,71.834,138.41
1855.9,411.98,72.025,138.78
1862.2,416.05,72.014,138.76
1864,420.58,70.966,136.74
1867.2,424.09,70.271,135.4
1869.2,425.8,70.782,136.38
1871.2,429.1,70.997,136.8
1874.7,432.77,70.66,136.15
1874,433.5,70.668,136.16
1878.1,435.83,71.287,137.36
1880.5,438.17,71.677,138.11
1883,439.38,72.275,139.26
1885.7,443.27,72.275,139.26
1888.5,448.16,71.71,138.17
1890,450.86,71.582,137.93
1891.8,448.2,71.959,138.65
1892.3,446.61,72.29,139.29
1896.7,451.06,72.647,139.98
1898.1,447.98,73.07,140.79
1902.5,447.57,73.803,142.21
1902.9,446.89,74.365,143.29
1902.6,446.04,74.699,143.93
1883.4,490.48,75.229,144.95
1871.1,446.22,75.261,145.02
1876.2,445.26,75.744,145.95
1877.2,449.18,75.495,145.47
1881.3,449.74,74.795,144.12
1882.5,456.25,75.353,145.19
1885,500.88,76.207,146.84
1884.9,492.68,76.263,146.95
1886.1,500.96,76.449,147.3
1888.1,501.82,76.124,146.68
1889.1,502.55,76.567,147.53
1886.4,471.88,76.497,147.4
1877.8,484.53,76.718,147.82
1847.8,468.98,76.652,147.7
1886.9,500.05,76.828,148.03
1890.4,502.76,77.278,148.9
1892.6,495.95,76.871,148.12
1895.4,489.28,77.688,149.69
1895.9,510.54,78.205,150.69
1860.6,525.1,78.114,150.51
1894.2,488.97,78.447,151.15
1893.5,491.92,78.996,152.21
1890.2,466.61,79.355,152.9
1841.6,463.24,80.262,154.65
1785.8,574.65,80.161,154.46
1793.7,571.92,80.988,156.05
1852.2,627.59,80.347,154.82
1851.3,635.58,80.086,154.31
1854.3,637.07,79.874,153.9
1840,628.31,79.711,153.59
1753.3,647.07,80.014,154.17
1708.7,582.23,79.488,153.16
1642.1,585.3,78.922,152.07
1641.3,592.26,78.574,151.4
1665.1,509.67,78.474,151.21
1654.6,430.63,78.65,151.54
1719.5,441.33,78.979,152.18
1688.8,454.04,79.07,152.35
1768.4,470.16,78.736,151.71
1800.2,384.38,78.714,151.67
1794.5,296.63,78.872,151.97
1785,318.49,78.758,151.75
1770.6,295.59,79.346,152.89
1811.8,415.56,79.903,153.96
1808.6,425.79,80.189,154.51
1814.8,408.54,80.231,154.59
1814.2,434.95,80.534,155.17
1815.3,450.81,80.727,155.55
1816,456.13,80.902,155.88
1817.8,461.54,81.007,156.09
1821.5,464.57,81.023,156.12
1822.1,476.68,81.379,156.8
1823.5,483.35,81.674,157.37
1802.1,486.22,81.865,157.74
1826.7,498.51,82.308,158.59
1825.6,504.43,82.417,158.8
1831,511.71,82.584,159.13
1832.1,522.67,83.044,160.01
1831.5,537.68,83.662,161.2
1831.3,536.34,83.93,161.72
1833.9,544.34,84.133,162.11
1833.1,544.46,84.375,162.58
1832.2,553.68,84.468,162.76
1833.4,555.55,84.516,162.85
1835.9,566.87,84.978,163.74
1838.3,571.79,85.149,164.07
1842.9,581.34,84.864,163.52
1838.5,587.52,85.169,164.11
1844.1,594.86,85.324,164.4
1845.5,599.57,84.751,163.3
1845.4,608.51,85.017,163.81
1846.3,612.05,84.913,163.61
1845.2,616.55,84.681,163.17
1850.9,623.29,84.641,163.09
1851.1,632.78,85.042,163.86
1853.5,639.13,84.948,163.68
1856.6,639.7,84.574,162.96
1862.3,649.55,84.876,163.54
1858.8,657.52,84.929,163.64
1858.8,661.15,84.846,163.48
1864.2,667.63,84.805,163.4
1867.4,678.11,85.338,164.43
1867.1,682.9,85.872,165.46
1869.2,685.8,86.326,166.34
1867,690.51,86.119,165.94
1859.5,893.51,85.33,164.42
1858.3,892.72,84.79,163.38
1858.2,891.21,84.351,162.53
1858.1,889.37,84.138,162.12
1859,888.92,83.897,161.65
1858.6,885.93,83.912,161.68
1858.6,885.21,83.666,161.21
1857.6,881.72,83.133,160.18
1857.5,879.56,82.891,159.72
1857.7,878.06,82.651,159.26
1857,874.17,82.817,159.57
1857.2,872.58,83.299,160.5
1855.3,869.34,82.836,159.61
1855.5,867.82,82.797,159.54
1855,865.26,82.941,159.81
1854.7,862.49,83.06,160.04
1852.9,859.33,83.161,160.24
1852.1,856.3,83.143,160.2
1851.9,853.67,82.588,159.13
1850.4,850.88,82.637,159.23
1850.4,847.6,82.508,158.98
1849.7,845.27,82.486,158.94
1849.4,843.48,82.721,159.39
1847.2,840.14,82.695,159.34
1846.3,837.55,82.23,158.44
1845.4,835.25,82.142,158.27
1844.7,831.77,82.427,158.82
1844.2,830.21,82.273,158.53
1843,826.95,82.47,158.91
1842.2,823.98,82.946,159.82
1841.4,821.2,82.708,159.36
1839.6,817.06,82.385,158.74
1839.3,815.14,82.319,158.62
1838.6,812.77,82.423,158.82
1837.3,810,82.274,158.53
1836.3,807.14,82.224,158.43
1834.7,802.47,82.197,158.38
1833.3,799.12,82.25,158.48
1833.3,797.15,82.328,158.63
1832.2,794.17,82.745,159.44
1830,790.55,82.548,159.06
1828.7,787.97,82.419,158.81
1828.5,785.99,82.312,158.6
1828.2,783.51,82.385,158.74
1826.4,781.34,82.344,158.66
1825.6,778.48,82.511,158.99
1824,774.52,82.439,158.85
1823.7,772.26,82.595,159.15
1821.9,768.55,82.55,159.06
1820.7,765.68,82.517,159
1819.5,763.33,82.426,158.82
1819.3,761.36,82.384,158.74
1818.4,759.04,82.317,158.61
1818.2,756.57,82.214,158.41
1816.3,752.99,82.236,158.45
1816.5,750.8,82.477,158.92
1815.8,748.95,82.462,158.89
1815,745.8,82.379,158.73
1814,743.62,82.206,158.4
1812.1,740.12,82.263,158.51
1812.1,738.4,82.12,158.23
1810.4,736.08,81.729,157.48
1810.3,733.87,82.017,158.03
1808.6,730.92,81.915,157.84
1808.6,728.85,82.166,158.32
1807.1,725.84,82.302,158.58
1807.5,724.32,82.221,158.43
1805.7,721.46,82.387,158.75
1805.9,720.42,82.41,158.79
1805.3,718.95,82.457,158.88
1804.4,716.7,82.395,158.76
1804.2,715.4,82.155,158.3
1802.8,712.62,81.54,157.11
1802.4,709.67,81.712,157.44
1803,708.25,81.662,157.35
1802.1,705.59,81.602,157.23
1801.5,703.44,81.573,157.18
1800.9,702.24,81.275,156.6
1801.6,701.48,81.371,156.79
1801.2,699.78,81.47,156.98
1800.1,697.75,81.006,156.09
1800.2,696.02,80.777,155.64
1801.2,694.39,81.062,156.19
1800,692.69,80.946,155.97
1799.6,691.19,80.884,155.85
1799.8,689.71,80.552,155.21
1799.4,688.22,80.792,155.67
1800.4,687.38,81.11,156.29
1799.2,685.36,80.713,155.52
1800.1,685.01,80.7,155.5
1800.1,683.8,80.824,155.73
1800.5,682.68,80.859,155.8
1800.2,681.31,80.786,155.66
1800.6,679.92,80.928,155.93
1799.3,678.14,80.821,155.73
1800.4,677.78,80.916,155.91
1799.4,676.38,80.72,155.53
1800.6,675.79,80.83,155.75
1800.9,675.86,80.426,154.97
1800.3,674.22,80.126,154.39
1801.5,674.42,79.851,153.86
1801.4,672.93,79.394,152.98
1801.4,671.71,79.693,153.56
1802.2,671.7,80.1,154.34
1802.4,671.16,80.355,154.83
1801.8,670.27,79.776,153.71
1802.3,670.78,79.952,154.05
1802,668.47,80.177,154.49
1802.8,668.61,80.469,155.05
1801.8,667.43,80.489,155.09
1801.8,666.59,80.807,155.7
1803.6,667.31,80.544,155.2
1803.1,665.68,80.681,155.46
1804.2,665.98,80.802,155.69
1804.1,665.75,80.638,155.37
1804.4,665.81,80.604,155.31
1804.2,665.02,80.453,155.02
1804.2,664.71,80.589,155.28
1804,664.15,80.711,155.52
1805.7,664.8,80.762,155.61
1806,665.1,80.752,155.59
1805.9,664.72,80.633,155.37
1806,665.11,80.53,155.17
1805.4,664.03,80.614,155.33
1806.3,664.76,80.67,155.44
1806.2,664.84,80.762,155.61
1806.4,664.87,80.782,155.65
1806.3,664.73,80.92,155.92
1805.7,663.77,81.022,156.12
1805.8,663.85,80.721,155.54
1806.6,665.01,80.624,155.35
1806.6,665.39,80.61,155.32
1806.8,665.68,80.52,155.15
1805.9,664.28,80.472,155.06
1805.9,664.4,80.55,155.21
1805.6,664.61,80.588,155.28
1805.7,664.56,80.585,155.27
1805.3,664.78,80.524,155.16
1805.4,665.32,80.357,154.83
1805.4,665.9,80.208,154.55
1805.7,666.33,80.471,155.05
1805.5,666.57,79.784,153.73
1806,667.21,80.055,154.25
1804.9,666.7,79.998,154.14
1804.7,666.93,79.794,153.75
1804.7,667.45,79.55,153.28
1805.9,669.04,79.15,152.51
1805.4,669.44,79.744,153.65
1805.1,669.43,79.901,153.96
1803.6,669.43,80.068,154.28
1804.2,670.3,80.318,154.76
1803.8,669.81,80.609,155.32
1803.5,670.35,80.927,155.93
1802.3,670.85,80.663,155.42
1802.1,671.08,80.919,155.92
1801.5,671.25,80.794,155.68
1801.3,672.32,81.091,156.25
1800.4,672.99,80.22,154.57
1801,674.23,80.279,154.68
1800.4,674.85,80.555,155.22
1798.7,675.26,80.161,154.46
1799,676.08,80.196,154.52
1798.7,676.33,80.518,155.15
1797.1,676.28,80.37,154.86
1796.6,677.06,80.39,154.9
1795.7,677.5,80.849,155.78
1795.8,678.3,81.169,156.4
1794.8,678.82,81.853,157.72
1793.8,679.55,81.915,157.84
1793.3,679.75,81.858,157.73
1792.5,680.29,82.233,158.45
1790.2,680.69,81.737,157.49
1790.3,682.01,81.821,157.65
1789.6,682.38,82.08,158.15
1788.5,682.45,81.988,157.98
1787.5,683.29,82.098,158.19
1787.2,684.43,81.876,157.76
1787.3,685.93,81.775,157.57
1786.7,686.85,81.81,157.63
1785.9,687.39,82.149,158.29
1785.1,687.91,81.653,157.33
1784.2,689.12,81.867,157.74
1784.5,690.92,81.989,157.98
1783.2,691.17,81.803,157.62
1783.4,692.85,82.038,158.07
1782.3,693.55,81.613,157.25
1781.8,694.91,81.366,156.78
1781.3,696.38,81.643,157.31
1779.5,697.62,81.339,156.73
1778.7,700.92,81.552,157.14
1775.8,706.36,81.296,156.64
1775.3,715.92,80.643,155.39
1778.9,699.31,81.821,157.66
1777.1,701.16,81.92,157.85
1775.5,701.49,82.244,158.47
1776.9,702.97,82.719,159.39
1775.7,702.07,82.821,159.58
1775.2,703.02,82.58,159.12
1773.5,702.82,81.783,157.58
1773.8,704.79,82.389,158.75
1772.7,705.67,82.578,159.11
1771.5,705.22,82.092,158.18
1771.1,704.94,81.611,157.25
1770.6,705.38,81.238,156.53
1770.9,704.76,81.874,157.76
1770.2,704.94,81.836,157.68
1770.1,704.85,82.032,158.06
1768.5,704.9,81.402,156.85
1769.1,704.61,82.064,158.12
1767.7,705.12,81.264,156.58
1768.1,704.85,81.716,157.45
1767.1,704.64,81.804,157.62
1766.4,703.61,82.227,158.44
1764.9,702.43,82.216,158.42
1764.1,701.99,81.709,157.44
1764.6,701.48,82.192,158.37
1763.4,701.32,80.95,155.98
1762.8,701.09,80.302,154.73
1763.2,700.99,80.335,154.79
1761.8,699.92,80.154,154.44
1762.2,699.31,80.459,155.03
1761.2,697.82,80.019,154.18
1761.4,696.72,79.631,153.44
1761.3,694.94,80.775,155.64
1760,693.13,81.476,156.99
1758.6,691.28,81.25,156.56
1758.6,690.71,81.947,157.9
1758.2,690.09,81.578,157.19
1756.9,689.21,80.909,155.9
1755.9,687.89,80.731,155.56
1756.1,686.96,80.79,155.67
1755.7,685.21,81.039,156.15
1755.1,683.75,80.216,154.56
1754.9,682.21,80.543,155.19
1753,679.95,80.986,156.05
1752.5,679.24,80.238,154.6
1752.7,679.19,80.293,154.71
1751.9,677.31,80.348,154.82
1750,675.17,80.225,154.58
1750.5,673.75,80.382,154.88
1748.9,671.95,80.252,154.63
1749,670.27,80.339,154.8
1746.9,667.62,80.255,154.64
1747.2,666.43,80.238,154.6
1745.8,664.73,80.488,155.09
1743.9,662.74,80.474,155.06
1743.4,661.24,80.14,154.42
1743.4,659.85,80.179,154.49
1742.2,657.99,80.515,155.14
1740.4,655.07,80.506,155.12
1739.3,653.31,80.148,154.43
1739.3,651.8,80.229,154.59
1738.7,650.1,80.226,154.58
1737.2,648.21,80.333,154.79
1736,645.67,80.299,154.72
1735.6,644.11,80.596,155.29
1733.6,641.54,80.581,155.27
1732.8,639.91,80.314,154.75
1732.9,638.36,80.421,154.96
1731.3,636.01,80.17,154.47
1731.5,635.29,79.941,154.03
1729.4,632.17,80.226,154.58
1729.4,630.97,79.917,153.99
1727.7,628.36,80.081,154.3
1727.4,627.55,79.698,153.57
1727,625.29,79.83,153.82
1725.6,622.83,79.109,152.43
1725.4,621.29,79.283,152.76
1723,618.08,79.378,152.95
1722.8,616.4,79.019,152.26
1722.4,615.59,79.303,152.8
1720.9,613.35,78.81,151.85
1720,611.33,78.827,151.89
1718.5,609.49,78.947,152.12
1717.5,607.39,79.005,152.23
1717.8,606.74,78.767,151.77
1715.7,603.99,79.09,152.39
1715.5,603.12,78.754,151.75
1713.3,600.05,79.013,152.24
1713.5,599.53,78.545,151.34
1712.4,598.02,78.861,151.95
1710.5,595.64,78.807,151.85
1708.5,594.29,78.957,152.14
1707.9,594.04,78.136,150.55
1707.8,592.92,78.423,151.11
1705.6,590.38,78.632,151.51
1704.7,589.11,79.31,152.82
1702.8,587.16,78.932,152.09
1701.7,585.99,78.654,151.55
1701.3,585.26,79.072,152.36
1699.6,584.04,78.885,152
1698,582.28,78.639,151.52
1697.8,581.49,78.878,151.98
1695.4,579.43,78.922,152.07
1693.8,578.01,78.56,151.37
1693.9,577.35,78.768,151.77
1691.6,575.25,78.733,151.7
1690,574.38,78.61,151.47
1689.9,574.55,78.716,151.67
1687.8,573.08,78.64,151.53
1687.6,573.11,78.7,151.64
1686.4,571.89,78.847,151.92
1684.4,570.28,78.702,151.65
1683.3,569.67,78.528,151.31
1683.2,569.89,78.455,151.17
1681.5,568.88,78.383,151.03
1680.1,567.9,78.037,150.36
1679.7,568.61,77.908,150.12
1678.7,567.72,77.81,149.93
1676.6,566.22,77.562,149.45
1676.3,565.58,77.597,149.52
1675.2,564.69,77.974,150.24
1674.1,564.38,77.774,149.86
1671.9,562.96,77.306,148.96
1670.3,562.2,77.47,149.27
1670.3,562.24,77.469,149.27
1669.5,561.66,77.272,148.89
1667.8,560.65,77.292,148.93
1666.5,559.44,77.375,149.09
1666.5,559.71,77.334,149.01
1664.7,557.94,77.386,149.11
1664.5,557.9,77.508,149.34
1663.3,557.02,77.576,149.48
1662.6,556.38,77.441,149.22
1662.2,556.36,76.818,148.02
1661.3,555.66,76.825,148.03
1660.6,555.3,76.642,147.68
1658.8,553.73,76.696,147.78
1658.3,552.93,76.234,146.89
1657.4,552.49,76.048,146.53
1656.7,551.75,75.658,145.78
1656.1,551.72,75.394,145.27
1655.7,551.53,76.245,146.91
1654.6,550.86,75.353,145.19
1654.5,550.38,76.164,146.76
1653.3,549.86,75.868,146.19
1653.3,550.16,76.641,147.67
1651.6,549.58,76.388,147.19
1651.8,550.62,76.696,147.78
1649.9,550.32,76.149,146.73
1649.5,551.14,75.426,145.33
1650,552.14,76.309,147.03
1649.1,552.66,76.576,147.55
1647.9,552.33,76.213,146.85
1647.7,553.98,75.232,144.96
1648.3,554.14,75.692,145.84
1647.3,554.63,75.487,145.45
1646.9,555.55,75.253,145
1647.6,556.22,76.145,146.72
1646.8,557.68,75.278,145.05
1647.1,559.42,76.145,146.72
1645.8,559.77,75.771,146
1646.5,562.41,76.619,147.63
1645.3,563.28,75.922,146.29
1646.2,564.34,76.21,146.84
1645.2,565.39,76.328,147.07
1645.4,567.25,76.51,147.42
1645.5,568.41,76.568,147.53
1645,568.96,76.667,147.72
1644.7,570.87,76.642,147.68
1644.6,571.93,76.441,147.29
1646.1,575.53,76.32,147.05
1646.2,576.79,76.541,147.48
1645.9,577.08,76.073,146.58
1645.8,578.47,76.22,146.86
1646.9,580.7,76.409,147.23
1647.8,582.83,76.501,147.4
1648.7,585.38,76.135,146.7
1648.1,587.09,76.038,146.51
1648.5,587.89,75.922,146.29
1650.4,591.4,75.581,145.63
1650.1,592.31,76.017,146.47
1651.1,593.34,75.953,146.35
1652.8,596.63,75.592,145.65
1652.5,597.83,75.445,145.37
1653.5,599.93,75.337,145.16
1655.1,602.27,75.434,145.35
1656.2,604.14,75.295,145.08
1656.8,606.35,75.127,144.76
1656.9,608.63,74.435,143.42
1657.6,610.23,74.513,143.57
1658.4,612.45,74.357,143.27
1659.4,613.97,74.294,143.15
1660.7,616.77,74.34,143.24
1661.4,618.88,74.594,143.73
1661.1,619.45,74.884,144.29
1662.9,622.52,74.994,144.5
1663.1,623.69,74.661,143.86
1665,626.18,74.496,143.54
1664.6,627.1,74.438,143.43
1665.5,629.6,74.363,143.29
1666.5,630.31,74.41,143.38
1667.4,632.72,74.166,142.91
1668.7,635.86,74.231,143.03
1669.3,636.8,74.44,143.43
1669.6,638.38,74.248,143.06
1671.5,641.97,74.218,143
1672.6,643.34,74.1,142.78
1673.3,645.7,74.039,142.66
1672.9,646.28,73.825,142.25
1673.9,647.17,74.044,142.67
1674.2,649.43,73.644,141.9
1675.4,652.18,73.897,142.39
1675,652.61,73.82,142.24
1675.8,654.68,73.849,142.29
1676.4,656.86,73.861,142.32
1677.1,658.18,74.08,142.74
1678,660.47,73.687,141.98
1678.9,663.06,73.944,142.48
1678.4,663.18,73.797,142.19
1680,666.15,74.154,142.88
1681.2,668.25,73.849,142.29
1680.5,668.88,73.289,141.22
1681.4,671.28,73.253,141.15
1682.7,674.17,73.716,142.04
1682.9,675.46,73.721,142.05
1683.6,676.67,73.873,142.34
1683.2,678.23,73.512,141.64
1683.8,679.35,73.432,141.49
1684.6,681.28,73.289,141.22
1685.2,683.08,73.32,141.27
1686,684.79,73.061,140.78
1687,687.26,73.235,141.11
1687.9,689.24,73.26,141.16
1688.8,690.91,73.076,140.8
1689.1,693,73.218,141.08
1689.9,694.76,73.333,141.3
1689.5,695.43,72.716,140.11
1690.9,698.07,73.201,141.05
1691.1,700.21,73.404,141.44
1690.9,700.87,72.98,140.62
1691.8,703.35,72.586,139.86
1693,706.27,73.009,140.68
1693.7,707.21,73.253,141.15
1694.2,708.96,73.392,141.41
1693.6,710.35,73.033,140.72
1694.7,712.3,73.317,141.27
1694.3,713.74,72.932,140.53
1694.6,715.75,72.693,140.07
1695.7,717.87,73.115,140.88
1695.8,719.77,73.173,140.99
1696.4,722.04,73.199,141.04
1696.6,723.95,72.912,140.49
1695.5,724.64,72.43,139.56
1696.2,726.65,72.205,139.13
1696.1,728.11,72.053,138.83
1697.4,730.52,72.451,139.6
1697.7,732.19,72.45,139.6
1697.4,734.14,72.303,139.32
1696.1,733.91,72.387,139.48
1696.5,735.94,72.2,139.12
1696.8,738.17,72.163,139.05
1697.9,740.33,72.011,138.75
1696.9,741.17,72.266,139.24
1695.7,742.47,72.191,139.1
1695,743.02,72.183,139.08
1695.2,744.6,72.178,139.07
1694.6,746.91,72.006,138.74
1695,748.98,71.984,138.7
1695,751.13,71.996,138.72
1695,752.93,72.055,138.84
1694.1,753.57,71.969,138.67
1693.6,755.24,71.986,138.7
1693,756.98,72.191,139.1
1691.4,756.73,72.183,139.08
1691.1,758.58,71.996,138.72
1691.8,761.14,71.911,138.56
1691.4,762.37,72.009,138.75
1690.6,764.06,71.975,138.68
1690.5,766.05,71.945,138.63
1690.5,766.87,71.762,138.27
1688.5,766.95,71.777,138.3
1688.2,769,71.686,138.13
1687.5,769.41,71.698,138.15
1686.5,771.34,71.857,138.46
1685.8,773.69,71.685,138.12
1685.4,775.12,71.597,137.96
1685.4,778.26,71.721,138.19
1682.9,779.56,71.725,138.2
1682.5,778.68,71.537,137.84
1682.2,783.03,71.44,137.65
1681.9,783.99,71.466,137.7
1680.7,783.93,71.428,137.63
1679.5,784.8,71.455,137.68
1678.3,785.47,71.555,137.87
1676.5,785.17,71.593,137.95
1675.7,785.13,71.459,137.69
1674.6,784.84,71.187,137.16
1672.2,782.82,71.046,136.89
1671.8,782.6,71.182,137.16
1668.8,780.88,71.131,137.06
1667.6,778.7,71.049,136.9
1667.3,778.97,71.081,136.96
1665.9,777.36,71.185,137.16
1663.9,775.19,71.062,136.92
1663.6,775.2,70.825,136.47
1662,773.91,71.247,137.28
1660.2,771.31,70.907,136.63
1659.8,770.91,70.807,136.43
1657.8,768.6,70.347,135.55
1657.6,767.92,70.584,136
1655.3,765.53,70.629,136.09
1654.2,765.05,70.434,135.71
1654.3,764,70.407,135.66
1652.9,762.1,70.44,135.73
1651.2,760.71,70.223,135.31
1649.3,758.36,69.547,134.01
1648.2,757.07,68.915,132.79
1647.5,755.28,68.574,132.13
1646.2,753.61,68.693,132.36
1645.5,752.17,68.797,132.56
1644.3,750.24,69.183,133.3
1642.1,748.66,68.3,131.6
1642,746.81,69.336,133.6
1640.6,745.41,69.16,133.26
1639.2,742.78,68.633,132.24
1637.9,740.83,68.535,132.06
1636.8,739.23,68.211,131.43
1636.1,738.52,68.33,131.66
1634.2,736.43,68.453,131.9
1632,733.81,68.121,131.26
1631.9,733.15,68.388,131.77
1629.8,730.19,68.075,131.17
1628.5,728.54,67.772,130.59
1628.1,727.96,68.029,131.08
1626.1,724.34,67.807,130.65
1625.4,723.2,68.117,131.25
1624.1,721.25,68.013,131.05
1621.5,718.54,67.798,130.64
1620.7,717.64,67.874,130.78
1618.5,715.36,67.852,130.74
1617.9,713.26,67.53,130.12
1616.4,711.51,67.179,129.44
1616.1,710.6,67.303,129.68
1613.4,707.46,67.299,129.67
1612.1,705.64,67.337,129.75
1611,704.61,67.306,129.69
1609,702.06,67.117,129.32
1608.9,701.89,67.705,130.46
1607.4,700.06,67.431,129.93
1605.5,697.26,66.961,129.02
1604,696.24,66.562,128.25
1603.6,695.39,67.049,129.19
1601.7,692.35,67.642,130.33
1600,690.85,66.82,128.75
1598.1,688.69,66.805,128.72
1596.5,686.72,66.477,128.09
1596.1,686.27,66.557,128.24
1594.7,685.16,66.68,128.48
1592.9,682.57,66.731,128.58
1591.8,680.81,66.41,127.96
1590,678.79,66.041,127.25
1588.5,677.19,66.167,127.49
1587.4,675.5,66.022,127.21
1585.9,674.47,65.981,127.13
1584.8,672.58,65.865,126.91
1581.8,670.82,65.439,126.09
1581.9,670.55,65.668,126.53
1579.5,668.45,65.211,125.65
1578,666.73,65.273,125.77
1576.7,665.37,64.948,125.14
1576,663.7,65.431,126.07
1574.8,662.41,65.306,125.83
1572,661.38,64.392,124.07
1571.3,659.77,65.014,125.27
1569.8,658.73,64.976,125.2
1568,657.76,65.3,125.82
1566.1,655.86,64.566,124.41
1564.5,654.83,64.594,124.46
1563,654.2,64.215,123.73
1561.5,652.42,64.173,123.65
1559.9,651.86,64.291,123.88
1558.3,651.71,63.592,122.53
1556.9,650.11,63.892,123.11
1555.8,650.18,64.374,124.04
1554.3,649.72,64.663,124.59
1551.7,648.55,63.852,123.03
1551.2,648.88,63.943,123.21
1549.6,648.34,64.562,124.4
1548,648.17,64.325,123.94
1546.7,647.14,64.363,124.02
1545,647.44,64.187,123.68
1542.9,647.22,63.103,121.59
1541.2,646.9,62.306,120.05
1540.8,646.57,63.282,121.93
1539.6,646.5,63.778,122.89
1537.5,645.03,64.174,123.65
1534.8,644.54,63.593,122.53
1533.9,644.74,63.037,121.46
1532.2,643.88,62.995,121.38
1530.4,644,62.881,121.16
1529.3,644.82,63.378,122.12
1527.8,643.53,63.43,122.22
1525.9,643.36,63.434,122.23
1524.8,643.35,63.433,122.22
1522.8,642.64,63.676,122.69
1521,642.75,62.602,120.62
1519.6,642.26,62.531,120.49
1518.1,641.64,62.54,120.5
1515.9,642.42,62.167,119.79
1515.4,642.96,62.854,121.11
1513.6,641.86,62.917,121.23
1511.6,642.53,62.796,121
1510.2,643.05,62.92,121.24
1508.5,642.43,62.868,121.14
1506.9,642.77,62.692,120.8
1505.8,642.77,62.532,120.49
1503.4,642.4,61.985,119.43
1502,642.45,61.749,118.98
1501.2,643.68,62.091,119.64
1498.5,642.36,62.013,119.49
1497.6,642.7,61.7,118.89
1496.7,643.81,62.225,119.9
1494.7,643.29,62.335,120.11
1493.5,643.18,62.456,120.34
1491.5,642.92,62.157,119.77
1490.3,642.95,62.129,119.71
1488.9,643.61,62.088,119.63
1486.7,643.75,61.328,118.17
1485,643.92,61.165,117.85
1484.3,644.79,61.478,118.46
1482.5,644.28,61.217,117.95
1481.8,644.63,61.362,118.23
1479.3,644.95,61.096,117.72
1479.1,646.63,60.896,117.34
1477.1,645.26,60.622,116.81
1476.4,647.26,60.722,117
1474.8,647.74,60.58,116.73
1473.3,647.69,60.549,116.67
1472.5,648.13,60.141,115.88
1470.8,648.53,59.876,115.37
1469.7,648.55,60.229,116.05
1468.2,649.34,60.226,116.05
1466.8,650.51,60.13,115.86
1464.8,649.59,60.227,116.05
1464,651.03,60.126,115.85
1462.9,651.21,59.948,115.51
1461.8,651.42,59.885,115.39
1460.2,652.04,60.081,115.77
1459,652.16,59.964,115.54
1458.1,652.98,59.934,115.48
1456.5,653.3,60.437,116.45
1455.3,654.36,60.467,116.51
1454.4,654.27,60.194,115.98
1453.4,655.3,60.081,115.77
1451.9,656.12,59.824,115.27
1451.1,656.7,59.964,115.54
1450.5,656.93,60.202,116
1449.5,657.85,60.404,116.39
1447.8,658.49,60.221,116.04
1447.3,659.63,60.035,115.68
1446.3,660.17,59.859,115.34
1445.3,661.34,59.981,115.57
1445.4,662.3,59.824,115.27
1444.8,662.82,59.65,114.94
1444.3,664.28,59.67,114.97
1443.8,664.36,59.481,114.61
1442.9,665.1,59.491,114.63
1442.4,666.09,59.36,114.38
1442.7,667.55,59.131,113.94
1442,667.89,59.419,114.49
1441.5,669.4,59.371,114.4
1441.1,669.6,59.409,114.47
1441.2,671.18,59.34,114.34
1441.3,672.02,59.445,114.54
1440.9,672.48,59.536,114.72
1440.7,672.48,59.596,114.83
1440.6,674.16,59.695,115.02
1441.3,675.41,59.524,114.69
1441.2,676.24,59.288,114.24
1440.6,677.48,59.605,114.85
1441.3,678.22,59.638,114.91
1441.9,679.85,59.424,114.5
1441.4,680.76,59.617,114.87
1441.6,680.73,59.758,115.14
1441.5,681.69,59.907,115.43
1442.8,684.02,59.549,114.74
1442,683.6,59.457,114.56
1443.3,685.6,59.5,114.65
1443.8,687.01,59.203,114.07
1444.3,687.42,58.966,113.62
1444.7,688.43,58.863,113.42
1446.8,689.98,58.803,113.3
1446.7,690.93,58.573,112.86
1447,692.16,58.844,113.38
1446.7,693.41,59.335,114.33
1447.4,694.36,59.019,113.72
1448.2,695.58,58.541,112.8
1449.6,697.42,58.381,112.49
1449.1,698.09,58.007,111.77
1450.5,700.06,58.081,111.91
1451,700.98,57.985,111.73
1451.7,701.95,58.038,111.83
1452,703.57,58.141,112.03
1452.1,704.16,58.161,112.07
1453,705.76,58.114,111.98
1453.6,706.87,57.814,111.4
1455.1,709.5,57.855,111.48
1454.9,710.06,57.753,111.28
1456.1,711.63,58.05,111.85
1456.5,713.26,57.937,111.63
1456.5,713.97,57.447,110.69
1457.5,716.5,57.533,110.86
1457.9,718.1,57.231,110.27
1458.6,719.32,57.327,110.46
1458.9,720.58,56.847,109.54
1458.9,722.05,56.767,109.38
1460.1,722.92,56.424,108.72
1461.1,725.16,56.368,108.61
1461.3,726.09,56.644,109.14
1462.1,726.99,56.378,108.63
1462.3,728.92,56.136,108.17
1462.8,730.68,55.787,107.49
1462.8,731.76,56.173,108.24
1463.5,732.92,55.979,107.86
1463.2,733.69,56.134,108.16
1464.4,735.66,56.28,108.44
1464.3,735.97,56.078,108.05
1464.8,737.5,56.231,108.35
1464.7,738.63,55.817,107.55
1465.3,739.78,56.193,108.27
1465.8,741.56,55.875,107.66
1465.7,742.84,56.072,108.04
1465.5,743.61,56.077,108.05
1465.7,744.98,55.833,107.58
1466.3,746.61,55.649,107.23
1466.1,746.83,55.666,107.26
1466,748.04,55.648,107.22
1466.5,749.89,55.909,107.73
1466.2,750.87,55.924,107.76
1465.9,752.61,56.004,107.91
1465.4,752.97,55.835,107.59
1466.3,754.4,55.627,107.18
1466.2,755.91,55.649,107.23
1466.3,757.76,55.875,107.66
1466.7,758.81,55.657,107.24
1465.8,760.21,55.721,107.36
1465.9,761.38,55.297,106.55
1466.6,762.93,54.994,105.96
1466.3,764.19,55.025,106.02
1465.9,766.55,54.715,105.43
1466.1,766.79,55.08,106.13
1465.6,768.76,54.889,105.76
1464.5,769.96,54.624,105.25
1464.6,770.74,54.365,104.75
1464.6,772.66,54.287,104.6
1464.5,774.88,54.103,104.25
1464.2,776.01,53.777,103.62
1463.8,777.74,54.025,104.1
1464.8,779.24,54.033,104.11
1463.7,779.74,54.001,104.05
1463.7,782.05,53.886,103.83
1462.9,783.56,53.932,103.92
1463.3,785.17,53.927,103.91
1462,787.37,53.815,103.69
1461.7,788.7,53.808,103.68
1461,789.96,53.901,103.86
1461.4,792.16,53.898,103.85
1461.3,793.75,53.997,104.04
1461,795.16,53.74,103.55
1460.7,796.86,53.614,103.31
1459.7,798.8,53.275,102.65
1459.2,799.68,53.215,102.54
1458.5,802.2,53.217,102.54
1457.9,804.05,53.233,102.57
1457.6,805.13,53.265,102.63
1457.2,806.64,53.297,102.69
1456.9,809.04,53.402,102.9
1456.4,809.93,53.396,102.89
1456.1,812.5,53.27,102.64
1454.7,814.49,53.103,102.32
1455,816.04,53.11,102.33
1454.3,817.97,53.087,102.29
1453.3,820.08,53.129,102.37
1452.9,820.72,53.015,102.15
1452.3,822.66,52.465,101.09
1451,824.7,52.927,101.98
1450.6,826.44,52.848,101.83
1450.5,828.31,53.341,102.78
1449.3,830.03,53.038,102.19
1448.5,832.76,52.821,101.78
1448.4,834.61,53.278,102.66
1447.3,835.82,53.044,102.21
1446.7,838.15,52.751,101.64
1446.2,839.22,52.83,101.79
1446,841.74,52.992,102.11
1444.9,843.81,52.898,101.92
1444.5,845.67,53.046,102.21
1443.3,847.4,52.765,101.67
1442,849.33,52.43,101.02
1441.9,851.47,52.368,100.9
1441.5,854.02,52.341,100.85
1441,856.33,52.589,101.33
1440.6,857.65,52.6,101.35
1439.7,859.74,52.551,101.26
1439.1,861.71,52.83,101.79
1438.5,863.66,53.1,102.31
1437.9,866.12,52.82,101.77
1437.5,867.82,52.493,101.15
1436.6,869.15,51.737,99.688
1436.2,871.95,52.018,100.23
1435.5,874.26,51.725,99.665
1434.9,875.69,51.985,100.17
1433.8,876.96,51.703,99.623
1432.9,879.93,51.686,99.59
1432.2,881.74,51.987,100.17
1431.7,884.05,51.587,99.4
1431.3,886.79,51.285,98.816
1431.5,888.5,51.191,98.636
1431.2,889.52,51.382,99.005
1429.1,888.71,51.339,98.921
1428.8,886.2,51.069,98.401
1428.5,883.37,51.076,98.415
1427.8,880.08,50.758,97.801
1427.6,876.73,51.237,98.724
1426.9,873.18,51.325,98.895
1425.3,869.26,51.135,98.529
1424.8,866.22,50.871,98.02
1424.2,861.95,50.768,97.821
1423.2,858.76,50.896,98.067
1422.3,854.68,50.842,97.964
1421.7,851.7,50.587,97.472
1421.2,847.53,50.435,97.179
1419.8,844.75,50.799,97.881
1419.2,840.63,50.629,97.553
1418.7,837.34,50.482,97.271
1417.8,833.79,50.861,98
1416.6,830.08,50.463,97.233
1416.2,826.56,50.839,97.958
1414.9,823.26,50.438,97.186
1413.9,819.86,50.687,97.664
1413.5,816.27,50.613,97.523
1412.7,812.73,50.236,96.796
1411.7,809.3,49.998,96.337
1410.9,806.08,49.846,96.044
1410.3,803,49.982,96.307
1409.5,798.86,49.564,95.501
1408.7,796.15,49.663,95.692
1407.9,792.54,49.575,95.522
1406.9,789.41,49.543,95.46
1405.4,785.3,49.453,95.287
1404.4,781.17,49.946,96.237
1404,779.38,49.486,95.351
1402.1,775.17,49.325,95.042
1401.8,772.56,49.109,94.625
1400.7,768.92,49.123,94.652
1400.1,764.41,49.736,95.833
1398.6,760.88,49.74,95.84
1396.9,757.54,49.775,95.908
1395.8,755.73,49.084,94.577
1395.4,751.83,49.445,95.273
1393.8,748.58,49.161,94.725
1392.6,744.18,49.221,94.84
1390.9,741.16,49.376,95.14
1390.5,737.76,49.349,95.088
1389.4,734.82,49.631,95.63
1387.9,731.57,49.53,95.436
1385.6,729.05,49.143,94.691
1384.3,726.13,49.003,94.42
1383.5,722.62,49.063,94.537
1381.9,719.95,49.146,94.697
1380.5,716.17,48.912,94.245
1379.1,713.05,49.162,94.727
1377.7,710.25,49.134,94.673
1376.7,706.83,49.567,95.508
1374.8,704.48,49.243,94.883
1373.2,701.53,49.517,95.41
1371.9,697.98,49.661,95.688
1370.5,694.5,50.349,97.013
1368.8,691.28,49.766,95.891
1367.4,688.05,49.629,95.626
1365.8,685.99,49.604,95.577
1364.8,682.56,49.858,96.068
1363.1,680.48,49.656,95.68
1361.9,677.32,49.729,95.82
1359.8,674.66,49.349,95.087
1359.5,671.52,49.495,95.369
1357.4,668.8,49.171,94.745
1356.6,665.98,49.241,94.879
1355.4,662.66,49.37,95.129
1354.2,660.78,49.652,95.671
1352.7,657.54,49.978,96.299
1351.5,655.31,49.575,95.523
1350.8,653.28,49.367,95.122
1349.8,651.17,49.23,94.858
1348.1,647.49,49.144,94.691
1347,645.22,49.119,94.645
1347,642.95,49.286,94.965
1345.6,640.57,49.128,94.662
1345.1,638.13,49.199,94.797
1344.2,635,49.113,94.633
1344,633.36,49.256,94.909
1342.5,631.29,48.997,94.41
1342.2,629.28,48.991,94.397
1341.2,626.87,48.934,94.288
1341.1,624.82,48.835,94.098
1341.2,623.2,48.891,94.204
1340,621.19,48.608,93.66
1339.6,619.7,48.418,93.293
1338.7,617.48,48.359,93.179
1338.9,615.34,48.342,93.147
1338.3,613.46,48.232,92.934
1338.2,613.11,48.084,92.649
1338,609.7,47.974,92.437
1338.4,608.59,48.034,92.553
1338.5,607.17,48.236,92.942
1338.1,605.15,48.135,92.749
1338.2,602.72,48.318,93.101
1337.7,602.09,48.405,93.268
1337.4,599.24,48.502,93.456
1337.7,598.53,48.573,93.593
1337.8,597.59,48.515,93.481
1337.7,595.99,48.389,93.236
1337,594.16,48.333,93.129
1337.1,593.38,48.117,92.713
1337.3,592.04,48.198,92.869
1338.5,591.02,48.013,92.514
1339.1,589.85,47.992,92.472
1339.1,588.8,47.917,92.327
1339.8,587.02,47.895,92.286
1339.8,585.32,47.846,92.191
1340.2,585.05,47.94,92.372
1340.8,585.04,47.693,91.897
1341.7,584.18,47.499,91.522
1342.3,583.13,47.621,91.757
1342.7,581.77,47.763,92.032
1343.2,581.75,47.758,92.021
1343.3,579.85,48.061,92.606
1343.4,579.21,48.209,92.891
1344.7,579,48.021,92.528
1345.5,578.9,47.792,92.086
1345.8,578.28,47.551,91.622
1346,577.53,47.676,91.863
1347.6,577.13,47.65,91.813
1348.1,576.67,47.632,91.78
1348.3,575.2,47.931,92.355
1349.8,575.3,47.876,92.248
1350,574.37,47.866,92.23
1350.4,574.17,47.966,92.423
1352,574.8,47.916,92.326
1352.8,574.66,47.911,92.316
1353,573.76,48.035,92.555
1354.4,574.08,48.139,92.755
1354,572.61,48.831,94.088
1355.9,573.5,48.644,93.729
1355.8,572.83,48.628,93.697
1357.2,572.86,48.56,93.566
1358.8,573.28,48.424,93.305
1358.9,572.57,48.553,93.554
1360.5,573.06,48.383,93.225
1360.7,572.7,48.543,93.534
1362.4,573.33,48.419,93.295
1362.6,572.87,48.462,93.377
1364.6,573.86,48.399,93.258
1364.8,572.94,48.448,93.351
1365.8,573.52,48.322,93.108
1367.2,574.1,48.277,93.022
1369,574.76,48.219,92.909
1369.8,575.24,48.135,92.748
1370.6,574.49,48.129,92.736
1371.9,574.59,48.242,92.955
1373,575.54,48.334,93.132
1373.5,575.34,48.115,92.71
1374.8,576.02,48.234,92.939
1376.2,577.1,48.127,92.732
1376.2,576.92,48.023,92.533
1377.9,577.59,48.041,92.566
1378.9,578.12,48.134,92.745
1379.1,578.04,48.173,92.822
1380.4,578.65,48.151,92.778
1381,579.18,48.325,93.113
1382,579.95,48.397,93.253
1382.9,580.68,48.213,92.899
1383.9,581.86,48.321,93.106
1385.3,582.6,48.425,93.307
1385.3,582.71,48.327,93.118
1387.1,583.18,48.351,93.164
1388.3,583.77,48.303,93.072
1389.1,585.65,48.321,93.106
1390.2,586.27,48.357,93.176
1390.8,586.46,48.241,92.952
1392.2,587.9,48.251,92.971
1393.3,588.26,48.316,93.097
1394,589.56,48.33,93.123
1394.5,589.47,48.435,93.327
1395.4,590.29,48.436,93.327
1396.5,591.09,48.407,93.272
1397.5,591.56,48.603,93.649
1398.3,592.32,48.538,93.524
1400.1,594.19,48.473,93.399
1400.9,594.87,48.413,93.283
1401.1,595.83,48.353,93.169
1402.4,595.91,48.408,93.275
1403.2,597.67,48.417,93.291
1404.5,598.11,48.407,93.273
1404.9,599.2,48.519,93.487
1406.5,600.23,48.698,93.832
1407.2,601.11,48.74,93.914
1407.9,602.37,48.771,93.974
1408.9,603.92,48.947,94.312
1409.9,604.34,48.901,94.223
1410.2,604.63,48.885,94.194
1411.2,606.04,48.688,93.813
1412.4,606.88,48.575,93.595
1413.9,608.67,48.551,93.55
1414.5,609.74,48.412,93.281
1414.8,610.97,48.573,93.592
1415.5,612.71,48.956,94.33
1415.9,612.91,48.642,93.725
1416.9,614.36,48.537,93.522
1417.8,615.7,48.751,93.936
1419.2,616.45,48.616,93.675
1419.7,617.73,48.414,93.286
1420.1,618.77,48.346,93.154
1420.6,619.94,48.512,93.474
1421.8,621.41,48.429,93.314
1422.2,622.44,48.393,93.246
1422.9,623.57,48.294,93.054
1423.6,624.98,48.666,93.772
1423.7,626.12,48.725,93.886
1423.6,627.35,48.624,93.69
1424.8,628.63,48.521,93.492
1425.5,629.74,48.633,93.708
1425.4,631.44,48.548,93.544
1426.8,632.72,48.333,93.13
1426.7,634.23,48.406,93.27
1426.9,635.1,48.284,93.035
1427.8,636.75,48.462,93.377
1428,637.74,48.82,94.068
1428,639.25,49.217,94.833
1428,641.32,48.89,94.203
1428.5,642.21,49.187,94.774
1428.7,644.2,49.294,94.982
1429.9,645.78,49.182,94.765
1429.3,646.59,48.96,94.337
1429.8,648.62,48.884,94.191
1429.6,649.64,48.923,94.267
1429.5,651.35,49.049,94.509
1429.6,653.18,49.18,94.762
1429.3,654.67,49.042,94.495
1429.5,656.23,49.131,94.666
1429.8,658.42,48.829,94.085
1429.6,659.33,49.213,94.824
1429.3,660.92,49.216,94.832
1428.8,662.21,48.92,94.261
1428.7,663.04,49.068,94.546
1429,664.74,48.993,94.401
1428.5,665.58,48.975,94.366
1428.1,667.57,49.005,94.425
1428.5,669.19,49.017,94.448
1427.9,670.88,49.061,94.533
1427.7,672.23,49.427,95.237
1427,672.83,49.637,95.642
1426.5,674.3,49.756,95.871
1425.6,675.34,49.849,96.051
1425.6,677.46,50.098,96.531
1425.2,679.07,50.057,96.452
1423.9,680.4,49.823,96.001
1424.6,681.87,50.187,96.702
1424.3,682.87,50.145,96.62
1423.8,684.2,50.338,96.992
1423.3,685.34,50.456,97.219
1423.4,686.73,50.869,98.016
1422.1,687.69,50.897,98.069
1421.6,689.76,50.892,98.06
1421.3,691.27,50.741,97.769
1421.6,692.73,50.739,97.766
1421.1,693.92,50.941,98.154
1420.8,695.32,50.844,97.967
1419.9,695.62,50.802,97.887
1419.5,697.44,50.809,97.901
1419,698.11,50.963,98.196
1419.4,699.33,51.293,98.832
1419.3,700.34,51.509,99.249
1419.7,700.66,51.251,98.752
1419.1,702.31,51.261,98.771
1418.6,703.57,51.426,99.09
1418,703.95,51.199,98.651
1418.6,705.6,51.234,98.718
1418,706,51.432,99.101
1418.3,706.55,51.318,98.881
1417.3,707.15,51.352,98.947
1417.7,707.23,51.166,98.589
1417,708.97,51.091,98.443
1416.5,709.18,51.09,98.441
1416.5,709.75,51.148,98.553
1416.8,710.36,51.197,98.648
1416.2,711.86,51.303,98.852
1416.8,712.25,51.241,98.733
1416.4,712.94,51.305,98.855
1416.9,713.05,51.426,99.089
1415.9,713.54,51.258,98.765
1416.9,714.46,50.941,98.155
1416.5,714.22,50.914,98.103
1416.8,714.89,50.99,98.25
1416.4,714.87,51.007,98.281
1417,715.51,50.856,97.992
1416.3,714.55,50.913,98.101
1417,715.38,51.05,98.365
1416.2,714.86,50.936,98.146
1416.7,716.05,51.023,98.313
1416.5,715.69,50.965,98.201
1416.8,715.71,50.961,98.194
1416.8,715.75,51.069,98.402
1416.6,715.33,51.125,98.51
1416.6,715.51,50.908,98.092
1416.9,715.93,50.992,98.252
1417.1,716.26,50.862,98.003
1416.8,715.85,50.83,97.94
1418,715.72,50.323,96.965
1418,715.56,50.297,96.914
1418,715.52,50.597,97.492
1417.7,715.15,50.734,97.755
1418.7,715.43,50.794,97.872
1419,714.67,50.62,97.537
1418.7,714.4,51.017,98.302
1419.4,714.43,51.21,98.673
1419.8,714.37,51.286,98.818
1419.7,713.92,51.095,98.451
1419.8,713.69,50.568,97.436
1419.4,713.51,50.605,97.507
1419.7,712.83,50.779,97.843
1419.8,712.6,50.986,98.242
1420.1,712.19,51.242,98.735
1420,711.99,51.389,99.018
1419.5,711.03,51.422,99.082
1420,710.47,50.765,97.816
1420.8,710.43,50.738,97.764
1420.5,709.52,50.607,97.511
1420.7,708.39,50.392,97.097
1421,707.91,50.716,97.722
1421.1,707.18,50.583,97.465
1420.8,706.21,50.36,97.034
1420.7,705.64,50.267,96.855
1420.4,705.02,50.291,96.902
1420.2,704.07,50.356,97.028
1420.1,703.53,50.38,97.074
1420.2,702.85,50.674,97.641
1420,702.22,50.708,97.705
1420.5,701.46,50.75,97.787
1420.3,700.43,50.576,97.452
1419.2,699.4,50.304,96.926
1418.7,698.58,50.232,96.789
1418.5,697.61,50.198,96.724
1418.8,696.75,50.645,97.583
1418.2,696.01,50.778,97.841
1417.7,694.46,50.641,97.576
1417.5,694.17,50.791,97.865
1416.8,692.82,50.373,97.059
1416.7,692.58,50.41,97.131
1416.4,690.91,50.282,96.885
1415.8,689.94,50.141,96.613
1416.2,688.92,50.116,96.565
1415.6,688.08,50.148,96.626
1415.4,686.78,50.108,96.549
1414.5,686.26,49.963,96.271
1413.6,684.43,49.94,96.226
1413.6,683.52,49.979,96.301
1412.9,681.99,49.92,96.187
1412.6,681.88,49.88,96.11
1411.5,680.6,49.991,96.324
1410.2,678.96,49.681,95.728
1410.3,677.79,49.616,95.602
1410,677.15,49.689,95.743
1408.7,675.48,49.419,95.221
1408.5,674.53,49.311,95.014
1408.4,673.93,49.494,95.366
1407.3,671.76,49.523,95.422
1406.7,670.63,49.285,94.963
1406.1,670.07,49.17,94.742
1404.9,668.07,49.257,94.91
1403.5,665.11,50.221,96.766
1403.4,665.05,49.686,95.736
1401.8,663.56,49.597,95.565
1400.9,662.63,49.988,96.319
1399.5,661.19,49.379,95.146
1399.7,660.04,49.167,94.737
1398.5,658.7,49.1,94.607
1398.1,657.23,49.177,94.755
1396.5,655.34,49.265,94.925
1395.2,654.19,49.057,94.524
1394.6,653.05,49.286,94.965
1393.3,652.15,49.495,95.368
1391.9,650.32,49.473,95.327
1390.9,648.24,49.233,94.865
1389.7,646.99,49.438,95.259
1388.3,645.6,49.378,95.143
1387.9,644.81,49.44,95.262
1386.1,642.51,49.416,95.216
1385.7,641.07,49.159,94.72
1384.6,639.29,48.967,94.352
1384.2,637.82,48.991,94.398
1382.8,636.43,49.274,94.942
1381.7,634.66,49.725,95.812
1380.1,633.22,49.636,95.641
1379.4,631.74,49.471,95.322
1378.4,630.13,49.048,94.508
1377.7,629.08,49.026,94.465
1377.1,627.29,49.037,94.486
1375.5,626.18,49.045,94.502
1374.6,624.18,48.845,94.116
1373.4,622.6,49.12,94.645
1372.9,621.45,48.72,93.874
1371.2,619.6,48.625,93.693
1370.7,617.84,48.399,93.256
1369.3,616.64,48.27,93.007
1368.9,615.36,48.453,93.36
1367.5,613.18,48.399,93.257
1366.3,612.36,48.301,93.068
1365.8,610.67,48.856,94.138
1364.9,608.53,49.033,94.478
1364,607.77,48.977,94.371
1362.5,605.55,48.91,94.24
1361.3,603.64,48.974,94.364
1360.3,602.35,48.984,94.384
1359.3,601.07,48.777,93.985
1358.5,599.27,49.148,94.699
1356.9,597.32,49.182,94.764
1356.1,595.54,48.82,94.067
1355.8,594.4,48.796,94.021
1354.4,592.75,48.497,93.445
1353.1,591.5,48.648,93.737
1352.3,589.32,48.444,93.343
1350.9,587.93,48.079,92.64
1350.1,586.24,47.895,92.285
1349.7,584.64,47.674,91.859
1348.6,583.25,48.038,92.562
1347.6,581.31,48.064,92.611
1345.7,580.08,48.022,92.53
1345.5,578.5,47.95,92.391
1344.8,577.38,47.824,92.149
1343.5,575.12,47.712,91.934
1342.6,573.7,47.853,92.204
1341,571.47,48.084,92.649
1340.4,569.75,47.979,92.447
1339.9,568.5,47.505,91.533
1338.8,567.55,47.638,91.79
1337.6,564.63,47.722,91.953
1336.6,563.59,48.057,92.597
1335.8,561.26,47.637,91.788
1335.4,559.82,47.686,91.882
1335,558.99,47.737,91.982
1333.9,556.38,47.943,92.377
1333.2,554.42,48.095,92.672
1331.7,553.12,48.102,92.684
1331,551.39,48.052,92.588
1330.8,549.74,48.191,92.857
1329.9,548.97,48.141,92.759
1328.4,546.4,48.231,92.933
1328.6,544.81,48.211,92.895
1328.5,544.21,47.917,92.329
1328,542.25,47.953,92.398
1327.7,540.94,47.846,92.191
1326.5,538.07,48.053,92.591
1326.5,537.33,47.824,92.149
1325.9,536.1,47.491,91.508
1326.7,534.35,47.445,91.418
1326.4,533.05,47.187,90.922
1326.4,531.7,47.282,91.105
1325.6,529.3,47.115,90.783
1326.4,528.47,47.059,90.674
1325.6,526.4,46.822,90.217
1325.7,525.27,46.865,90.3
1326.4,522.71,47.023,90.606
1325.9,520.21,47.073,90.702
1325.4,519.49,47.442,91.413
1326.4,518.68,47.327,91.192
1325.8,516.85,47.345,91.227
1326.1,515.01,47.225,90.995
1327.3,514.64,46.777,90.131
1327.9,511.65,46.901,90.371
1328,511,46.843,90.258
1329,509.64,46.627,89.843
1328.7,507.55,46.778,90.133
1328.8,505.55,46.75,90.08
1329.3,504.19,46.724,90.03
1329.5,502.4,46.886,90.341
1331.4,501.64,46.822,90.217
1330.3,499.13,46.99,90.542
1332,497.79,46.976,90.516
1332.4,496.67,46.667,89.92
1333.6,495.55,46.735,90.051
1334.2,493.63,46.733,90.047
1334.7,492.19,46.492,89.582
1335.4,490.76,46.34,89.288
1336.4,490.16,46.183,88.988
1337,487.93,46.121,88.867
1337.8,487.34,46.208,89.035
1337.9,485.25,46.323,89.256
1339.7,484.48,46.236,89.089
1339.8,482.31,46.315,89.24
1341.2,481.84,46.268,89.151
1341.1,479.87,46.416,89.436
1342.4,478.98,46.445,89.492
1342.8,477.54,46.51,89.616
1343.2,476.36,46.597,89.784
1345.2,474.97,46.426,89.454
1344.8,473.39,46.455,89.512
1345.2,472.35,46.475,89.55
1346,471.49,46.562,89.717
1347.9,470.02,46.554,89.702
1347.7,467.95,46.621,89.832
1349.3,468.23,46.481,89.561
1349.5,465.39,46.677,89.939
1350.6,465.25,46.455,89.512
1350.8,463.36,46.5,89.598
1351.4,462.35,46.517,89.631
1352,461.41,46.478,89.556
1352.5,460.18,46.596,89.783
1353.9,459.5,46.537,89.669
1354.1,458.57,46.416,89.437
1355.3,458.32,46.122,88.869
1356,456.94,46.072,88.773
1356.9,456.45,45.76,88.172
1357.3,454.88,46.055,88.74
1358.5,453.64,45.961,88.558
1358,452.55,46.105,88.836
1359.1,451.49,46.198,89.015
1359.2,450.26,46.272,89.158
1359.7,449.06,46.23,89.078
1360.5,448.47,46.144,88.911
1361.6,447.91,46.02,88.674
1362.8,447.5,45.748,88.148
1363.1,446.02,45.681,88.02
1363.4,444.65,45.885,88.412
1364.3,443.63,45.918,88.477
1365,443.17,45.724,88.102
1365.2,442.31,45.984,88.602
1366,441.35,45.962,88.562
1367,440.7,45.825,88.298
1368.1,439.99,45.777,88.205
1368.7,439.64,45.724,88.102
1368.6,438.25,45.787,88.225
1369.7,437.85,45.934,88.507
1370.3,436.8,45.929,88.498
1371,436.13,45.938,88.514
1371.1,434.66,46.05,88.731
1372.3,435.17,45.987,88.608
1372.7,433.32,45.79,88.23
1373.7,433.61,45.667,87.993
1373.8,431.56,45.854,88.354
1376.1,431.53,45.729,88.112
1376,429.92,45.734,88.122
1376.5,429.39,45.941,88.52
1376.8,428.99,46.075,88.779
1378.8,428.51,46.111,88.848
1379.1,427.58,46.241,89.099
1379.1,426.93,46.187,88.995
1380.2,426.11,46.291,89.195
1382.1,425.7,46.316,89.243
1383.4,426.5,46.027,88.687
1384.3,425.29,46.103,88.833
1385.2,424.97,46.053,88.735
1386.3,424.51,45.893,88.429
1386.9,423.31,45.877,88.397
1388.1,423.02,45.93,88.499
1388.7,422.36,45.884,88.411
1390.1,421.78,45.993,88.622
1391.2,421.38,45.982,88.6
1392.4,421.53,45.951,88.539
1393.6,420.86,45.927,88.494
1394.8,421.01,45.9,88.441
1395.7,419.95,45.885,88.413
1396.5,419.35,45.897,88.436
1397.9,419.24,45.788,88.225
1400,419.3,45.546,87.759
1400.5,419.06,45.621,87.903
1401,418.22,45.691,88.04
1402,417.07,46.031,88.694
1404.3,417.75,45.783,88.216
1405.5,417.75,45.816,88.28
1406.7,417.07,45.863,88.37
1407.8,417.36,45.648,87.955
1408.7,416.13,45.723,88.101
1409.8,416.1,45.421,87.518
1411.1,415.22,45.585,87.835
1412.3,416.06,45.557,87.781
1414.1,416.38,45.567,87.8
1414.9,416.27,45.486,87.644
1415.7,415.93,45.386,87.451
1416.1,415.51,45.199,87.091
1417.9,416.02,45.078,86.858
1418.8,415.52,45.069,86.841
1419.9,415.11,44.957,86.624
1421.8,416.38,45.102,86.903
1422.3,415.49,45.215,87.121
1424.2,415.96,44.965,86.639
1425.2,415.9,45.009,86.725
1425.8,415.52,44.963,86.636
1426.8,415.74,44.986,86.68
1427.5,415.81,44.965,86.639
1427.8,416.05,45.065,86.833
1428.1,415.36,44.996,86.701
1429.4,415.65,44.919,86.551
1430.1,415.48,44.689,86.107
1431.6,415.69,44.82,86.361
1431.8,415.33,44.639,86.012
1433,414.87,44.574,85.886
1433,415.28,44.593,85.924
1433.8,414.95,44.626,85.986
1434.8,414.96,44.705,86.139
1435.6,415.88,44.818,86.356
1435.8,415.72,44.867,86.451
1436.6,415.58,44.885,86.486
1437.1,415.56,44.916,86.545
1437.4,415.77,44.933,86.578
1437.9,416.53,44.751,86.228
1438.9,416.53,44.777,86.279
1439,416.5,44.893,86.502
1439,415.63,44.771,86.266
1439.9,416.38,44.819,86.358
1439.7,416.15,44.612,85.959
1440.1,416.47,44.575,85.889
1440.3,416.64,44.499,85.742
1440.3,416.97,44.547,85.835
1440.4,416.82,44.611,85.959
1440.3,417.09,44.524,85.789
1440.8,417.61,44.442,85.633
1441.8,418.34,44.526,85.794
1442.2,417.39,44.425,85.599
1442.3,417.55,44.606,85.947
1441.7,417.86,44.547,85.834
1441.6,418,44.539,85.818
1441.7,418.14,44.447,85.642
1442.2,419.22,44.652,86.036
1442,418.66,44.458,85.663
1443,419.12,44.479,85.703
1442.7,419.56,44.241,85.245
1443.3,420.08,44.159,85.087
1443.1,420.14,44.238,85.239
1442.2,420.13,44.431,85.611
1442.6,420.7,44.176,85.119
1442.2,420.23,44.408,85.567
1442.1,420.57,44.356,85.466
1441.6,421.25,44.549,85.839
1441.5,421.48,44.606,85.949
1441.1,421.28,44.643,86.02
1441,420.79,44.776,86.275
1440.9,421.82,44.988,86.684
1441.3,421.61,45.672,88.003
1440.6,422.05,45.524,87.718
1440.5,422.65,45.46,87.593
1440,421.92,45.309,87.302
1440.4,422.89,45.434,87.544
1440.2,422.42,45.287,87.26
1439.6,422.84,45.44,87.556
1438.8,423.27,45.66,87.978
1438.9,423.41,45.684,88.024
1437.7,423.94,45.809,88.267
1437.9,424.37,45.929,88.498
1437.6,424.21,46.067,88.763
1438.5,425.12,45.472,87.617
1437.2,425.61,45.869,88.383
1436.8,425.23,46.206,89.03
1436.6,424.76,45.935,88.509
1436.5,425.66,45.783,88.216
1436.2,426.45,45.457,87.589
1435.5,426.88,45.578,87.821
1435.9,427.12,45.72,88.096
1434.9,427.37,45.916,88.472
1433.9,428.4,46.203,89.025
1433.6,428.27,46.129,88.883
1433.9,428.73,46.515,89.627
1433.3,429.53,46.464,89.528
1433.1,429.83,46.158,88.939
1432.9,430.25,46.379,89.365
1433.3,430.88,45.956,88.549
1433.4,431.18,45.589,87.843
1433.8,431.62,45.83,88.306
1432.6,431.94,46.519,89.633
1431.7,432.34,46.386,89.378
1431.8,432.64,46.584,89.759
1431.1,433.52,46.464,89.528
1430.4,433.8,46.56,89.713
1430.2,435.04,46.488,89.575
1430,435,46.642,89.872
1430.7,435.38,46.592,89.775
1430.8,435.46,46.843,90.259
1430.4,436.46,47.082,90.719
1429.9,436.28,46.803,90.182
1430,436.56,46.969,90.501
1430.2,437.36,46.768,90.114
1430.1,437.84,46.992,90.545
1429.7,438.43,47.092,90.739
1429.5,439.39,47.342,91.219
1429.7,438.94,47.37,91.273
1429.4,439.9,47.519,91.561
1429.2,440.53,47.721,91.95
1429.7,441.8,47.966,92.422
1429.4,442.41,48.107,92.694
1429.6,442.7,47.501,91.526
1429.9,443.61,47.722,91.952
1430.3,444.38,47.64,91.794
1430.2,444.67,47.111,90.775
1430.4,446.46,47.316,91.17
1430.3,447.08,47.139,90.83
1431,447.79,47.247,91.037
1430.2,448.52,47.317,91.172
1430.6,448.84,47.576,91.671
1430.6,449.73,47.564,91.648
1431.1,450.44,47.098,90.75
1431.9,451.54,47.001,90.563
1432.7,452.46,46.495,89.589
1432.5,453.4,46.448,89.496
1433.1,453.65,46.437,89.476
1432.9,455.12,45.888,88.418
1433.3,456.2,45.844,88.334
1433.3,456.69,46.543,89.68
1434,456.83,46.386,89.377
1434.7,458.42,46.382,89.37
1434.6,458.92,46.728,90.037
1434.3,459.17,46.417,89.438
1434.9,461.24,46.818,90.211
1435.5,461.29,46.675,89.935
1435.4,462.68,47.156,90.861
1436,463.07,47.635,91.784
1435.1,464.18,47.68,91.871
1435.7,464.65,47.957,92.405
1436.2,465.6,47.865,92.228
1436.3,466.13,47.674,91.86
1436.6,467.27,48.073,92.628
1436.4,468.04,48.093,92.668
1436.9,469.78,48.005,92.498
1438.2,470.56,48.073,92.628
1438.4,470.44,47.841,92.182
1438.3,472.32,47.751,92.008
1439.9,473.4,47.778,92.059
1440.2,474.46,47.64,91.795
1440.6,475.37,47.606,91.729
1440.4,476.86,47.536,91.595
1440.7,477.15,47.784,92.071
1441.2,478.7,47.889,92.274
1442,479.58,47.651,91.815
1442.9,480.81,47.928,92.349
1443,482.95,47.473,91.472
1443.9,484.43,47.378,91.29
1444.5,485.27,47.174,90.895
1445.5,487.45,46.828,90.23
1445.6,487.58,46.823,90.219
1445.7,488.09,46.861,90.293
1447.1,489.01,47.398,91.327
1447.5,490,47.166,90.881
1448.2,490.98,47.463,91.453
1449,491.81,47.888,92.272
1449.5,492.29,48.01,92.506
1449.8,495.56,47.715,91.938
1450.9,496.97,47.371,91.276
1451.3,497.17,47.561,91.641
1451.7,497.86,47.743,91.992
1452.4,498.64,47.739,91.985
1453.2,500.41,47.754,92.014
1453.8,502.52,47.744,91.995
1454.2,503.6,47.906,92.307
1454.3,503.83,47.829,92.158
1454.8,505.48,47.832,92.165
1455.5,506.68,47.81,92.121
1456,507.74,47.421,91.373
1457.1,509.41,47.459,91.446
1457.8,510.77,47.035,90.629
1458,511.6,46.752,90.084
1459.5,513.15,46.738,90.056
1459.6,514.41,46.601,89.792
1459.8,516.48,46.64,89.868
1460.2,517.54,46.893,90.354
1460.7,519.12,46.988,90.538
1460.5,519.62,46.761,90.101
1461.2,521.02,46.548,89.689
1461.9,522.16,46.24,89.097
1462,523.97,45.943,88.524
1462.5,525.21,46.215,89.048
1462.7,526.69,46.52,89.636
1463.4,528.24,46.485,89.569
1463.5,529.94,46.133,88.89
1464.7,531.24,46.187,88.995
1464.2,532.46,45.776,88.203
1465,534.45,45.88,88.403
1465,536.27,45.846,88.337
1465.5,537.7,46.101,88.83
1465.3,539.11,46.504,89.605
1465.6,539.73,46.076,88.781
1466.9,542.37,45.717,88.088
1465.9,543.4,45.81,88.269
1466,545.15,45.556,87.778
1465.9,547.07,45.396,87.471
1465.5,548.51,45.562,87.791
1465.6,550.32,45.622,87.906
1464.1,550.63,46.06,88.749
1464.7,552.81,46.107,88.841
1464.1,553.69,46.131,88.887
1464.2,555.67,46.316,89.243
1463.3,556.83,46.305,89.223
1462,558.38,46.491,89.581
1461.4,559.7,46.786,90.148
1460.5,560.43,47.096,90.747
1459.5,562.81,47.488,91.501
1458.7,564.29,47.945,92.382
1457.1,566.42,47.908,92.311
1456,566.48,47.813,92.128
1454.9,568.7,47.963,92.417
1453.8,571.45,48.005,92.498
1452.6,573.05,47.865,92.227
1450.3,574.73,47.794,92.09
1449.1,575.33,47.761,92.028
1448.2,577.66,47.942,92.377
1447.2,578.93,47.761,92.028
1445.1,580.94,47.86,92.218
1442.7,581.94,48.033,92.551
1441.3,584.89,48.2,92.873
1438.7,587.55,47.963,92.417
1437.2,589.73,47.838,92.175
1434.1,590.14,47.825,92.15
1432.7,591.94,47.834,92.169
1429.4,594.46,47.925,92.344
1427.9,595.88,48.146,92.77
1425.4,597.26,48.363,93.187
1422.8,600.05,48.151,92.778
1420.1,601.38,47.969,92.429
1418.8,603.54,48.076,92.635
1415.3,605.66,48.11,92.699
1413.3,607.34,48.168,92.811
1410.3,608.49,48.293,93.053
1408.2,611.89,48.378,93.216
1405.3,613.19,48.279,93.025
1403.4,615.96,48.199,92.871
1401,618.3,48.093,92.668
1397.5,620.09,48.226,92.922
1395.2,622.15,48.359,93.179
1392.6,624.15,48.385,93.23
1390,625.93,48.351,93.164
1386.9,628.15,48.349,93.161
1384.3,630.57,48.225,92.921
1382.4,633.29,48.032,92.55
1378.8,635.11,47.99,92.468
1375.7,636.83,48.063,92.61
1372.3,638.85,47.816,92.134
1369.4,641.77,47.751,92.008
1366.7,644.6,47.502,91.529
1363.2,646.57,47.275,91.091
1359.1,647.45,47.353,91.241
1355.8,650.13,47.15,90.849
1352.8,652.27,47.096,90.746
1348.7,655.24,46.699,89.981
1345.1,657.13,46.446,89.494
1341,659.13,46.21,89.04
1337.5,660.83,46.296,89.204
1333.6,662.86,46.386,89.378
1329.2,666,46.603,89.797
1324.9,667.15,46.371,89.349
1320.9,669.77,46.504,89.606
1316.2,671.69,46.285,89.184
1311.3,674.85,46.126,88.878
1307.3,676.76,46.102,88.83
1302.5,679.11,46.41,89.424
1297.6,680.81,46.534,89.663
1292.4,682.68,46.32,89.25
1287.4,684.88,46.293,89.199
1282.8,687.02,46.333,89.275
1278,689.14,46.457,89.515
1272.3,690.87,46.452,89.505
1266.8,692.89,46.745,90.069
1262,694.1,46.987,90.536
1257,696.03,47.022,90.604
1250.7,698.59,46.919,90.405
1246.1,701.18,47.133,90.817
1241,703.57,47.314,91.165
1235.2,704.57,47.495,91.516
1229.6,707.93,47.93,92.354
1224,709.46,48.115,92.71
1217.6,711.65,48.013,92.513
1211.9,714.14,47.939,92.371
1206,716.08,47.987,92.463
1200.5,716.84,48.061,92.605
1194.7,719.24,48.32,93.104
1188.7,721.09,48.498,93.448
1182.8,724.3,48.638,93.717
1176.2,725.55,48.3,93.066
1170.7,728.11,48.441,93.337
1164.2,728.07,48.688,93.813
1158.9,729.35,49.06,94.53
1152.6,732.22,49.423,95.23
1146,734.05,49.73,95.822
1139.6,735.55,50.075,96.486
1133.9,737.56,49.902,96.152
1128.3,739.57,50.123,96.579
1121.8,741.47,50.186,96.701
1115.4,743.13,50.053,96.444
1108.7,745.51,49.414,95.212
1102.4,745.37,49.585,95.542
1096.4,748.59,50.023,96.385
1089.6,750.45,49.453,95.288
1082.9,751.4,49.847,96.047
1077,752.85,50.344,97.004
1070.5,755.24,49.882,96.115
1064.6,756.06,50.426,97.162
1058,758.35,50.467,97.242
1051.4,758.33,50.923,98.12
1044.8,760.54,50.816,97.914
1037.4,761.97,50.371,97.056
1032,762.44,51.029,98.324
1025.2,764.37,50.505,97.314
1018.4,766.97,49.921,96.189
1012.1,769.01,50.171,96.671
1005.2,769.89,50.658,97.609
998.3,771.03,50.7,97.689
992.2,772.38,50.592,97.482
984.99,773.25,50.287,96.895
978.49,775.06,50.28,96.882
971.53,775.78,50.167,96.663
965.29,779.29,49.917,96.182
959.05,779.11,50.358,97.031
951.26,779.94,50.246,96.816
944.08,781.73,50.431,97.173
937.38,783.66,50.166,96.661
930.59,783.65,50.686,97.663
923.09,785.53,51.119,98.498
915.99,785.96,51.584,99.393
908.67,788.37,51.253,98.756
902.18,789.27,51.677,99.573
895.58,787.86,52.4,100.97
888.43,788.31,52.783,101.7
881.72,790.23,52.833,101.8
874.95,791.43,53.299,102.7
867.25,792.61,53.034,102.19
861.02,794.26,52.61,101.37
854.56,794.96,52.997,102.12
847.93,795.28,53.145,102.4
840.91,796.07,53.595,103.27
833.72,796.47,53.802,103.67
826.72,797.22,53.849,103.76
820.49,798.49,54.056,104.16
813.89,800.36,53.13,102.37
807.77,801.76,53.116,102.35
801.9,802.95,53.102,102.32
795.52,803.11,53.39,102.87
788.63,804.43,53.476,103.04
781.72,804,53.607,103.29
775.49,805.14,53.425,102.94
770.06,804.06,53.782,103.63
762.9,804.63,53.829,103.72
756.79,805.09,53.849,103.76
751.06,806.2,53.777,103.62
745.24,806.43,53.863,103.78
739.3,807,54.02,104.09
733.42,808.3,53.944,103.94
727.46,808.17,54.053,104.15
721.38,808.49,53.678,103.43
715.79,808.74,54.192,104.42
710.34,808.95,54.237,104.51
704.11,809.58,54.181,104.4
698.39,809.43,54.478,104.97
692.71,809.73,54.464,104.94
686.71,810.04,54.503,105.02
681.35,810.71,54.091,104.22
674.81,810.85,53.779,103.62
670.2,810.82,54.04,104.13
664.15,811.25,53.874,103.81
658.74,811.38,53.992,104.03
654.21,811.59,54.093,104.23
648.2,810.79,54.049,104.14
642.33,811.58,53.899,103.85
637.58,811.95,54.18,104.39
632.08,813.28,53.636,103.35
627.39,811.8,54.039,104.12
622.1,811.25,54.117,104.27
617.13,811.78,54.071,104.19
611.76,811.37,54.324,104.67
606.44,811.41,54.702,105.4
601.62,811.69,55.034,106.04
596.79,812.1,54.948,105.88
591.48,811.19,55.079,106.13
587.23,811.04,55.351,106.65
582.35,811.91,55.257,106.47
578.06,811.03,55.314,106.58
573.63,811.18,55.227,106.41
568.01,811.71,54.651,105.3
563.8,810.58,54.526,105.06
560.39,810.16,54.859,105.7
555.59,808.98,55.239,106.44
550.93,808.89,55.508,106.95
546.12,807.98,55.497,106.93
542.33,807.5,55.465,106.87
538.33,807.4,55.463,106.87
534.09,807.89,54.795,105.58
531.27,807,55.121,106.21
527.04,805.76,55.245,106.45
522.89,805.37,55.193,106.35
519.25,805.57,55.005,105.99
516.4,805.48,54.752,105.5
512.82,805.3,54.921,105.82
507.87,805.12,55.071,106.11
503.82,805.3,55.135,106.24
500.41,804.24,55.026,106.03
498.18,803.64,55.032,106.04
494.96,802.99,55.018,106.01
491.97,802.68,54.672,105.34
488.04,801.98,54.859,105.7
484.71,801.34,55.227,106.41
482.03,800.3,55.296,106.55
478.93,800.94,55.506,106.95
475.81,799.88,55.246,106.45
473.41,799.21,55.443,106.83
469.75,799.23,55.044,106.06
468.52,798.49,55.28,106.51
465.58,797.34,55.15,106.27
462.63,796.59,55.353,106.66
460.47,795.38,55.666,107.26
457.95,794.99,55.552,107.04
455.9,793.72,55.532,107
453.39,794.12,55.439,106.82
450.41,793.96,55.201,106.36
448.03,792.13,55.28,106.51
446.56,791.58,55.426,106.8
444.21,790.01,55.609,107.15
442.67,789.05,55.73,107.38
440.17,788.28,55.713,107.35
438.8,787.03,55.786,107.49
436.78,786.21,55.772,107.46
435.82,785.33,55.818,107.55
434.6,784.89,56.088,108.07
433.19,784.29,55.971,107.85
431.38,783.72,55.761,107.44
429.86,782.27,55.818,107.55
429.67,781.55,55.998,107.9
428.05,780.79,55.662,107.25
426.91,779.23,55.565,107.06
426.6,778.6,55.982,107.87
425.02,778.34,55.882,107.67
424.24,777.76,55.927,107.76
423.3,778.39,55.198,106.36
422.67,776.96,54.481,104.98
422.13,776.04,54.436,104.89
420.87,774.83,54.829,105.65
420.05,773.9,55.139,106.24
419.49,773.36,54.951,105.88
418.71,772.02,55.045,106.06
419.18,771.41,54.623,105.25
417.87,770.14,54.623,105.25
417.9,769.57,54.435,104.89
417.94,768.86,54.234,104.5
418.1,768.46,54.625,105.25
416.31,767.21,54.852,105.69
415.93,765.7,54.955,105.89
416.35,764.94,54.783,105.56
416.38,763.99,54.89,105.76
415.4,762.29,54.616,105.24
415.73,761.16,54.506,105.02
415.23,760.97,54.451,104.92
415.32,760.59,54.745,105.48
415.62,759.92,54.621,105.25
415.61,758.44,53.695,103.46
416.03,758.7,53.949,103.95
415.93,757.73,54.071,104.19
416.22,756.9,53.113,102.34
416.64,756.32,52.772,101.68
416.25,755.44,52.738,101.62
416.32,754.28,52.487,101.13
417.07,753.61,52.562,101.28
417.96,753.01,52.261,100.7
418.02,751.94,51.834,99.875
417.85,751.35,52.109,100.4
418.63,750.55,52.272,100.72
418.91,749.57,52.337,100.85
419.15,748.82,52.477,101.11
419.15,747.33,52.748,101.64
419.25,745.85,52.821,101.78
419.58,745.55,52.786,101.71
419.71,743.78,52.875,101.88
420.1,743.63,52.736,101.61
420.52,741.95,52.663,101.47
421.16,741.5,52.602,101.35
422.64,740.8,52.52,101.2
422.45,739.34,52.773,101.68
423.14,737.95,52.621,101.39
424.05,737.15,52.577,101.31
424.47,736.68,52.609,101.37
425.78,735.22,52.581,101.31
426.27,734.69,52.45,101.06
425.92,733.17,52.522,101.2
426.49,732.33,52.46,101.08
427.28,731.04,52.315,100.8
427.65,730.5,52.431,101.03
428.54,729.42,52.315,100.8
429.59,728.83,52.226,100.63
429.85,727.33,51.933,100.07
430.1,726.32,52.245,100.67
430.23,724.72,52.134,100.45
431.69,724.24,51.831,99.869
432.28,723.27,51.838,99.883
432.87,722.07,51.939,100.08
432.55,721.23,51.748,99.71
434.43,720.48,51.91,100.02
434.36,719.39,51.938,100.08
434.71,717.18,52.141,100.47
434.46,716.57,52.076,100.34
436.97,717,51.568,99.362
437.38,715.68,51.563,99.353
438.03,713.16,51.728,99.67
438.28,712.38,51.987,100.17
438.73,710.99,52.186,100.55
437.73,709.64,52.143,100.47
438.65,708.47,52.145,100.47
438.86,707.31,51.975,100.15
438.65,706.53,51.976,100.15
439.09,705.22,52.017,100.23
440.24,705.28,51.771,99.754
439.72,704.79,51.496,99.224
440.42,704.05,51.279,98.806
439.89,701.92,51.21,98.674
439.9,700.78,51.024,98.314
438.56,699.53,51.085,98.432
438.2,696.84,51.177,98.609
437.77,695.23,51.261,98.771
437.48,694.26,51.089,98.44
435.95,691.95,50.916,98.107
435.59,691.65,50.991,98.25
434.57,689.6,51.057,98.378
433.46,687.03,51.032,98.331
432.47,685.45,51.019,98.304
432.37,684.47,51.058,98.379
430.99,681.96,50.97,98.21
430.31,680.35,50.962,98.195
428.5,678.73,51.124,98.506
426.02,676.43,51.413,99.064
426.02,673.76,51.306,98.858
424.65,672.16,51.436,99.108
422.35,670.33,51.529,99.287
422.19,669.23,51.729,99.673
420.89,668.08,51.84,99.887
419.47,666.86,51.725,99.666
418.12,665.2,51.657,99.534
415.86,662.24,51.961,100.12
414.99,660.75,51.867,99.94
413.15,658.56,52.131,100.45
411.6,656.9,52.38,100.93
410.69,655.28,52.341,100.85
408.53,653.29,52.54,101.24
407.01,652.19,52.63,101.41
405.34,650.45,52.918,101.96
403.91,649.8,52.806,101.75
402.32,648.24,52.69,101.52
400.86,646.64,52.738,101.62
399.62,645.32,52.55,101.25
398.51,644.31,52.598,101.35
397.1,641.96,52.617,101.38
395.77,640.68,52.555,101.26
393.32,638.98,52.723,101.59
391.85,637.7,52.57,101.29
390.58,636.94,52.574,101.3
389.28,635.9,52.61,101.37
387.72,634.62,52.482,101.12
385.12,634.01,52.207,100.59
383.48,632.53,52.057,100.3
382.84,631.96,51.954,100.11
380.69,630.15,51.858,99.921
379.09,628.75,51.922,100.04
376.47,627.71,51.868,99.941
375.24,626.11,52.138,100.46
373.04,625.57,52.087,100.36
373.15,625.72,51.764,99.74
372.35,623.93,51.591,99.407
369.66,622.39,51.765,99.742
368.97,622.6,51.682,99.583
366.34,621.03,51.533,99.296
365.15,620.96,51.323,98.892
363.89,619.59,51.406,99.051
361.99,617.86,51.35,98.943
360.61,616.75,51.434,99.104
358.72,616.86,51.381,99.002
356.69,616.78,51.243,98.736
355.43,617.31,50.98,98.231
354.06,615.58,50.805,97.893
352.52,613.79,50.76,97.806
351.59,613.66,50.366,97.047
349.54,613.31,50.3,96.92
347.85,611.8,50.623,97.541
345.19,610.75,51.196,98.645
343.49,611.17,51.338,98.919
342.37,611.1,51.01,98.287
342.02,610.17,51.023,98.312
340.4,610.4,50.785,97.854
339.12,608.35,50.582,97.463
336.71,607.26,50.651,97.597
336.25,608.2,50.856,97.99
358.97,592.16,51.547,99.322
356.82,594.31,51.992,100.18
358.21,593.91,52.531,101.22
357.71,594.07,52.747,101.63
356.53,595.33,53.205,102.52
357.1,596.18,53.476,103.04
355.42,597.84,53.877,103.81
355.32,598.33,54.318,104.66
353.81,598.11,54.773,105.54
355.36,599.65,54.692,105.38
355.89,598.19,54.982,105.94
354.24,600.14,55.178,106.32
305.44,606.2,54.508,105.03
306.22,606.72,54.237,104.51
304.72,605.89,54.216,104.46
303.11,606.47,53.439,102.97
301.7,607.78,53.475,103.04
300.63,606.91,53.388,102.87
299.88,605.98,53.034,102.19
298,606.42,52.564,101.28
296.41,606.18,52.038,100.27
295.72,604.98,52.247,100.67
293.26,605.6,52.013,100.22
292.54,606.23,51.993,100.18
290.46,607.4,51.773,99.758
288.98,608.2,51.747,99.708
288.7,607.25,51.593,99.41
287.09,607.34,51.801,99.811
285.77,607.99,51.971,100.14
284.09,608.17,51.902,100.01
282.82,609.8,51.811,99.831
282.82,610.86,51.717,99.65
279.71,609.43,51.859,99.924
279.04,611.92,51.711,99.639
277.99,611.71,51.785,99.781
276.14,612.67,51.625,99.472
274.37,612.4,51.584,99.394
273.52,612.98,51.719,99.654
271.75,614.11,51.828,99.865
271.18,615.35,51.87,99.944
269.74,616.05,51.783,99.777
268.99,617.04,51.587,99.399
267.38,617.93,51.482,99.197
266.45,619.08,51.486,99.205
265.33,620.17,51.373,98.987
263.01,620.28,51.67,99.56
261.16,621.24,51.69,99.597
260.17,621.87,51.746,99.706
259.92,622.95,51.663,99.546
257.89,624.52,51.838,99.884
256.99,626.01,51.706,99.629
255.18,626.08,51.852,99.909
254.83,629.1,51.351,98.945
253.3,629.14,51.69,99.598
251.43,630.1,52.049,100.29
251.5,633.19,51.801,99.811
250.2,634.06,51.787,99.785
248.94,635.11,51.843,99.893
246.67,636.87,51.925,100.05
245.12,638.95,51.997,100.19
244.6,641.17,51.91,100.02
242.91,641.94,51.952,100.1
241.62,643.36,52.136,100.46
240.68,645.28,52.131,100.45
238.84,647.56,52.199,100.58
237.06,650.13,52.447,101.06
235.42,652.05,52.39,100.95
235.47,655.54,52.404,100.97
233.13,656.62,52.534,101.22
231.98,657.81,52.624,101.4
230.68,660.46,52.564,101.28
230,663.19,52.606,101.36
228.09,665.23,52.653,101.45
226.68,666.3,52.609,101.37
225.37,668.66,52.626,101.4
223.6,669.94,52.792,101.72
221.42,671.84,52.905,101.94
220.18,674.32,53.122,102.36
219.11,676.14,52.994,102.11
216.29,677.64,52.956,102.04
215.34,679.47,53.025,102.17
213.43,680.99,53.149,102.41
213.08,683.44,52.881,101.89
210.15,684.76,53.3,102.7
209.1,687.37,53.21,102.53
208.51,690.28,52.915,101.96
206.35,691.81,52.908,101.94
205.06,693.54,52.925,101.98
203.2,695.22,53.042,102.2
201.32,696.11,53.343,102.78
200.22,698.81,53.093,102.3
199.45,701.22,52.917,101.96
197.68,702.82,53.009,102.14
