803,159,49,32
803.08,158.72,49.015,32.01
802.6,158.24,49.36,32.235
802.71,158.44,49.455,32.297
801.95,157.8,49.761,32.497
802.08,158.28,49.55,32.359
801.28,157.47,50.31,32.856
801.58,157.51,50.403,32.916
800.95,156.77,50.674,33.093
801.38,157.11,50.288,32.841
801.18,156.88,50.502,32.981
800.61,156.31,50.502,32.981
800.22,155.85,50.753,33.145
800.52,155.93,50.685,33.1
800.3,155.87,50.729,33.129
800.32,155.72,50.546,33.01
799.9,155.07,50.835,33.198
800.08,154.96,50.967,33.284
799.89,154.78,50.292,32.844
800.18,154.99,50.558,33.017
799.59,154.39,50.462,32.955
799.52,154.09,50.436,32.938
799.71,154.07,50.35,32.881
800.19,154.41,50.343,32.877
800.07,154.19,50.587,33.037
799.88,153.81,50.11,32.725
799.59,153.48,50.082,32.707
799.83,153.46,49.854,32.558
800.09,153.52,50.133,32.74
800.15,153.31,50.331,32.869
799.94,153.05,50.213,32.792
800.18,153.02,50.196,32.781
800.25,152.86,50.1,32.718
799.61,152.18,50.27,32.83
800.2,152.32,50.4,32.914
799.51,151.64,50.6,33.045
799.65,151.62,50.388,32.907
799.67,151.43,50.498,32.978
799.57,151.08,50.625,33.061
800.03,151.57,50.533,33.001
799.45,151.1,50.709,33.116
800.05,151.26,50.714,33.119
800.26,151.1,50.611,33.052
800.41,150.93,50.384,32.904
800.76,150.25,50.268,32.828
800.75,150.7,50.193,32.779
800.83,150.67,50.18,32.771
801.12,150.71,50.153,32.753
800.93,150.57,50.478,32.965
799.7,149.74,51.413,33.576
800.11,149.67,51.116,33.382
800.97,150.09,50.943,33.269
800.53,149.5,50.807,33.18
800.67,149.78,51.048,33.337
800.57,149.14,50.995,33.303
800.92,149.19,50.969,33.286
801.11,149.17,50.983,33.295
801.33,149.17,50.985,33.297
801.21,149.1,50.794,33.172
801.27,149.27,51.094,33.368
801,148.75,50.964,33.283
801.29,148.85,50.63,33.064
801.55,148.83,50.952,33.275
801.62,148.71,50.834,33.198
802.19,149.07,50.975,33.289
801.92,148.35,51.038,33.331
801.38,148.38,51.21,33.443
801.92,148.61,51.171,33.418
802.38,148.83,51.064,33.348
801.81,148.17,51.376,33.552
801.97,147.71,51.398,33.566
802.01,147.72,51.625,33.714
802.31,148.15,51.76,33.802
802.72,148.01,51.935,33.917
802.54,147.5,51.876,33.878
802.52,147.53,51.854,33.864
802.77,147.56,51.963,33.935
802.78,147.74,51.674,33.747
803.45,148.19,51.826,33.845
803.38,148.25,51.906,33.898
803.14,147.71,51.971,33.94
803.38,147.68,51.89,33.887
803.05,147.45,52.109,34.03
804.09,148.5,51.726,33.78
804.02,148.47,51.797,33.827
804.07,148.55,51.908,33.899
803.65,147.9,51.884,33.884
803.82,147.94,51.991,33.953
804.14,148.23,51.963,33.935
804.04,148.42,51.95,33.926
804.23,148.5,51.933,33.915
804.38,148.86,52.019,33.971
804.44,148.83,51.947,33.924
804.36,148.94,52.052,33.993
805.02,149.54,51.568,33.677
804.78,149.65,51.781,33.816
805.42,150.35,51.879,33.88
805.3,150.22,51.555,33.669
805.3,150.55,51.351,33.535
806,151.44,51.023,33.321
806.01,151.37,50.805,33.179
806.59,152.05,50.729,33.129
806.38,151.9,50.974,33.289
806.24,151.88,51.002,33.307
806.26,152.2,50.595,33.042
806.39,152.25,50.778,33.161
806.72,152.84,51.044,33.335
806.76,152.9,50.911,33.248
806.75,153.07,51.039,33.332
806.93,153.54,50.901,33.241
807.1,153.73,51.075,33.355
807.28,154.02,50.855,33.212
807.47,154.7,51.395,33.564
807.28,154.08,51.5,33.632
807.02,154.49,51.65,33.731
807.43,154.99,52.129,34.044
808.02,155.24,52.148,34.056
808.5,155.83,51.761,33.803
808.92,155.93,51.459,33.606
808.48,155.95,51.439,33.593
808.44,155.85,51.834,33.851
809.42,156.61,52.009,33.965
809.18,156.53,51.944,33.923
809.22,156.82,52.004,33.962
809.1,157.02,52.158,34.063
810.13,157.9,51.875,33.878
809.97,157.62,51.823,33.843
811.14,158.67,51.601,33.699
811.29,158.64,51.716,33.774
811.53,159.01,51.718,33.775
812.18,159.41,51.653,33.732
812.84,159.73,51.471,33.613
811.86,159.59,51.847,33.86
811.97,159.81,52.116,34.035
812.95,160.88,52.011,33.967
812.72,160.49,52.131,34.045
815.64,161.47,52.023,33.974
814.12,161.55,51.999,33.959
814.04,161.73,52.15,34.057
814.39,162.52,52.22,34.103
816.97,162.74,51.977,33.944
815.41,162.58,52.162,34.065
816.04,163.42,52.302,34.156
817.2,163.48,52.143,34.052
817.83,163.91,52.088,34.017
818.07,163.65,52.032,33.98
819.04,164.19,51.845,33.858
819.85,165.18,51.677,33.748
820.16,165.59,51.992,33.954
820.1,165.32,52.284,34.145
821.28,166.4,52.257,34.127
822.14,166.87,52.393,34.216
822.54,167.45,52.333,34.177
823.7,168.86,52.15,34.057
824.9,169.38,51.955,33.93
825.23,169.49,52.061,33.999
825.79,170.02,51.978,33.945
826.97,170.72,52.15,34.057
828.84,171.47,51.611,33.705
829.81,172.23,51.678,33.749
830.85,172.37,51.501,33.633
831.48,172.3,51.615,33.708
833.34,173.18,51.295,33.499
834.08,173.43,50.917,33.252
834.65,173.33,51.429,33.586
835.31,173.51,51.546,33.663
836.34,174.07,51.557,33.67
837.62,174.42,51.37,33.547
838.41,174.79,51.476,33.617
840.18,175.41,51.042,33.333
841.49,176.15,50.577,33.03
842.55,176.87,50.919,33.253
844.54,178.1,50.269,32.829
846.29,178.93,50.078,32.704
846.9,179.38,50.215,32.794
848.79,180.26,49.925,32.604
849.95,180.73,49.839,32.548
850.92,180.81,49.808,32.528
851.43,180.48,50.089,32.711
852.78,179.85,49.728,32.475
854.65,181.05,49.517,32.338
856.18,181.53,48.926,31.951
857.58,181.74,48.717,31.815
859.73,182.99,48.292,31.537
861.6,183.45,48.077,31.397
862.97,183.22,48.139,31.438
863.55,186.83,47.897,31.279
866.64,184.94,47.77,31.196
868.32,185.49,47.697,31.149
870.38,186.51,47.45,30.987
872,186.72,47.315,30.9
873.55,187.87,47.301,30.89
875.97,188.87,46.97,30.675
876.61,189.04,47.158,30.797
879.05,190.4,46.818,30.575
879.93,191.78,46.687,30.489
881.25,192.1,46.717,30.509
883.36,193.12,46.341,30.263
885.35,193.96,45.923,29.99
886.26,194.24,45.634,29.802
887.53,195.58,45.212,29.526
890.26,197.45,43.879,28.656
892.2,198.52,43.357,28.315
895.05,199.11,43.419,28.355
897.1,200.72,43.07,28.127
897.92,200.3,42.822,27.965
900.54,202.53,42.42,27.703
902.34,203.57,42.24,27.585
905.05,204.47,41.746,27.263
906.57,204.54,42.15,27.527
907.31,204.41,41.053,26.81
910.64,204.25,40.618,26.526
892.49,204.22,40.844,26.674
914.41,205.62,40.705,26.583
914.32,205.08,40.217,26.264
918.05,206.4,40.282,26.307
917.81,206.17,39.745,25.956
921.22,205.79,39.845,26.021
923.2,206.1,40.709,26.586
923.69,206.63,39.994,26.119
925.88,207.55,39.834,26.014
929.23,210.04,39.974,26.106
930.15,209.99,39.997,26.12
931.41,210.7,39.706,25.93
933.51,212.43,39.448,25.762
936.69,213.77,39.236,25.624
938.55,214.2,39.06,25.509
939.92,214.71,38.662,25.248
941.41,214.65,38.675,25.257
944.51,217.51,38.674,25.256
946.19,220.27,38.39,25.071
952.11,214.77,38.833,25.361
954.61,215.91,39.111,25.542
948.35,214.21,38.719,25.286
969.82,209.93,38.38,25.065
970.85,196.82,38.579,25.195
947.17,216.98,38.607,25.213
950.15,218.9,38.691,25.268
946.98,219.35,38.172,24.929
959.6,218.66,38.356,25.049
959.26,221.77,38.595,25.205
958.55,223.11,38.1,24.881
948.98,220.42,38.043,24.844
958.73,226.31,37.392,24.42
976.3,211,37.231,24.314
970.98,234.94,37.386,24.415
953.1,208.1,37.607,24.56
961.45,193.98,37.54,24.516
948.22,176.88,37.639,24.58
947.83,176.43,37.525,24.506
948.61,177.08,37.519,24.502
954.94,134.69,37.112,24.236
947.88,137.2,37.337,24.383
937.81,139.17,37.467,24.468
944.55,136.56,37.559,24.528
930.45,142.98,37.297,24.357
929.18,143.7,37.954,24.786
934,143.42,38.004,24.819
941.05,140.93,38.299,25.012
955.05,134.73,38.219,24.959
958.51,124.52,38.024,24.832
961.9,127.67,37.858,24.723
972.76,116.15,37.986,24.807
973.45,140.44,37.947,24.782
980.32,140.43,37.787,24.677
977.51,124.13,37.613,24.564
979.07,145.43,37.654,24.59
972.71,139.04,37.846,24.715
967.36,150.67,37.329,24.378
966.25,154.21,37.15,24.261
962.58,154.64,37.151,24.262
953.54,157.17,37.195,24.29
974.8,152.04,37.081,24.216
980.29,153.18,36.806,24.037
982.52,154.06,36.539,23.862
984.48,154.22,36.504,23.839
986.35,143.9,36.702,23.969
998.09,154.44,36.644,23.931
997.23,155.18,36.678,23.953
1001.9,157.77,36.723,23.982
1008.6,147.44,37.048,24.195
983.37,162.15,37.132,24.249
1002.8,159.09,37.363,24.4
990.87,159.65,37.196,24.291
991.32,165,36.837,24.057
995.78,167.74,36.633,23.923
980.49,166.04,36.415,23.782
979.8,171.04,36.286,23.697
996.19,171.48,36.298,23.705
995.19,171.23,36.246,23.671
996.07,171.88,35.968,23.489
981.23,177.02,36.152,23.609
993.82,172.7,36.206,23.644
997.47,176.62,36.098,23.574
1004.1,176.16,36.401,23.772
999.62,177.43,36.397,23.769
993.92,177.4,36.492,23.831
1011.8,177.32,36.438,23.796
990.04,181.52,36.688,23.96
1005.3,180.07,36.816,24.043
983.7,184.35,36.834,24.055
980.14,187,36.816,24.043
973.82,198.69,36.85,24.065
969.3,192.43,36.523,23.852
943.77,198.28,37.109,24.235
945.23,200.35,37.147,24.259
959.69,200.17,37.267,24.337
967.91,197.59,37.325,24.376
968,200.92,37.212,24.302
959.61,205.08,36.977,24.149
957.03,206.66,37.082,24.217
959.45,206.02,37.16,24.268
961.24,207,37.31,24.366
962.04,209.33,37.516,24.5
938.72,206.35,37.693,24.616
939.43,195.59,37.767,24.664
942.43,197.57,37.821,24.699
911.62,179.65,38.077,24.867
908.89,181.16,37.948,24.782
912.13,181.69,37.801,24.686
911.49,182.75,37.831,24.706
915.04,183.58,37.707,24.625
914.8,186.5,37.555,24.526
912.08,183.14,37.724,24.636
915.05,185.71,37.566,24.533
905.23,186.56,37.472,24.472
890.26,155.58,37.505,24.493
888.19,150.92,37.235,24.317
887.71,152.41,36.959,24.136
874.78,157.03,36.833,24.054
884.29,166.33,36.155,23.612
890.81,166.93,35.977,23.495
891.33,160.84,35.885,23.435
894.1,169.13,35.457,23.156
894.78,168.75,35.249,23.02
897.85,171.32,35.14,22.949
892.6,171.59,34.992,22.852
893.1,172.32,35.001,22.858
896.18,175.35,34.85,22.759
896.44,167.97,34.744,22.69
894.82,170.03,34.704,22.664
871.61,170.36,34.784,22.716
870.25,182.2,35.074,22.905
880.8,173.76,35.054,22.892
895.59,170.83,34.729,22.68
897.35,183.29,34.15,22.302
897.15,184.23,34.226,22.351
891.68,189.84,33.866,22.117
896.21,187.41,33.777,22.059
900.08,189.29,33.376,21.797
898.53,190.53,32.888,21.478
898.15,189.68,32.999,21.55
903.76,189.44,33.179,21.668
903.79,188.98,33.507,21.882
892.32,196.72,33.345,21.776
898.28,197.25,33.489,21.87
884.58,203.9,33.534,21.9
895.51,194.44,33.374,21.795
895.96,191.21,33.419,21.825
900.81,202.65,32.909,21.491
892.15,192.68,32.986,21.542
883.64,199.54,33.203,21.684
877.24,204.95,33.133,21.638
878.41,213.52,33.295,21.743
875.15,215.94,33.133,21.638
873.18,214.32,33.111,21.624
878.15,204.16,33.207,21.686
894.73,210.5,33.151,21.65
896.68,205.34,33.237,21.706
896.62,213.71,33.436,21.836
896.02,209,33.445,21.841
897.97,210.05,33.352,21.781
906.27,205.47,33.332,21.768
899.36,215.12,33.13,21.636
896.28,212.39,33.058,21.589
895.72,215.71,33.072,21.598
893.73,218.99,33.089,21.609
897.83,219.06,32.944,21.514
897.43,223.41,33.114,21.625
880.68,214.04,33.118,21.628
886.14,212.85,33.56,21.917
893.66,220.29,33.545,21.907
893.74,217.93,33.404,21.815
890.66,229.25,33.55,21.91
894.5,230.54,33.23,21.701
894.39,234.34,33.163,21.658
871.91,242.5,32.99,21.544
871.94,244.04,32.856,21.457
875.33,245.46,32.657,21.327
866.46,248.93,32.668,21.334
861.73,231.08,32.722,21.369
860.58,230.11,32.762,21.396
865.99,248.59,32.853,21.455
865.77,248.32,32.713,21.364
880.12,244.14,32.392,21.154
866.53,232.89,32.316,21.104
868.28,230.62,32.273,21.076
871.11,230.2,32.265,21.071
856.26,237.64,32.304,21.096
864.41,243.04,32.301,21.094
874.45,237.96,32.383,21.148
883.32,249.18,32.37,21.14
881.45,254.07,32.337,21.118
877.34,258.38,32.024,20.914
871.35,257.53,31.8,20.767
876.28,256.38,31.884,20.822
875.42,259.75,31.77,20.747
873.06,260.41,31.653,20.671
870.3,244.9,31.803,20.769
861.86,245.22,31.875,20.816
883.06,254.23,31.992,20.893
880.32,258.9,32.235,21.051
872.09,263.95,32.092,20.958
876.38,255.34,32.304,21.097
862.43,265.23,32.417,21.17
868.5,262.23,32.126,20.98
873.74,258.84,32.379,21.145
876.76,259.17,32.352,21.128
868.56,263.05,32.236,21.052
854.97,262.1,32.336,21.118
852.19,260.45,32.596,21.287
851.94,272.81,32.357,21.131
847.14,275.09,32.443,21.187
847.2,261.9,32.739,21.381
847.22,262.01,32.763,21.396
844.44,269.33,32.619,21.302
844.19,280,32.608,21.295
835.49,283.64,32.535,21.248
818.8,282.71,32.596,21.287
818.74,285.4,32.693,21.351
815.04,286.05,32.613,21.298
825.64,281.17,32.642,21.317
828.58,288.63,32.864,21.462
811.9,285.38,32.834,21.442
802.55,265.66,32.662,21.33
829.7,266.11,32.745,21.385
831.37,283.71,32.7,21.355
829.76,286.27,32.714,21.364
827.49,286.63,32.552,21.259
811.94,286.24,32.507,21.229
819.5,291.06,32.621,21.303
820.23,290.83,32.577,21.275
829.52,285.06,32.784,21.41
831.04,282.5,32.761,21.395
819.62,291.98,32.76,21.395
813.71,294.73,32.75,21.388
811.36,273.31,32.891,21.48
826.76,280.04,32.976,21.535
825.56,280.58,33.063,21.592
821.52,284.33,32.974,21.534
807.96,276.04,33.005,21.554
819.93,282.2,32.743,21.383
813.35,293.36,32.354,21.129
817.79,286.09,32.397,21.158
811.71,296.62,32.43,21.179
826.73,315.19,32.313,21.102
839.76,324,32.607,21.294
821.13,321.64,32.722,21.37
814.23,329.48,32.921,21.499
814.24,328.63,32.917,21.497
813.75,329.62,32.903,21.488
815.05,333.4,32.858,21.458
811.88,322.62,32.834,21.442
811.96,330.55,32.964,21.528
809.79,328.22,33.044,21.58
808.21,329.82,32.883,21.475
804.93,330.82,32.812,21.428
802.67,330.82,32.892,21.48
804.47,338.84,33.127,21.634
801.69,331.52,33.377,21.797
801.28,334.1,33.212,21.69
795.66,335.96,33.07,21.597
799,330.79,33.281,21.734
797.82,330.18,33.533,21.899
795.62,328.77,33.566,21.92
790.31,337.44,33.784,22.063
796.74,331.05,33.737,22.032
791.01,333.12,33.793,22.069
786.25,331.13,34.092,22.264
784.14,331.28,34.195,22.331
782.44,337.61,34.329,22.419
773.47,328.37,33.927,22.157
783.04,330.59,33.969,22.184
780.69,335.32,34.25,22.367
783.8,334.06,34.547,22.562
767.58,329.71,34.36,22.439
779.39,337.19,34.435,22.488
777.18,337.4,34.548,22.562
773.21,338.68,34.423,22.48
772.76,340.62,34.72,22.674
773.48,336.72,34.74,22.687
770.95,349.37,34.713,22.67
770.7,346.38,34.583,22.585
781.48,345.25,34.627,22.614
777.42,342.83,34.731,22.682
783.01,343.23,34.807,22.731
765.5,333.22,34.746,22.691
766.33,341.92,34.719,22.674
763.96,338.96,35.02,22.87
763.48,336.36,34.95,22.825
762.66,344.59,34.896,22.789
762.53,341.45,34.847,22.757
748.34,335.98,34.808,22.732
757.49,347.02,34.847,22.757
760.72,344.7,35.188,22.98
755.96,347.62,34.967,22.835
752.97,346.04,35.241,23.014
748.82,346.96,35.375,23.102
751.66,344.36,35.556,23.22
749.01,345.76,35.528,23.202
747.99,344.49,35.669,23.294
748.4,346.51,35.597,23.247
749.57,345.84,35.725,23.331
746.77,344.09,35.747,23.345
744.62,348.93,35.811,23.387
746.43,346.8,35.854,23.415
744.82,349.13,35.938,23.47
742.29,350.6,35.924,23.461
745.97,347.65,35.773,23.362
741.49,351.48,35.957,23.482
743.29,350.37,36,23.51
740.14,354.02,35.879,23.431
741,352.65,35.779,23.366
738.75,354.95,35.836,23.403
736.11,357.86,35.813,23.388
734.97,358.33,35.792,23.374
737.67,354.21,35.707,23.319
737.51,356.47,35.397,23.117
731.95,355.86,35.437,23.143
736.33,359.4,35.37,23.099
731.2,356.43,35.558,23.222
731.09,362.1,35.428,23.137
731.95,360.74,35.391,23.112
729.75,361.88,35.373,23.101
728.19,361.69,35.687,23.306
730.92,362.52,35.663,23.29
727.85,361.29,35.737,23.338
729.58,363.85,35.61,23.255
727.18,363.99,35.676,23.298
727.86,363.2,35.784,23.369
728.54,366.07,35.632,23.27
728.33,366.57,35.567,23.228
724.19,367.49,35.899,23.445
723.48,368.76,36.037,23.534
727.7,371.61,35.819,23.392
727.8,365.37,35.621,23.263
725.12,369.24,35.863,23.421
720.16,371.34,36.049,23.542
720.41,372.22,36.106,23.579
719.47,372.52,36.33,23.726
720.88,373.84,36.322,23.72
718.56,373.93,36.463,23.812
719.36,374.35,36.318,23.718
718.82,376.07,36.211,23.648
717.46,375.17,36.216,23.651
717.42,377.86,36.418,23.783
717.15,377.27,36.398,23.77
716.11,379.92,36.261,23.681
714.26,380.87,36.47,23.817
715.55,381.16,36.322,23.72
714.95,380.74,36.51,23.843
714.75,382.21,36.734,23.989
713.89,383.08,36.908,24.103
714.06,384.62,37.008,24.169
713.81,385.16,37.062,24.204
714.7,385.85,37.117,24.24
714.93,386.78,37.107,24.233
712.07,388.76,37.076,24.213
710.17,388.95,36.989,24.156
709.7,391.47,37.01,24.17
713.61,389.16,36.829,24.051
712.25,391.91,36.914,24.107
709.4,394.25,36.909,24.104
711.83,393.18,36.924,24.113
706.97,394.71,36.918,24.11
707.39,396.3,37.187,24.285
707.89,396.27,36.937,24.122
710.33,396.84,37.114,24.238
709.13,397.34,37.057,24.2
708.13,399.2,37.125,24.245
706.57,400.22,37.116,24.239
706.15,401.41,37.25,24.327
705.25,403.23,37.423,24.439
704.97,403.29,37.503,24.492
703.27,403.53,37.454,24.46
705.73,405.22,37.558,24.528
703.59,405.58,37.626,24.572
705.76,406.65,37.56,24.529
705.94,408.37,37.377,24.41
704.65,410.46,37.288,24.351
705.01,412.31,37.451,24.458
703.31,409.38,37.087,24.22
703.1,411.97,37.161,24.268
705.71,412.51,37.407,24.429
703.68,414.68,37.271,24.34
703.36,415.27,37.384,24.414
704.15,417.64,37.297,24.357
704.62,419.72,37.378,24.41
702.26,419.69,37.56,24.529
703.22,419.12,37.809,24.692
701.94,421.72,37.676,24.605
702.68,421.29,38.005,24.82
701.07,422.39,38.221,24.961
701.33,425.34,38.387,25.069
701.77,426.92,38.273,24.995
702.26,425.7,38.288,25.004
700.15,427.92,38.461,25.117
700.92,430.82,38.481,25.13
701.1,431.28,38.401,25.078
700.66,431.98,38.296,25.01
700.8,433.33,38.218,24.959
700.88,432.94,38.151,24.915
699.91,434.91,38.443,25.106
700.72,436.28,38.385,25.068
701.39,436.92,38.31,25.018
698.85,438.2,38.514,25.152
700.93,440.92,38.101,24.882
700.37,439.57,38.109,24.887
700.44,443.15,37.975,24.8
701.07,445.34,37.928,24.769
700.88,444.1,38.117,24.893
699.93,446.28,38.351,25.046
698.76,446.02,38.236,24.97
698.96,448.25,38.289,25.005
698.13,449.92,38.283,25.001
693.87,448.14,38.201,24.948
697.36,451.38,38.287,25.004
703.71,454.17,38.278,24.998
699.21,453.93,38.414,25.086
698.04,456.18,38.633,25.23
698.92,456.62,38.533,25.164
699.46,461.05,38.305,25.015
699.23,461.22,38.207,24.951
700.08,463.2,37.938,24.776
700.27,465.92,37.611,24.562
700.8,465.05,37.586,24.546
699.08,467.22,37.54,24.516
697.63,468.02,37.893,24.746
699.03,469.03,38.01,24.823
699.23,471.05,37.811,24.693
699.47,471.77,37.678,24.606
699.51,473.38,37.507,24.494
700.08,474.46,37.29,24.352
697.67,475.19,37.251,24.327
699.49,478.44,37.561,24.53
698.93,478.49,37.69,24.614
701.78,481.06,37.661,24.595
697.78,483.59,37.813,24.694
700.26,483.52,37.796,24.683
698.79,484.68,37.984,24.806
701.43,489.25,37.853,24.72
700.83,488.32,37.987,24.808
698.75,490.3,38.007,24.821
700.48,490.52,37.931,24.771
699.44,494.33,37.917,24.762
699.59,493.08,38.018,24.828
697.49,494.73,37.944,24.78
701.26,500.23,37.655,24.591
702.37,502.08,37.521,24.504
700.01,499.97,37.088,24.221
699.88,503.4,37.247,24.325
700.74,507.4,37.258,24.331
701.37,507.36,37.241,24.321
700.37,508.38,37.303,24.361
703.13,512.42,37.263,24.335
701.51,507.46,37.157,24.266
701.67,512.12,37.152,24.262
702.9,519.4,36.868,24.077
702.61,513.57,37.03,24.183
702.01,520.19,37.211,24.301
703.28,522.41,37.112,24.237
700.73,523.02,37.286,24.35
702.91,525,37.207,24.298
702.24,527.84,37.312,24.367
702.06,528.11,37.531,24.51
703.08,529.64,37.782,24.674
701.46,530.76,38.319,25.024
703.19,532.88,38.508,25.148
702.31,533.05,38.306,25.016
702.56,533.98,38.496,25.14
702.16,536.95,38.48,25.13
705.41,540.62,38.423,25.092
703.85,536.25,38.548,25.175
704.47,543.45,38.439,25.103
705.42,545.31,38.753,25.308
705.28,544.44,39.11,25.541
704.04,548.41,39.234,25.622
705.21,553.25,39.193,25.595
703.78,550.7,39.53,25.815
704.93,551.91,39.622,25.876
705.98,556.94,39.734,25.949
705.05,556.75,39.866,26.035
705.11,557.5,39.908,26.062
705.23,561.17,39.968,26.102
703.19,563.55,39.906,26.061
704.91,560.62,39.877,26.042
705.75,570.91,39.846,26.022
707.12,571.62,39.649,25.893
707.61,573.59,39.689,25.919
706.87,574.07,39.98,26.109
706.24,575.26,40.329,26.337
703.9,574.94,40.653,26.549
706.6,578.43,40.729,26.598
705.92,579.83,40.629,26.533
708.78,585.31,40.721,26.594
708.82,588.75,40.506,26.453
708.72,587.95,40.491,26.443
709.09,590.27,40.462,26.424
710.07,591.85,40.48,26.436
709.84,592.94,40.373,26.366
709.68,597.37,40.412,26.391
710.59,599.16,40.484,26.439
710.93,599.42,40.553,26.483
709.11,602.47,40.488,26.441
707.09,598.83,40.899,26.71
713.12,606.3,40.811,26.652
711.71,610.37,41.373,27.019
713.6,609.26,41.482,27.09
712.99,610.93,41.8,27.298
713.35,611.32,41.965,27.406
713.62,613.01,42.041,27.455
712.51,615.64,41.978,27.414
712.35,617.24,42.223,27.574
715.22,620.86,42.432,27.71
713.25,620.95,42.333,27.646
714.01,624.56,42.547,27.786
712.14,623.64,42.819,27.964
715.01,623.36,42.726,27.902
715.68,629.63,42.824,27.967
716.93,636.29,42.609,27.826
714.06,627.73,42.519,27.768
716.29,638.05,42.506,27.759
717.01,638.24,42.604,27.823
717.29,639.85,42.685,27.876
717.81,642.15,42.645,27.85
722.85,648.86,42.608,27.826
719.64,649.08,42.525,27.771
721.34,650.97,42.441,27.716
720.05,657.41,41.918,27.375
720.45,655.88,42.022,27.443
720.7,658.4,42.282,27.613
719.47,657.57,42.405,27.693
720.37,663.49,42.599,27.82
721.11,665.85,42.49,27.748
722.51,667.09,42.435,27.712
721.14,668.12,42.538,27.78
722.01,669.27,42.48,27.742
722.23,672.8,42.696,27.883
723.5,672.94,42.801,27.952
722.97,676.55,42.867,27.995
723.3,683.53,42.706,27.89
724.71,682.7,42.933,28.038
724.48,683,42.976,28.066
724.17,687.36,43.029,28.101
724.38,686.73,43.161,28.187
727.79,691.9,43.425,28.359
730.22,696.47,43.417,28.354
727.32,695.15,43.386,28.334
729.28,697.32,43.189,28.205
727.02,698.75,43.577,28.458
725.15,698.77,43.657,28.511
725.04,702.17,44.001,28.735
730.45,709.51,43.495,28.405
729.59,712.68,43.317,28.289
729.8,712.26,43.517,28.42
729.41,715.67,43.716,28.549
730.31,716.46,43.651,28.507
730.76,720.34,43.588,28.466
732.36,720.16,43.281,28.265
728.28,719.51,43.558,28.446
732.87,721.55,43.863,28.645
734.87,728.4,43.594,28.47
733.43,731.1,43.725,28.555
735.84,733.96,43.814,28.614
734.38,734.2,43.95,28.702
736.15,737.68,44.37,28.976
734.5,738.83,44.973,29.37
734.81,742.54,45.016,29.398
738.99,745.09,44.667,29.171
735.6,747.1,44.909,29.329
736.71,751.22,44.942,29.35
736.41,753.08,45.249,29.551
738.69,754.69,45.417,29.66
737.87,757.3,45.507,29.719
741.46,758.86,45.53,29.734
738.37,759.78,45.242,29.546
744.42,766.27,45.064,29.43
740.87,766.24,44.915,29.332
741,769.94,44.974,29.37
741.19,773.11,45.208,29.523
741.14,776.79,45.091,29.447
742.37,776.24,45.239,29.544
741.98,776.8,45.373,29.631
744.14,780.12,45.666,29.822
744.68,782.88,45.517,29.726
743.16,789.18,45.736,29.868
746.1,791.5,45.978,30.027
745.79,792.07,46.295,30.234
745.97,796.11,46.253,30.206
744.72,794.36,46.481,30.355
744.77,799.41,46.855,30.599
746.4,804.83,46.86,30.603
748.68,804.85,46.886,30.62
747.6,805.92,47.024,30.71
749.67,810.13,47.128,30.777
748.91,811.83,47.503,31.022
748.33,812.6,47.758,31.189
750.04,815.88,47.651,31.119
751.7,819.43,47.621,31.1
750.46,820.28,47.705,31.154
753.98,828.39,47.616,31.096
753.76,829.85,47.406,30.959
754.04,831.3,47.374,30.938
754.4,834.86,47.198,30.823
752.73,834.08,47.603,31.088
755.27,837.55,47.484,31.01
753.36,839.79,47.856,31.253
755.98,842.4,47.527,31.038
755.47,845.67,47.635,31.108
756.93,848.12,47.915,31.291
756.66,849.69,48.105,31.416
759.64,853.2,47.957,31.319
755.74,852.95,47.607,31.09
759.47,856.01,47.762,31.192
760.7,864.25,47.73,31.171
760.1,865.05,47.481,31.008
760.8,869.63,47.636,31.109
761.82,871.91,47.641,31.112
761.76,872,47.475,31.004
763.11,873.73,47.612,31.094
765.01,879.12,47.534,31.043
766.93,878.38,47.606,31.09
765.69,883.03,47.618,31.098
767.5,889.94,47.49,31.014
764.91,886.61,47.849,31.248
767.77,893.88,47.705,31.154
767.49,893.82,48.028,31.365
770.95,899.43,48.084,31.401
769,900.09,48.175,31.461
770.79,903.89,48.637,31.763
770.13,905.58,48.534,31.696
771.68,910.31,47.875,31.265
772.9,912.18,47.47,31.001
771.08,912.58,47.533,31.042
773.8,916.42,47.441,30.982
774.13,920.22,47.456,30.992
776.41,925.46,47.402,30.956
775.3,928.13,47.239,30.85
770.91,922.66,47.34,30.916
776.53,932.65,47.473,31.003
777.46,936.2,47.317,30.901
777.82,939.3,47.468,31
778.37,938.08,47.461,30.995
779.37,943.71,47.273,30.872
778.42,946.53,47.266,30.867
783.71,945.93,47.231,30.845
781.18,954.84,47.767,31.195
783.52,957.58,47.685,31.141
783,958.19,47.722,31.166
785.25,962.17,47.56,31.06
783.95,964.35,47.736,31.174
785.25,969.68,48.281,31.531
785.77,968.77,48.562,31.714
784.21,973.15,48.611,31.746
785.66,972.53,48.741,31.831
787.69,980.25,48.784,31.859
787.41,981.48,49.075,32.049
787.05,984.36,48.88,31.921
788.65,988.84,48.806,31.873
788.87,992.61,48.846,31.899
791.7,995.28,48.78,31.856
791.79,998.14,48.879,31.921
787.76,998.49,49.335,32.219
791.05,1003.6,49.088,32.058
794.76,1005.9,48.921,31.949
791.87,1007.9,49.007,32.004
792.71,1009.6,48.979,31.986
797.35,1017.8,48.919,31.947
796.73,1022.5,49.03,32.02
796.67,1022.7,48.99,31.994
797.66,1026,49.03,32.019
799.65,1028.5,49.23,32.15
800.09,1031.1,49.046,32.03
798.9,1033.3,49.245,32.16
798.21,1032.8,49.934,32.61
800.55,1041.4,49.923,32.603
802.82,1046.1,50.251,32.817
801.74,1046.8,50.234,32.806
804.92,1049,49.915,32.597
801.99,1053,49.82,32.536
788.07,1057.3,49.344,32.225
801.79,1052.4,49.394,32.257
787.52,1060.9,49.151,32.099
758.3,1051.7,49.005,32.003
734.77,1029.4,49.058,32.038
713.65,1045.6,48.995,31.997
719.81,1045.3,48.978,31.986
720.23,1045.7,49.168,32.11
733.92,1057.1,48.971,31.981
743.06,1036.1,48.45,31.641
749.86,1035.3,48.168,31.457
737.32,1047.8,47.987,31.338
741.47,1037.6,47.652,31.12
742.7,1037.4,46.872,30.61
748.66,1053,46.424,30.318
721.34,1052.6,46.286,30.228
703.21,1038.3,45.982,30.029
703.03,1041,45.574,29.763
695.72,1046.9,45.123,29.468
697.47,1050.3,45.037,29.412
695.22,1048.4,44.884,29.312
698.41,1055.6,44.511,29.069
696.72,1027.6,44.196,28.863
706.07,993.51,44.364,28.972
709.28,994.38,44.237,28.89
725.43,1000.3,44.24,28.891
724.98,1003.3,43.98,28.721
708.39,1002.8,44.143,28.828
692.65,1001.1,44.141,28.827
708.52,1006.9,44.075,28.783
709.75,1010.3,44.042,28.762
708.33,1014.2,43.878,28.655
693.51,1012.4,43.941,28.696
710.34,1016.7,44.302,28.932
702.14,1030,44.851,29.291
710.58,1021,44.863,29.298
725.34,1030.6,45.013,29.396
724,1033.9,45.216,29.529
726.11,1035,45.091,29.447
724.78,1036.1,45.232,29.539
725.72,1038.3,45.265,29.561
709.41,1040.7,45.592,29.774
693.75,1036.7,45.299,29.583
690.91,1040.8,45.597,29.778
675.19,1035.9,45.764,29.887
642.04,1031.7,45.972,30.022
625.31,1028.4,45.975,30.024
623.27,1032.6,45.528,29.733
627.06,1031.3,45.37,29.63
624.79,1037.6,45.285,29.574
623.32,1040.9,45.42,29.662
623.52,1040.1,45.544,29.743
624.15,1044.7,45.22,29.531
620.4,1050.8,45.134,29.476
636.51,1057.2,45.033,29.41
637,1058.8,45.009,29.393
620.77,1057.3,45.075,29.437
620.13,1059.1,44.918,29.334
603.55,1057.1,44.816,29.267
603.63,1059.1,44.492,29.056
584.71,1060,44.032,28.756
587.13,1060.4,43.623,28.488
587.45,1061.4,43.855,28.64
586.65,1061.8,44.038,28.76
550.71,1058.3,44.069,28.78
533.08,1057.9,44.608,29.132
533.62,1059.7,44.173,28.848
534.85,1061.9,43.76,28.578
561.8,1058.2,43.542,28.436
523.78,1050.7,43.697,28.537
517.15,1061.8,43.198,28.211
481.5,1058.5,43.344,28.307
479.42,1061.4,43.156,28.184
461.78,1060.3,43.007,28.086
445,1059.9,43.008,28.087
428.85,1058.2,43.603,28.475
425.34,1060.5,43.226,28.229
428.54,1062.7,43.065,28.124
430.69,1061.2,42.841,27.978
429,1063,42.491,27.749
412.69,1059.9,43.018,28.093
387.53,1058.3,43.121,28.161
356.43,1034,43.473,28.39
322.34,1033.6,43.611,28.481
323.3,1036.5,44.057,28.772
324.91,1040.7,44.139,28.825
314.58,1043.4,44.152,28.834
318.06,1043.7,44.083,28.789
301.59,1021.1,43.525,28.424
285.12,1003.4,43.496,28.405
299.06,1024.5,42.578,27.806
284.59,1009.7,42.368,27.669
252.84,1005.3,42.506,27.759
248.13,1009,42.551,27.789
248.19,1005.4,42.245,27.588
251.13,995.89,41.731,27.253
246.58,1000.6,41.763,27.273
241.32,1015,41.474,27.085
238.79,1018.5,41.41,27.043
234.92,1018.8,41.469,27.082
240.67,1012.1,41.363,27.012
238.18,1014.8,41.224,26.922
238.13,1014.8,40.837,26.669
239.14,1013.9,40.502,26.45
231.73,994.01,40.715,26.589
232.42,1019.4,40.524,26.465
228.62,1025,40.83,26.664
232.33,1020.9,41.215,26.916
226.21,1028.3,40.977,26.76
225.53,1029.4,40.608,26.52
222.48,1033.3,40.542,26.476
235.47,1037.5,40.798,26.644
237.08,1040.9,40.911,26.717
233.55,1045.1,40.683,26.569
227.2,1046.1,40.646,26.544
228.59,1048.9,40.988,26.768
225.05,1036.5,41.358,27.009
210.26,1048.1,41.096,26.838
203.81,1053.9,40.998,26.775
204.17,1054.3,40.798,26.644
217.63,1060.2,40.833,26.667
201.85,1059.3,40.452,26.418
211.69,1064.1,40.753,26.614
210.93,1063.2,40.736,26.603
203.13,1060.2,40.646,26.544
192.5,1043.9,40.894,26.706
210.6,1016.9,41.279,26.958
212.56,1012.8,41.123,26.856
209.24,1013.6,41.508,27.107
195.14,997.45,41.59,27.161
207.05,1009.4,42.146,27.524
205,1021.3,42.075,27.478
207.55,1007.4,43.119,28.16
186.03,1024.5,43.211,28.22
182.21,977.6,43.785,28.595
159.84,971.41,43.73,28.558
149.09,945.06,43.621,28.487
146.69,948.66,43.554,28.444
119.42,929.07,43.364,28.319
116.02,930.15,43.289,28.271
116.63,925.6,43.522,28.423
111.1,932.85,43.167,28.191
108.04,929.4,43.501,28.409
115.63,917.4,43.675,28.523
101.12,902.8,43.967,28.713
97.826,887.71,44.652,29.161
95.243,903.18,44.947,29.353
72.376,901.44,45.317,29.595
74.128,895.29,45.368,29.628
74.828,876.71,45.436,29.672
90.152,865.47,46.017,30.052
64.359,876.73,45.726,29.862
61.969,858.98,46.033,30.062
60.99,838.51,46.494,30.364
83.672,835.78,46.858,30.601
93.425,820.26,47.725,31.167
107.8,812.42,47.893,31.277
122.17,791.6,48.285,31.533
137.97,770.52,48.506,31.677
117.66,790.65,48.628,31.757
134.95,787.11,48.677,31.789
153.69,756.48,48.623,31.754
123.59,735.2,48.678,31.79
135.96,734.84,48.764,31.846
139.26,741.87,48.935,31.957
135.51,741.16,48.927,31.952
131.44,723.45,49.158,32.103
132.03,693.84,49.141,32.092
140.74,676.73,49.036,32.023
165.39,654.09,48.969,31.98
180.75,636,48.778,31.855
222.48,633.28,48.8,31.87
243.69,640.02,48.988,31.992
219.34,636.29,48.993,31.995
217.16,636.71,49.039,32.026
214.22,637.88,49.482,32.315
212.81,638.45,49.502,32.328
211.88,644.54,49.393,32.257
207.77,648.55,49.043,32.028
209.18,644.39,48.947,31.965
204.75,652.94,49.214,32.139
206.63,647.65,49.14,32.091
203.67,649.06,49.285,32.186
201.25,650.16,49.437,32.285
198.94,649.07,49.599,32.391
203.22,623.4,49.711,32.464
198.98,614.25,49.997,32.651
201.18,626.16,49.791,32.516
190.61,617.04,50.203,32.785
191.24,619.92,50.642,33.072
190.32,620.53,51.098,33.37
188.06,620.94,51.511,33.64
197.95,615.51,51.855,33.865
206.72,594.75,51.242,33.464
223.36,612.06,50.966,33.284
218.79,611.35,51.368,33.547
236.86,590.03,51.763,33.804
219.6,613.94,52.572,34.333
218.9,616.02,52.889,34.54
213.35,614.98,53.387,34.865
211.32,570.26,53.438,34.899
205.55,576.45,53.76,35.108
207.16,573.88,54.163,35.372
209.62,577.23,54.71,35.729
204.38,576.71,54.585,35.647
218.15,553.21,54.885,35.843
228.04,552.35,54.9,35.853
258.8,560.67,55.388,36.172
257.81,575.05,55.378,36.165
254.84,570.84,55.129,36.002
214.05,561.03,55.104,35.986
215.15,560,55.171,36.03
213.63,561.11,55.055,35.954
207.94,561.62,54.98,35.905
195.26,583.62,55.132,36.005
200.6,575.03,55.237,36.073
198.84,553.41,55.003,35.92
173.2,512.48,55.352,36.148
168.1,497.11,55.204,36.052
189.27,496.16,55.549,36.277
199.34,519.04,55.958,36.544
198.62,522.22,56.183,36.691
192.73,526.58,56.391,36.827
171.81,525.8,56.53,36.917
162.42,520.9,56.45,36.865
185.32,529.48,56.095,36.634
189.61,528.77,56.292,36.762
186.67,529.09,56.416,36.843
147.53,527.63,56.235,36.725
169.37,504.96,56.546,36.928
163.06,503.84,56.7,37.029
196.02,507.46,56.655,36.999
212.99,518.49,56.333,36.789
226.46,505.88,56.245,36.731
240.96,507.54,56.348,36.799
245.68,510.36,56.524,36.914
240.55,506.69,56.727,37.046
228.12,510.1,56.851,37.127
215.37,502.42,57.097,37.288
203.71,489.83,56.905,37.162
193.09,487.85,57.168,37.334
180.98,469.01,56.97,37.205
202.83,469.94,57.077,37.275
195.12,460.22,56.769,37.074
203.22,446.74,56.886,37.15
157.33,439.01,56.527,36.916
126.83,416.29,56.687,37.02
126.48,421.95,56.383,36.822
121.68,419.28,56.179,36.688
122.21,410.3,55.87,36.487
125.38,417.14,55.765,36.418
125.81,423.95,55.205,36.052
125.81,420.51,54.863,35.829
124.27,424.63,55.044,35.947
114.99,429.31,54.999,35.917
110.84,436.84,54.966,35.896
114.58,432.76,54.716,35.733
107.94,440.16,54.639,35.682
113.12,436.14,54.614,35.666
89.892,406.4,54.841,35.815
113.55,432.58,54.934,35.876
108.46,442.78,54.659,35.696
115.67,434.38,54.949,35.885
116.01,432.25,54.882,35.841
111.4,441.54,55.149,36.016
114.07,436.45,54.982,35.907
110.04,447.33,54.525,35.608
100.43,448.45,55.062,35.959
105.07,432.73,55.319,36.127
103.65,418.75,55.371,36.16
107.39,441.04,55.387,36.171
99.034,450.54,55.545,36.274
103.72,444.98,55.531,36.265
99.973,453.19,55.755,36.412
102.13,445.86,55.626,36.327
97.727,451.54,55.006,35.922
80.639,429.29,54.906,35.857
95.844,459.34,54.805,35.791
68.697,459.51,55.115,35.993
88.901,458.27,55.572,36.292
89.863,463.14,55.953,36.541
67.593,453.32,56.361,36.807
93.396,443.89,56.49,36.891
93.969,444.95,56.051,36.605
87.725,463.49,56.204,36.705
94.302,448.81,55.913,36.515
90.368,456.75,55.85,36.473
89.335,451.2,56.249,36.734
66.68,456.42,56.331,36.788
45.471,446.23,56.704,37.031
87.334,467.97,56.184,36.691
87.899,457.3,56.242,36.73
84.458,446.9,56.262,36.742
84.816,464.6,55.814,36.45
84.305,468.2,55.376,36.164
80.386,432.52,55.613,36.319
79.389,436.96,55.753,36.41
85.207,462.09,55.974,36.554
67.471,461.17,56.235,36.725
75.872,480.03,56.317,36.779
79.944,472.62,56.092,36.631
72.213,483.2,56.361,36.807
70.834,488.94,56.474,36.881
92.046,516.74,56.387,36.824
72.72,489.43,56.28,36.754
64.744,487.58,56.683,37.018
65.352,506.69,56.736,37.052
44.62,503.17,56.359,36.806
11.234,464.92,56.659,37.002
30.768,464.27,56.575,36.947
64.112,502.6,56.438,36.858
70.724,484.37,56.139,36.662
72.074,489.45,55.872,36.488
68.845,491.43,55.892,36.501
54.47,448.26,56.133,36.658
25.92,463.3,56.176,36.686
64.422,480.69,56.723,37.044
62.995,490.04,56.666,37.006
68.404,491.11,56.406,36.837
60.201,499.54,56.123,36.652
62.542,491.32,56.564,36.94
61.619,477.96,56.962,37.2
58.522,498.66,56.757,37.066
63.028,499.67,56.461,36.872
52.615,513.57,56.661,37.003
18.286,531.93,56.914,37.168
13.687,531.57,56.812,37.102
36.819,490.96,56.659,37.002
18.216,467.06,56.709,37.034
-8.0599,496.04,56.828,37.112
-17.378,486.51,57.01,37.231
-46.239,487.53,57.902,37.813
-44.45,458.99,58.039,37.903
-45.03,475.88,58.511,38.211
-45.002,445.95,59.133,38.618
-51.057,428.64,60.02,39.197
-50.399,433.18,61.097,39.9
-49.873,438.31,61.883,40.414
-3.0765,393.6,61.541,40.19
-10.942,383.34,61.291,40.027
15.612,401.3,60.782,39.694
11.248,384.91,60.759,39.679
17.284,398.02,60.587,39.567
27.504,376.21,60.322,39.394
14.798,398.8,60.419,39.457
18.744,405.51,59.855,39.089
4.0409,404.97,59.68,38.975
11.706,404.52,59.544,38.886
7.8876,407.78,59.5,38.857
-17.525,383.4,60.082,39.237
-17.887,385.3,59.934,39.141
-20.992,384.53,59.997,39.182
-21.793,381.85,60.65,39.608
-26.426,405.26,60.93,39.791
-18.047,398.23,60.914,39.781
-11.119,394.92,60.653,39.61
45.016,408.78,60.425,39.461
38.773,389.45,60.304,39.382
68.993,348.52,60.278,39.365
77.479,300.48,60.37,39.425
82.689,301.13,60.271,39.36
73.319,296,60.068,39.228
70.672,261.74,60.117,39.26
75.726,299.32,59.992,39.179
53.74,283.53,59.908,39.124
63.002,249.63,59.761,39.028
48.641,251.06,59.598,38.921
25.377,221.45,59.408,38.797
34.088,216.54,58.969,38.511
43.944,230.29,58.683,38.323
66.224,212.81,58.707,38.339
72.769,225.92,58.701,38.335
43.482,199.94,58.508,38.209
53.616,167.15,58.717,38.346
54.424,162,58.775,38.384
74.495,160.41,58.702,38.336
77.315,102.03,58.633,38.291
70.444,101.17,58.771,38.381
75.369,102.64,58.669,38.314
75.402,103.48,58.644,38.298
62.314,82.614,58.711,38.342
59.373,63.273,58.346,38.103
63.403,83.135,58.226,38.025
47.962,55.681,58.165,37.985
35.132,45.546,58.077,37.928
19.002,27.453,57.928,37.83
21.71,-5.33,58.066,37.921
21.384,-5.5142,58.231,38.028
19.379,4.8956,57.556,37.587
60.025,-7.7893,57.649,37.648
92.807,-14.661,57.642,37.644
95.852,-14.68,57.411,37.493
95.301,-15.331,57.516,37.562
96.129,-14.445,57.519,37.563
95.294,-14.681,57.586,37.607
96.056,-13.748,57.463,37.527
94.644,-14.309,57.548,37.582
95.559,-12.291,57.431,37.506
94.633,-12.456,57.27,37.401
95.811,-11.446,57.057,37.262
95.573,-11.272,57.17,37.336
95.427,-10.395,56.962,37.2
93.97,-11.055,56.994,37.22
93.746,-9.9997,56.953,37.194
93.305,-9.4843,56.896,37.156
93.882,-8.8388,56.719,37.041
94.183,-7.3387,56.722,37.043
93.324,-8.1471,57.071,37.271
93.38,-6.9607,56.768,37.073
93.853,-6.3809,56.798,37.093
93.642,-6.8143,56.742,37.056
93.4,-5.7321,56.505,36.901
93.291,-5.4435,56.348,36.799
92.503,-4.7371,56.055,36.607
92.5,-4.127,56.144,36.665
92.742,-3.077,55.761,36.415
92.272,-2.6518,55.897,36.504
91.795,-2.4462,55.871,36.487
91.516,-2.4776,56.016,36.582
91.191,-2.079,55.98,36.559
90.421,-2.0989,56.135,36.66
91.225,-0.32625,56.215,36.712
91.291,-0.2306,56.192,36.697
90.922,0.31905,56.084,36.626
90.467,1.4649,56.13,36.656
90.612,1.4749,56.176,36.687
90.326,1.9469,56.434,36.855
88.938,1.9031,56.784,37.083
89.027,2.1045,57.381,37.473
87.986,2.2321,57.568,37.596
88.364,2.7362,57.516,37.562
87.958,3.1933,57.373,37.468
87.467,3.3207,57.624,37.632
87.937,4.5042,57.739,37.707
87.345,4.8225,57.411,37.493
87.03,4.7915,57.623,37.631
86.791,4.8803,57.538,37.576
86.673,6.2973,57.075,37.274
87.217,6.7748,57.288,37.413
86.244,6.6247,57.303,37.423
85.916,7.254,57.32,37.434
85.447,7.0345,57.587,37.608
86.022,8.1627,57.653,37.651
85.689,8.3329,57.677,37.666
85.723,8.83,57.496,37.548
85.004,9.6317,57.564,37.593
85.88,10.03,57.396,37.483
84.836,10.904,57.375,37.469
84.394,10.445,57.811,37.754
84.516,11.247,57.654,37.652
85.361,12.069,57.592,37.611
84.403,12.216,57.871,37.793
83.484,12.288,58.054,37.913
84.427,13.509,57.85,37.78
83.224,13.478,57.991,37.872
83.344,14.565,57.68,37.669
83.863,15.307,57.725,37.698
83.326,15.391,57.887,37.804
82.888,15.841,57.446,37.516
83.13,15.869,57.486,37.542
83.122,16.851,57.4,37.485
82.733,16.881,57.593,37.612
83.314,17.846,57.521,37.565
82.805,17.978,57.293,37.416
82.828,19.115,57.13,37.309
82.795,19.638,57.261,37.395
82.975,20.033,57.229,37.374
82.935,20.332,57.375,37.469
81.468,20.457,58.147,37.973
81.92,21.7,58.064,37.919
81.375,21.923,57.926,37.829
81.204,22.069,57.949,37.844
81.318,22.696,57.883,37.801
81.089,22.518,58.175,37.992
81.091,24.026,58.093,37.939
80.868,23.928,58.469,38.184
79.912,24.088,58.478,38.19
79.766,24.812,58.707,38.339
80.249,25.26,58.466,38.182
79.69,25.472,58.888,38.458
78.984,25.589,58.959,38.504
79.226,25.881,59.321,38.74
78.985,27.187,59.201,38.662
79.506,27.524,59.394,38.788
78.569,27.558,59.482,38.846
78.681,27.659,59.642,38.95
79.224,29.332,59.124,38.612
79.13,29.806,59.216,38.672
78.998,30.43,58.833,38.422
78.536,30.556,58.863,38.441
78.294,31.046,59.166,38.639
78.873,31.952,58.9,38.465
78.033,31.829,59.119,38.608
78.939,32.927,58.782,38.388
78.191,32.846,59.034,38.553
78.613,33.899,58.802,38.401
77.821,33.968,59.08,38.583
78.524,34.639,58.79,38.393
77.975,34.749,58.885,38.455
77.868,35.177,58.822,38.414
77.44,36.211,58.735,38.358
78.097,36.691,58.43,38.158
77.699,36.788,58.784,38.389
77.242,36.843,59.259,38.7
77.487,37.567,59.518,38.869
77.505,38.506,59.342,38.754
76.781,38.301,59.214,38.67
77.497,39.425,59.125,38.612
77.035,40.333,59.314,38.736
76.592,40.19,59.155,38.632
76.696,41.386,58.903,38.467
76.7,41.583,58.949,38.498
76.674,41.323,59.213,38.67
76.667,42.486,59.66,38.962
76.505,42.9,59.424,38.808
76.118,42.494,59.51,38.864
76.141,43.321,59.139,38.621
76.257,43.942,59.601,38.923
76.259,44.649,59.496,38.854
75.337,44.786,59.65,38.955
75.827,45.53,59.64,38.948
75.954,46.417,59.253,38.696
75.811,46.645,59.355,38.762
75.511,47.067,59.247,38.692
75.913,48.158,59.308,38.732
75.228,47.932,59.641,38.949
75.248,48.57,59.735,39.011
75.108,49.571,59.576,38.907
75.367,50.218,59.303,38.728
75.035,50.448,59.287,38.718
75.056,50.27,59.454,38.827
74.7,50.875,59.618,38.934
75.3,52.063,59.609,38.929
74.539,52.555,59.813,39.062
74.09,52.629,59.715,38.997
74.568,53.353,59.537,38.881
74.683,54.331,59.493,38.853
74.043,54.507,59.281,38.714
74.207,54.814,59.502,38.859
74.018,55.101,59.45,38.824
73.863,55.892,59.517,38.868
73.842,56.294,59.508,38.862
73.642,56.878,59.345,38.756
73.673,57.35,59.114,38.605
73.997,58.031,59.36,38.766
73.366,57.772,59.699,38.987
73.764,59.291,59.283,38.715
73.671,59.196,59.527,38.875
73.378,60.028,59.673,38.97
73.618,60.057,59.868,39.097
72.779,60.324,60.322,39.394
72.258,60.926,60.274,39.363
72.277,61.171,60.718,39.653
72.828,61.985,60.266,39.357
72.319,62.414,60.558,39.548
72.673,63.451,60.281,39.367
72.236,63.098,61.041,39.863
72.667,63.83,60.86,39.745
72.17,63.958,61.051,39.87
72.041,64.915,61.094,39.898
72.057,65.372,61.438,40.123
71.856,65.636,61.082,39.89
72.322,66.543,61.154,39.938
71.876,66.415,61.446,40.128
71.596,66.799,61.302,40.034
71.276,67.168,61.638,40.254
71.684,68.158,61.622,40.243
71.609,69.003,61.33,40.052
71.12,68.456,61.415,40.108
70.752,69.197,61.49,40.157
70.823,69.404,61.642,40.256
70.817,70.768,61.45,40.13
70.511,70.79,61.622,40.243
71.076,71.703,61.441,40.125
70.414,71.628,61.524,40.179
70.842,72.61,61.34,40.059
70.434,72.763,61.43,40.117
70.535,73.672,61.287,40.024
69.963,73.868,61.772,40.341
69.92,74.483,61.613,40.237
70.575,75.362,61.764,40.336
69.84,74.741,62.167,40.599
70.156,75.703,62.42,40.764
69.181,75.847,63.131,41.229
70.057,77.324,62.14,40.581
70.078,78.389,61.913,40.433
69.198,77.968,62.269,40.665
68.955,78.272,62.531,40.836
69.605,79.233,62.506,40.82
69.446,80.241,62.198,40.619
69.702,80.656,62.047,40.521
69.608,81.185,62.307,40.69
69.081,81.109,62.425,40.767
68.648,81.501,62.797,41.01
68.68,81.725,62.98,41.13
68.28,82.44,63.068,41.187
68.59,82.94,63.101,41.209
68.689,83.686,63.09,41.202
68.29,84.532,62.913,41.086
67.672,84.533,63.143,41.236
68.328,85.424,63.063,41.184
68.15,86.207,63.088,41.2
68.364,86.685,62.973,41.125
67.624,87.228,62.784,41.002
67.692,87.567,63.054,41.178
68.184,88.534,62.975,41.126
67.787,88.285,63.319,41.351
67.267,88.487,63.554,41.504
67.874,89.131,63.572,41.516
67.635,90.016,63.597,41.533
67.367,90.427,63.855,41.701
66.901,90.507,63.83,41.685
67.003,91.027,63.929,41.75
66.833,91.412,63.792,41.66
66.519,92.105,63.841,41.692
66.799,92.552,63.704,41.603
66.804,93.551,64.063,41.837
67.011,94.024,63.809,41.671
66.212,94.378,63.922,41.745
66.198,94.733,64.056,41.833
66.394,95.744,63.928,41.749
66.336,95.795,63.754,41.635
65.797,96.238,64.244,41.955
65.903,96.5,64.407,42.062
65.861,96.695,64.615,42.198
66.232,97.486,64.366,42.035
65.287,97.937,64.254,41.962
65.266,98.027,64.643,42.216
65.351,98.855,64.498,42.121
66.072,99.678,64.186,41.917
65.797,99.691,64.125,41.877
66.003,100.4,64.205,41.93
65.803,100.7,64.21,41.933
65.504,100.97,64.489,42.115
65.203,101.33,64.764,42.295
64.403,101.08,65.238,42.605
64.347,101.13,65.492,42.77
64.611,102.45,65.426,42.727
63.936,102.48,65.718,42.918
63.766,102.8,65.954,43.072
64.367,104.09,65.725,42.923
63.903,103.71,65.677,42.891
64.786,104.69,65.484,42.765
64.637,105.07,65.473,42.758
64.416,105.48,65.736,42.929
63.763,105.62,65.939,43.062
63.567,105.85,66.257,43.27
63.218,106.64,66.399,43.363
63.474,107.06,66.239,43.258
63.552,107.56,66.064,43.144
63.803,108.59,66.281,43.286
63.4,108.71,66.272,43.279
63.363,109.22,66.272,43.279
63.566,109.76,66.454,43.399
64.189,111.05,66.01,43.108
64.075,111.22,66.13,43.187
64.237,112.1,65.558,42.814
64.344,112.45,65.738,42.931
63.651,112.71,65.763,42.947
63.619,112.88,65.812,42.979
63.13,113.55,66.164,43.209
63.422,114.66,66.009,43.108
63.446,115.89,65.819,42.984
62.951,116.05,65.918,43.049
62.924,116.57,65.702,42.908
63.28,117.47,65.765,42.949
62.73,117.3,66.148,43.199
63.055,118.31,66.071,43.149
63.157,119.12,66.109,43.173
62.951,119.64,65.91,43.043
62.159,119.78,66.219,43.245
62.381,120.84,65.849,43.003
62.219,121.25,65.83,42.991
62.748,121.74,65.514,42.785
63.027,123.08,65.057,42.486
62.933,123.79,64.979,42.436
62.87,124.76,65.155,42.55
62.709,125.6,65.075,42.498
62.775,126.12,64.607,42.192
62.854,127.15,64.563,42.164
62.91,127.78,64.386,42.048
62.224,127.82,64.722,42.268
61.611,128.03,65.28,42.632
61.33,128.53,65.796,42.969
60.917,129.35,66.038,43.127
60.918,130.19,66.201,43.233
60.656,130.39,66.178,43.218
61.314,131.22,65.772,42.953
60.763,131.92,65.835,42.994
60.807,132.9,65.667,42.885
61.138,133.9,65.914,43.046
60.156,133.94,66.201,43.233
60.111,134.33,66.449,43.395
60.116,135.38,66.661,43.534
60.284,136.14,66.504,43.431
60.235,136.96,66.754,43.595
59.573,137.17,66.346,43.328
59.723,138.07,66.215,43.243
59.576,138.78,66.234,43.255
59.568,139.43,66.058,43.14
60.343,140.72,65.816,42.982
59.608,141.52,66.174,43.216
59.927,142.6,66.294,43.294
59.274,143.31,66.341,43.324
58.586,143.79,66.87,43.67
58.33,144.95,67.028,43.773
59.051,145.74,67.156,43.857
59.01,147.1,66.878,43.676
58.386,146.93,67.274,43.934
58.225,147.71,67.405,44.02
57.864,148.87,67.521,44.095
58.274,150.05,67.565,44.124
58.35,150.75,66.928,43.708
57.591,151.34,67.117,43.832
58.1,152.8,66.903,43.692
57.461,153.51,66.899,43.689
56.931,154.51,67.204,43.888
57.084,155,67.451,44.05
56.91,156.21,67.69,44.206
56.198,156.69,67.838,44.302
56.108,157.35,67.866,44.321
55.67,158.17,68.393,44.665
55.422,159.28,68.273,44.586
55.462,160.4,68.158,44.512
55.95,161.89,67.858,44.315
55.207,162.35,68.166,44.516
55.479,163.7,68.182,44.527
54.592,164.05,68.523,44.75
54.697,165.43,68.582,44.788
54.556,166.3,68.487,44.726
54.848,167.69,68.518,44.747
54.718,168.52,68.529,44.754
54.965,169.85,68.291,44.598
54.659,170.65,68.145,44.503
55.005,172.08,68.195,44.536
54.628,172.58,67.946,44.373
54.611,174.29,67.791,44.272
53.501,174.75,68.432,44.69
54.17,176.02,68.379,44.656
53.353,176.89,68.66,44.839
53.326,178.04,68.762,44.906
52.887,178.55,68.86,44.97
52.754,179.69,69.042,45.089
53.374,181.1,69.073,45.109
52.626,182.18,69.44,45.348
53.023,182.97,69.399,45.322
51.846,183.61,69.527,45.406
52.351,185.44,69.357,45.294
51.522,186.05,69.886,45.64
51.268,186.65,70.057,45.751
51.566,188.28,69.937,45.673
51.323,189.75,69.69,45.512
51.013,190.3,69.887,45.641
50.894,191.69,69.879,45.635
50.381,192.73,70.166,45.822
50.046,193.62,70.43,45.995
50.259,195.22,70.471,46.022
50.158,196.52,70.481,46.029
50.05,197.63,70.675,46.155
49.25,197.93,71.067,46.411
49.468,199.51,70.858,46.274
48.722,200.53,70.826,46.253
48.77,201.47,70.751,46.205
48.856,202.78,70.604,46.109
49.335,204.41,70.606,46.11
48.934,205.8,70.66,46.145
48.523,206.62,70.9,46.302
47.766,207.7,71.037,46.391
48.674,209.15,70.466,46.019
48.038,210.61,70.682,46.16
47.61,211.51,71.123,46.448
47.595,213.31,71.222,46.513
47.231,214.16,70.932,46.323
47.703,215.65,70.755,46.208
46.939,216.13,71.115,46.443
47.236,218.03,71.474,46.677
46.745,219.2,71.232,46.519
46.452,220.3,71.154,46.468
46.384,221.45,71.064,46.409
46.674,222.97,71.221,46.511
45.963,223.99,71.386,46.62
45.673,225.27,71.64,46.785
45.85,226.89,71.717,46.835
45.535,227.69,71.338,46.588
45.515,229.51,71.514,46.703
45.922,231.32,70.911,46.309
45.674,232.95,70.747,46.202
45.019,234,70.937,46.327
44.702,235.61,71.239,46.523
44.155,235.98,71.263,46.539
44.011,237.72,71.283,46.552
43.876,238.8,71.568,46.738
44.222,241.02,71.339,46.589
43.308,241.59,71.849,46.922
43.289,243.25,72,47.02
43.353,244.84,72.2,47.151
42.762,246.09,72.066,47.063
43.127,247.73,71.609,46.765
43.498,249.1,71.676,46.809
42.878,249.97,71.538,46.719
43.154,251.6,71.706,46.828
42.612,253.01,71.671,46.806
42.008,254.01,72.108,47.091
42.03,255.92,72.5,47.347
41.945,257.38,72.325,47.232
40.96,258.41,72.606,47.416
41.195,260.1,72.327,47.234
40.751,261.32,72.462,47.322
40.894,263.41,72.428,47.3
40.406,264.65,72.687,47.469
39.96,265.84,72.775,47.527
39.672,267.4,72.832,47.564
39.433,268.69,72.997,47.672
39.834,270.58,72.998,47.672
39.462,272.09,73.078,47.724
39.068,273.65,73.091,47.733
39.034,275.51,72.984,47.663
38.773,277,72.908,47.613
38.708,278.5,73.033,47.695
39.026,280.09,72.695,47.474
38.029,280.67,72.992,47.668
37.721,283.04,73.48,47.987
38.137,284.95,73.099,47.738
37.914,286.1,73.119,47.751
37.782,287.61,73.293,47.865
37.203,289.15,73.118,47.75
37.407,290.94,72.992,47.668
37.537,292.69,72.829,47.562
36.591,293.62,73.144,47.767
36.543,295.45,73.046,47.703
36.435,297.69,72.951,47.641
36.386,299.12,73.085,47.729
35.497,300.34,73.963,48.302
35.342,301.86,73.815,48.205
35.081,303.31,73.874,48.244
35.04,305.55,74.201,48.458
33.947,306.35,74.766,48.827
33.691,307.8,74.508,48.658
33.993,309.99,74.555,48.689
33.652,311.97,74.42,48.601
33.741,313.79,74.427,48.605
33.376,315.23,74.319,48.535
32.84,316.58,74.746,48.814
32.705,317.89,74.332,48.543
32.403,320.16,74.562,48.693
32.509,322.22,74.743,48.812
31.451,323.11,75.316,49.186
30.984,324.73,75.262,49.151
30.442,326.6,75.638,49.396
30.348,328.14,75.763,49.478
30.391,329.86,76.151,49.731
29.605,331.65,76.044,49.661
29.974,334.1,75.683,49.426
29.063,335.17,76.067,49.676
29.856,337.57,75.768,49.481
29.266,339.23,75.757,49.474
28.642,340.78,76.211,49.771
28.36,342.37,76.263,49.804
28.43,344.09,76.171,49.744
27.945,345.85,76.467,49.938
27.944,347.91,76.794,50.151
27.314,349.44,76.642,50.052
27.289,351.27,76.485,49.949
27.559,354.2,76.344,49.858
26.471,355.23,76.804,50.158
26.626,356.92,76.439,49.919
26.697,359.38,76.476,49.944
25.837,361.29,76.997,50.283
25.85,362.96,77.043,50.314
25.569,365.01,76.997,50.284
25.225,366.68,77.388,50.539
24.523,368.82,77.623,50.693
24.192,370.01,77.343,50.51
24.379,372.35,77.223,50.431
23.419,373.96,77.762,50.784
23.528,375.67,77.702,50.744
22.883,377.1,77.925,50.89
22.795,379.37,78.437,51.224
23.316,380.86,78.085,50.994
22.638,382.57,77.801,50.809
22.177,384.72,77.946,50.903
22.621,387.22,77.756,50.779
22.155,388.61,77.576,50.662
22.007,390.81,78.087,50.996
21.089,392.04,78.58,51.317
20.961,393.87,78.756,51.433
20.345,395.9,78.814,51.47
19.834,397.86,79.074,51.64
19.468,399.86,78.807,51.466
19.718,401.77,78.624,51.346
19.707,403.72,78.675,51.379
19.418,405.66,78.774,51.444
18.548,407.59,79.494,51.915
18.803,409.99,79.671,52.03
17.413,411.68,80.235,52.398
17.569,413.43,80.07,52.29
17.117,415.67,80.013,52.253
17.255,418.04,80.194,52.372
16.547,419.82,80.166,52.353
15.989,421.45,80.507,52.576
16.661,423.81,80.213,52.384
16.052,425.46,80.042,52.272
16.483,427.8,79.814,52.123
16.041,429.66,79.96,52.218
16.04,431.64,79.905,52.183
15.292,434.28,79.722,52.063
15.811,436.1,78.863,51.502
16.137,438.5,78.795,51.458
15.773,440.35,78.716,51.406
15.467,442.42,78.987,51.583
15.021,444.82,79.168,51.702
14.76,446.56,79.109,51.663
13.946,448.62,79.163,51.698
13.777,450.54,79.399,51.853
13.722,453.15,79.929,52.199
13.253,455.33,80.28,52.428
12.575,457.26,80.317,52.452
12.179,459.5,80.713,52.711
11.604,461.07,80.749,52.734
11.175,463.21,80.9,52.833
10.7,465.77,81.892,53.48
10.405,467.7,81.71,53.361
9.9713,469.42,81.743,53.383
9.8083,471.6,81.846,53.451
9.4172,473.85,82.447,53.843
8.9035,476.15,82.592,53.937
8.3738,478.1,82.294,53.743
8.2831,480.49,83,54.204
8.354,482.75,82.585,53.933
7.5236,484.89,82.522,53.892
7.9367,487.52,82.339,53.772
7.187,489.8,82.979,54.191
6.8988,491.96,83.17,54.315
6.2598,493.99,83.524,54.547
5.8475,495.61,83.349,54.432
6.0356,498.58,83.673,54.643
4.2799,500.39,84.227,55.005
4.2843,502.85,84.342,55.081
4.1908,505.52,84.675,55.298
3.2253,507.19,84.87,55.425
3.1015,509.85,85.594,55.898
2.1607,511.72,85.793,56.028
2.0152,514.52,86.225,56.31
2.0839,516.62,84.975,55.494
1.7851,518.94,85.538,55.862
1.0565,521.01,85.281,55.694
1.4544,523.69,85.097,55.574
0.91695,525.79,84.667,55.293
0.21701,528.29,85.022,55.524
0.19551,530.4,85.157,55.613
-0.57437,532.31,85.664,55.944
-0.96858,534.32,86.216,56.304
-1.5609,536.82,86.211,56.301
-1.6582,539.36,86.115,56.239
-2.27,541.77,85.754,56.003
-2.3382,544.3,86.572,56.537
-3.0362,546,86.244,56.323
-2.3437,548.63,85.333,55.728
-2.4074,551.61,85.361,55.746
-3.2062,553.44,86.63,56.575
-3.6981,555.58,86.371,56.406
-3.6147,558,86.254,56.329
-4.3314,560.24,87.151,56.915
-5.4963,562,87.725,57.29
-5.9706,564.4,87.565,57.185
-5.3354,567.27,86.442,56.452
-5.2104,570.38,86.452,56.459
-5.6003,572.71,86.829,56.705
-6.7059,574.59,87.688,57.265
-8.2531,576.4,89.143,58.216
-7.6512,578.67,87.788,57.331
-7.6416,581.05,88.366,57.708
-8.0343,583.57,88.451,57.764
-8.4114,586,89.008,58.128
-9.3037,587.93,88.734,57.949
-9.3984,590.6,89.495,58.446
-10.357,592.5,89.489,58.442
-10.292,595.63,88.195,57.597
-10.917,597.87,89.158,58.226
-10.345,600.24,88.214,57.609
-10.963,602.55,89.087,58.179
-11.273,605.39,88.302,57.667
-11.558,608.24,89.03,58.142
-12.554,610.15,89.418,58.395
-12.423,612.38,89.74,58.606
-12.595,615.32,89.053,58.157
-13.164,617.5,88.95,58.09
-13.463,620.32,90.055,58.811
-13.93,622.1,89.009,58.128
-14.494,625.01,89.538,58.474
-15.84,627.13,90.529,59.121
-15.427,629.72,89.952,58.744
-15.217,632.2,90.718,59.244
-15.985,634.83,90.562,59.143
-17.339,636.76,91.314,59.633
-17.319,639.8,91.292,59.62
-17.922,642.09,91.7,59.886
-17.852,644.74,91.215,59.569
-18.183,647.13,91.475,59.739
-20.086,649.24,93.001,60.735
-20.551,651.28,93.178,60.851
-20.485,654.31,93.329,60.95
-20.784,656.89,93.763,61.233
-21.219,659.2,93.354,60.966
-21.303,661.87,92.692,60.534
-21.632,664.49,92.839,60.63
-22.47,667.11,93.871,61.303
-22.551,669.98,93.248,60.897
-23.112,672.34,93.367,60.974
-22.743,674.61,92.67,60.52
-23.175,677.22,91.561,59.795
-24.008,679.79,92.708,60.544
-24.683,682.45,93.903,61.324
-25.075,685.28,93.783,61.246
-24.862,687.62,93.311,60.938
-25.274,690.26,93.385,60.986
-25.119,693,93.152,60.834
-26.573,694.89,93.417,61.007
-26.2,697.87,93.241,60.892
-26.496,700.28,93.573,61.109
-27.589,702.63,93.735,61.215
-27.287,705.76,93.993,61.383
-28.776,707.77,94.769,61.89
-28.603,710.78,94.84,61.936
-29.688,713.42,95.636,62.456
-29.384,715.55,94.063,61.429
-29.855,717.94,94.383,61.638
-29.808,721.09,94.669,61.825
-30.637,723.74,95.674,62.481
-30.941,725.99,95.218,62.183
-31.692,729.1,95.694,62.494
-32.525,731.33,96.519,63.033
-32.849,733.16,95.652,62.466
-33.254,736.14,96.402,62.956
-34.029,738.79,96.219,62.837
-34.399,741.84,96.465,62.998
-35.735,744.23,97.258,63.515
-34.927,747.09,96.187,62.816
-35.65,749.76,97.485,63.664
-37.098,751.57,97.9,63.935
-37.506,754.38,97.583,63.728
-37.728,757,97.866,63.913
-37.508,760,98.049,64.032
-37.862,762.68,97.123,63.427
-39.149,765.31,98.775,64.506
-39.195,768.11,99.196,64.781
-39.403,770.57,99.027,64.671
-39.27,773.34,97.653,63.773
-40.052,776.41,98.715,64.467
-40.879,778.78,99.055,64.689
-42.028,781.36,99.741,65.137
-41.656,784.43,99.151,64.752
-42.423,786.5,99.493,64.975
-43.183,789.52,99.559,65.018
-42.897,792.42,98.904,64.59
-43.109,619.59,98.553,64.361
-44.141,620.99,99.382,64.902
-44.824,623.19,100,65.308
-45.378,625.86,99.892,65.236
-45.627,628.43,100.08,65.357
-46.219,631.27,100.27,65.481
-46.175,634.62,100.42,65.58
-47.071,636.56,100.98,65.949
-47.387,639.16,100.97,65.94
-48.158,642.29,101.13,66.042
-48.439,645.15,101.2,66.09
-48.884,648,101.82,66.495
-49.649,650.32,103.04,67.289
-50.885,651.8,102.33,66.825
-50.213,655.4,102.68,67.053
-50.502,658.11,102.24,66.772
-51.657,661.29,103.14,67.359
-53.188,662.75,103.59,67.647
-52.906,666.08,103.47,67.574
-54.279,668.68,104.91,68.514
-55.445,670.79,104.63,68.329
-55.64,674.18,105.09,68.63
-57.159,676.3,105.62,68.975
-57.439,679.12,106.63,69.635
-58.95,681.24,108.22,70.677
