280.5,75.5,290.5,75.5,290.5,105.5,280.5,105.5
278.18,76.707,288.14,76.707,288.14,106.57,278.18,106.57
275.95,76.451,286.18,76.451,286.18,107.13,275.95,107.13
274.67,76.452,284.81,76.452,284.81,106.87,274.67,106.87
274.9,76.535,285.02,76.535,285.02,106.88,274.9,106.88
274.94,76.735,285.27,76.735,285.27,107.7,274.94,107.7
273.42,76.632,283.77,76.632,283.77,107.69,273.42,107.69
272.66,76.751,283.05,76.751,283.05,107.91,272.66,107.91
272.35,77.392,282.75,77.392,282.75,108.6,272.35,108.6
271.32,77.74,281.63,77.74,281.63,108.67,271.32,108.67
270.73,76.699,281.04,76.699,281.04,107.65,270.73,107.65
270.56,76.73,280.91,76.73,280.91,107.78,270.56,107.78
270.18,75.991,280.83,75.991,280.83,107.95,270.18,107.95
269.81,77.554,280.49,77.554,280.49,109.59,269.81,109.59
269.05,77.095,279.91,77.095,279.91,109.67,269.05,109.67
267.87,77.426,278.78,77.426,278.78,110.14,267.87,110.14
268.01,77.636,278.87,77.636,278.87,110.21,268.01,110.21
267.06,76.906,277.84,76.906,277.84,109.25,267.06,109.25
265.18,76.333,276,76.333,276,108.78,265.18,108.78
265.07,76.173,275.93,76.173,275.93,108.75,265.07,108.75
264.9,76.11,275.77,76.11,275.77,108.7,264.9,108.7
264.62,77.327,275.82,77.327,275.82,110.95,264.62,110.95
265.63,77.503,276.88,77.503,276.88,111.28,265.63,111.28
264.09,77.358,275.48,77.358,275.48,111.52,264.09,111.52
263.39,77.36,274.35,77.36,274.35,110.25,263.39,110.25
263.7,78.283,274.72,78.283,274.72,111.33,263.7,111.33
263.02,78.098,274.2,78.098,274.2,111.65,263.02,111.65
262.9,77.064,274,77.064,274,110.37,262.9,110.37
262.13,76.57,273.01,76.57,273.01,109.2,262.13,109.2
262.07,77.107,273.14,77.107,273.14,110.31,262.07,110.31
261.26,77.271,272.6,77.271,272.6,111.29,261.26,111.29
260.6,77.554,271.87,77.554,271.87,111.34,260.6,111.34
260.48,78.134,271.94,78.134,271.94,112.5,260.48,112.5
259.62,78.057,271.24,78.057,271.24,112.92,259.62,112.92
257.73,77.062,269.33,77.062,269.33,111.86,257.73,111.86
257.52,77.091,269.07,77.091,269.07,111.73,257.52,111.73
258.17,77.432,269.66,77.432,269.66,111.91,258.17,111.91
257.59,77.631,269.05,77.631,269.05,112.01,257.59,112.01
257.01,77.621,268.61,77.621,268.61,112.44,257.01,112.44
256.1,77.717,267.69,77.717,267.69,112.48,256.1,112.48
255.78,78.052,267.48,78.052,267.48,113.14,255.78,113.14
255.27,77.901,267.12,77.901,267.12,113.44,255.27,113.44
254.14,77.375,266.06,77.375,266.06,113.16,254.14,113.16
253.57,77.335,265.49,77.335,265.49,113.08,253.57,113.08
253.07,77.136,264.94,77.136,264.94,112.75,253.07,112.75
252.71,77.272,264.52,77.272,264.52,112.7,252.71,112.7
252.48,78.499,264.57,78.499,264.57,114.78,252.48,114.78
252.26,78.148,264.42,78.148,264.42,114.63,252.26,114.63
250.55,77.807,262.81,77.807,262.81,114.58,250.55,114.58
250.22,77.664,262.47,77.664,262.47,114.42,250.22,114.42
248.81,77.956,261.14,77.956,261.14,114.92,248.81,114.92
247.74,77.468,260.25,77.468,260.25,114.99,247.74,114.99
247.27,77.244,259.87,77.244,259.87,115.04,247.27,115.04
247.2,77.366,259.59,77.366,259.59,114.55,247.2,114.55
246.3,77.785,258.73,77.785,258.73,115.05,246.3,115.05
245.39,77.614,257.56,77.614,257.56,114.13,245.39,114.13
244.61,78.35,256.71,78.35,256.71,114.65,244.61,114.65
242.87,78.623,255.23,78.623,255.23,115.68,242.87,115.68
243.25,78.481,255.81,78.481,255.81,116.17,243.25,116.17
242.14,78.184,254.96,78.184,254.96,116.65,242.14,116.65
241.66,77.634,254.51,77.634,254.51,116.18,241.66,116.18
239.99,77.738,252.76,77.738,252.76,116.06,239.99,116.06
239.25,78.525,251.9,78.525,251.9,116.47,239.25,116.47
237.73,79.318,250.47,79.318,250.47,117.54,237.73,117.54
237.65,79.693,250.54,79.693,250.54,118.36,237.65,118.36
235.41,79.014,248.19,79.014,248.19,117.35,235.41,117.35
234.93,79.028,247.6,79.028,247.6,117.03,234.93,117.03
233.9,78.795,246.49,78.795,246.49,116.56,233.9,116.56
234.01,79.031,246.71,79.031,246.71,117.14,234.01,117.14
232.41,79.109,244.86,79.109,244.86,116.48,232.41,116.48
231.96,79.231,244.22,79.231,244.22,116.03,231.96,116.03
231.86,79.802,244.16,79.802,244.16,116.71,231.86,116.71
231.6,79.93,243.81,79.93,243.81,116.56,231.6,116.56
230,79.974,242.08,79.974,242.08,116.21,230,116.21
229.75,81.46,241.94,81.46,241.94,118.04,229.75,118.04
228.75,80.277,240.77,80.277,240.77,116.34,228.75,116.34
227.38,80.282,239.39,80.282,239.39,116.32,227.38,116.32
226.48,79.859,238.34,79.859,238.34,115.43,226.48,115.43
225.44,80.361,237.27,80.361,237.27,115.84,225.44,115.84
225,80.705,236.7,80.705,236.7,115.78,225,115.78
224.34,82.082,236.1,82.082,236.1,117.35,224.34,117.35
223.28,81.833,235.13,81.833,235.13,117.36,223.28,117.36
221.97,81.187,233.7,81.187,233.7,116.39,221.97,116.39
221.61,81.102,233.61,81.102,233.61,117.1,221.61,117.1
220.45,80.688,232.68,80.688,232.68,117.38,220.45,117.38
219.6,80.615,231.78,80.615,231.78,117.15,219.6,117.15
218.21,80.409,230.33,80.409,230.33,116.76,218.21,116.76
217.72,80.417,229.7,80.417,229.7,116.36,217.72,116.36
216.72,81.649,229.05,81.649,229.05,118.61,216.72,118.61
216.8,81.452,229.22,81.452,229.22,118.71,216.8,118.71
215.01,81.391,227.46,81.391,227.46,118.73,215.01,118.73
214.62,81.19,227.19,81.19,227.19,118.91,214.62,118.91
213.26,81.307,225.71,81.307,225.71,118.65,213.26,118.65
211.96,80.802,224.37,80.802,224.37,118.04,211.96,118.04
210.84,80.678,223.22,80.678,223.22,117.79,210.84,117.79
209.93,81.249,222.17,81.249,222.17,117.97,209.93,117.97
209.64,82.77,222.15,82.77,222.15,120.3,209.64,120.3
208.01,82.139,220.72,82.139,220.72,120.27,208.01,120.27
205.92,81.619,218.55,81.619,218.55,119.5,205.92,119.5
205.65,81.333,218.4,81.333,218.4,119.58,205.65,119.58
205.58,81.747,218.41,81.747,218.41,120.24,205.58,120.24
205.33,81.558,218.38,81.558,218.38,120.71,205.33,120.71
204.74,81.2,217.99,81.2,217.99,120.95,204.74,120.95
203.18,81.528,216.05,81.528,216.05,120.13,203.18,120.13
203.17,82.1,215.97,82.1,215.97,120.51,203.17,120.51
201.86,83.25,214.76,83.25,214.76,121.95,201.86,121.95
201.04,82.65,213.67,82.65,213.67,120.53,201.04,120.53
200.56,83.15,212.97,83.15,212.97,120.4,200.56,120.4
198.92,82.592,211.4,82.592,211.4,120.04,198.92,120.04
197.98,82.982,210.54,82.982,210.54,120.68,197.98,120.68
197.47,82.89,209.97,82.89,209.97,120.4,197.47,120.4
196.71,83.343,209.06,83.343,209.06,120.4,196.71,120.4
195.02,83.502,207.24,83.502,207.24,120.16,195.02,120.16
195.1,83.915,207.41,83.915,207.41,120.86,195.1,120.86
193.49,83.978,205.71,83.978,205.71,120.65,193.49,120.65
192.67,84.135,204.91,84.135,204.91,120.84,192.67,120.84
191.71,83.997,204.03,83.997,204.03,120.97,191.71,120.97
191.34,84.029,203.74,84.029,203.74,121.25,191.34,121.25
189.77,83.453,202.28,83.453,202.28,120.98,189.77,120.98
189.78,83.862,202.23,83.862,202.23,121.22,189.78,121.22
188.38,83.7,200.91,83.7,200.91,121.29,188.38,121.29
188.47,84.407,200.82,84.407,200.82,121.46,188.47,121.46
186.93,84.773,199.29,84.773,199.29,121.85,186.93,121.85
186.05,84.853,198.39,84.853,198.39,121.87,186.05,121.87
185.37,84.539,197.92,84.539,197.92,122.19,185.37,122.19
184.68,84.446,197.48,84.446,197.48,122.84,184.68,122.84
184.87,84.491,197.74,84.491,197.74,123.1,184.87,123.1
184.06,84.478,197.01,84.478,197.01,123.32,184.06,123.32
182.07,84.404,195.29,84.404,195.29,124.05,182.07,124.05
183.41,84.343,196.4,84.343,196.4,123.32,183.41,123.32
178.02,85.264,191.41,85.264,191.41,125.43,178.02,125.43
176.69,85.29,190.2,85.29,190.2,125.81,176.69,125.81
175.49,85.604,189.07,85.604,189.07,126.36,175.49,126.36
176.06,85.128,189.73,85.128,189.73,126.15,176.06,126.15
174.88,84.86,188.3,84.86,188.3,125.14,174.88,125.14
174.52,85.218,187.95,85.218,187.95,125.5,174.52,125.5
174.04,86.172,187.17,86.172,187.17,125.57,174.04,125.57
174.28,86.492,187.6,86.492,187.6,126.43,174.28,126.43
173.4,86.912,186.59,86.912,186.59,126.48,173.4,126.48
170.9,86.263,183.83,86.263,183.83,125.04,170.9,125.04
170.18,86.378,183.01,86.378,183.01,124.87,170.18,124.87
170.09,87.263,183.05,87.263,183.05,126.14,170.09,126.14
168.56,87.45,181.48,87.45,181.48,126.19,168.56,126.19
167.76,87.594,180.86,87.594,180.86,126.87,167.76,126.87
167.11,88.002,180.31,88.002,180.31,127.61,167.11,127.61
165.3,87.959,178.51,87.959,178.51,127.59,165.3,127.59
164.95,87.556,178.26,87.556,178.26,127.49,164.95,127.49
164.74,87.413,178.25,87.413,178.25,127.93,164.74,127.93
164.12,86.869,177.57,86.869,177.57,127.21,164.12,127.21
163.23,87.104,176.31,87.104,176.31,126.34,163.23,126.34
163.21,87.622,176.29,87.622,176.29,126.84,163.21,126.84
162.18,88.686,175.31,88.686,175.31,128.08,162.18,128.08
161.68,88.591,174.81,88.591,174.81,127.98,161.68,127.98
160.05,88.789,173.13,88.789,173.13,128.04,160.05,128.04
158.39,87.933,171.83,87.933,171.83,128.26,158.39,128.26
156.72,87.896,169.94,87.896,169.94,127.57,156.72,127.57
156.66,87.566,169.8,87.566,169.8,126.97,156.66,126.97
156.76,88.171,170.2,88.171,170.2,128.51,156.76,128.51
154.62,88.704,167.87,88.704,167.87,128.46,154.62,128.46
153.44,89.689,166.49,89.689,166.49,128.84,153.44,128.84
152.86,89.772,165.94,89.772,165.94,129.02,152.86,129.02
151.7,89.435,164.67,89.435,164.67,128.35,151.7,128.35
150.74,89.187,163.59,89.187,163.59,127.76,150.74,127.76
150.8,89.14,163.7,89.14,163.7,127.86,150.8,127.86
148.93,89.21,161.6,89.21,161.6,127.21,148.93,127.21
148.61,89.936,161.01,89.936,161.01,127.14,148.61,127.14
148.79,90.376,161.02,90.376,161.02,127.07,148.79,127.07
148.33,90.892,160.58,90.892,160.58,127.66,148.33,127.66
147.11,90.706,159.32,90.706,159.32,127.34,147.11,127.34
146.81,90.963,159.08,90.963,159.08,127.77,146.81,127.77
146.29,90.637,158.43,90.637,158.43,127.04,146.29,127.04
145.36,90.486,157.45,90.486,157.45,126.74,145.36,126.74
144.73,90.761,156.65,90.761,156.65,126.52,144.73,126.52
144.12,91.214,155.91,91.214,155.91,126.56,144.12,126.56
144.48,91.741,156.28,91.741,156.28,127.15,144.48,127.15
144.61,91.83,156.44,91.83,156.44,127.34,144.61,127.34
142,92.037,153.77,92.037,153.77,127.36,142,127.36
142.49,92.239,154.35,92.239,154.35,127.84,142.49,127.84
140.68,91.408,152.45,91.408,152.45,126.72,140.68,126.72
141.19,91.577,153.08,91.577,153.08,127.25,141.19,127.25
140.71,91.486,152.71,91.486,152.71,127.48,140.71,127.48
140.76,92.103,152.79,92.103,152.79,128.19,140.76,128.19
140.54,92.372,152.65,92.372,152.65,128.72,140.54,128.72
140.98,92.268,153.19,92.268,153.19,128.9,140.98,128.9
137.51,91.967,149.73,91.967,149.73,128.65,137.51,128.65
135.89,93.418,148.28,93.418,148.28,130.59,135.89,130.59
135.04,92.985,147.38,92.985,147.38,130,135.04,130
134.63,92.677,147.02,92.677,147.02,129.84,134.63,129.84
134.55,92.538,146.76,92.538,146.76,129.15,134.55,129.15
134.79,93.117,146.96,93.117,146.96,129.62,134.79,129.62
134.62,93.681,146.64,93.681,146.64,129.73,134.62,129.73
134.82,94.618,146.86,94.618,146.86,130.73,134.82,130.73
135.7,94.744,147.83,94.744,147.83,131.12,135.7,131.12
133.43,93.819,145.37,93.819,145.37,129.65,133.43,129.65
133.11,93.704,145.02,93.704,145.02,129.45,133.11,129.45
132.9,94.118,144.7,94.118,144.7,129.51,132.9,129.51
132.98,94.416,144.61,94.416,144.61,129.3,132.98,129.3
132.56,94.801,144.27,94.801,144.27,129.93,132.56,129.93
131.92,95.277,143.74,95.277,143.74,130.75,131.92,130.75
132.29,95.687,144.07,95.687,144.07,131.03,132.29,131.03
131.89,95.742,143.78,95.742,143.78,131.44,131.89,131.44
130.58,94.591,142.27,94.591,142.27,129.67,130.58,129.67
130.53,95.537,142.42,95.537,142.42,131.22,130.53,131.22
129.71,95.374,141.45,95.374,141.45,130.61,129.71,130.61
130.03,95.575,141.87,95.575,141.87,131.11,130.03,131.11
129.47,96.473,141.06,96.473,141.06,131.24,129.47,131.24
129.24,96.656,140.87,96.656,140.87,131.57,129.24,131.57
129.27,96.564,140.75,96.564,140.75,131.01,129.27,131.01
129.46,96.827,141.18,96.827,141.18,131.98,129.46,131.98
128.69,96.39,140.4,96.39,140.4,131.53,128.69,131.53
128.06,96.125,140.02,96.125,140.02,132.02,128.06,132.02
127.74,96.602,140.03,96.602,140.03,133.49,127.74,133.49
127.4,97.719,139.54,97.719,139.54,134.12,127.4,134.12
126.82,98.113,138.75,98.113,138.75,133.89,126.82,133.89
126.62,97.622,138.51,97.622,138.51,133.28,126.62,133.28
126.03,97.448,137.7,97.448,137.7,132.45,126.03,132.45
126.07,97.598,137.59,97.598,137.59,132.15,126.07,132.15
126.06,98.404,137.91,98.404,137.91,133.95,126.06,133.95
125.43,98.118,137.46,98.118,137.46,134.21,125.43,134.21
125.66,98.909,137.6,98.909,137.6,134.74,125.66,134.74
125.35,98.803,137.35,98.803,137.35,134.82,125.35,134.82
124.83,99.385,136.97,99.385,136.97,135.81,124.83,135.81
124.37,98.515,136.52,98.515,136.52,134.97,124.37,134.97
122.35,99.813,134.63,99.813,134.63,136.65,122.35,136.65
121.23,100.16,133.81,100.16,133.81,137.9,121.23,137.9
121.42,99.135,134.19,99.135,134.19,137.47,121.42,137.47
120.92,99.153,133.85,99.153,133.85,137.97,120.92,137.97
120.04,98.932,132.96,98.932,132.96,137.72,120.04,137.72
119.49,99.552,132.61,99.552,132.61,138.89,119.49,138.89
119.44,99.888,132.7,99.888,132.7,139.66,119.44,139.66
119.69,99.83,132.79,99.83,132.79,139.13,119.69,139.13
119.6,100.74,132.83,100.74,132.83,140.45,119.6,140.45
118.97,100.41,132.26,100.41,132.26,140.27,118.97,140.27
118.59,100.58,132.05,100.58,132.05,140.97,118.59,140.97
118.67,99.92,131.97,99.92,131.97,139.83,118.67,139.83
118.12,99.906,131.73,99.906,131.73,140.73,118.12,140.73
116.85,100.74,130.56,100.74,130.56,141.87,116.85,141.87
116.78,101.66,130.27,101.66,130.27,142.11,116.78,142.11
116.3,101.73,129.59,101.73,129.59,141.61,116.3,141.61
115.97,101.71,129.32,101.71,129.32,141.75,115.97,141.75
115.28,101.57,128.76,101.57,128.76,141.99,115.28,141.99
114.92,101.24,128.25,101.24,128.25,141.22,114.92,141.22
115.09,102.19,128.6,102.19,128.6,142.71,115.09,142.71
114.66,102.18,127.84,102.18,127.84,141.74,114.66,141.74
114.49,102.6,127.6,102.6,127.6,141.94,114.49,141.94
114.44,103.17,127.73,103.17,127.73,143.03,114.44,143.03
114.5,103.16,127.92,103.16,127.92,143.42,114.5,143.42
113.98,102.71,127.19,102.71,127.19,142.33,113.98,142.33
113.1,102.59,126.3,102.59,126.3,142.19,113.1,142.19
112.4,102.23,125.62,102.23,125.62,141.9,112.4,141.9
112.33,103.29,125.31,103.29,125.31,142.26,112.33,142.26
111.65,103.88,124.73,103.88,124.73,143.14,111.65,143.14
112.11,104.49,125.01,104.49,125.01,143.22,112.11,143.22
111.15,104.31,124.05,104.31,124.05,143.01,111.15,143.01
111.61,103.62,124.63,103.62,124.63,142.68,111.61,142.68
110.57,104.23,123.65,104.23,123.65,143.46,110.57,143.46
110.84,103.73,123.99,103.73,123.99,143.17,110.84,143.17
109.91,103.75,123.1,103.75,123.1,143.34,109.91,143.34
109.34,104.02,122.76,104.02,122.76,144.26,109.34,144.26
109.02,104.08,122.49,104.08,122.49,144.51,109.02,144.51
109.5,104.63,122.78,104.63,122.78,144.48,109.5,144.48
109.77,105.07,123.38,105.07,123.38,145.92,109.77,145.92
109.61,104.69,123.5,104.69,123.5,146.37,109.61,146.37
108.72,103.55,122.54,103.55,122.54,145,108.72,145
108.81,103.75,122.73,103.75,122.73,145.51,108.81,145.51
108.15,104.73,122.22,104.73,122.22,146.94,108.15,146.94
106.01,105.54,120.14,105.54,120.14,147.94,106.01,147.94
105.87,105.92,119.92,105.92,119.92,148.07,105.87,148.07
105.03,105.82,118.92,105.82,118.92,147.49,105.03,147.49
105.63,106.13,119.51,106.13,119.51,147.76,105.63,147.76
105.34,106.27,119.42,106.27,119.42,148.52,105.34,148.52
104.94,106.84,118.9,106.84,118.9,148.73,104.94,148.73
104.59,106.82,118.41,106.82,118.41,148.28,104.59,148.28
104.49,107.44,118.35,107.44,118.35,149.02,104.49,149.02
103.73,107.49,117.45,107.49,117.45,148.64,103.73,148.64
102.08,107.02,115.64,107.02,115.64,147.7,102.08,147.7
102.41,107.97,115.72,107.97,115.72,147.89,102.41,147.89
100.55,109.05,113.63,109.05,113.63,148.27,100.55,148.27
99.701,108.86,112.8,108.86,112.8,148.17,99.701,148.17
99.445,108.11,112.91,108.11,112.91,148.52,99.445,148.52
97.085,107.56,110.44,107.56,110.44,147.63,97.085,147.63
97.743,108.16,111.15,108.16,111.15,148.39,97.743,148.39
97.256,108.82,110.57,108.82,110.57,148.76,97.256,148.76
96.936,109.6,110.5,109.6,110.5,150.28,96.936,150.28
95.746,109.29,109.45,109.29,109.45,150.41,95.746,150.41
94.309,108.25,108.31,108.25,108.31,150.24,94.309,150.24
93.885,107.99,108.14,107.99,108.14,150.74,93.885,150.74
93.127,108.42,107.32,108.42,107.32,150.99,93.127,150.99
92.898,109.41,107.13,109.41,107.13,152.12,92.898,152.12
90.632,109.52,104.71,109.52,104.71,151.76,90.632,151.76
89.629,109.45,104.25,109.45,104.25,153.31,89.629,153.31
88.947,108.77,104.11,108.77,104.11,154.25,88.947,154.25
88.416,108.57,103.95,108.57,103.95,155.18,88.416,155.18
87.1,108.34,102.61,108.34,102.61,154.87,87.1,154.87
86.361,109.3,102.17,109.3,102.17,156.73,86.361,156.73
85.845,109.43,101.77,109.43,101.77,157.21,85.845,157.21
85.191,109.77,101.25,109.77,101.25,157.96,85.191,157.96
84.474,109.58,100.38,109.58,100.38,157.3,84.474,157.3
83.808,109.04,99.771,109.04,99.771,156.93,83.808,156.93
82.679,108.86,98.891,108.86,98.891,157.5,82.679,157.5
81.307,109.9,98.073,109.9,98.073,160.2,81.307,160.2
79.369,110.38,96.035,110.38,96.035,160.38,79.369,160.38
77.625,110.72,94.04,110.72,94.04,159.96,77.625,159.96
76.804,110.39,93.251,110.39,93.251,159.73,76.804,159.73
76.855,110.41,93.47,110.41,93.47,160.26,76.855,160.26
75.23,109.4,91.886,109.4,91.886,159.37,75.23,159.37
75.388,109.68,91.49,109.68,91.49,157.98,75.388,157.98
74.247,110.11,89.958,110.11,89.958,157.24,74.247,157.24
73.628,110.67,89.44,110.67,89.44,158.1,73.628,158.1
72.882,111.52,88.947,111.52,88.947,159.71,72.882,159.71
72.678,111.86,88.602,111.86,88.602,159.63,72.678,159.63
71.578,111.51,87.999,111.51,87.999,160.78,71.578,160.78
65.779,111.12,82.192,111.12,82.192,160.36,65.779,160.36
63.174,111.92,79.905,111.92,79.905,162.11,63.174,162.11
61.93,112.36,78.514,112.36,78.514,162.11,61.93,162.11
61.047,112.31,77.351,112.31,77.351,161.22,61.047,161.22
61.089,113.1,76.999,113.1,76.999,160.82,61.089,160.82
60.981,113.95,76.913,113.95,76.913,161.75,60.981,161.75
60.044,114.62,75.889,114.62,75.889,162.16,60.044,162.16
59.685,115.04,74.928,115.04,74.928,160.77,59.685,160.77
59.422,115.19,74.715,115.19,74.715,161.07,59.422,161.07
58.236,115.08,73.555,115.08,73.555,161.03,58.236,161.03
57.378,114.89,72.881,114.89,72.881,161.4,57.378,161.4
57.407,114.81,72.924,114.81,72.924,161.36,57.407,161.36
56.348,115.14,71.641,115.14,71.641,161.02,56.348,161.02
55.759,116.82,70.547,116.82,70.547,161.18,55.759,161.18
55.278,117.6,69.878,117.6,69.878,161.4,55.278,161.4
55.496,118.19,69.985,118.19,69.985,161.66,55.496,161.66
54.389,117.43,69.106,117.43,69.106,161.58,54.389,161.58
54.47,117.63,69.133,117.63,69.133,161.62,54.47,161.62
54.525,116.83,69.339,116.83,69.339,161.27,54.525,161.27
54.08,117.38,68.466,117.38,68.466,160.54,54.08,160.54
53.415,117.92,67.87,117.92,67.87,161.29,53.415,161.29
53.506,118.18,68.226,118.18,68.226,162.34,53.506,162.34
52.866,118.56,67.523,118.56,67.523,162.53,52.866,162.53
53.384,119.27,67.83,119.27,67.83,162.61,53.384,162.61
52.984,119.03,67.487,119.03,67.487,162.54,52.984,162.54
51.708,118.02,66.171,118.02,66.171,161.41,51.708,161.41
51.257,118.04,65.756,118.04,65.756,161.53,51.257,161.53
50.954,117.27,65.668,117.27,65.668,161.41,50.954,161.41
51.083,118.1,65.656,118.1,65.656,161.82,51.083,161.82
50.154,118.03,64.536,118.03,64.536,161.18,50.154,161.18
49.873,118.72,64.739,118.72,64.739,163.31,49.873,163.31
49.911,118.92,64.871,118.92,64.871,163.8,49.911,163.8
48.934,117.23,63.953,117.23,63.953,162.28,48.934,162.28
48.477,116.67,63.538,116.67,63.538,161.86,48.477,161.86
48.523,116.44,63.598,116.44,63.598,161.66,48.523,161.66
48.634,117.54,63.458,117.54,63.458,162.01,48.634,162.01
48.829,117.91,63.686,117.91,63.686,162.48,48.829,162.48
48.623,118.78,63.782,118.78,63.782,164.25,48.623,164.25
48.897,118.43,64.281,118.43,64.281,164.59,48.897,164.59
48.849,118.64,64.235,118.64,64.235,164.8,48.849,164.8
48.76,117.71,64.385,117.71,64.385,164.59,48.76,164.59
48.134,117.6,63.627,117.6,63.627,164.08,48.134,164.08
48.542,117.22,64.003,117.22,64.003,163.6,48.542,163.6
48.555,117.84,64.096,117.84,64.096,164.47,48.555,164.47
47.967,118.42,63.487,118.42,63.487,164.99,47.967,164.99
47.889,117.89,63.519,117.89,63.519,164.78,47.889,164.78
48.202,116.09,64.252,116.09,64.252,164.24,48.202,164.24
47.92,115.93,64.226,115.93,64.226,164.84,47.92,164.84
48.237,117.1,64.621,117.1,64.621,166.25,48.237,166.25
48.208,116.98,64.963,116.98,64.963,167.24,48.208,167.24
48.5,116.64,65.626,116.64,65.626,168.02,48.5,168.02
47.15,115.82,64.469,115.82,64.469,167.77,47.15,167.77
47.674,116.33,65.58,116.33,65.58,170.05,47.674,170.05
47.115,117.34,64.821,117.34,64.821,170.46,47.115,170.46
47.189,117.72,64.6,117.72,64.6,169.95,47.189,169.95
46.624,117.14,64.052,117.14,64.052,169.42,46.624,169.42
46.76,116.72,64.325,116.72,64.325,169.42,46.76,169.42
46.773,117.52,64.27,117.52,64.27,170.01,46.773,170.01
46.997,118.2,64.586,118.2,64.586,170.97,46.997,170.97
46.273,118.85,64.133,118.85,64.133,172.43,46.273,172.43
46.092,118.5,64.236,118.5,64.236,172.93,46.092,172.93
45.799,118.81,64.301,118.81,64.301,174.31,45.799,174.31
44.761,117.66,63.266,117.66,63.266,173.18,44.761,173.18
44.217,117.02,62.949,117.02,62.949,173.21,44.217,173.21
44.183,117.9,62.591,117.9,62.591,173.12,44.183,173.12
43.932,119.3,62.344,119.3,62.344,174.54,43.932,174.54
43.063,120.1,61.534,120.1,61.534,175.51,43.063,175.51
42.071,119.76,60.537,119.76,60.537,175.16,42.071,175.16
41.393,120.01,59.835,120.01,59.835,175.34,41.393,175.34
41.421,119.33,59.875,119.33,59.875,174.69,41.421,174.69
41.499,119.09,59.782,119.09,59.782,173.94,41.499,173.94
41.591,119.24,59.729,119.24,59.729,173.65,41.591,173.65
41.724,120.59,59.978,120.59,59.978,175.36,41.724,175.36
41.106,120.63,59.333,120.63,59.333,175.31,41.106,175.31
40.857,120.5,59.265,120.5,59.265,175.73,40.857,175.73
40.922,121.53,59.718,121.53,59.718,177.92,40.922,177.92
39.701,121.34,58.412,121.34,58.412,177.47,39.701,177.47
39.533,121.26,58.239,121.26,58.239,177.38,39.533,177.38
39.334,121.21,58.05,121.21,58.05,177.36,39.334,177.36
39.142,120.76,57.8,120.76,57.8,176.74,39.142,176.74
39.194,120.8,58.128,120.8,58.128,177.6,39.194,177.6
38.852,121.63,57.797,121.63,57.797,178.46,38.852,178.46
37.976,121.93,56.843,121.93,56.843,178.53,37.976,178.53
37.959,123.4,56.766,123.4,56.766,179.82,37.959,179.82
37.743,123.23,56.425,123.23,56.425,179.28,37.743,179.28
37.817,123.07,56.368,123.07,56.368,178.72,37.817,178.72
38.217,122.88,56.913,122.88,56.913,178.97,38.217,178.97
37.813,122.43,56.428,122.43,56.428,178.27,37.813,178.27
37.868,123.28,56.596,123.28,56.596,179.46,37.868,179.46
37.645,123.85,56.171,123.85,56.171,179.43,37.645,179.43
37.327,124.24,55.985,124.24,55.985,180.21,37.327,180.21
37.723,125.03,56.504,125.03,56.504,181.38,37.723,181.38
36.48,123.97,55.502,123.97,55.502,181.03,36.48,181.03
36.277,123.46,55.248,123.46,55.248,180.37,36.277,180.37
35.56,122.73,54.583,122.73,54.583,179.8,35.56,179.8
35.417,122.4,54.574,122.4,54.574,179.87,35.417,179.87
35.439,123.62,55.127,123.62,55.127,182.69,35.439,182.69
34.304,124.07,53.858,124.07,53.858,182.73,34.304,182.73
33.675,124.9,52.927,124.9,52.927,182.65,33.675,182.65
32.859,125.19,51.92,125.19,51.92,182.38,32.859,182.38
33.185,124.69,52.261,124.69,52.261,181.91,33.185,181.91
32.413,124.66,51.556,124.66,51.556,182.09,32.413,182.09
33.127,124.37,52.2,124.37,52.2,181.59,33.127,181.59
31.832,125.17,50.784,125.17,50.784,182.03,31.832,182.03
32.126,126.65,50.925,126.65,50.925,183.05,32.126,183.05
32.038,126.89,50.929,126.89,50.929,183.57,32.038,183.57
32.007,127.25,50.886,127.25,50.886,183.89,32.007,183.89
31.628,127.33,50.553,127.33,50.553,184.11,31.628,184.11
31.421,127.34,50.448,127.34,50.448,184.42,31.421,184.42
30.426,126.35,49.406,126.35,49.406,183.29,30.426,183.29
29.164,129.4,48.017,129.4,48.017,185.95,29.164,185.95
29.115,128.5,48.153,128.5,48.153,185.61,29.115,185.61
28.372,128.11,47.154,128.11,47.154,184.46,28.372,184.46
28.239,129.59,46.792,129.59,46.792,185.25,28.239,185.25
28.133,130.03,46.992,130.03,46.992,186.61,28.133,186.61
28.115,131.61,46.926,131.61,46.926,188.04,28.115,188.04
27.743,131.04,46.647,131.04,46.647,187.75,27.743,187.75
27.623,130.41,46.797,130.41,46.797,187.93,27.623,187.93
26.902,129.88,46.533,129.88,46.533,188.77,26.902,188.77
26.519,129.3,46.492,129.3,46.492,189.22,26.519,189.22
25.832,129.82,45.725,129.82,45.725,189.5,25.832,189.5
25.681,130.82,45.527,130.82,45.527,190.36,25.681,190.36
24.716,131.76,44.199,131.76,44.199,190.21,24.716,190.21
24.422,132.6,43.686,132.6,43.686,190.39,24.422,190.39
24.15,131.99,43.632,131.99,43.632,190.44,24.15,190.44
24.221,131.81,43.461,131.81,43.461,189.53,24.221,189.53
23.878,131.71,43.08,131.71,43.08,189.31,23.878,189.31
24.277,132.5,43.535,132.5,43.535,190.28,24.277,190.28
23.4,133.21,42.646,133.21,42.646,190.94,23.4,190.94
23.525,134.2,42.572,134.2,42.572,191.34,23.525,191.34
23.587,135.01,42.398,135.01,42.398,191.44,23.587,191.44
23.536,135.2,42.022,135.2,42.022,190.66,23.536,190.66
23.219,134.74,41.834,134.74,41.834,190.59,23.219,190.59
22.991,134.63,42.017,134.63,42.017,191.71,22.991,191.71
22.129,135.54,40.862,135.54,40.862,191.74,22.129,191.74
21.661,136.56,40.044,136.56,40.044,191.71,21.661,191.71
21.45,137.07,40.191,137.07,40.191,193.29,21.45,193.29
20.971,136.16,39.671,136.16,39.671,192.26,20.971,192.26
20.302,136.61,38.959,136.61,38.959,192.58,20.302,192.58
20.118,137.66,39.195,137.66,39.195,194.89,20.118,194.89
19.668,137.99,38.919,137.99,38.919,195.74,19.668,195.74
19.204,136.91,38.731,136.91,38.731,195.5,19.204,195.5
18.812,136.7,38.521,136.7,38.521,195.83,18.812,195.83
18.944,137.48,38.582,137.48,38.582,196.39,18.944,196.39
18.506,138.48,38.357,138.48,38.357,198.03,18.506,198.03
17.818,139.64,37.393,139.64,37.393,198.36,17.818,198.36
17.433,139.93,36.924,139.93,36.924,198.4,17.433,198.4
17.889,140.2,36.947,140.2,36.947,197.38,17.889,197.38
17.862,139.87,36.661,139.87,36.661,196.27,17.862,196.27
17.788,141.05,35.993,141.05,35.993,195.66,17.788,195.66
18.42,142.45,36.368,142.45,36.368,196.3,18.42,196.3
18.414,142.97,36.556,142.97,36.556,197.4,18.414,197.4
19.114,144.26,36.859,144.26,36.859,197.5,19.114,197.5
18.208,144.16,35.917,144.16,35.917,197.28,18.208,197.28
18.095,144.01,35.96,144.01,35.96,197.6,18.095,197.6
18.415,143.55,36.517,143.55,36.517,197.86,18.415,197.86
18.356,143.55,36.396,143.55,36.396,197.67,18.356,197.67
18.705,144.37,36.754,144.37,36.754,198.51,18.705,198.51
18.788,144.76,37.102,144.76,37.102,199.7,18.788,199.7
18.825,145.82,36.839,145.82,36.839,199.86,18.825,199.86
18.485,146.36,36.341,146.36,36.341,199.92,18.485,199.92
18.696,146.52,36.748,146.52,36.748,200.67,18.696,200.67
19.26,146.34,37.433,146.34,37.433,200.86,19.26,200.86
18.889,147.35,37.173,147.35,37.173,202.2,18.889,202.2
18.49,146.95,37.29,146.95,37.29,203.35,18.49,203.35
17.878,146.53,36.869,146.53,36.869,203.5,17.878,203.5
17.452,146.18,36.687,146.18,36.687,203.89,17.452,203.89
14.922,149.03,33.917,149.03,33.917,206.02,14.922,206.02
14.681,148.54,33.539,148.54,33.539,205.11,14.681,205.11
14.466,149.72,33.204,149.72,33.204,205.93,14.466,205.93
13.278,150.82,31.864,150.82,31.864,206.58,13.278,206.58
13.627,151.63,32.498,151.63,32.498,208.24,13.627,208.24
12.16,151.2,31.46,151.2,31.46,209.1,12.16,209.1
11.024,150.43,30.535,150.43,30.535,208.96,11.024,208.96
10.763,150.73,30.127,150.73,30.127,208.82,10.763,208.82
10.834,150.9,30.133,150.9,30.133,208.8,10.834,208.8
6.0511,151.62,25.756,151.62,25.756,210.74,6.0511,210.74
5.5455,152.02,25.489,152.02,25.489,211.85,5.5455,211.85
5.2245,153.17,25.59,153.17,25.59,214.27,5.2245,214.27
3.746,153.98,24.36,153.98,24.36,215.82,3.746,215.82
