331.5,265.5,405.5,265.5,405.5,395.5,331.5,395.5
334.69,264.16,408.74,264.16,408.74,394.24,334.69,394.24
338.43,262.43,412.31,262.43,412.31,392.21,338.43,392.21
345.97,260.14,419.33,260.14,419.33,389.02,345.97,389.02
348.99,257.86,422.34,257.86,422.34,386.72,348.99,386.72
354.93,254.77,427.78,254.77,427.78,382.75,354.93,382.75
359.5,253.38,431.93,253.38,431.93,380.63,359.5,380.63
362.44,252.12,434.62,252.12,434.62,378.93,362.44,378.93
368.03,249.51,439.72,249.51,439.72,375.45,368.03,375.45
371.6,247.94,443.51,247.94,443.51,374.26,371.6,374.26
376.78,245.56,447.91,245.56,447.91,370.51,376.78,370.51
379.43,243.68,450.43,243.68,450.43,368.42,379.43,368.42
382.67,242.57,453.47,242.57,453.47,366.94,382.67,366.94
386.58,240.52,456.4,240.52,456.4,363.18,386.58,363.18
390.2,238.98,459.9,238.98,459.9,361.42,390.2,361.42
394.82,237.06,464.17,237.06,464.17,358.91,394.82,358.91
397.05,234.05,467.08,234.05,467.08,357.07,397.05,357.07
399.17,233.61,468.28,233.61,468.28,355.01,399.17,355.01
403.08,230.94,471.52,230.94,471.52,351.16,403.08,351.16
406.02,229.3,474.84,229.3,474.84,350.22,406.02,350.22
407.65,228.21,476.46,228.21,476.46,349.1,407.65,349.1
410.98,226.83,479.07,226.83,479.07,346.46,410.98,346.46
413.6,225.28,480.97,225.28,480.97,343.64,413.6,343.64
416.74,223.13,483.71,223.13,483.71,340.77,416.74,340.77
418.47,220.84,485.19,220.84,485.19,338.05,418.47,338.05
421.75,219.14,488.4,219.14,488.4,336.22,421.75,336.22
424.53,217.93,490.32,217.93,490.32,333.5,424.53,333.5
426.08,217.09,491.06,217.09,491.06,331.26,426.08,331.26
429.25,215.41,493.79,215.41,493.79,328.78,429.25,328.78
430.47,213.77,494.84,213.77,494.84,326.86,430.47,326.86
433,211.84,496.48,211.84,496.48,323.37,433,323.37
435.73,210.71,498.92,210.71,498.92,321.71,435.73,321.71
437.16,209.97,499.62,209.97,499.62,319.69,437.16,319.69
439.06,208.91,501.42,208.91,501.42,318.46,439.06,318.46
441.14,205.71,503.25,205.71,503.25,314.82,441.14,314.82
444.11,205.1,505.4,205.1,505.4,312.78,444.11,312.78
445.59,203.18,506.96,203.18,506.96,310.99,445.59,310.99
448.43,202.33,509.37,202.33,509.37,309.39,448.43,309.39
450.06,200.76,510.35,200.76,510.35,306.68,450.06,306.68
452.28,199.63,512.59,199.63,512.59,305.56,452.28,305.56
454.17,198.06,514.19,198.06,514.19,303.5,454.17,303.5
456.32,196.77,516.06,196.77,516.06,301.72,456.32,301.72
457.59,195.58,516.68,195.58,516.68,299.39,457.59,299.39
459.46,194.45,518.15,194.45,518.15,297.55,459.46,297.55
462.12,193.56,520.33,193.56,520.33,295.82,462.12,295.82
463.52,192.52,521.49,192.52,521.49,294.36,463.52,294.36
465.9,190.84,523.68,190.84,523.68,292.34,465.9,292.34
468.21,190.59,525.74,190.59,525.74,291.66,468.21,291.66
469.85,189.08,527.15,189.08,527.15,289.74,469.85,289.74
472.09,187.4,529.17,187.4,529.17,287.66,472.09,287.66
474.1,187.34,530.74,187.34,530.74,286.85,474.1,286.85
478,186.23,534.11,186.23,534.11,284.79,478,284.79
482.08,185.3,538.06,185.3,538.06,283.65,482.08,283.65
482.39,184.54,537.31,184.54,537.31,281.02,482.39,281.02
484.57,183.01,539.3,183.01,539.3,279.17,484.57,279.17
488.75,181.5,543.25,181.5,543.25,277.23,488.75,277.23
490.55,179.9,544.57,179.9,544.57,274.81,490.55,274.81
491.93,178.28,545.77,178.28,545.77,272.87,491.93,272.87
494.7,177.99,548.43,177.99,548.43,272.37,494.7,272.37
495.7,176.93,549.61,176.93,549.61,271.63,495.7,271.63
498.24,176.17,551.72,176.17,551.72,270.12,498.24,270.12
500.19,175.54,553.63,175.54,553.63,269.43,500.19,269.43
500.93,174.29,554.11,174.29,554.11,267.7,500.93,267.7
502.91,173.09,555.93,173.09,555.93,266.24,502.91,266.24
504.32,172.39,557.12,172.39,557.12,265.16,504.32,265.16
506,172.06,558.53,172.06,558.53,264.34,506,264.34
507.96,171.12,560.08,171.12,560.08,262.68,507.96,262.68
508.4,170.38,560.34,170.38,560.34,261.62,508.4,261.62
509.3,168.77,560.98,168.77,560.98,259.56,509.3,259.56
510.22,167.65,561.82,167.65,561.82,258.29,510.22,258.29
511.49,166.09,562.79,166.09,562.79,256.21,511.49,256.21
512.09,165.11,563.2,165.11,563.2,254.9,512.09,254.9
513.16,164.33,563.88,164.33,563.88,253.43,513.16,253.43
513.74,163.45,564.38,163.45,564.38,252.43,513.74,252.43
514.63,161.99,565.01,161.99,565.01,250.49,514.63,250.49
514.4,161.7,564.43,161.7,564.43,249.58,514.4,249.58
515.54,161.3,565.39,161.3,565.39,248.87,515.54,248.87
515.13,159.72,564.56,159.72,564.56,246.56,515.13,246.56
515.48,158.94,564.87,158.94,564.87,245.7,515.48,245.7
516.48,157.46,565.55,157.46,565.55,243.68,516.48,243.68
516.93,156.96,566,156.96,566,243.17,516.93,243.17
517.42,155.87,566.31,155.87,566.31,241.74,517.42,241.74
518.82,155.71,567.65,155.71,567.65,241.48,518.82,241.48
518.59,154.87,567.11,154.87,567.11,240.11,518.59,240.11
519.57,154.3,567.87,154.3,567.87,239.16,519.57,239.16
520.64,153.82,568.91,153.82,568.91,238.63,520.64,238.63
521.23,152.44,569.32,152.44,569.32,236.92,521.23,236.92
521.48,151.8,569.34,151.8,569.34,235.87,521.48,235.87
523.01,150.81,570.61,150.81,570.61,234.42,523.01,234.42
523.73,150.57,571.24,150.57,571.24,234.04,523.73,234.04
524.42,149.77,571.91,149.77,571.91,233.2,524.42,233.2
525.41,148.8,572.65,148.8,572.65,231.78,525.41,231.78
526.31,148.11,573.29,148.11,573.29,230.65,526.31,230.65
526.21,147.49,573.03,147.49,573.03,229.75,526.21,229.75
528.04,147.04,574.64,147.04,574.64,228.9,528.04,228.9
528.21,146.26,574.44,146.26,574.44,227.48,528.21,227.48
529.29,144.47,575.36,144.47,575.36,225.4,529.29,225.4
530.52,144.45,576.33,144.45,576.33,224.93,530.52,224.93
531.61,143.48,577.32,143.48,577.32,223.79,531.61,223.79
532.19,142.93,577.8,142.93,577.8,223.04,532.19,223.04
532.17,142.04,577.48,142.04,577.48,221.64,532.17,221.64
533.44,140.97,578.74,140.97,578.74,220.55,533.44,220.55
533.86,140.31,578.98,140.31,578.98,219.57,533.86,219.57
533.9,139.49,578.73,139.49,578.73,218.23,533.9,218.23
534.71,138.56,579.35,138.56,579.35,217,534.71,217
535.83,137.9,580.45,137.9,580.45,216.28,535.83,216.28
535.97,137.24,580.43,137.24,580.43,215.34,535.97,215.34
536.31,136.68,580.63,136.68,580.63,214.54,536.31,214.54
536.75,135.89,580.99,135.89,580.99,213.61,536.75,213.61
537.05,135.48,581.06,135.48,581.06,212.79,537.05,212.79
537.19,134.99,581.06,134.99,581.06,212.05,537.19,212.05
537.6,133.79,581.19,133.79,581.19,210.35,537.6,210.35
537.48,133.21,581.01,133.21,581.01,209.67,537.48,209.67
537.58,132.26,580.92,132.26,580.92,208.41,537.58,208.41
537.55,131.48,580.63,131.48,580.63,207.17,537.55,207.17
537.56,131.4,580.4,131.4,580.4,206.67,537.56,206.67
537.91,131.06,580.49,131.06,580.49,205.87,537.91,205.87
538.17,130.75,580.57,130.75,580.57,205.23,538.17,205.23
537.58,130.31,579.73,130.31,579.73,204.35,537.58,204.35
537.83,129.41,579.68,129.41,579.68,202.94,537.83,202.94
537.71,128.93,579.63,128.93,579.63,202.56,537.71,202.56
537.19,127.82,578.88,127.82,578.88,201.06,537.19,201.06
536.78,127.55,578.29,127.55,578.29,200.47,536.78,200.47
536.83,127.08,578.15,127.08,578.15,199.68,536.83,199.68
536.24,125.86,577.42,125.86,577.42,198.2,536.24,198.2
536.52,125.66,577.42,125.66,577.42,197.52,536.52,197.52
535.5,124.83,576.3,124.83,576.3,196.51,535.5,196.51
535.9,124.73,576.78,124.73,576.78,196.54,535.9,196.54
534.81,123.66,575.42,123.66,575.42,195.01,534.81,195.01
534.32,123.18,574.81,123.18,574.81,194.31,534.32,194.31
534.17,122.53,574.39,122.53,574.39,193.18,534.17,193.18
533.76,122.27,573.91,122.27,573.91,192.79,533.76,192.79
533.19,121.42,573.2,121.42,573.2,191.72,533.19,191.72
533.59,121.51,573.34,121.51,573.34,191.35,533.59,191.35
533.14,120.75,572.92,120.75,572.92,190.64,533.14,190.64
532.05,119.51,571.63,119.51,571.63,189.06,532.05,189.06
531.99,119.15,571.45,119.15,571.45,188.47,531.99,188.47
531.1,118.22,570.51,118.22,570.51,187.46,531.1,187.46
531.71,118.46,570.97,118.46,570.97,187.44,531.71,187.44
531.12,117.52,570.39,117.52,570.39,186.5,531.12,186.5
530.79,116.8,569.99,116.8,569.99,185.66,530.79,185.66
530.19,115.96,569.13,115.96,569.13,184.36,530.19,184.36
530.39,115.78,569.29,115.78,569.29,184.12,530.39,184.12
530.15,115.28,568.89,115.28,568.89,183.33,530.15,183.33
529.76,114.53,568.34,114.53,568.34,182.3,529.76,182.3
530.03,114.29,568.6,114.29,568.6,182.04,530.03,182.04
529.56,113.1,568.17,113.1,568.17,180.92,529.56,180.92
529.73,112.88,568.17,112.88,568.17,180.41,529.73,180.41
528.96,112.19,567.02,112.19,567.02,179.06,528.96,179.06
528.96,111.57,566.83,111.57,566.83,178.11,528.96,178.11
529.38,111.13,566.97,111.13,566.97,177.17,529.38,177.17
529.2,110.58,566.73,110.58,566.73,176.51,529.2,176.51
528.98,109.68,566.44,109.68,566.44,175.49,528.98,175.49
528.99,109.32,566.34,109.32,566.34,174.93,528.99,174.93
528.46,108.24,565.69,108.24,565.69,173.64,528.46,173.64
528.7,108,565.78,108,565.78,173.14,528.7,173.14
528.28,107.39,565.2,107.39,565.2,172.26,528.28,172.26
528.77,107.01,565.61,107.01,565.61,171.73,528.77,171.73
528.62,106.71,565.31,106.71,565.31,171.16,528.62,171.16
528.17,105.79,564.68,105.79,564.68,169.94,528.17,169.94
528.42,105.51,564.97,105.51,564.97,169.71,528.42,169.71
528.47,105.02,564.77,105.02,564.77,168.79,528.47,168.79
528,104.08,564.07,104.08,564.07,167.45,528,167.45
528.28,103.69,564.27,103.69,564.27,166.92,528.28,166.92
527.78,102.42,563.44,102.42,563.44,165.07,527.78,165.07
527.89,102.38,563.27,102.38,563.27,164.54,527.89,164.54
527.99,101.93,563.36,101.93,563.36,164.07,527.99,164.07
528.08,101.98,563.34,101.98,563.34,163.92,528.08,163.92
527.63,101.15,562.54,101.15,562.54,162.48,527.63,162.48
527.28,100.54,562,100.54,562,161.54,527.28,161.54
527.62,100.66,562.29,100.66,562.29,161.57,527.62,161.57
527.29,99.798,561.86,99.798,561.86,160.52,527.29,160.52
526.9,99.291,561.24,99.291,561.24,159.61,526.9,159.61
527.17,99.246,561.57,99.246,561.57,159.68,527.17,159.68
526.97,99.379,561.26,99.379,561.26,159.62,526.97,159.62
526.67,98.663,560.88,98.663,560.88,158.77,526.67,158.77
525.92,97.682,560.05,97.682,560.05,157.65,525.92,157.65
525.48,97.061,559.42,97.061,559.42,156.68,525.48,156.68
525.76,97.356,559.66,97.356,559.66,156.9,525.76,156.9
525.05,96.4,558.72,96.4,558.72,155.55,525.05,155.55
525.38,96.701,559.03,96.701,559.03,155.82,525.38,155.82
524.97,96.133,558.45,96.133,558.45,154.94,524.97,154.94
524.26,95.491,557.63,95.491,557.63,154.12,524.26,154.12
523.83,95.141,557.08,95.141,557.08,153.56,523.83,153.56
523.95,95.241,557.17,95.241,557.17,153.59,523.95,153.59
523.71,94.459,556.78,94.459,556.78,152.55,523.71,152.55
522.69,93.394,555.94,93.394,555.94,151.8,522.69,151.8
522.68,93.389,555.86,93.389,555.86,151.69,522.68,151.69
522.18,92.752,555.36,92.752,555.36,151.03,522.18,151.03
521.88,92.316,554.96,92.316,554.96,150.43,521.88,150.43
521.56,91.93,554.63,91.93,554.63,150.02,521.56,150.02
521.25,91.217,554.3,91.217,554.3,149.28,521.25,149.28
521.11,90.997,554.03,90.997,554.03,148.84,521.11,148.84
521.18,90.874,553.99,90.874,553.99,148.5,521.18,148.5
520.17,90.06,552.91,90.06,552.91,147.58,520.17,147.58
520.24,89.864,552.85,89.864,552.85,147.15,520.24,147.15
520.25,89.732,552.91,89.732,552.91,147.11,520.25,147.11
519.62,89.262,552.09,89.262,552.09,146.3,519.62,146.3
519.2,88.605,551.57,88.605,551.57,145.46,519.2,145.46
519.08,88.619,551.32,88.619,551.32,145.27,519.08,145.27
519.13,88.717,551.43,88.717,551.43,145.47,519.13,145.47
518.35,87.918,550.48,87.918,550.48,144.38,518.35,144.38
518.46,88.085,550.46,88.085,550.46,144.3,518.46,144.3
517.42,86.984,549.07,86.984,549.07,142.59,517.42,142.59
516.53,86.683,548,86.683,548,141.98,516.53,141.98
516.73,86.735,548.09,86.735,548.09,141.81,516.73,141.81
515.83,86.167,546.84,86.167,546.84,140.65,515.83,140.65
515.17,85.958,545.9,85.958,545.9,139.93,515.17,139.93
515.08,86.175,545.77,86.175,545.77,140.08,515.08,140.08
514.09,85.715,544.65,85.715,544.65,139.39,514.09,139.39
513.08,85.178,543.56,85.178,543.56,138.72,513.08,138.72
513.14,85.264,543.52,85.264,543.52,138.63,513.14,138.63
512.2,84.893,542.57,84.893,542.57,138.24,512.2,138.24
511.55,84.663,541.84,84.663,541.84,137.88,511.55,137.88
509.72,83.661,539.8,83.661,539.8,136.5,509.72,136.5
509.05,83.615,539.19,83.615,539.19,136.55,509.05,136.55
508.61,83.494,538.64,83.494,538.64,136.24,508.61,136.24
507.65,82.992,537.6,82.992,537.6,135.59,507.65,135.59
506.61,82.077,536.64,82.077,536.64,134.83,506.61,134.83
506.08,82.216,536.07,82.216,536.07,134.91,506.08,134.91
505.64,82.144,535.57,82.144,535.57,134.72,505.64,134.72
504.15,81.231,533.93,81.231,533.93,133.55,504.15,133.55
504.05,81.638,533.72,81.638,533.72,133.76,504.05,133.76
503.25,81.374,532.85,81.374,532.85,133.37,503.25,133.37
502.35,80.863,531.69,80.863,531.69,132.41,502.35,132.41
502.49,81.037,531.75,81.037,531.75,132.44,502.49,132.44
501.23,80.417,530.3,80.417,530.3,131.48,501.23,131.48
501.37,80.745,530.24,80.745,530.24,131.45,501.37,131.45
500.07,79.863,529.01,79.863,529.01,130.7,500.07,130.7
499.67,79.722,528.54,79.722,528.54,130.44,499.67,130.44
498.08,79.059,526.91,79.059,526.91,129.71,498.08,129.71
497.32,78.491,526.19,78.491,526.19,129.21,497.32,129.21
496.76,78.25,525.36,78.25,525.36,128.49,496.76,128.49
496.09,78.198,524.43,78.198,524.43,127.99,496.09,127.99
494.88,77.773,523.03,77.773,523.03,127.23,494.88,127.23
493.55,76.662,521.57,76.662,521.57,125.88,493.55,125.88
493.69,77.034,521.57,77.034,521.57,126.01,493.69,126.01
492.75,76.82,520.64,76.82,520.64,125.83,492.75,125.83
492.37,76.388,520.17,76.388,520.17,125.22,492.37,125.22
490.9,75.371,518.67,75.371,518.67,124.15,490.9,124.15
490.47,75.209,518.11,75.209,518.11,123.77,490.47,123.77
490.14,75.417,517.67,75.417,517.67,123.78,490.14,123.78
489.54,75.375,517.11,75.375,517.11,123.8,489.54,123.8
488.49,75.027,516.02,75.027,516.02,123.4,488.49,123.4
487.42,74.37,514.91,74.37,514.91,122.67,487.42,122.67
486.91,74.383,514.31,74.383,514.31,122.51,486.91,122.51
485.39,73.243,512.71,73.243,512.71,121.24,485.39,121.24
484.56,72.953,511.89,72.953,511.89,120.97,484.56,120.97
482.85,72.323,510.11,72.323,510.11,120.22,482.85,120.22
482.23,72.623,509.38,72.623,509.38,120.32,482.23,120.32
481.41,72.426,508.35,72.426,508.35,119.74,481.41,119.74
480.57,72.044,507.4,72.044,507.4,119.18,480.57,119.18
479.85,71.874,506.76,71.874,506.76,119.15,479.85,119.15
478.86,71.439,505.78,71.439,505.78,118.73,478.86,118.73
477.63,71.279,504.47,71.279,504.47,118.43,477.63,118.43
476.52,71.058,503.18,71.058,503.18,117.9,476.52,117.9
474.42,69.76,500.97,69.76,500.97,116.4,474.42,116.4
474.53,70.157,500.99,70.157,500.99,116.63,474.53,116.63
473.56,70.06,499.88,70.06,499.88,116.29,473.56,116.29
472.81,69.68,498.86,69.68,498.86,115.44,472.81,115.44
471.64,69.605,497.53,69.605,497.53,115.1,471.64,115.1
470.66,69.24,496.46,69.24,496.46,114.57,470.66,114.57
470.85,69.335,496.69,69.335,496.69,114.73,470.85,114.73
469.75,69.016,495.61,69.016,495.61,114.45,469.75,114.45
468.89,68.575,494.69,68.575,494.69,113.91,468.89,113.91
468.29,68.521,494.09,68.521,494.09,113.84,468.29,113.84
467.24,68.175,492.95,68.175,492.95,113.34,467.24,113.34
466.08,67.34,491.65,67.34,491.65,112.27,466.08,112.27
465.63,67.088,491.14,67.088,491.14,111.91,465.63,111.91
465.45,67.194,490.99,67.194,490.99,112.06,465.45,112.06
464.89,66.983,490.25,66.983,490.25,111.53,464.89,111.53
464.5,67.125,489.79,67.125,489.79,111.55,464.5,111.55
463.78,66.333,489.01,66.333,489.01,110.66,463.78,110.66
463.24,66.109,488.23,66.109,488.23,110.01,463.24,110.01
463.06,66.038,487.96,66.038,487.96,109.79,463.06,109.79
462.6,65.669,487.4,65.669,487.4,109.24,462.6,109.24
462.44,65.864,487.1,65.864,487.1,109.19,462.44,109.19
461.87,65.882,486.48,65.882,486.48,109.12,461.87,109.12
461.15,65.151,485.7,65.151,485.7,108.26,461.15,108.26
460.52,65.104,484.96,65.104,484.96,108.04,460.52,108.04
460.59,65.3,484.9,65.3,484.9,108.02,460.59,108.02
459.85,65.073,484.08,65.073,484.08,107.63,459.85,107.63
458.6,64.191,482.8,64.191,482.8,106.72,458.6,106.72
458.34,64.047,482.46,64.047,482.46,106.41,458.34,106.41
457.38,63.697,481.52,63.697,481.52,106.11,457.38,106.11
456.51,63.491,480.56,63.491,480.56,105.75,456.51,105.75
456.38,63.463,480.4,63.463,480.4,105.67,456.38,105.67
456.09,63.452,480.01,63.452,480.01,105.47,456.09,105.47
455.07,62.879,478.93,62.879,478.93,104.79,455.07,104.79
454.3,62.607,478.06,62.607,478.06,104.35,454.3,104.35
453.76,62.374,477.31,62.374,477.31,103.73,453.76,103.73
452.93,62.189,476.47,62.189,476.47,103.56,452.93,103.56
452.71,61.903,476.3,61.903,476.3,103.35,452.71,103.35
452.59,62.043,476.15,62.043,476.15,103.42,452.59,103.42
451.76,61.769,475.2,61.769,475.2,102.94,451.76,102.94
450.98,61.477,474.35,61.477,474.35,102.52,450.98,102.52
450.91,61.725,474.14,61.725,474.14,102.53,450.91,102.53
450.3,61.561,473.39,61.561,473.39,102.14,450.3,102.14
448.92,61.076,471.87,61.076,471.87,101.4,448.92,101.4
448.73,60.708,471.77,60.708,471.77,101.17,448.73,101.17
448.05,60.503,471.05,60.503,471.05,100.91,448.05,100.91
447.25,60.366,470.18,60.366,470.18,100.64,447.25,100.64
446.59,59.895,469.51,59.895,469.51,100.14,446.59,100.14
445.9,59.325,468.79,59.325,468.79,99.54,445.9,99.54
444.99,59.038,467.82,59.038,467.82,99.146,444.99,99.146
443.59,58.373,466.36,58.373,466.36,98.374,443.59,98.374
442.67,57.755,465.61,57.755,465.61,98.055,442.67,98.055
442.96,58.211,465.77,58.211,465.77,98.283,442.96,98.283
441.57,57.594,464.37,57.594,464.37,97.66,441.57,97.66
441.12,57.568,463.91,57.568,463.91,97.606,441.12,97.606
440.33,57.45,463.08,57.45,463.08,97.424,440.33,97.424
439.99,57.035,462.73,57.035,462.73,96.989,439.99,96.989
439.32,56.673,462.06,56.673,462.06,96.636,439.32,96.636
438.62,56.574,461.32,56.574,461.32,96.444,438.62,96.444
438.12,56.37,460.72,56.37,460.72,96.07,438.12,96.07
438.24,56.752,460.87,56.752,460.87,96.517,438.24,96.517
437.11,56.392,459.73,56.392,459.73,96.119,437.11,96.119
436.4,55.896,459.03,55.896,459.03,95.658,436.4,95.658
435.08,55.728,457.59,55.728,457.59,95.275,435.08,95.275
434.82,55.759,457.18,55.759,457.18,95.037,434.82,95.037
433.62,55.087,455.85,55.087,455.85,94.145,433.62,94.145
433.75,55.252,455.9,55.252,455.9,94.159,433.75,94.159
432.84,54.928,454.87,54.928,454.87,93.642,432.84,93.642
432.11,54.434,454.23,54.434,454.23,93.288,432.11,93.288
431.58,54.303,453.75,54.303,453.75,93.236,431.58,93.236
431.8,54.765,453.79,54.765,453.79,93.4,431.8,93.4
430.55,54.196,452.49,54.196,452.49,92.74,430.55,92.74
430.73,54.286,452.61,54.286,452.61,92.718,430.73,92.718
430.13,54.32,451.95,54.32,451.95,92.64,430.13,92.64
429.51,54.09,451.18,54.09,451.18,92.15,429.51,92.15
428.62,53.723,450.27,53.723,450.27,91.762,428.62,91.762
428.18,53.556,449.72,53.556,449.72,91.402,428.18,91.402
427.88,53.616,449.43,53.616,449.43,91.475,427.88,91.475
