539.5,327.5,580.5,327.5,580.5,450.5,539.5,450.5
536.9,326.99,578.14,326.99,578.14,450.72,536.9,450.72
531.01,326.26,572.68,326.26,572.68,451.27,531.01,451.27
528.39,326.63,569.19,326.63,569.19,449.04,528.39,449.04
524.75,327.12,565.17,327.12,565.17,448.41,524.75,448.41
523.89,329,564.2,329,564.2,449.96,523.89,449.96
519.68,328.62,559.94,328.62,559.94,449.38,519.68,449.38
514.91,327.89,554.51,327.89,554.51,446.7,514.91,446.7
512.25,328.36,551.91,328.36,551.91,447.35,512.25,447.35
503.73,327.87,543.26,327.87,543.26,446.45,503.73,446.45
497.05,327.91,537.12,327.91,537.12,448.11,497.05,448.11
496.32,328.89,536.34,328.89,536.34,448.95,496.32,448.95
492.72,328.75,533.83,328.75,533.83,452.08,492.72,452.08
491.09,329.17,532.5,329.17,532.5,453.4,491.09,453.4
489.41,328.2,531.38,328.2,531.38,454.13,489.41,454.13
488.02,327.8,530.28,327.8,530.28,454.59,488.02,454.59
483.28,325.76,524.03,325.76,524.03,448.03,483.28,448.03
450.41,326.64,491.15,326.64,491.15,448.87,450.41,448.87
451.64,325.99,492.21,325.99,492.21,447.69,451.64,447.69
457.56,324.93,497.57,324.93,497.57,444.93,457.56,444.93
454.68,326.91,494.62,326.91,494.62,446.74,454.68,446.74
451.71,325.34,492.74,325.34,492.74,448.42,451.71,448.42
451.39,325.54,492.22,325.54,492.22,448.05,451.39,448.05
435.79,326.88,476.36,326.88,476.36,448.58,435.79,448.58
436.41,327.02,476.9,327.02,476.9,448.47,436.41,448.47
431.9,327.31,472.5,327.31,472.5,449.11,431.9,449.11
428.85,326.67,468.95,326.67,468.95,446.95,428.85,446.95
426.73,326.1,466.64,326.1,466.64,445.82,426.73,445.82
420.25,326.3,460.78,326.3,460.78,447.89,420.25,447.89
417.18,325.93,457.8,325.93,457.8,447.81,417.18,447.81
412.16,325.72,452.88,325.72,452.88,447.9,412.16,447.9
410.24,327.08,451.04,327.08,451.04,449.5,410.24,449.5
399.69,326.95,440.47,326.95,440.47,449.29,399.69,449.29
393.42,322.91,433.6,322.91,433.6,443.43,393.42,443.43
387.9,321.7,427.98,321.7,427.98,441.94,387.9,441.94
381.78,321.31,421.94,321.31,421.94,441.8,381.78,441.8
379.4,321.5,419.94,321.5,419.94,443.13,379.4,443.13
374.84,321.1,415.53,321.1,415.53,443.18,374.84,443.18
373.14,321.22,413.85,321.22,413.85,443.35,373.14,443.35
371.16,321.12,411.77,321.12,411.77,442.95,371.16,442.95
364.9,322.02,405.59,322.02,405.59,444.08,364.9,444.08
362.53,323.15,403.5,323.15,403.5,446.08,362.53,446.08
355.46,323.28,396.52,323.28,396.52,446.46,355.46,446.46
350.03,322.71,391.04,322.71,391.04,445.74,350.03,445.74
341.13,319.04,381.67,319.04,381.67,440.65,341.13,440.65
335.91,318.66,376.33,318.66,376.33,439.93,335.91,439.93
332.58,321.53,373.31,321.53,373.31,443.73,332.58,443.73
326.67,321.09,367.6,321.09,367.6,443.88,326.67,443.88
324.51,320.39,365.32,320.39,365.32,442.84,324.51,442.84
318.32,321.73,359.01,321.73,359.01,443.8,318.32,443.8
314.24,321.59,354.79,321.59,354.79,443.25,314.24,443.25
307.7,321.38,348.26,321.38,348.26,443.07,307.7,443.07
306.37,320.11,346.91,320.11,346.91,441.74,306.37,441.74
301.18,315.77,341.27,315.77,341.27,436.05,301.18,436.05
298.6,316.79,338.66,316.79,338.66,436.96,298.6,436.96
295.34,315.99,335.71,315.99,335.71,437.11,295.34,437.11
292.47,315.26,333.23,315.26,333.23,437.54,292.47,437.54
291.18,314.33,332.71,314.33,332.71,438.9,291.18,438.9
288.05,315.1,330.37,315.1,330.37,442.07,288.05,442.07
284.02,315.6,326.84,315.6,326.84,444.07,284.02,444.07
280.91,313.63,324.06,313.63,324.06,443.1,280.91,443.1
274.13,312.14,317.16,312.14,317.16,441.25,274.13,441.25
264.1,307,306.39,307,306.39,433.85,264.1,433.85
263.02,310.66,304.8,310.66,304.8,436.01,263.02,436.01
257.47,310.86,299.27,310.86,299.27,436.28,257.47,436.28
256.3,311.78,298.43,311.78,298.43,438.18,256.3,438.18
252.43,311.44,294.73,311.44,294.73,438.34,252.43,438.34
248.21,311.28,290.39,311.28,290.39,437.8,248.21,437.8
243.2,311.7,285.3,311.7,285.3,438,243.2,438
241.64,311.53,283.73,311.53,283.73,437.81,241.64,437.81
234.63,306.41,275.73,306.41,275.73,429.71,234.63,429.71
233.07,309.96,274.59,309.96,274.59,434.53,233.07,434.53
228.45,307.89,269.89,307.89,269.89,432.21,228.45,432.21
227.11,308.19,268.62,308.19,268.62,432.73,227.11,432.73
225.66,307.83,267.42,307.83,267.42,433.1,225.66,433.1
225.29,307.86,267.14,307.86,267.14,433.42,225.29,433.42
222.52,307.6,264.73,307.6,264.73,434.24,222.52,434.24
219.93,306.46,262.29,306.46,262.29,433.54,219.93,433.54
217.2,306.8,259.58,306.8,259.58,433.92,217.2,433.92
215.04,307.53,257.23,307.53,257.23,434.11,215.04,434.11
212.54,308.31,254.65,308.31,254.65,434.64,212.54,434.64
207.3,301.89,249.13,301.89,249.13,427.39,207.3,427.39
207.99,311.51,250.33,311.51,250.33,438.53,207.99,438.53
201.37,305.41,243.27,305.41,243.27,431.1,201.37,431.1
202.21,310.33,244.21,310.33,244.21,436.33,202.21,436.33
195.85,304.51,237.6,304.51,237.6,429.75,195.85,429.75
196.32,308.77,237.97,308.77,237.97,433.73,196.32,433.73
195.83,308.05,237.38,308.05,237.38,432.71,195.83,432.71
194.1,306.92,235.4,306.92,235.4,430.82,194.1,430.82
194.37,307.8,235.57,307.8,235.57,431.4,194.37,431.4
194.47,308.38,235.67,308.38,235.67,431.98,194.47,431.98
194.71,307.87,235.91,307.87,235.91,431.47,194.71,431.47
194.41,307.67,235.31,307.67,235.31,430.36,194.41,430.36
195.15,306.59,236.15,306.59,236.15,429.58,195.15,429.58
195.9,307.87,236.87,307.87,236.87,430.76,195.9,430.76
195.52,305.63,236.57,305.63,236.57,428.79,195.52,428.79
195.58,306.05,236.73,306.05,236.73,429.51,195.58,429.51
195.04,305.45,235.92,305.45,235.92,428.1,195.04,428.1
194.86,306.02,235.61,306.02,235.61,428.28,194.86,428.28
194.84,305.86,235.56,305.86,235.56,428.02,194.84,428.02
194.63,306.31,235.25,306.31,235.25,428.17,194.63,428.17
193.88,305.77,234.42,305.77,234.42,427.4,193.88,427.4
194.21,305.76,234.61,305.76,234.61,426.93,194.21,426.93
193.74,306.08,234.04,306.08,234.04,426.96,193.74,426.96
192.8,305.85,233.27,305.85,233.27,427.27,192.8,427.27
191.71,306.38,232.16,306.38,232.16,427.72,191.71,427.72
190.43,305.59,230.85,305.59,230.85,426.86,190.43,426.86
189.46,305.48,230.13,305.48,230.13,427.5,189.46,427.5
189.2,306.13,229.92,306.13,229.92,428.27,189.2,428.27
191.13,305.23,231.88,305.23,231.88,427.48,191.13,427.48
190.99,305.22,231.84,305.22,231.84,427.78,190.99,427.78
191.8,304.69,232.66,304.69,232.66,427.25,191.8,427.25
191.62,304,232.56,304,232.56,426.83,191.62,426.83
192.44,303.98,233.6,303.98,233.6,427.46,192.44,427.46
191.51,303.04,233,303.04,233,427.52,191.51,427.52
189.97,303.49,231.53,303.49,231.53,428.16,189.97,428.16
189.04,304.86,230.32,304.86,230.32,428.71,189.04,428.71
188.23,305.13,229.72,305.13,229.72,429.61,188.23,429.61
187.1,305.38,228.74,305.38,228.74,430.3,187.1,430.3
184.43,304.76,226.04,304.76,226.04,429.6,184.43,429.6
180.32,303.71,221.88,303.71,221.88,428.39,180.32,428.39
181.27,304.53,222.98,304.53,222.98,429.67,181.27,429.67
170.5,299.9,212.39,299.9,212.39,425.56,170.5,425.56
168.51,299.98,210.48,299.98,210.48,425.88,168.51,425.88
167.85,297.75,210.03,297.75,210.03,424.28,167.85,424.28
166.51,299.13,208.7,299.13,208.7,425.7,166.51,425.7
166.48,297.79,208.66,297.79,208.66,424.35,166.48,424.35
166.94,298.47,209.21,298.47,209.21,425.29,166.94,425.29
167.07,299.83,209.42,299.83,209.42,426.89,167.07,426.89
167.63,298.59,210.05,298.59,210.05,425.85,167.63,425.85
193.61,302.1,235.85,302.1,235.85,428.82,193.61,428.82
193.21,302.47,235.56,302.47,235.56,429.5,193.21,429.5
193.78,303.57,235.95,303.57,235.95,430.06,193.78,430.06
193.5,303.46,235.28,303.46,235.28,428.82,193.5,428.82
194.21,303.18,236.06,303.18,236.06,428.73,194.21,428.73
169.27,292.44,211.14,292.44,211.14,418.06,169.27,418.06
168.53,293.64,210.28,293.64,210.28,418.9,168.53,418.9
169.25,297.98,211.27,297.98,211.27,424.03,169.25,424.03
168.72,295.73,210.73,295.73,210.73,421.77,168.72,421.77
168.78,297.45,210.99,297.45,210.99,424.08,168.78,424.08
168.76,298.05,211.05,298.05,211.05,424.91,168.76,424.91
168.79,297.93,211.11,297.93,211.11,424.87,168.79,424.87
168.65,296.09,211.14,296.09,211.14,423.57,168.65,423.57
166.94,295.89,209.37,295.89,209.37,423.18,166.94,423.18
166.74,297.58,209.18,297.58,209.18,424.91,166.74,424.91
165.72,297.82,208.13,297.82,208.13,425.04,165.72,425.04
164.89,301.22,207.49,301.22,207.49,429.02,164.89,429.02
193.13,303.69,235.53,303.69,235.53,430.9,193.13,430.9
193.69,304.57,235.99,304.57,235.99,431.47,193.69,431.47
193.88,304.2,235.87,304.2,235.87,430.19,193.88,430.19
193.39,305.11,235.5,305.11,235.5,431.44,193.39,431.44
193.8,305.05,235.94,305.05,235.94,431.47,193.8,431.47
193.6,304.39,235.71,304.39,235.71,430.72,193.6,430.72
193.64,305.27,235.76,305.27,235.76,431.62,193.64,431.62
193.31,304.75,235.41,304.75,235.41,431.05,193.31,431.05
193.76,305.91,235.87,305.91,235.87,432.23,193.76,432.23
193.89,304.79,235.95,304.79,235.95,430.96,193.89,430.96
193.62,305.5,235.74,305.5,235.74,431.88,193.62,431.88
193.63,305.32,235.77,305.32,235.77,431.73,193.63,431.73
193.76,305.23,235.87,305.23,235.87,431.56,193.76,431.56
193.81,305.41,235.93,305.41,235.93,431.76,193.81,431.76
193.81,305.89,235.86,305.89,235.86,432.06,193.81,432.06
193.65,305.13,235.67,305.13,235.67,431.2,193.65,431.2
193.86,305.6,236.15,305.6,236.15,432.45,193.86,432.45
193.39,304.75,235.75,304.75,235.75,431.85,193.39,431.85
193.53,305.02,235.79,305.02,235.79,431.8,193.53,431.8
193.22,304.46,235.56,304.46,235.56,431.47,193.22,431.47
193.18,304.97,235.49,304.97,235.49,431.9,193.18,431.9
193.74,305.2,236,305.2,236,431.97,193.74,431.97
193.1,304.9,235.37,304.9,235.37,431.72,193.1,431.72
192.92,304.26,235.29,304.26,235.29,431.37,192.92,431.37
193.29,305.42,235.45,305.42,235.45,431.89,193.29,431.89
192.95,305.02,235.09,305.02,235.09,431.44,192.95,431.44
193.2,305.9,235.41,305.9,235.41,432.52,193.2,432.52
192.7,304.99,234.89,304.99,234.89,431.56,192.7,431.56
192.58,305.04,234.76,305.04,234.76,431.57,192.58,431.57
193.02,305.15,235.15,305.15,235.15,431.53,193.02,431.53
193.1,306.2,235.26,306.2,235.26,432.66,193.1,432.66
192.6,305.09,234.77,305.09,234.77,431.63,192.6,431.63
192.54,304.93,234.77,304.93,234.77,431.63,192.54,431.63
192.48,304.61,234.79,304.61,234.79,431.54,192.48,431.54
192.59,305.4,234.87,305.4,234.87,432.25,192.59,432.25
192.85,305.29,235.1,305.29,235.1,432.03,192.85,432.03
192.82,305.51,235.13,305.51,235.13,432.42,192.82,432.42
192.98,306.13,235.02,306.13,235.02,432.25,192.98,432.25
193.05,305.7,235.18,305.7,235.18,432.08,193.05,432.08
192.93,305.56,235.02,305.56,235.02,431.83,192.93,431.83
192.92,305.47,235.11,305.47,235.11,432.03,192.92,432.03
192.9,305.07,235.12,305.07,235.12,431.71,192.9,431.71
192.96,305.6,234.53,305.6,234.53,430.31,192.96,430.31
192.98,306.06,234.73,306.06,234.73,431.32,192.98,431.32
193.15,305.79,235.09,305.79,235.09,431.61,193.15,431.61
192.68,305.09,234.64,305.09,234.64,430.96,192.68,430.96
192.58,305.08,234.58,305.08,234.58,431.1,192.58,431.1
192.96,305.28,234.67,305.28,234.67,430.43,192.96,430.43
192.81,305.18,234.74,305.18,234.74,430.97,192.81,430.97
192.49,305.1,234.41,305.1,234.41,430.84,192.49,430.84
192.58,305.41,234.56,305.41,234.56,431.33,192.58,431.33
192.5,305.21,234.53,305.21,234.53,431.29,192.5,431.29
192.82,305.87,234.85,305.87,234.85,431.94,192.82,431.94
192.93,306.24,234.88,306.24,234.88,432.07,192.93,432.07
192.67,305.44,234.64,305.44,234.64,431.35,192.67,431.35
192.3,304.92,234.41,304.92,234.41,431.24,192.3,431.24
192.72,305.64,234.77,305.64,234.77,431.81,192.72,431.81
192.98,306.28,234.83,306.28,234.83,431.82,192.98,431.82
192.78,306.01,234.77,306.01,234.77,431.98,192.78,431.98
192.64,305.32,234.68,305.32,234.68,431.42,192.64,431.42
192.85,306.25,234.74,306.25,234.74,431.93,192.85,431.93
192.49,305.52,234.55,305.52,234.55,431.71,192.49,431.71
193.07,306.48,234.9,306.48,234.9,431.96,193.07,431.96
192.75,307.07,234.4,307.07,234.4,432.02,192.75,432.02
192.49,306.92,233.93,306.92,233.93,431.23,192.49,431.23
192.2,307.06,233.39,307.06,233.39,430.62,192.2,430.62
192.65,308.3,233.22,308.3,233.22,429.99,192.65,429.99
192.52,308.5,232.96,308.5,232.96,429.82,192.52,429.82
192.75,309.12,233.17,309.12,233.17,430.37,192.75,430.37
192.8,309.18,233.02,309.18,233.02,429.84,192.8,429.84
192.77,308.95,233.29,308.95,233.29,430.5,192.77,430.5
192.5,308.78,232.79,308.78,232.79,429.63,192.5,429.63
192.31,308.78,232.63,308.78,232.63,429.72,192.31,429.72
192.66,308.69,232.96,308.69,232.96,429.6,192.66,429.6
192.11,307.72,232.95,307.72,232.95,430.24,192.11,430.24
192.22,307.07,233.35,307.07,233.35,430.46,192.22,430.46
192.12,307.1,233.33,307.1,233.33,430.72,192.12,430.72
192.65,308.38,233.29,308.38,233.29,430.28,192.65,430.28
192.33,308.21,232.97,308.21,232.97,430.13,192.33,430.13
192.42,307.06,233.44,307.06,233.44,430.12,192.42,430.12
192.66,306.6,234.11,306.6,234.11,430.96,192.66,430.96
192.23,305.98,233.59,305.98,233.59,430.06,192.23,430.06
192.11,305.69,233.96,305.69,233.96,431.22,192.11,431.22
192.91,307.39,234.18,307.39,234.18,431.22,192.91,431.22
192.73,306.42,234.37,306.42,234.37,431.35,192.73,431.35
192.42,305.77,234.09,305.77,234.09,430.78,192.42,430.78
192.22,305.69,233.81,305.69,233.81,430.47,192.22,430.47
192.38,305.98,234.28,305.98,234.28,431.68,192.38,431.68
192.03,305.28,234.12,305.28,234.12,431.56,192.03,431.56
192.61,305.05,234.64,305.05,234.64,431.12,192.61,431.12
192.86,305.88,234.78,305.88,234.78,431.62,192.86,431.62
192.25,305.35,234.21,305.35,234.21,431.23,192.25,431.23
192.05,305.22,234.2,305.22,234.2,431.66,192.05,431.66
192.43,305.21,234.54,305.21,234.54,431.53,192.43,431.53
193.25,306.8,234.75,306.8,234.75,431.29,193.25,431.29
193.13,307.35,234.23,307.35,234.23,430.68,193.13,430.68
192.39,306.59,233.96,306.59,233.96,431.31,192.39,431.31
193.24,307.82,234.34,307.82,234.34,431.13,193.24,431.13
192.91,307.71,233.85,307.71,233.85,430.52,192.91,430.52
193.18,308.32,234.1,308.32,234.1,431.07,193.18,431.07
193.31,308.4,234.23,308.4,234.23,431.16,193.31,431.16
193.53,308.15,234.31,308.15,234.31,430.49,193.53,430.49
193.38,308.39,234.09,308.39,234.09,430.52,193.38,430.52
193.42,308.34,234.13,308.34,234.13,430.46,193.42,430.46
193.25,308.24,234,308.24,234,430.49,193.25,430.49
193.29,308.06,234.05,308.06,234.05,430.33,193.29,430.33
193.42,308.29,234.02,308.29,234.02,430.09,193.42,430.09
192.55,306.41,234.09,306.41,234.09,431.04,192.55,431.04
193.09,307.13,234.35,307.13,234.35,430.91,193.09,430.91
193.08,307.46,234.28,307.46,234.28,431.09,193.08,431.09
193.27,307.37,234.43,307.37,234.43,430.84,193.27,430.84
192.24,306.27,233.91,306.27,233.91,431.27,192.24,431.27
192.32,305.82,234.27,305.82,234.27,431.65,192.32,431.65
192.3,305.7,234.32,305.7,234.32,431.74,192.3,431.74
192.99,307.12,234.45,307.12,234.45,431.47,192.99,431.47
192.5,306.29,234.16,306.29,234.16,431.27,192.5,431.27
192.27,305.87,234.09,305.87,234.09,431.35,192.27,431.35
192.98,307.13,234.39,307.13,234.39,431.36,192.98,431.36
192.63,306.27,234.33,306.27,234.33,431.37,192.63,431.37
192.33,306.04,234.15,306.04,234.15,431.5,192.33,431.5
192.76,307.21,234.29,307.21,234.29,431.8,192.76,431.8
193.18,307.38,234.5,307.38,234.5,431.32,193.18,431.32
193.09,307.58,234.16,307.58,234.16,430.8,193.09,430.8
192.31,306.52,233.93,306.52,233.93,431.39,192.31,431.39
192.33,305.91,234.14,305.91,234.14,431.33,192.33,431.33
193.02,307.26,234.39,307.26,234.39,431.39,193.02,431.39
192.22,306,234.21,306,234.21,431.98,192.22,431.98
192.16,305.48,234.29,305.48,234.29,431.87,192.16,431.87
192.81,306.91,234.22,306.91,234.22,431.14,192.81,431.14
192.43,306.93,233.81,306.93,233.81,431.08,192.43,431.08
191.99,306.37,233.68,306.37,233.68,431.44,191.99,431.44
192.11,305.78,234.05,305.78,234.05,431.59,192.11,431.59
192.1,305.27,234.06,305.27,234.06,431.15,192.1,431.15
192.05,305.15,234.09,305.15,234.09,431.25,192.05,431.25
192.38,305.65,234.48,305.65,234.48,431.96,192.38,431.96
192.56,306.51,234.38,306.51,234.38,431.96,192.56,431.96
192.84,306.65,234.49,306.65,234.49,431.6,192.84,431.6
192.2,305.87,234.04,305.87,234.04,431.4,192.2,431.4
192.88,306.57,234.51,306.57,234.51,431.48,192.88,431.48
192.53,306.18,234.29,306.18,234.29,431.48,192.53,431.48
192.69,307.09,234.23,307.09,234.23,431.71,192.69,431.71
192.77,307.13,234.21,307.13,234.21,431.44,192.77,431.44
192.15,306.16,233.72,306.16,233.72,430.88,192.15,430.88
192.79,307.05,234.16,307.05,234.16,431.16,192.79,431.16
192.1,306.29,233.66,306.29,233.66,430.98,192.1,430.98
192.96,307.2,234.42,307.2,234.42,431.59,192.96,431.59
192.54,306.93,233.96,306.93,233.96,431.18,192.54,431.18
192.32,306.8,233.63,306.8,233.63,430.74,192.32,430.74
192.97,307.47,234.1,307.47,234.1,430.84,192.97,430.84
192.34,306.46,233.99,306.46,233.99,431.41,192.34,431.41
192.27,306.11,234.03,306.11,234.03,431.37,192.27,431.37
193.01,307.01,234.48,307.01,234.48,431.41,193.01,431.41
192.95,307.06,234.26,307.06,234.26,431.01,192.95,431.01
192.98,307.49,234.1,307.49,234.1,430.86,192.98,430.86
192.37,306.29,233.88,306.29,233.88,430.82,192.37,430.82
192.83,307.23,234.23,307.23,234.23,431.44,192.83,431.44
192.54,306.39,234.19,306.39,234.19,431.34,192.54,431.34
192.24,305.98,234.12,305.98,234.12,431.63,192.24,431.63
192.23,305.59,234.12,305.59,234.12,431.25,192.23,431.25
192.4,305.59,234.29,305.59,234.29,431.25,192.4,431.25
192.33,305.55,234.22,305.55,234.22,431.21,192.33,431.21
192.3,305.38,234.42,305.38,234.42,431.74,192.3,431.74
193.26,307.13,234.55,307.13,234.55,431,193.26,431
193.17,307.47,234.23,307.47,234.23,430.63,193.17,430.63
193.04,307.9,233.88,307.9,233.88,430.42,193.04,430.42
192.37,306.77,233.79,306.77,233.79,431.04,192.37,431.04
192.3,306.31,233.88,306.31,233.88,431.05,192.3,431.05
192.9,307.34,234.23,307.34,234.23,431.32,192.9,431.32
192.45,306.25,234.02,306.25,234.02,430.94,192.45,430.94
192.99,307.13,234.32,307.13,234.32,431.14,192.99,431.14
192.25,306.45,233.59,306.45,233.59,430.47,192.25,430.47
192.31,306.75,233.47,306.75,233.47,430.22,192.31,430.22
192.42,306.3,233.85,306.3,233.85,430.59,192.42,430.59
192.36,306.16,234.02,306.16,234.02,431.12,192.36,431.12
192.17,305.98,233.91,305.98,233.91,431.2,192.17,431.2
192.72,306.27,234.49,306.27,234.49,431.57,192.72,431.57
192.88,306.56,234.55,306.56,234.55,431.56,192.88,431.56
192.22,306.02,233.99,306.02,233.99,431.34,192.22,431.34
192.68,306.53,234.35,306.53,234.35,431.57,192.68,431.57
192.31,306.07,233.96,306.07,233.96,431.03,192.31,431.03
192.29,306.14,234.06,306.14,234.06,431.45,192.29,431.45
192.56,306.95,234.19,306.95,234.19,431.83,192.56,431.83
192.13,305.95,234.03,305.95,234.03,431.63,192.13,431.63
191.98,305.73,233.8,305.73,233.8,431.17,191.98,431.17
192.61,305.98,234.52,305.98,234.52,431.71,192.61,431.71
192.16,305.42,234.22,305.42,234.22,431.61,192.16,431.61
192.73,306.48,234.51,306.48,234.51,431.82,192.73,431.82
192.63,306,234.55,306,234.55,431.78,192.63,431.78
192.1,305.9,233.87,305.9,233.87,431.22,192.1,431.22
192.93,306.63,234.53,306.63,234.53,431.45,192.93,431.45
192.27,306.17,234.07,306.17,234.07,431.58,192.27,431.58
192.7,306.82,234.24,306.82,234.24,431.42,192.7,431.42
192.95,306.93,234.41,306.93,234.41,431.3,192.95,431.3
192.23,306.04,233.92,306.04,233.92,431.1,192.23,431.1
192.14,306.33,233.73,306.33,233.73,431.11,192.14,431.11
192.88,307.23,234.38,307.23,234.38,431.71,192.88,431.71
192.92,307.07,234.29,307.07,234.29,431.2,192.92,431.2
192.12,306.08,233.97,306.08,233.97,431.63,192.12,431.63
192.77,306.69,234.46,306.69,234.46,431.76,192.77,431.76
192.27,306.24,234.08,306.24,234.08,431.66,192.27,431.66
192.63,306.22,234.48,306.22,234.48,431.77,192.63,431.77
192.8,306.55,234.51,306.55,234.51,431.66,192.8,431.66
192.32,305.96,234.24,305.96,234.24,431.72,192.32,431.72
192.18,305.82,234.1,305.82,234.1,431.58,192.18,431.58
192.16,306.15,233.78,306.15,233.78,431.01,192.16,431.01
192.21,306.14,233.93,306.14,233.93,431.28,192.21,431.28
192.2,306.51,233.79,306.51,233.79,431.27,192.2,431.27
192.8,306.96,234.38,306.96,234.38,431.72,192.8,431.72
193.05,306.35,234.78,306.35,234.78,431.53,193.05,431.53
192.19,305.79,233.99,305.79,233.99,431.16,192.19,431.16
192.73,306.06,234.51,306.06,234.51,431.38,192.73,431.38
192.98,306.66,234.55,306.66,234.55,431.36,192.98,431.36
192.98,307.19,234.45,307.19,234.45,431.58,192.98,431.58
192.9,307.08,234.39,307.08,234.39,431.55,192.9,431.55
193.26,307.29,234.54,307.29,234.54,431.13,193.26,431.13
193.05,307.56,234.09,307.56,234.09,430.68,193.05,430.68
192.98,307.68,233.97,307.68,233.97,430.65,192.98,430.65
192.9,307.84,233.96,307.84,233.96,431.03,192.9,431.03
192.6,307.54,233.59,307.54,233.59,430.51,192.6,430.51
192.73,307.61,233.86,307.61,233.86,431.01,192.73,431.01
192.33,307.24,233.4,307.24,233.4,430.46,192.33,430.46
192.47,307.19,233.52,307.19,233.52,430.33,192.47,430.33
192.89,307.85,233.94,307.85,233.94,431,192.89,431
193.02,307.89,234.13,307.89,234.13,431.23,193.02,431.23
192.42,306.97,233.73,306.97,233.73,430.9,192.42,430.9
192.94,307.8,233.95,307.8,233.95,430.81,192.94,430.81
193.04,308.04,233.94,308.04,233.94,430.73,193.04,430.73
192.59,308.05,233.27,308.05,233.27,430.07,192.59,430.07
192.9,308,234.01,308,234.01,431.31,192.9,431.31
192.44,307.77,233.28,307.77,233.28,430.3,192.44,430.3
192.26,307.38,233.28,307.38,233.28,430.45,192.26,430.45
193.04,307.99,234.05,307.99,234.05,431.02,193.04,431.02
193.17,308.24,234.16,308.24,234.16,431.22,193.17,431.22
192.79,308.12,233.84,308.12,233.84,431.26,192.79,431.26
193,308.17,233.98,308.17,233.98,431.12,193,431.12
192.89,307.92,233.93,307.92,233.93,431.02,192.89,431.02
192.88,307.78,233.92,307.78,233.92,430.91,192.88,430.91
193.06,307.81,234.13,307.81,234.13,431.01,193.06,431.01
192.63,307.33,233.79,307.33,233.79,430.81,192.63,430.81
192.26,306.9,233.51,306.9,233.51,430.63,192.26,430.63
192.87,307.59,234,307.59,234,431,192.87,431
192.32,307,233.57,307,233.57,430.75,192.32,430.75
192.87,307.6,234.03,307.6,234.03,431.09,192.87,431.09
192.4,307.65,233.34,307.65,233.34,430.45,192.4,430.45
192.87,307.66,234.02,307.66,234.02,431.11,192.87,431.11
192.3,306.73,233.76,306.73,233.76,431.12,192.3,431.12
192.35,307.03,233.56,307.03,233.56,430.67,192.35,430.67
192.93,307.45,234.08,307.45,234.08,430.91,192.93,430.91
192.48,307.29,233.62,307.29,233.62,430.72,192.48,430.72
192.19,307.42,233.21,307.42,233.21,430.48,192.19,430.48
192.89,307.86,233.97,307.86,233.97,431.1,192.89,431.1
192.43,307.44,233.42,307.44,233.42,430.42,192.43,430.42
192.66,307.48,233.83,307.48,233.83,430.99,192.66,430.99
192.33,307.04,233.51,307.04,233.51,430.61,192.33,430.61
192.29,306.99,233.51,306.99,233.51,430.63,192.29,430.63
192.71,307.47,234.03,307.47,234.03,431.41,192.71,431.41
192.92,307.38,234.12,307.38,234.12,430.98,192.92,430.98
192.98,307.32,234.13,307.32,234.13,430.77,192.98,430.77
192.27,307.08,233.46,307.08,233.46,430.65,192.27,430.65
192.35,307.55,233.39,307.55,233.39,430.67,192.35,430.67
192.74,307.8,233.87,307.8,233.87,431.18,192.74,431.18
192.25,307.36,233.34,307.36,233.34,430.65,192.25,430.65
192.32,306.56,233.79,306.56,233.79,430.98,192.32,430.98
192.68,306.89,234.19,306.89,234.19,431.41,192.68,431.41
192.63,307.04,234.14,307.04,234.14,431.57,192.63,431.57
192.87,307.13,234.35,307.13,234.35,431.59,192.87,431.59
193.02,307.35,234.39,307.35,234.39,431.46,193.02,431.46
192.17,306.3,233.84,306.3,233.84,431.31,192.17,431.31
192.14,306.57,233.56,306.57,233.56,430.84,192.14,430.84
192.09,306.75,233.3,306.75,233.3,430.39,192.09,430.39
192.66,307.2,233.92,307.2,233.92,430.98,192.66,430.98
192.61,307.36,233.98,307.36,233.98,431.47,192.61,431.47
192,306.88,233.37,306.88,233.37,430.99,192,430.99
192.12,306.58,233.55,306.58,233.55,430.87,192.12,430.87
191.99,306.35,233.45,306.35,233.45,430.73,191.99,430.73
192.14,306.56,233.58,306.56,233.58,430.86,192.14,430.86
192.32,306.71,233.68,306.71,233.68,430.8,192.32,430.8
192.33,307.08,233.58,307.08,233.58,430.83,192.33,430.83
192.93,307.53,234.19,307.53,234.19,431.3,192.93,431.3
192.81,307.14,234.08,307.14,234.08,430.94,192.81,430.94
192.61,307.09,233.91,307.09,233.91,430.98,192.61,430.98
192.6,307.34,233.89,307.34,233.89,431.2,192.6,431.2
