396.5,116.5,414.5,116.5,414.5,151.5,396.5,151.5
396.57,116.37,414.56,116.37,414.56,151.35,396.57,151.35
396.55,116.53,414.48,116.53,414.48,151.4,396.55,151.4
396.44,116.78,414.52,116.78,414.52,151.93,396.44,151.93
395.59,116.41,413.7,116.41,413.7,151.63,395.59,151.63
395.32,116.54,413.56,116.54,413.56,152,395.32,152
395.67,117.11,413.95,117.11,413.95,152.66,395.67,152.66
395.22,117.09,413.5,117.09,413.5,152.64,395.22,152.64
395.02,117.06,413.56,117.06,413.56,153.11,395.02,153.11
393.97,117.11,412.47,117.11,412.47,153.09,393.97,153.09
394.15,117.22,412.41,117.22,412.41,152.73,394.15,152.73
393.83,117.27,412.01,117.27,412.01,152.61,393.83,152.61
393.12,117.15,411.52,117.15,411.52,152.92,393.12,152.92
392.3,117.13,410.56,117.13,410.56,152.64,392.3,152.64
392.02,117.36,410.51,117.36,410.51,153.31,392.02,153.31
391.89,117.23,410.28,117.23,410.28,152.99,391.89,152.99
391.36,117.25,409.5,117.25,409.5,152.51,391.36,152.51
391.01,117.67,409.19,117.67,409.19,153.02,391.01,153.02
390.35,117.98,408.46,117.98,408.46,153.2,390.35,153.2
388.99,117.93,407,117.93,407,152.95,388.99,152.95
388.34,117.82,406.24,117.82,406.24,152.63,388.34,152.63
387.9,118.99,406.08,118.99,406.08,154.34,387.9,154.34
387.61,118.87,405.82,118.87,405.82,154.27,387.61,154.27
387.02,118.98,405.28,118.98,405.28,154.49,387.02,154.49
386.96,119.06,405.2,119.06,405.2,154.52,386.96,154.52
386.47,118.82,404.74,118.82,404.74,154.34,386.47,154.34
386.18,118.98,404.49,118.98,404.49,154.59,386.18,154.59
385.03,118.53,403.32,118.53,403.32,154.09,385.03,154.09
385.25,118.38,403.53,118.38,403.53,153.94,385.25,153.94
384.79,118.46,403.15,118.46,403.15,154.14,384.79,154.14
384.41,118.51,402.76,118.51,402.76,154.21,384.41,154.21
383.99,118.89,402.05,118.89,402.05,154,383.99,154
383.78,118.95,401.72,118.95,401.72,153.83,383.78,153.83
383.81,119.5,401.54,119.5,401.54,153.96,383.81,153.96
382.73,119.66,400.36,119.66,400.36,153.93,382.73,153.93
383.09,120.1,400.74,120.1,400.74,154.43,383.09,154.43
382.13,120.03,399.94,120.03,399.94,154.66,382.13,154.66
381.57,120.28,399.68,120.28,399.68,155.51,381.57,155.51
381.26,119.88,399.51,119.88,399.51,155.35,381.26,155.35
381.19,120.09,399.45,120.09,399.45,155.6,381.19,155.6
380.5,120.09,398.93,120.09,398.93,155.92,380.5,155.92
379.63,119.67,398.12,119.67,398.12,155.62,379.63,155.62
379.86,119.95,398.37,119.95,398.37,155.95,379.86,155.95
379.54,120.06,398.11,120.06,398.11,156.16,379.54,156.16
379.37,119.91,398.05,119.91,398.05,156.25,379.37,156.25
378.69,119.96,397.25,119.96,397.25,156.03,378.69,156.03
378.28,120.68,396.71,120.68,396.71,156.5,378.28,156.5
377.39,120.55,395.7,120.55,395.7,156.16,377.39,156.16
377.13,120.45,395.32,120.45,395.32,155.83,377.13,155.83
377.06,120.98,395.25,120.98,395.25,156.34,377.06,156.34
376.19,121.21,394.61,121.21,394.61,157.02,376.19,157.02
375.26,120.95,393.52,120.95,393.52,156.46,375.26,156.46
375.46,121.54,393.76,121.54,393.76,157.12,375.46,157.12
374.15,121.43,392.27,121.43,392.27,156.66,374.15,156.66
374.44,122.02,392.46,122.02,392.46,157.05,374.44,157.05
373.28,121.64,391.39,121.64,391.39,156.85,373.28,156.85
372.95,121.41,390.94,121.41,390.94,156.4,372.95,156.4
372.2,121.56,390.54,121.56,390.54,157.23,372.2,157.23
371.52,121.3,389.99,121.3,389.99,157.21,371.52,157.21
371.61,122.05,390.05,122.05,390.05,157.91,371.61,157.91
370.49,121.69,388.93,121.69,388.93,157.55,370.49,157.55
369.48,121.86,387.89,121.86,387.89,157.64,369.48,157.64
368.69,121.83,387.19,121.83,387.19,157.8,368.69,157.8
368.66,122.16,387.22,122.16,387.22,158.24,368.66,158.24
367.99,122.14,386.68,122.14,386.68,158.48,367.99,158.48
366.57,121.92,385.45,121.92,385.45,158.62,366.57,158.62
366.58,121.98,385.48,121.98,385.48,158.74,366.58,158.74
366.4,122.1,385.34,122.1,385.34,158.93,366.4,158.93
365.77,122.14,384.75,122.14,384.75,159.05,365.77,159.05
364.91,122.37,383.68,122.37,383.68,158.87,364.91,158.87
364.67,122.77,383.38,122.77,383.38,159.15,364.67,159.15
364.4,122.8,383.1,122.8,383.1,159.18,364.4,159.18
364.24,122.84,382.89,122.84,382.89,159.12,364.24,159.12
363.41,122.92,382.22,122.92,382.22,159.5,363.41,159.5
363.33,122.88,382.27,122.88,382.27,159.72,363.33,159.72
362.16,122.69,381.12,122.69,381.12,159.55,362.16,159.55
361.81,122.81,380.84,122.81,380.84,159.82,361.81,159.82
361.19,122.59,380.34,122.59,380.34,159.82,361.19,159.82
360.62,123.25,379.98,123.25,379.98,160.89,360.62,160.89
359.75,123.13,379.05,123.13,379.05,160.67,359.75,160.67
358.99,123.11,378.23,123.11,378.23,160.52,358.99,160.52
359.24,123.27,378.67,123.27,378.67,161.06,359.24,161.06
358.76,123.08,378.4,123.08,378.4,161.26,358.76,161.26
358.09,122.92,377.51,122.92,377.51,160.7,358.09,160.7
357.78,123.09,377.31,123.09,377.31,161.07,357.78,161.07
358.04,123.32,377.68,123.32,377.68,161.5,358.04,161.5
357.28,123.04,377.05,123.04,377.05,161.48,357.28,161.48
357.31,123.06,377.13,123.06,377.13,161.62,357.31,161.62
356.6,123.32,376.39,123.32,376.39,161.8,356.6,161.8
356.33,123.59,376.08,123.59,376.08,161.99,356.33,161.99
355.69,123.4,375.54,123.4,375.54,161.99,355.69,161.99
355.92,123.41,375.81,123.41,375.81,162.08,355.92,162.08
355.39,123.48,375.28,123.48,375.28,162.17,355.39,162.17
354.28,123.56,374.22,123.56,374.22,162.34,354.28,162.34
353.68,123.29,373.67,123.29,373.67,162.16,353.68,162.16
353.09,123.44,373.12,123.44,373.12,162.38,353.09,162.38
352.55,123.18,372.62,123.18,372.62,162.21,352.55,162.21
352.37,123.15,372.45,123.15,372.45,162.19,352.37,162.19
351.73,123.18,371.84,123.18,371.84,162.29,351.73,162.29
352.01,123.38,372.29,123.38,372.29,162.82,352.01,162.82
351.29,123.2,371.58,123.2,371.58,162.65,351.29,162.65
350.56,123.03,371,123.03,371,162.77,350.56,162.77
351.19,123.54,371.75,123.54,371.75,163.51,351.19,163.51
350.59,123.96,371.34,123.96,371.34,164.29,350.59,164.29
349.56,123.62,370.26,123.62,370.26,163.87,349.56,163.87
349.21,123.41,369.97,123.41,369.97,163.78,349.21,163.78
349.01,123.81,369.73,123.81,369.73,164.11,349.01,164.11
348.31,123.44,369.13,123.44,369.13,163.93,348.31,163.93
348.18,123.85,369.08,123.85,369.08,164.5,348.18,164.5
347.38,123.3,368.27,123.3,368.27,163.92,347.38,163.92
347.23,123.94,368.17,123.94,368.17,164.64,347.23,164.64
346.51,123.45,367.43,123.45,367.43,164.12,346.51,164.12
345.85,123.38,366.84,123.38,366.84,164.2,345.85,164.2
345.54,123.44,366.68,123.44,366.68,164.53,345.54,164.53
345.6,123.81,366.75,123.81,366.75,164.92,345.6,164.92
345.34,124.23,366.44,124.23,366.44,165.26,345.34,165.26
345.08,124.47,366.2,124.47,366.2,165.53,345.08,165.53
345.01,124.82,366.09,124.82,366.09,165.82,345.01,165.82
344.64,124.71,365.84,124.71,365.84,165.92,344.64,165.92
344.05,124.65,365.15,124.65,365.15,165.69,344.05,165.69
343.93,124.87,364.85,124.87,364.85,165.55,343.93,165.55
342.94,124.46,363.85,124.46,363.85,165.1,342.94,165.1
342.56,125.49,363.32,125.49,363.32,165.85,342.56,165.85
342.21,125.69,362.98,125.69,362.98,166.08,342.21,166.08
341.84,125.4,362.76,125.4,362.76,166.09,341.84,166.09
340.33,124.98,361.29,124.98,361.29,165.73,340.33,165.73
339.9,125.01,360.84,125.01,360.84,165.73,339.9,165.73
339.26,125.04,360.19,125.04,360.19,165.75,339.26,165.75
338.85,125.43,359.67,125.43,359.67,165.92,338.85,165.92
338.27,126.65,359.07,126.65,359.07,167.1,338.27,167.1
337.78,126.84,358.56,126.84,358.56,167.25,337.78,167.25
336.96,127.12,357.68,127.12,357.68,167.39,336.96,167.39
335.45,126.56,356.17,126.56,356.17,166.84,335.45,166.84
334.57,127.12,355.18,127.12,355.18,167.18,334.57,167.18
333.92,126.99,354.53,126.99,354.53,167.05,333.92,167.05
333.21,127.15,353.78,127.15,353.78,167.13,333.21,167.13
333.66,127.48,354.17,127.48,354.17,167.35,333.66,167.35
333.01,127.57,353.48,127.57,353.48,167.37,333.01,167.37
332.55,127.4,353.08,127.4,353.08,167.33,332.55,167.33
331.97,127.5,352.53,127.5,352.53,167.48,331.97,167.48
331.68,127.88,352.26,127.88,352.26,167.9,331.68,167.9
331.07,127.7,351.75,127.7,351.75,167.9,331.07,167.9
330.69,127.68,351.41,127.68,351.41,167.97,330.69,167.97
329.97,127.73,350.72,127.73,350.72,168.08,329.97,168.08
330.03,128.03,350.76,128.03,350.76,168.34,330.03,168.34
328.83,127.86,349.58,127.86,349.58,168.22,328.83,168.22
328.89,128.39,349.75,128.39,349.75,168.95,328.89,168.95
328.13,128.33,348.96,128.33,348.96,168.83,328.13,168.83
327.92,128.78,348.78,128.78,348.78,169.34,327.92,169.34
327.12,128.86,347.98,128.86,347.98,169.42,327.12,169.42
326.55,128.81,347.54,128.81,347.54,169.64,326.55,169.64
325.42,128.17,346.63,128.17,346.63,169.42,325.42,169.42
324.78,128.79,346.11,128.79,346.11,170.27,324.78,170.27
323.47,128.82,344.78,128.82,344.78,170.26,323.47,170.26
322.71,129.52,343.8,129.52,343.8,170.52,322.71,170.52
322.55,130.29,343.43,130.29,343.43,170.9,322.55,170.9
322.23,130.21,343.07,130.21,343.07,170.74,322.23,170.74
321.69,130.03,342.48,130.03,342.48,170.46,321.69,170.46
320.86,130.11,341.68,130.11,341.68,170.61,320.86,170.61
319.88,130.08,340.75,130.08,340.75,170.66,319.88,170.66
319.51,129.94,340.38,129.94,340.38,170.52,319.51,170.52
318.89,130.7,339.76,130.7,339.76,171.28,318.89,171.28
318.59,130.54,339.46,130.54,339.46,171.12,318.59,171.12
317.86,130.49,338.84,130.49,338.84,171.29,317.86,171.29
317.31,130.17,338.37,130.17,338.37,171.11,317.31,171.11
316.68,130.13,337.85,130.13,337.85,171.3,316.68,171.3
316.5,130.5,337.74,130.5,337.74,171.81,316.5,171.81
315.44,130.29,336.86,130.29,336.86,171.95,315.44,171.95
315.37,130.6,336.91,130.6,336.91,172.48,315.37,172.48
314.78,130.99,336.29,130.99,336.29,172.82,314.78,172.82
314.5,131.16,336.08,131.16,336.08,173.12,314.5,173.12
313.7,131.17,335.15,131.17,335.15,172.87,313.7,172.87
313.21,131.46,334.63,131.46,334.63,173.11,313.21,173.11
312.74,131.15,334.28,131.15,334.28,173.04,312.74,173.04
311.9,131.21,333.5,131.21,333.5,173.22,311.9,173.22
311.09,130.69,332.9,130.69,332.9,173.09,311.09,173.09
310.89,131.21,332.67,131.21,332.67,173.55,310.89,173.55
310.55,131.12,332.35,131.12,332.35,173.52,310.55,173.52
309.73,131.66,331.5,131.66,331.5,173.98,309.73,173.98
309.68,131.55,331.41,131.55,331.41,173.8,309.68,173.8
309.17,131.57,330.99,131.57,330.99,174,309.17,174
308.36,132.01,330.2,132.01,330.2,174.48,308.36,174.48
308.1,132.19,329.83,132.19,329.83,174.43,308.1,174.43
307.4,131.95,329.08,131.95,329.08,174.1,307.4,174.1
307.07,131.96,328.76,131.96,328.76,174.14,307.07,174.14
306.85,132.29,328.46,132.29,328.46,174.31,306.85,174.31
306.67,132.24,328.21,132.24,328.21,174.11,306.67,174.11
306.24,132.93,327.7,132.93,327.7,174.64,306.24,174.64
306.31,132.85,327.83,132.85,327.83,174.7,306.31,174.7
306.02,132.94,327.51,132.94,327.51,174.74,306.02,174.74
305.64,133.14,327.03,133.14,327.03,174.75,305.64,174.75
304.13,132.72,325.52,132.72,325.52,174.31,304.13,174.31
303.53,132.94,325.03,132.94,325.03,174.74,303.53,174.74
302.79,133.26,324.39,133.26,324.39,175.25,302.79,175.25
302.18,133,323.78,133,323.78,174.98,302.18,174.98
301.72,133.09,323.24,133.09,323.24,174.94,301.72,174.94
301.26,133.34,322.8,133.34,322.8,175.23,301.26,175.23
300.95,133.37,322.45,133.37,322.45,175.19,300.95,175.19
300.84,133.59,322.31,133.59,322.31,175.34,300.84,175.34
300.49,133.94,321.92,133.94,321.92,175.62,300.49,175.62
299.58,134.51,320.92,134.51,320.92,176.01,299.58,176.01
298.82,134.04,320.28,134.04,320.28,175.76,298.82,175.76
298.94,134.49,320.44,134.49,320.44,176.28,298.94,176.28
298.79,134.07,320.31,134.07,320.31,175.91,298.79,175.91
298.44,134.57,319.93,134.57,319.93,176.37,298.44,176.37
297.56,134.34,319.02,134.34,319.02,176.08,297.56,176.08
297.1,134.37,318.58,134.37,318.58,176.14,297.1,176.14
296.88,134.48,318.34,134.48,318.34,176.22,296.88,176.22
296.38,134.75,317.92,134.75,317.92,176.64,296.38,176.64
295.91,134.82,317.4,134.82,317.4,176.6,295.91,176.6
295.54,134.98,317.02,134.98,317.02,176.75,295.54,176.75
294.65,135.02,316.23,135.02,316.23,176.99,294.65,176.99
293.9,134.63,315.5,134.63,315.5,176.63,293.9,176.63
293.82,134.49,315.35,134.49,315.35,176.35,293.82,176.35
293.76,134.96,315.25,134.96,315.25,176.75,293.76,176.75
292.71,135.53,314.25,135.53,314.25,177.4,292.71,177.4
292.33,135.97,313.92,135.97,313.92,177.94,292.33,177.94
291.47,136.01,313.17,136.01,313.17,178.19,291.47,178.19
290.95,135.65,312.66,135.65,312.66,177.87,290.95,177.87
290.6,135.68,312.4,135.68,312.4,178.07,290.6,178.07
290.19,135.9,312.05,135.9,312.05,178.41,290.19,178.41
289.89,136.14,311.66,136.14,311.66,178.48,289.89,178.48
289.74,136,311.54,136,311.54,178.38,289.74,178.38
289.43,136.59,311.28,136.59,311.28,179.08,289.43,179.08
288.77,136.74,310.79,136.74,310.79,179.56,288.77,179.56
287.29,136.36,309.33,136.36,309.33,179.22,287.29,179.22
286.56,136.46,308.63,136.46,308.63,179.37,286.56,179.37
286.8,136.53,309.07,136.53,309.07,179.83,286.8,179.83
286.26,135.92,308.42,135.92,308.42,179.01,286.26,179.01
286.05,136.48,308.11,136.48,308.11,179.37,286.05,179.37
285.51,136.65,307.76,136.65,307.76,179.91,285.51,179.91
284.39,136.17,306.96,136.17,306.96,180.04,284.39,180.04
284.05,136.4,306.61,136.4,306.61,180.27,284.05,180.27
283.11,136.58,305.69,136.58,305.69,180.49,283.11,180.49
282.94,137.04,305.47,137.04,305.47,180.85,282.94,180.85
283.61,137.64,306.14,137.64,306.14,181.45,283.61,181.45
283.36,137.56,305.92,137.56,305.92,181.43,283.36,181.43
282.59,137.03,305.12,137.03,305.12,180.84,282.59,180.84
282.28,137.6,304.73,137.6,304.73,181.25,282.28,181.25
281.16,137.64,303.7,137.64,303.7,181.45,281.16,181.45
280.24,138.1,302.75,138.1,302.75,181.88,280.24,181.88
280.43,138.23,302.81,138.23,302.81,181.75,280.43,181.75
279.48,137.76,301.76,137.76,301.76,181.08,279.48,181.08
278.68,137.81,300.97,137.81,300.97,181.14,278.68,181.14
278.3,137.64,300.52,137.64,300.52,180.84,278.3,180.84
278.56,138.24,300.94,138.24,300.94,181.76,278.56,181.76
277.89,138.65,300.33,138.65,300.33,182.29,277.89,182.29
277.14,138.72,299.64,138.72,299.64,182.46,277.14,182.46
276.78,139.42,299.1,139.42,299.1,182.82,276.78,182.82
275.77,138.83,298.05,138.83,298.05,182.14,275.77,182.14
275.56,139.02,297.8,139.02,297.8,182.26,275.56,182.26
275.02,138.7,297.36,138.7,297.36,182.15,275.02,182.15
274.48,138.43,296.86,138.43,296.86,181.95,274.48,181.95
273.65,138.87,296.08,138.87,296.08,182.47,273.65,182.47
273.8,139.12,296.41,139.12,296.41,183.09,273.8,183.09
272.38,139.11,294.97,139.11,294.97,183.04,272.38,183.04
271.85,139.3,294.5,139.3,294.5,183.34,271.85,183.34
271.24,139.18,293.91,139.18,293.91,183.25,271.24,183.25
270.76,139.11,293.53,139.11,293.53,183.39,270.76,183.39
269.95,139.67,292.69,139.67,292.69,183.9,269.95,183.9
269.62,139.96,292.4,139.96,292.4,184.27,269.62,184.27
269.11,140.38,291.96,140.38,291.96,184.82,269.11,184.82
269.01,140.36,292.02,140.36,292.02,185.09,269.01,185.09
268.56,140.16,291.61,140.16,291.61,184.97,268.56,184.97
268.45,140.47,291.43,140.47,291.43,185.15,268.45,185.15
267.27,140.18,290.26,140.18,290.26,184.89,267.27,184.89
266.55,140.23,289.59,140.23,289.59,185.04,266.55,185.04
266.53,140.49,289.61,140.49,289.61,185.35,266.53,185.35
266.28,140.58,289.4,140.58,289.4,185.55,266.28,185.55
265.77,140.63,288.99,140.63,288.99,185.78,265.77,185.78
264.27,140.53,287.59,140.53,287.59,185.89,264.27,185.89
263.42,140.41,286.86,140.41,286.86,185.97,263.42,185.97
263.69,140.86,287.07,140.86,287.07,186.31,263.69,186.31
262.76,140.72,286.17,140.72,286.17,186.24,262.76,186.24
262.57,140.56,286.02,140.56,286.02,186.15,262.57,186.15
262.07,140.77,285.56,140.77,285.56,186.45,262.07,186.45
261.59,141.06,285.23,141.06,285.23,187.03,261.59,187.03
261.09,141.39,284.63,141.39,284.63,187.16,261.09,187.16
260.58,141.09,284.18,141.09,284.18,186.97,260.58,186.97
259.93,141.54,283.43,141.54,283.43,187.22,259.93,187.22
260.25,141.87,283.87,141.87,283.87,187.8,260.25,187.8
259.38,141.63,282.98,141.63,282.98,187.51,259.38,187.51
259.01,141.73,282.55,141.73,282.55,187.51,259.01,187.51
258.26,142.15,281.64,142.15,281.64,187.6,258.26,187.6
257.88,142.62,281.24,142.62,281.24,188.04,257.88,188.04
257.07,142.97,280.35,142.97,280.35,188.23,257.07,188.23
256.69,143.04,279.93,143.04,279.93,188.22,256.69,188.22
256.1,143.11,279.31,143.11,279.31,188.25,256.1,188.25
255.55,143.12,278.71,143.12,278.71,188.16,255.55,188.16
255.71,143.26,278.88,143.26,278.88,188.3,255.71,188.3
255.53,143.44,278.86,143.44,278.86,188.79,255.53,188.79
254.66,143.02,278.02,143.02,278.02,188.44,254.66,188.44
254.5,143.02,277.93,143.02,277.93,188.59,254.5,188.59
254.03,143.71,277.52,143.71,277.52,189.4,254.03,189.4
253.63,144.17,277.32,144.17,277.32,190.23,253.63,190.23
253.01,143.53,276.64,143.53,276.64,189.47,253.01,189.47
252.73,143.38,276.34,143.38,276.34,189.28,252.73,189.28
252.55,143.11,276.18,143.11,276.18,189.05,252.55,189.05
251.26,143.34,274.86,143.34,274.86,189.23,251.26,189.23
251.18,143.26,274.78,143.26,274.78,189.16,251.18,189.16
250.92,143.43,274.62,143.43,274.62,189.52,250.92,189.52
250.58,144.15,274.43,144.15,274.43,190.51,250.58,190.51
250.26,144.54,274.07,144.54,274.07,190.86,250.26,190.86
249.23,144.52,272.99,144.52,272.99,190.72,249.23,190.72
249.02,144.66,272.8,144.66,272.8,190.88,249.02,190.88
248.94,144.48,272.71,144.48,272.71,190.71,248.94,190.71
248.76,144.39,272.59,144.39,272.59,190.72,248.76,190.72
248.06,144.65,272.18,144.65,272.18,191.55,248.06,191.55
246.99,144.61,271.32,144.61,271.32,191.93,246.99,191.93
246.23,144.53,270.49,144.53,270.49,191.71,246.23,191.71
245.78,144.63,269.75,144.63,269.75,191.23,245.78,191.23
245.96,144.8,269.89,144.8,269.89,191.33,245.96,191.33
245.38,144.94,269.26,144.94,269.26,191.38,245.38,191.38
244.67,145.12,268.43,145.12,268.43,191.34,244.67,191.34
244.48,145.84,268.26,145.84,268.26,192.06,244.48,192.06
243.66,145.98,267.49,145.98,267.49,192.31,243.66,192.31
243.28,145.93,267.16,145.93,267.16,192.37,243.28,192.37
241.87,145.96,265.78,145.96,265.78,192.45,241.87,192.45
241.66,146.26,265.45,146.26,265.45,192.51,241.66,192.51
241.66,146.61,265.48,146.61,265.48,192.94,241.66,192.94
241.75,146.75,265.5,146.75,265.5,192.94,241.75,192.94
241.32,146.6,265.11,146.6,265.11,192.86,241.32,192.86
240.81,146.86,264.57,146.86,264.57,193.04,240.81,193.04
240.73,147.09,264.66,147.09,264.66,193.62,240.73,193.62
239.81,146.81,263.61,146.81,263.61,193.1,239.81,193.1
239.93,147.36,263.88,147.36,263.88,193.92,239.93,193.92
239.45,147.43,263.58,147.43,263.58,194.35,239.45,194.35
239.43,147.59,263.85,147.59,263.85,195.09,239.43,195.09
239.17,147.4,263.85,147.4,263.85,195.38,239.17,195.38
238.27,147.29,262.88,147.29,262.88,195.15,238.27,195.15
237.77,147.22,262.3,147.22,262.3,194.92,237.77,194.92
237.39,147.26,261.81,147.26,261.81,194.75,237.39,194.75
237.88,147.57,262.37,147.57,262.37,195.18,237.88,195.18
237.92,147.31,262.25,147.31,262.25,194.61,237.92,194.61
237.03,147.19,261.13,147.19,261.13,194.05,237.03,194.05
237.2,147.55,261.24,147.55,261.24,194.3,237.2,194.3
236.84,147.92,261.06,147.92,261.06,195.03,236.84,195.03
236.2,147.51,260.63,147.51,260.63,195.01,236.2,195.01
235.48,147.75,259.97,147.75,259.97,195.38,235.48,195.38
235.32,147.93,260.11,147.93,260.11,196.13,235.32,196.13
235.2,148.01,259.73,148.01,259.73,195.69,235.2,195.69
234.41,147.59,258.78,147.59,258.78,194.99,234.41,194.99
234.4,147.68,258.67,147.68,258.67,194.87,234.4,194.87
234.14,147.65,258.13,147.65,258.13,194.29,234.14,194.29
233.89,147.5,257.7,147.5,257.7,193.8,233.89,193.8
233.83,147.7,257.87,147.7,257.87,194.44,233.83,194.44
233.47,147.78,257.67,147.78,257.67,194.84,233.47,194.84
233.15,147.3,257.57,147.3,257.57,194.77,233.15,194.77
233.38,148.05,257.96,148.05,257.96,195.84,233.38,195.84
232.94,147.92,257.45,147.92,257.45,195.57,232.94,195.57
232.77,148.56,257.61,148.56,257.61,196.86,232.77,196.86
232.61,148.72,257.5,148.72,257.5,197.13,232.61,197.13
231.98,148.72,256.74,148.72,256.74,196.86,231.98,196.86
232.16,149.02,257.09,149.02,257.09,197.5,232.16,197.5
231.76,148.87,256.38,148.87,256.38,196.76,231.76,196.76
231.36,148.68,255.81,148.68,255.81,196.23,231.36,196.23
231.5,148.73,255.85,148.73,255.85,196.09,231.5,196.09
231.64,148.79,256.03,148.79,256.03,196.23,231.64,196.23
231.14,148.83,255.59,148.83,255.59,196.37,231.14,196.37
230.76,149.09,255.24,149.09,255.24,196.7,230.76,196.7
230.24,149.29,255.11,149.29,255.11,197.64,230.24,197.64
229.44,148.8,254.45,148.8,254.45,197.43,229.44,197.43
229.11,149.01,254.25,149.01,254.25,197.89,229.11,197.89
229.04,149.51,254.17,149.51,254.17,198.38,229.04,198.38
228.59,149.47,253.64,149.47,253.64,198.17,228.59,198.17
227.88,149.54,252.81,149.54,252.81,198.02,227.88,198.02
227.59,149.56,252.43,149.56,252.43,197.86,227.59,197.86
227.36,149.65,252.53,149.65,252.53,198.59,227.36,198.59
227.16,149.56,252.61,149.56,252.61,199.05,227.16,199.05
226.77,149.3,252.4,149.3,252.4,199.13,226.77,199.13
226.5,149.27,251.85,149.27,251.85,198.57,226.5,198.57
226.37,149.63,252,149.63,252,199.47,226.37,199.47
225.62,149.72,251.25,149.72,251.25,199.56,225.62,199.56
225.15,149.9,250.69,149.9,250.69,199.56,225.15,199.56
224.89,149.96,250.73,149.96,250.73,200.19,224.89,200.19
224.53,150.04,250.25,150.04,250.25,200.03,224.53,200.03
224.99,150.54,250.59,150.54,250.59,200.32,224.99,200.32
224.55,150.19,250.08,150.19,250.08,199.83,224.55,199.83
223.84,150.22,249.34,150.22,249.34,199.79,223.84,199.79
223.73,150.47,249.26,150.47,249.26,200.1,223.73,200.1
222.9,150.16,248.16,150.16,248.16,199.28,222.9,199.28
222.42,150.47,247.91,150.47,247.91,200.04,222.42,200.04
222.61,150.51,248.27,150.51,248.27,200.4,222.61,200.4
221.42,150.43,246.98,150.43,246.98,200.12,221.42,200.12
221.27,150.23,246.87,150.23,246.87,200.01,221.27,200.01
220.84,150.8,246.36,150.8,246.36,200.42,220.84,200.42
220.23,150.93,246.16,150.93,246.16,201.35,220.23,201.35
219.57,150.71,245.15,150.71,245.15,200.44,219.57,200.44
219.54,150.96,244.87,150.96,244.87,200.21,219.54,200.21
219.06,150.7,244.4,150.7,244.4,199.98,219.06,199.98
219.47,151.26,244.8,151.26,244.8,200.51,219.47,200.51
218.52,150.37,243.89,150.37,243.89,199.71,218.52,199.71
218.61,151.06,244.08,151.06,244.08,200.58,218.61,200.58
217.91,151.16,243.85,151.16,243.85,201.6,217.91,201.6
217.26,150.9,243.03,150.9,243.03,201.01,217.26,201.01
217.06,151.43,243.4,151.43,243.4,202.67,217.06,202.67
216.76,151.5,243.42,151.5,243.42,203.34,216.76,203.34
216.53,151.53,243.27,151.53,243.27,203.53,216.53,203.53
216.74,151.39,243.26,151.39,243.26,202.96,216.74,202.96
215.87,151.33,242.31,151.33,242.31,202.74,215.87,202.74
215.77,152.06,242.02,152.06,242.02,203.09,215.77,203.09
215.31,152.06,241.38,152.06,241.38,202.75,215.31,202.75
215.41,152.06,241.38,152.06,241.38,202.56,215.41,202.56
214.88,151.91,240.56,151.91,240.56,201.84,214.88,201.84
215.12,152.25,240.89,152.25,240.89,202.36,215.12,202.36
214.54,152.31,240.4,152.31,240.4,202.58,214.54,202.58
213.48,152.66,239.34,152.66,239.34,202.95,213.48,202.95
212.99,152.71,239.16,152.71,239.16,203.6,212.99,203.6
212.31,152.59,238.63,152.59,238.63,203.77,212.31,203.77
211.85,152.82,238.3,152.82,238.3,204.24,211.85,204.24
211.65,153.1,238.01,153.1,238.01,204.37,211.65,204.37
211.28,153.36,237.77,153.36,237.77,204.88,211.28,204.88
210.56,153,236.92,153,236.92,204.25,210.56,204.25
210.48,153.19,237.03,153.19,237.03,204.82,210.48,204.82
210.07,153.19,236.53,153.19,236.53,204.63,210.07,204.63
210.15,153.22,236.85,153.22,236.85,205.13,210.15,205.13
209.97,153.32,236.84,153.32,236.84,205.58,209.97,205.58
209.1,153.2,236.07,153.2,236.07,205.64,209.1,205.64
209.08,153.53,236.05,153.53,236.05,205.98,209.08,205.98
209.13,153.89,236.31,153.89,236.31,206.74,209.13,206.74
208.88,154.08,236.15,154.08,236.15,207.11,208.88,207.11
208.59,154.31,235.74,154.31,235.74,207.12,208.59,207.12
208.4,154.58,235.42,154.58,235.42,207.11,208.4,207.11
208.63,154.67,235.79,154.67,235.79,207.48,208.63,207.48
208.02,154.27,235.03,154.27,235.03,206.79,208.02,206.79
208.44,154.34,235.34,154.34,235.34,206.63,208.44,206.63
207.28,154.24,234.1,154.24,234.1,206.39,207.28,206.39
207.06,154.04,233.93,154.04,233.93,206.28,207.06,206.28
206.48,154.43,233.33,154.43,233.33,206.63,206.48,206.63
206.33,154.78,233.21,154.78,233.21,207.05,206.33,207.05
206.02,154.75,232.88,154.75,232.88,206.98,206.02,206.98
205.4,154.8,232.27,154.8,232.27,207.04,205.4,207.04
204.8,154.82,231.75,154.82,231.75,207.23,204.8,207.23
203.54,154.91,230.13,154.91,230.13,206.63,203.54,206.63
203.47,155.28,229.76,155.28,229.76,206.41,203.47,206.41
203.17,155.25,229.52,155.25,229.52,206.48,203.17,206.48
202.75,155.96,229.33,155.96,229.33,207.64,202.75,207.64
202.13,155.99,228.91,155.99,228.91,208.06,202.13,208.06
202.46,156.85,229.26,156.85,229.26,208.96,202.46,208.96
202.1,156.88,229.04,156.88,229.04,209.26,202.1,209.26
201.51,156.59,228.42,156.59,228.42,208.92,201.51,208.92
200.75,156.43,227.55,156.43,227.55,208.52,200.75,208.52
200.57,156.89,227.21,156.89,227.21,208.7,200.57,208.7
200.05,156.73,226.77,156.73,226.77,208.69,200.05,208.69
200.02,157.1,227.07,157.1,227.07,209.7,200.02,209.7
198.91,157.55,226.39,157.55,226.39,210.98,198.91,210.98
197.87,157.51,225.58,157.51,225.58,211.39,197.87,211.39
197.6,157.44,225.49,157.44,225.49,211.67,197.6,211.67
196.74,157.59,224.41,157.59,224.41,211.38,196.74,211.38
196.85,157.52,224.43,157.52,224.43,211.15,196.85,211.15
196.29,157,223.69,157,223.69,210.27,196.29,210.27
196.43,157.79,223.8,157.79,223.8,211.01,196.43,211.01
195.7,157.86,223.15,157.86,223.15,211.25,195.7,211.25
195.81,158.11,223.61,158.11,223.61,212.15,195.81,212.15
195.33,158.24,223.13,158.24,223.13,212.28,195.33,212.28
195.38,158.98,223.29,158.98,223.29,213.26,195.38,213.26
194.63,158.84,222.2,158.84,222.2,212.44,194.63,212.44
194.24,158.85,221.78,158.85,221.78,212.39,194.24,212.39
194.04,158.97,221.56,158.97,221.56,212.48,194.04,212.48
193.7,158.69,221.15,158.69,221.15,212.05,193.7,212.05
193.8,159.03,221.18,159.03,221.18,212.27,193.8,212.27
193.41,159.8,221.01,159.8,221.01,213.47,193.41,213.47
192.34,159.58,220.21,159.58,220.21,213.77,192.34,213.77
191.54,159.95,219.27,159.95,219.27,213.87,191.54,213.87
191.49,160.55,219.4,160.55,219.4,214.82,191.49,214.82
190.98,160.75,218.71,160.75,218.71,214.66,190.98,214.66
191.21,161.06,218.86,161.06,218.86,214.83,191.21,214.83
190.75,160.98,218.69,160.98,218.69,215.3,190.75,215.3
190.04,160.64,217.77,160.64,217.77,214.56,190.04,214.56
189.78,161.06,217.81,161.06,217.81,215.56,189.78,215.56
189.45,161.43,217.62,161.43,217.62,216.22,189.45,216.22
189.25,161.17,217.33,161.17,217.33,215.76,189.25,215.76
188.64,161.8,216.96,161.8,216.96,216.86,188.64,216.86
188.39,162.11,216.73,162.11,216.73,217.21,188.39,217.21
188.3,162.33,216.77,162.33,216.77,217.68,188.3,217.68
187.85,161.87,216.13,161.87,216.13,216.86,187.85,216.86
187.29,160.93,215.34,160.93,215.34,215.46,187.29,215.46
187.48,161.42,215.31,161.42,215.31,215.56,187.48,215.56
186.02,161.67,213.86,161.67,213.86,215.8,186.02,215.8
185.15,162.47,213.13,162.47,213.13,216.88,185.15,216.88
185.01,162.56,213.37,162.56,213.37,217.69,185.01,217.69
183.92,162.27,212.65,162.27,212.65,218.13,183.92,218.13
183.22,162.27,211.95,162.27,211.95,218.14,183.22,218.14
183.1,162.27,211.8,162.27,211.8,218.09,183.1,218.09
182.51,161.67,211.1,161.67,211.1,217.26,182.51,217.26
181.82,161.39,210.45,161.39,210.45,217.05,181.82,217.05
181.57,162.01,210.29,162.01,210.29,217.86,181.57,217.86
180.9,162.15,209.93,162.15,209.93,218.6,180.9,218.6
180.28,163.3,209.43,163.3,209.43,219.98,180.28,219.98
179.66,163.12,208.8,163.12,208.8,219.79,179.66,219.79
179.39,163.12,208.36,163.12,208.36,219.45,179.39,219.45
179.43,163.76,208.16,163.76,208.16,219.61,179.43,219.61
179.02,163.86,207.66,163.86,207.66,219.55,179.02,219.55
178.19,163.53,206.92,163.53,206.92,219.4,178.19,219.4
177.46,163.28,206.31,163.28,206.31,219.36,177.46,219.36
176.19,163.03,205.27,163.03,205.27,219.57,176.19,219.57
175.54,164.18,204.74,164.18,204.74,220.94,175.54,220.94
174.79,164.26,203.98,164.26,203.98,221.01,174.79,221.01
173.44,164.51,202.5,164.51,202.5,221.02,173.44,221.02
173.99,164.92,202.77,164.92,202.77,220.9,173.99,220.9
172.49,164.73,201.4,164.73,201.4,220.96,172.49,220.96
172.29,164.76,201.05,164.76,201.05,220.67,172.29,220.67
172.38,165.01,201.16,165.01,201.16,220.98,172.38,220.98
171.39,164.78,200.53,164.78,200.53,221.43,171.39,221.43
170.96,165.37,200.09,165.37,200.09,221.99,170.96,221.99
170.65,166.17,199.87,166.17,199.87,222.97,170.65,222.97
169.96,166.93,199.2,166.93,199.2,223.79,169.96,223.79
169.83,166.63,199.1,166.63,199.1,223.54,169.83,223.54
169.77,166.75,198.73,166.75,198.73,223.07,169.77,223.07
170.45,167.1,199.1,167.1,199.1,222.81,170.45,222.81
170.21,166.72,198.83,166.72,198.83,222.38,170.21,222.38
169.59,166.81,198.33,166.81,198.33,222.68,169.59,222.68
168.7,166.95,197.86,166.95,197.86,223.64,168.7,223.64
167.65,166.96,196.97,166.96,196.97,223.96,167.65,223.96
167.26,167.3,197.03,167.3,197.03,225.17,167.26,225.17
166.43,167.68,196.38,167.68,196.38,225.91,166.43,225.91
166.02,167.72,195.97,167.72,195.97,225.95,166.02,225.95
166,167.72,195.93,167.72,195.93,225.92,166,225.92
165.81,167.71,195.69,167.71,195.69,225.81,165.81,225.81
164.89,167.38,194.78,167.38,194.78,225.48,164.89,225.48
164.83,167.26,194.71,167.26,194.71,225.36,164.83,225.36
164.48,167.87,194.6,167.87,194.6,226.44,164.48,226.44
163.66,168.71,193.94,168.71,193.94,227.61,163.66,227.61
164.05,169.21,194.35,169.21,194.35,228.13,164.05,228.13
163.98,169.63,194.35,169.63,194.35,228.68,163.98,228.68
163.86,169.68,194.2,169.68,194.2,228.68,163.86,228.68
163.26,169.77,193.54,169.77,193.54,228.65,163.26,228.65
162.98,169.72,193.29,169.72,193.29,228.64,162.98,228.64
162.85,169.7,193.12,169.7,193.12,228.56,162.85,228.56
162.29,169.68,192.65,169.68,192.65,228.71,162.29,228.71
161.84,170.36,192.17,170.36,192.17,229.33,161.84,229.33
160.99,170.58,191.46,170.58,191.46,229.83,160.99,229.83
160.15,170.12,190.48,170.12,190.48,229.09,160.15,229.09
160.05,170.74,190.24,170.74,190.24,229.45,160.05,229.45
159.61,169.96,189.72,169.96,189.72,228.5,159.61,228.5
159.78,169.79,189.74,169.79,189.74,228.06,159.78,228.06
159.85,170.83,189.83,170.83,189.83,229.13,159.85,229.13
159.64,171.29,189.77,171.29,189.77,229.88,159.64,229.88
158.86,171.32,189.05,171.32,189.05,230.03,158.86,230.03
158.71,171.61,188.99,171.61,188.99,230.49,158.71,230.49
159.24,172.61,189.38,172.61,189.38,231.22,159.24,231.22
159,172.36,188.99,172.36,188.99,230.68,159,230.68
159.29,172.79,189.34,172.79,189.34,231.22,159.29,231.22
159.23,173.14,188.91,173.14,188.91,230.84,159.23,230.84
158.66,173.15,188.29,173.15,188.29,230.76,158.66,230.76
158.58,172.83,188.34,172.83,188.34,230.7,158.58,230.7
158.06,172.66,187.91,172.66,187.91,230.71,158.06,230.71
157.5,172.57,187.44,172.57,187.44,230.79,157.5,230.79
157.74,173.16,187.93,173.16,187.93,231.85,157.74,231.85
156.77,172.92,186.95,172.92,186.95,231.59,156.77,231.59
156.61,173.11,186.75,173.11,186.75,231.72,156.61,231.72
156.75,172.82,186.74,172.82,186.74,231.12,156.75,231.12
156.98,173.02,186.87,173.02,186.87,231.14,156.98,231.14
156.79,172.73,186.57,172.73,186.57,230.65,156.79,230.65
156.72,173,186.6,173,186.6,231.1,156.72,231.1
156.77,173.72,186.95,173.72,186.95,232.39,156.77,232.39
156.68,173.89,186.92,173.89,186.92,232.69,156.68,232.69
156.82,174.7,187.19,174.7,187.19,233.76,156.82,233.76
157.21,175.45,187.48,175.45,187.48,234.32,157.21,234.32
156.89,175.67,187.24,175.67,187.24,234.69,156.89,234.69
157.17,175.64,187.26,175.64,187.26,234.15,157.17,234.15
156.34,175.14,186.21,175.14,186.21,233.21,156.34,233.21
156.25,175.04,186.12,175.04,186.12,233.12,156.25,233.12
155.91,175.32,185.97,175.32,185.97,233.76,155.91,233.76
156.01,176.41,186.24,176.41,186.24,235.2,156.01,235.2
155.62,176.39,185.93,176.39,185.93,235.33,155.62,235.33
155.23,176.86,185.63,176.86,185.63,235.96,155.23,235.96
155.22,176.96,185.6,176.96,185.6,236.04,155.22,236.04
155.28,176.92,185.63,176.92,185.63,235.95,155.28,235.95
154.89,176.73,185.2,176.73,185.2,235.67,154.89,235.67
154.89,177.11,185.21,177.11,185.21,236.08,154.89,236.08
154.7,177.53,185,177.53,185,236.45,154.7,236.45
154.61,178.02,185.34,178.02,185.34,237.79,154.61,237.79
154.27,177.88,185.56,177.88,185.56,238.72,154.27,238.72
153.92,178.05,185.33,178.05,185.33,239.14,153.92,239.14
154.14,178.51,185.33,178.51,185.33,239.17,154.14,239.17
154.09,178.9,184.85,178.9,184.85,238.71,154.09,238.71
153.73,178.78,184.45,178.78,184.45,238.52,153.73,238.52
154.11,179.04,184.86,179.04,184.86,238.83,154.11,238.83
153.46,178.44,184.3,178.44,184.3,238.42,153.46,238.42
152.98,178.4,184.06,178.4,184.06,238.84,152.98,238.84
152.81,178.71,184.12,178.71,184.12,239.58,152.81,239.58
152.68,179.32,183.87,179.32,183.87,239.96,152.68,239.96
152.22,179.49,183.24,179.49,183.24,239.81,152.22,239.81
152.52,179.88,183.77,179.88,183.77,240.66,152.52,240.66
152.38,179.78,183.36,179.78,183.36,240.02,152.38,240.02
152.44,179.56,183.4,179.56,183.4,239.77,152.44,239.77
152.58,179.88,183.44,179.88,183.44,239.88,152.58,239.88
152.23,179.22,183.19,179.22,183.19,239.43,152.23,239.43
152.07,180.33,183.35,180.33,183.35,241.14,152.07,241.14
152.13,180.6,183.71,180.6,183.71,242.02,152.13,242.02
151.92,180.83,183.59,180.83,183.59,242.42,151.92,242.42
152.11,181.26,183.68,181.26,183.68,242.65,152.11,242.65
152.22,181.11,183.7,181.11,183.7,242.33,152.22,242.33
152.32,180.79,183.29,180.79,183.29,241.01,152.32,241.01
152.57,180.97,183.39,180.97,183.39,240.89,152.57,240.89
152.16,181.01,182.94,181.01,182.94,240.86,152.16,240.86
151.89,181.26,183.14,181.26,183.14,242.03,151.89,242.03
151.59,182.31,183.39,182.31,183.39,244.13,151.59,244.13
150.9,181.94,182.72,181.94,182.72,243.81,150.9,243.81
150.88,181.65,182.49,181.65,182.49,243.12,150.88,243.12
151.14,182.31,182.51,182.31,182.51,243.32,151.14,243.32
151.85,182.75,183.18,182.75,183.18,243.68,151.85,243.68
151.69,182.64,183.08,182.64,183.08,243.68,151.69,243.68
151.04,182.9,182.64,182.9,182.64,244.33,151.04,244.33
151.04,183.09,183.05,183.09,183.05,245.33,151.04,245.33
150.8,183.51,183.09,183.51,183.09,246.29,150.8,246.29
150.61,183.6,183.29,183.6,183.29,247.15,150.61,247.15
150.99,183.93,183.57,183.93,183.57,247.27,150.99,247.27
151.14,184.29,183.44,184.29,183.44,247.11,151.14,247.11
151.18,184.42,183.14,184.42,183.14,246.56,151.18,246.56
151.26,184.37,183.21,184.37,183.21,246.49,151.26,246.49
150.62,184.47,182.72,184.47,182.72,246.9,150.62,246.9
150.14,184.64,182.26,184.64,182.26,247.08,150.14,247.08
149.42,184.74,181.83,184.74,181.83,247.76,149.42,247.76
149.06,185.29,181.78,185.29,181.78,248.91,149.06,248.91
148.64,185.25,181.49,185.25,181.49,249.12,148.64,249.12
148.44,185.15,181.29,185.15,181.29,249.04,148.44,249.04
148.47,185.17,181.26,185.17,181.26,248.93,148.47,248.93
148.37,185.22,180.98,185.22,180.98,248.63,148.37,248.63
148.83,185.39,181.45,185.39,181.45,248.82,148.83,248.82
148.64,185.75,181.21,185.75,181.21,249.09,148.64,249.09
148.64,186.08,181.64,186.08,181.64,250.24,148.64,250.24
148.4,186.61,181.64,186.61,181.64,251.24,148.4,251.24
147.99,186.93,181.48,186.93,181.48,252.04,147.99,252.04
148.11,187.43,181.2,187.43,181.2,251.77,148.11,251.77
148.09,187.9,181.23,187.9,181.23,252.33,148.09,252.33
148.54,187.77,181.21,187.77,181.21,251.29,148.54,251.29
148.97,188.23,181.23,188.23,181.23,250.98,148.97,250.98
149.18,188.3,181.22,188.3,181.22,250.59,149.18,250.59
148.66,188.46,180.87,188.46,180.87,251.08,148.66,251.08
148.35,188.53,180.57,188.53,180.57,251.18,148.35,251.18
147.59,189.09,179.92,189.09,179.92,251.95,147.59,251.95
147.55,189.49,180.29,189.49,180.29,253.15,147.55,253.15
147.22,189.28,179.94,189.28,179.94,252.9,147.22,252.9
147.3,189.68,179.71,189.68,179.71,252.69,147.3,252.69
147.72,189.8,179.63,189.8,179.63,251.85,147.72,251.85
148.03,190.11,179.97,190.11,179.97,252.21,148.03,252.21
147.89,190.17,180.01,190.17,180.01,252.64,147.89,252.64
147.04,190.53,179.16,190.53,179.16,252.96,147.04,252.96
146.87,190.86,179.31,190.86,179.31,253.93,146.87,253.93
146.91,191.26,179.48,191.26,179.48,254.58,146.91,254.58
147.93,191.73,180.69,191.73,180.69,255.43,147.93,255.43
147.38,191.55,180.19,191.55,180.19,255.35,147.38,255.35
147.6,191.39,180,191.39,180,254.39,147.6,254.39
147.86,191.27,179.91,191.27,179.91,253.58,147.86,253.58
147.53,191.8,179.58,191.8,179.58,254.11,147.53,254.11
147.46,192.13,179.8,192.13,179.8,255.01,147.46,255.01
147.32,192.22,180.17,192.22,180.17,256.09,147.32,256.09
146.55,191.94,179.76,191.94,179.76,256.52,146.55,256.52
146.38,192.45,179.55,192.45,179.55,256.94,146.38,256.94
146.1,192.37,179.05,192.37,179.05,256.44,146.1,256.44
146.27,192.49,179.04,192.49,179.04,256.22,146.27,256.22
146.14,192.41,178.51,192.41,178.51,255.37,146.14,255.37
146.37,192.68,178.73,192.68,178.73,255.6,146.37,255.6
146.69,193.01,179.15,193.01,179.15,256.12,146.69,256.12
145.91,192.75,178.42,192.75,178.42,255.96,145.91,255.96
146.11,193.95,178.89,193.95,178.89,257.69,146.11,257.69
145.79,193.6,178.7,193.6,178.7,257.59,145.79,257.59
146.07,194.23,179.26,194.23,179.26,258.77,146.07,258.77
145.73,194.02,178.68,194.02,178.68,258.08,145.73,258.08
146.19,193.99,179.16,193.99,179.16,258.11,146.19,258.11
146.38,194.21,179,194.21,179,257.65,146.38,257.65
146.36,194.16,179.14,194.16,179.14,257.9,146.36,257.9
145.5,194.22,178.54,194.22,178.54,258.46,145.5,258.46
145.52,194.74,178.69,194.74,178.69,259.25,145.52,259.25
144.73,194.67,178.1,194.67,178.1,259.55,144.73,259.55
144.31,195.93,177.94,195.93,177.94,261.32,144.31,261.32
144.38,195.53,178.17,195.53,178.17,261.24,144.38,261.24
143.71,195.3,177.53,195.3,177.53,261.06,143.71,261.06
143.99,195.18,177.54,195.18,177.54,260.42,143.99,260.42
144.23,195.39,177.76,195.39,177.76,260.58,144.23,260.58
144.06,195.41,177.6,195.41,177.6,260.65,144.06,260.65
144.42,196.59,178.85,196.59,178.85,263.53,144.42,263.53
143.72,196.42,178.51,196.42,178.51,264.06,143.72,264.06
143.74,196.57,178.45,196.57,178.45,264.06,143.74,264.06
144.1,197.78,178.62,197.78,178.62,264.91,144.1,264.91
144.64,198.07,179.09,198.07,179.09,265.05,144.64,265.05
144.56,198.06,178.82,198.06,178.82,264.66,144.56,264.66
144.84,198.42,178.99,198.42,178.99,264.82,144.84,264.82
145.11,198.41,179.08,198.41,179.08,264.47,145.11,264.47
144.86,198.91,179.05,198.91,179.05,265.41,144.86,265.41
143.95,199.51,178.36,199.51,178.36,266.43,143.95,266.43
143.64,199.22,178.43,199.22,178.43,266.87,143.64,266.87
143.48,199.18,178.24,199.18,178.24,266.77,143.48,266.77
143.24,199.28,177.98,199.28,177.98,266.82,143.24,266.82
143.39,199.42,177.96,199.42,177.96,266.64,143.39,266.64
144.32,200.1,178.66,200.1,178.66,266.89,144.32,266.89
144.5,199.72,178.79,199.72,178.79,266.39,144.5,266.39
144.7,200.32,178.92,200.32,178.92,266.86,144.7,266.86
145.01,201.12,179.45,201.12,179.45,268.1,145.01,268.1
144.32,201.17,179.32,201.17,179.32,269.24,144.32,269.24
144.62,202.11,180.05,202.11,180.05,271,144.62,271
144.78,202.4,180.4,202.4,180.4,271.67,144.78,271.67
145.3,202.59,180.91,202.59,180.91,271.83,145.3,271.83
145.72,202.92,180.98,202.92,180.98,271.47,145.72,271.47
146.4,203.38,181.38,203.38,181.38,271.39,146.4,271.39
146.86,203.5,181.24,203.5,181.24,270.34,146.86,270.34
146.72,203.45,180.91,203.45,180.91,269.93,146.72,269.93
146.7,204.05,181.2,204.05,181.2,271.14,146.7,271.14
146.46,204.01,181.05,204.01,181.05,271.28,146.46,271.28
146.68,204.69,181.35,204.69,181.35,272.1,146.68,272.1
146.75,204.7,181.36,204.7,181.36,272,146.75,272
147.04,205.11,181.44,205.11,181.44,272,147.04,272
147.12,204.59,181.23,204.59,181.23,270.92,147.12,270.92
147.37,204.96,181.26,204.96,181.26,270.86,147.37,270.86
148.15,205.11,181.94,205.11,181.94,270.81,148.15,270.81
148.32,205.03,182.06,205.03,182.06,270.65,148.32,270.65
148.29,205.66,182.33,205.66,182.33,271.85,148.29,271.85
148.68,206.85,183.27,206.85,183.27,274.11,148.68,274.11
149.27,206.71,183.97,206.71,183.97,274.18,149.27,274.18
149.87,207.22,184.26,207.22,184.26,274.09,149.87,274.09
149.96,207.16,184.26,207.16,184.26,273.86,149.96,273.86
150.91,207.24,185.01,207.24,185.01,273.55,150.91,273.55
150.61,207.04,184.88,207.04,184.88,273.67,150.61,273.67
150.45,207.93,185.13,207.93,185.13,275.37,150.45,275.37
150.18,207.41,185.06,207.41,185.06,275.23,150.18,275.23
150.42,207.98,185.71,207.98,185.71,276.61,150.42,276.61
150.34,208.02,185.51,208.02,185.51,276.42,150.34,276.42
150.66,208.44,185.58,208.44,185.58,276.34,150.66,276.34
150.77,208.19,185.62,208.19,185.62,275.96,150.77,275.96
151.23,208.28,185.7,208.28,185.7,275.31,151.23,275.31
150.83,207.84,185.11,207.84,185.11,274.49,150.83,274.49
151.21,209.07,185.73,209.07,185.73,276.18,151.21,276.18
151.08,209.14,185.75,209.14,185.75,276.56,151.08,276.56
151.37,209.57,186.33,209.57,186.33,277.55,151.37,277.55
151.79,210.6,187.11,210.6,187.11,279.27,151.79,279.27
151.76,210.48,187.44,210.48,187.44,279.85,151.76,279.85
152.12,210.56,187.23,210.56,187.23,278.82,152.12,278.82
152.03,210.76,186.81,210.76,186.81,278.4,152.03,278.4
152.47,210.41,186.69,210.41,186.69,276.94,152.47,276.94
153.28,211.01,187.56,211.01,187.56,277.66,153.28,277.66
152.85,211.31,187.53,211.31,187.53,278.74,152.85,278.74
152.21,212.24,187.29,212.24,187.29,280.44,152.21,280.44
151.69,212.29,186.95,212.29,186.95,280.86,151.69,280.86
151.91,212.66,187.37,212.66,187.37,281.61,151.91,281.61
151.66,212.35,186.89,212.35,186.89,280.85,151.66,280.85
151.46,212.9,186.47,212.9,186.47,280.97,151.46,280.97
151.78,212.89,186.66,212.89,186.66,280.7,151.78,280.7
151.75,212.94,186.83,212.94,186.83,281.15,151.75,281.15
151.24,212.66,186.19,212.66,186.19,280.62,151.24,280.62
151.75,213.9,187.34,213.9,187.34,283.11,151.75,283.11
151.68,214.57,187.73,214.57,187.73,284.66,151.68,284.66
151.59,214.64,187.57,214.64,187.57,284.6,151.59,284.6
151.71,215.55,187.76,215.55,187.76,285.65,151.71,285.65
151.55,215.43,187.07,215.43,187.07,284.51,151.55,284.51
152,215.9,187.46,215.9,187.46,284.87,152,284.87
151.4,215.61,186.61,215.61,186.61,284.09,151.4,284.09
151.53,216.69,187.06,216.69,187.06,285.78,151.53,285.78
151.57,217.15,187.34,217.15,187.34,286.7,151.57,286.7
150.36,217.84,186.21,217.84,186.21,287.56,150.36,287.56
149.92,218.75,186.33,218.75,186.33,289.56,149.92,289.56
149.16,218.33,185.29,218.33,185.29,288.59,149.16,288.59
149.41,218.61,185.48,218.61,185.48,288.76,149.41,288.76
149.05,218.41,185,218.41,185,288.3,149.05,288.3
149.13,219.11,184.98,219.11,184.98,288.82,149.13,288.82
148.97,219.02,185.12,219.02,185.12,289.31,148.97,289.31
148.25,219.66,184.71,219.66,184.71,290.56,148.25,290.56
147.63,220.41,184.41,220.41,184.41,291.94,147.63,291.94
147.56,220.86,184.51,220.86,184.51,292.72,147.56,292.72
147.93,221.45,185.13,221.45,185.13,293.79,147.93,293.79
148.08,221.92,185.26,221.92,185.26,294.22,148.08,294.22
148.29,222.08,185.09,222.08,185.09,293.63,148.29,293.63
147.82,221.96,184.16,221.96,184.16,292.62,147.82,292.62
147.67,222.5,183.85,222.5,183.85,292.85,147.67,292.85
147.08,223.4,183.46,223.4,183.46,294.12,147.08,294.12
146.13,223.4,182.8,223.4,182.8,294.7,146.13,294.7
145.45,224.64,182.26,224.64,182.26,296.23,145.45,296.23
145.64,225.07,182.5,225.07,182.5,296.75,145.64,296.75
145.39,225.24,182.39,225.24,182.39,297.17,145.39,297.17
144.84,224.65,181.57,224.65,181.57,296.07,144.84,296.07
144.57,225.33,180.86,225.33,180.86,295.89,144.57,295.89
144.81,225.81,181.49,225.81,181.49,297.12,144.81,297.12
144.11,225.58,180.89,225.58,180.89,297.09,144.11,297.09
143.78,226.2,180.93,226.2,180.93,298.45,143.78,298.45
144.21,227.08,181.86,227.08,181.86,300.29,144.21,300.29
143.65,227.71,181.42,227.71,181.42,301.16,143.65,301.16
144.25,228.47,181.8,228.47,181.8,301.49,144.25,301.49
144.55,229.43,181.88,229.43,181.88,302.02,144.55,302.02
144.16,229.32,181.24,229.32,181.24,301.42,144.16,301.42
144.1,229.96,180.91,229.96,180.91,301.53,144.1,301.53
144.21,229.97,181.28,229.97,181.28,302.06,144.21,302.06
144.07,230.32,181.28,230.32,181.28,302.67,144.07,302.67
143.72,231.78,181.33,231.78,181.33,304.9,143.72,304.9
143.72,232.55,181.56,232.55,181.56,306.15,143.72,306.15
143.38,232.68,181.32,232.68,181.32,306.45,143.38,306.45
143.5,233.05,181.46,233.05,181.46,306.88,143.5,306.88
143.08,232.99,181.01,232.99,181.01,306.76,143.08,306.76
143.83,232.7,181.82,232.7,181.82,306.56,143.83,306.56
143.62,232.3,181.58,232.3,181.58,306.1,143.62,306.1
144.2,232.89,182.71,232.89,182.71,307.77,144.2,307.77
144.36,232.91,183.11,232.91,183.11,308.27,144.36,308.27
144.32,232.76,183.12,232.76,183.12,308.2,144.32,308.2
144.93,233.23,184.15,233.23,184.15,309.48,144.93,309.48
145.65,233.67,184.57,233.67,184.57,309.35,145.65,309.35
145.77,234.34,184.66,234.34,184.66,309.97,145.77,309.97
145.47,234.68,183.97,234.68,183.97,309.53,145.47,309.53
146.65,235.02,184.68,235.02,184.68,308.98,146.65,308.98
146.49,235.02,184.35,235.02,184.35,308.64,146.49,308.64
146.61,235.77,184.72,235.77,184.72,309.87,146.61,309.87
146.35,236.67,184.65,236.67,184.65,311.14,146.35,311.14
145.72,236.77,184.36,236.77,184.36,311.91,145.72,311.91
146.23,237.45,184.92,237.45,184.92,312.68,146.23,312.68
146.67,237.28,184.92,237.28,184.92,311.67,146.67,311.67
146.9,238.18,185.47,238.18,185.47,313.18,146.9,313.18
146.92,237.36,185.66,237.36,185.66,312.68,146.92,312.68
146.65,236.79,185.37,236.79,185.37,312.08,146.65,312.08
146.94,237.88,186.24,237.88,186.24,314.3,146.94,314.3
147.18,238.43,186.56,238.43,186.56,315,147.18,315
147.62,239.49,187.4,239.49,187.4,316.86,147.62,316.86
147.98,240.06,188.21,240.06,188.21,318.3,147.98,318.3
148.22,240.47,188.28,240.47,188.28,318.35,148.22,318.35
148.35,241.01,187.7,241.01,187.7,317.51,148.35,317.51
148.55,241.39,187.39,241.39,187.39,316.91,148.55,316.91
149.37,242.29,188.16,242.29,188.16,317.71,149.37,317.71
148.77,243.35,188.43,243.35,188.43,320.47,148.77,320.47
148.04,243.35,188.37,243.35,188.37,321.77,148.04,321.77
147.3,244.21,187.83,244.21,187.83,323.03,147.3,323.03
146.87,244.69,187.66,244.69,187.66,323.99,146.87,323.99
146.71,245.24,187.47,245.24,187.47,324.49,146.71,324.49
146.56,244.93,187.46,244.93,187.46,324.44,146.56,324.44
146.54,244.39,187.62,244.39,187.62,324.27,146.54,324.27
146.43,245.54,187.76,245.54,187.76,325.9,146.43,325.9
146.46,246.03,187.34,246.03,187.34,325.53,146.46,325.53
147.52,247.22,188.38,247.22,188.38,326.68,147.52,326.68
147.77,247.98,188.78,247.98,188.78,327.72,147.77,327.72
148.08,248.43,188.75,248.43,188.75,327.5,148.08,327.5
148.27,249.5,188.49,249.5,188.49,327.7,148.27,327.7
148.88,250.05,188.74,250.05,188.74,327.56,148.88,327.56
149.24,250,189.26,250,189.26,327.81,149.24,327.81
148.81,250.11,189.13,250.11,189.13,328.5,148.81,328.5
148.31,250.18,189.31,250.18,189.31,329.9,148.31,329.9
148.5,250.66,190.04,250.66,190.04,331.43,148.5,331.43
148.57,251.3,190.28,251.3,190.28,332.39,148.57,332.39
148.16,251.45,189.48,251.45,189.48,331.8,148.16,331.8
148.67,251.65,189.59,251.65,189.59,331.23,148.67,331.23
149.45,252.01,190.15,252.01,190.15,331.14,149.45,331.14
149.88,252,190.32,252,190.32,330.63,149.88,330.63
150.58,252.89,191.46,252.89,191.46,332.38,150.58,332.38
150.52,253.66,192.12,253.66,192.12,334.53,150.52,334.53
150.66,253.54,192.45,253.54,192.45,334.81,150.66,334.81
151.39,254.35,193.11,254.35,193.11,335.47,151.39,335.47
151.9,254.88,193.17,254.88,193.17,335.13,151.9,335.13
152.67,256.06,193.59,256.06,193.59,335.61,152.67,335.61
153.45,256.69,194.13,256.69,194.13,335.78,153.45,335.78
153.86,256.52,194.17,256.52,194.17,334.89,153.86,334.89
153.91,256.86,194.36,256.86,194.36,335.53,153.91,335.53
154.89,257.29,195.93,257.29,195.93,337.09,154.89,337.09
153.91,257.63,195.45,257.63,195.45,338.41,153.91,338.41
154.35,259.07,196.38,259.07,196.38,340.78,154.35,340.78
154.26,259.12,196.17,259.12,196.17,340.63,154.26,340.63
154.5,259.1,196.62,259.1,196.62,341,154.5,341
155.28,259.41,197.27,259.41,197.27,341.07,155.28,341.07
155.73,259.58,197.56,259.58,197.56,340.92,155.73,340.92
156.82,260.03,198.63,260.03,198.63,341.34,156.82,341.34
157.18,260.62,199.82,260.62,199.82,343.52,157.18,343.52
156.98,260.72,199.82,260.72,199.82,344.02,156.98,344.02
157.88,261.75,200.89,261.75,200.89,345.37,157.88,345.37
158.55,262.98,201.19,262.98,201.19,345.89,158.55,345.89
159.56,264.13,201.78,264.13,201.78,346.23,159.56,346.23
160.65,265.12,202.79,265.12,202.79,347.06,160.65,347.06
161.28,264.95,202.99,264.95,202.99,346.06,161.28,346.06
161.08,265.46,202.4,265.46,202.4,345.81,161.08,345.81
161.76,266.67,203.53,266.67,203.53,347.9,161.76,347.9
162.3,267.34,204.81,267.34,204.81,349.99,162.3,349.99
162.3,268.8,205.12,268.8,205.12,352.05,162.3,352.05
162.6,268.96,205.49,268.96,205.49,352.35,162.6,352.35
163.06,269.07,205.48,269.07,205.48,351.55,163.06,351.55
164.8,269.88,207.03,269.88,207.03,352.02,164.8,352.02
164.91,269.46,206.57,269.46,206.57,350.46,164.91,350.46
165.26,269.78,207.04,269.78,207.04,351.02,165.26,351.02
165.88,270.8,207.94,270.8,207.94,352.58,165.88,352.58
166.89,271.6,209.81,271.6,209.81,355.06,166.89,355.06
167.4,272.05,210.31,272.05,210.31,355.49,167.4,355.49
168.73,273.3,212.01,273.3,212.01,357.46,168.73,357.46
168.87,273.72,211.9,273.72,211.9,357.38,168.87,357.38
169.98,274.48,212.71,274.48,212.71,357.57,169.98,357.57
170.63,275.22,213.04,275.22,213.04,357.69,170.63,357.69
171.06,275.65,213.5,275.65,213.5,358.18,171.06,358.18
171.06,276.61,214.22,276.61,214.22,360.52,171.06,360.52
171.02,277.19,214.6,277.19,214.6,361.92,171.02,361.92
170.81,277.36,214.73,277.36,214.73,362.77,170.81,362.77
170.96,278.79,214.6,278.79,214.6,363.65,170.96,363.65
171.5,279.1,215.22,279.1,215.22,364.11,171.5,364.11
172.97,279.67,216.76,279.67,216.76,364.81,172.97,364.81
172.84,279.4,216.66,279.4,216.66,364.61,172.84,364.61
173.86,280.41,217.61,280.41,217.61,365.48,173.86,365.48
174.26,280.65,218.47,280.65,218.47,366.62,174.26,366.62
174.93,281.72,219.78,281.72,219.78,368.91,174.93,368.91
175.46,282.37,220.82,282.37,220.82,370.57,175.46,370.57
176.54,283.79,222.1,283.79,222.1,372.37,176.54,372.37
176.74,284.22,221.89,284.22,221.89,372.02,176.74,372.02
177.87,285.43,222.83,285.43,222.83,372.86,177.87,372.86
178,285.7,222.22,285.7,222.22,371.68,178,371.68
179.03,286.1,222.84,286.1,222.84,371.29,179.03,371.29
179.62,286.77,223.54,286.77,223.54,372.16,179.62,372.16
179.36,287.12,223.28,287.12,223.28,372.51,179.36,372.51
179.18,287.42,223.34,287.42,223.34,373.3,179.18,373.3
179.94,289.49,224.8,289.49,224.8,376.71,179.94,376.71
179.49,289.5,224.34,289.5,224.34,376.72,179.49,376.72
180.14,290.31,224.73,290.31,224.73,377,180.14,377
180.49,290.64,224.68,290.64,224.68,376.58,180.49,376.58
180.6,290.56,224.63,290.56,224.63,376.17,180.6,376.17
181.95,291.22,226.13,291.22,226.13,377.12,181.95,377.12
182.04,291.72,226.29,291.72,226.29,377.75,182.04,377.75
181.97,292.31,226.33,292.31,226.33,378.56,181.97,378.56
183.76,293.95,228.67,293.95,228.67,381.27,183.76,381.27
183.62,294.45,228.29,294.45,228.29,381.31,183.62,381.31
185.07,295.64,229.7,295.64,229.7,382.41,185.07,382.41
185.89,295.93,230.44,295.93,230.44,382.56,185.89,382.56
186.07,296.31,230.25,296.31,230.25,382.21,186.07,382.21
187,296.79,230.96,296.79,230.96,382.26,187,382.26
186.79,297.29,230.76,297.29,230.76,382.79,186.79,382.79
187.24,299.33,231.71,299.33,231.71,385.81,187.24,385.81
187.56,299.87,232.47,299.87,232.47,387.2,187.56,387.2
187.1,301.04,232.01,301.04,232.01,388.36,187.1,388.36
187.48,302.5,232.11,302.5,232.11,389.28,187.48,389.28
187.86,303.07,232.52,303.07,232.52,389.9,187.86,389.9
188.36,303.21,232.82,303.21,232.82,389.67,188.36,389.67
190.38,303.4,234.95,303.4,234.95,390.07,190.38,390.07
189.72,303.75,234.04,303.75,234.04,389.92,189.72,389.92
190.67,304.83,235.01,304.83,235.01,391.06,190.67,391.06
191.45,305.54,236.29,305.54,236.29,392.74,191.45,392.74
192.66,306.35,238.27,306.35,238.27,395.05,192.66,395.05
193.35,307.44,239.3,307.44,239.3,396.78,193.35,396.78
194.93,308.94,240.74,308.94,240.74,398.03,194.93,398.03
196.26,309.24,242.31,309.24,242.31,398.78,196.26,398.78
196.53,309.94,242.21,309.94,242.21,398.77,196.53,398.77
198.09,309.73,244.01,309.73,244.01,399.02,198.09,399.02
198.6,311.59,244.88,311.59,244.88,401.57,198.6,401.57
198.26,312.87,244.62,312.87,244.62,403.01,198.26,403.01
199.17,314.06,245.98,314.06,245.98,405.09,199.17,405.09
200.39,314.94,247.27,314.94,247.27,406.09,200.39,406.09
200.35,314.88,247.11,314.88,247.11,405.8,200.35,405.8
201.73,315.84,248.65,315.84,248.65,407.08,201.73,407.08
203.05,315.57,249.73,315.57,249.73,406.33,203.05,406.33
204.53,316.34,251.01,316.34,251.01,406.71,204.53,406.71
205,316.59,251.53,316.59,251.53,407.07,205,407.07
205.96,318.05,252.62,318.05,252.62,408.78,205.96,408.78
207.35,319.12,254.69,319.12,254.69,411.16,207.35,411.16
208.96,320.07,256.49,320.07,256.49,412.47,208.96,412.47
210.87,321.58,258.49,321.58,258.49,414.17,210.87,414.17
211.98,321.86,259.35,321.86,259.35,413.97,211.98,413.97
214.64,321.96,261.78,321.96,261.78,413.61,214.64,413.61
215.36,322.52,262.31,322.52,262.31,413.81,215.36,413.81
216.14,322.53,263.07,322.53,263.07,413.78,216.14,413.78
217.59,323.85,264.8,323.85,264.8,415.65,217.59,415.65
217.87,324.64,265.6,324.64,265.6,417.44,217.87,417.44
219.3,328.32,267.57,328.32,267.57,422.16,219.3,422.16
219.93,327.79,268.22,327.79,268.22,421.7,219.93,421.7
222.19,328.4,270.78,328.4,270.78,422.88,222.19,422.88
222.85,327.57,271.34,327.57,271.34,421.86,222.85,421.86
223.69,327.93,272.04,327.93,272.04,421.95,223.69,421.95
226.53,328.7,274.97,328.7,274.97,422.89,226.53,422.89
227.83,330.05,276.32,330.05,276.32,424.35,227.83,424.35
229.5,332.45,278.54,332.45,278.54,427.81,229.5,427.81
231.43,332.67,281.1,332.67,281.1,429.24,231.43,429.24
233.64,334.87,283.68,334.87,283.68,432.18,233.64,432.18
235.03,335.51,285.49,335.51,285.49,433.61,235.03,433.61
236.71,335.45,286.82,335.45,286.82,432.89,236.71,432.89
237.55,335.8,287.36,335.8,287.36,432.66,237.55,432.66
239.3,336.48,289.25,336.48,289.25,433.59,239.3,433.59
240.66,338.53,290.92,338.53,290.92,436.27,240.66,436.27
241.63,339.91,291.91,339.91,291.91,437.67,241.63,437.67
242.53,341.54,292.98,341.54,292.98,439.63,242.53,439.63
243.26,343.31,293.48,343.31,293.48,440.96,243.26,440.96
244.01,344.16,294.06,344.16,294.06,441.49,244.01,441.49
246.13,345.29,295.7,345.29,295.7,441.68,246.13,441.68
247.31,344.61,297.21,344.61,297.21,441.65,247.31,441.65
248.68,344.77,298.76,344.77,298.76,442.14,248.68,442.14
249.8,345.35,299.91,345.35,299.91,442.78,249.8,442.78
251.2,347.07,301.42,347.07,301.42,444.71,251.2,444.71
252.96,348.61,303.84,348.61,303.84,447.55,252.96,447.55
254.52,349.08,305.9,349.08,305.9,448.98,254.52,448.98
258.6,351.98,310.44,351.98,310.44,452.78,258.6,452.78
259.39,351.34,311.52,351.34,311.52,452.72,259.39,452.72
260.47,352.59,312.5,352.59,312.5,453.75,260.47,453.75
262.96,353.94,314.74,353.94,314.74,454.63,262.96,454.63
263.77,353.73,315.36,353.73,315.36,454.04,263.77,454.04
265.33,354.53,317.34,354.53,317.34,455.65,265.33,455.65
266.94,357.64,319.02,357.64,319.02,458.91,266.94,458.91
268.91,359.26,321.22,359.26,321.22,460.98,268.91,460.98
269.76,360.52,322.51,360.52,322.51,463.09,269.76,463.09
270.34,361.17,322.97,361.17,322.97,463.52,270.34,463.52
280.32,366.22,332.98,366.22,332.98,468.62,280.32,468.62
288.53,371.29,341.57,371.29,341.57,474.42,288.53,474.42
290.84,371.4,343.93,371.4,343.93,474.62,290.84,474.62
291.56,371.58,344.42,371.58,344.42,474.36,291.56,474.36
293.83,373,346.77,373,346.77,475.95,293.83,475.95
296.94,376.42,350.46,376.42,350.46,480.49,296.94,480.49
297.96,377.21,351.76,377.21,351.76,481.83,297.96,481.83
299.89,379.34,353.76,379.34,353.76,484.09,299.89,484.09
301.92,380.07,355.87,380.07,355.87,484.98,301.92,484.98
305.3,379.95,359.4,379.95,359.4,485.15,305.3,485.15
306.18,380.02,360.19,380.02,360.19,485.03,306.18,485.03
308.08,381.16,362.07,381.16,362.07,486.14,308.08,486.14
311.87,385.63,366.54,385.63,366.54,491.93,311.87,491.93
312.92,386.21,367.87,386.21,367.87,493.05,312.92,493.05
315.86,387.75,371.43,387.75,371.43,495.79,315.86,495.79
319.42,393.2,375.3,393.2,375.3,501.87,319.42,501.87
321.11,392.61,377.57,392.61,377.57,502.4,321.11,502.4
322.48,392.5,378.49,392.5,378.49,501.41,322.48,501.41
325.29,393.63,380.57,393.63,380.57,501.12,325.29,501.12
327.6,394.91,382.83,394.91,382.83,502.29,327.6,502.29
329.29,395.71,384.51,395.71,384.51,503.07,329.29,503.07
330.91,397.9,386.38,397.9,386.38,505.74,330.91,505.74
332.1,398.97,387.82,398.97,387.82,507.33,332.1,507.33
334.74,401.34,390.39,401.34,390.39,509.55,334.74,509.55
337.06,402.31,392.78,402.31,392.78,510.65,337.06,510.65
337.58,402.83,393.28,402.83,393.28,511.13,337.58,511.13
342.12,403.29,397.76,403.29,397.76,511.48,342.12,511.48
