422.5,157.5,444.5,157.5,444.5,214.5,422.5,214.5
422.16,157.37,444.16,157.37,444.16,214.39,422.16,214.39
421.52,157.23,443.59,157.23,443.59,214.42,421.52,214.42
421.22,157.15,443.41,157.15,443.41,214.65,421.22,214.65
420.6,157.07,442.54,157.07,442.54,213.92,420.6,213.92
420.19,156.86,442.05,156.86,442.05,213.49,420.19,213.49
420.03,156.97,441.72,156.97,441.72,213.16,420.03,213.16
420.32,157.21,441.97,157.21,441.97,213.31,420.32,213.31
419.67,156.42,441.45,156.42,441.45,212.84,419.67,212.84
420.09,156.9,441.78,156.9,441.78,213.11,420.09,213.11
419.95,156.74,441.66,156.74,441.66,212.99,419.95,212.99
419.3,156.63,441.21,156.63,441.21,213.4,419.3,213.4
418.7,156.27,440.41,156.27,440.41,212.53,418.7,212.53
418.8,156.7,440.29,156.7,440.29,212.37,418.8,212.37
417.27,156.52,438.88,156.52,438.88,212.52,417.27,212.52
416.17,155.92,437.69,155.92,437.69,211.67,416.17,211.67
415.24,155.93,437.02,155.93,437.02,212.37,415.24,212.37
414.92,155.87,436.72,155.87,436.72,212.34,414.92,212.34
414.49,155.57,436.39,155.57,436.39,212.31,414.49,212.31
413.26,154.99,435.09,154.99,435.09,211.55,413.26,211.55
412.94,154.67,434.82,154.67,434.82,211.35,412.94,211.35
412.85,154.62,434.61,154.62,434.61,210.99,412.85,210.99
412.92,154.9,434.77,154.9,434.77,211.52,412.92,211.52
412.34,154.32,434.29,154.32,434.29,211.19,412.34,211.19
412.29,154.51,434.44,154.51,434.44,211.89,412.29,211.89
411.74,154.33,433.74,154.33,433.74,211.34,411.74,211.34
411.98,154.64,434.02,154.64,434.02,211.76,411.98,211.76
411.5,154.58,433.56,154.58,433.56,211.72,411.5,211.72
411.65,154.62,433.59,154.62,433.59,211.46,411.65,211.46
411.14,154.52,432.82,154.52,432.82,210.7,411.14,210.7
411.43,154.84,433.11,154.84,433.11,210.99,411.43,210.99
411.22,154.64,432.92,154.64,432.92,210.86,411.22,210.86
410.87,154.62,432.58,154.62,432.58,210.85,410.87,210.85
410.6,153.84,432.58,153.84,432.58,210.78,410.6,210.78
410.48,153.61,432.59,153.61,432.59,210.89,410.48,210.89
409.83,153.16,431.85,153.16,431.85,210.22,409.83,210.22
409.83,153.53,431.9,153.53,431.9,210.69,409.83,210.69
409.74,153.79,431.63,153.79,431.63,210.49,409.74,210.49
408.6,153.27,430.46,153.27,430.46,209.92,408.6,209.92
407.86,153.5,429.56,153.5,429.56,209.74,407.86,209.74
407.45,153.76,429.1,153.76,429.1,209.88,407.45,209.88
406.63,153.36,428.28,153.36,428.28,209.46,406.63,209.46
405.68,153.13,427.2,153.13,427.2,208.89,405.68,208.89
404.85,152.82,426.44,152.82,426.44,208.76,404.85,208.76
404.56,152.63,426.19,152.63,426.19,208.67,404.56,208.67
404.08,152.17,425.74,152.17,425.74,208.28,404.08,208.28
403.52,151.95,425.17,151.95,425.17,208.03,403.52,208.03
403.33,151.75,425.07,151.75,425.07,208.08,403.33,208.08
403.29,152.22,424.99,152.22,424.99,208.44,403.29,208.44
402.99,152.19,424.7,152.19,424.7,208.43,402.99,208.43
402.54,152.11,424.25,152.11,424.25,208.35,402.54,208.35
402.21,152.13,423.89,152.13,423.89,208.3,402.21,208.3
401.83,152.12,423.46,152.12,423.46,208.17,401.83,208.17
400.74,151.93,422.26,151.93,422.26,207.68,400.74,207.68
400.64,152.52,422.14,152.52,422.14,208.21,400.64,208.21
400.4,152.35,421.92,152.35,421.92,208.12,400.4,208.12
399.66,152.08,421.05,152.08,421.05,207.48,399.66,207.48
399.59,152.39,421.01,152.39,421.01,207.88,399.59,207.88
399.5,151.77,421.05,151.77,421.05,207.61,399.5,207.61
398.49,151.41,419.92,151.41,419.92,206.95,398.49,206.95
398.68,151.48,420.14,151.48,420.14,207.07,398.68,207.07
398.6,151.31,420.07,151.31,420.07,206.94,398.6,206.94
398.2,151.32,419.67,151.32,419.67,206.93,398.2,206.93
398.17,151.43,419.71,151.43,419.71,207.24,398.17,207.24
397.11,151.14,418.55,151.14,418.55,206.7,397.11,206.7
397.11,151.49,418.37,151.49,418.37,206.56,397.11,206.56
396.43,151.09,417.64,151.09,417.64,206.05,396.43,206.05
396.19,151.41,417.32,151.41,417.32,206.16,396.19,206.16
395.56,151.8,416.52,151.8,416.52,206.11,395.56,206.11
394.67,151.04,415.62,151.04,415.62,205.29,394.67,205.29
394.65,151.29,415.54,151.29,415.54,205.43,394.65,205.43
394.57,151.19,415.35,151.19,415.35,205.03,394.57,205.03
393.68,150.58,414.53,150.58,414.53,204.61,393.68,204.61
394.01,150.98,414.95,150.98,414.95,205.23,394.01,205.23
393.73,150.73,414.77,150.73,414.77,205.25,393.73,205.25
393.16,150.36,414.13,150.36,414.13,204.71,393.16,204.71
392.98,150.47,413.97,150.47,413.97,204.84,392.98,204.84
392.66,150.23,413.69,150.23,413.69,204.7,392.66,204.7
392.43,150.45,413.32,150.45,413.32,204.57,392.43,204.57
392.9,150.99,413.76,150.99,413.76,205.04,392.9,205.04
392.64,151.01,413.49,151.01,413.49,205.03,392.64,205.03
392.57,150.89,413.49,150.89,413.49,205.08,392.57,205.08
392.37,150.55,413.27,150.55,413.27,204.71,392.37,204.71
392.34,150.14,413.19,150.14,413.19,204.14,392.34,204.14
391.97,149.6,413,149.6,413,204.09,391.97,204.09
391.44,149.04,412.51,149.04,412.51,203.62,391.44,203.62
391.12,148.92,412.3,148.92,412.3,203.79,391.12,203.79
391.32,149.34,412.4,149.34,412.4,203.97,391.32,203.97
390.67,148.86,411.85,148.86,411.85,203.74,390.67,203.74
390.39,149.01,411.63,149.01,411.63,204.05,390.39,204.05
389.76,148.89,410.95,148.89,410.95,203.78,389.76,203.78
389.56,148.92,410.72,148.92,410.72,203.76,389.56,203.76
388.99,148.87,410.15,148.87,410.15,203.69,388.99,203.69
388.7,149.1,409.83,149.1,409.83,203.83,388.7,203.83
388.04,149,409.11,149,409.11,203.6,388.04,203.6
387.14,148.19,408.25,148.19,408.25,202.89,387.14,202.89
387.08,148.54,408.18,148.54,408.18,203.21,387.08,203.21
386.81,148.24,407.96,148.24,407.96,203.04,386.81,203.04
386.39,148.13,407.56,148.13,407.56,202.99,386.39,202.99
386.51,148.01,407.68,148.01,407.68,202.85,386.51,202.85
386.15,147.85,407.33,147.85,407.33,202.71,386.15,202.71
385.78,148,406.91,148,406.91,202.74,385.78,202.74
385.47,148.09,406.51,148.09,406.51,202.58,385.47,202.58
384.76,147.61,405.74,147.61,405.74,201.97,384.76,201.97
384.55,147.7,405.4,147.7,405.4,201.73,384.55,201.73
384.55,148.33,405.23,148.33,405.23,201.91,384.55,201.91
384.02,147.76,404.65,147.76,404.65,201.21,384.02,201.21
384.03,147.89,404.58,147.89,404.58,201.12,384.03,201.12
383.97,147.95,404.49,147.95,404.49,201.14,383.97,201.14
383.15,147.01,403.71,147.01,403.71,200.3,383.15,200.3
383.42,147.51,404.13,147.51,404.13,201.16,383.42,201.16
382.83,146.88,403.54,146.88,403.54,200.56,382.83,200.56
382.63,146.52,403.36,146.52,403.36,200.22,382.63,200.22
382.17,146.49,402.95,146.49,402.95,200.33,382.17,200.33
381.17,146.35,402.03,146.35,402.03,200.41,381.17,200.41
380.59,147.01,401.39,147.01,401.39,200.91,380.59,200.91
378.65,146.85,399.48,146.85,399.48,200.81,378.65,200.81
378.41,147.13,399.29,147.13,399.29,201.21,378.41,201.21
378.01,147.39,398.83,147.39,398.83,201.34,378.01,201.34
377.88,146.23,398.77,146.23,398.77,200.36,377.88,200.36
377.59,146.88,398.6,146.88,398.6,201.32,377.59,201.32
375.81,146.72,396.99,146.72,396.99,201.6,375.81,201.6
382.12,150.19,403.27,150.19,403.27,204.98,382.12,204.98
379.71,149.19,400.87,149.19,400.87,204,379.71,204
377.97,148.74,399.23,148.74,399.23,203.81,377.97,203.81
375.78,147.89,397.17,147.89,397.17,203.32,375.78,203.32
374.92,147.47,396.41,147.47,396.41,203.13,374.92,203.13
374.12,147.06,395.77,147.06,395.77,203.15,374.12,203.15
372.86,145.75,394.48,145.75,394.48,201.76,372.86,201.76
372.98,145.02,394.41,145.02,394.41,200.54,372.98,200.54
373.29,145.89,394.65,145.89,394.65,201.24,373.29,201.24
373.06,144.66,394.38,144.66,394.38,199.9,373.06,199.9
372.98,144.48,394.26,144.48,394.26,199.64,372.98,199.64
372.36,144.05,393.64,144.05,393.64,199.18,372.36,199.18
371.67,143.91,392.95,143.91,392.95,199.04,371.67,199.04
372,144.43,393.18,144.43,393.18,199.3,372,199.3
371.77,144.49,392.88,144.49,392.88,199.17,371.77,199.17
371.51,144.63,392.67,144.63,392.67,199.44,371.51,199.44
371.33,144.94,392.43,144.94,392.43,199.61,371.33,199.61
370.7,144.84,391.77,144.84,391.77,199.45,370.7,199.45
369.37,144.04,390.34,144.04,390.34,198.37,369.37,198.37
368.79,144.08,389.64,144.08,389.64,198.1,368.79,198.1
369.03,144.71,389.72,144.71,389.72,198.34,369.03,198.34
367.78,144.17,388.54,144.17,388.54,197.95,367.78,197.95
367.35,144.06,388.17,144.06,388.17,198.01,367.35,198.01
367.6,143.64,388.45,143.64,388.45,197.68,367.6,197.68
367.3,143.5,388.1,143.5,388.1,197.39,367.3,197.39
366.76,142.99,387.46,142.99,387.46,196.62,366.76,196.62
366.54,143.2,387.11,143.2,387.11,196.47,366.54,196.47
366.86,143.47,387.52,143.47,387.52,197.01,366.86,197.01
366.81,143.16,387.57,143.16,387.57,196.94,366.81,196.94
366.27,142.92,387.04,142.92,387.04,196.75,366.27,196.75
366.17,142.91,386.87,142.91,386.87,196.55,366.17,196.55
365.77,143.16,386.4,143.16,386.4,196.6,365.77,196.6
365.92,143.17,386.51,143.17,386.51,196.54,365.92,196.54
365.85,143.18,386.56,143.18,386.56,196.83,365.85,196.83
365.62,142.78,386.09,142.78,386.09,195.81,365.62,195.81
365.46,142.78,385.84,142.78,385.84,195.58,365.46,195.58
365.7,142.88,386.13,142.88,386.13,195.8,365.7,195.8
365.49,142.47,385.75,142.47,385.75,194.97,365.49,194.97
365.76,142.72,386.05,142.72,386.05,195.3,365.76,195.3
365.72,142.71,385.97,142.71,385.97,195.2,365.72,195.2
365.66,142.85,385.99,142.85,385.99,195.5,365.66,195.5
365.39,142.44,385.77,142.44,385.77,195.26,365.39,195.26
364.3,142.25,384.63,142.25,384.63,194.92,364.3,194.92
363.94,142.6,384.36,142.6,384.36,195.51,363.94,195.51
363.44,142.38,383.78,142.38,383.78,195.08,363.44,195.08
363.15,142.58,383.48,142.58,383.48,195.26,363.15,195.26
362.39,142.58,382.67,142.58,382.67,195.14,362.39,195.14
361.85,142.07,382.15,142.07,382.15,194.65,361.85,194.65
361.82,142.09,382.07,142.09,382.07,194.57,361.82,194.57
361.47,141.88,381.72,141.88,381.72,194.34,361.47,194.34
361.19,141.76,381.47,141.76,381.47,194.3,361.19,194.3
360.82,141.88,380.98,141.88,380.98,194.09,360.82,194.09
360.17,141.46,380.23,141.46,380.23,193.43,360.17,193.43
360.38,142.04,380.48,142.04,380.48,194.11,360.38,194.11
360.28,141.92,380.28,141.92,380.28,193.74,360.28,193.74
359.74,142.01,379.8,142.01,379.8,193.97,359.74,193.97
359.41,141.8,379.51,141.8,379.51,193.87,359.41,193.87
359.1,141.91,379.12,141.91,379.12,193.8,359.1,193.8
358.94,141.87,378.97,141.87,378.97,193.77,358.94,193.77
358.78,141.68,378.83,141.68,378.83,193.61,358.78,193.61
358.38,141.41,378.57,141.41,378.57,193.71,358.38,193.71
357.74,140.88,377.91,140.88,377.91,193.15,357.74,193.15
357.54,140.64,377.68,140.64,377.68,192.81,357.54,192.81
357,140.06,377.19,140.06,377.19,192.35,357,192.35
356.82,140.05,377.01,140.05,377.01,192.37,356.82,192.37
356.62,140.15,376.86,140.15,376.86,192.57,356.62,192.57
355.93,140.38,376.14,140.38,376.14,192.74,355.93,192.74
355.83,139.96,375.99,139.96,375.99,192.19,355.83,192.19
354.88,140.25,375.03,140.25,375.03,192.44,354.88,192.44
354.85,140.5,374.84,140.5,374.84,192.3,354.85,192.3
354.48,140.72,374.6,140.72,374.6,192.84,354.48,192.84
353.02,139.98,373.14,139.98,373.14,192.11,353.02,192.11
352.56,140.04,372.68,140.04,372.68,192.17,352.56,192.17
352.15,139.92,372.32,139.92,372.32,192.19,352.15,192.19
351.44,139.85,371.56,139.85,371.56,191.98,351.44,191.98
350.68,139.45,370.71,139.45,370.71,191.36,350.68,191.36
350.21,139.51,370.26,139.51,370.26,191.47,350.21,191.47
349.82,139.57,369.95,139.57,369.95,191.73,349.82,191.73
349.24,139.21,369.36,139.21,369.36,191.33,349.24,191.33
348.53,139.03,368.55,139.03,368.55,190.9,348.53,190.9
348.76,139.53,368.86,139.53,368.86,191.61,348.76,191.61
348.45,139.78,368.5,139.78,368.5,191.71,348.45,191.71
347.67,139.61,367.65,139.61,367.65,191.38,347.67,191.38
345,140.79,365.1,140.79,365.1,192.88,345,192.88
328.76,139.53,348.97,139.53,348.97,191.92,328.76,191.92
322.68,139.44,342.78,139.44,342.78,191.53,322.68,191.53
313.08,139.72,333.41,139.72,333.41,192.38,313.08,192.38
314.04,139.65,334.5,139.65,334.5,192.66,314.04,192.66
312.78,139.17,333.39,139.17,333.39,192.57,312.78,192.57
312.91,139.29,333.83,139.29,333.83,193.48,312.91,193.48
312.77,138.88,333.68,138.88,333.68,193.05,312.77,193.05
312.13,139.09,332.97,139.09,332.97,193.1,312.13,193.1
311.92,139.24,332.98,139.24,332.98,193.79,311.92,193.79
311,139.39,331.88,139.39,331.88,193.5,311,193.5
310.56,139.62,331.48,139.62,331.48,193.82,310.56,193.82
310.05,139.72,330.89,139.72,330.89,193.73,310.05,193.73
308.91,139.89,329.61,139.89,329.61,193.53,308.91,193.53
308.31,139.63,328.99,139.63,328.99,193.2,308.31,193.2
306.53,139.13,327.18,139.13,327.18,192.62,306.53,192.62
307.29,139.07,327.85,139.07,327.85,192.35,307.29,192.35
306.42,138.63,327.04,138.63,327.04,192.07,306.42,192.07
305.67,138.7,326.19,138.7,326.19,191.85,305.67,191.85
304.87,138.53,325.22,138.53,325.22,191.27,304.87,191.27
304.92,138.92,325.23,138.92,325.23,191.55,304.92,191.55
303.97,138.97,324.18,138.97,324.18,191.31,303.97,191.31
303.66,138.72,323.76,138.72,323.76,190.81,303.66,190.81
302.8,138.61,322.84,138.61,322.84,190.54,302.8,190.54
302.67,139.48,322.76,139.48,322.76,191.52,302.67,191.52
302.7,139.48,322.82,139.48,322.82,191.58,302.7,191.58
302.42,138.57,322.47,138.57,322.47,190.52,302.42,190.52
302.19,138.44,322.25,138.44,322.25,190.42,302.19,190.42
301.64,138.33,321.68,138.33,321.68,190.24,301.64,190.24
300.92,137.63,320.99,137.63,320.99,189.64,300.92,189.64
301.04,137.54,321.06,137.54,321.06,189.41,301.04,189.41
300.76,137.73,320.85,137.73,320.85,189.78,300.76,189.78
300.55,137.65,320.62,137.65,320.62,189.66,300.55,189.66
300.33,138.02,320.52,138.02,320.52,190.32,300.33,190.32
299.55,137.22,319.61,137.22,319.61,189.2,299.55,189.2
299.88,138.34,320.16,138.34,320.16,190.89,299.88,190.89
299.54,137.33,319.86,137.33,319.86,189.96,299.54,189.96
297.87,137.26,318.18,137.26,318.18,189.87,297.87,189.87
299.01,138.01,319.34,138.01,319.34,190.67,299.01,190.67
308.57,136.89,328.95,136.89,328.95,189.69,308.57,189.69
318,137.08,338.42,137.08,338.42,189.98,318,189.98
324.69,137.12,344.99,137.12,344.99,189.72,324.69,189.72
335.65,136.58,355.79,136.58,355.79,188.77,335.65,188.77
343.27,135.14,363.33,135.14,363.33,187.09,343.27,187.09
351.81,136.19,371.9,136.19,371.9,188.24,351.81,188.24
359.24,135.84,379.2,135.84,379.2,187.57,359.24,187.57
368.48,135.94,388.55,135.94,388.55,187.94,368.48,187.94
377.94,136.14,397.92,136.14,397.92,187.91,377.94,187.91
385.02,136.3,405.03,136.3,405.03,188.16,385.02,188.16
384.58,136.83,404.5,136.83,404.5,188.43,384.58,188.43
383.62,135.52,403.64,135.52,403.64,187.37,383.62,187.37
382.65,136.73,402.59,136.73,402.59,188.4,382.65,188.4
382.38,135.49,402.33,135.49,402.33,187.16,382.38,187.16
381.21,134.95,401.11,134.95,401.11,186.51,381.21,186.51
380.72,134.84,400.55,134.84,400.55,186.21,380.72,186.21
380.51,134.95,400.3,134.95,400.3,186.2,380.51,186.2
380.5,135.26,400.3,135.26,400.3,186.56,380.5,186.56
380.3,135.03,400.17,135.03,400.17,186.5,380.3,186.5
378.7,135.01,398.53,135.01,398.53,186.37,378.7,186.37
379.44,134.06,399.09,134.06,399.09,184.99,379.44,184.99
394.04,134.79,413.64,134.79,413.64,185.58,394.04,185.58
396.36,134.31,415.88,134.31,415.88,184.89,396.36,184.89
408.52,133.76,427.96,133.76,427.96,184.13,408.52,184.13
418.96,133.88,438.36,133.88,438.36,184.15,418.96,184.15
422.99,133.57,442.37,133.57,442.37,183.78,422.99,183.78
428.28,133.28,447.72,133.28,447.72,183.64,428.28,183.64
427.22,134.59,446.59,134.59,446.59,184.78,427.22,184.78
426.88,133.36,446.26,133.36,446.26,183.56,426.88,183.56
427.19,133.31,446.5,133.31,446.5,183.33,427.19,183.33
426.16,133,445.59,133,445.59,183.35,426.16,183.35
427.24,132.88,446.6,132.88,446.6,183.03,427.24,183.03
426.36,132.31,445.93,132.31,445.93,183,426.36,183
426.33,132.18,445.91,132.18,445.91,182.93,426.33,182.93
426.99,131.9,446.67,131.9,446.67,182.91,426.99,182.91
440.46,133.12,460.17,133.12,460.17,184.18,440.46,184.18
450.66,131.94,470.37,131.94,470.37,183.01,450.66,183.01
455.6,133.36,475.28,133.36,475.28,184.34,455.6,184.34
464.64,132.85,484.35,132.85,484.35,183.92,464.64,183.92
460.49,132.76,480.21,132.76,480.21,183.87,460.49,183.87
461.46,131.53,481.17,131.53,481.17,182.6,461.46,182.6
460.36,132.61,480.07,132.61,480.07,183.66,460.36,183.66
460.04,131.79,479.78,131.79,479.78,182.95,460.04,182.95
460.78,132.25,480.58,132.25,480.58,183.55,460.78,183.55
459.72,132.26,479.69,132.26,479.69,184,459.72,184
460.38,131.42,480.48,131.42,480.48,183.5,460.38,183.5
458.85,131.4,478.9,131.4,478.9,183.35,458.85,183.35
458.71,131.44,478.77,131.44,478.77,183.42,458.71,183.42
459.04,131.77,479.13,131.77,479.13,183.84,459.04,183.84
457.93,131.89,478.11,131.89,478.11,184.16,457.93,184.16
457.95,131.46,478,131.46,478,183.41,457.95,183.41
457.15,132.35,477.18,132.35,477.18,184.25,457.15,184.25
456.97,132.02,477.09,132.02,477.09,184.14,456.97,184.14
456.18,131.4,476.33,131.4,476.33,183.58,456.18,183.58
455.64,131.22,475.74,131.22,475.74,183.3,455.64,183.3
455.81,130.97,475.94,130.97,475.94,183.14,455.81,183.14
455.43,130.55,475.65,130.55,475.65,182.94,455.43,182.94
455.04,130.04,475.46,130.04,475.46,182.93,455.04,182.93
454.72,130.11,475.11,130.11,475.11,182.96,454.72,182.96
454.37,130.52,474.74,130.52,474.74,183.28,454.37,183.28
454.4,131,474.87,131,474.87,184.02,454.4,184.02
453.52,130.58,473.92,130.58,473.92,183.44,453.52,183.44
453.37,130.27,473.79,130.27,473.79,183.17,453.37,183.17
453.24,130.47,473.71,130.47,473.71,183.49,453.24,183.49
452.75,130.37,473.17,130.37,473.17,183.29,452.75,183.29
452.43,130.37,472.91,130.37,472.91,183.43,452.43,183.43
452.14,130.65,472.59,130.65,472.59,183.64,452.14,183.64
451.68,130.36,472.07,130.36,472.07,183.2,451.68,183.2
451.66,130.3,472.04,130.3,472.04,183.12,451.66,183.12
451.95,130.16,472.48,130.16,472.48,183.35,451.95,183.35
451.51,130.53,472,130.53,472,183.63,451.51,183.63
450.66,130.06,471.09,130.06,471.09,183,450.66,183
450.38,130.24,470.76,130.24,470.76,183.04,450.38,183.04
450.72,130.9,471.05,130.9,471.05,183.58,450.72,183.58
450.23,130.63,470.59,130.63,470.59,183.4,450.23,183.4
449.61,130.65,470.01,130.65,470.01,183.5,449.61,183.5
448.41,130.17,468.83,130.17,468.83,183.08,448.41,183.08
447.63,129.81,468.09,129.81,468.09,182.82,447.63,182.82
446.95,129.78,467.46,129.78,467.46,182.94,446.95,182.94
446.72,129.68,467.32,129.68,467.32,183.06,446.72,183.06
446.77,129.59,467.5,129.59,467.5,183.3,446.77,183.3
445.95,129.01,466.8,129.01,466.8,183.06,445.95,183.06
446.1,129.09,467.13,129.09,467.13,183.57,446.1,183.57
445.17,128.74,466.26,128.74,466.26,183.38,445.17,183.38
444.24,128.82,465.33,128.82,465.33,183.47,444.24,183.47
429.53,129.32,450.68,129.32,450.68,184.13,429.53,184.13
428.72,128.83,449.95,128.83,449.95,183.82,428.72,183.82
413.6,129.93,434.75,129.93,434.75,184.75,413.6,184.75
414.11,129.87,435.12,129.87,435.12,184.31,414.11,184.31
413.8,129.39,434.96,129.39,434.96,184.23,413.8,184.23
414.35,129.99,435.56,129.99,435.56,184.95,414.35,184.95
414.09,129.57,435.3,129.57,435.3,184.52,414.09,184.52
413.53,130.15,434.8,130.15,434.8,185.24,413.53,185.24
412.56,128.9,433.85,128.9,433.85,184.07,412.56,184.07
412.85,128.62,434.14,128.62,434.14,183.81,412.85,183.81
412.24,128.69,433.42,128.69,433.42,183.57,412.24,183.57
411.71,128.88,432.72,128.88,432.72,183.31,411.71,183.31
399.01,129.59,420.16,129.59,420.16,184.41,399.01,184.41
395.48,129.48,416.66,129.48,416.66,184.34,395.48,184.34
381.34,130.31,402.47,130.31,402.47,185.06,381.34,185.06
374.28,130.48,395.32,130.48,395.32,185,374.28,185
374.33,129.39,395.38,129.39,395.38,183.93,374.33,183.93
372.14,129.39,393.36,129.39,393.36,184.36,372.14,184.36
373.43,129.56,394.6,129.56,394.6,184.42,373.43,184.42
371.62,130.05,392.67,130.05,392.67,184.59,371.62,184.59
371.9,129.56,393.15,129.56,393.15,184.63,371.9,184.63
371.28,128.03,392.68,128.03,392.68,183.45,371.28,183.45
371.49,128.5,392.88,128.5,392.88,183.94,371.49,183.94
371.7,128.81,393.12,128.81,393.12,184.32,371.7,184.32
370.74,128.83,392.18,128.83,392.18,184.37,370.74,184.37
370.57,128.83,391.97,128.83,391.97,184.27,370.57,184.27
370.64,128.92,392.21,128.92,392.21,184.79,370.64,184.79
368.94,127.65,390.62,127.65,390.62,183.82,368.94,183.82
369.6,128.69,391.4,128.69,391.4,185.17,369.6,185.17
369.27,128.29,391.1,128.29,391.1,184.86,369.27,184.86
368.33,128.02,390.13,128.02,390.13,184.49,368.33,184.49
368.68,128.54,390.51,128.54,390.51,185.11,368.68,185.11
366.98,127.77,388.78,127.77,388.78,184.24,366.98,184.24
367.81,128.31,389.65,128.31,389.65,184.9,367.81,184.9
367.01,127.08,388.97,127.08,388.97,183.96,367.01,183.96
367.25,127.34,389.23,127.34,389.23,184.28,367.25,184.28
367.05,127.75,388.98,127.75,388.98,184.56,367.05,184.56
366.23,126.85,388.17,126.85,388.17,183.7,366.23,183.7
366.52,127.16,388.38,127.16,388.38,183.78,366.52,183.78
365.93,127.46,387.8,127.46,387.8,184.11,365.93,184.11
365.6,127.32,387.52,127.32,387.52,184.11,365.6,184.11
365.4,127.23,387.33,127.23,387.33,184.06,365.4,184.06
364.82,126.96,386.83,126.96,386.83,184.01,364.82,184.01
365.35,127.51,387.34,127.51,387.34,184.49,365.35,184.49
364.79,127.38,386.87,127.38,386.87,184.58,364.79,184.58
358.13,126.86,380.29,126.86,380.29,184.28,358.13,184.28
347.52,126.55,369.86,126.55,369.86,184.42,347.52,184.42
338.64,126.3,361.24,126.3,361.24,184.85,338.64,184.85
338.46,125.33,361.27,125.33,361.27,184.42,338.46,184.42
337.05,126,359.89,126,359.89,185.18,337.05,185.18
337.69,126.18,360.39,126.18,360.39,184.98,337.69,184.98
335.99,125.4,358.78,125.4,358.78,184.44,335.99,184.44
335.67,125.86,358.39,125.86,358.39,184.74,335.67,184.74
336.12,125.77,358.94,125.77,358.94,184.9,336.12,184.9
335.81,126.15,358.4,126.15,358.4,184.68,335.81,184.68
336.52,126.81,359.07,126.81,359.07,185.24,336.52,185.24
335.23,126.04,357.8,126.04,357.8,184.51,335.23,184.51
334.54,126.33,357.26,126.33,357.26,185.19,334.54,185.19
334.23,125.77,356.94,125.77,356.94,184.59,334.23,184.59
333.52,125.04,356.44,125.04,356.44,184.44,333.52,184.44
334.61,125,357.69,125,357.69,184.8,334.61,184.8
333.72,124.63,357.09,124.63,357.09,185.16,333.72,185.16
333.78,124.15,357.29,124.15,357.29,185.08,333.78,185.08
333.31,124.71,356.75,124.71,356.75,185.45,333.31,185.45
333.22,125.25,356.61,125.25,356.61,185.85,333.22,185.85
333.55,125.05,356.96,125.05,356.96,185.71,333.55,185.71
332.81,125.19,356.08,125.19,356.08,185.48,332.81,185.48
331.48,124.67,354.86,124.67,354.86,185.26,331.48,185.26
331.81,125.08,355.16,125.08,355.16,185.58,331.81,185.58
331.03,124.64,354.47,124.64,354.47,185.36,331.03,185.36
331.02,124.63,354.46,124.63,354.46,185.37,331.02,185.37
331.42,124.63,354.96,124.63,354.96,185.61,331.42,185.61
330.29,124.03,353.95,124.03,353.95,185.32,330.29,185.32
330.32,123.67,354.05,123.67,354.05,185.14,330.32,185.14
330.21,123.42,354.07,123.42,354.07,185.23,330.21,185.23
330.1,123.22,354.03,123.22,354.03,185.21,330.1,185.21
329.6,123.46,353.54,123.46,353.54,185.49,329.6,185.49
330.47,124.37,354.36,124.37,354.36,186.27,330.47,186.27
329.43,123.61,353.39,123.61,353.39,185.69,329.43,185.69
329.6,124.17,353.56,124.17,353.56,186.25,329.6,186.25
329.06,124.29,353.03,124.29,353.03,186.39,329.06,186.39
328.46,123.95,352.53,123.95,352.53,186.3,328.46,186.3
327.78,123.69,351.93,123.69,351.93,186.27,327.78,186.27
326.97,123.18,351.01,123.18,351.01,185.48,326.97,185.48
327.4,123.33,351.57,123.33,351.57,185.96,327.4,185.96
326.79,122.64,350.95,122.64,350.95,185.25,326.79,185.25
326.01,122.21,350.22,122.21,350.22,184.93,326.01,184.93
326.07,122.28,350.3,122.28,350.3,185.06,326.07,185.06
326.43,123.09,350.68,123.09,350.68,185.92,326.43,185.92
325.77,122.62,349.94,122.62,349.94,185.24,325.77,185.24
325.02,122.38,349.14,122.38,349.14,184.88,325.02,184.88
324.64,122.45,348.74,122.45,348.74,184.89,324.64,184.89
323.92,122.31,347.97,122.31,347.97,184.63,323.92,184.63
324.17,123.31,348.29,123.31,348.29,185.81,324.17,185.81
323.08,122.12,347.27,122.12,347.27,184.79,323.08,184.79
323.42,121.86,347.66,121.86,347.66,184.68,323.42,184.68
323.18,121.65,347.6,121.65,347.6,184.92,323.18,184.92
322.54,121.35,347.06,121.35,347.06,184.88,322.54,184.88
322.26,121.38,346.94,121.38,346.94,185.3,322.26,185.3
321.83,120.54,346.79,120.54,346.79,185.2,321.83,185.2
321.22,121.28,346.05,121.28,346.05,185.61,321.22,185.61
321.51,121.52,346.5,121.52,346.5,186.28,321.51,186.28
320.83,121.04,345.74,121.04,345.74,185.58,320.83,185.58
321.24,121.58,346.13,121.58,346.13,186.07,321.24,186.07
320.61,121.53,345.5,121.53,345.5,186.01,320.61,186.01
320.57,121.44,345.49,121.44,345.49,186,320.57,186
320.2,121.78,345.04,121.78,345.04,186.15,320.2,186.15
319.58,121.53,344.4,121.53,344.4,185.83,319.58,185.83
318.9,121.28,343.8,121.28,343.8,185.79,318.9,185.79
319.05,121.12,344.02,121.12,344.02,185.83,319.05,185.83
318.21,120.83,343.1,120.83,343.1,185.31,318.21,185.31
318.09,121.26,342.93,121.26,342.93,185.62,318.09,185.62
317.78,121.25,342.79,121.25,342.79,186.05,317.78,186.05
317.22,120.4,342.04,120.4,342.04,184.71,317.22,184.71
316.85,121.09,341.75,121.09,341.75,185.61,316.85,185.61
316.44,121.43,341.3,121.43,341.3,185.85,316.44,185.85
315.98,120.81,341.03,120.81,341.03,185.72,315.98,185.72
315.39,120.76,340.21,120.76,340.21,185.05,315.39,185.05
315.06,121.51,339.9,121.51,339.9,185.86,315.06,185.86
314.33,120.9,339.24,120.9,339.24,185.45,314.33,185.45
314.06,120.81,338.9,120.81,338.9,185.16,314.06,185.16
313.84,120.33,338.82,120.33,338.82,185.05,313.84,185.05
313.31,119.28,338.15,119.28,338.15,183.64,313.31,183.64
312.93,119.77,337.79,119.77,337.79,184.18,312.93,184.18
312.55,119.59,337.6,119.59,337.6,184.49,312.55,184.49
311.97,119.81,336.78,119.81,336.78,184.1,311.97,184.1
312.01,120.12,336.95,120.12,336.95,184.72,312.01,184.72
311.61,120.17,336.49,120.17,336.49,184.63,311.61,184.63
311.6,120.49,336.5,120.49,336.5,185.01,311.6,185.01
311.54,120.48,336.25,120.48,336.25,184.5,311.54,184.5
310.84,119.74,335.57,119.74,335.57,183.82,310.84,183.82
310.62,119.54,335.31,119.54,335.31,183.52,310.62,183.52
310.14,119.66,334.8,119.66,334.8,183.56,310.14,183.56
309.88,119.42,334.71,119.42,334.71,183.75,309.88,183.75
310.2,119.38,335.19,119.38,335.19,184.11,310.2,184.11
309.08,119.24,333.95,119.24,333.95,183.68,309.08,183.68
309.56,119,334.66,119,334.66,184.05,309.56,184.05
309.47,119.2,334.62,119.2,334.62,184.37,309.47,184.37
309.03,119.59,333.93,119.59,333.93,184.1,309.03,184.1
308.46,119.87,333.24,119.87,333.24,184.06,308.46,184.06
307.6,119.24,332.41,119.24,332.41,183.52,307.6,183.52
307.89,119.26,332.77,119.26,332.77,183.72,307.89,183.72
307.43,119.45,332.25,119.45,332.25,183.77,307.43,183.77
306.85,120.11,331.6,120.11,331.6,184.23,306.85,184.23
305.76,119.69,330.4,119.69,330.4,183.52,305.76,183.52
305.54,119.77,330.23,119.77,330.23,183.73,305.54,183.73
305,119.24,329.69,119.24,329.69,183.2,305,183.2
304.86,118.58,329.59,118.58,329.59,182.67,304.86,182.67
304.41,118.6,329.19,118.6,329.19,182.78,304.41,182.78
304.5,118.64,329.28,118.64,329.28,182.87,304.5,182.87
304.25,118.59,329.11,118.59,329.11,183,304.25,183
303.7,118.77,328.75,118.77,328.75,183.66,303.7,183.66
303.14,118.78,327.98,118.78,327.98,183.13,303.14,183.13
303.27,118.9,328.12,118.9,328.12,183.27,303.27,183.27
303.06,119.22,327.83,119.22,327.83,183.4,303.06,183.4
301.92,118.8,326.65,118.8,326.65,182.87,301.92,182.87
301.71,118.89,326.44,118.89,326.44,182.96,301.71,182.96
295.73,119.21,320.52,119.21,320.52,183.44,295.73,183.44
285.1,119.07,309.82,119.07,309.82,183.13,285.1,183.13
272.88,119.25,297.66,119.25,297.66,183.47,272.88,183.47
274.82,118.54,299.58,118.54,299.58,182.68,274.82,182.68
272.6,118.93,297.29,118.93,297.29,182.9,272.6,182.9
274.35,118.91,298.99,118.91,298.99,182.74,274.35,182.74
273.28,119.07,298.01,119.07,298.01,183.14,273.28,183.14
272.17,118.64,296.86,118.64,296.86,182.61,272.17,182.61
273.04,118.9,297.81,118.9,297.81,183.07,273.04,183.07
271.65,118.98,296.25,118.98,296.25,182.73,271.65,182.73
272.19,119.62,296.76,119.62,296.76,183.29,272.19,183.29
271.48,119.07,296.16,119.07,296.16,183.01,271.48,183.01
271.52,118.77,296.3,118.77,296.3,182.98,271.52,182.98
271.33,118.47,296.18,118.47,296.18,182.86,271.33,182.86
271.47,118.48,296.41,118.48,296.41,183.11,271.47,183.11
271.07,118.12,296.03,118.12,296.03,182.78,271.07,182.78
268.99,118.15,293.9,118.15,293.9,182.71,268.99,182.71
257.39,118.29,282.4,118.29,282.4,183.08,257.39,183.08
251.93,118.56,276.98,118.56,276.98,183.46,251.93,183.46
245.92,118.25,270.9,118.25,270.9,182.97,245.92,182.97
246.75,118.83,271.74,118.83,271.74,183.58,246.75,183.58
246.96,118.14,271.96,118.14,271.96,182.9,246.96,182.9
245.51,118.41,270.47,118.41,270.47,183.1,245.51,183.1
246.85,118.2,271.83,118.2,271.83,182.9,246.85,182.9
245.71,118.16,270.78,118.16,270.78,183.11,245.71,183.11
246.2,118.43,271.34,118.43,271.34,183.57,246.2,183.57
246.54,118.92,271.73,118.92,271.73,184.17,246.54,184.17
245.43,117.78,270.6,117.78,270.6,183,245.43,183
246.29,118.24,271.51,118.24,271.51,183.58,246.29,183.58
244.34,117.15,269.71,117.15,269.71,182.89,244.34,182.89
245.77,117.58,271.25,117.58,271.25,183.6,245.77,183.6
245.08,117.38,270.61,117.38,270.61,183.52,245.08,183.52
244.39,117.06,270.02,117.06,270.02,183.47,244.39,183.47
244.43,117.27,270.01,117.27,270.01,183.55,244.43,183.55
244.17,117.16,269.73,117.16,269.73,183.38,244.17,183.38
244.01,117.55,269.5,117.55,269.5,183.58,244.01,183.58
244.3,117.38,269.91,117.38,269.91,183.74,244.3,183.74
243.14,116.85,268.67,116.85,268.67,182.99,243.14,182.99
243.1,117.02,268.75,117.02,268.75,183.46,243.1,183.46
243.01,116.74,268.87,116.74,268.87,183.73,243.01,183.73
242.16,116.35,268.23,116.35,268.23,183.89,242.16,183.89
242.33,116.07,268.43,116.07,268.43,183.68,242.33,183.68
242.55,115.58,268.69,115.58,268.69,183.31,242.55,183.31
241.81,115.92,267.92,115.92,267.92,183.55,241.81,183.55
242.18,115.61,268.36,115.61,268.36,183.43,242.18,183.43
242.09,115.4,268.31,115.4,268.31,183.33,242.09,183.33
242.25,115.81,268.66,115.81,268.66,184.25,242.25,184.25
241.75,115.46,268.19,115.46,268.19,183.96,241.75,183.96
241.64,115.49,268.12,115.49,268.12,184.11,241.64,184.11
241.61,115.4,268.06,115.4,268.06,183.92,241.61,183.92
242,115.65,268.43,115.65,268.43,184.13,242,184.13
241.86,115.4,268.31,115.4,268.31,183.93,241.86,183.93
241.76,115.19,268.24,115.19,268.24,183.78,241.76,183.78
242.14,115.16,268.65,115.16,268.65,183.84,242.14,183.84
242.18,115.7,268.74,115.7,268.74,184.51,242.18,184.51
242.02,115.28,268.63,115.28,268.63,184.22,242.02,184.22
241.79,115.22,268.49,115.22,268.49,184.4,241.79,184.4
241.46,114.67,268.12,114.67,268.12,183.74,241.46,183.74
241.38,114.7,268.07,114.7,268.07,183.83,241.38,183.83
241.11,114.79,267.82,114.79,267.82,184,241.11,184
240.49,114.51,267.26,114.51,267.26,183.86,240.49,183.86
240.48,113.91,267.55,113.91,267.55,184.04,240.48,184.04
240.85,114.22,267.98,114.22,267.98,184.51,240.85,184.51
240.43,114.05,267.57,114.05,267.57,184.36,240.43,184.36
237.21,115.31,264.18,115.31,264.18,185.19,237.21,185.19
225.32,114.65,252.51,114.65,252.51,185.1,225.32,185.1
219.24,114.19,246.37,114.19,246.37,184.49,219.24,184.49
208.25,114.72,235.44,114.72,235.44,185.16,208.25,185.16
202.82,114.48,229.88,114.48,229.88,184.6,202.82,184.6
203.71,114.38,230.88,114.38,230.88,184.75,203.71,184.75
202.76,114.74,229.99,114.74,229.99,185.29,202.76,185.29
202.84,113.37,230.07,113.37,230.07,183.93,202.84,183.93
203.89,114.13,231.16,114.13,231.16,184.78,203.89,184.78
201.59,114.43,228.93,114.43,228.93,185.25,201.59,185.25
203.45,114.03,230.8,114.03,230.8,184.91,203.45,184.91
203.38,114.89,230.7,114.89,230.7,185.7,203.38,185.7
202.38,113.56,229.83,113.56,229.83,184.69,202.38,184.69
202.94,114.15,230.69,114.15,230.69,186.06,202.94,186.06
203.4,114.9,231.13,114.9,231.13,186.73,203.4,186.73
203.16,113.56,230.85,113.56,230.85,185.29,203.16,185.29
203.04,114.71,230.84,114.71,230.84,186.75,203.04,186.75
202.54,133.19,230.61,133.19,230.61,205.91,202.54,205.91
203.44,133.2,231.39,133.2,231.39,205.62,203.44,205.62
204.72,134.18,232.65,134.18,232.65,206.55,204.72,206.55
205.83,133.93,233.76,133.93,233.76,206.32,205.83,206.32
206.66,133.82,234.79,133.82,234.79,206.69,206.66,206.69
206.25,132.92,234.37,132.92,234.37,205.77,206.25,205.77
205.8,133.76,234.03,133.76,234.03,206.9,205.8,206.9
207.11,133.64,235.29,133.64,235.29,206.67,207.11,206.67
207.32,133.26,235.6,133.26,235.6,206.53,207.32,206.53
207.3,134.5,235.75,134.5,235.75,208.19,207.3,208.19
207.1,133.12,235.7,133.12,235.7,207.2,207.1,207.2
208.45,134.66,237.07,134.66,237.07,208.81,208.45,208.81
208.91,134.59,237.72,134.59,237.72,209.24,208.91,209.24
208.53,134.21,237.47,134.21,237.47,209.21,208.53,209.21
208.83,134.39,237.67,134.39,237.67,209.11,208.83,209.11
197.61,111.44,226.42,111.44,226.42,186.09,197.61,186.09
210.57,135,239.37,135,239.37,209.62,210.57,209.62
213.54,134.11,242.6,134.11,242.6,209.4,213.54,209.4
214.64,134.21,244.11,134.21,244.11,210.55,214.64,210.55
249.57,115.87,278.67,115.87,278.67,191.25,249.57,191.25
249.9,116.47,278.69,116.47,278.69,191.06,249.9,191.06
249.99,116.48,278.52,116.48,278.52,190.41,249.99,190.41
250.35,117.14,278.61,117.14,278.61,190.38,250.35,190.38
249.9,117.21,277.97,117.21,277.97,189.94,249.9,189.94
248.69,117.57,276.56,117.57,276.56,189.77,248.69,189.77
248.78,117.75,276.4,117.75,276.4,189.33,248.78,189.33
243.66,118.02,271.31,118.02,271.31,189.68,243.66,189.68
233.43,118.95,260.98,118.95,260.98,190.31,233.43,190.31
222.25,118.81,249.64,118.81,249.64,189.76,222.25,189.76
217.06,119.09,244.46,119.09,244.46,190.08,217.06,190.08
215.96,119.08,243.32,119.08,243.32,189.98,215.96,189.98
214.77,119.84,242.17,119.84,242.17,190.83,214.77,190.83
215.29,118.36,242.69,118.36,242.69,189.34,215.29,189.34
214.83,118.91,242.28,118.91,242.28,190.01,214.83,190.01
