142.5,193.5,184.5,193.5,184.5,249.5,142.5,249.5
143.63,193.54,185.59,193.54,185.59,249.49,143.63,249.49
144.37,193.59,185.97,193.59,185.97,249.05,144.37,249.05
144.56,193.09,186.67,193.09,186.67,249.24,144.56,249.24
146.01,193.6,187.98,193.6,187.98,249.56,146.01,249.56
147.03,192.93,189.46,192.93,189.46,249.51,147.03,249.51
150.71,192.82,192.82,192.82,192.82,248.96,150.71,248.96
153.47,192.44,196,192.44,196,249.15,153.47,249.15
155.23,192.47,197.83,192.47,197.83,249.26,155.23,249.26
156.61,192.54,198.54,192.54,198.54,248.45,156.61,248.45
158.06,192.34,199.31,192.34,199.31,247.34,158.06,247.34
158.7,192.67,199.39,192.67,199.39,246.92,158.7,246.92
158.61,192.66,199.41,192.66,199.41,247.05,158.61,247.05
158.54,192.75,199.48,192.75,199.48,247.34,158.54,247.34
156.68,189.82,202.11,189.82,202.11,250.4,156.68,250.4
156.18,189.24,202.64,189.24,202.64,251.17,156.18,251.17
158.1,190.84,204.19,190.84,204.19,252.29,158.1,252.29
158.29,190.78,203.8,190.78,203.8,251.46,158.29,251.46
158.87,191.45,203.14,191.45,203.14,250.47,158.87,250.47
158.14,191.16,202.25,191.16,202.25,249.98,158.14,249.98
155.75,193.53,199.13,193.53,199.13,251.37,155.75,251.37
151.75,194.28,198.36,194.28,198.36,256.42,151.75,256.42
150.71,193.88,197.91,193.88,197.91,256.83,150.71,256.83
151.16,193.92,199.09,193.92,199.09,257.83,151.16,257.83
151,193.66,198.95,193.66,198.95,257.59,151,257.59
157.8,190.67,203.95,190.67,203.95,252.2,157.8,252.2
158.33,191.15,203.3,191.15,203.3,251.11,158.33,251.11
158.82,191.77,202.52,191.77,202.52,250.03,158.82,250.03
159,190.95,201.75,190.95,201.75,247.96,159,247.96
161.97,190.58,203.07,190.58,203.07,245.39,161.97,245.39
162.06,191.23,202.18,191.23,202.18,244.72,162.06,244.72
162.83,191.53,202.5,191.53,202.5,244.43,162.83,244.43
162.89,191.47,202.55,191.47,202.55,244.35,162.89,244.35
162.36,191.28,202.59,191.28,202.59,244.92,162.36,244.92
161.51,190.87,202.31,190.87,202.31,245.27,161.51,245.27
162.15,191.73,201.56,191.73,201.56,244.26,162.15,244.26
162.2,191.77,201.16,191.77,201.16,243.72,162.2,243.72
161.99,191.98,200.92,191.98,200.92,243.89,161.99,243.89
161.85,191.72,200.69,191.72,200.69,243.5,161.85,243.5
161.83,191.59,201.71,191.59,201.71,244.78,161.83,244.78
161.65,191.49,201.5,191.49,201.5,244.64,161.65,244.64
162,191.76,201.23,191.76,201.23,244.07,162,244.07
162.13,191.65,201.86,191.65,201.86,244.63,162.13,244.63
162.07,192.04,201.9,192.04,201.9,245.14,162.07,245.14
161.36,191.71,201.49,191.71,201.49,245.21,161.36,245.21
161.83,191.64,201.99,191.64,201.99,245.19,161.83,245.19
161.35,191.71,201.66,191.71,201.66,245.46,161.35,245.46
160.85,191.28,201.06,191.28,201.06,244.91,160.85,244.91
160.3,190.96,200.92,190.96,200.92,245.12,160.3,245.12
160.92,191.73,201.28,191.73,201.28,245.54,160.92,245.54
160.93,191.36,200.87,191.36,200.87,244.62,160.93,244.62
160.45,191.13,200.14,191.13,200.14,244.05,160.45,244.05
160.76,191.26,200.96,191.26,200.96,244.85,160.76,244.85
160.86,191.1,201.36,191.1,201.36,245.09,160.86,245.09
160.42,190.99,201.09,190.99,201.09,245.21,160.42,245.21
160.42,191.6,200.2,191.6,200.2,244.63,160.42,244.63
159.47,191.28,198.77,191.28,198.77,243.68,159.47,243.68
159.9,191.79,198.71,191.79,198.71,243.53,159.9,243.53
160.06,191.34,200.09,191.34,200.09,244.72,160.06,244.72
160.04,191.65,200.42,191.65,200.42,245.48,160.04,245.48
160.32,191.45,199.97,191.45,199.97,244.31,160.32,244.31
160.62,191.91,200.46,191.91,200.46,245.02,160.62,245.02
160.55,191.6,200.26,191.6,200.26,244.54,160.55,244.54
161.01,191.86,201.05,191.86,201.05,245.25,161.01,245.25
161.02,191.57,201.3,191.57,201.3,245.27,161.02,245.27
160.49,191.18,200.93,191.18,200.93,245.11,160.49,245.11
160.96,191.58,201.44,191.58,201.44,245.55,160.96,245.55
160.88,191.25,201.37,191.25,201.37,245.24,160.88,245.24
160.78,191.49,201.33,191.49,201.33,245.55,160.78,245.55
160.56,192.23,200.35,192.23,200.35,245.28,160.56,245.28
160.05,191.82,199.4,191.82,199.4,244.29,160.05,244.29
160.57,192.1,199.24,192.1,199.24,243.67,160.57,243.67
160.53,191.94,199.44,191.94,199.44,243.83,160.53,243.83
160.82,191.76,200.51,191.76,200.51,244.69,160.82,244.69
161.11,191.59,201.1,191.59,201.1,244.91,161.11,244.91
160.22,191.39,200.27,191.39,200.27,244.8,160.22,244.8
160.08,191.81,200.03,191.81,200.03,245.07,160.08,245.07
160.23,191.62,199.38,191.62,199.38,243.82,160.23,243.82
160.5,192.32,200.03,192.32,200.03,245.04,160.5,245.04
159.94,191.53,199.67,191.53,199.67,244.51,159.94,244.51
160.64,192.18,200.47,192.18,200.47,245.29,160.64,245.29
160.44,192.2,200.46,192.2,200.46,245.55,160.44,245.55
160.56,191.98,200.78,191.98,200.78,245.6,160.56,245.6
160.61,191.49,200.37,191.49,200.37,244.5,160.61,244.5
160.98,191.49,201.32,191.49,201.32,245.27,160.98,245.27
161.14,191.47,201.55,191.47,201.55,245.35,161.14,245.35
161.47,191.36,201.85,191.36,201.85,245.19,161.47,245.19
161.87,191.52,201.47,191.52,201.47,244.32,161.87,244.32
161.54,192.4,201.3,192.4,201.3,245.42,161.54,245.42
161.38,191.92,201.41,191.92,201.41,245.29,161.38,245.29
160.77,191.88,200.79,191.88,200.79,245.25,160.77,245.25
160.92,191.7,201.32,191.7,201.32,245.56,160.92,245.56
160.42,190.95,201.3,190.95,201.3,245.45,160.42,245.45
161.78,191.72,202.18,191.72,202.18,245.59,161.78,245.59
165.72,191.85,206.13,191.85,206.13,245.72,165.72,245.72
166.47,192.22,206.15,192.22,206.15,245.13,166.47,245.13
169.8,192.72,209.67,192.72,209.67,245.88,169.8,245.88
172.58,192.58,212.6,192.58,212.6,245.93,172.58,245.93
174.68,193.36,214.47,193.36,214.47,246.41,174.68,246.41
179.25,193.09,218.89,193.09,218.89,245.94,179.25,245.94
190.98,194.77,230.78,194.77,230.78,247.85,190.98,247.85
205.36,195.33,244.93,195.33,244.93,248.09,205.36,248.09
236.97,200.06,275.44,200.06,275.44,251.35,236.97,251.35
269.45,201.54,307.9,201.54,307.9,252.81,269.45,252.81
282.1,203.13,320.65,203.13,320.65,254.52,282.1,254.52
299.26,204.03,337.78,204.03,337.78,255.39,299.26,255.39
307.81,203.49,347.26,203.49,347.26,256.1,307.81,256.1
320.33,203.69,359.82,203.69,359.82,256.35,320.33,256.35
329.49,204.13,368.61,204.13,368.61,256.29,329.49,256.29
345.61,207.43,384.56,207.43,384.56,259.35,345.61,259.35
349.73,206.2,388.2,206.2,388.2,257.48,349.73,257.48
361.87,208.35,399.91,208.35,399.91,259.07,361.87,259.07
370.19,209.14,407.59,209.14,407.59,259.01,370.19,259.01
373.71,209.68,410.99,209.68,410.99,259.39,373.71,259.39
376.87,209.37,414.2,209.37,414.2,259.14,376.87,259.14
382.14,210.14,419.11,210.14,419.11,259.43,382.14,259.43
389.24,210.81,425.98,210.81,425.98,259.8,389.24,259.8
395.43,210.77,432.09,210.77,432.09,259.65,395.43,259.65
407.69,213.59,444.29,213.59,444.29,262.39,407.69,262.39
408.57,213.67,445.03,213.67,445.03,262.29,408.57,262.29
413.68,214.23,449.97,214.23,449.97,262.61,413.68,262.61
413.47,215.83,449.19,215.83,449.19,263.45,413.47,263.45
425.82,214.97,461.16,214.97,461.16,262.08,425.82,262.08
429.8,215.51,465.3,215.51,465.3,262.85,429.8,262.85
432.5,222.78,468.14,222.78,468.14,270.3,432.5,270.3
446.89,220.3,482.61,220.3,482.61,267.93,446.89,267.93
471.49,222.64,507.11,222.64,507.11,270.12,471.49,270.12
473.06,222.28,508.24,222.28,508.24,269.19,473.06,269.19
480.05,222.68,515.19,222.68,515.19,269.53,480.05,269.53
488.59,225.26,523.8,225.26,523.8,272.21,488.59,272.21
497.58,225.69,532.76,225.69,532.76,272.61,497.58,272.61
507.11,228.62,542.49,228.62,542.49,275.79,507.11,275.79
517.65,229.49,553.15,229.49,553.15,276.81,517.65,276.81
524.53,233.26,560.46,233.26,560.46,281.18,524.53,281.18
542.5,232.44,578.46,232.44,578.46,280.39,542.5,280.39
548.99,231.59,584.74,231.59,584.74,279.25,548.99,279.25
566.17,235.44,601.98,235.44,601.98,283.19,566.17,283.19
