125.5,147.5,144.5,147.5,144.5,200.5,125.5,200.5
128.38,148.81,147.46,148.81,147.46,202.05,128.38,202.05
131.32,149.19,149.71,149.19,149.71,200.51,131.32,200.51
137.2,149.4,155.68,149.4,155.68,200.96,137.2,200.96
153.3,152.17,172.44,152.17,172.44,205.55,153.3,205.55
156.36,152.35,175.91,152.35,175.91,206.9,156.36,206.9
159.9,152.69,179.1,152.69,179.1,206.25,159.9,206.25
163.78,154.99,182.74,154.99,182.74,207.88,163.78,207.88
167.86,154.42,186.59,154.42,186.59,206.66,167.86,206.66
174.52,155.22,192.91,155.22,192.91,206.53,174.52,206.53
178.5,156.69,197.51,156.69,197.51,209.7,178.5,209.7
186.09,159.84,204.78,159.84,204.78,211.97,186.09,211.97
205.19,161.3,223.68,161.3,223.68,212.89,205.19,212.89
214.54,160.94,233.23,160.94,233.23,213.06,214.54,213.06
218,163.59,236.51,163.59,236.51,215.22,218,215.22
226,165.04,244.71,165.04,244.71,217.24,226,217.24
227.84,165.94,246.24,165.94,246.24,217.25,227.84,217.25
228.49,166.8,246.83,166.8,246.83,217.97,228.49,217.97
233.26,166.08,252.01,166.08,252.01,218.38,233.26,218.38
237.61,169.84,256.56,169.84,256.56,222.68,237.61,222.68
243.28,167.28,262,167.28,262,219.5,243.28,219.5
249.36,168.86,268.47,168.86,268.47,222.15,249.36,222.15
253.05,175.23,272.44,175.23,272.44,229.31,253.05,229.31
259.51,178.46,278.94,178.46,278.94,232.65,259.51,232.65
262.98,168.18,282.66,168.18,282.66,223.09,262.98,223.09
270.17,170.38,290.18,170.38,290.18,226.19,270.17,226.19
276.96,167.36,296.94,167.36,296.94,223.12,276.96,223.12
280.59,169.71,301.16,169.71,301.16,227.08,280.59,227.08
291.34,170.01,311.86,170.01,311.86,227.25,291.34,227.25
298.84,172.11,319.06,172.11,319.06,228.53,298.84,228.53
301.82,165.36,321.94,165.36,321.94,221.46,301.82,221.46
313.11,169.7,333.86,169.7,333.86,227.58,313.11,227.58
320.8,177.63,341.24,177.63,341.24,234.65,320.8,234.65
327.92,193.72,348.39,193.72,348.39,250.81,327.92,250.81
330.21,190.96,350.88,190.96,350.88,248.61,330.21,248.61
346,173.64,366.37,173.64,366.37,230.45,346,230.45
359.25,178.5,379.33,178.5,379.33,234.53,359.25,234.53
366.39,171.72,386.62,171.72,386.62,228.13,366.39,228.13
376.63,181.62,396.84,181.62,396.84,238,376.63,238
383.86,182.61,403.71,182.61,403.71,237.97,383.86,237.97
390.45,179.12,410.04,179.12,410.04,233.78,390.45,233.78
398.51,177.16,418.52,177.16,418.52,232.97,398.51,232.97
398.38,180.6,418.12,180.6,418.12,235.66,398.38,235.66
410.71,180.96,430.5,180.96,430.5,236.14,410.71,236.14
415.21,179.75,434.92,179.75,434.92,234.74,415.21,234.74
431.62,172.36,451.31,172.36,451.31,227.29,431.62,227.29
419.38,190.53,439.15,190.53,439.15,245.67,419.38,245.67
417.27,186.23,436.79,186.23,436.79,240.67,417.27,240.67
412.57,175.31,432.05,175.31,432.05,229.64,412.57,229.64
408.53,175.55,428.02,175.55,428.02,229.93,408.53,229.93
412.81,190.25,432.09,190.25,432.09,244.05,412.81,244.05
406.08,196.64,425.41,196.64,425.41,250.56,406.08,250.56
402.19,201.86,421.59,201.86,421.59,255.99,402.19,255.99
401.12,201.87,420.58,201.87,420.58,256.14,401.12,256.14
401.66,202.9,421.01,202.9,421.01,256.88,401.66,256.88
400.5,198.34,419.66,198.34,419.66,251.78,400.5,251.78
396.29,205.24,415.62,205.24,415.62,259.19,396.29,259.19
393.52,204.36,413.16,204.36,413.16,259.16,393.52,259.16
390.12,212.45,409.69,212.45,409.69,267.01,390.12,267.01
389.45,210.75,409.09,210.75,409.09,265.53,389.45,265.53
386.29,206.55,406.07,206.55,406.07,261.71,386.29,261.71
386.31,204.68,406.15,204.68,406.15,260.05,386.31,260.05
382.45,207.61,402.48,207.61,402.48,263.47,382.45,263.47
379.8,211.48,400.21,211.48,400.21,268.42,379.8,268.42
380.38,214.49,400.99,214.49,400.99,271.96,380.38,271.96
379.39,213.29,400.27,213.29,400.27,271.53,379.39,271.53
378.61,206.79,399.19,206.79,399.19,264.21,378.61,264.21
376.57,209.76,396.94,209.76,396.94,266.6,376.57,266.6
377.51,211.89,397.59,211.89,397.59,267.91,377.51,267.91
370.4,221.04,390.68,221.04,390.68,277.62,370.4,277.62
370.96,215.31,391.21,215.31,391.21,271.81,370.96,271.81
367.22,215.63,387.56,215.63,387.56,272.37,367.22,272.37
368.11,218.71,388.64,218.71,388.64,275.97,368.11,275.97
370.08,220.09,390.86,220.09,390.86,278.07,370.08,278.07
369.56,225.63,390.59,225.63,390.59,284.29,369.56,284.29
365.58,229.27,386.86,229.27,386.86,288.62,365.58,288.62
364.8,224.6,386.34,224.6,386.34,284.66,364.8,284.66
364.73,224.69,386.48,224.69,386.48,285.35,364.73,285.35
361.44,229.81,383.19,229.81,383.19,290.47,361.44,290.47
355.7,251.54,377.48,251.54,377.48,312.27,355.7,312.27
359.47,233.62,380.96,233.62,380.96,293.56,359.47,293.56
351.9,238.22,373.5,238.22,373.5,298.47,351.9,298.47
350.79,240.65,372.72,240.65,372.72,301.83,350.79,301.83
346.38,240.21,368.46,240.21,368.46,301.82,346.38,301.82
343.9,241.91,366.02,241.91,366.02,303.64,343.9,303.64
340.26,246.73,362.6,246.73,362.6,309.04,340.26,309.04
335.77,250.78,358.3,250.78,358.3,313.62,335.77,313.62
335.6,250.22,358.27,250.22,358.27,313.46,335.6,313.46
333.31,249.77,355.99,249.77,355.99,313.03,333.31,313.03
331.45,249.31,354.13,249.31,354.13,312.6,331.45,312.6
328.36,247.13,351.04,247.13,351.04,310.4,328.36,310.4
327.8,245.93,350.39,245.93,350.39,308.93,327.8,308.93
322.12,252.65,344.66,252.65,344.66,315.52,322.12,315.52
321.35,257.79,344.14,257.79,344.14,321.35,321.35,321.35
318.84,256.4,341.9,256.4,341.9,320.72,318.84,320.72
318.09,255.42,341.26,255.42,341.26,320.03,318.09,320.03
314.67,259.04,338.3,259.04,338.3,324.95,314.67,324.95
312.9,258.96,336.81,258.96,336.81,325.67,312.9,325.67
310.75,261.54,334.96,261.54,334.96,329.07,310.75,329.07
309.38,262.72,333.59,262.72,333.59,330.25,309.38,330.25
302.92,256.98,327.08,256.98,327.08,324.39,302.92,324.39
299.95,257.37,323.92,257.37,323.92,324.23,299.95,324.23
293.05,257.59,316.83,257.59,316.83,323.92,293.05,323.92
288.26,259.96,311.87,259.96,311.87,325.84,288.26,325.84
284.79,261.36,308.29,261.36,308.29,326.9,284.79,326.9
280.6,264.34,303.89,264.34,303.89,329.3,280.6,329.3
278.57,264.94,301.72,264.94,301.72,329.51,278.57,329.51
275.23,265.01,298.41,265.01,298.41,329.65,275.23,329.65
271.75,264.34,294.94,264.34,294.94,329,271.75,329
266.29,265.4,289.56,265.4,289.56,330.31,266.29,330.31
261.94,264.13,285.07,264.13,285.07,328.68,261.94,328.68
254.19,267.99,277.48,267.99,277.48,332.94,254.19,332.94
252.34,267.65,275.75,267.65,275.75,332.94,252.34,332.94
250.63,275.1,274.34,275.1,274.34,341.24,250.63,341.24
248.16,267,271.96,267,271.96,333.42,248.16,333.42
242.71,267.25,266.49,267.25,266.49,333.58,242.71,333.58
238.84,268.05,262.68,268.05,262.68,334.54,238.84,334.54
233.76,270.82,257.48,270.82,257.48,336.98,233.76,336.98
230.75,272.6,254.52,272.6,254.52,338.92,230.75,338.92
228.77,272.63,252.45,272.63,252.45,338.69,228.77,338.69
224.58,273.9,248.42,273.9,248.42,340.41,224.58,340.41
220.35,272.8,244.29,272.8,244.29,339.59,220.35,339.59
218.25,272.07,242.31,272.07,242.31,339.18,218.25,339.18
210.34,274.15,234.67,274.15,234.67,342,210.34,342
208.84,274,233.27,274,233.27,342.16,208.84,342.16
207.65,275.46,232.18,275.46,232.18,343.87,207.65,343.87
204.23,276.87,228.98,276.87,228.98,345.89,204.23,345.89
201.96,276.32,226.9,276.32,226.9,345.91,201.96,345.91
196.68,278.94,222.05,278.94,222.05,349.7,196.68,349.7
191.02,278.26,216.6,278.26,216.6,349.62,191.02,349.62
186.17,278.33,211.76,278.33,211.76,349.72,186.17,349.72
169.41,281.01,195,281.01,195,352.37,169.41,352.37
163.01,282.77,188.91,282.77,188.91,355.02,163.01,355.02
160.53,284.04,186.64,284.04,186.64,356.89,160.53,356.89
157.48,284.8,183.81,284.8,183.81,358.25,157.48,358.25
155.16,284.82,181.6,284.82,181.6,358.57,155.16,358.57
152.08,284.11,178.44,284.11,178.44,357.63,152.08,357.63
145.85,284.25,172.36,284.25,172.36,358.21,145.85,358.21
144.09,284.69,170.65,284.69,170.65,358.76,144.09,358.76
140.21,286.84,166.76,286.84,166.76,360.9,140.21,360.9
144.5,288.08,170.96,288.08,170.96,361.91,144.5,361.91
147.43,289.3,174.1,289.3,174.1,363.71,147.43,363.71
153.18,288.85,179.9,288.85,179.9,363.38,153.18,363.38
156.11,288.68,182.82,288.68,182.82,363.19,156.11,363.19
161.32,286.57,187.95,286.57,187.95,360.84,161.32,360.84
163.34,285.69,189.82,285.69,189.82,359.56,163.34,359.56
172.04,286.53,198.37,286.53,198.37,359.97,172.04,359.97
174.25,286.91,200.46,286.91,200.46,360.03,174.25,360.03
180.79,288.21,206.91,288.21,206.91,361.05,180.79,361.05
184.11,289.32,210.25,289.32,210.25,362.21,184.11,362.21
189.92,289.35,216.22,289.35,216.22,362.72,189.92,362.72
199.81,285.13,225.86,285.13,225.86,357.79,199.81,357.79
204.5,285.69,230.26,285.69,230.26,357.53,204.5,357.53
208.46,285.58,234.06,285.58,234.06,356.98,208.46,356.98
213.25,286.46,238.92,286.46,238.92,358.06,213.25,358.06
218.1,286.65,243.75,286.65,243.75,358.2,218.1,358.2
222.92,289.65,248.54,289.65,248.54,361.13,222.92,361.13
227.85,290.44,253.6,290.44,253.6,362.26,227.85,362.26
231.13,289.96,256.99,289.96,256.99,362.1,231.13,362.1
234.24,290.38,260.28,290.38,260.28,363,234.24,363
230.64,287.14,256.79,287.14,256.79,360.08,230.64,360.08
226.22,288.92,252.33,288.92,252.33,361.77,226.22,361.77
224.93,287.95,251.05,287.95,251.05,360.84,224.93,360.84
223.38,287,249.51,287,249.51,359.89,223.38,359.89
217.11,288.69,243.16,288.69,243.16,361.34,217.11,361.34
213.88,290.06,239.9,290.06,239.9,362.63,213.88,362.63
210.33,291.32,236.36,291.32,236.36,363.94,210.33,363.94
207.33,290.24,233.46,290.24,233.46,363.14,207.33,363.14
206.69,289.26,232.85,289.26,232.85,362.24,206.69,362.24
204.21,289.39,230.58,289.39,230.58,362.95,204.21,362.95
201,289.59,227.28,289.59,227.28,362.9,201,362.9
196.85,279.28,222.98,279.28,222.98,352.17,196.85,352.17
197.53,278.3,223.69,278.3,223.69,351.26,197.53,351.26
199.13,276.75,225.27,276.75,225.27,349.65,199.13,349.65
197.91,278.16,224.1,278.16,224.1,351.24,197.91,351.24
197.89,278.44,224.11,278.44,224.11,351.56,197.89,351.56
197.87,278.37,224.13,278.37,224.13,351.63,197.87,351.63
199.56,276.61,225.79,276.61,225.79,349.79,199.56,349.79
199.38,276.6,225.39,276.6,225.39,349.17,199.38,349.17
199.14,276.52,225.03,276.52,225.03,348.77,199.14,348.77
200,276.51,225.85,276.51,225.85,348.61,200,348.61
199.76,277.15,225.68,277.15,225.68,349.46,199.76,349.46
233.61,322.85,259.31,322.85,259.31,394.54,233.61,394.54
231.26,320.94,256.65,320.94,256.65,391.76,231.26,391.76
226.3,320.32,251.55,320.32,251.55,390.75,226.3,390.75
225.55,307.36,250.85,307.36,250.85,377.94,225.55,377.94
221.83,290.2,247.14,290.2,247.14,360.8,221.83,360.8
216.71,289.21,241.84,289.21,241.84,359.33,216.71,359.33
214.71,290.17,239.69,290.17,239.69,359.85,214.71,359.85
213.05,291.26,237.85,291.26,237.85,360.42,213.05,360.42
211.93,291.78,236.41,291.78,236.41,360.05,211.93,360.05
198.94,288.24,222.89,288.24,222.89,355.04,198.94,355.04
196.44,289.61,220.4,289.61,220.4,356.46,196.44,356.46
194.94,290.64,218.94,290.64,218.94,357.58,194.94,357.58
196.17,289.82,220.14,289.82,220.14,356.66,196.17,356.66
200.01,288.78,223.92,288.78,223.92,355.46,200.01,355.46
209.09,286.46,232.79,286.46,232.79,352.55,209.09,352.55
214.3,287.05,238.03,287.05,238.03,353.26,214.3,353.26
220.07,287.07,243.7,287.07,243.7,353,220.07,353
226.04,288.28,249.5,288.28,249.5,353.71,226.04,353.71
234.35,287.57,257.98,287.57,257.98,353.49,234.35,353.49
234.83,284.59,258.44,284.59,258.44,350.47,234.83,350.47
229.08,284.47,252.72,284.47,252.72,350.39,229.08,350.39
228.91,285.02,252.48,285.02,252.48,350.78,228.91,350.78
222.84,285.59,246.42,285.59,246.42,351.36,222.84,351.36
217.36,285.85,240.85,285.85,240.85,351.36,217.36,351.36
216.33,285.86,239.8,285.86,239.8,351.35,216.33,351.35
