401.5,94.5,419.5,94.5,419.5,150.5,401.5,150.5
401.68,93.915,419.79,93.915,419.79,150.25,401.68,150.25
401.26,92.86,419.43,92.86,419.43,149.39,401.26,149.39
401.3,93.182,419.36,93.182,419.36,149.38,401.3,149.38
402.05,93.836,420.19,93.836,420.19,150.27,402.05,150.27
401.82,94.145,419.64,94.145,419.64,149.57,401.82,149.57
402.39,94.421,420.19,94.421,420.19,149.79,402.39,149.79
402.18,93.974,420,93.974,420,149.41,402.18,149.41
402.35,93.753,420.09,93.753,420.09,148.95,402.35,148.95
402.11,92.964,419.88,92.964,419.88,148.27,402.11,148.27
401.93,92.396,419.97,92.396,419.97,148.52,401.93,148.52
402.51,92.251,420.59,92.251,420.59,148.5,402.51,148.5
403.14,92.976,421.24,92.976,421.24,149.31,403.14,149.31
403.28,92.653,421.05,92.653,421.05,147.93,403.28,147.93
404.38,93.066,422.06,93.066,422.06,148.08,404.38,148.08
404.41,92.108,422.02,92.108,422.02,146.88,404.41,146.88
404.64,91.918,422.09,91.918,422.09,146.2,404.64,146.2
405.44,92.383,422.57,92.383,422.57,145.65,405.44,145.65
405.24,92.552,422.21,92.552,422.21,145.35,405.24,145.35
405.64,92.261,422.84,92.261,422.84,145.79,405.64,145.79
406.32,90.899,423.88,90.899,423.88,145.52,406.32,145.52
406.67,91.012,424.2,91.012,424.2,145.56,406.67,145.56
406.85,91.074,424.26,91.074,424.26,145.23,406.85,145.23
406.58,91.295,423.79,91.295,423.79,144.84,406.58,144.84
406.92,90.846,424.39,90.846,424.39,145.2,406.92,145.2
407.28,90.369,424.62,90.369,424.62,144.32,407.28,144.32
407.11,89.361,424.3,89.361,424.3,142.85,407.11,142.85
407.43,89.926,424.52,89.926,424.52,143.09,407.43,143.09
407.05,90.734,423.82,90.734,423.82,142.91,407.05,142.91
407.17,90.436,423.95,90.436,423.95,142.65,407.17,142.65
407.31,89.911,424.12,89.911,424.12,142.22,407.31,142.22
406.69,89.037,423.37,89.037,423.37,140.95,406.69,140.95
407.31,88.846,424.17,88.846,424.17,141.3,407.31,141.3
407.12,89.164,423.69,89.164,423.69,140.7,407.12,140.7
407.03,89.194,423.67,89.194,423.67,140.94,407.03,140.94
407.4,89.413,424.02,89.413,424.02,141.12,407.4,141.12
407.46,89.233,424.07,89.233,424.07,140.9,407.46,140.9
407.94,88.685,424.57,88.685,424.57,140.43,407.94,140.43
408.15,88.155,424.68,88.155,424.68,139.56,408.15,139.56
408.61,87.936,425.42,87.936,425.42,140.24,408.61,140.24
408.67,87.996,425.23,87.996,425.23,139.54,408.67,139.54
408.92,88.338,425.53,88.338,425.53,140.02,408.92,140.02
409.11,88.289,425.71,88.289,425.71,139.94,409.11,139.94
409.14,88.013,425.68,88.013,425.68,139.49,409.14,139.49
409.03,87.863,425.6,87.863,425.6,139.41,409.03,139.41
408.85,87.027,425.64,87.027,425.64,139.28,408.85,139.28
409.09,86.804,425.75,86.804,425.75,138.65,409.09,138.65
409.49,86.548,426.27,86.548,426.27,138.77,409.49,138.77
409.69,86.649,426.52,86.649,426.52,139.04,409.69,139.04
409.55,86.202,426.37,86.202,426.37,138.55,409.55,138.55
409.67,86.347,426.36,86.347,426.36,138.27,409.67,138.27
410.39,87.181,427.2,87.181,427.2,139.46,410.39,139.46
410.42,87.122,426.98,87.122,426.98,138.62,410.42,138.62
410.58,85.896,427.41,85.896,427.41,138.24,410.58,138.24
410.71,84.994,427.52,84.994,427.52,137.3,410.71,137.3
411.02,84.961,427.85,84.961,427.85,137.33,411.02,137.33
411.2,85.903,427.85,85.903,427.85,137.68,411.2,137.68
411.29,86.009,427.85,86.009,427.85,137.55,411.29,137.55
411.08,85.426,427.75,85.426,427.75,137.31,411.08,137.31
411.26,84.943,428.15,84.943,428.15,137.48,411.26,137.48
411.08,83.88,428.01,83.88,428.01,136.55,411.08,136.55
411.38,83.795,428.41,83.795,428.41,136.8,411.38,136.8
411.56,84.091,428.55,84.091,428.55,136.94,411.56,136.94
411.65,84.497,428.72,84.497,428.72,137.6,411.65,137.6
411.49,84.466,428.57,84.466,428.57,137.59,411.49,137.59
411.85,84.135,428.83,84.135,428.83,136.97,411.85,136.97
412.91,83.736,429.68,83.736,429.68,135.93,412.91,135.93
413.03,83.508,429.69,83.508,429.69,135.32,413.03,135.32
412.98,83.058,429.68,83.058,429.68,135.01,412.98,135.01
413.68,83.794,430.24,83.794,430.24,135.31,413.68,135.31
413.54,84.032,430.03,84.032,430.03,135.32,413.54,135.32
414.13,84.327,430.56,84.327,430.56,135.44,414.13,135.44
414.16,83.578,430.7,83.578,430.7,135.04,414.16,135.04
413.69,82.794,430.16,82.794,430.16,134.04,413.69,134.04
414.19,82.403,430.6,82.403,430.6,133.45,414.19,133.45
414.15,82.308,430.62,82.308,430.62,133.54,414.15,133.54
414.54,82.199,430.97,82.199,430.97,133.33,414.54,133.33
414.85,82.831,431.26,82.831,431.26,133.9,414.85,133.9
415.14,83.487,431.39,83.487,431.39,134.03,415.14,134.03
415.43,83.578,431.63,83.578,431.63,133.98,415.43,133.98
415.59,83.39,431.76,83.39,431.76,133.7,415.59,133.7
415.76,82.373,431.87,82.373,431.87,132.5,415.76,132.5
415.63,81.593,431.6,81.593,431.6,131.29,415.63,131.29
416.17,81.921,432.09,81.921,432.09,131.44,416.17,131.44
416.17,82.191,432.2,82.191,432.2,132.05,416.17,132.05
415.74,82.15,431.64,82.15,431.64,131.6,415.74,131.6
416.28,82.403,432.19,82.403,432.19,131.92,416.28,131.92
416.28,82.268,432.18,82.268,432.18,131.71,416.28,131.71
416.1,82.145,431.97,82.145,431.97,131.5,416.1,131.5
415.85,81.009,431.56,81.009,431.56,129.86,415.85,129.86
416.04,80.778,431.77,80.778,431.77,129.71,416.04,129.71
416.21,80.882,432.02,80.882,432.02,130.07,416.21,130.07
416.09,81.147,431.72,81.147,431.72,129.79,416.09,129.79
416.71,82.168,432.21,82.168,432.21,130.42,416.71,130.42
416.4,81.861,431.76,81.861,431.76,129.65,416.4,129.65
416.6,81.713,431.95,81.713,431.95,129.47,416.6,129.47
416.77,81.018,432.22,81.018,432.22,129.09,416.77,129.09
417.26,80.994,432.65,80.994,432.65,128.88,417.26,128.88
417.73,81.126,433.14,81.126,433.14,129.06,417.73,129.06
417.84,81.328,433.17,81.328,433.17,129.03,417.84,129.03
417.74,81.258,432.92,81.258,432.92,128.5,417.74,128.5
418.16,81.782,433.22,81.782,433.22,128.64,418.16,128.64
418.16,81.256,433.16,81.256,433.16,127.92,418.16,127.92
418.04,80.917,433.03,80.917,433.03,127.55,418.04,127.55
418.2,80.313,433.19,80.313,433.19,126.95,418.2,126.95
418.24,79.417,433.23,79.417,433.23,126.06,418.24,126.06
418.52,79.609,433.58,79.609,433.58,126.46,418.52,126.46
418.65,79.921,433.66,79.921,433.66,126.65,418.65,126.65
418.83,80.229,433.83,80.229,433.83,126.91,418.83,126.91
419.2,80.382,434.17,80.382,434.17,126.94,419.2,126.94
420.23,80.399,435.21,80.399,435.21,126.99,420.23,126.99
420.26,79.491,435.18,79.491,435.18,125.92,420.26,125.92
421.03,79.616,435.87,79.616,435.87,125.81,421.03,125.81
421.02,79.826,435.84,79.826,435.84,125.94,421.02,125.94
420.87,79.567,435.68,79.567,435.68,125.63,420.87,125.63
421.25,79.896,435.96,79.896,435.96,125.63,421.25,125.63
422.1,80.283,436.75,80.283,436.75,125.86,422.1,125.86
422.18,79.998,436.76,79.998,436.76,125.36,422.18,125.36
421.76,78.745,436.27,78.745,436.27,123.88,421.76,123.88
422.01,78.585,436.4,78.585,436.4,123.36,422.01,123.36
422.73,78.472,437.22,78.472,437.22,123.55,422.73,123.55
422.84,78.688,437.27,78.688,437.27,123.58,422.84,123.58
423.74,79.284,438.21,79.284,438.21,124.33,423.74,124.33
423.68,78.838,438.15,78.838,438.15,123.85,423.68,123.85
424.11,78.259,438.73,78.259,438.73,123.74,424.11,123.74
425.25,78.367,439.78,78.367,439.78,123.56,425.25,123.56
425.16,77.567,439.78,77.567,439.78,123.03,425.16,123.03
425.74,77.879,440.34,77.879,440.34,123.3,425.74,123.3
426.33,78.151,440.84,78.151,440.84,123.28,426.33,123.28
426.31,78.088,440.74,78.088,440.74,122.97,426.31,122.97
427.14,78.321,441.62,78.321,441.62,123.38,427.14,123.38
426.52,77.621,441.12,77.621,441.12,123.03,426.52,123.03
426.96,77.148,441.51,77.148,441.51,122.42,426.96,122.42
426.58,76.528,441.24,76.528,441.24,122.13,426.58,122.13
427.63,76.245,442.27,76.245,442.27,121.8,427.63,121.8
427.22,77.125,441.93,77.125,441.93,122.89,427.22,122.89
427.68,77.228,442.45,77.228,442.45,123.16,427.68,123.16
427.73,76.795,442.41,76.795,442.41,122.48,427.73,122.48
428.44,77.148,443.06,77.148,443.06,122.62,428.44,122.62
428.56,76.215,443.17,76.215,443.17,121.68,428.56,121.68
429.04,75.911,443.55,75.911,443.55,121.07,429.04,121.07
428.93,75.028,443.32,75.028,443.32,119.8,428.93,119.8
429.81,76.543,444.19,76.543,444.19,121.27,429.81,121.27
429.62,76.298,443.97,76.298,443.97,120.96,429.62,120.96
430.01,76.493,444.25,76.493,444.25,120.8,430.01,120.8
430.06,75.47,444.31,75.47,444.31,119.8,430.06,119.8
429.54,74.826,443.9,74.826,443.9,119.51,429.54,119.51
429.78,74.66,444.12,74.66,444.12,119.28,429.78,119.28
429.97,74.434,444.28,74.434,444.28,118.96,429.97,118.96
430.18,73.373,444.93,73.373,444.93,119.25,430.18,119.25
430.08,74.322,444.61,74.322,444.61,119.53,430.08,119.53
430.9,74.457,445.2,74.457,445.2,118.97,430.9,118.97
431.91,74.468,446.04,74.468,446.04,118.42,431.91,118.42
432.56,74.633,446.44,74.633,446.44,117.81,432.56,117.81
432.4,74.159,446.67,74.159,446.67,118.56,432.4,118.56
432.33,73.8,446.59,73.8,446.59,118.17,432.33,118.17
432.7,73.865,447.07,73.865,447.07,118.55,432.7,118.55
433.53,73.851,448.01,73.851,448.01,118.89,433.53,118.89
433.51,73.272,448.15,73.272,448.15,118.81,433.51,118.81
433.58,72.978,448.41,72.978,448.41,119.1,433.58,119.1
433.48,72.457,448.22,72.457,448.22,118.31,433.48,118.31
433.88,72.26,448.37,72.26,448.37,117.35,433.88,117.35
434.59,72.489,449.03,72.489,449.03,117.4,434.59,117.4
435.93,72.314,450.56,72.314,450.56,117.83,435.93,117.83
436.56,72.135,451.12,72.135,451.12,117.41,436.56,117.41
436.62,72.382,451.09,72.382,451.09,117.4,436.62,117.4
436.51,72.427,450.89,72.427,450.89,117.17,436.51,117.17
436.83,72.442,451.35,72.442,451.35,117.6,436.83,117.6
436.44,71.585,450.95,71.585,450.95,116.74,436.44,116.74
436.5,71.11,450.99,71.11,450.99,116.18,436.5,116.18
436.35,70.877,450.84,70.877,450.84,115.96,436.35,115.96
436.51,70.696,451.01,70.696,451.01,115.8,436.51,115.8
436.46,70.976,450.9,70.976,450.9,115.91,436.46,115.91
436.92,71.592,451.28,71.592,451.28,116.29,436.92,116.29
437,71.687,451.46,71.687,451.46,116.66,437,116.66
436.71,70.905,451.17,70.905,451.17,115.87,436.71,115.87
436.81,70.491,451.3,70.491,451.3,115.57,436.81,115.57
436.53,70.22,450.92,70.22,450.92,114.99,436.53,114.99
437.1,70.892,451.45,70.892,451.45,115.52,437.1,115.52
437.14,71.094,451.42,71.094,451.42,115.52,437.14,115.52
436.78,70.698,451.01,70.698,451.01,114.96,436.78,114.96
436.61,70.611,450.79,70.611,450.79,114.74,436.61,114.74
437,70.71,451.15,70.71,451.15,114.74,437,114.74
436.8,70.502,450.95,70.502,450.95,114.52,436.8,114.52
437.01,70.186,451.28,70.186,451.28,114.58,437.01,114.58
436.75,69.762,450.93,69.762,450.93,113.86,436.75,113.86
436.99,70.137,451.23,70.137,451.23,114.45,436.99,114.45
436.76,69.941,450.98,69.941,450.98,114.17,436.76,114.17
437.39,70.01,451.6,70.01,451.6,114.21,437.39,114.21
437.69,69.694,451.82,69.694,451.82,113.67,437.69,113.67
438.65,69.358,452.88,69.358,452.88,113.63,438.65,113.63
438.34,68.816,452.46,68.816,452.46,112.74,438.34,112.74
439.03,69.295,453.18,69.295,453.18,113.33,439.03,113.33
439.79,68.986,454.01,68.986,454.01,113.22,439.79,113.22
439.86,68.284,454.06,68.284,454.06,112.47,439.86,112.47
440.24,68.259,454.35,68.259,454.35,112.17,440.24,112.17
440.9,68.313,454.99,68.313,454.99,112.15,440.9,112.15
441,67.498,455.13,67.498,455.13,111.46,441,111.46
441.14,67.287,455.3,67.287,455.3,111.34,441.14,111.34
441.25,67.92,455.37,67.92,455.37,111.85,441.25,111.85
441.2,68.123,455.36,68.123,455.36,112.17,441.2,112.17
441.34,67.992,455.52,67.992,455.52,112.13,441.34,112.13
441.46,67.863,455.61,67.863,455.61,111.9,441.46,111.9
441.4,67.578,455.55,67.578,455.55,111.61,441.4,111.61
441.12,67.15,455.16,67.15,455.16,110.81,441.12,110.81
440.91,66.525,454.91,66.525,454.91,110.06,440.91,110.06
441.19,66.463,455.21,66.463,455.21,110.08,441.19,110.08
441.3,66.502,455.32,66.502,455.32,110.12,441.3,110.12
441.42,66.904,455.26,66.904,455.26,109.97,441.42,109.97
441.84,68.205,455.69,68.205,455.69,111.29,441.84,111.29
442.27,67.513,456.21,67.513,456.21,110.86,442.27,110.86
442.3,67.296,456.21,67.296,456.21,110.57,442.3,110.57
442.27,66.432,456.19,66.432,456.19,109.76,442.27,109.76
442.35,66.027,456.27,66.027,456.27,109.32,442.35,109.32
442.55,66.49,456.51,66.49,456.51,109.9,442.55,109.9
442.55,66.423,456.52,66.423,456.52,109.89,442.55,109.89
442.49,66.263,456.46,66.263,456.46,109.75,442.49,109.75
442.05,65.922,455.95,65.922,455.95,109.17,442.05,109.17
442.48,65.883,456.39,65.883,456.39,109.15,442.48,109.15
442.58,65.503,456.55,65.503,456.55,108.96,442.58,108.96
442.26,64.887,456.25,64.887,456.25,108.4,442.26,108.4
441.95,64.573,455.98,64.573,455.98,108.23,441.95,108.23
442.43,64.381,456.38,64.381,456.38,107.77,442.43,107.77
443.04,64.239,456.85,64.239,456.85,107.2,443.04,107.2
443.61,65.086,457.39,65.086,457.39,107.94,443.61,107.94
444.02,63.799,457.7,63.799,457.7,106.37,444.02,106.37
444,64.181,457.51,64.181,457.51,106.23,444,106.23
444.41,64.804,457.81,64.804,457.81,106.49,444.41,106.49
445.06,64.943,458.42,64.943,458.42,106.51,445.06,106.51
445.51,64.362,458.95,64.362,458.95,106.16,445.51,106.16
445.35,63.613,458.68,63.613,458.68,105.1,445.35,105.1
445.91,64.183,459.17,64.183,459.17,105.44,445.91,105.44
446.09,64.398,459.2,64.398,459.2,105.18,446.09,105.18
446.61,64.661,459.64,64.661,459.64,105.2,446.61,105.2
446.88,64.702,459.9,64.702,459.9,105.19,446.88,105.19
446.46,64.142,459.52,64.142,459.52,104.77,446.46,104.77
446.95,63.478,460.14,63.478,460.14,104.54,446.95,104.54
446.58,62.697,459.82,62.697,459.82,103.87,446.58,103.87
446.41,62.528,459.7,62.528,459.7,103.88,446.41,103.88
446.89,63.13,460.23,63.13,460.23,104.63,446.89,104.63
447.31,63.556,460.74,63.556,460.74,105.32,447.31,105.32
447.17,63.232,460.58,63.232,460.58,104.94,447.17,104.94
447.85,63.226,461.32,63.226,461.32,105.12,447.85,105.12
447.89,62.835,461.27,62.835,461.27,104.48,447.89,104.48
448.44,63.107,461.82,63.107,461.82,104.73,448.44,104.73
448.55,62.767,461.97,62.767,461.97,104.51,448.55,104.51
448.89,62.536,462.34,62.536,462.34,104.39,448.89,104.39
448.89,62.452,462.25,62.452,462.25,104.01,448.89,104.01
449.6,62.785,462.92,62.785,462.92,104.2,449.6,104.2
449.68,61.704,463.06,61.704,463.06,103.33,449.68,103.33
449.89,61.328,463.32,61.328,463.32,103.09,449.89,103.09
449.85,61.2,463.31,61.2,463.31,103.07,449.85,103.07
449.92,61.698,463.26,61.698,463.26,103.21,449.92,103.21
450.74,62.135,464.04,62.135,464.04,103.51,450.74,103.51
451.02,62.007,464.33,62.007,464.33,103.44,451.02,103.44
451.49,61.323,464.91,61.323,464.91,103.08,451.49,103.08
451.29,60.622,464.6,60.622,464.6,102.04,451.29,102.04
452.12,61.099,465.34,61.099,465.34,102.21,452.12,102.21
452.01,61.495,465.09,61.495,465.09,102.2,452.01,102.2
452.91,62.006,465.94,62.006,465.94,102.55,452.91,102.55
452.94,61.801,465.91,61.801,465.91,102.15,452.94,102.15
452.54,60.811,465.5,60.811,465.5,101.11,452.54,101.11
452.71,60.36,465.71,60.36,465.71,100.79,452.71,100.79
452.73,60.45,465.7,60.45,465.7,100.81,452.73,100.81
452.85,60.662,465.82,60.662,465.82,101.01,452.85,101.01
453.24,60.81,466.26,60.81,466.26,101.32,453.24,101.32
453.55,60.767,466.56,60.767,466.56,101.26,453.55,101.26
453.9,60.722,466.87,60.722,466.87,101.07,453.9,101.07
454.33,59.831,467.39,59.831,467.39,100.45,454.33,100.45
454.9,59.837,468,59.837,468,100.62,454.9,100.62
455.15,60.169,468.2,60.169,468.2,100.79,455.15,100.79
455.18,60.728,468.16,60.728,468.16,101.09,455.18,101.09
455,60.808,467.92,60.808,467.92,100.99,455,100.99
455.04,59.945,468.09,59.945,468.09,100.55,455.04,100.55
455.81,59.615,468.94,59.615,468.94,100.46,455.81,100.46
455.94,59.332,469.06,59.332,469.06,100.17,455.94,100.17
456.2,59.201,469.35,59.201,469.35,100.09,456.2,100.09
456.37,59.101,469.55,59.101,469.55,100.12,456.37,100.12
456.07,59.023,469.22,59.023,469.22,99.934,456.07,99.934
456.58,59.469,469.65,59.469,469.65,100.14,456.58,100.14
456.71,59.598,469.87,59.598,469.87,100.53,456.71,100.53
456.87,59.559,470.07,59.559,470.07,100.65,456.87,100.65
456.59,59.152,469.73,59.152,469.73,100.03,456.59,100.03
457.26,58.949,470.44,58.949,470.44,99.966,457.26,99.966
457.28,58.047,470.38,58.047,470.38,98.791,457.28,98.791
458.09,58.623,471.1,58.623,471.1,99.107,458.09,99.107
457.91,58.842,470.81,58.842,470.81,98.958,457.91,98.958
458.26,58.863,471.27,58.863,471.27,99.329,458.26,99.329
457.95,58.806,470.87,58.806,470.87,98.984,457.95,98.984
457.9,58.407,470.89,58.407,470.89,98.827,457.9,98.827
458.33,57.884,471.35,57.884,471.35,98.393,458.33,98.393
458.29,57.628,471.26,57.628,471.26,98.003,458.29,98.003
458.85,57.031,471.95,57.031,471.95,97.77,458.85,97.77
459.15,56.997,472.25,56.997,472.25,97.733,459.15,97.733
459.83,58.018,472.97,58.018,472.97,98.882,459.83,98.882
460.18,57.892,473.34,57.892,473.34,98.83,460.18,98.83
459.98,57.699,473.16,57.699,473.16,98.685,459.98,98.685
460.49,57.174,473.62,57.174,473.62,98.032,460.49,98.032
461.38,56.495,474.59,56.495,474.59,97.586,461.38,97.586
461.7,56.571,474.76,56.571,474.76,97.23,461.7,97.23
462.08,57.329,475.12,57.329,475.12,97.9,462.08,97.9
462.41,57.595,475.54,57.595,475.54,98.441,462.41,98.441
462.48,57.44,475.72,57.44,475.72,98.619,462.48,98.619
462.3,56.492,475.58,56.492,475.58,97.808,462.3,97.808
462.57,56.001,475.77,56.001,475.77,97.075,462.57,97.075
462.63,55.851,475.81,55.851,475.81,96.855,462.63,96.855
462.78,55.569,475.99,55.569,475.99,96.676,462.78,96.676
463.27,55.521,476.35,55.521,476.35,96.225,463.27,96.225
464.02,56.615,476.97,56.615,476.97,96.889,464.02,96.889
464.27,56.802,477.11,56.802,477.11,96.732,464.27,96.732
465.19,56.663,478.1,56.663,478.1,96.847,465.19,96.847
465.16,55.519,478.02,55.519,478.02,95.543,465.16,95.543
465.78,55.952,478.76,55.952,478.76,96.316,465.78,96.316
465.58,55.958,478.49,55.958,478.49,96.117,465.58,96.117
465.84,56.262,478.72,56.262,478.72,96.309,465.84,96.309
466.37,56.143,479.27,56.143,479.27,96.271,466.37,96.271
466.75,55.781,479.62,55.781,479.62,95.844,466.75,95.844
466.88,55.528,479.73,55.528,479.73,95.525,466.88,95.525
466.82,55.265,479.77,55.265,479.77,95.558,466.82,95.558
466.69,55.003,479.62,55.003,479.62,95.218,466.69,95.218
467.01,55.25,479.91,55.25,479.91,95.375,467.01,95.375
467.94,55.548,480.84,55.548,480.84,95.672,467.94,95.672
468.26,55.773,481.15,55.773,481.15,95.875,468.26,95.875
468.82,54.832,481.87,54.832,481.87,95.417,468.82,95.417
468.99,54.775,481.94,54.775,481.94,95.049,468.99,95.049
468.8,54.125,481.74,54.125,481.74,94.389,468.8,94.389
468.96,54.276,481.92,54.276,481.92,94.582,468.96,94.582
469.27,54.535,482.08,54.535,482.08,94.411,469.27,94.411
469.98,55.069,482.69,55.069,482.69,94.608,469.98,94.608
469.86,54.976,482.52,54.976,482.52,94.378,469.86,94.378
469.89,54.399,482.68,54.399,482.68,94.209,469.89,94.209
470.12,54.106,483.11,54.106,483.11,94.521,470.12,94.521
470.13,53.57,483,53.57,483,93.633,470.13,93.633
470.83,53.938,483.7,53.938,483.7,93.985,470.83,93.985
470.97,54.01,483.95,54.01,483.95,94.403,470.97,94.403
470.9,54.052,483.83,54.052,483.83,94.277,470.9,94.277
471.12,54.025,484.04,54.025,484.04,94.218,471.12,94.218
471.56,53.935,484.51,53.935,484.51,94.219,471.56,94.219
472.18,53.81,485.08,53.81,485.08,93.958,472.18,93.958
472.51,53.211,485.4,53.211,485.4,93.309,472.51,93.309
473.16,53.324,486.04,53.324,486.04,93.406,473.16,93.406
473.57,53.613,486.37,53.613,486.37,93.444,473.57,93.444
473.77,54.208,486.46,54.208,486.46,93.71,473.77,93.71
473.8,54.081,486.4,54.081,486.4,93.289,473.8,93.289
474.32,54.337,487.04,54.337,487.04,93.933,474.32,93.933
474.34,53.849,487.03,53.849,487.03,93.305,474.34,93.305
474.36,53.498,487.05,53.498,487.05,92.979,474.36,92.979
474.4,53.008,487.06,53.008,487.06,92.381,474.4,92.381
