545.5,57.5,582.5,57.5,582.5,155.5,545.5,155.5
542.85,62.493,578.77,62.493,578.77,157.61,542.85,157.61
542.41,64.85,577.61,64.85,577.61,158.09,542.41,158.09
538.01,68.195,573.56,68.195,573.56,162.37,538.01,162.37
535.51,68.851,572.14,68.851,572.14,165.88,535.51,165.88
528.8,69.981,566.55,69.981,566.55,169.95,528.8,169.95
527.38,72.928,564.01,72.928,564.01,169.96,527.38,169.96
523.23,73.217,560.6,73.217,560.6,172.2,523.23,172.2
517.12,77.194,554.12,77.194,554.12,175.19,517.12,175.19
511.91,78.146,549.65,78.146,549.65,178.12,511.91,178.12
505.49,78.969,543.99,78.969,543.99,180.95,505.49,180.95
500.53,79.806,539.42,79.806,539.42,182.81,500.53,182.81
501.7,85.017,540.98,85.017,540.98,189.05,501.7,189.05
485.63,81.993,526.1,81.993,526.1,189.17,485.63,189.17
485.69,88.311,524.97,88.311,524.97,192.34,485.69,192.34
479.62,90.383,518.51,90.383,518.51,193.38,479.62,193.38
451.06,96.139,491.12,96.139,491.12,202.26,451.06,202.26
444.88,100.66,486.16,100.66,486.16,210,444.88,210
442.82,101.93,485.35,101.93,485.35,214.58,442.82,214.58
440.26,102.56,482.37,102.56,482.37,214.09,440.26,214.09
437.47,103.82,480.86,103.82,480.86,218.73,437.47,218.73
431.9,104.65,476.6,104.65,476.6,223.04,431.9,223.04
429.1,105.3,473.8,105.3,473.8,223.69,429.1,223.69
412.59,107.07,458.65,107.07,458.65,229.06,412.59,229.06
405.04,107.52,451.09,107.52,451.09,229.5,405.04,229.5
399.08,108.91,443.78,108.91,443.78,227.3,399.08,227.3
384.31,108.68,429.9,108.68,429.9,229.46,384.31,229.46
370.57,112.68,414.83,112.68,414.83,229.9,370.57,229.9
364.01,114.69,409.16,114.69,409.16,234.27,364.01,234.27
357.49,114.63,401.31,114.63,401.31,230.69,357.49,230.69
346.34,121.71,389.29,121.71,389.29,235.48,346.34,235.48
345.42,125.84,388.38,125.84,388.38,239.62,345.42,239.62
344.45,123.11,386.14,123.11,386.14,233.53,344.45,233.53
355.11,105.55,396.8,105.55,396.8,215.98,355.11,215.98
310.99,132.85,352.68,132.85,352.68,243.28,310.99,243.28
312.06,111.55,352.93,111.55,352.93,219.81,312.06,219.81
302.82,115.24,342.49,115.24,342.49,220.31,302.82,220.31
298.43,115.85,336.93,115.85,336.93,217.82,298.43,217.82
284.56,118.54,321.93,118.54,321.93,217.52,284.56,217.52
279.72,119.09,316.36,119.09,316.36,216.12,279.72,216.12
273,120.08,308.55,120.08,308.55,214.26,273,214.26
260.03,119.11,296.3,119.11,296.3,215.18,260.03,215.18
255.33,121.22,290.53,121.22,290.53,214.47,255.33,214.47
242.86,121.23,278.07,121.23,278.07,214.47,242.86,214.47
238.92,124.45,273.77,124.45,273.77,216.77,238.92,216.77
230.27,119.27,265.82,119.27,265.82,213.44,230.27,213.44
221.89,120.67,257.8,120.67,257.8,215.79,221.89,215.79
214.84,119.53,250.39,119.53,250.39,213.71,214.84,213.71
202.45,118.28,236.96,118.28,236.96,209.69,202.45,209.69
198.11,117.82,232.62,117.82,232.62,209.22,198.11,209.22
187.09,116.41,221.26,116.41,221.26,206.91,187.09,206.91
175.33,114.81,209.84,114.81,209.84,206.21,175.33,206.21
171.61,113.99,205.78,113.99,205.78,204.49,171.61,204.49
163.1,112.65,197.26,112.65,197.26,203.15,163.1,203.15
160.78,114.86,193.95,114.86,193.95,202.7,160.78,202.7
150.83,111.89,184.66,111.89,184.66,201.5,150.83,201.5
147.83,109.09,182.69,109.09,182.69,201.41,147.83,201.41
143.76,108.66,178.62,108.66,178.62,200.98,143.76,200.98
137.9,107.23,173.81,107.23,173.81,202.34,137.9,202.34
134.79,105.07,171.06,105.07,171.06,201.14,134.79,201.14
128.19,102.45,165.56,102.45,165.56,201.43,128.19,201.43
126.08,103.13,162.35,103.13,162.35,199.2,126.08,199.2
125.48,102.47,161.03,102.47,161.03,196.64,125.48,196.64
122.09,99.382,157.29,99.382,157.29,192.63,122.09,192.63
120.79,98.926,156.35,98.926,156.35,193.1,120.79,193.1
117.15,96.356,153.78,96.356,153.78,193.39,117.15,193.39
116.89,96.26,152.45,96.26,152.45,190.44,116.89,190.44
115.92,94.667,151.12,94.667,151.12,187.91,115.92,187.91
115.17,92.704,150.72,92.704,150.72,186.88,115.17,186.88
115.07,90.53,150.28,90.53,150.28,183.77,115.07,183.77
114.62,90.123,149.47,90.123,149.47,182.44,114.62,182.44
115.03,87.074,149.54,87.074,149.54,178.48,115.03,178.48
116.32,88.086,150.15,88.086,150.15,177.69,116.32,177.69
117.29,85.127,152.14,85.127,152.14,177.45,117.29,177.45
118.96,83.288,153.81,83.288,153.81,175.61,118.96,175.61
120.57,81.257,155.08,81.257,155.08,172.66,120.57,172.66
121.87,80.013,156.73,80.013,156.73,172.33,121.87,172.33
124.02,78.284,159.23,78.284,159.23,171.53,124.02,171.53
126.36,77.013,160.53,77.013,160.53,167.51,126.36,167.51
130.75,77.051,163.91,77.051,163.91,164.89,130.75,164.89
133.45,75.06,167.28,75.06,167.28,164.67,133.45,164.67
134.29,73.612,169.14,73.612,169.14,165.93,134.29,165.93
122.02,69.131,157.58,69.131,157.58,163.31,122.02,163.31
140.74,69.719,175.6,69.719,175.6,162.04,140.74,162.04
145.1,67.579,181.01,67.579,181.01,162.7,145.1,162.7
146.34,66.362,183.34,66.362,183.34,164.36,146.34,164.36
150.22,65.1,187.22,65.1,187.22,163.1,150.22,163.1
153.49,64.485,190.49,64.485,190.49,162.48,153.49,162.48
158.94,60.364,195.22,60.364,195.22,156.43,158.94,156.43
161.29,61.495,196.5,61.495,196.5,154.74,161.29,154.74
166.25,59.818,200.42,59.818,200.42,150.32,166.25,150.32
170.62,58.535,205.82,58.535,205.82,151.78,170.62,151.78
175.2,57.797,211.48,57.797,211.48,153.87,175.2,153.87
178.86,55.92,214.42,55.92,214.42,150.1,178.86,150.1
184.08,54.872,218.94,54.872,218.94,147.19,184.08,147.19
187.6,53.707,223.16,53.707,223.16,147.88,187.6,147.88
189.63,52.21,224.15,52.21,224.15,143.62,189.63,143.62
187.7,51.823,222.21,51.823,222.21,143.23,187.7,143.23
185.63,52.208,219.8,52.208,219.8,142.71,185.63,142.71
183.74,56.595,217.24,56.595,217.24,145.31,183.74,145.31
181.76,59.219,214.27,59.219,214.27,145.33,181.76,145.33
179.82,63.953,212.65,63.953,212.65,150.92,179.82,150.92
178.46,65.59,211.3,65.59,211.3,152.56,178.46,152.56
175.25,69.13,208.75,69.13,208.75,157.85,175.25,157.85
174.05,71.888,207.21,71.888,207.21,159.73,174.05,159.73
172.38,73.986,205.87,73.986,205.87,162.7,172.38,162.7
168.35,77.634,202.52,77.634,202.52,168.14,168.35,168.14
167.04,79.942,200.87,79.942,200.87,169.55,167.04,169.55
164.86,85.25,197.7,85.25,197.7,172.22,164.86,172.22
162.65,86.412,196.48,86.412,196.48,176.02,162.65,176.02
161.57,89.257,194.4,89.257,194.4,176.23,161.57,176.23
158.85,93.44,191.04,93.44,191.04,178.7,158.85,178.7
157.28,95.716,189.47,95.716,189.47,180.97,157.28,180.97
155.69,102.09,187.24,102.09,187.24,185.66,155.69,185.66
153.6,103.84,185.47,103.84,185.47,188.25,153.6,188.25
152.66,105.37,185.49,105.37,185.49,192.34,152.66,192.34
149.42,109.9,181.94,109.9,181.94,196.01,149.42,196.01
147.97,111.6,180.48,111.6,180.48,197.71,147.97,197.71
145.05,117.3,177.24,117.3,177.24,202.56,145.05,202.56
144.82,119.22,176.69,119.22,176.69,203.63,144.82,203.63
142.65,121.43,173.89,121.43,173.89,204.18,142.65,204.18
138.79,126.26,170.66,126.26,170.66,210.67,138.79,210.67
138.19,128.48,169.43,128.48,169.43,211.23,138.19,211.23
136.08,130.93,168.27,130.93,168.27,216.19,136.08,216.19
133.33,136.03,166.17,136.03,166.17,223,133.33,223
131.36,137.68,163.55,137.68,163.55,222.94,131.36,222.94
128.96,142.92,160.2,142.92,160.2,225.66,128.96,225.66
129.21,146.86,159.53,146.86,159.53,227.18,129.21,227.18
127.87,149.13,157.6,149.13,157.6,227.87,127.87,227.87
124.68,154.9,153.53,154.9,153.53,231.32,124.68,231.32
123.04,156.07,152.77,156.07,152.77,234.8,123.04,234.8
121.48,159.31,150.62,159.31,150.62,236.49,121.48,236.49
118.91,164.12,148.63,164.12,148.63,242.85,118.91,242.85
117.46,166.26,147.19,166.26,147.19,244.99,117.46,244.99
113.79,166.92,143.82,166.92,143.82,246.44,113.79,246.44
111.83,166.17,142.46,166.17,142.46,247.29,111.83,247.29
110.06,165.51,140.99,165.51,140.99,247.44,110.06,247.44
106.71,165.29,137.64,165.29,137.64,247.22,106.71,247.22
105.16,165.42,135.79,165.42,135.79,246.54,105.16,246.54
103.51,164.74,134.44,164.74,134.44,246.67,103.51,246.67
106.86,163.28,137.79,163.28,137.79,245.21,106.86,245.21
109.49,162.82,140.11,162.82,140.11,243.94,109.49,243.94
112.52,161.89,143.45,161.89,143.45,243.82,112.52,243.82
118.15,161.53,149.08,161.53,149.08,243.46,118.15,243.46
122.11,161.89,152.43,161.89,152.43,242.2,122.11,242.2
127.87,162.36,157.6,162.36,157.6,241.1,127.87,241.1
129.51,161.47,160.13,161.47,160.13,242.59,129.51,242.59
132.36,159.76,163.29,159.76,163.29,241.69,132.36,241.69
139.97,159.7,169.99,159.7,169.99,239.22,139.97,239.22
142.83,159.68,172.86,159.68,172.86,239.2,142.83,239.2
148.21,158.27,179.15,158.27,179.15,240.2,148.21,240.2
149.56,156.09,181.12,156.09,181.12,239.66,149.56,239.66
156.62,156.75,187.55,156.75,187.55,238.68,156.62,238.68
158.93,154.62,189.56,154.62,189.56,235.74,158.93,235.74
164.16,153.42,195.09,153.42,195.09,235.35,164.16,235.35
166.16,152.76,197.09,152.76,197.09,234.69,166.16,234.69
173.1,153.45,203.72,153.45,203.72,234.57,173.1,234.57
175.01,154.51,206.57,154.51,206.57,238.09,175.01,238.09
181.86,155.55,212.49,155.55,212.49,236.67,181.86,236.67
183.99,155.24,214.61,155.24,214.61,236.36,183.99,236.36
189.55,152.89,220.18,152.89,220.18,234.01,189.55,234.01
191.84,150.18,223.08,150.18,223.08,232.93,191.84,232.93
193.82,149.79,226.01,149.79,226.01,235.05,193.82,235.05
197.51,149.13,229.7,149.13,229.7,234.39,197.51,234.39
199.72,150.2,232.56,150.2,232.56,237.17,199.72,237.17
201.77,149.5,233.64,149.5,233.64,233.91,201.77,233.91
204.68,148.84,237.51,148.84,237.51,235.81,204.68,235.81
205.75,146.21,238.26,146.21,238.26,232.32,205.75,232.32
209.43,147.84,242.59,147.84,242.59,235.68,209.43,235.68
213.19,148.34,246.69,148.34,246.69,237.05,213.19,237.05
212.68,147.38,246.51,147.38,246.51,236.99,212.68,236.99
216.2,146.61,250.03,146.61,250.03,236.21,216.2,236.21
218.13,146.68,250.96,146.68,250.96,233.65,218.13,233.65
219.2,145.28,251.38,145.28,251.38,230.53,219.2,230.53
223.29,144.59,254.84,144.59,254.84,228.17,223.29,228.17
226.95,144.74,257.89,144.74,257.89,226.67,226.95,226.67
229.2,145.78,259.22,145.78,259.22,225.3,229.2,225.3
232.2,144.84,261.34,144.84,261.34,222.02,232.2,222.02
233.38,144.31,262.23,144.31,262.23,220.72,233.38,220.72
235.94,144.62,265.08,144.62,265.08,221.8,235.94,221.8
238.11,142.29,267.84,142.29,267.84,221.02,238.11,221.02
239.22,141.71,268.95,141.71,268.95,220.44,239.22,220.44
241.49,141.67,270.63,141.67,270.63,218.85,241.49,218.85
242.61,143.3,272.34,143.3,272.34,222.04,242.61,222.04
244.25,139.93,273.39,139.93,273.39,217.11,244.25,217.11
244.69,141.61,272.98,141.61,272.98,216.53,244.69,216.53
247.44,141.85,274.89,141.85,274.89,214.56,247.44,214.56
246.88,140.11,273.79,140.11,273.79,211.39,246.88,211.39
250.66,139.05,277.04,139.05,277.04,208.93,250.66,208.93
250.15,140.35,275.75,140.35,275.75,208.16,250.15,208.16
250.62,138.26,276.48,138.26,276.48,206.75,250.62,206.75
254.3,139.37,279.65,139.37,279.65,206.52,254.3,206.52
254.29,137.51,280.15,137.51,280.15,206.01,254.29,206.01
254,137.58,279.1,137.58,279.1,204.06,254,204.06
252.9,137.67,278.25,137.67,278.25,204.81,252.9,204.81
252.49,135.89,277.09,135.89,277.09,201.06,252.49,201.06
254.37,135.81,279.22,135.81,279.22,201.64,254.37,201.64
255.03,134.99,279.15,134.99,279.15,198.88,255.03,198.88
253.76,134.03,277.64,134.03,277.64,197.29,253.76,197.29
254.93,132.08,278.35,132.08,278.35,194.08,254.93,194.08
253,134.49,277.12,134.49,277.12,198.38,253,198.38
252.87,134.9,277.72,134.9,277.72,200.72,252.87,200.72
252.04,132.71,276.17,132.71,276.17,196.6,252.04,196.6
253.25,134.32,276.9,134.32,276.9,196.95,253.25,196.95
252.38,134.22,276.02,134.22,276.02,196.85,252.38,196.85
252.82,133.71,276.7,133.71,276.7,196.96,252.82,196.96
251.07,133.37,274.95,133.37,274.95,196.62,251.07,196.62
250.05,131.16,274.41,131.16,274.41,195.68,250.05,195.68
250.16,131.34,274.52,131.34,274.52,195.87,250.16,195.87
249.38,130.85,273.5,130.85,273.5,194.73,249.38,194.73
247.1,131.79,271.96,131.79,271.96,197.61,247.1,197.61
245.89,130.18,271.49,130.18,271.49,198,245.89,198
245.83,129.96,270.68,129.96,270.68,195.78,245.83,195.78
244.95,130.42,269.8,130.42,269.8,196.24,244.95,196.24
243.22,129.22,267.82,129.22,267.82,194.39,243.22,194.39
244.51,126.47,268.63,126.47,268.63,190.36,244.51,190.36
241.76,128.83,266.61,128.83,266.61,194.65,241.76,194.65
238.51,128.22,263.61,128.22,263.61,194.7,238.51,194.7
242.24,130.18,267.34,130.18,267.34,196.66,242.24,196.66
242.04,120.65,267.39,120.65,267.39,187.8,242.04,187.8
268.37,151.14,293.97,151.14,293.97,218.95,268.37,218.95
270.87,151.21,296.48,151.21,296.48,219.02,270.87,219.02
275.79,149.93,301.91,149.93,301.91,219.11,275.79,219.11
283.59,150.28,310.24,150.28,310.24,220.85,283.59,220.85
287.5,140.65,313.62,140.65,313.62,209.83,287.5,209.83
297.83,150.12,323.95,150.12,323.95,219.29,297.83,219.29
285.74,187.91,312.12,187.91,312.12,257.78,285.74,257.78
291.29,189.18,316.89,189.18,316.89,256.99,291.29,256.99
277.09,203.71,302.69,203.71,302.69,271.53,277.09,271.53
280.4,203.47,305.25,203.47,305.25,269.29,280.4,269.29
289.34,207.6,313.46,207.6,313.46,271.49,289.34,271.49
288.13,214.96,312.98,214.96,312.98,280.78,288.13,280.78
302.49,247.74,326.61,247.74,326.61,311.63,302.49,311.63
312.59,263.92,337.2,263.92,337.2,329.09,312.59,329.09
316.17,246.72,340.05,246.72,340.05,309.97,316.17,309.97
325.44,247.82,348.85,247.82,348.85,309.83,325.44,309.83
332.73,266.78,356.14,266.78,356.14,328.79,332.73,328.79
344.56,253.46,368.2,253.46,368.2,316.09,344.56,316.09
344.42,265.77,367.37,265.77,367.37,326.55,344.42,326.55
347.72,274.27,370.9,274.27,370.9,335.67,347.72,335.67
352.55,286.12,375.5,286.12,375.5,346.91,352.55,346.91
364.69,268.05,387.87,268.05,387.87,329.44,364.69,329.44
373.39,268.54,395.89,268.54,395.89,328.13,373.39,328.13
378.03,269.72,399.87,269.72,399.87,327.55,378.03,327.55
377.75,280.92,400.25,280.92,400.25,340.51,377.75,340.51
371.18,288.45,393.23,288.45,393.23,346.87,371.18,346.87
379.74,283.26,402.24,283.26,402.24,342.85,379.74,342.85
404.35,267.03,426.84,267.03,426.84,326.62,404.35,326.62
408.81,258.41,431.08,258.41,431.08,317.4,408.81,317.4
408.16,265.09,430.66,265.09,430.66,324.68,408.16,324.68
408.8,255.74,431.75,255.74,431.75,316.53,408.8,316.53
408.95,258.49,431.44,258.49,431.44,318.08,408.95,318.08
404.82,266.86,427.99,266.86,427.99,328.26,404.82,328.26
405.77,267.11,428.26,267.11,428.26,326.7,405.77,326.7
417.68,273.08,440.17,273.08,440.17,332.67,417.68,332.67
414.4,267.86,437.12,267.86,437.12,328.04,414.4,328.04
422.07,265.62,445.02,265.62,445.02,326.4,422.07,326.4
426.54,264.04,449.95,264.04,449.95,326.05,426.54,326.05
435.36,262.04,459.48,262.04,459.48,325.92,435.36,325.92
439.57,264.93,463.93,264.93,463.93,329.46,439.57,329.46
443.38,264.17,467.74,264.17,467.74,328.7,443.38,328.7
450.86,264.94,475.47,264.94,475.47,330.11,450.86,330.11
456.74,263.77,481.84,263.77,481.84,330.25,456.74,330.25
464.32,263.99,489.42,263.99,489.42,330.47,464.32,330.47
470.92,246.97,496.52,246.97,496.52,314.79,470.92,314.79
479.2,261.65,504.3,261.65,504.3,328.13,479.2,328.13
483.44,261.57,509.05,261.57,509.05,329.39,483.44,329.39
490.37,259.54,516.75,259.54,516.75,329.41,490.37,329.41
493.86,258.65,521.04,258.65,521.04,330.64,493.86,330.64
508.9,256.48,536.35,256.48,536.35,329.19,508.9,329.19
507.59,258.36,535.32,258.36,535.32,331.8,507.59,331.8
515.02,258.27,543.02,258.27,543.02,332.44,515.02,332.44
519.33,257.82,546.51,257.82,546.51,329.8,519.33,329.8
530.33,256.59,558.05,256.59,558.05,330.02,530.33,330.02
533.31,258.68,560.76,258.68,560.76,331.39,533.31,331.39
542.16,257.57,569.34,257.57,569.34,329.56,542.16,329.56
545.28,257.83,572.45,257.83,572.45,329.82,545.28,329.82
553.02,246.07,579.4,246.07,579.4,315.94,553.02,315.94
560.62,257.93,587.53,257.93,587.53,329.21,560.62,329.21
564.93,258,592.11,258,592.11,329.99,564.93,329.99
572.5,256.6,599.67,256.6,599.67,328.59,572.5,328.59
576.97,257.23,604.42,257.23,604.42,329.93,576.97,329.93
587.32,256.25,615.05,256.25,615.05,329.68,587.32,329.68
590.71,254.04,618.99,254.04,618.99,328.95,590.71,328.95
598.09,254.78,626.65,254.78,626.65,330.44,598.09,330.44
606.51,257.76,634.51,257.76,634.51,331.93,606.51,331.93
613.49,256.55,640.67,256.55,640.67,328.53,613.49,328.53
616.61,256.22,644.61,256.22,644.61,330.39,616.61,330.39
595.95,261.25,623.96,261.25,623.96,335.42,595.95,335.42
597.2,256.02,625.77,256.02,625.77,331.68,597.2,331.68
612.73,258.05,641.87,258.05,641.87,335.23,612.73,335.23
608.03,268.37,636.59,268.37,636.59,344.03,608.03,344.03
580.05,283.49,608.9,283.49,608.9,359.91,580.05,359.91
586.29,287.1,614.86,287.1,614.86,362.76,586.29,362.76
593.59,312.32,622.73,312.32,622.73,389.5,593.59,389.5
597.41,310.6,627.44,310.6,627.44,390.12,597.41,390.12
587.43,300.81,617.75,300.81,617.75,381.13,587.43,381.13
584.51,310.53,614.53,310.53,614.53,390.05,584.51,390.05
593.99,309.37,624.32,309.37,624.32,389.69,593.99,389.69
598.99,307.65,629.61,307.65,629.61,388.77,598.99,388.77
606.77,315.16,637.7,315.16,637.7,397.09,606.77,397.09
590.94,308.14,621.27,308.14,621.27,388.46,590.94,388.46
601.16,290.78,630.88,290.78,630.88,369.51,601.16,369.51
604.63,293.83,635.26,293.83,635.26,374.95,604.63,374.95
605.7,308.45,636.33,308.45,636.33,389.56,605.7,389.56
613.41,307.7,644.03,307.7,644.03,388.82,613.41,388.82
595.57,319.32,626.5,319.32,626.5,401.25,595.57,401.25
599.16,338.84,629.49,338.84,629.49,419.15,599.16,419.15
596.95,340.05,628.2,340.05,628.2,422.8,596.95,422.8
563.27,357.77,595.46,357.77,595.46,443.03,563.27,443.03
584.95,388.44,618.12,388.44,618.12,476.28,584.95,476.28
594.36,390.61,627.52,390.61,627.52,478.45,594.36,478.45
597.53,389.33,631.36,389.33,631.36,478.93,597.53,478.93
599.9,362.45,634.76,362.45,634.76,454.77,599.9,454.77
604.43,363.2,639.63,363.2,639.63,456.44,604.43,456.44
607.72,364.57,643.63,364.57,643.63,459.69,607.72,459.69
586.13,360.41,622.05,360.41,622.05,455.53,586.13,455.53
588.75,358.58,623.61,358.58,623.61,450.9,588.75,450.9
589.34,355.14,624.89,355.14,624.89,449.32,589.34,449.32
593.35,374.74,627.86,374.74,627.86,466.14,593.35,466.14
606.66,368.26,642.21,368.26,642.21,462.43,606.66,462.43
603.05,383.47,639.32,383.47,639.32,479.54,603.05,479.54
584.96,357.81,621.96,357.81,621.96,455.81,584.96,455.81
604.75,352.25,642.5,352.25,642.5,452.22,604.75,452.22
606.92,361.11,643.55,361.11,643.55,458.14,606.92,458.14
583.61,358.02,621.35,358.02,621.35,457.99,583.61,457.99
584.14,354.84,623.03,354.84,623.03,457.84,584.14,457.84
584.1,357.15,622.22,357.15,622.22,458.12,584.1,458.12
584.3,355.78,621.67,355.78,621.67,454.76,584.3,454.76
584.74,355.6,622.86,355.6,622.86,456.57,584.74,456.57
584.89,358.9,623.01,358.9,623.01,459.87,584.89,459.87
584.22,359.81,622.34,359.81,622.34,460.78,584.22,460.78
582.4,356.79,621.29,356.79,621.29,459.79,582.4,459.79
583.32,354.27,622.21,354.27,622.21,457.27,583.32,457.27
583.75,355.89,623.02,355.89,623.02,459.92,583.75,459.92
582.95,354.55,622.23,354.55,622.23,458.57,582.95,458.57
584.58,357.37,623.08,357.37,623.08,459.35,584.58,459.35
584.44,359.37,623.72,359.37,623.72,463.4,584.44,463.4
583.36,356.76,621.48,356.76,621.48,457.73,583.36,457.73
584.36,360.96,621.36,360.96,621.36,458.96,584.36,458.96
582.78,362.53,620.52,362.53,620.52,462.5,582.78,462.5
582.99,365.9,621.88,365.9,621.88,468.9,582.99,468.9
584.01,373.38,622.13,373.38,622.13,474.35,584.01,474.35
584.51,376.52,622.63,376.52,622.63,477.48,584.51,477.48
584.36,380.61,621.73,380.61,621.73,479.59,584.36,479.59
582.7,378.2,621.2,378.2,621.2,480.18,582.7,480.18
583.89,387.76,621.26,387.76,621.26,486.74,583.89,486.74
583.53,388.64,622.04,388.64,622.04,490.62,583.53,490.62
583.88,396.18,621.25,396.18,621.25,495.16,583.88,495.16
583.98,399.31,621.73,399.31,621.73,499.28,583.98,499.28
582.8,403.76,619.43,403.76,619.43,500.79,582.8,500.79
584.52,407.98,621.16,407.98,621.16,505.01,584.52,505.01
584.95,413.32,621.58,413.32,621.58,510.35,584.95,510.35
586.32,416.63,622.96,416.63,622.96,513.66,586.32,513.66
585.02,416.35,622.39,416.35,622.39,515.33,585.02,515.33
583.9,420.24,621.65,420.24,621.65,520.21,583.9,520.21
589.48,374.01,626.12,374.01,626.12,471.04,589.48,471.04
585.63,346.08,623,346.08,623,445.06,585.63,445.06
587.57,360.32,624.94,360.32,624.94,459.3,587.57,459.3
583.61,353.38,620.24,353.38,620.24,450.41,583.61,450.41
588.7,388.37,624.61,388.37,624.61,483.49,588.7,483.49
588.95,378.76,625.95,378.76,625.95,476.76,588.95,476.76
586.67,375.19,623.67,375.19,623.67,473.19,586.67,473.19
585.84,381.08,623.21,381.08,623.21,480.06,585.84,480.06
587.65,385.66,624.29,385.66,624.29,482.69,587.65,482.69
588.33,387.96,623.88,387.96,623.88,482.13,588.33,482.13
585.76,389.18,622.4,389.18,622.4,486.21,585.76,486.21
581.08,399.2,618.08,399.2,618.08,497.2,581.08,497.2
587.57,403.09,624.57,403.09,624.57,501.09,587.57,501.09
585.69,398.77,623.43,398.77,623.43,498.74,585.69,498.74
573.06,388.45,609.69,388.45,609.69,485.48,573.06,485.48
586.73,407.47,622.29,407.47,622.29,501.64,586.73,501.64
587.48,410.17,623.04,410.17,623.04,504.34,587.48,504.34
585.23,386.21,621.87,386.21,621.87,483.24,585.23,483.24
585.66,369.51,622.29,369.51,622.29,466.54,585.66,466.54
577.84,386.04,613.39,386.04,613.39,480.21,577.84,480.21
584.37,374.58,621.01,374.58,621.01,471.61,584.37,471.61
581.83,381.69,619.2,381.69,619.2,480.67,581.83,480.67
582.59,382.52,619.22,382.52,619.22,479.55,582.59,479.55
583.9,384.14,619.45,384.14,619.45,478.31,583.9,478.31
578.64,405.79,613.15,405.79,613.15,497.2,578.64,497.2
588.3,387.97,622.13,387.97,622.13,477.57,588.3,477.57
585.42,397.4,619.25,397.4,619.25,487.01,585.42,487.01
583.77,380.62,618.62,380.62,618.62,472.94,583.77,472.94
580.83,379.9,616.74,379.9,616.74,475.02,580.83,475.02
583.64,378.79,620.27,378.79,620.27,475.82,583.64,475.82
584.36,397.15,620.99,397.15,620.99,494.18,584.36,494.18
582.13,379.23,619.88,379.23,619.88,479.2,582.13,479.2
580.96,379.69,618.7,379.69,618.7,479.66,580.96,479.66
584.66,376.27,622.79,376.27,622.79,477.24,584.66,477.24
582.23,377.35,620.73,377.35,620.73,479.33,582.23,479.33
579.76,377.23,619.04,377.23,619.04,481.25,579.76,481.25
583.47,371.54,623.93,371.54,623.93,478.72,583.47,478.72
580.87,376.36,621.74,376.36,621.74,484.62,580.87,484.62
579.96,377.78,620.83,377.78,620.83,486.04,579.96,486.04
577.22,376.02,619.33,376.02,619.33,487.55,577.22,487.55
581.28,375.27,622.56,375.27,622.56,484.61,581.28,484.61
579.78,376.85,620.65,376.85,620.65,485.1,579.78,485.1
579.45,377.56,619.91,377.56,619.91,484.74,579.45,484.74
582.06,378.55,621.34,378.55,621.34,482.58,582.06,482.58
581.2,379.08,620.48,379.08,620.48,483.11,581.2,483.11
583.09,378.79,621.21,378.79,621.21,479.76,583.09,479.76
586.87,376.81,625.37,376.81,625.37,478.79,586.87,478.79
591.91,378.18,629.66,378.18,629.66,478.15,591.91,478.15
587.9,376.43,624.53,376.43,624.53,473.46,587.9,473.46
583.14,387.79,618.7,387.79,618.7,481.97,583.14,481.97
587.62,387.86,623.18,387.86,623.18,482.04,587.62,482.04
586.01,387.07,621.93,387.07,621.93,482.18,586.01,482.18
586.5,386.23,622.41,386.23,622.41,481.35,586.5,481.35
590.6,387.35,626.15,387.35,626.15,481.53,590.6,481.53
582,389.83,618.27,389.83,618.27,485.9,582,485.9
586.64,393.19,622.19,393.19,622.19,487.36,586.64,487.36
584.37,378.78,621,378.78,621,475.81,584.37,475.81
584.21,373.19,620.84,373.19,620.84,470.22,584.21,470.22
594.05,395.68,629.61,395.68,629.61,489.86,594.05,489.86
585.55,380.06,622.18,380.06,622.18,477.09,585.55,477.09
555.53,383.24,592.53,383.24,592.53,481.24,555.53,481.24
557.22,383.91,595.34,383.91,595.34,484.88,557.22,484.88
548.53,375.6,587.8,375.6,587.8,479.63,548.53,479.63
559.62,379.15,598.51,379.15,598.51,482.14,559.62,482.14
567.11,381.08,605.61,381.08,605.61,483.06,567.11,483.06
576.27,374.86,614.77,374.86,614.77,476.84,576.27,476.84
571.36,379.16,610.24,379.16,610.24,482.16,571.36,482.16
583.7,348.08,622.58,348.08,622.58,451.08,583.7,451.08
584.79,348.59,622.54,348.59,622.54,448.55,584.79,448.55
584.69,347.44,623.19,347.44,623.19,449.42,584.69,449.42
584.62,348.36,623.51,348.36,623.51,451.35,584.62,451.35
580.58,344.31,620.65,344.31,620.65,450.43,580.58,450.43
581.31,345.61,621.78,345.61,621.78,452.8,581.31,452.8
583.34,345.78,624.62,345.78,624.62,455.11,583.34,455.11
578.31,344.97,620.42,344.97,620.42,456.51,578.31,456.51
574.66,370.31,618.04,370.31,618.04,485.22,574.66,485.22
581.35,343.67,623.88,343.67,623.88,456.32,581.35,456.32
582,343.87,624.11,343.87,624.11,455.4,582,455.4
582.58,346,623.45,346,623.45,454.25,582.58,454.25
581.21,345.56,621.68,345.56,621.68,452.74,581.21,452.74
580.76,345.53,620.43,345.53,620.43,450.6,580.76,450.6
582.53,347.21,622.99,347.21,622.99,454.39,582.53,454.39
581.57,346.03,622.85,346.03,622.85,455.37,581.57,455.37
580.43,345.25,622.96,345.25,622.96,457.9,580.43,457.9
579.32,342.46,622.7,342.46,622.7,457.38,579.32,457.38
578.64,340.76,622.89,340.76,622.89,457.98,578.64,457.98
577.42,341.35,621.24,341.35,621.24,457.41,577.42,457.41
580.55,342.37,623.93,342.37,623.93,457.28,580.55,457.28
578.74,341.59,622.56,341.59,622.56,457.65,578.74,457.65
578.54,342.92,621.5,342.92,621.5,456.69,578.54,456.69
581.17,344.09,622.86,344.09,622.86,454.52,581.17,454.52
580.89,344.07,621.76,344.07,621.76,452.33,580.89,452.33
580.62,344.26,622.31,344.26,622.31,454.68,580.62,454.68
580.91,345.44,621.78,345.44,621.78,453.7,580.91,453.7
580.95,346.52,620.62,346.52,620.62,451.59,580.95,451.59
580.52,346.1,620.58,346.1,620.58,452.22,580.52,452.22
581.41,346.04,621.08,346.04,621.08,451.11,581.41,451.11
580.44,345.02,621.31,345.02,621.31,453.27,580.44,453.27
579.28,343.09,621.39,343.09,621.39,454.62,579.28,454.62
580.45,344.47,621.73,344.47,621.73,453.81,580.45,453.81
579.17,344.37,620.86,344.37,620.86,454.8,579.17,454.8
580.98,345.15,622.26,345.15,622.26,454.48,580.98,454.48
580.53,345.75,621.41,345.75,621.41,454.01,580.53,454.01
580.36,343.97,622.05,343.97,622.05,454.4,580.36,454.4
580.04,344.93,621.73,344.93,621.73,455.35,580.04,455.35
580.05,342.18,623,342.18,623,455.95,580.05,455.95
580.88,343.88,622.58,343.88,622.58,454.31,580.88,454.31
