261.5,165.5,293.5,165.5,293.5,244.5,261.5,244.5
262.03,165.56,293.63,165.56,293.63,243.56,262.03,243.56
262.59,164.69,294.12,164.69,294.12,242.52,262.59,242.52
262.63,162.98,294.13,162.98,294.13,240.74,262.63,240.74
263.75,162.45,295.07,162.45,295.07,239.78,263.75,239.78
264.98,162.62,296.07,162.62,296.07,239.38,264.98,239.38
265.39,162.46,296.67,162.46,296.67,239.68,265.39,239.68
266.08,162.67,297.12,162.67,297.12,239.3,266.08,239.3
268.45,163.45,299.12,163.45,299.12,239.16,268.45,239.16
269.86,162.59,300.67,162.59,300.67,238.65,269.86,238.65
272.07,162.11,303.35,162.11,303.35,239.32,272.07,239.32
272.59,161.23,303.55,161.23,303.55,237.66,272.59,237.66
274.14,159.1,305.37,159.1,305.37,236.21,274.14,236.21
275.34,159.06,306.5,159.06,306.5,235.99,275.34,235.99
277.15,158.86,308.02,158.86,308.02,235.06,277.15,235.06
278.09,158.94,308.95,158.94,308.95,235.12,278.09,235.12
279.03,159.57,309.78,159.57,309.78,235.48,279.03,235.48
280.76,159.88,311.95,159.88,311.95,236.88,280.76,236.88
281.39,159.06,312.77,159.06,312.77,236.53,281.39,236.53
283.31,159.31,314.43,159.31,314.43,236.14,283.31,236.14
284.19,158.18,315.2,158.18,315.2,234.72,284.19,234.72
285.06,156.56,316.32,156.56,316.32,233.75,285.06,233.75
285.44,155.91,316.47,155.91,316.47,232.53,285.44,232.53
286.65,156.13,317.54,156.13,317.54,232.41,286.65,232.41
287,156.26,317.47,156.26,317.47,231.49,287,231.49
289.7,157.61,319.85,157.61,319.85,232.02,289.7,232.02
291.17,157.52,321.42,157.52,321.42,232.21,291.17,232.21
291.69,157.59,321.46,157.59,321.46,231.09,291.69,231.09
293.19,156.81,322.5,156.81,322.5,229.17,293.19,229.17
294.65,156.27,323.87,156.27,323.87,228.41,294.65,228.41
295.25,154.95,324.57,154.95,324.57,227.33,295.25,227.33
297.08,153.96,326.44,153.96,326.44,226.45,297.08,226.45
297.69,153.64,326.79,153.64,326.79,225.48,297.69,225.48
299.28,154.24,328.26,154.24,328.26,225.8,299.28,225.8
300.8,155.33,329.51,155.33,329.51,226.22,300.8,226.22
301.4,155.38,330.26,155.38,330.26,226.62,301.4,226.62
302.11,154.59,331.02,154.59,331.02,225.96,302.11,225.96
303.49,154.35,332.41,154.35,332.41,225.74,303.49,225.74
304.89,154.13,333.8,154.13,333.8,225.52,304.89,225.52
305.54,153.37,334.58,153.37,334.58,225.06,305.54,225.06
306.53,152.07,335.47,152.07,335.47,223.51,306.53,223.51
307.19,151.63,336.26,151.63,336.26,223.39,307.19,223.39
307.46,151.39,336.67,151.39,336.67,223.49,307.46,223.49
309.02,152.23,338.1,152.23,338.1,224.01,309.02,224.01
309.26,152.47,338.08,152.47,338.08,223.61,309.26,223.61
311.66,152.29,340.66,152.29,340.66,223.9,311.66,223.9
312.88,152.19,342.05,152.19,342.05,224.2,312.88,224.2
314,150.75,342.79,150.75,342.79,221.81,314,221.81
314.96,149.94,343.73,149.94,343.73,220.99,314.96,220.99
315.73,149.34,344.41,149.34,344.41,220.13,315.73,220.13
317.96,148.99,346.58,148.99,346.58,219.66,317.96,219.66
318.35,148.66,347.01,148.66,347.01,219.41,318.35,219.41
319.59,149.05,348.21,149.05,348.21,219.71,319.59,219.71
320.29,149.06,349.08,149.06,349.08,220.14,320.29,220.14
321.19,148.96,349.8,148.96,349.8,219.6,321.19,219.6
322.28,149.59,350.84,149.59,350.84,220.1,322.28,220.1
322.8,150.75,351.11,150.75,351.11,220.66,322.8,220.66
323.91,183.77,352.28,183.77,352.28,253.79,323.91,253.79
325.26,217.4,353.72,217.4,353.72,287.68,325.26,287.68
352.55,204.46,381.39,204.46,381.39,275.67,352.55,275.67
356.21,205.2,384.94,205.2,384.94,276.13,356.21,276.13
401.81,230.7,430.53,230.7,430.53,301.6,401.81,301.6
403.13,234.89,431.74,234.89,431.74,305.53,403.13,305.53
400.81,231.94,429.44,231.94,429.44,302.62,400.81,302.62
400.97,232.75,429.28,232.75,429.28,302.64,400.97,302.64
401.52,234.57,429.86,234.57,429.86,304.52,401.52,304.52
400.7,232.72,428.9,232.72,428.9,302.34,400.7,302.34
400.45,235.2,428.3,235.2,428.3,303.95,400.45,303.95
399.3,232.5,427.2,232.5,427.2,301.38,399.3,301.38
400.36,235.25,428.3,235.25,428.3,304.24,400.36,304.24
398.99,231.75,427.1,231.75,427.1,301.15,398.99,301.15
399.9,233.32,428.21,233.32,428.21,303.22,399.9,303.22
399.63,233,427.91,233,427.91,302.81,399.63,302.81
399.34,234.06,427.7,234.06,427.7,304.07,399.34,304.07
400.05,235.09,428.55,235.09,428.55,305.45,400.05,305.45
399.91,234.23,428.23,234.23,428.23,304.13,399.91,304.13
400.36,235.83,428.91,235.83,428.91,306.31,400.36,306.31
399.6,233.07,427.91,233.07,427.91,302.95,399.6,302.95
400.26,234.15,428.61,234.15,428.61,304.15,400.26,304.15
400.2,233.72,428.59,233.72,428.59,303.8,400.2,303.8
400.27,234.82,428.72,234.82,428.72,305.04,400.27,305.04
400.64,234.94,429.17,234.94,429.17,305.37,400.64,305.37
399.89,234.86,428.21,234.86,428.21,304.76,399.89,304.76
400.01,235.66,428.41,235.66,428.41,305.77,400.01,305.77
399.37,234.41,427.91,234.41,427.91,304.88,399.37,304.88
399.28,235.66,427.8,235.66,427.8,306.07,399.28,306.07
398.58,234.99,427.22,234.99,427.22,305.69,398.58,305.69
398.7,235.18,427.74,235.18,427.74,306.86,398.7,306.86
398.18,234.17,427.42,234.17,427.42,306.36,398.18,306.36
398.22,234.16,427.52,234.16,427.52,306.49,398.22,306.49
398.33,234.59,427.54,234.59,427.54,306.71,398.33,306.71
398.21,234.85,427.38,234.85,427.38,306.86,398.21,306.86
397.85,234.92,427.07,234.92,427.07,307.05,397.85,307.05
397.8,234.93,427.27,234.93,427.27,307.67,397.8,307.67
397.86,235.63,427.18,235.63,427.18,308.03,397.86,308.03
397.84,235.46,427.24,235.46,427.24,308.05,397.84,308.05
397.66,235.63,426.93,235.63,426.93,307.9,397.66,307.9
398.1,236.45,427.39,236.45,427.39,308.78,398.1,308.78
398.14,236.3,427.45,236.3,427.45,308.65,398.14,308.65
398.25,236.72,427.5,236.72,427.5,308.93,398.25,308.93
398.38,235.45,427.51,235.45,427.51,307.37,398.38,307.37
397.98,235.69,427.02,235.69,427.02,307.38,397.98,307.38
398.44,235.71,427.41,235.71,427.41,307.24,398.44,307.24
398.42,236.4,427.48,236.4,427.48,308.14,398.42,308.14
398.25,236.72,427.21,236.72,427.21,308.22,398.25,308.22
398.47,237.1,427.62,237.1,427.62,309.08,398.47,309.08
398.14,237.23,427.33,237.23,427.33,309.3,398.14,309.3
398.3,237.13,427.27,237.13,427.27,308.64,398.3,308.64
398.56,238.15,427.53,238.15,427.53,309.68,398.56,309.68
398.64,237.91,427.69,237.91,427.69,309.63,398.64,309.63
398.29,237.38,427.42,237.38,427.42,309.28,398.29,309.28
398.18,236.99,427.46,236.99,427.46,309.28,398.18,309.28
398.19,237,427.69,237,427.69,309.83,398.19,309.83
398.25,237.11,427.95,237.11,427.95,310.42,398.25,310.42
397.74,236.23,427.38,236.23,427.38,309.39,397.74,309.39
398.17,237.23,427.83,237.23,427.83,310.45,398.17,310.45
397.91,237.16,427.55,237.16,427.55,310.34,397.91,310.34
398.46,238.18,427.99,238.18,427.99,311.1,398.46,311.1
398.34,238.24,427.86,238.24,427.86,311.14,398.34,311.14
398.31,238.24,427.81,238.24,427.81,311.07,398.31,311.07
398.31,237.72,427.92,237.72,427.92,310.83,398.31,310.83
398.28,237.62,427.98,237.62,427.98,310.94,398.28,310.94
398.2,237.6,427.64,237.6,427.64,310.29,398.2,310.29
397.99,237.73,427.55,237.73,427.55,310.7,397.99,310.7
346.56,240.16,376.22,240.16,376.22,313.37,346.56,313.37
365.74,224.24,395.32,224.24,395.32,297.26,365.74,297.26
356.59,228.21,386.43,228.21,386.43,301.89,356.59,301.89
335.3,233.12,365.02,233.12,365.02,306.47,335.3,306.47
349.34,252.38,379.28,252.38,379.28,326.29,349.34,326.29
346.54,252.69,376.61,252.69,376.61,326.92,346.54,326.92
348.85,271.94,378.7,271.94,378.7,345.62,348.85,345.62
352.75,274.19,382.74,274.19,382.74,348.21,352.75,348.21
350.17,271.19,380.03,271.19,380.03,344.9,350.17,344.9
351.67,275.54,381.22,275.54,381.22,348.49,351.67,348.49
349.09,274.35,378.16,274.35,378.16,346.1,349.09,346.1
350.02,276.33,378.64,276.33,378.64,346.98,350.02,346.98
354.97,266.21,383.68,266.21,383.68,337.11,354.97,337.11
351.48,276.58,380.01,276.58,380.01,347,351.48,347
348.99,275.6,377.22,275.6,377.22,345.32,348.99,345.32
349.13,274.93,377.14,274.93,377.14,344.07,349.13,344.07
349.52,275.37,377.5,275.37,377.5,344.46,349.52,344.46
351.36,274.14,379.17,274.14,379.17,342.78,351.36,342.78
350.85,277.42,378.54,277.42,378.54,345.78,350.85,345.78
350.52,275.01,378.09,275.01,378.09,343.08,350.52,343.08
350.97,276.05,378.28,276.05,378.28,343.47,350.97,343.47
350.02,274.68,377.4,274.68,377.4,342.29,350.02,342.29
349.82,275.04,377.19,275.04,377.19,342.62,349.82,342.62
349.49,275.13,376.83,275.13,376.83,342.62,349.49,342.62
349.78,275.41,377.14,275.41,377.14,342.95,349.78,342.95
350.36,276.57,377.77,276.57,377.77,344.22,350.36,344.22
350.37,275.98,378.02,275.98,378.02,344.25,350.37,344.25
350.46,275.67,378.31,275.67,378.31,344.44,350.46,344.44
350.33,275.05,378.18,275.05,378.18,343.8,350.33,343.8
350.24,276.19,378.06,276.19,378.06,344.87,350.24,344.87
351.13,275.12,378.91,275.12,378.91,343.7,351.13,343.7
350.94,276.45,378.72,276.45,378.72,345.05,350.94,345.05
350.68,275.39,378.4,275.39,378.4,343.81,350.68,343.81
350.79,275.53,378.76,275.53,378.76,344.57,350.79,344.57
349.27,275.08,377.21,275.08,377.21,344.07,349.27,344.07
349.91,275.07,377.81,275.07,377.81,343.96,349.91,343.96
349.98,275.57,377.82,275.57,377.82,344.29,349.98,344.29
350.41,276.06,378.3,276.06,378.3,344.92,350.41,344.92
350.33,275.88,377.97,275.88,377.97,344.11,350.33,344.11
349.98,274.94,377.7,274.94,377.7,343.38,349.98,343.38
350.31,275.91,378.15,275.91,378.15,344.65,350.31,344.65
350.4,275.68,378.17,275.68,378.17,344.23,350.4,344.23
350.74,275.84,378.36,275.84,378.36,344.04,350.74,344.04
350.23,275.41,377.82,275.41,377.82,343.53,350.23,343.53
350.14,275.47,377.62,275.47,377.62,343.32,350.14,343.32
350.65,275.26,378.21,275.26,378.21,343.3,350.65,343.3
350.42,275.45,377.93,275.45,377.93,343.36,350.42,343.36
350.59,276,378.32,276,378.32,344.46,350.59,344.46
350.43,276.03,378.23,276.03,378.23,344.65,350.43,344.65
350.64,276.17,378.41,276.17,378.41,344.74,350.64,344.74
350.56,275.55,378.27,275.55,378.27,343.97,350.56,343.97
350.29,275.59,378.26,275.59,378.26,344.64,350.29,344.64
350.34,274.72,378.17,274.72,378.17,343.42,350.34,343.42
350.57,275.76,378.45,275.76,378.45,344.6,350.57,344.6
350.33,275.21,378.03,275.21,378.03,343.58,350.33,343.58
350.52,275.83,378.33,275.83,378.33,344.48,350.52,344.48
350.23,275.56,378.02,275.56,378.02,344.16,350.23,344.16
350.45,275.43,378.17,275.43,378.17,343.87,350.45,343.87
350.41,275.69,378.05,275.69,378.05,343.93,350.41,343.93
350.19,275.47,377.62,275.47,377.62,343.18,350.19,343.18
350.78,276.15,378.51,276.15,378.51,344.61,350.78,344.61
350.69,275.67,378.6,275.67,378.6,344.55,350.69,344.55
350.25,275.33,377.99,275.33,377.99,343.82,350.25,343.82
350.32,275.54,378.07,275.54,378.07,344.04,350.32,344.04
350.37,275.53,378.33,275.53,378.33,344.54,350.37,344.54
350.4,275.48,378,275.48,378,343.63,350.4,343.63
350.63,275.78,378.06,275.78,378.06,343.51,350.63,343.51
350.44,276.09,378.13,276.09,378.13,344.44,350.44,344.44
350,275.48,377.6,275.48,377.6,343.62,350,343.62
350.01,275.35,377.64,275.35,377.64,343.57,350.01,343.57
349.92,275.09,377.61,275.09,377.61,343.44,349.92,343.44
350.22,275.37,377.77,275.37,377.77,343.4,350.22,343.4
350.32,275.7,377.6,275.7,377.6,343.05,350.32,343.05
350.4,276.24,377.45,276.24,377.45,343,350.4,343
350.19,276.12,377.27,276.12,377.27,342.98,350.19,342.98
350.48,275.32,377.81,275.32,377.81,342.79,350.48,342.79
350.3,275.39,377.61,275.39,377.61,342.82,350.3,342.82
350.29,275.33,377.71,275.33,377.71,343.02,350.29,343.02
350.68,275.99,378.28,275.99,378.28,344.14,350.68,344.14
350.49,275.91,377.89,275.91,377.89,343.57,350.49,343.57
350.66,276.15,378.31,276.15,378.31,344.41,350.66,344.41
350.46,275.33,378.16,275.33,378.16,343.71,350.46,343.71
350.48,275.6,378.14,275.6,378.14,343.9,350.48,343.9
350.28,275.15,377.98,275.15,377.98,343.53,350.28,343.53
350.53,275.46,378.52,275.46,378.52,344.56,350.53,344.56
350.13,275.37,378.2,275.37,378.2,344.67,350.13,344.67
350.36,275.71,378.3,275.71,378.3,344.69,350.36,344.69
350.13,275.59,377.73,275.59,377.73,343.74,350.13,343.74
350.42,275.07,377.94,275.07,377.94,343.01,350.42,343.01
351.43,276.07,378.75,276.07,378.75,343.52,351.43,343.52
352.17,276.08,379.24,276.08,379.24,342.92,352.17,342.92
352.32,275.77,379.34,275.77,379.34,342.48,352.32,342.48
353.39,276.19,379.84,276.19,379.84,341.48,353.39,341.48
329.48,276.27,355.83,276.27,355.83,341.32,329.48,341.32
330.64,276.28,356.84,276.28,356.84,340.95,330.64,340.95
332.16,277.44,358.31,277.44,358.31,342.02,332.16,342.02
332.71,277.39,358.8,277.39,358.8,341.81,332.71,341.81
334.43,277.51,360.46,277.51,360.46,341.75,334.43,341.75
337.26,278.22,363.29,278.22,363.29,342.49,337.26,342.49
339.93,277.92,365.95,277.92,365.95,342.15,339.93,342.15
340.7,277.7,366.84,277.7,366.84,342.22,340.7,342.22
344.09,276.58,370.07,276.58,370.07,340.72,344.09,340.72
347.49,276.47,373.34,276.47,373.34,340.3,347.49,340.3
348.64,275.75,374.42,275.75,374.42,339.38,348.64,339.38
348.42,276.24,374.11,276.24,374.11,339.65,348.42,339.65
350.07,276.16,375.86,276.16,375.86,339.82,350.07,339.82
351.51,275.93,377.29,275.93,377.29,339.58,351.51,339.58
351.31,275.88,377.41,275.88,377.41,340.33,351.31,340.33
352.19,275.65,378.45,275.65,378.45,340.47,352.19,340.47
351.26,276.93,377.75,276.93,377.75,342.34,351.26,342.34
351.24,277,377.9,277,377.9,342.83,351.24,342.83
350.25,276.08,377.27,276.08,377.27,342.8,350.25,342.8
350.14,275.51,377.22,275.51,377.22,342.34,350.14,342.34
349.94,275.25,377.32,275.25,377.32,342.85,349.94,342.85
349.95,275.53,377.33,275.53,377.33,343.12,349.95,343.12
350.01,275.9,377.37,275.9,377.37,343.46,350.01,343.46
350.39,275.97,377.66,275.97,377.66,343.3,350.39,343.3
349.99,275.56,377.36,275.56,377.36,343.12,349.99,343.12
349.87,275.4,377.24,275.4,377.24,342.96,349.87,342.96
350.01,275.41,377.4,275.41,377.4,343.05,350.01,343.05
350.47,276.15,377.78,276.15,377.78,343.58,350.47,343.58
350.46,275.97,377.7,275.97,377.7,343.22,350.46,343.22
350.65,276.06,378.31,276.06,378.31,344.34,350.65,344.34
350.27,275.47,377.84,275.47,377.84,343.54,350.27,343.54
350.28,275.16,377.83,275.16,377.83,343.19,350.28,343.19
350.15,275.13,377.68,275.13,377.68,343.09,350.15,343.09
350.65,275.97,378.11,275.97,378.11,343.78,350.65,343.78
350.78,275.85,378.46,275.85,378.46,344.19,350.78,344.19
350.45,275.79,377.88,275.79,377.88,343.5,350.45,343.5
350.52,275.7,378.35,275.7,378.35,344.39,350.52,344.39
350.38,275.53,378.09,275.53,378.09,343.95,350.38,343.95
350.18,275.61,377.87,275.61,377.87,343.98,350.18,343.98
350.44,275.72,377.9,275.72,377.9,343.51,350.44,343.51
350.61,276.04,378.24,276.04,378.24,344.25,350.61,344.25
350.42,275.94,377.82,275.94,377.82,343.58,350.42,343.58
350.87,276.08,378.24,276.08,378.24,343.64,350.87,343.64
350.34,275.34,377.7,275.34,377.7,342.88,350.34,342.88
350.3,275.4,377.66,275.4,377.66,342.95,350.3,342.95
350.36,275.86,377.63,275.86,377.63,343.19,350.36,343.19
350.51,276.16,377.75,276.16,377.75,343.41,350.51,343.41
350.7,275.93,378.37,275.93,378.37,344.24,350.7,344.24
350.47,274.99,378.17,274.99,378.17,343.38,350.47,343.38
350.57,275.3,378.38,275.3,378.38,343.95,350.57,343.95
350.59,275.58,378.31,275.58,378.31,344,350.59,344
350.47,275.72,378.34,275.72,378.34,344.52,350.47,344.52
350.09,275.6,377.97,275.6,377.97,344.43,350.09,344.43
350.12,275.78,377.61,275.78,377.61,343.64,350.12,343.64
350.51,275.9,378,275.9,378,343.76,350.51,343.76
350.48,275.59,378.05,275.59,378.05,343.65,350.48,343.65
350.1,275.33,377.61,275.33,377.61,343.23,350.1,343.23
350.67,275.82,378.39,275.82,378.39,344.24,350.67,344.24
350.85,276.13,378.64,276.13,378.64,344.74,350.85,344.74
350.74,275.94,378.53,275.94,378.53,344.54,350.74,344.54
350.61,275.54,378.33,275.54,378.33,343.96,350.61,343.96
350.52,275.42,378.25,275.42,378.25,343.88,350.52,343.88
350.64,275.5,378.36,275.5,378.36,343.95,350.64,343.95
350.58,275.72,378.44,275.72,378.44,344.49,350.58,344.49
350.27,275.68,377.87,275.68,377.87,343.82,350.27,343.82
350.23,275.56,377.75,275.56,377.75,343.5,350.23,343.5
350.52,275.81,378,275.81,378,343.66,350.52,343.66
350.4,275.73,377.94,275.73,377.94,343.73,350.4,343.73
350.21,275.83,377.51,275.83,377.51,343.2,350.21,343.2
350.55,276.04,377.74,276.04,377.74,343.15,350.55,343.15
350.79,276.17,378.34,276.17,378.34,344.19,350.79,344.19
350.59,275.62,377.99,275.62,377.99,343.28,350.59,343.28
350.86,275.9,378.28,275.9,378.28,343.6,350.86,343.6
350.83,275.8,378.27,275.8,378.27,343.55,350.83,343.55
350.95,275.96,378.35,275.96,378.35,343.6,350.95,343.6
350.98,276.19,378.32,276.19,378.32,343.68,350.98,343.68
350.65,275.9,377.83,275.9,377.83,343,350.65,343
350.84,276.12,378.08,276.12,378.08,343.37,350.84,343.37
350.77,275.78,378.21,275.78,378.21,343.53,350.77,343.53
350.61,275.61,378.12,275.61,378.12,343.51,350.61,343.51
350.67,275.83,378.15,275.83,378.15,343.68,350.67,343.68
350.67,276.21,378.03,276.21,378.03,343.76,350.67,343.76
350.41,276.21,377.53,276.21,377.53,343.17,350.41,343.17
350.93,276.28,378.09,276.28,378.09,343.33,350.93,343.33
350.94,275.91,378.23,275.91,378.23,343.28,350.94,343.28
350.37,275.39,377.7,275.39,377.7,342.88,350.37,342.88
350.48,275.52,377.8,275.52,377.8,342.97,350.48,342.97
350.5,275.95,377.68,275.95,377.68,343.05,350.5,343.05
350.98,276.44,378.17,276.44,378.17,343.55,350.98,343.55
350.97,276.32,378.21,276.32,378.21,343.57,350.97,343.57
350.99,275.68,378.41,275.68,378.41,343.39,350.99,343.39
350.9,275.58,378.36,275.58,378.36,343.38,350.9,343.38
350.79,275.73,378.26,275.73,378.26,343.54,350.79,343.54
350.83,276,378.45,276,378.45,344.19,350.83,344.19
350.38,275.63,377.86,275.63,377.86,343.47,350.38,343.47
350.71,276.15,378.13,276.15,378.13,343.84,350.71,343.84
350.53,275.75,377.97,275.75,377.97,343.47,350.53,343.47
350.67,275.95,378.06,275.95,378.06,343.56,350.67,343.56
350.23,275.69,377.55,275.69,377.55,343.15,350.23,343.15
350.48,275.82,377.7,275.82,377.7,343.03,350.48,343.03
350.94,276.37,378.13,276.37,378.13,343.47,350.94,343.47
350.74,275.92,378.39,275.92,378.39,344.19,350.74,344.19
350.4,275.14,378,275.14,378,343.28,350.4,343.28
350.26,274.98,377.85,274.98,377.85,343.1,350.26,343.1
350.36,275.27,377.95,275.27,377.95,343.38,350.36,343.38
350.45,275.52,377.93,275.52,377.93,343.34,350.45,343.34
350.74,276.14,378.13,276.14,378.13,343.75,350.74,343.75
350.31,275.55,377.69,275.55,377.69,343.15,350.31,343.15
350.51,275.72,377.44,275.72,377.44,342.21,350.51,342.21
350.56,275.53,377.9,275.53,377.9,343.05,350.56,343.05
350.3,275.41,377.6,275.41,377.6,342.78,350.3,342.78
350.35,276.04,377.42,276.04,377.42,342.86,350.35,342.86
350.44,275.86,377.65,275.86,377.65,343.04,350.44,343.04
350.72,276.22,377.93,276.22,377.93,343.41,350.72,343.41
350.73,275.82,378.15,275.82,378.15,343.51,350.73,343.51
350.8,275.84,378.24,275.84,378.24,343.57,350.8,343.57
350.7,276.01,378.11,276.01,378.11,343.66,350.7,343.66
350.63,276.2,377.99,276.2,377.99,343.73,350.63,343.73
350.48,275.83,377.73,275.83,377.73,343.12,350.48,343.12
350.32,275.64,377.61,275.64,377.61,343.03,350.32,343.03
350.21,275.31,377.6,275.31,377.6,342.92,350.21,342.92
350.33,275.63,377.34,275.63,377.34,342.32,350.33,342.32
350.34,275.52,377.33,275.52,377.33,342.14,350.34,342.14
350.4,275.59,377.5,275.59,377.5,342.5,350.4,342.5
350.86,276.26,378,276.26,378,343.27,350.86,343.27
350.86,276.34,378.01,276.34,378.01,343.37,350.86,343.37
350.63,276.17,377.87,276.17,377.87,343.43,350.63,343.43
350.29,275.16,377.73,275.16,377.73,342.92,350.29,342.92
350.58,275.7,378.06,275.7,378.06,343.54,350.58,343.54
350.58,275.75,378.34,275.75,378.34,344.28,350.58,344.28
350.68,275.66,378.57,275.66,378.57,344.51,350.68,344.51
350.46,275.67,378.07,275.67,378.07,343.84,350.46,343.84
350.42,275.3,377.99,275.3,377.99,343.37,350.42,343.37
350.3,275.02,377.89,275.02,377.89,343.14,350.3,343.14
350.22,275.01,377.82,275.01,377.82,343.14,350.22,343.14
350.25,275.01,377.87,275.01,377.87,343.2,350.25,343.2
350.3,275.51,377.75,275.51,377.75,343.28,350.3,343.28
350.73,276.12,378.16,276.12,378.16,343.85,350.73,343.85
350.54,275.9,378.2,275.9,378.2,344.19,350.54,344.19
350.19,275.23,377.73,275.23,377.73,343.21,350.19,343.21
350.68,275.72,378.21,275.72,378.21,343.68,350.68,343.68
350.84,276.03,378.28,276.03,378.28,343.77,350.84,343.77
351.02,276.3,378.31,276.3,378.31,343.68,351.02,343.68
350.49,275.8,377.71,275.8,377.71,343.01,350.49,343.01
350.77,275.79,378.18,275.79,378.18,343.46,350.77,343.46
350.73,275.74,378.14,275.74,378.14,343.42,350.73,343.42
350.76,275.77,378.2,275.77,378.2,343.51,350.76,343.51
350.71,276.12,378.13,276.12,378.13,343.82,350.71,343.82
350.86,276.25,378.2,276.25,378.2,343.74,350.86,343.74
350.44,275.71,377.74,275.71,377.74,343.1,350.44,343.1
350.29,275.33,377.62,275.33,377.62,342.8,350.29,342.8
350.1,275.27,377.5,275.27,377.5,342.93,350.1,342.93
350.64,275.76,378.05,275.76,378.05,343.43,350.64,343.43
350.58,276.18,378.12,276.18,378.12,344.17,350.58,344.17
350.58,275.96,378.36,275.96,378.36,344.53,350.58,344.53
350.53,275.61,378.46,275.61,378.46,344.55,350.53,344.55
350,274.79,377.96,274.79,377.96,343.81,350,343.81
350,274.92,377.88,274.92,377.88,343.73,350,343.73
350.31,275.28,378.06,275.28,378.06,343.79,350.31,343.79
350.68,275.55,378.6,275.55,378.6,344.47,350.68,344.47
350.37,275.61,378,275.61,378,343.82,350.37,343.82
350.25,275.2,377.82,275.2,377.82,343.25,350.25,343.25
350.16,275.11,377.76,275.11,377.76,343.24,350.16,343.24
350.16,274.99,377.82,274.99,377.82,343.28,350.16,343.28
350.15,275.29,377.74,275.29,377.74,343.41,350.15,343.41
350.3,275.69,377.74,275.69,377.74,343.44,350.3,343.44
350.66,276.09,378.06,276.09,378.06,343.74,350.66,343.74
350.75,275.93,378.15,275.93,378.15,343.56,350.75,343.56
350.74,275.76,378.18,275.76,378.18,343.51,350.74,343.51
350.81,275.95,378.22,275.95,378.22,343.61,350.81,343.61
350.95,276.03,378.3,276.03,378.3,343.57,350.95,343.57
350.7,275.91,377.91,275.91,377.91,343.1,350.7,343.1
351,276.15,378.24,276.15,378.24,343.4,351,343.4
350.99,275.89,378.36,275.89,378.36,343.44,350.99,343.44
