532.5,157.5,547.5,157.5,547.5,186.5,532.5,186.5
531.95,157.58,546.94,157.58,546.94,186.57,531.95,186.57
530.92,157.46,545.86,157.46,545.86,186.35,530.92,186.35
531.26,156.69,546.74,156.69,546.74,186.62,531.26,186.62
530.77,156.22,546.31,156.22,546.31,186.25,530.77,186.25
530.71,155.82,546.84,155.82,546.84,187,530.71,187
522.76,154.99,539.17,154.99,539.17,186.71,522.76,186.71
521.62,155.11,538.27,155.11,538.27,187.3,521.62,187.3
520.34,155.54,536.84,155.54,536.84,187.43,520.34,187.43
518.6,155.63,534.65,155.63,534.65,186.65,518.6,186.65
516.84,155.99,532.63,155.99,532.63,186.52,516.84,186.52
516.66,156.24,532.05,156.24,532.05,185.99,516.66,185.99
514.6,156.03,529.84,156.03,529.84,185.5,514.6,185.5
514.39,156.54,529.16,156.54,529.16,185.1,514.39,185.1
512.3,156.39,526.93,156.39,526.93,184.67,512.3,184.67
511.78,156.94,526.44,156.94,526.44,185.28,511.78,185.28
509.63,157.29,524.05,157.29,524.05,185.16,509.63,185.16
508.38,157.11,522.6,157.11,522.6,184.61,508.38,184.61
506,156.98,520.27,156.98,520.27,184.56,506,184.56
505.74,157.46,519.65,157.46,519.65,184.35,505.74,184.35
504.15,156.7,518.02,156.7,518.02,183.51,504.15,183.51
502.92,156.5,516.37,156.5,516.37,182.5,502.92,182.5
502.49,156.79,515.82,156.79,515.82,182.55,502.49,182.55
500.97,157.78,514.12,157.78,514.12,183.2,500.97,183.2
499.53,159.35,512.57,159.35,512.57,184.55,499.53,184.55
497.72,159.75,510.82,159.75,510.82,185.07,497.72,185.07
496.06,159.26,508.98,159.26,508.98,184.24,496.06,184.24
496.52,157.72,509.38,157.72,509.38,182.58,496.52,182.58
494.7,157.93,507.49,157.93,507.49,182.66,494.7,182.66
491.69,159.94,504.85,159.94,504.85,185.39,491.69,185.39
490.82,160.31,504.04,160.31,504.04,185.87,490.82,185.87
495.83,157.25,508.68,157.25,508.68,182.11,495.83,182.11
489.16,161.23,502.09,161.23,502.09,186.23,489.16,186.23
495.83,157.84,508.6,157.84,508.6,182.53,495.83,182.53
485.73,160.04,498.59,160.04,498.59,184.92,485.73,184.92
484.32,161,497.23,161,497.23,185.97,484.32,185.97
483.17,160.52,496.17,160.52,496.17,185.65,483.17,185.65
482.11,160.4,495.23,160.4,495.23,185.76,482.11,185.76
480.29,161.42,493.22,161.42,493.22,186.41,480.29,186.41
478.55,163.28,491.62,163.28,491.62,188.55,478.55,188.55
478.44,163.33,491.56,163.33,491.56,188.67,478.44,188.67
477.18,168.71,490.23,168.71,490.23,193.95,477.18,193.95
481.37,177.97,494.48,177.97,494.48,203.3,481.37,203.3
480.77,183.18,494,183.18,494,208.77,480.77,208.77
480.85,176.98,494,176.98,494,202.4,480.85,202.4
481.35,177.44,494.49,177.44,494.49,202.85,481.35,202.85
480.64,176.89,493.77,176.89,493.77,202.27,480.64,202.27
481.15,176.92,494.16,176.92,494.16,202.06,481.15,202.06
480.78,184.96,494,184.96,494,210.51,480.78,210.51
480.44,184.99,493.67,184.99,493.67,210.57,480.44,210.57
476.24,184.88,489.56,184.88,489.56,210.62,476.24,210.62
481.01,177.15,494.48,177.15,494.48,203.19,481.01,203.19
473.22,171.23,486.52,171.23,486.52,196.93,473.22,196.93
473.87,171.63,487.14,171.63,487.14,197.3,473.87,197.3
474.11,171.09,487.37,171.09,487.37,196.71,474.11,196.71
481.63,177.77,494.99,177.77,494.99,203.61,481.63,203.61
475.51,168.3,488.94,168.3,488.94,194.27,475.51,194.27
475.73,168.14,489.21,168.14,489.21,194.2,475.73,194.2
480.83,177.06,494.21,177.06,494.21,202.93,480.83,202.93
484.01,187.7,497.3,187.7,497.3,213.4,484.01,213.4
484.47,185.76,497.85,185.76,497.85,211.62,484.47,211.62
480.49,185.7,494.03,185.7,494.03,211.89,480.49,211.89
490.55,185.65,504.18,185.65,504.18,212,490.55,212
490.82,185.93,504.44,185.93,504.44,212.27,490.82,212.27
490.5,186.03,504.18,186.03,504.18,212.48,490.5,212.48
490.76,186.05,504.47,186.05,504.47,212.55,490.76,212.55
488.03,195.94,501.69,195.94,501.69,222.34,488.03,222.34
487.98,195.39,501.76,195.39,501.76,222.03,487.98,222.03
486.63,214.59,500.22,214.59,500.22,240.87,486.63,240.87
482.61,224.6,496.21,224.6,496.21,250.89,482.61,250.89
482.28,225.43,495.83,225.43,495.83,251.61,482.28,251.61
481.02,225.62,494.47,225.62,494.47,251.61,481.02,251.61
481.64,225.05,495,225.05,495,250.88,481.64,250.88
487.28,214.91,500.58,214.91,500.58,240.64,487.28,240.64
487.26,214.7,500.56,214.7,500.56,240.4,487.26,240.4
482.86,219.37,496.22,219.37,496.22,245.18,482.86,245.18
487.15,215.14,500.47,215.14,500.47,240.88,487.15,240.88
487.06,215.14,500.36,215.14,500.36,240.84,487.06,240.84
487.27,214.96,500.54,214.96,500.54,240.62,487.27,240.62
487.24,215.05,500.49,215.05,500.49,240.67,487.24,240.67
487.35,214.95,500.57,214.95,500.57,240.5,487.35,240.5
486.74,215,499.96,215,499.96,240.55,486.74,240.55
486.89,215.47,500.05,215.47,500.05,240.92,486.89,240.92
