533.5,21.5,577.5,21.5,577.5,70.5,533.5,70.5
525.42,13.836,569.21,13.836,569.21,62.605,525.42,62.605
510.7,9.4981,554.12,9.4981,554.12,57.86,510.7,57.86
502.31,7.0978,545.68,7.0978,545.68,55.392,502.31,55.392
497.07,15.746,541.83,15.746,541.83,65.596,497.07,65.596
478.48,23.709,523.15,23.709,523.15,73.462,478.48,73.462
460.13,38.153,504.33,38.153,504.33,87.385,460.13,87.385
450.74,65.561,495.74,65.561,495.74,115.67,450.74,115.67
445.6,78.546,490.19,78.546,490.19,128.21,445.6,128.21
438.26,96.61,483.91,96.61,483.91,147.44,438.26,147.44
424.79,131.92,470.16,131.92,470.16,182.44,424.79,182.44
440.67,139.38,485.85,139.38,485.85,189.7,440.67,189.7
432.41,118,477.03,118,477.03,167.69,432.41,167.69
441.84,137.48,486.23,137.48,486.23,186.92,441.84,186.92
441.08,129.36,485.69,129.36,485.69,179.04,441.08,179.04
409.47,127.69,453.52,127.69,453.52,176.74,409.47,176.74
423.53,141.51,469.98,141.51,469.98,193.23,423.53,193.23
397.89,109.84,444.32,109.84,444.32,161.55,397.89,161.55
384.72,123.26,431.34,123.26,431.34,175.17,384.72,175.17
384.47,123.33,431.23,123.33,431.23,175.4,384.47,175.4
376.63,120.27,423.55,120.27,423.55,172.53,376.63,172.53
362.25,115.99,409.38,115.99,409.38,168.49,362.25,168.49
333.03,165.82,379.36,165.82,379.36,217.42,333.03,217.42
325.91,168.03,372.33,168.03,372.33,219.72,325.91,219.72
319.05,173.33,365.27,173.33,365.27,224.81,319.05,224.81
312.65,181.52,358.89,181.52,358.89,233.02,312.65,233.02
328.93,155.24,375.5,155.24,375.5,207.1,328.93,207.1
329.86,137.18,376.1,137.18,376.1,188.67,329.86,188.67
351.37,124.41,397.09,124.41,397.09,175.32,351.37,175.32
351.45,128.4,397.19,128.4,397.19,179.34,351.45,179.34
356.56,120.73,402.66,120.73,402.66,172.07,356.56,172.07
364.54,119.63,410.88,119.63,410.88,171.23,364.54,171.23
358.57,119.37,405.49,119.37,405.49,171.64,358.57,171.64
365.96,124.78,413.09,124.78,413.09,177.26,365.96,177.26
383.78,113.64,430.17,113.64,430.17,165.29,383.78,165.29
383.66,129.89,430.46,129.89,430.46,182.01,383.66,182.01
382.02,122.73,428.93,122.73,428.93,174.98,382.02,174.98
364.84,117.2,411.16,117.2,411.16,168.78,364.84,168.78
362.71,116.45,408.11,116.45,408.11,167.02,362.71,167.02
379.24,130.45,424.9,130.45,424.9,181.3,379.24,181.3
366.74,122.31,412.92,122.31,412.92,173.73,366.74,173.73
371.11,134.38,417.99,134.38,417.99,186.58,371.11,186.58
363.42,133.05,411,133.05,411,186.03,363.42,186.03
354.99,119.3,402.36,119.3,402.36,172.06,354.99,172.06
348.35,118.02,395.33,118.02,395.33,170.34,348.35,170.34
346.03,117.81,393.19,117.81,393.19,170.32,346.03,170.32
352.4,134.48,399.92,134.48,399.92,187.39,352.4,187.39
352.46,130.81,400.37,130.81,400.37,184.17,352.46,184.17
347.95,113.1,395.61,113.1,395.61,166.17,347.95,166.17
348.08,112.78,395.31,112.78,395.31,165.38,348.08,165.38
348.56,112.9,395.44,112.9,395.44,165.1,348.56,165.1
352.37,113.7,399.21,113.7,399.21,165.87,352.37,165.87
331.85,92.08,378.15,92.08,378.15,143.65,331.85,143.65
330.55,86.521,376.57,86.521,376.57,137.76,330.55,137.76
333.99,91.022,379.07,91.022,379.07,141.23,333.99,141.23
332.06,90.022,377.4,90.022,377.4,140.52,332.06,140.52
332.4,93.784,377.6,93.784,377.6,144.13,332.4,144.13
307.27,96.171,352.37,96.171,352.37,146.39,307.27,146.39
328.85,93.346,373.34,93.346,373.34,142.89,328.85,142.89
324.3,91.768,369.18,91.768,369.18,141.75,324.3,141.75
320.35,92.751,364.51,92.751,364.51,141.92,320.35,141.92
331.17,92.639,374.59,92.639,374.59,140.99,331.17,140.99
325.31,75.987,368.39,75.987,368.39,123.96,325.31,123.96
321.68,75.146,364.47,75.146,364.47,122.79,321.68,122.79
348.48,65.701,391,65.701,391,113.05,348.48,113.05
345.41,50.845,387.87,50.845,387.87,98.123,345.41,98.123
337.93,50.266,379.97,50.266,379.97,97.082,337.93,97.082
342.18,46.765,383.68,46.765,383.68,92.988,342.18,92.988
357.04,52.103,398.66,52.103,398.66,98.461,357.04,98.461
353.9,52.987,395.62,52.987,395.62,99.451,353.9,99.451
347.4,48.512,389.48,48.512,389.48,95.368,347.4,95.368
361.91,43.552,404.39,43.552,404.39,90.867,361.91,90.867
345.09,49.163,387.55,49.163,387.55,96.444,345.09,96.444
357.82,47.677,400.51,47.677,400.51,95.216,357.82,95.216
346.6,46.984,389.4,46.984,389.4,94.641,346.6,94.641
345,46.837,387.85,46.837,387.85,94.554,345,94.554
344.08,47.419,386.84,47.419,386.84,95.039,344.08,95.039
340,47.136,383.24,47.136,383.24,95.293,340,95.293
356.7,66.242,400.27,66.242,400.27,114.77,356.7,114.77
343.33,46.233,387.29,46.233,387.29,95.19,343.33,95.19
356.72,50.492,400.67,50.492,400.67,99.437,356.72,99.437
354.36,67.81,398.31,67.81,398.31,116.76,354.36,116.76
362.14,63.718,406.23,63.718,406.23,112.82,362.14,112.82
377.57,43.058,421.67,43.058,421.67,92.174,377.57,92.174
349.53,61.763,393.66,61.763,393.66,110.91,349.53,110.91
343.06,45.755,387.23,45.755,387.23,94.943,343.06,94.943
342.87,48.427,387.23,48.427,387.23,97.827,342.87,97.827
344.27,43.577,388.61,43.577,388.61,92.955,344.27,92.955
343.39,46.082,387.79,46.082,387.79,95.529,343.39,95.529
342.28,42.713,386.91,42.713,386.91,92.417,342.28,92.417
343.29,47.53,387.78,47.53,387.78,97.078,343.29,97.078
341.68,50.472,386.56,50.472,386.56,100.44,341.68,100.44
344.53,46.112,389.85,46.112,389.85,96.586,344.53,96.586
338.49,50.802,383.69,50.802,383.69,101.14,338.49,101.14
338.74,47.113,384.07,47.113,384.07,97.591,338.74,97.591
326.69,37.704,371.25,37.704,371.25,87.32,326.69,87.32
344.04,47.574,388.78,47.574,388.78,97.401,344.04,97.401
319.27,39.186,364.19,39.186,364.19,89.214,319.27,89.214
322.91,22.711,367.54,22.711,367.54,72.411,322.91,72.411
341.24,41.548,385.86,41.548,385.86,91.243,341.24,91.243
349.71,58.759,394.21,58.759,394.21,108.32,349.71,108.32
375.65,63.277,420.26,63.277,420.26,112.96,375.65,112.96
387.88,81.617,432.69,81.617,432.69,131.52,387.88,131.52
384.21,77.078,429.12,77.078,429.12,127.09,384.21,127.09
392.22,89.76,437.28,89.76,437.28,139.94,392.22,139.94
375.92,96.904,420.88,96.904,420.88,146.97,375.92,146.97
384.18,92.071,428.99,92.071,428.99,141.98,384.18,141.98
383.29,92.16,428.44,92.16,428.44,142.44,383.29,142.44
396.19,105.71,441.36,105.71,441.36,156.01,396.19,156.01
398.06,111.16,443.42,111.16,443.42,161.68,398.06,161.68
374.35,89.917,419.42,89.917,419.42,140.11,374.35,140.11
360.66,79.208,405.96,79.208,405.96,129.66,360.66,129.66
364.52,77.142,409.69,77.142,409.69,127.44,364.52,127.44
364.62,55.457,409.28,55.457,409.28,105.19,364.62,105.19
350.51,57.156,395.18,57.156,395.18,106.9,350.51,106.9
341.32,49.116,385.98,49.116,385.98,98.852,341.32,98.852
344.18,47.004,388.61,47.004,388.61,96.483,344.18,96.483
344.48,56.626,388.88,56.626,388.88,106.07,344.48,106.07
348.38,48.947,392.63,48.947,392.63,98.222,348.38,98.222
345.28,46.616,389.2,46.616,389.2,95.526,345.28,95.526
348.14,50.029,392.09,50.029,392.09,98.976,348.14,98.976
348.8,48.174,391.85,48.174,391.85,96.123,348.8,96.123
357.29,52.555,400.6,52.555,400.6,100.79,357.29,100.79
365.51,52.121,409.07,52.121,409.07,100.63,365.51,100.63
345.87,47.176,389.4,47.176,389.4,95.654,345.87,95.654
345.28,44.779,388.87,44.779,388.87,93.323,345.28,93.323
342.76,44.758,386.39,44.758,386.39,93.347,342.76,93.347
344.8,44.271,388.5,44.271,388.5,92.937,344.8,92.937
345.24,42.569,389.28,42.569,389.28,91.616,345.24,91.616
344.96,46.464,389.04,46.464,389.04,95.543,344.96,95.543
343.9,45.479,388.23,45.479,388.23,94.845,343.9,94.845
342.77,42.01,387.4,42.01,387.4,91.712,342.77,91.712
345.04,47.196,389.12,47.196,389.12,96.278,345.04,96.278
341.32,50.283,385.23,50.283,385.23,99.182,341.32,99.182
336.12,33.687,379.96,33.687,379.96,82.515,336.12,82.515
296.86,53.388,340.22,53.388,340.22,101.67,296.86,101.67
276.64,56.179,319.86,56.179,319.86,104.31,276.64,104.31
272.39,34.143,314.99,34.143,314.99,81.58,272.39,81.58
272.72,37.417,314.91,37.417,314.91,84.401,272.72,84.401
284.57,64.532,326.44,64.532,326.44,111.16,284.57,111.16
257.23,61.101,299.41,61.101,299.41,108.08,257.23,108.08
280.47,68.254,322.47,68.254,322.47,115.03,280.47,115.03
284.17,63.721,326.27,63.721,326.27,110.6,284.17,110.6
303.12,69.917,344.76,69.917,344.76,116.29,303.12,116.29
287.56,51.882,329.11,51.882,329.11,98.157,287.56,98.157
266.06,57.686,307.92,57.686,307.92,104.3,266.06,104.3
265.65,58.621,308.08,58.621,308.08,105.87,265.65,105.87
280.48,58.375,323.21,58.375,323.21,105.96,280.48,105.96
296.27,45.997,339.02,45.997,339.02,93.611,296.27,93.611
299.37,43.541,341.91,43.541,341.91,90.911,299.37,90.911
297.1,44.629,339.62,44.629,339.62,91.975,297.1,91.975
301.58,35.233,344.05,35.233,344.05,82.529,301.58,82.529
306.28,34.967,348.43,34.967,348.43,81.908,306.28,81.908
302.08,33.57,344.21,33.57,344.21,80.497,302.08,80.497
295.33,49.233,337.52,49.233,337.52,96.212,295.33,96.212
306.32,57.605,348.69,57.605,348.69,104.8,306.32,104.8
315.91,56.972,357.47,56.972,357.47,103.26,315.91,103.26
317,31.331,358.06,31.331,358.06,77.063,317,77.063
303.37,33.105,344.63,33.105,344.63,79.052,303.37,79.052
317.37,31.621,358.18,31.621,358.18,77.065,317.37,77.065
306.38,33.446,347.12,33.446,347.12,78.821,306.38,78.821
318.42,60.182,358.38,60.182,358.38,104.68,318.42,104.68
305.95,50.358,346.16,50.358,346.16,95.135,305.95,95.135
304.15,48.361,344.41,48.361,344.41,93.199,304.15,93.199
307.3,65.165,347.89,65.165,347.89,110.36,307.3,110.36
292.53,49.085,333.22,49.085,333.22,94.393,292.53,94.393
298.98,53.227,339.66,53.227,339.66,98.528,298.98,98.528
299.11,52.874,339.85,52.874,339.85,98.245,299.11,98.245
310.16,60.267,350.97,60.267,350.97,105.72,310.16,105.72
318.43,50.174,358.82,50.174,358.82,95.149,318.43,95.149
313.59,48.851,354.24,48.851,354.24,94.114,313.59,94.114
324.55,24.06,364.96,24.06,364.96,69.06,324.55,69.06
309.37,33.103,350.11,33.103,350.11,78.474,309.37,78.474
306.32,32.606,347.29,32.606,347.29,78.227,306.32,78.227
313.69,49.078,355.03,49.078,355.03,95.117,313.69,95.117
302.27,52.845,343.77,52.845,343.77,99.063,302.27,99.063
310.52,38.662,351.95,38.662,351.95,84.798,310.52,84.798
307.53,35.543,349.3,35.543,349.3,82.064,307.53,82.064
325.95,35.741,367.24,35.741,367.24,81.726,325.95,81.726
332.57,29.794,373.83,29.794,373.83,75.745,332.57,75.745
307.07,32.067,348.49,32.067,348.49,78.194,307.07,78.194
324.7,39.095,365.5,39.095,365.5,84.534,324.7,84.534
313.58,38.165,354.51,38.165,354.51,83.743,313.58,83.743
294.77,46.817,335.69,46.817,335.69,92.385,294.77,92.385
283.76,44.414,324.67,44.414,324.67,89.98,283.76,89.98
292.96,50.516,334.01,50.516,334.01,96.222,292.96,96.222
309.79,44.312,350.96,44.312,350.96,90.159,309.79,90.159
287.49,44.071,328.84,44.071,328.84,90.125,287.49,90.125
302.31,51.438,343.76,51.438,343.76,97.6,302.31,97.6
305.51,44.96,347,44.96,347,91.163,305.51,91.163
311.8,49.333,353.48,49.333,353.48,95.748,311.8,95.748
320.04,58.302,362,58.302,362,105.03,320.04,105.03
346.09,43.884,388.32,43.884,388.32,90.92,346.09,90.92
339.43,48.59,381.92,48.59,381.92,95.912,339.43,95.912
322.96,67.561,365.62,67.561,365.62,115.06,322.96,115.06
298.58,52.255,341.78,52.255,341.78,100.37,298.58,100.37
298.2,52.433,341.51,52.433,341.51,100.66,298.2,100.66
270.91,61.141,314.44,61.141,314.44,109.61,270.91,109.61
252.69,40.809,295.77,40.809,295.77,88.79,252.69,88.79
274.88,49.118,318.05,49.118,318.05,97.191,274.88,97.191
278.62,60.947,321.92,60.947,321.92,109.17,278.62,109.17
284.43,60.22,327.93,60.22,327.93,108.66,284.43,108.66
279.98,51.685,323.56,51.685,323.56,100.21,279.98,100.21
273,47.56,316.28,47.56,316.28,95.756,273,95.756
274.17,47.375,317.33,47.375,317.33,95.437,274.17,95.437
290.61,47.101,333.66,47.101,333.66,95.046,290.61,95.046
284.46,50.987,327.1,50.987,327.1,98.466,284.46,98.466
281.21,59.744,323.74,59.744,323.74,107.11,281.21,107.11
279.64,51.847,321.83,51.847,321.83,98.834,279.64,98.834
252.78,45.389,295.28,45.389,295.28,92.712,252.78,92.712
233.63,56.638,276.27,56.638,276.27,104.13,233.63,104.13
218.75,51.14,261.46,51.14,261.46,98.709,218.75,98.709
212.56,62.721,255.21,62.721,255.21,110.22,212.56,110.22
206.26,62.355,249.09,62.355,249.09,110.06,206.26,110.06
205.17,62.725,248.41,62.725,248.41,110.88,205.17,110.88
204.69,59.293,248.22,59.293,248.22,107.77,204.69,107.77
201.02,60.25,244.61,60.25,244.61,108.8,201.02,108.8
195.72,61.996,239.1,61.996,239.1,110.31,195.72,110.31
202.6,62.421,245.74,62.421,245.74,110.47,202.6,110.47
202.54,60.273,245.8,60.273,245.8,108.44,202.54,108.44
207.43,60.314,250.97,60.314,250.97,108.81,207.43,108.81
199.83,60.981,243.37,60.981,243.37,109.47,199.83,109.47
207.15,62.874,251.15,62.874,251.15,111.88,207.15,111.88
204.7,55.807,248.63,55.807,248.63,104.74,204.7,104.74
224.06,60.478,268.11,60.478,268.11,109.53,224.06,109.53
220.68,47.767,264.92,47.767,264.92,97.031,220.68,97.031
223.77,59.098,268.22,59.098,268.22,108.6,223.77,108.6
199.44,58.177,243.87,58.177,243.87,107.66,199.44,107.66
208.75,64.127,253.25,64.127,253.25,113.68,208.75,113.68
208.53,56.86,253.22,56.86,253.22,106.62,208.53,106.62
219.06,48.709,263.81,48.709,263.81,98.548,219.06,98.548
242.15,56.772,287.03,56.772,287.03,106.75,242.15,106.75
222.77,54.567,267.62,54.567,267.62,104.52,222.77,104.52
215.1,55.977,260.2,55.977,260.2,106.2,215.1,106.2
219.42,61.014,264.56,61.014,264.56,111.28,219.42,111.28
233.33,56.903,278.37,56.903,278.37,107.06,233.33,107.06
220.98,55.878,265.67,55.878,265.67,105.65,220.98,105.65
207.76,61.755,252.5,61.755,252.5,111.58,207.76,111.58
227.54,49.367,272.26,49.367,272.26,99.163,227.54,99.163
262.03,57.724,306.86,57.724,306.86,107.64,262.03,107.64
257.42,56.814,302.36,56.814,302.36,106.86,257.42,106.86
254.01,55.706,299.18,55.706,299.18,106.01,254.01,106.01
272.16,34.932,317.44,34.932,317.44,85.355,272.16,85.355
248.56,56.707,293.9,56.707,293.9,107.2,248.56,107.2
238.43,57.145,284.11,57.145,284.11,108.01,238.43,108.01
223.49,61.408,269.23,61.408,269.23,112.34,223.49,112.34
202.07,61.381,247.8,61.381,247.8,112.3,202.07,112.3
203.29,59.836,248.93,59.836,248.93,110.66,203.29,110.66
204.12,61.2,249.6,61.2,249.6,111.85,204.12,111.85
214.48,59.588,260.14,59.588,260.14,110.44,214.48,110.44
201.29,62.977,246.84,62.977,246.84,113.7,201.29,113.7
199.29,58.289,244.51,58.289,244.51,108.65,199.29,108.65
198.95,58.88,244.01,58.88,244.01,109.06,198.95,109.06
230.3,60.764,275.45,60.764,275.45,111.05,230.3,111.05
244.01,54.752,289.19,54.752,289.19,105.07,244.01,105.07
215.72,58.702,261.3,58.702,261.3,109.45,215.72,109.45
231.18,60.924,276.77,60.924,276.77,111.7,231.18,111.7
242.74,56.437,288.08,56.437,288.08,106.93,242.74,106.93
236.25,55.122,281.52,55.122,281.52,105.54,236.25,105.54
256.62,58.635,302.02,58.635,302.02,109.19,256.62,109.19
253.37,57.62,298.79,57.62,298.79,108.2,253.37,108.2
251.97,58.972,297.39,58.972,297.39,109.54,251.97,109.54
231.63,62.58,276.95,62.58,276.95,113.05,231.63,113.05
231.84,54.554,277.13,54.554,277.13,104.99,231.84,104.99
222.7,47.45,267.9,47.45,267.9,97.787,222.7,97.787
251.67,58.634,296.96,58.634,296.96,109.07,251.67,109.07
251.86,56.454,297.14,56.454,297.14,106.88,251.86,106.88
241.78,57.271,287.25,57.271,287.25,107.91,241.78,107.91
237.83,53.044,283.15,53.044,283.15,103.52,237.83,103.52
221.39,57.65,266.98,57.65,266.98,108.42,221.39,108.42
245.78,62.217,291.49,62.217,291.49,113.12,245.78,113.12
255.52,57.422,301.26,57.422,301.26,108.36,255.52,108.36
266.99,55.863,313.03,55.863,313.03,107.14,266.99,107.14
271.35,54.12,317.36,54.12,317.36,105.36,271.35,105.36
274.54,54.298,320.47,54.298,320.47,105.44,274.54,105.44
286.7,54.04,332.46,54.04,332.46,105,286.7,105
261.95,55.439,307.91,55.439,307.91,106.62,261.95,106.62
243.86,55.475,290.04,55.475,290.04,106.9,243.86,106.9
271.95,54.923,318.18,54.923,318.18,106.41,271.95,106.41
250.67,56.837,296.92,56.837,296.92,108.35,250.67,108.35
256.19,55.283,302.36,55.283,302.36,106.7,256.19,106.7
257.08,55.292,303.33,55.292,303.33,106.8,257.08,106.8
257.76,57.686,304.24,57.686,304.24,109.45,257.76,109.45
265.88,54.408,312.23,54.408,312.23,106.02,265.88,106.02
258.67,36.955,304.74,36.955,304.74,88.258,258.67,88.258
270.78,48.936,317.06,48.936,317.06,100.48,270.78,100.48
259.16,56.344,305.59,56.344,305.59,108.05,259.16,108.05
273.5,53.211,319.93,53.211,319.93,104.92,273.5,104.92
250.26,57.2,296.68,57.2,296.68,108.89,250.26,108.89
237.75,52.156,284.12,52.156,284.12,103.79,237.75,103.79
228.63,55.832,275.21,55.832,275.21,107.7,228.63,107.7
239.49,56.013,285.99,56.013,285.99,107.8,239.49,107.8
240.2,56.531,286.76,56.531,286.76,108.38,240.2,108.38
244.53,47.895,291.39,47.895,291.39,100.08,244.53,100.08
245.72,56.325,292.5,56.325,292.5,108.42,245.72,108.42
231.26,56.813,278.3,56.813,278.3,109.19,231.26,109.19
241.51,54.121,288.24,54.121,288.24,106.15,241.51,106.15
227.54,54.432,274.4,54.432,274.4,106.62,227.54,106.62
244.03,56.702,291.02,56.702,291.02,109.03,244.03,109.03
243.09,54.242,290.03,54.242,290.03,106.51,243.09,106.51
246.5,58.359,293.54,58.359,293.54,110.75,246.5,110.75
252.53,55.953,299.54,55.953,299.54,108.3,252.53,108.3
266.39,48.037,313.7,48.037,313.7,100.73,266.39,100.73
256.19,59.309,303.53,59.309,303.53,112.02,256.19,112.02
244.14,55.893,291.31,55.893,291.31,108.42,244.14,108.42
249.96,47.052,297.1,47.052,297.1,99.549,249.96,99.549
224.64,53.312,271.54,53.312,271.54,105.54,224.64,105.54
244.53,55.467,291.62,55.467,291.62,107.91,244.53,107.91
257.51,60.726,304.5,60.726,304.5,113.05,257.51,113.05
272.43,38.998,319.2,38.998,319.2,91.077,272.43,91.077
243.5,54.609,290.23,54.609,290.23,106.65,243.5,106.65
252.46,55.686,298.99,55.686,298.99,107.5,252.46,107.5
252.22,56.44,298.76,56.44,298.76,108.27,252.22,108.27
218.31,60.172,264.73,60.172,264.73,111.86,218.31,111.86
202.97,60.293,249.31,60.293,249.31,111.9,202.97,111.9
196.81,60.987,242.61,60.987,242.61,111.99,196.81,111.99
204.62,63.319,250.39,63.319,250.39,114.29,204.62,114.29
199.9,57.231,245.8,57.231,245.8,108.34,199.9,108.34
199.99,61.107,245.96,61.107,245.96,112.3,199.99,112.3
217.68,61.141,263.35,61.141,263.35,112,217.68,112
219.7,59.431,265.38,59.431,265.38,110.31,219.7,110.31
247.13,59.292,292.82,59.292,292.82,110.17,247.13,110.17
229.67,60.802,275.37,60.802,275.37,111.7,229.67,111.7
222.63,58.649,268.49,58.649,268.49,109.72,222.63,109.72
207.54,60.269,253.54,60.269,253.54,111.49,207.54,111.49
216.79,50.599,262.66,50.599,262.66,101.68,216.79,101.68
222.3,59.485,268.17,59.485,268.17,110.56,222.3,110.56
240.99,55.842,286.95,55.842,286.95,107.03,240.99,107.03
254.12,55.784,300.44,55.784,300.44,107.37,254.12,107.37
216.73,57.401,262.91,57.401,262.91,108.84,216.73,108.84
209.11,61.358,255.37,61.358,255.37,112.88,209.11,112.88
196.19,56.096,242,56.096,242,107.11,196.19,107.11
212.4,57.783,258.28,57.783,258.28,108.88,212.4,108.88
201.63,58.148,247.37,58.148,247.37,109.08,201.63,109.08
217.53,54.336,263.24,54.336,263.24,105.24,217.53,105.24
222.05,51.926,267.46,51.926,267.46,102.5,222.05,102.5
210.01,56.53,255.39,56.53,255.39,107.06,210.01,107.06
205.9,58.936,251.48,58.936,251.48,109.7,205.9,109.7
215.69,61.083,261.37,61.083,261.37,111.95,215.69,111.95
223.4,59.94,269.35,59.94,269.35,111.11,223.4,111.11
239.87,52.853,285.58,52.853,285.58,103.76,239.87,103.76
245.05,47.672,291,47.672,291,98.843,245.05,98.843
225.3,45.802,271.58,45.802,271.58,97.341,225.3,97.341
216.6,58.579,262.86,58.579,262.86,110.09,216.6,110.09
206.56,58.273,253.08,58.273,253.08,110.08,206.56,110.08
219.48,59.936,266.09,59.936,266.09,111.85,219.48,111.85
204.28,63.666,250.79,63.666,250.79,115.46,204.28,115.46
192.6,64.273,238.97,64.273,238.97,115.91,192.6,115.91
162.29,46.426,208.39,46.426,208.39,97.768,162.29,97.768
148.19,34.9,194.22,34.9,194.22,86.163,148.19,86.163
148.34,34.957,194.39,34.957,194.39,86.246,148.34,86.246
145.46,35.424,190.91,35.424,190.91,86.042,145.46,86.042
145.48,35.025,190.44,35.025,190.44,85.094,145.48,85.094
130.93,37.861,175.87,37.861,175.87,87.904,130.93,87.904
146.38,35.373,191.1,35.373,191.1,85.176,146.38,85.176
147.46,35.907,192.24,35.907,192.24,85.772,147.46,85.772
155.27,-16.355,200.06,-16.355,200.06,33.524,155.27,33.524
155.29,-5.4857,199.7,-5.4857,199.7,43.966,155.29,43.966
154.86,-14.237,198.96,-14.237,198.96,34.869,154.86,34.869
136.8,-19.217,180.74,-19.217,180.74,29.716,136.8,29.716
145.82,-15.52,189.83,-15.52,189.83,33.491,145.82,33.491
159.64,-21.288,203.62,-21.288,203.62,27.692,159.64,27.692
152.66,-18.25,196.63,-18.25,196.63,30.723,152.66,30.723
161.13,-20.717,204.77,-20.717,204.77,27.89,161.13,27.89
155.59,-18.601,199.36,-18.601,199.36,30.148,155.59,30.148
150.01,-14.555,193.46,-14.555,193.46,33.833,150.01,33.833
151.98,-19.332,195.27,-19.332,195.27,28.878,151.98,28.878
143.97,-13.501,187.12,-13.501,187.12,34.551,143.97,34.551
145.03,-19.164,187.91,-19.164,187.91,28.591,145.03,28.591
163.77,-16.661,206.83,-16.661,206.83,31.289,163.77,31.289
168.63,-21.498,211.79,-21.498,211.79,26.562,168.63,26.562
150.74,-19.001,194.13,-19.001,194.13,29.314,150.74,29.314
146.84,-17.157,189.88,-17.157,189.88,30.774,146.84,30.774
134.02,-16.183,177.3,-16.183,177.3,32.008,134.02,32.008
128.76,-14.186,171.72,-14.186,171.72,33.649,128.76,33.649
149.41,-20.791,192.37,-20.791,192.37,27.056,149.41,27.056
150.32,-21.08,193.55,-21.08,193.55,27.055,150.32,27.055
137.84,-19.644,180.95,-19.644,180.95,28.359,137.84,28.359
164.88,-19.746,207.9,-19.746,207.9,28.164,164.88,28.164
