415.5,100.5,434.5,100.5,434.5,148.5,415.5,148.5
414.67,100.66,433.53,100.66,433.53,148.29,414.67,148.29
414.65,101.04,433.4,101.04,433.4,148.41,414.65,148.41
413.91,101.46,432.41,101.46,432.41,148.21,413.91,148.21
413.12,102.28,431.42,102.28,431.42,148.51,413.12,148.51
409.57,101.88,427.71,101.88,427.71,147.72,409.57,147.72
406.65,101.51,425.33,101.51,425.33,148.7,406.65,148.7
405.24,101.55,423.78,101.55,423.78,148.4,405.24,148.4
404.54,102.21,422.85,102.21,422.85,148.46,404.54,148.46
403.25,101.73,421.33,101.73,421.33,147.41,403.25,147.41
401.62,102.33,419.49,102.33,419.49,147.47,401.62,147.47
400.05,101.44,418.29,101.44,418.29,147.51,400.05,147.51
398.63,101.79,416.96,101.79,416.96,148.1,398.63,148.1
397.21,101.83,415.43,101.83,415.43,147.87,397.21,147.87
395.67,102.28,413.84,102.28,413.84,148.19,395.67,148.19
393.55,102.16,411.65,102.16,411.65,147.87,393.55,147.87
392.73,102.27,410.58,102.27,410.58,147.39,392.73,147.39
390.95,102.48,408.84,102.48,408.84,147.7,390.95,147.7
390.51,102.49,408.45,102.49,408.45,147.79,390.51,147.79
389.72,103.52,407.55,103.52,407.55,148.57,389.72,148.57
388.12,102.44,405.98,102.44,405.98,147.58,388.12,147.58
386.85,102.3,404.61,102.3,404.61,147.16,386.85,147.16
385.67,103.1,403.53,103.1,403.53,148.21,385.67,148.21
383.74,102.79,401.71,102.79,401.71,148.17,383.74,148.17
382.05,102.88,400.11,102.88,400.11,148.51,382.05,148.51
380.1,102.53,398.11,102.53,398.11,148.03,380.1,148.03
379.13,102.01,397.13,102.01,397.13,147.5,379.13,147.5
377.35,102.99,395.24,102.99,395.24,148.19,377.35,148.19
375.7,102.2,393.85,102.2,393.85,148.04,375.7,148.04
374.75,102.4,392.92,102.4,392.92,148.3,374.75,148.3
372.75,102.12,390.9,102.12,390.9,147.98,372.75,147.98
371.23,102.34,389.28,102.34,389.28,147.93,371.23,147.93
370.5,102.65,388.61,102.65,388.61,148.39,370.5,148.39
367.84,102.38,385.95,102.38,385.95,148.15,367.84,148.15
366.34,102.71,384.35,102.71,384.35,148.2,366.34,148.2
365.62,103.29,383.76,103.29,383.76,149.11,365.62,149.11
363.96,103.12,382.05,103.12,382.05,148.83,363.96,148.83
356.8,103.15,374.89,103.15,374.89,148.85,356.8,148.85
352.61,103.02,370.62,103.02,370.62,148.5,352.61,148.5
351.15,103.31,369.1,103.31,369.1,148.66,351.15,148.66
350.34,103.32,368.32,103.32,368.32,148.74,350.34,148.74
347.99,102.94,366.06,102.94,366.06,148.58,347.99,148.58
347.15,102.99,365.14,102.99,365.14,148.46,347.15,148.46
345.69,103.6,363.7,103.6,363.7,149.1,345.69,149.1
345.28,103.69,363.27,103.69,363.27,149.15,345.28,149.15
342.75,103.49,360.86,103.49,360.86,149.24,342.75,149.24
340.37,103.33,358.44,103.33,358.44,148.96,340.37,148.96
337.2,104.05,355.25,104.05,355.25,149.65,337.2,149.65
336.68,103.86,354.74,103.86,354.74,149.49,336.68,149.49
334.97,103.9,353.1,103.9,353.1,149.69,334.97,149.69
333.13,103.37,351.32,103.37,351.32,149.33,333.13,149.33
332.33,103.79,350.48,103.79,350.48,149.64,332.33,149.64
329.82,104.06,348.08,104.06,348.08,150.18,329.82,150.18
328.27,103.99,346.46,103.99,346.46,149.94,328.27,149.94
326.12,103.81,344.17,103.81,344.17,149.4,326.12,149.4
320.55,104.19,338.45,104.19,338.45,149.42,320.55,149.42
318.41,104.06,336.09,104.06,336.09,148.72,318.41,148.72
316.99,104.58,334.69,104.58,334.69,149.28,316.99,149.28
315.28,105.34,333.14,105.34,333.14,150.45,315.28,150.45
313.8,104.38,331.71,104.38,331.71,149.61,313.8,149.61
312.25,104.39,330.31,104.39,330.31,150,312.25,150
311.99,104.9,330.16,104.9,330.16,150.79,311.99,150.79
311.39,104.31,329.59,104.31,329.59,150.27,311.39,150.27
310,104.7,328.02,104.7,328.02,150.22,310,150.22
309.06,104.47,326.95,104.47,326.95,149.68,309.06,149.68
306,104.28,323.86,104.28,323.86,149.4,306,149.4
304.06,104.32,321.81,104.32,321.81,149.15,304.06,149.15
303.26,104.81,321.01,104.81,321.01,149.66,303.26,149.66
301.98,104.39,319.7,104.39,319.7,149.15,301.98,149.15
300.4,104.62,318.2,104.62,318.2,149.59,300.4,149.59
299.02,104.39,316.73,104.39,316.73,149.14,299.02,149.14
298.69,104.84,316.37,104.84,316.37,149.51,298.69,149.51
297.09,104.49,314.71,104.49,314.71,148.99,297.09,148.99
294.07,104.84,311.78,104.84,311.78,149.57,294.07,149.57
293.41,105.3,311.11,105.3,311.11,150.02,293.41,150.02
292.47,105.27,310.26,105.27,310.26,150.21,292.47,150.21
291.03,104.47,308.96,104.47,308.96,149.76,291.03,149.76
290.08,105.16,308.02,105.16,308.02,150.48,290.08,150.48
289.59,105.29,307.52,105.29,307.52,150.59,289.59,150.59
288.15,104.98,306.09,104.98,306.09,150.29,288.15,150.29
286.43,105.44,304.37,105.44,304.37,150.76,286.43,150.76
283.67,105.66,301.66,105.66,301.66,151.11,283.67,151.11
281.94,105.41,299.96,105.41,299.96,150.93,281.94,150.93
281.28,105.78,299.27,105.78,299.27,151.23,281.28,151.23
279.9,105.94,297.93,105.94,297.93,151.5,279.9,151.5
278.82,105.39,296.89,105.39,296.89,151.02,278.82,151.02
276.92,105.31,294.84,105.31,294.84,150.58,276.92,150.58
275.55,105.83,293.46,105.83,293.46,151.07,275.55,151.07
267.13,105.25,285.16,105.25,285.16,150.82,267.13,150.82
264.41,105.46,282.52,105.46,282.52,151.22,264.41,151.22
263.4,104.99,281.48,104.99,281.48,150.66,263.4,150.66
262.38,105.29,280.46,105.29,280.46,150.98,262.38,150.98
259.07,105.5,277.24,105.5,277.24,151.41,259.07,151.41
257.69,105.63,275.84,105.63,275.84,151.5,257.69,151.5
257.31,105.53,275.44,105.53,275.44,151.32,257.31,151.32
255.61,105.45,273.68,105.45,273.68,151.11,255.61,151.11
247.54,105.9,265.47,105.9,265.47,151.19,247.54,151.19
245.63,106.38,263.66,106.38,263.66,151.93,245.63,151.93
243.62,106.03,261.66,106.03,261.66,151.62,243.62,151.62
243.13,106.7,261.14,106.7,261.14,152.19,243.13,152.19
241.88,105.95,259.93,105.95,259.93,151.53,241.88,151.53
239.38,106.2,257.47,106.2,257.47,151.88,239.38,151.88
236.06,106.17,254.04,106.17,254.04,151.59,236.06,151.59
233.24,106.46,251.21,106.46,251.21,151.86,233.24,151.86
244.21,100.31,261.97,100.31,261.97,145.2,244.21,145.2
244.06,100.33,261.96,100.33,261.96,145.55,244.06,145.55
243.97,99.683,261.89,99.683,261.89,144.97,243.97,144.97
244.92,99.194,262.95,99.194,262.95,144.73,244.92,144.73
243.59,98.703,261.75,98.703,261.75,144.59,243.59,144.59
243,98.462,261.25,98.462,261.25,144.59,243,144.59
214.58,107.14,232.9,107.14,232.9,153.42,214.58,153.42
212.21,107.47,230.47,107.47,230.47,153.61,212.21,153.61
210.17,107.22,228.41,107.22,228.41,153.3,210.17,153.3
208.57,107.41,226.81,107.41,226.81,153.49,208.57,153.49
207.68,106.76,225.95,106.76,225.95,152.91,207.68,152.91
204.86,107.43,223.11,107.43,223.11,153.53,204.86,153.53
204.12,107.26,222.41,107.26,222.41,153.47,204.12,153.47
201.91,107.28,220.22,107.28,220.22,153.54,201.91,153.54
201.24,107.19,219.43,107.19,219.43,153.16,201.24,153.16
198.86,107.23,217.08,107.23,217.08,153.26,198.86,153.26
198.34,107.49,216.55,107.49,216.55,153.51,198.34,153.51
196.76,107.41,214.98,107.41,214.98,153.44,196.76,153.44
195.79,107.59,214,107.59,214,153.61,195.79,153.61
194.18,107.56,212.44,107.56,212.44,153.69,194.18,153.69
192.45,107.41,210.74,107.41,210.74,153.63,192.45,153.63
191.83,107.43,210.2,107.43,210.2,153.82,191.83,153.82
189.31,106.05,207.41,106.05,207.41,151.76,189.31,151.76
188.05,107.2,206.08,107.2,206.08,152.75,188.05,152.75
187.4,107.76,205.46,107.76,205.46,153.38,187.4,153.38
185.05,107.13,203.04,107.13,203.04,152.59,185.05,152.59
183.97,107.86,202.06,107.86,202.06,153.55,183.97,153.55
182.85,107.27,200.99,107.27,200.99,153.09,182.85,153.09
181.09,107.33,199.29,107.33,199.29,153.32,181.09,153.32
179.75,107.9,197.96,107.9,197.96,153.91,179.75,153.91
178.23,107.4,196.41,107.4,196.41,153.35,178.23,153.35
176.55,107.35,194.72,107.35,194.72,153.26,176.55,153.26
174.82,107.8,192.96,107.8,192.96,153.61,174.82,153.61
173.5,108.06,191.56,108.06,191.56,153.7,173.5,153.7
173.37,107.53,191.52,107.53,191.52,153.39,173.37,153.39
171.49,107.05,189.59,107.05,189.59,152.76,171.49,152.76
170.97,107.15,189.14,107.15,189.14,153.05,170.97,153.05
168.77,107.08,187.01,107.08,187.01,153.14,168.77,153.14
168.04,107.59,186.27,107.59,186.27,153.64,168.04,153.64
166.03,107.93,184.16,107.93,184.16,153.75,166.03,153.75
164.4,107.81,182.49,107.81,182.49,153.5,164.4,153.5
162.16,108.14,180.22,108.14,180.22,153.78,162.16,153.78
160.91,107.87,179.01,107.87,179.01,153.59,160.91,153.59
159.65,107.46,177.71,107.46,177.71,153.07,159.65,153.07
158.77,107.87,176.84,107.87,176.84,153.51,158.77,153.51
157.64,107.61,175.74,107.61,175.74,153.34,157.64,153.34
156.65,107.58,174.7,107.58,174.7,153.16,156.65,153.16
155.31,108.1,173.45,108.1,173.45,153.92,155.31,153.92
154.17,107.7,172.27,107.7,172.27,153.43,154.17,153.43
152.81,108.01,171.09,108.01,171.09,154.19,152.81,154.19
151.59,108.8,169.91,108.8,169.91,155.07,151.59,155.07
150.76,108.76,169.33,108.76,169.33,155.67,150.76,155.67
148.17,108.88,166.89,108.88,166.89,156.17,148.17,156.17
147.67,108.25,166.29,108.25,166.29,155.3,147.67,155.3
146.76,108.66,165.66,108.66,165.66,156.41,146.76,156.41
143.9,108.25,162.67,108.25,162.67,155.67,143.9,155.67
142.62,108.09,161.57,108.09,161.57,155.95,142.62,155.95
140.42,107.56,159.15,107.56,159.15,154.87,140.42,154.87
139.61,107.91,158.13,107.91,158.13,154.72,139.61,154.72
138.22,108.61,156.66,108.61,156.66,155.2,138.22,155.2
137.56,108.35,155.94,108.35,155.94,154.8,137.56,154.8
136.04,108.69,154.37,108.69,154.37,155,136.04,155
136.04,108.75,154.39,108.75,154.39,155.1,136.04,155.1
133.81,108.77,152.1,108.77,152.1,154.97,133.81,154.97
132.86,108.93,151.27,108.93,151.27,155.43,132.86,155.43
130.82,109.15,149.17,109.15,149.17,155.53,130.82,155.53
130.66,109.21,149.05,109.21,149.05,155.66,130.66,155.66
130.12,108.69,148.66,108.69,148.66,155.51,130.12,155.51
129.2,108.61,147.75,108.61,147.75,155.47,129.2,155.47
128.25,108.91,147.04,108.91,147.04,156.38,128.25,156.38
126.51,108.78,145.21,108.78,145.21,156.02,126.51,156.02
124.05,108,142.61,108,142.61,154.89,124.05,154.89
145.94,99.435,164.43,99.435,164.43,146.14,145.94,146.14
122.91,108.37,141.62,108.37,141.62,155.64,122.91,155.64
119.46,108.02,137.91,108.02,137.91,154.63,119.46,154.63
118.74,108.66,137.06,108.66,137.06,154.93,118.74,154.93
118.3,109.15,136.55,109.15,136.55,155.25,118.3,155.25
117.08,108.56,135.24,108.56,135.24,154.44,117.08,154.44
115.56,108.62,133.71,108.62,133.71,154.47,115.56,154.47
95.857,105.79,113.92,105.79,113.92,151.42,95.857,151.42
93.174,104.49,111.16,104.49,111.16,149.92,93.174,149.92
93.424,106.55,111.42,106.55,111.42,152,93.424,152
92.145,105.93,110.05,105.93,110.05,151.16,92.145,151.16
111.81,107.07,129.63,107.07,129.63,152.09,111.81,152.09
112.02,108.32,129.75,108.32,129.75,153.12,112.02,153.12
111.81,108.6,129.45,108.6,129.45,153.16,111.81,153.16
111.39,108.47,129.13,108.47,129.13,153.29,111.39,153.29
109.68,108.59,127.47,108.59,127.47,153.52,109.68,153.52
109.25,108.55,127,108.55,127,153.4,109.25,153.4
107.55,109.54,125.38,109.54,125.38,154.58,107.55,154.58
106.17,108.53,124.03,108.53,124.03,153.66,106.17,153.66
105.09,107.86,122.89,107.86,122.89,152.85,105.09,152.85
104.88,107.61,122.75,107.61,122.75,152.75,104.88,152.75
102.73,107.86,120.62,107.86,120.62,153.06,102.73,153.06
102.91,107.35,120.86,107.35,120.86,152.68,102.91,152.68
102.78,108.13,120.68,108.13,120.68,153.35,102.78,153.35
102.85,107.25,120.74,107.25,120.74,152.45,102.85,152.45
102.23,107.49,120.15,107.49,120.15,152.75,102.23,152.75
102.11,107.77,120.12,107.77,120.12,153.25,102.11,153.25
101.49,107.79,119.5,107.79,119.5,153.28,101.49,153.28
100.99,107.01,118.95,107.01,118.95,152.38,100.99,152.38
100.31,107.25,118.39,107.25,118.39,152.92,100.31,152.92
97.741,106.69,115.77,106.69,115.77,152.24,97.741,152.24
97.432,107.22,115.45,107.22,115.45,152.74,97.432,152.74
97.283,107.14,115.25,107.14,115.25,152.53,97.283,152.53
94.986,107.59,112.9,107.59,112.9,152.86,94.986,152.86
95.11,107.31,113.07,107.31,113.07,152.69,95.11,152.69
93.76,107.25,111.74,107.25,111.74,152.67,93.76,152.67
91.912,106.46,109.87,106.46,109.87,151.84,91.912,151.84
91.864,106.41,109.86,106.41,109.86,151.88,91.864,151.88
91.193,106.16,109.13,106.16,109.13,151.48,91.193,151.48
90.273,106.27,108.16,106.27,108.16,151.45,90.273,151.45
89.301,106.14,107.21,106.14,107.21,151.38,89.301,151.38
89.358,106.26,107.22,106.26,107.22,151.38,89.358,151.38
88.587,105.51,106.31,105.51,106.31,150.29,88.587,150.29
88.949,105.64,106.66,105.64,106.66,150.39,88.949,150.39
88.253,106.07,106.04,106.07,106.04,150.99,88.253,150.99
88.097,104.53,105.95,104.53,105.95,149.62,88.097,149.62
87.767,104.98,105.5,104.98,105.5,149.78,87.767,149.78
86.707,105.05,104.26,105.05,104.26,149.4,86.707,149.4
63.771,105.02,81.095,105.02,81.095,148.79,63.771,148.79
57.983,104.88,75.509,104.88,75.509,149.15,57.983,149.15
56.559,104.37,74.13,104.37,74.13,148.76,56.559,148.76
55.41,104.5,73.011,104.5,73.011,148.97,55.41,148.97
53.757,104.95,71.436,104.95,71.436,149.61,53.757,149.61
52.721,104.44,70.349,104.44,70.349,148.98,52.721,148.98
50.934,102.75,68.381,102.75,68.381,146.83,50.934,146.83
50.798,102.6,68.135,102.6,68.135,146.4,50.798,146.4
51.924,104.33,69.35,104.33,69.35,148.35,51.924,148.35
51.928,104.7,69.361,104.7,69.361,148.74,51.928,148.74
50.284,104.5,67.747,104.5,67.747,148.61,50.284,148.61
48.083,104.63,65.622,104.63,65.622,148.95,48.083,148.95
46.642,103.89,64.091,103.89,64.091,147.98,46.642,147.98
47.055,104.15,64.549,104.15,64.549,148.35,47.055,148.35
44.678,103.91,61.983,103.91,61.983,147.63,44.678,147.63
43.387,105.16,60.56,105.16,60.56,148.54,43.387,148.54
42.97,105.37,60.308,105.37,60.308,149.17,42.97,149.17
41.425,105.56,58.774,105.56,58.774,149.39,41.425,149.39
40.207,105.28,57.641,105.28,57.641,149.32,40.207,149.32
39.285,104.94,56.689,104.94,56.689,148.9,39.285,148.9
38.789,105.71,56.261,105.71,56.261,149.85,38.789,149.85
38.082,105.9,55.739,105.9,55.739,150.51,38.082,150.51
36.913,105.64,54.479,105.64,54.479,150.01,36.913,150.01
36.677,105.43,54.172,105.43,54.172,149.63,36.677,149.63
35.591,105.55,53.062,105.55,53.062,149.69,35.591,149.69
37.156,106.49,54.754,106.49,54.754,150.95,37.156,150.95
34.666,105.63,52.087,105.63,52.087,149.64,34.666,149.64
36.936,106.12,54.31,106.12,54.31,150.01,36.936,150.01
34.954,106.07,52.397,106.07,52.397,150.13,34.954,150.13
35.109,105.11,52.381,105.11,52.381,148.75,35.109,148.75
33.695,105,50.942,105,50.942,148.57,33.695,148.57
33.37,104.17,50.501,104.17,50.501,147.45,33.37,147.45
27.642,115.19,44.846,115.19,44.846,158.65,27.642,158.65
26.588,115.05,43.749,115.05,43.749,158.41,26.588,158.41
29.682,115.3,46.749,115.3,46.749,158.42,29.682,158.42
14.138,106.62,31.01,106.62,31.01,149.24,14.138,149.24
28.698,105.12,45.571,105.12,45.571,147.75,28.698,147.75
27.204,104.9,44.044,104.9,44.044,147.44,27.204,147.44
22.726,104.28,39.648,104.28,39.648,147.03,22.726,147.03
19.899,103.64,36.691,103.64,36.691,146.06,19.899,146.06
20.357,104.57,37.219,104.57,37.219,147.17,20.357,147.17
8.8541,99.18,25.711,99.18,25.711,141.77,8.8541,141.77
20.284,103.91,37.203,103.91,37.203,146.65,20.284,146.65
44.397,106.1,61.545,106.1,61.545,149.42,44.397,149.42
43.484,106.02,60.798,106.02,60.798,149.76,43.484,149.76
41.958,105.45,59.252,105.45,59.252,149.14,41.958,149.14
41.297,107.55,58.411,107.55,58.411,150.79,41.297,150.79
40.569,106.65,57.744,106.65,57.744,150.04,40.569,150.04
39.915,106.57,57.112,106.57,57.112,150.01,39.915,150.01
39.184,106.15,56.276,106.15,56.276,149.33,39.184,149.33
38.938,106.91,56.091,106.91,56.091,150.24,38.938,150.24
38.022,106.37,55.184,106.37,55.184,149.72,38.022,149.72
36.416,105.75,53.575,105.75,53.575,149.09,36.416,149.09
35.964,105.86,53.124,105.86,53.124,149.21,35.964,149.21
34.692,105.38,51.727,105.38,51.727,148.41,34.692,148.41
31.857,105.53,48.924,105.53,48.924,148.64,31.857,148.64
31.904,105.96,48.889,105.96,48.889,148.87,31.904,148.87
31.76,105.58,48.784,105.58,48.784,148.58,31.76,148.58
29.996,105.27,46.891,105.27,46.891,147.96,29.996,147.96
30.139,105.98,46.912,105.98,46.912,148.36,30.139,148.36
29.739,105.26,46.487,105.26,46.487,147.57,29.739,147.57
27.979,103.98,44.798,103.98,44.798,146.47,27.979,146.47
