91.5,90.5,136.5,90.5,136.5,188.5,91.5,188.5
91.671,91.237,136.23,91.237,136.23,188.29,91.671,188.29
91.889,91.244,136.79,91.244,136.79,189.04,91.889,189.04
91.847,91.163,136.64,91.163,136.64,188.72,91.847,188.72
91.692,91.027,136,91.027,136,187.52,91.692,187.52
91.89,90.799,136.58,90.799,136.58,188.13,91.89,188.13
91.579,90.747,135.91,90.747,135.91,187.3,91.579,187.3
91.907,90.922,136.46,90.922,136.46,187.95,91.907,187.95
91.79,90.702,136.64,90.702,136.64,188.37,91.79,188.37
91.89,91.471,136.47,91.471,136.47,188.56,91.89,188.56
91.882,91.478,136.54,91.478,136.54,188.74,91.882,188.74
91.872,91.327,136.5,91.327,136.5,188.52,91.872,188.52
91.951,91.316,136.42,91.316,136.42,188.16,91.951,188.16
91.675,90.968,135.78,90.968,135.78,187.01,91.675,187.01
91.693,90.784,135.83,90.784,135.83,186.91,91.693,186.91
91.732,90.763,135.99,90.763,135.99,187.15,91.732,187.15
92.008,90.8,136.66,90.8,136.66,188.04,92.008,188.04
91.992,90.907,136.76,90.907,136.76,188.39,91.992,188.39
91.528,90.571,136.54,90.571,136.54,188.6,91.528,188.6
91.569,90.746,136.5,90.746,136.5,188.6,91.569,188.6
92.111,91.068,137.01,91.068,137.01,188.85,92.111,188.85
92.197,90.927,137.06,90.927,137.06,188.64,92.197,188.64
92.231,90.746,137.13,90.746,137.13,188.53,92.231,188.53
92.105,90.572,137.01,90.572,137.01,188.36,92.105,188.36
92.172,90.336,137.14,90.336,137.14,188.28,92.172,188.28
92.018,90.369,137.07,90.369,137.07,188.48,92.018,188.48
91.883,90.151,136.93,90.151,136.93,188.26,91.883,188.26
91.611,90.004,136.86,90.004,136.86,188.54,91.611,188.54
92.164,90.482,137.44,90.482,137.44,189.08,92.164,189.08
92.172,90.278,137.71,90.278,137.71,189.45,92.172,189.45
92.29,90.209,137.73,90.209,137.73,189.18,92.29,189.18
91.865,89.489,137.38,89.489,137.38,188.62,91.865,188.62
92.086,89.432,137.9,89.432,137.9,189.21,92.086,189.21
92.054,89.311,138.07,89.311,138.07,189.52,92.054,189.52
91.613,89.193,137.49,89.193,137.49,189.1,91.613,189.1
92.122,89.46,138.17,89.46,138.17,189.75,92.122,189.75
91.896,89.9,137.43,89.9,137.43,189.06,91.896,189.06
92.241,89.589,138.3,89.589,138.3,189.89,92.241,189.89
91.781,89.492,137.61,89.492,137.61,189.31,91.781,189.31
92.22,89.427,138.14,89.427,138.14,189.44,92.22,189.44
92.175,89.578,138,89.578,138,189.37,92.175,189.37
92.105,89.33,138.08,89.33,138.08,189.45,92.105,189.45
91.774,89.27,137.47,89.27,137.47,188.79,91.774,188.79
91.961,89.594,137.5,89.594,137.5,188.78,91.961,188.78
92.188,89.58,138.18,89.58,138.18,189.75,92.188,189.75
91.915,89.558,137.73,89.558,137.73,189.32,91.915,189.32
92.281,89.66,138.18,89.66,138.18,189.62,92.281,189.62
92.32,89.813,138.26,89.813,138.26,189.86,92.32,189.86
92.219,89.618,138.21,89.618,138.21,189.78,92.219,189.78
91.935,88.954,137.92,88.954,137.92,189.1,91.935,189.1
91.902,89.125,137.73,89.125,137.73,188.93,91.902,188.93
92.221,89.339,138.22,89.339,138.22,189.5,92.221,189.5
91.961,89.202,137.83,89.202,137.83,189.09,91.961,189.09
92.434,89.509,138.34,89.509,138.34,189.48,92.434,189.48
92.377,89.717,138.31,89.717,138.31,189.75,92.377,189.75
92.332,89.771,138.31,89.771,138.31,189.9,92.332,189.9
91.941,89.282,137.75,89.282,137.75,189.05,91.941,189.05
92.311,89.512,138.15,89.512,138.15,189.34,92.311,189.34
92.336,89.334,138.25,89.334,138.25,189.33,92.336,189.33
92.183,89.309,138.22,89.309,138.22,189.56,92.183,189.56
91.954,89.169,137.79,89.169,137.79,188.99,91.954,188.99
92.272,89.483,138.3,89.483,138.3,189.73,92.272,189.73
92.082,89.649,137.88,89.649,137.88,189.39,92.082,189.39
92.31,89.878,138.48,89.878,138.48,190.43,92.31,190.43
92.402,89.835,138.57,89.835,138.57,190.39,92.402,190.39
92.171,89.567,138.42,89.567,138.42,190.3,92.171,190.3
92.316,89.51,138.58,89.51,138.58,190.27,92.316,190.27
92.296,90.922,138.7,90.922,138.7,191.98,92.296,191.98
92.078,96.916,137.72,96.916,137.72,196.32,92.078,196.32
92.271,102.69,138.03,102.69,138.03,202.33,92.271,202.33
92.563,108.73,138.18,108.73,138.18,208.08,92.563,208.08
92.909,108.84,138.74,108.84,138.74,208.64,92.909,208.64
92.76,108.88,138.69,108.88,138.69,208.9,92.76,208.9
92.846,108.84,138.7,108.84,138.7,208.7,92.846,208.7
92.747,109,138.46,109,138.46,208.55,92.747,208.55
92.28,108.82,137.56,108.82,137.56,207.43,92.28,207.43
92.376,108.46,138.14,108.46,138.14,208.13,92.376,208.13
91.718,107.93,137.43,107.93,137.43,207.49,91.718,207.49
91.771,108.32,137.33,108.32,137.33,207.54,91.771,207.54
92.011,108.74,137.64,108.74,137.64,208.11,92.011,208.11
91.598,108.7,137.17,108.7,137.17,207.94,91.598,207.94
91.864,109,137.46,109,137.46,208.29,91.864,208.29
92.09,109.23,137.71,109.23,137.71,208.57,92.09,208.57
91.77,108.89,137.56,108.89,137.56,208.6,91.77,208.6
91.224,108.08,136.9,108.08,136.9,207.55,91.224,207.55
91.312,107.93,137.2,107.93,137.2,207.88,91.312,207.88
91.582,108.27,137.46,108.27,137.46,208.17,91.582,208.17
91.778,112.72,137.85,112.72,137.85,213.05,91.778,213.05
91.427,118.37,137.48,118.37,137.48,218.67,91.427,218.67
91.222,124.85,137.28,124.85,137.28,225.16,91.222,225.16
91.449,127.15,137.41,127.15,137.41,227.25,91.449,227.25
91.384,127.27,137.39,127.27,137.39,227.46,91.384,227.46
91.085,126.39,137.19,126.39,137.19,226.8,91.085,226.8
91.22,126.34,137.37,126.34,137.37,226.84,91.22,226.84
91.515,126.74,137.7,126.74,137.7,227.32,91.515,227.32
91.231,126.8,137.41,126.8,137.41,227.37,91.231,227.37
91.283,127.08,137.44,127.08,137.44,227.6,91.283,227.6
91.265,127.36,137.25,127.36,137.25,227.5,91.265,227.5
90.584,127.34,136.56,127.34,136.56,227.46,90.584,227.46
90.762,127.48,136.59,127.48,136.59,227.29,90.762,227.29
91.212,127.88,136.94,127.88,136.94,227.47,91.212,227.47
90.838,127.4,136.19,127.4,136.19,226.16,90.838,226.16
90.831,127.61,135.97,127.61,135.97,225.92,90.831,225.92
90.763,127.67,136.17,127.67,136.17,226.55,90.763,226.55
90.763,127.75,135.97,127.75,135.97,226.19,90.763,226.19
91.396,128.17,136.73,128.17,136.73,226.9,91.396,226.9
90.959,128.39,136.1,128.39,136.1,226.69,90.959,226.69
91.039,128.48,136.1,128.48,136.1,226.61,91.039,226.61
91.299,128.4,136.26,128.4,136.26,226.33,91.299,226.33
91.671,128.46,136.66,128.46,136.66,226.44,91.671,226.44
91.321,128.22,136.09,128.22,136.09,225.72,91.321,225.72
94.414,127.37,139.07,127.37,139.07,224.63,94.414,224.63
107.82,126.99,152.92,126.99,152.92,225.2,107.82,225.2
114.73,127.24,159.69,127.24,159.69,225.15,114.73,225.15
124.01,127.46,169.04,127.46,169.04,225.52,124.01,225.52
132.08,126.89,176.94,126.89,176.94,224.59,132.08,224.59
142.49,126.91,187.52,126.91,187.52,224.97,142.49,224.97
149.51,126.22,194.36,126.22,194.36,223.89,149.51,223.89
153.37,126.69,198.21,126.69,198.21,224.35,153.37,224.35
151.44,126.43,196.43,126.43,196.43,224.39,151.44,224.39
152.48,125.7,197.67,125.7,197.67,224.11,152.48,224.11
153,125.72,198.22,125.72,198.22,224.21,153,224.21
165.11,125.43,210.48,125.43,210.48,224.24,165.11,224.24
171.43,125.88,216.77,125.88,216.77,224.62,171.43,224.62
178.44,125.35,223.67,125.35,223.67,223.85,178.44,223.85
176.78,125.97,222.1,125.97,222.1,224.67,176.78,224.67
177.95,125.11,223.28,125.11,223.28,223.83,177.95,223.83
176.99,124.97,222.09,124.97,222.09,223.19,176.99,223.19
177.91,125.31,222.95,125.31,222.95,223.4,177.91,223.4
177.4,125.34,222.33,125.34,222.33,223.19,177.4,223.19
178.43,125.64,223.44,125.64,223.44,223.67,178.43,223.67
178,125.37,223.09,125.37,223.09,223.56,178,223.56
178.7,125.28,223.72,125.28,223.72,223.31,178.7,223.31
189.98,125.13,234.88,125.13,234.88,222.92,189.98,222.92
197.75,124.93,242.81,124.93,242.81,223.07,197.75,223.07
206.58,124.18,251.58,124.18,251.58,222.19,206.58,222.19
208.04,124.52,252.88,124.52,252.88,222.16,208.04,222.16
207.96,124.4,252.8,124.4,252.8,222.05,207.96,222.05
207.85,124.24,252.99,124.24,252.99,222.56,207.85,222.56
207.72,124.33,252.55,124.33,252.55,221.96,207.72,221.96
207.94,125.31,252.51,125.31,252.51,222.38,207.94,222.38
208.51,125.79,253.08,125.79,253.08,222.85,208.51,222.85
208.18,125.46,252.95,125.46,252.95,222.93,208.18,222.93
207.71,125.21,252.33,125.21,252.33,222.37,207.71,222.37
208.11,125.29,252.77,125.29,252.77,222.55,208.11,222.55
207.66,125.13,252.33,125.13,252.33,222.42,207.66,222.42
207.08,124.29,251.85,124.29,251.85,221.8,207.08,221.8
206.91,124.34,251.72,124.34,251.72,221.95,206.91,221.95
206.66,124.76,251.42,124.76,251.42,222.24,206.66,222.24
206.68,124.9,251.32,124.9,251.32,222.13,206.68,222.13
207.15,125.61,252,125.61,252,223.29,207.15,223.29
206.99,125.59,251.77,125.59,251.77,223.11,206.99,223.11
206.68,125.44,251.45,125.44,251.45,222.93,206.68,222.93
206.61,125.58,251.06,125.58,251.06,222.38,206.61,222.38
206.86,125.65,250.94,125.65,250.94,221.65,206.86,221.65
206.87,125.28,251.17,125.28,251.17,221.76,206.87,221.76
207.25,125.61,251.79,125.61,251.79,222.62,207.25,222.62
207.34,125.53,251.97,125.53,251.97,222.73,207.34,222.73
207.57,125.97,252.02,125.97,252.02,222.78,207.57,222.78
207.32,125.89,251.49,125.89,251.49,222.09,207.32,222.09
207.6,126.25,251.83,126.25,251.83,222.59,207.6,222.59
208.36,126.61,252.56,126.61,252.56,222.86,208.36,222.86
208.07,126.41,252.84,126.41,252.84,223.89,208.07,223.89
207.5,126.07,252.06,126.07,252.06,223.13,207.5,223.13
208.11,126.07,253.13,126.07,253.13,224.11,208.11,224.11
207.42,126.05,252.19,126.05,252.19,223.55,207.42,223.55
207.43,125.87,252.59,125.87,252.59,224.2,207.43,224.2
207.81,126.63,252.9,126.63,252.9,224.84,207.81,224.84
207.52,126.58,252.45,126.58,252.45,224.44,207.52,224.44
207.92,127.17,252.73,127.17,252.73,224.75,207.92,224.75
207.22,126.28,252.22,126.28,252.22,224.28,207.22,224.28
207.23,126.31,251.91,126.31,251.91,223.62,207.23,223.62
207.35,126.43,251.82,126.43,251.82,223.28,207.35,223.28
207.09,126.32,251.83,126.32,251.83,223.77,207.09,223.77
207.05,126.4,251.96,126.4,251.96,224.21,207.05,224.21
207.49,126.87,252.37,126.87,252.37,224.61,207.49,224.61
207.35,127.47,252.38,127.47,252.38,225.53,207.35,225.53
207.14,127.34,252.17,127.34,252.17,225.41,207.14,225.41
207.06,127.72,251.98,127.72,251.98,225.54,207.06,225.54
207.44,128.27,252.51,128.27,252.51,226.42,207.44,226.42
207.15,128.08,251.96,128.08,251.96,225.68,207.15,225.68
206.94,128.39,251.42,128.39,251.42,225.24,206.94,225.24
206.6,128.6,251.19,128.6,251.19,225.7,206.6,225.7
206.83,128.77,251.57,128.77,251.57,226.19,206.83,226.19
206.1,128.84,250.7,128.84,250.7,225.97,206.1,225.97
207.66,129.02,252.71,129.02,252.71,227.14,207.66,227.14
207.04,129.39,251.96,129.39,251.96,227.2,207.04,227.2
208.7,129.84,253.67,129.84,253.67,227.78,208.7,227.78
208.85,129.71,254,129.71,254,228.04,208.85,228.04
208.99,129.28,253.72,129.28,253.72,226.7,208.99,226.7
210.05,129.42,254.63,129.42,254.63,226.5,210.05,226.5
210.88,130.19,255.73,130.19,255.73,227.85,210.88,227.85
212.11,130.9,257,130.9,257,228.67,212.11,228.67
213.1,131.07,258.21,131.07,258.21,229.32,213.1,229.32
213.52,130.8,258.69,130.8,258.69,229.17,213.52,229.17
214.71,131.13,260.1,131.13,260.1,229.98,214.71,229.98
214.6,130.63,259.9,130.63,259.9,229.29,214.6,229.29
215.9,130.16,261.52,130.16,261.52,229.49,215.9,229.49
215.68,129.04,261.8,129.04,261.8,229.48,215.68,229.48
215.91,128.72,262.24,128.72,262.24,229.62,215.91,229.62
216.72,128.58,263.11,128.58,263.11,229.6,216.72,229.6
217.14,128.84,263.58,128.84,263.58,229.96,217.14,229.96
217.63,129.26,263.92,129.26,263.92,230.08,217.63,230.08
218.12,129.35,264.74,129.35,264.74,230.87,218.12,230.87
218.19,129.46,264.56,129.46,264.56,230.45,218.19,230.45
218.74,129.33,265.06,129.33,265.06,230.2,218.74,230.2
219.12,128.64,265.62,128.64,265.62,229.9,219.12,229.9
219.3,128.61,265.86,128.61,265.86,230.01,219.3,230.01
219.55,128.71,266.19,128.71,266.19,230.27,219.55,230.27
219.5,128.85,266.12,128.85,266.12,230.36,219.5,230.36
219.53,129.07,266.18,129.07,266.18,230.66,219.53,230.66
219.69,129.36,266.14,129.36,266.14,230.51,219.69,230.51
219.82,129.58,266.53,129.58,266.53,231.3,219.82,231.3
220.01,129.4,266.45,129.4,266.45,230.53,220.01,230.53
220.19,128.91,267.17,128.91,267.17,231.22,220.19,231.22
220.37,127.52,267.44,127.52,267.44,230.04,220.37,230.04
220.44,127.64,267.85,127.64,267.85,230.89,220.44,230.89
220.24,127.88,267.49,127.88,267.49,230.78,220.24,230.78
220.21,128.06,266.91,128.06,266.91,229.76,220.21,229.76
220.08,128.7,266.63,128.7,266.63,230.08,220.08,230.08
219.84,129.38,266.13,129.38,266.13,230.18,219.84,230.18
219.87,129.52,266.17,129.52,266.17,230.34,219.87,230.34
219.7,129.43,266.16,129.43,266.16,230.62,219.7,230.62
219.87,129,266.55,129,266.55,230.66,219.87,230.66
219.86,128.24,266.27,128.24,266.27,229.33,219.86,229.33
219.7,128.61,266.3,128.61,266.3,230.08,219.7,230.08
220,128.72,266.73,128.72,266.73,230.48,220,230.48
220.49,128.59,267.23,128.59,267.23,230.36,220.49,230.36
220.96,128.99,267.63,128.99,267.63,230.64,220.96,230.64
221.72,129.58,268.39,129.58,268.39,231.22,221.72,231.22
222.81,130.06,269.41,130.06,269.41,231.55,222.81,231.55
223.06,129.47,269.61,129.47,269.61,230.86,223.06,230.86
223.86,129.38,270.63,129.38,270.63,231.23,223.86,231.23
224.34,129.63,270.76,129.63,270.76,230.72,224.34,230.72
224.12,129.5,270.49,129.5,270.49,230.5,224.12,230.5
225.04,129.71,270.83,129.71,270.83,229.44,225.04,229.44
225.39,130.04,271.44,130.04,271.44,230.35,225.39,230.35
225.54,130.38,271.34,130.38,271.34,230.13,225.54,230.13
226.82,131.3,272.46,131.3,272.46,230.7,226.82,230.7
226.39,131.25,271.96,131.25,271.96,230.5,226.39,230.5
226.81,131.54,272.47,131.54,272.47,230.98,226.81,230.98
226.52,131.41,272.22,131.41,272.22,230.93,226.52,230.93
227.33,130.18,273.14,130.18,273.14,229.93,227.33,229.93
228.51,131.34,274.33,131.34,274.33,231.12,228.51,231.12
229.16,131.01,275.21,131.01,275.21,231.3,229.16,231.3
229.28,130.64,275.04,130.64,275.04,230.29,229.28,230.29
229.66,131.54,275.2,131.54,275.2,230.72,229.66,230.72
230.08,132.37,275.85,132.37,275.85,232.05,230.08,232.05
229.96,134.41,276.14,134.41,276.14,234.99,229.96,234.99
230.63,129.87,276.11,129.87,276.11,228.91,230.63,228.91
231.61,130.34,276.28,130.34,276.28,227.6,231.61,227.6
231.22,130.72,275.44,130.72,275.44,227.01,231.22,227.01
231.19,131.31,275.26,131.31,275.26,227.27,231.19,227.27
230.93,131.45,274.76,131.45,274.76,226.89,230.93,226.89
231.58,131.87,274.92,131.87,274.92,226.27,231.58,226.27
232.91,132.63,276.47,132.63,276.47,227.5,232.91,227.5
231.79,134.26,275.67,134.26,275.67,229.83,231.79,229.83
232.34,134.9,276.95,134.9,276.95,232.05,232.34,232.05
233.28,134.82,278.56,134.82,278.56,233.43,233.28,233.43
233.71,133.54,278.8,133.54,278.8,231.72,233.71,231.72
234.16,132.33,278.6,132.33,278.6,229.12,234.16,229.12
233.1,133.3,276.71,133.3,276.71,228.29,233.1,228.29
233.46,134.65,276.95,134.65,276.95,229.35,233.46,229.35
234.27,134.48,277.15,134.48,277.15,227.86,234.27,227.86
235.32,135.11,277.81,135.11,277.81,227.65,235.32,227.65
236.42,135.57,278.79,135.57,278.79,227.85,236.42,227.85
238.03,136.08,280.62,136.08,280.62,228.82,238.03,228.82
238.77,135.83,281.4,135.83,281.4,228.66,238.77,228.66
239.84,138.09,282.75,138.09,282.75,231.55,239.84,231.55
240.99,138.71,284.34,138.71,284.34,233.12,240.99,233.12
241.52,140.85,285.56,140.85,285.56,236.76,241.52,236.76
241.94,140.77,286.79,140.77,286.79,238.45,241.94,238.45
244.52,137.49,288.93,137.49,288.93,234.22,244.52,234.22
245.03,137.03,288.97,137.03,288.97,232.74,245.03,232.74
245.25,138.02,289.07,138.02,289.07,233.46,245.25,233.46
246.88,137.99,290.64,137.99,290.64,233.27,246.88,233.27
247.36,137.17,291.42,137.17,291.42,233.12,247.36,233.12
248.34,137.82,292.4,137.82,292.4,233.78,248.34,233.78
249.43,137.61,293.51,137.61,293.51,233.6,249.43,233.6
250.88,137.66,295.08,137.66,295.08,233.93,250.88,233.93
253.34,137.51,297.96,137.51,297.96,234.68,253.34,234.68
255.33,137.03,299.94,137.03,299.94,234.18,255.33,234.18
256.48,137.1,301.21,137.1,301.21,234.5,256.48,234.5
258.25,135.85,302.74,135.85,302.74,232.74,258.25,232.74
258.33,136.36,302.6,136.36,302.6,232.77,258.33,232.77
260.76,136.45,305.03,136.45,305.03,232.86,260.76,232.86
262.53,137.06,307.07,137.06,307.07,234.08,262.53,234.08
261.72,136.62,306.39,136.62,306.39,233.91,261.72,233.91
240.11,119.91,284.88,119.91,284.88,217.39,240.11,217.39
241.42,118.5,285.89,118.5,285.89,215.35,241.42,215.35
265.69,136.67,310.05,136.67,310.05,233.26,265.69,233.26
250.44,162.5,294.84,162.5,294.84,259.2,250.44,259.2
270.99,135.99,316.1,135.99,316.1,234.23,270.99,234.23
273.2,134.59,318.46,134.59,318.46,233.16,273.2,233.16
274.31,135.23,319.66,135.23,319.66,233.99,274.31,233.99
275.88,134.68,321.04,134.68,321.04,233.02,275.88,233.02
258.42,138.64,303.79,138.64,303.79,237.44,258.42,237.44
258.67,138.09,303.74,138.09,303.74,236.23,258.67,236.23
259.91,138.47,304.9,138.47,304.9,236.44,259.91,236.44
261.26,139.73,306.15,139.73,306.15,237.48,261.26,237.48
259.42,138.41,304.07,138.41,304.07,235.64,259.42,235.64
256.82,139.39,300.86,139.39,300.86,235.3,256.82,235.3
258.44,139.54,302.2,139.54,302.2,234.85,258.44,234.85
259.5,139.52,303.15,139.52,303.15,234.59,259.5,234.59
275.27,166.91,319.17,166.91,319.17,262.52,275.27,262.52
275.35,166.78,319.37,166.78,319.37,262.65,275.35,262.65
276.78,167.33,321.06,167.33,321.06,263.77,276.78,263.77
277.77,167.94,322.5,167.94,322.5,265.36,277.77,265.36
280.97,168.45,326.53,168.45,326.53,267.67,280.97,267.67
279.7,140.49,325.14,140.49,325.14,239.44,279.7,239.44
285.59,167.97,331.57,167.97,331.57,268.09,285.59,268.09
276.21,134.62,322.7,134.62,322.7,235.89,276.21,235.89
277.05,133.65,324.23,133.65,324.23,236.38,277.05,236.38
277.62,133.51,325.07,133.51,325.07,236.84,277.62,236.84
279.67,133.17,327.25,133.17,327.25,236.8,279.67,236.8
280.98,132.99,328.43,132.99,328.43,236.32,280.98,236.32
284.35,133.08,332.22,133.08,332.22,237.33,284.35,237.33
286.36,133.25,334.25,133.25,334.25,237.54,286.36,237.54
290.01,133.65,337.92,133.65,337.92,237.99,290.01,237.99
292.45,134.72,340.33,134.72,340.33,238.99,292.45,238.99
291.12,134.99,338.8,134.99,338.8,238.82,291.12,238.82
281.77,135.13,329.62,135.13,329.62,239.33,281.77,239.33
276.01,135.4,323.65,135.4,323.65,239.15,276.01,239.15
266.04,135.68,313.45,135.68,313.45,238.92,266.04,238.92
261.67,136.29,309.07,136.29,309.07,239.52,261.67,239.52
252.6,137.84,299.71,137.84,299.71,240.43,252.6,240.43
245.87,137.68,292.98,137.68,292.98,240.27,245.87,240.27
238.62,137.04,285.54,137.04,285.54,239.23,238.62,239.23
230.31,136.7,276.79,136.7,276.79,237.91,230.31,237.91
225.39,137.72,271.65,137.72,271.65,238.46,225.39,238.46
228.93,138.66,274.51,138.66,274.51,237.92,228.93,237.92
237.86,142.2,283.68,142.2,283.68,241.98,237.86,241.98
241.69,141.4,287.6,141.4,287.6,241.37,241.69,241.37
241.07,141.7,286.96,141.7,286.96,241.65,241.07,241.65
243.71,140.95,290,140.95,290,241.76,243.71,241.76
243.22,139.85,289.72,139.85,289.72,241.1,243.22,241.1
246.43,139.07,293.19,139.07,293.19,240.9,246.43,240.9
250.19,137.72,297.43,137.72,297.43,240.58,250.19,240.58
252.38,136.73,299.41,136.73,299.41,239.15,252.38,239.15
254.85,136.95,301.9,136.95,301.9,239.42,254.85,239.42
256.43,137.38,303.19,137.38,303.19,239.22,256.43,239.22
258.29,138.82,304.86,138.82,304.86,240.23,258.29,240.23
260.04,139.31,306.47,139.31,306.47,240.41,260.04,240.41
261.62,139.31,308.06,139.31,308.06,240.43,261.62,240.43
265.48,138.39,311.81,138.39,311.81,239.29,265.48,239.29
275.44,134.23,321.68,134.23,321.68,234.92,275.44,234.92
276.59,134.93,322.66,134.93,322.66,235.26,276.59,235.26
277.03,135.09,322.98,135.09,322.98,235.16,277.03,235.16
272.71,139.12,318.57,139.12,318.57,238.98,272.71,238.98
271.27,137.17,317.14,137.17,317.14,237.05,271.27,237.05
251.32,140.98,296.65,140.98,296.65,239.69,251.32,239.69
256.9,148.03,302.78,148.03,302.78,247.95,256.9,247.95
253.7,138.92,299.2,138.92,299.2,238.01,253.7,238.01
247.93,141.22,293.58,141.22,293.58,240.64,247.93,240.64
240.66,140.12,286.32,140.12,286.32,239.56,240.66,239.56
237.44,140,283.21,140,283.21,239.66,237.44,239.66
240.75,140,286.7,140,286.7,240.06,240.75,240.06
245.44,139.74,291.75,139.74,291.75,240.58,245.44,240.58
249.86,141,296.31,141,296.31,242.16,249.86,242.16
260.83,142.48,307.56,142.48,307.56,244.25,260.83,244.25
264.58,143.32,311.56,143.32,311.56,245.64,264.58,245.64
267.25,144.28,314.74,144.28,314.74,247.7,267.25,247.7
270.79,144.34,318.9,144.34,318.9,249.1,270.79,249.1
273.64,142.64,322.22,142.64,322.22,248.44,273.64,248.44
276.69,141.84,325.23,141.84,325.23,247.55,276.69,247.55
279.57,142.76,328.23,142.76,328.23,248.74,279.57,248.74
282.33,142.85,331.17,142.85,331.17,249.2,282.33,249.2
285.68,142.76,334.64,142.76,334.64,249.37,285.68,249.37
288.46,143.21,337.53,143.21,337.53,250.07,288.46,250.07
292.29,143.72,341.67,143.72,341.67,251.27,292.29,251.27
295.84,144.07,345.42,144.07,345.42,252.04,295.84,252.04
298.23,144,347.67,144,347.67,251.67,298.23,251.67
301.92,143.96,351.37,143.96,351.37,251.64,301.92,251.64
300.48,144.45,349.55,144.45,349.55,251.31,300.48,251.31
291.36,146.73,340.2,146.73,340.2,253.11,291.36,253.11
288.87,146.42,337.27,146.42,337.27,251.83,288.87,251.83
281.86,147.77,330.17,147.77,330.17,252.97,281.86,252.97
277.48,148.3,325.47,148.3,325.47,252.81,277.48,252.81
273.71,149.18,321.22,149.18,321.22,252.65,273.71,252.65
270.73,149.19,318.74,149.19,318.74,253.74,270.73,253.74
265.32,148.25,313.59,148.25,313.59,253.37,265.32,253.37
272.61,147.09,321.24,147.09,321.24,253,272.61,253
274.96,148.02,323.6,148.02,323.6,253.95,274.96,253.95
280.54,147.69,329.55,147.69,329.55,254.44,280.54,254.44
283.85,147.89,333.1,147.89,333.1,255.16,283.85,255.16
288.22,147.34,337.35,147.34,337.35,254.35,288.22,254.35
292.14,148.31,341.2,148.31,341.2,255.15,292.14,255.15
296.17,148.77,345.37,148.77,345.37,255.92,296.17,255.92
299.25,147.71,348.07,147.71,348.07,254.03,299.25,254.03
302.75,147.99,351.75,147.99,351.75,254.72,302.75,254.72
307.66,147.42,356.96,147.42,356.96,254.77,307.66,254.77
311.03,147.41,360,147.41,360,254.05,311.03,254.05
315.22,147.92,363.89,147.92,363.89,253.91,315.22,253.91
319.23,147.7,368.18,147.7,368.18,254.31,319.23,254.31
322.67,147.86,371.59,147.86,371.59,254.39,322.67,254.39
326.64,148.42,375.27,148.42,375.27,254.32,326.64,254.32
328.17,148.78,376.68,148.78,376.68,254.42,328.17,254.42
320.51,148.88,368.99,148.88,368.99,254.44,320.51,254.44
318.45,148.3,367.2,148.3,367.2,254.45,318.45,254.45
310.43,148.93,358.84,148.93,358.84,254.37,310.43,254.37
307.88,149.65,356.43,149.65,356.43,255.39,307.88,255.39
301.6,151.15,349.97,151.15,349.97,256.48,301.6,256.48
297.79,152.48,345.71,152.48,345.71,256.85,297.79,256.85
291.48,152.7,339.01,152.7,339.01,256.21,291.48,256.21
288.82,153.24,335.96,153.24,335.96,255.91,288.82,255.91
282.27,153.81,329.42,153.81,329.42,256.49,282.27,256.49
283.58,152.96,331.08,152.96,331.08,256.4,283.58,256.4
277.01,151.23,324.82,151.23,324.82,255.33,277.01,255.33
271.46,150.7,319.34,150.7,319.34,254.96,271.46,254.96
264.79,150.15,312.71,150.15,312.71,254.51,264.79,254.51
262.78,150.5,310.81,150.5,310.81,255.1,262.78,255.1
267.32,150.29,315.83,150.29,315.83,255.93,267.32,255.93
269.97,150.38,318.68,150.38,318.68,256.46,269.97,256.46
275.41,150.56,323.93,150.56,323.93,256.24,275.41,256.24
278.24,150.91,326.75,150.91,326.75,256.56,278.24,256.56
283.1,150.65,331.58,150.65,331.58,256.24,283.1,256.24
285.95,151.3,334.46,151.3,334.46,256.95,285.95,256.95
290.58,152.83,338.4,152.83,338.4,256.98,290.58,256.98
293.38,154.21,340.66,154.21,340.66,257.18,293.38,257.18
297.59,154.25,344.5,154.25,344.5,256.4,297.59,256.4
302.48,154.5,349.19,154.5,349.19,256.21,302.48,256.21
303.26,153.34,350.2,153.34,350.2,255.56,303.26,255.56
298.61,152.84,345.94,152.84,345.94,255.9,298.61,255.9
296.75,151.43,344.41,151.43,344.41,255.24,296.75,255.24
292.71,150.76,340.82,150.76,340.82,255.53,292.71,255.53
289.52,150.23,338.02,150.23,338.02,255.86,289.52,255.86
284.87,149.91,333.78,149.91,333.78,256.43,284.87,256.43
282.03,149.67,330.84,149.67,330.84,255.95,282.03,255.95
277.68,151,326.52,151,326.52,257.37,277.68,257.37
274.25,151.96,322.9,151.96,322.9,257.89,274.25,257.89
270.92,153,319.51,153,319.51,258.81,270.92,258.81
266.63,154.01,314.93,154.01,314.93,259.2,266.63,259.2
263.07,154.63,311.02,154.63,311.02,259.05,263.07,259.05
260.63,154.12,308.39,154.12,308.39,258.14,260.63,258.14
257.83,154.47,305.51,154.47,305.51,258.3,257.83,258.3
253.56,153.71,301.38,153.71,301.38,257.86,253.56,257.86
252.71,153.69,300.97,153.69,300.97,258.8,252.71,258.8
257.81,152.78,306.48,152.78,306.48,258.78,257.81,258.78
262.61,153.46,311.33,153.46,311.33,259.55,262.61,259.55
269.64,153.99,318.55,153.99,318.55,260.49,269.64,260.49
275.2,153.58,324.19,153.58,324.19,260.27,275.2,260.27
281.59,152.48,330.83,152.48,330.83,259.72,281.59,259.72
286.1,151.63,335.26,151.63,335.26,258.69,286.1,258.69
291.87,152.44,340.97,152.44,340.97,259.37,291.87,259.37
292.81,153.24,341.8,153.24,341.8,259.93,292.81,259.93
286.99,157.07,336.72,157.07,336.72,265.37,286.99,265.37
285.55,157.49,336.04,157.49,336.04,267.46,285.55,267.46
280.91,159.66,332.24,159.66,332.24,271.45,280.91,271.45
278.1,160.51,330.63,160.51,330.63,274.9,278.1,274.9
272.47,152.1,324.84,152.1,324.84,266.14,272.47,266.14
270.56,150.13,322.59,150.13,322.59,263.42,270.56,263.42
268.03,151.44,319.37,151.44,319.37,263.24,268.03,263.24
265.19,152.71,315.99,152.71,315.99,263.33,265.19,263.33
263.09,153.76,313.74,153.76,313.74,264.06,263.09,264.06
259.44,155.72,309.96,155.72,309.96,265.75,259.44,265.75
264.26,155.6,314.64,155.6,314.64,265.33,264.26,265.33
268.9,157.67,319.12,157.67,319.12,267.04,268.9,267.04
284.29,162.71,334.63,162.71,334.63,272.33,284.29,272.33
288.7,163.77,339.08,163.77,339.08,273.49,288.7,273.49
294.63,164.01,345.08,164.01,345.08,273.88,294.63,273.88
293.04,162.2,343.6,162.2,343.6,272.33,293.04,272.33
300.03,162.92,350.82,162.92,350.82,273.54,300.03,273.54
305.46,180.38,356.53,180.38,356.53,291.6,305.46,291.6
305.23,162.8,356.59,162.8,356.59,274.66,305.23,274.66
302.03,143.91,352.95,143.91,352.95,254.82,302.03,254.82
308.47,139.71,359.22,139.71,359.22,250.24,308.47,250.24
298.66,87.022,349.7,87.022,349.7,198.19,298.66,198.19
303.75,118.86,354.95,118.86,354.95,230.37,303.75,230.37
316.55,154.9,367.68,154.9,367.68,266.25,316.55,266.25
311.15,181.28,361.91,181.28,361.91,291.83,311.15,291.83
312.25,181.69,363.33,181.69,363.33,292.92,312.25,292.92
300.85,160.39,351.62,160.39,351.62,270.96,300.85,270.96
309.18,156.3,359.47,156.3,359.47,265.83,309.18,265.83
308.85,156.24,359.15,156.24,359.15,265.76,308.85,265.76
303.62,157.08,354.11,157.08,354.11,267.05,303.62,267.05
298.52,157.13,349.15,157.13,349.15,267.39,298.52,267.39
295.68,158.26,346.57,158.26,346.57,269.08,295.68,269.08
290.91,157.35,341.75,157.35,341.75,268.06,290.91,268.06
285.25,157.48,336.09,157.48,336.09,268.19,285.25,268.19
282.93,157.36,333.91,157.36,333.91,268.38,282.93,268.38
277.98,157.53,329.25,157.53,329.25,269.18,277.98,269.18
272.97,157.96,324.52,157.96,324.52,270.23,272.97,270.23
270.69,158.42,322.34,158.42,322.34,270.89,270.69,270.89
266.77,158.65,318.4,158.65,318.4,271.08,266.77,271.08
263.04,158.78,314.82,158.78,314.82,271.53,263.04,271.53
259.59,158.84,311.13,158.84,311.13,271.08,259.59,271.08
256.13,158.96,307.57,158.96,307.57,270.99,256.13,270.99
251.28,159.5,302.68,159.5,302.68,271.44,251.28,271.44
248.62,159.38,299.93,159.38,299.93,271.13,248.62,271.13
244.58,159.62,295.66,159.62,295.66,270.86,244.58,270.86
239.72,159.27,290.92,159.27,290.92,270.77,239.72,270.77
236.25,159.58,287.46,159.58,287.46,271.1,236.25,271.1
232.54,160.23,283.58,160.23,283.58,271.4,232.54,271.4
227.95,161.3,279.2,161.3,279.2,272.92,227.95,272.92
223.57,161.56,274.93,161.56,274.93,273.4,223.57,273.4
222.59,160.81,274.22,160.81,274.22,273.27,222.59,273.27
227.93,159.53,279.89,159.53,279.89,272.67,227.93,272.67
231.04,160.41,282.88,160.41,282.88,273.3,231.04,273.3
235.74,160.37,287.49,160.37,287.49,273.07,235.74,273.07
239.89,160.29,291.51,160.29,291.51,272.71,239.89,272.71
244.35,160.78,295.92,160.78,295.92,273.07,244.35,273.07
249.06,160.66,300.51,160.66,300.51,272.69,249.06,272.69
252.55,160.97,304.35,160.97,304.35,273.78,252.55,273.78
256.92,161.52,308.58,161.52,308.58,274.04,256.92,274.04
261.54,161.24,313.2,161.24,313.2,273.73,261.54,273.73
265.67,160.56,317.7,160.56,317.7,273.87,265.67,273.87
269.27,159.04,321.59,159.04,321.59,272.97,269.27,272.97
273.52,159.89,325.81,159.89,325.81,273.77,273.52,273.77
278.58,160.67,330.82,160.67,330.82,274.45,278.58,274.45
282.7,160.98,334.83,160.98,334.83,274.52,282.7,274.52
286.25,160.47,338.65,160.47,338.65,274.59,286.25,274.59
290.96,159.8,343.34,159.8,343.34,273.87,290.96,273.87
294.79,160.36,347.15,160.36,347.15,274.38,294.79,274.38
299.39,160.01,351.54,160.01,351.54,273.6,299.39,273.6
303.08,159.58,355.21,159.58,355.21,273.11,303.08,273.11
307.2,159.49,359.27,159.49,359.27,272.88,307.2,272.88
311.93,160.22,363.82,160.22,363.82,273.24,311.93,273.24
317.01,161.46,368.78,161.46,368.78,274.2,317.01,274.2
320.52,161.22,372.34,161.22,372.34,274.07,320.52,274.07
324.78,161.37,376.62,161.37,376.62,274.28,324.78,274.28
328.47,160.93,380.51,160.93,380.51,274.25,328.47,274.25
332.82,160.97,385.02,160.97,385.02,274.65,332.82,274.65
337.97,160.62,390.28,160.62,390.28,274.54,337.97,274.54
341.12,160.63,393.46,160.63,393.46,274.63,341.12,274.63
337.23,159.59,389.53,159.59,389.53,273.47,337.23,273.47
332.76,160.78,385.04,160.78,385.04,274.63,332.76,274.63
328.66,160.2,380.94,160.2,380.94,274.07,328.66,274.07
325.14,161.31,377.41,161.31,377.41,275.13,325.14,275.13
318.35,162.25,370.78,162.25,370.78,276.42,318.35,276.42
315.52,161.07,367.63,161.07,367.63,274.57,315.52,274.57
309.13,160.57,361.13,160.57,361.13,273.81,309.13,273.81
305.45,160.9,357.45,160.9,357.45,274.15,305.45,274.15
300.9,160.64,352.8,160.64,352.8,273.67,300.9,273.67
296.85,160.77,348.8,160.77,348.8,273.9,296.85,273.9
291.09,160.98,343,160.98,343,274.01,291.09,274.01
286.59,161.08,338.57,161.08,338.57,274.29,286.59,274.29
282.42,161.73,334.24,161.73,334.24,274.6,282.42,274.6
276.32,161.67,328.13,161.67,328.13,274.5,276.32,274.5
271.28,161.79,323.02,161.79,323.02,274.46,271.28,274.46
266.68,161.28,318.34,161.28,318.34,273.8,266.68,273.8
261.31,161.52,313.04,161.52,313.04,274.16,261.31,274.16
255.67,161.1,307.29,161.1,307.29,273.52,255.67,273.52
252.16,161.29,303.83,161.29,303.83,273.82,252.16,273.82
246.35,161.93,298.25,161.93,298.25,274.96,246.35,274.96
240.96,162.03,292.83,162.03,292.83,275,240.96,275
236.4,162.69,288.23,162.69,288.23,275.55,236.4,275.55
230.27,162.57,281.98,162.57,281.98,275.19,230.27,275.19
224.73,162.51,276.54,162.51,276.54,275.34,224.73,275.34
227.33,161.08,279.52,161.08,279.52,274.73,227.33,274.73
229.44,161.69,281.61,161.69,281.61,275.29,229.44,275.29
233.48,160.74,285.66,160.74,285.66,274.39,233.48,274.39
236.46,162.14,288.67,162.14,288.67,275.85,236.46,275.85
240.22,162.26,292.25,162.26,292.25,275.57,240.22,275.57
242.93,161.78,294.72,161.78,294.72,274.57,242.93,274.57
246.1,162.23,297.79,162.23,297.79,274.81,246.1,274.81
250.01,163.03,301.58,163.03,301.58,275.33,250.01,275.33
253.09,163.16,304.44,163.16,304.44,275,253.09,275
256.58,162.66,307.91,162.66,307.91,274.44,256.58,274.44
258.9,162.42,310.14,162.42,310.14,274.01,258.9,274.01
262.77,162.48,313.87,162.48,313.87,273.77,262.77,273.77
265.65,161.81,316.72,161.81,316.72,273.02,265.65,273.02
268.57,162.68,319.51,162.68,319.51,273.62,268.57,273.62
272.5,162.88,323.45,162.88,323.45,273.84,272.5,273.84
275.36,162.48,326.47,162.48,326.47,273.8,275.36,273.8
277.82,161.95,329.05,161.95,329.05,273.52,277.82,273.52
280.97,162.27,332.24,162.27,332.24,273.94,280.97,273.94
284.81,162.07,336.22,162.07,336.22,274.02,284.81,274.02
287.57,160.85,339.08,160.85,339.08,273.02,287.57,273.02
290.57,160.61,342.21,160.61,342.21,273.06,290.57,273.06
293.16,161.43,344.73,161.43,344.73,273.73,293.16,273.73
296.7,160.97,348.4,160.97,348.4,273.55,296.7,273.55
299.65,160.64,351.29,160.64,351.29,273.11,299.65,273.11
301.72,160.2,353.27,160.2,353.27,272.46,301.72,272.46
303.2,160.17,354.77,160.17,354.77,272.47,303.2,272.47
304.67,159.84,355.84,159.84,355.84,271.28,304.67,271.28
305.91,159.42,356.66,159.42,356.66,269.95,305.91,269.95
307.22,158.31,357.42,158.31,357.42,267.63,307.22,267.63
311.1,153.52,360.71,153.52,360.71,261.56,311.1,261.56
312.73,155.39,361.97,155.39,361.97,262.6,312.73,262.6
310.37,155.22,359.41,155.22,359.41,262.03,310.37,262.03
305.11,155.64,353.71,155.64,353.71,261.49,305.11,261.49
297.26,155.39,345.63,155.39,345.63,260.75,297.26,260.75
292.15,155.24,340.88,155.24,340.88,261.36,292.15,261.36
260.67,156.45,309.19,156.45,309.19,262.1,260.67,262.1
275.57,154.9,323.89,154.9,323.89,260.14,275.57,260.14
268.84,155,317.23,155,317.23,260.37,268.84,260.37
257.34,143.8,305.81,143.8,305.81,249.35,257.34,249.35
256.62,155.83,304.86,155.83,304.86,260.87,256.62,260.87
253.71,157.47,301.64,157.47,301.64,261.84,253.71,261.84
256.75,156.49,304.96,156.49,304.96,261.49,256.75,261.49
259.37,156.56,307.68,156.56,307.68,261.78,259.37,261.78
261.39,155.86,309.95,155.86,309.95,261.6,261.39,261.6
264.37,156.95,313.28,156.95,313.28,263.46,264.37,263.46
264.79,155.99,313.76,155.99,313.76,262.65,264.79,262.65
265.88,156.29,314.9,156.29,314.9,263.05,265.88,263.05
267.82,157.34,317,157.34,317,264.45,267.82,264.45
244.57,139.78,293.96,139.78,293.96,247.35,244.57,247.35
275.17,153.52,324.43,153.52,324.43,260.8,275.17,260.8
271.76,100.93,321.01,100.93,321.01,208.19,271.76,208.19
254.23,136.44,303.15,136.44,303.15,242.96,254.23,242.96
207.69,172.37,256.47,172.37,256.47,278.62,207.69,278.62
206.94,173.76,255.65,173.76,255.65,279.84,206.94,279.84
208.15,173.65,256.83,173.65,256.83,279.67,208.15,279.67
208.18,175.21,256.73,175.21,256.73,280.94,208.18,280.94
209.38,175.88,258.07,175.88,258.07,281.9,209.38,281.9
226.38,176.23,275.35,176.23,275.35,282.87,226.38,282.87
231.62,177.22,280.93,177.22,280.93,284.61,231.62,284.61
231.68,178.69,281.03,178.69,281.03,286.15,231.68,286.15
248.6,145.56,297.76,145.56,297.76,252.63,248.6,252.63
252.58,119.07,301.71,119.07,301.71,226.06,252.58,226.06
258.25,125.62,307.27,125.62,307.27,232.37,258.25,232.37
240.34,136.67,289.39,136.67,289.39,243.5,240.34,243.5
222.02,116.14,271.46,116.14,271.46,223.79,222.02,223.79
244.59,138.77,294.26,138.77,294.26,246.94,244.59,246.94
227.89,115.77,277.64,115.77,277.64,224.11,227.89,224.11
252.45,136.01,301.85,136.01,301.85,243.6,252.45,243.6
272.08,100.59,321.61,100.59,321.61,208.44,272.08,208.44
273.95,101.09,323.4,101.09,323.4,208.78,273.95,208.78
313.86,133.44,363.57,133.44,363.57,241.69,313.86,241.69
315.23,133.27,365.2,133.27,365.2,242.09,315.23,242.09
321.76,74.888,372.02,74.888,372.02,184.34,321.76,184.34
303.24,42.887,353.97,42.887,353.97,153.36,303.24,153.36
327.38,51.396,377.98,51.396,377.98,161.59,327.38,161.59
308.31,74.798,358.65,74.798,358.65,184.43,308.31,184.43
301.44,76.477,351.5,76.477,351.5,185.49,301.44,185.49
297.18,77.82,347.2,77.82,347.2,186.75,297.18,186.75
289.84,77.102,339.71,77.102,339.71,185.7,289.84,185.7
287.02,74.621,336.37,74.621,336.37,182.1,287.02,182.1
290.29,73.978,339.53,73.978,339.53,181.21,290.29,181.21
292.07,73.179,341.52,73.179,341.52,180.87,292.07,180.87
293.13,133.19,342.82,133.19,342.82,241.42,293.13,241.42
343.95,146.69,393.51,146.69,393.51,254.63,343.95,254.63
342.46,148.45,392.02,148.45,392.02,256.37,342.46,256.37
348.44,109.87,398.29,109.87,398.29,218.42,348.44,218.42
306.8,135.7,356.76,135.7,356.76,244.5,306.8,244.5
310.57,137.28,360.87,137.28,360.87,246.82,310.57,246.82
310.65,135.35,361.02,135.35,361.02,245.05,310.65,245.05
312.09,133.84,362.75,133.84,362.75,244.17,312.09,244.17
313.05,139.97,364.12,139.97,364.12,251.18,313.05,251.18
315.43,133.56,366.59,133.56,366.59,244.96,315.43,244.96
317.89,130.63,369.01,130.63,369.01,241.95,317.89,241.95
319.52,130.35,370.46,130.35,370.46,241.3,319.52,241.3
321.39,129.74,371.97,129.74,371.97,239.9,321.39,239.9
324.02,130.61,374.93,130.61,374.93,241.48,324.02,241.48
326.2,129.85,377.15,129.85,377.15,240.81,326.2,240.81
329.72,129.9,381.02,129.9,381.02,241.63,329.72,241.63
330.97,142.89,382.73,142.89,382.73,255.62,330.97,255.62
331.4,138.06,383.9,138.06,383.9,252.39,331.4,252.39
339.72,124.73,391.77,124.73,391.77,238.09,339.72,238.09
340.08,130.69,391.92,130.69,391.92,243.6,340.08,243.6
339.86,144.61,391.85,144.61,391.85,257.83,339.86,257.83
342.05,144.24,394.25,144.24,394.25,257.93,342.05,257.93
342.75,144.58,395.1,144.58,395.1,258.59,342.75,258.59
337.66,141.1,390.03,141.1,390.03,255.14,337.66,255.14
339.45,142.19,392.16,142.19,392.16,256.98,339.45,256.98
340.09,143.14,392.92,143.14,392.92,258.21,340.09,258.21
341.12,142.2,394.22,142.2,394.22,257.85,341.12,257.85
341.06,141.77,394.4,141.77,394.4,257.93,341.06,257.93
336.47,142.34,389.76,142.34,389.76,258.41,336.47,258.41
325.65,143.01,379.23,143.01,379.23,259.69,325.65,259.69
325.22,110.84,379.02,110.84,379.02,228.02,325.22,228.02
318.99,112.88,373.01,112.88,373.01,230.51,318.99,230.51
309.04,110.03,363.06,110.03,363.06,227.68,309.04,227.68
286.1,125.11,339.77,125.11,339.77,241.99,286.1,241.99
298.35,108.18,351.9,108.18,351.9,224.81,298.35,224.81
271.16,100.54,324.55,100.54,324.55,216.82,271.16,216.82
285.28,108.17,338.79,108.17,338.79,224.7,285.28,224.7
305.56,137.49,359.62,137.49,359.62,255.22,305.56,255.22
294.84,136.94,349.23,136.94,349.23,255.39,294.84,255.39
288.62,136.22,343.53,136.22,343.53,255.79,288.62,255.79
288.53,135.84,343.63,135.84,343.63,255.83,288.53,255.83
287.85,134.79,343.14,134.79,343.14,255.2,287.85,255.2
288.54,132.12,344.13,132.12,344.13,253.17,288.54,253.17
289.29,130.28,345.15,130.28,345.15,251.93,289.29,251.93
289.58,128.01,345.82,128.01,345.82,250.5,289.58,250.5
290.85,127.96,347,127.96,347,250.25,290.85,250.25
291.93,127.72,347.99,127.72,347.99,249.81,291.93,249.81
293.02,128.91,349.36,128.91,349.36,251.61,293.02,251.61
293.02,129.93,349.27,129.93,349.27,252.43,293.02,252.43
293.28,129.06,349.51,129.06,349.51,251.5,293.28,251.5
301.21,128.88,357.41,128.88,357.41,251.26,301.21,251.26
305.71,128.11,361.91,128.11,361.91,250.51,305.71,250.51
308.44,126.72,364.09,126.72,364.09,247.91,308.44,247.91
310.8,127.61,366.35,127.61,366.35,248.6,310.8,248.6
311.86,128.69,367.36,128.69,367.36,249.55,311.86,249.55
313.25,129.7,369.08,129.7,369.08,251.29,313.25,251.29
313.05,128.19,369.11,128.19,369.11,250.28,313.05,250.28
325.29,121.78,380.55,121.78,380.55,242.13,325.29,242.13
331.6,127.72,387.44,127.72,387.44,249.33,331.6,249.33
327.98,122.36,383.04,122.36,383.04,242.27,327.98,242.27
329.42,124.14,384.46,124.14,384.46,244.02,329.42,244.02
331.41,124.39,386.05,124.39,386.05,243.38,331.41,243.38
332.58,124.89,387.07,124.89,387.07,243.55,332.58,243.55
333.31,123.91,387.69,123.91,387.69,242.35,333.31,242.35
334.85,124.14,388.74,124.14,388.74,241.49,334.85,241.49
337.27,126.01,391.07,126.01,391.07,243.18,337.27,243.18
338.48,126.58,392.09,126.58,392.09,243.31,338.48,243.31
338.24,125.09,391.85,125.09,391.85,241.82,338.24,241.82
341.79,124.75,395.46,124.75,395.46,241.64,341.79,241.64
342.53,123.6,396.24,123.6,396.24,240.57,342.53,240.57
343.64,125.47,397.69,125.47,397.69,243.18,343.64,243.18
345,123.34,398.96,123.34,398.96,240.87,345,240.87
346.02,124.06,399.98,124.06,399.98,241.59,346.02,241.59
346.46,123.44,400.71,123.44,400.71,241.58,346.46,241.58
347.86,124.31,402.28,124.31,402.28,242.83,347.86,242.83
349.48,122.61,404.05,122.61,404.05,241.43,349.48,241.43
350.98,120.85,405.67,120.85,405.67,239.94,350.98,239.94
350.87,119.13,405.61,119.13,405.61,238.33,350.87,238.33
352.43,117.86,407.09,117.86,407.09,236.9,352.43,236.9
353.01,118.62,407.76,118.62,407.76,237.85,353.01,237.85
356.22,118.77,411.08,118.77,411.08,238.26,356.22,238.26
357.2,118.86,412.03,118.86,412.03,238.26,357.2,238.26
359.21,119.25,414.03,119.25,414.03,238.65,359.21,238.65
360.97,118.84,415.88,118.84,415.88,238.42,360.97,238.42
362.19,118.2,417.16,118.2,417.16,237.91,362.19,237.91
364.66,118.59,419.67,118.59,419.67,238.41,364.66,238.41
366.77,117.79,421.85,117.79,421.85,237.74,366.77,237.74
369.33,116.73,424.91,116.73,424.91,237.77,369.33,237.77
366.85,116.07,422.44,116.07,422.44,237.13,366.85,237.13
357.84,115.76,413.66,115.76,413.66,237.33,357.84,237.33
350.23,115.06,405.95,115.06,405.95,236.41,350.23,236.41
342.54,114.76,398.05,114.76,398.05,235.66,342.54,235.66
334.47,113.73,389.91,113.73,389.91,234.47,334.47,234.47
326.24,112.43,381.45,112.43,381.45,232.66,326.24,232.66
319.19,111.74,374,111.74,374,231.11,319.19,231.11
316.42,112.3,371.07,112.3,371.07,231.3,316.42,231.3
317.72,111.54,372.45,111.54,372.45,230.72,317.72,230.72
318.13,111.94,372.7,111.94,372.7,230.79,318.13,230.79
319.89,113.03,374.46,113.03,374.46,231.88,319.89,231.88
322.07,110.94,376.08,110.94,376.08,228.56,322.07,228.56
321.88,110.88,375.23,110.88,375.23,227.07,321.88,227.07
322.81,111.75,375.98,111.75,375.98,227.54,322.81,227.54
324.29,111.09,377.09,111.09,377.09,226.09,324.29,226.09
324.43,110.87,377.21,110.87,377.21,225.82,324.43,225.82
325.53,108.74,378.25,108.74,378.25,223.54,325.53,223.54
324.8,107.56,377.3,107.56,377.3,221.91,324.8,221.91
326.3,107.11,378.93,107.11,378.93,221.72,326.3,221.72
326.53,106.81,379.35,106.81,379.35,221.84,326.53,221.84
327.38,106.53,380.14,106.53,380.14,221.43,327.38,221.43
327.17,106.27,379.88,106.27,379.88,221.07,327.17,221.07
327.84,106.84,380.68,106.84,380.68,221.92,327.84,221.92
329.1,106.26,382.06,106.26,382.06,221.58,329.1,221.58
329.65,105.91,382.81,105.91,382.81,221.68,329.65,221.68
330.35,104.87,383.81,104.87,383.81,221.29,330.35,221.29
330.68,104.43,384.05,104.43,384.05,220.67,330.68,220.67
331.63,103.9,384.72,103.9,384.72,219.53,331.63,219.53
331.96,103.77,384.79,103.77,384.79,218.84,331.96,218.84
332.66,104.5,385.04,104.5,385.04,218.58,332.66,218.58
333.96,104.24,386.04,104.24,386.04,217.64,333.96,217.64
333.24,103.91,385.26,103.91,385.26,217.19,333.24,217.19
334.22,102.75,386.3,102.75,386.3,216.18,334.22,216.18
335.68,100.95,387.55,100.95,387.55,213.9,335.68,213.9
335.92,101.3,388.03,101.3,388.03,214.78,335.92,214.78
335.54,100.43,387.33,100.43,387.33,213.21,335.54,213.21
337.11,99.587,389.13,99.587,389.13,212.88,337.11,212.88
336.86,100.41,388.95,100.41,388.95,213.87,336.86,213.87
337.66,100.11,389.73,100.11,389.73,213.5,337.66,213.5
337.9,99.789,390.03,99.789,390.03,213.33,337.9,213.33
337.25,100.23,389.46,100.23,389.46,213.94,337.25,213.94
337.94,100.18,390.06,100.18,390.06,213.7,337.94,213.7
337.48,99.917,390.07,99.917,390.07,214.45,337.48,214.45
337.34,100.15,390.12,100.15,390.12,215.09,337.34,215.09
303.91,120.67,357.37,120.67,357.37,237.09,303.91,237.09
304.38,119.42,358.52,119.42,358.52,237.33,304.38,237.33
304.77,118.2,359.44,118.2,359.44,237.28,304.77,237.28
304.71,117.02,359.54,117.02,359.54,236.42,304.71,236.42
305.11,116.82,359.93,116.82,359.93,236.2,305.11,236.2
305.24,116.52,360.08,116.52,360.08,235.97,305.24,235.97
304.93,116.28,359.82,116.28,359.82,235.82,304.93,235.82
303.99,115.87,359.26,115.87,359.26,236.22,303.99,236.22
303.33,115.01,358.81,115.01,358.81,235.83,303.33,235.83
302.94,114.72,358.64,114.72,358.64,236.03,302.94,236.03
303.17,114.61,359.21,114.61,359.21,236.65,303.17,236.65
302.64,114.36,358.7,114.36,358.7,236.44,302.64,236.44
303.1,114.27,359.41,114.27,359.41,236.9,303.1,236.9
302.18,113.74,358.52,113.74,358.52,236.44,302.18,236.44
301.37,113.04,357.93,113.04,357.93,236.21,301.37,236.21
300.68,112.43,357.49,112.43,357.49,236.14,300.68,236.14
300.19,109.37,357.19,109.37,357.19,233.53,300.19,233.53
299.5,107.99,356.68,107.99,356.68,232.51,299.5,232.51
271.26,119.86,328.41,119.86,328.41,244.34,271.26,244.34
272.25,120.4,329.49,120.4,329.49,245.06,272.25,245.06
272.85,120.93,330.03,120.93,330.03,245.46,272.85,245.46
274,120.54,331.31,120.54,331.31,245.35,274,245.35
274.81,120.89,332.44,120.89,332.44,246.41,274.81,246.41
275.02,119.16,333.05,119.16,333.05,245.53,275.02,245.53
275.67,119.39,333.8,119.39,333.8,245.99,275.67,245.99
275.74,117.87,334.17,117.87,334.17,245.1,275.74,245.1
276.08,117.72,334.84,117.72,334.84,245.69,276.08,245.69
276.83,117.31,335.78,117.31,335.78,245.7,276.83,245.7
277.96,118.34,336.82,118.34,336.82,246.52,277.96,246.52
278.48,118.15,337.21,118.15,337.21,246.05,278.48,246.05
279.68,118.64,338.72,118.64,338.72,247.23,279.68,247.23
280.37,118.03,339.37,118.03,339.37,246.53,280.37,246.53
280.79,118.15,339.81,118.15,339.81,246.67,280.79,246.67
281.35,118.07,340.37,118.07,340.37,246.6,281.35,246.6
282.1,116.72,341.39,116.72,341.39,245.85,282.1,245.85
282.23,115.28,341.66,115.28,341.66,244.7,282.23,244.7
281.37,113.85,340.85,113.85,340.85,243.39,281.37,243.39
282.57,113.73,342.11,113.73,342.11,243.4,282.57,243.4
283.04,113.45,342.61,113.45,342.61,243.2,283.04,243.2
284.38,113.55,344.16,113.55,344.16,243.72,284.38,243.72
283.31,110.77,343.78,110.77,343.78,242.46,283.31,242.46
282.19,109.38,343.44,109.38,343.44,242.76,282.19,242.76
283.94,108.57,345.68,108.57,345.68,243.04,283.94,243.04
284.01,106.97,346.44,106.97,346.44,242.93,284.01,242.93
285.17,106.91,348.07,106.91,348.07,243.89,285.17,243.89
285.16,105.72,348.57,105.72,348.57,243.81,285.16,243.81
286.83,106.56,350.43,106.56,350.43,245.06,286.83,245.06
287.82,105.77,351.49,105.77,351.49,244.43,287.82,244.43
288.51,105.59,352.47,105.59,352.47,244.89,288.51,244.89
289.16,104.67,353.68,104.67,353.68,245.17,289.16,245.17
289.41,102.37,355.06,102.37,355.06,245.35,289.41,245.35
289.44,100.67,355.67,100.67,355.67,244.9,289.44,244.9
286.9,96.837,353.76,96.837,353.76,242.45,286.9,242.45
288.39,98.412,355.26,98.412,355.26,244.04,288.39,244.04
287.66,97.559,354.74,97.559,354.74,243.65,287.66,243.65
287.95,97.889,355.24,97.889,355.24,244.44,287.95,244.44
289.19,98.532,356.92,98.532,356.92,246.03,289.19,246.03
287.24,97.864,354.58,97.864,354.58,244.52,287.24,244.52
287.61,98.4,355.09,98.4,355.09,245.37,287.61,245.37
286.09,97.436,353.4,97.436,353.4,244.02,286.09,244.02
285.78,96.156,353.29,96.156,353.29,243.18,285.78,243.18
285.28,96.059,353,96.059,353,243.54,285.28,243.54
285.35,94.117,353.39,94.117,353.39,242.28,285.35,242.28
283.93,94.309,351.85,94.309,351.85,242.24,283.93,242.24
285.01,93.843,353.32,93.843,353.32,242.59,285.01,242.59
285.46,94.1,353.86,94.1,353.86,243.06,285.46,243.06
285.22,92.608,353.92,92.608,353.92,242.21,285.22,242.21
284.74,92.295,353.71,92.295,353.71,242.49,284.74,242.49
284.72,91.455,354.03,91.455,354.03,242.41,284.72,242.41
284.94,90.928,354.35,90.928,354.35,242.08,284.94,242.08
284.89,90.397,354.53,90.397,354.53,242.07,284.89,242.07
283.95,89.469,353.74,89.469,353.74,241.46,283.95,241.46
284.87,89.591,355.1,89.591,355.1,242.53,284.87,242.53
284.56,88.948,354.73,88.948,354.73,241.75,284.56,241.75
284.8,88.791,354.99,88.791,354.99,241.65,284.8,241.65
284.82,88.434,355,88.434,355,241.27,284.82,241.27
284.37,87.735,354.61,87.735,354.61,240.71,284.37,240.71
283.86,86.461,354.25,86.461,354.25,239.76,283.86,239.76
283.53,86.911,353.57,86.911,353.57,239.44,283.53,239.44
283.3,86.44,353.01,86.44,353.01,238.24,283.3,238.24
283.55,86.497,353.34,86.497,353.34,238.5,283.55,238.5
283.4,86.307,353.65,86.307,353.65,239.29,283.4,239.29
282.29,85.413,352.57,85.413,352.57,238.47,282.29,238.47
281.68,85.661,351.85,85.661,351.85,238.47,281.68,238.47
281.57,85.792,351.85,85.792,351.85,238.83,281.57,238.83
280.95,85.261,351.15,85.261,351.15,238.15,280.95,238.15
281.23,84.36,351.47,84.36,351.47,237.32,281.23,237.32
280.32,83.361,350.25,83.361,350.25,235.67,280.32,235.67
279.58,82.224,349.24,82.224,349.24,233.92,279.58,233.92
279.61,82.428,349.04,82.428,349.04,233.64,279.61,233.64
279.92,82.903,349.07,82.903,349.07,233.49,279.92,233.49
279.91,83.29,349.26,83.29,349.26,234.3,279.91,234.3
280.25,81.697,350.01,81.697,350.01,233.62,280.25,233.62
280.79,81.443,350.74,81.443,350.74,233.77,280.79,233.77
280.59,81.068,350.77,81.068,350.77,233.89,280.59,233.89
281.12,80.878,351.84,80.878,351.84,234.88,281.12,234.88
279.69,77.688,350.84,77.688,350.84,232.64,279.69,232.64
280.12,76.651,351.32,76.651,351.32,231.71,280.12,231.71
280.22,75.246,352.48,75.246,352.48,232.62,280.22,232.62
279.24,74.421,351.14,74.421,351.14,231,279.24,231
280.23,75.518,352.89,75.518,352.89,233.75,280.23,233.75
279.62,74.885,352.86,74.885,352.86,234.37,279.62,234.37
279.22,73.801,352.93,73.801,352.93,234.31,279.22,234.31
279.23,73.266,353.19,73.266,353.19,234.33,279.23,234.33
279.28,73.964,352.33,73.964,352.33,233.06,279.28,233.06
278.89,73.425,351.82,73.425,351.82,232.26,278.89,232.26
277.28,72.686,349.72,72.686,349.72,230.45,277.28,230.45
278.51,72.704,350.8,72.704,350.8,230.12,278.51,230.12
277.38,71.138,349.29,71.138,349.29,227.74,277.38,227.74
278.04,72.93,349.66,72.93,349.66,228.91,278.04,228.91
277.07,71.532,347.86,71.532,347.86,225.69,277.07,225.69
278.08,73.669,349.05,73.669,349.05,228.22,278.08,228.22
277.43,72.324,348.67,72.324,348.67,227.47,277.43,227.47
277.52,73.147,348.82,73.147,348.82,228.43,277.52,228.43
277.89,72.943,349.03,72.943,349.03,227.86,277.89,227.86
277.51,72.357,348.79,72.357,348.79,227.59,277.51,227.59
277.74,71.684,349.45,71.684,349.45,227.85,277.74,227.85
277.36,69.444,349.5,69.444,349.5,226.54,277.36,226.54
276.83,69.134,348.95,69.134,348.95,226.19,276.83,226.19
277.02,68.908,348.8,68.908,348.8,225.24,277.02,225.24
277.86,70.476,349.68,70.476,349.68,226.88,277.86,226.88
278.41,68.964,350.69,68.964,350.69,226.38,278.41,226.38
277.59,67.356,349.3,67.356,349.3,223.51,277.59,223.51
276.99,68.026,348.15,68.026,348.15,223,276.99,223
278.21,66.739,350.45,66.739,350.45,224.07,278.21,224.07
277.16,65.208,349.24,65.208,349.24,222.18,277.16,222.18
277.55,65.113,349.31,65.113,349.31,221.4,277.55,221.4
277.77,67.392,349.67,67.392,349.67,223.97,277.77,223.97
278.44,64.745,351.3,64.745,351.3,223.42,278.44,223.42
277.54,64.198,349.62,64.198,349.62,221.17,277.54,221.17
279.18,63.928,352.21,63.928,352.21,222.97,279.18,222.97
278.22,62.627,351.94,62.627,351.94,223.17,278.22,223.17
278.76,61.766,353.4,61.766,353.4,224.32,278.76,224.32
279.07,59.007,354.88,59.007,354.88,224.1,279.07,224.1
281.52,58.108,357.61,58.108,357.61,223.8,281.52,223.8
281.91,55.877,358.35,55.877,358.35,222.36,281.91,222.36
282.47,53.826,359.78,53.826,359.78,222.19,282.47,222.19
282.71,50.541,360.85,50.541,360.85,220.72,282.71,220.72
282.21,47.236,361.38,47.236,361.38,219.64,282.21,219.64
282.84,45.222,363.59,45.222,363.59,221.09,282.84,221.09
283.33,42.836,365.69,42.836,365.69,222.21,283.33,222.21
283.33,39.748,367.11,39.748,367.11,222.2,283.33,222.2
285.05,40.765,370.13,40.765,370.13,226.03,285.05,226.03
283.14,44.355,368.12,44.355,368.12,229.41,283.14,229.41
283.47,42.221,368.5,42.221,368.5,227.4,283.47,227.4
283.35,43.155,368.85,43.155,368.85,229.36,283.35,229.36
285.27,39.503,371.49,39.503,371.49,227.27,285.27,227.27
285.21,36.174,373,36.174,373,227.36,285.21,227.36
285.61,34.871,374.43,34.871,374.43,228.3,285.61,228.3
283.19,30.899,372.58,30.899,372.58,225.56,283.19,225.56
282.79,28.979,372.12,28.979,372.12,223.53,282.79,223.53
284.24,28.002,375.06,28.002,375.06,225.77,284.24,225.77
282.18,25.492,373.19,25.492,373.19,223.7,282.18,223.7
282.56,26.836,374.25,26.836,374.25,226.5,282.56,226.5
