507.5,59.5,522.5,59.5,522.5,102.5,507.5,102.5
507.91,60.557,522.84,60.557,522.84,103.36,507.91,103.36
508.07,61.195,522.92,61.195,522.92,103.75,508.07,103.75
507.97,60.358,522.73,60.358,522.73,102.69,507.97,102.69
508.14,60.465,523.23,60.465,523.23,103.74,508.14,103.74
507.69,60.174,522.81,60.174,522.81,103.51,507.69,103.51
507.13,60.48,522.34,60.48,522.34,104.08,507.13,104.08
507.57,61.289,522.76,61.289,522.76,104.85,507.57,104.85
507.3,61.131,522.55,61.131,522.55,104.85,507.3,104.85
506.96,61.13,522.38,61.13,522.38,105.33,506.96,105.33
506.51,60.558,521.79,60.558,521.79,104.36,506.51,104.36
507.04,61.152,522.29,61.152,522.29,104.88,507.04,104.88
506.79,61.422,522.03,61.422,522.03,105.11,506.79,105.11
506.9,61.12,522.26,61.12,522.26,105.15,506.9,105.15
506.24,61.026,521.51,61.026,521.51,104.78,506.24,104.78
506.87,61.146,522.08,61.146,522.08,104.74,506.87,104.74
506.77,61.487,522.01,61.487,522.01,105.18,506.77,105.18
506.6,61.349,521.97,61.349,521.97,105.42,506.6,105.42
506.24,60.588,521.58,60.588,521.58,104.55,506.24,104.55
506.28,60.694,521.6,60.694,521.6,104.62,506.28,104.62
506.61,60.858,522.13,60.858,522.13,105.34,506.61,105.34
506.33,61.156,521.75,61.156,521.75,105.35,506.33,105.35
506.3,60.781,521.55,60.781,521.55,104.49,506.3,104.49
506.45,61.42,521.73,61.42,521.73,105.21,506.45,105.21
506.49,61.128,521.82,61.128,521.82,105.07,506.49,105.07
505.96,60.701,521.38,60.701,521.38,104.92,505.96,104.92
505.95,60.711,521.24,60.711,521.24,104.55,505.95,104.55
506.66,61.613,521.9,61.613,521.9,105.31,506.66,105.31
506.2,61.094,521.59,61.094,521.59,105.21,506.2,105.21
505.71,60.749,521.05,60.749,521.05,104.71,505.71,104.71
505.79,60.763,521.06,60.763,521.06,104.55,505.79,104.55
506.2,61.36,521.57,61.36,521.57,105.43,506.2,105.43
505.61,60.829,520.82,60.829,520.82,104.41,505.61,104.41
506.18,61.657,521.51,61.657,521.51,105.62,506.18,105.62
505.5,60.987,520.79,60.987,520.79,104.83,505.5,104.83
505.83,61.382,521.21,61.382,521.21,105.47,505.83,105.47
505.4,60.924,520.64,60.924,520.64,104.59,505.4,104.59
506.08,61.438,521.33,61.438,521.33,105.17,506.08,105.17
505.94,61.452,521.17,61.452,521.17,105.09,505.94,105.09
505.97,61.632,521.23,61.632,521.23,105.38,505.97,105.38
506.05,61.456,521.31,61.456,521.31,105.22,506.05,105.22
505.86,61.394,521.19,61.394,521.19,105.32,505.86,105.32
506.04,61.431,521.32,61.431,521.32,105.22,506.04,105.22
506.04,61.534,521.26,61.534,521.26,105.19,506.04,105.19
505.93,61.32,521.23,61.32,521.23,105.17,505.93,105.17
505.85,61.314,521.16,61.314,521.16,105.2,505.85,105.2
506.05,61.091,521.35,61.091,521.35,104.93,506.05,104.93
506.33,61.488,521.59,61.488,521.59,105.23,506.33,105.23
506.43,61.292,521.68,61.292,521.68,105.01,506.43,105.01
506.38,61.277,521.68,61.277,521.68,105.14,506.38,105.14
506.27,61.148,521.66,61.148,521.66,105.28,506.27,105.28
505.88,60.762,521.12,60.762,521.12,104.45,505.88,104.45
506.25,61.499,521.49,61.499,521.49,105.17,506.25,105.17
506.59,61.51,521.84,61.51,521.84,105.25,506.59,105.25
506.46,61.442,521.66,61.442,521.66,105,506.46,105
506.61,61.588,521.79,61.588,521.79,105.09,506.61,105.09
506.28,61.205,521.38,61.205,521.38,104.49,506.28,104.49
506.36,60.992,521.41,60.992,521.41,104.13,506.36,104.13
506.72,61.832,521.78,61.832,521.78,105,506.72,105
506.8,61.647,521.93,61.647,521.93,105.01,506.8,105.01
506.45,60.979,521.49,60.979,521.49,104.09,506.45,104.09
506.9,61.818,522,61.818,522,105.09,506.9,105.09
506.46,60.954,521.49,60.954,521.49,104.04,506.46,104.04
506.8,61.672,521.84,61.672,521.84,104.79,506.8,104.79
506.74,61.751,521.82,61.751,521.82,104.96,506.74,104.96
506.3,61.082,521.36,61.082,521.36,104.26,506.3,104.26
506.1,61.142,521.13,61.142,521.13,104.24,506.1,104.24
506.66,61.629,521.73,61.629,521.73,104.85,506.66,104.85
506.19,60.993,521.28,60.993,521.28,104.23,506.19,104.23
506.22,60.995,521.31,60.995,521.31,104.26,506.22,104.26
506.2,61.134,521.27,61.134,521.27,104.33,506.2,104.33
506.26,61.332,521.3,61.332,521.3,104.43,506.26,104.43
506.85,61.564,521.92,61.564,521.92,104.77,506.85,104.77
506.38,60.986,521.41,60.986,521.41,104.09,506.38,104.09
506.76,61.792,521.79,61.792,521.79,104.88,506.76,104.88
506.7,61.711,521.74,61.711,521.74,104.82,506.7,104.82
506.76,61.823,521.81,61.823,521.81,104.98,506.76,104.98
506.79,61.693,521.86,61.693,521.86,104.9,506.79,104.9
506.36,61.298,521.37,61.298,521.37,104.32,506.36,104.32
506.93,61.774,521.95,61.774,521.95,104.85,506.93,104.85
506.79,61.723,521.84,61.723,521.84,104.87,506.79,104.87
506.82,61.708,521.88,61.708,521.88,104.88,506.82,104.88
506.27,61.332,521.23,61.332,521.23,104.2,506.27,104.2
506.97,61.855,521.95,61.855,521.95,104.78,506.97,104.78
506.87,62.239,521.87,62.239,521.87,105.24,506.87,105.24
507.08,73.784,522.11,73.784,522.11,116.89,507.08,116.89
506.98,74.918,522.05,74.918,522.05,118.13,506.98,118.13
506.56,74.56,521.52,74.56,521.52,117.43,506.56,117.43
507.13,74.841,522.14,74.841,522.14,117.85,507.13,117.85
507.22,75.072,522.28,75.072,522.28,118.23,507.22,118.23
507.54,74.8,522.6,74.8,522.6,117.99,507.54,117.99
506.93,74.33,522.07,74.33,522.07,117.75,506.93,117.75
507.26,74.512,522.24,74.512,522.24,117.43,507.26,117.43
507.84,75.05,522.91,75.05,522.91,118.26,507.84,118.26
507.15,78.317,522.31,78.317,522.31,121.78,507.15,121.78
507.48,89.747,522.66,89.747,522.66,133.27,507.48,133.27
507.74,91.472,522.97,91.472,522.97,135.13,507.74,135.13
508.41,92.203,523.65,92.203,523.65,135.87,508.41,135.87
508.91,92.108,524.13,92.108,524.13,135.75,508.91,135.75
509.57,92.032,524.83,92.032,524.83,135.78,509.57,135.78
510.15,91.963,525.45,91.963,525.45,135.81,510.15,135.81
510.77,91.983,526.09,91.983,526.09,135.89,510.77,135.89
510.94,91.86,526.28,91.86,526.28,135.85,510.94,135.85
510.64,91.287,525.99,91.287,525.99,135.28,510.64,135.28
510.59,91.431,525.94,91.431,525.94,135.44,510.59,135.44
510.56,91.798,525.89,91.798,525.89,135.77,510.56,135.77
510.53,92.146,525.87,92.146,525.87,136.12,510.53,136.12
509.93,92.945,525.29,92.945,525.29,137,509.93,137
509.36,93.384,524.65,93.384,524.65,137.2,509.36,137.2
509.25,94.135,524.63,94.135,524.63,138.23,509.25,138.23
507.79,93.331,523.17,93.331,523.17,137.44,507.79,137.44
507.61,93.486,522.95,93.486,522.95,137.47,507.61,137.47
507.51,93.685,522.83,93.685,522.83,137.58,507.51,137.58
507.93,94.204,523.29,94.204,523.29,138.23,507.93,138.23
507.19,94.12,522.54,94.12,522.54,138.11,507.19,138.11
506.89,94.845,522.29,94.845,522.29,138.98,506.89,138.98
506.94,95.191,522.34,95.191,522.34,139.35,506.94,139.35
506.69,95.979,522.1,95.979,522.1,140.14,506.69,140.14
506.54,95.987,522.06,95.987,522.06,140.46,506.54,140.46
506.74,96.354,522.28,96.354,522.28,140.88,506.74,140.88
506.39,96.489,521.95,96.489,521.95,141.1,506.39,141.1
505.54,96.944,521.14,96.944,521.14,141.65,505.54,141.65
504.37,98.537,519.92,98.537,519.92,143.12,504.37,143.12
503.41,98.816,519.06,98.816,519.06,143.69,503.41,143.69
502.7,98.236,518.28,98.236,518.28,142.89,502.7,142.89
502.83,98.609,518.43,98.609,518.43,143.33,502.83,143.33
502.66,98.139,518.16,98.139,518.16,142.57,502.66,142.57
503.08,99.541,518.67,99.541,518.67,144.25,503.08,144.25
503.77,99.22,519.3,99.22,519.3,143.72,503.77,143.72
503.76,99.315,519.29,99.315,519.29,143.85,503.76,143.85
504.1,99.217,519.68,99.217,519.68,143.87,504.1,143.87
504.1,99.19,519.69,99.19,519.69,143.88,504.1,143.88
504.43,99.558,519.95,99.558,519.95,144.05,504.43,144.05
504.49,99.307,519.94,99.307,519.94,143.61,504.49,143.61
504.11,98.883,519.61,98.883,519.61,143.31,504.11,143.31
504.65,99.615,520.16,99.615,520.16,144.07,504.65,144.07
504.47,99.411,519.96,99.411,519.96,143.82,504.47,143.82
504.72,99.55,520.2,99.55,520.2,143.94,504.72,143.94
504.47,99.603,519.9,99.603,519.9,143.84,504.47,143.84
504.23,98.942,519.72,98.942,519.72,143.34,504.23,143.34
504.64,99.777,520.04,99.777,520.04,143.92,504.64,143.92
503.77,99.204,519.21,99.204,519.21,143.46,503.77,143.46
503.82,99.268,519.31,99.268,519.31,143.65,503.82,143.65
504.21,99.717,519.81,99.717,519.81,144.44,504.21,144.44
503.17,99.346,518.78,99.346,518.78,144.08,503.17,144.08
502.86,99.869,518.39,99.869,518.39,144.41,502.86,144.41
503,100.6,518.63,100.6,518.63,145.4,503,145.4
501.97,100.6,517.62,100.6,517.62,145.45,501.97,145.45
501.32,101.62,516.85,101.62,516.85,146.13,501.32,146.13
501.69,102.51,517.2,102.51,517.2,146.97,501.69,146.97
500.74,102.54,516.21,102.54,516.21,146.91,500.74,146.91
500.27,102.74,515.8,102.74,515.8,147.25,500.27,147.25
500,102.56,515.48,102.56,515.48,146.92,500,146.92
499.64,103.39,515.04,103.39,515.04,147.54,499.64,147.54
498.94,104.09,514.34,104.09,514.34,148.24,498.94,148.24
498.7,104.55,514.12,104.55,514.12,148.74,498.7,148.74
498.31,104.75,513.65,104.75,513.65,148.71,498.31,148.71
497.96,105.13,513.4,105.13,513.4,149.38,497.96,149.38
497.67,104.79,513.06,104.79,513.06,148.92,497.67,148.92
497.17,104.89,512.54,104.89,512.54,148.95,497.17,148.95
497,105.35,512.35,105.35,512.35,149.35,497,149.35
496.9,106.24,512.25,106.24,512.25,150.27,496.9,150.27
496.59,107.03,511.96,107.03,511.96,151.08,496.59,151.08
496.15,107.24,511.48,107.24,511.48,151.17,496.15,151.17
496.48,107.83,511.96,107.83,511.96,152.21,496.48,152.21
496.22,107.65,511.7,107.65,511.7,152.03,496.22,152.03
496.08,107.11,511.63,107.11,511.63,151.7,496.08,151.7
495.91,107.33,511.5,107.33,511.5,152.02,495.91,152.02
495.96,107.22,511.64,107.22,511.64,152.18,495.96,152.18
495.29,107.28,510.94,107.28,510.94,152.14,495.29,152.14
495.4,107.56,511.08,107.56,511.08,152.52,495.4,152.52
495.44,107.76,511.2,107.76,511.2,152.93,495.44,152.93
496.04,108.33,511.86,108.33,511.86,153.66,496.04,153.66
496.18,108.33,511.91,108.33,511.91,153.44,496.18,153.44
496.11,108.36,511.87,108.36,511.87,153.54,496.11,153.54
496.11,108.21,511.9,108.21,511.9,153.48,496.11,153.48
496.04,108.15,511.89,108.15,511.89,153.6,496.04,153.6
495.9,108.09,511.74,108.09,511.74,153.5,495.9,153.5
495.13,109.12,511.13,109.12,511.13,154.98,495.13,154.98
494.43,108.65,510.38,108.65,510.38,154.36,494.43,154.36
494.19,108.66,510.14,108.66,510.14,154.38,494.19,154.38
494.26,108.62,510.23,108.62,510.23,154.4,494.26,154.4
494.48,108.93,510.44,108.93,510.44,154.68,494.48,154.68
494.09,108.78,510.13,108.78,510.13,154.74,494.09,154.74
494.74,109.36,510.84,109.36,510.84,155.54,494.74,155.54
494.47,109.25,510.63,109.25,510.63,155.58,494.47,155.58
493.77,108.76,509.86,108.76,509.86,154.88,493.77,154.88
494.46,109.45,510.56,109.45,510.56,155.59,494.46,155.59
494.52,109.21,510.64,109.21,510.64,155.42,494.52,155.42
494.46,109.05,510.6,109.05,510.6,155.32,494.46,155.32
494.09,108.68,510.07,108.68,510.07,154.49,494.09,154.49
494.45,108.62,510.39,108.62,510.39,154.31,494.45,154.31
494.32,108.94,510.26,108.94,510.26,154.65,494.32,154.65
494.39,108.6,510.36,108.6,510.36,154.38,494.39,154.38
494.29,108.97,510.25,108.97,510.25,154.72,494.29,154.72
494.14,108.53,510.08,108.53,510.08,154.21,494.14,154.21
494.11,108.75,510.08,108.75,510.08,154.52,494.11,154.52
493.98,108.21,510,108.21,510,154.15,493.98,154.15
494.48,108.95,510.63,108.95,510.63,155.24,494.48,155.24
493.99,108.37,510.03,108.37,510.03,154.37,493.99,154.37
494.41,108.97,510.56,108.97,510.56,155.28,494.41,155.28
493.65,108.05,509.78,108.05,509.78,154.31,493.65,154.31
494.18,108.96,510.2,108.96,510.2,154.89,494.18,154.89
494.15,108.63,510.12,108.63,510.12,154.41,494.15,154.41
493.87,108.23,509.75,108.23,509.75,153.75,493.87,153.75
493.75,108.45,509.63,108.45,509.63,153.97,493.75,153.97
493.54,108.22,509.46,108.22,509.46,153.86,493.54,153.86
493.84,108.12,509.85,108.12,509.85,154.02,493.84,154.02
494.28,108.41,510.28,108.41,510.28,154.28,494.28,154.28
494.18,108.25,510.05,108.25,510.05,153.74,494.18,153.74
494.95,108.9,510.84,108.9,510.84,154.43,494.95,154.43
494.39,108.33,510.29,108.33,510.29,153.93,494.39,153.93
477.03,108.54,493.03,108.54,493.03,154.41,477.03,154.41
461.56,108.7,477.59,108.7,477.59,154.64,461.56,154.64
449.06,109.01,465.03,109.01,465.03,154.81,449.06,154.81
441.68,108.06,457.69,108.06,457.69,153.94,441.68,153.94
441.63,108.91,457.78,108.91,457.78,155.23,441.63,155.23
441.89,107.89,458.11,107.89,458.11,154.38,441.89,154.38
442.32,107.25,458.35,107.25,458.35,153.21,442.32,153.21
443.95,107.31,460.04,107.31,460.04,153.44,443.95,153.44
433.97,107.1,450.17,107.1,450.17,153.52,433.97,153.52
416.83,106.16,432.85,106.16,432.85,152.09,416.83,152.09
399.83,107.07,415.93,107.07,415.93,153.23,399.83,153.23
395.38,107.3,411.5,107.3,411.5,153.53,395.38,153.53
396.17,106.74,412.19,106.74,412.19,152.66,396.17,152.66
396.33,106.44,412.26,106.44,412.26,152.11,396.33,152.11
396.27,105.54,412.07,105.54,412.07,150.82,396.27,150.82
398.38,105.74,414.17,105.74,414.17,151,398.38,151
399.27,105.59,415.03,105.59,415.03,150.78,399.27,150.78
400,105.32,415.68,105.32,415.68,150.27,400,150.27
400.38,103.83,415.98,103.83,415.98,148.54,400.38,148.54
401.74,103.5,417.46,103.5,417.46,148.56,401.74,148.56
401.79,102.59,417.33,102.59,417.33,147.15,401.79,147.15
402.36,102.6,418.01,102.6,418.01,147.49,402.36,147.49
402.34,102.48,417.88,102.48,417.88,147.03,402.34,147.03
403.14,102.48,418.69,102.48,418.69,147.06,403.14,147.06
403.82,101.88,419.42,101.88,419.42,146.6,403.82,146.6
403.98,100.29,419.44,100.29,419.44,144.63,403.98,144.63
405.34,100.44,420.74,100.44,420.74,144.56,405.34,144.56
405.11,99.857,420.44,99.857,420.44,143.78,405.11,143.78
406.66,100.26,422.03,100.26,422.03,144.31,406.66,144.31
406.23,99.707,421.6,99.707,421.6,143.78,406.23,143.78
406.9,99.136,422.27,99.136,422.27,143.2,406.9,143.2
407,98.149,422.47,98.149,422.47,142.49,407,142.49
407.69,97.992,423.26,97.992,423.26,142.61,407.69,142.61
407.7,97.589,423.37,97.589,423.37,142.49,407.7,142.49
407.54,96.699,423.17,96.699,423.17,141.49,407.54,141.49
407.65,96.594,423.16,96.594,423.16,141.07,407.65,141.07
408.42,97.112,423.96,97.112,423.96,141.68,408.42,141.68
408.2,95.725,423.77,95.725,423.77,140.36,408.2,140.36
408.34,96.007,424.02,96.007,424.02,140.97,408.34,140.97
408.34,94.418,423.92,94.418,423.92,139.09,408.34,139.09
409.67,94.239,425.21,94.239,425.21,138.79,409.67,138.79
409.5,94.596,425.02,94.596,425.02,139.08,409.5,139.08
410,93.948,425.55,93.948,425.55,138.52,410,138.52
410.32,93.55,425.82,93.55,425.82,137.96,410.32,137.96
410.6,92.9,425.99,92.9,425.99,137.02,410.6,137.02
410.31,92.287,425.69,92.287,425.69,136.38,410.31,136.38
409.78,92.545,425.14,92.545,425.14,136.58,409.78,136.58
410.07,92.042,425.43,92.042,425.43,136.06,410.07,136.06
409.79,92.008,425.06,92.008,425.06,135.77,409.79,135.77
410.64,91.837,425.87,91.837,425.87,135.49,410.64,135.49
411.14,91.561,426.35,91.561,426.35,135.16,411.14,135.16
411.04,91.682,426.25,91.682,426.25,135.29,411.04,135.29
411.76,91.597,427.01,91.597,427.01,135.32,411.76,135.32
412.88,90.47,428.13,90.47,428.13,134.21,412.88,134.21
413.23,89.61,428.46,89.61,428.46,133.28,413.23,133.28
413.52,88.686,428.71,88.686,428.71,132.21,413.52,132.21
413.63,87.693,428.78,87.693,428.78,131.12,413.63,131.12
413.9,88.318,428.96,88.318,428.96,131.49,413.9,131.49
414.34,87.514,429.51,87.514,429.51,130.99,414.34,130.99
414.6,86.567,429.69,86.567,429.69,129.84,414.6,129.84
415.06,86.266,430.26,86.266,430.26,129.84,415.06,129.84
416.01,86.584,431.23,86.584,431.23,130.21,416.01,130.21
416.4,86.716,431.62,86.716,431.62,130.35,416.4,130.35
417.07,86.063,432.29,86.063,432.29,129.69,417.07,129.69
417.57,85.112,432.72,85.112,432.72,128.53,417.57,128.53
417.73,83.906,432.84,83.906,432.84,127.22,417.73,127.22
418.23,83.74,433.33,83.74,433.33,127.04,418.23,127.04
418.83,83.785,433.94,83.785,433.94,127.09,418.83,127.09
419.28,82.826,434.36,82.826,434.36,126.06,419.28,126.06
420.34,82.49,435.29,82.49,435.29,125.35,420.34,125.35
421.05,82.553,436.04,82.553,436.04,125.53,421.05,125.53
420.94,82.321,435.9,82.321,435.9,125.2,420.94,125.2
422.34,81.652,437.31,81.652,437.31,124.59,422.34,124.59
424.56,81.676,439.37,81.676,439.37,124.15,424.56,124.15
424.56,80.65,439.34,80.65,439.34,123.02,424.56,123.02
425.74,80.626,440.51,80.626,440.51,122.94,425.74,122.94
425.74,79.863,440.65,79.863,440.65,122.59,425.74,122.59
425.58,79.296,440.39,79.296,440.39,121.75,425.58,121.75
425.74,79.164,440.51,79.164,440.51,121.51,425.74,121.51
426.74,79.762,441.59,79.762,441.59,122.34,426.74,122.34
426.43,79.455,441.19,79.455,441.19,121.77,426.43,121.77
426.84,79.703,441.71,79.703,441.71,122.34,426.84,122.34
425.98,79.144,440.72,79.144,440.72,121.4,425.98,121.4
427.35,79.698,442.04,79.698,442.04,121.79,427.35,121.79
426.85,79.265,441.54,79.265,441.54,121.39,426.85,121.39
426.82,79.366,441.5,79.366,441.5,121.45,426.82,121.45
427.04,79.478,441.71,79.478,441.71,121.52,427.04,121.52
427.03,79.656,441.67,79.656,441.67,121.62,427.03,121.62
426.35,79.153,441.02,79.153,441.02,121.22,426.35,121.22
427.07,79.466,441.71,79.466,441.71,121.43,427.07,121.43
426.59,78.295,441.13,78.295,441.13,119.98,426.59,119.98
426.98,77.943,441.32,77.943,441.32,119.04,426.98,119.04
427.15,77.675,441.41,77.675,441.41,118.54,427.15,118.54
427.02,77.605,441.17,77.605,441.17,118.15,427.02,118.15
428.13,78.145,442.24,78.145,442.24,118.59,428.13,118.59
427.78,78.112,441.83,78.112,441.83,118.39,427.78,118.39
427.75,78.253,441.77,78.253,441.77,118.47,427.75,118.47
427.84,78.302,441.82,78.302,441.82,118.4,427.84,118.4
428.41,78.204,442.21,78.204,442.21,117.76,428.41,117.76
428.45,77.608,442.23,77.608,442.23,117.12,428.45,117.12
428.51,77.721,442.22,77.721,442.22,117.01,428.51,117.01
429.63,78.028,443.32,78.028,443.32,117.29,429.63,117.29
429.03,78.036,442.73,78.036,442.73,117.3,429.03,117.3
429.8,78.237,443.47,78.237,443.47,117.43,429.8,117.43
429.62,78.384,443.27,78.384,443.27,117.49,429.62,117.49
430.14,78.124,443.77,78.124,443.77,117.19,430.14,117.19
430.33,77.482,443.9,77.482,443.9,116.37,430.33,116.37
429.99,76.79,443.52,76.79,443.52,115.57,429.99,115.57
430.25,76.884,443.59,76.884,443.59,115.12,430.25,115.12
431.04,76.64,444.4,76.64,444.4,114.93,431.04,114.93
430.89,76.397,444.35,76.397,444.35,114.99,430.89,114.99
430.91,75.817,444.38,75.817,444.38,114.43,430.91,114.43
430.68,76.121,444.16,76.121,444.16,114.76,430.68,114.76
431,76.266,444.4,76.266,444.4,114.7,431,114.7
431.3,76.619,444.71,76.619,444.71,115.08,431.3,115.08
431.54,76.186,444.93,76.186,444.93,114.56,431.54,114.56
431.1,75.986,444.54,75.986,444.54,114.53,431.1,114.53
430.77,75.036,444.28,75.036,444.28,113.76,430.77,113.76
431.31,74.986,444.77,74.986,444.77,113.57,431.31,113.57
431.23,74.715,444.74,74.715,444.74,113.44,431.23,113.44
432.45,74.692,445.95,74.692,445.95,113.41,432.45,113.41
433.28,74.699,446.75,74.699,446.75,113.33,433.28,113.33
434.05,73.63,447.55,73.63,447.55,112.31,434.05,112.31
434.37,73.084,447.91,73.084,447.91,111.88,434.37,111.88
434.8,72.598,448.37,72.598,448.37,111.49,434.8,111.49
435.22,72.172,448.8,72.172,448.8,111.09,435.22,111.09
435.86,72.43,449.43,72.43,449.43,111.34,435.86,111.34
435.88,71.806,449.47,71.806,449.47,110.76,435.88,110.76
436.47,72.365,450.02,72.365,450.02,111.2,436.47,111.2
436.03,71.601,449.56,71.601,449.56,110.38,436.03,110.38
436.3,71.921,449.83,71.921,449.83,110.7,436.3,110.7
436.9,71.798,450.41,71.798,450.41,110.54,436.9,110.54
437.12,71.705,450.61,71.705,450.61,110.39,437.12,110.39
437.64,71.706,451.09,71.706,451.09,110.26,437.64,110.26
