409.5,242.5,491.5,242.5,491.5,286.5,409.5,286.5
411.31,242.35,492.81,242.35,492.81,286.09,411.31,286.09
409.81,242.63,491.84,242.63,491.84,286.65,409.81,286.65
424.73,240.89,507.39,240.89,507.39,285.24,424.73,285.24
433.29,242.11,517.89,242.11,517.89,287.5,433.29,287.5
435.25,241.91,518.86,241.91,518.86,286.78,435.25,286.78
439.91,242.36,523.17,242.36,523.17,287.04,439.91,287.04
445.68,243.99,527.41,243.99,527.41,287.85,445.68,287.85
447.66,244.23,527.99,244.23,527.99,287.33,447.66,287.33
455.05,243.77,536.54,243.77,536.54,287.5,455.05,287.5
460.89,243.74,541.06,243.74,541.06,286.75,460.89,286.75
466.57,241.51,547.54,241.51,547.54,284.96,466.57,284.96
467,238.98,548.54,238.98,548.54,282.72,467,282.72
476.29,238.61,556.13,238.61,556.13,281.46,476.29,281.46
480.23,235.58,560.13,235.58,560.13,278.45,480.23,278.45
485.75,236.65,564.83,236.65,564.83,279.08,485.75,279.08
489.09,237.09,567.86,237.09,567.86,279.36,489.09,279.36
491.9,238.34,571.17,238.34,571.17,280.88,491.9,280.88
501.31,240.02,579.99,240.02,579.99,282.25,501.31,282.25
504.6,238.39,583.37,238.39,583.37,280.66,504.6,280.66
512.77,238.86,591.13,238.86,591.13,280.9,512.77,280.9
519.63,239.01,597.46,239.01,597.46,280.77,519.63,280.77
522.83,237.44,599.63,237.44,599.63,278.64,522.83,278.64
485.59,252.65,564.74,252.65,564.74,295.12,485.59,295.12
509.8,266.76,588.54,266.76,588.54,309.01,509.8,309.01
531.09,280.86,612.22,280.86,612.22,324.39,531.09,324.39
480.29,289.48,562.1,289.48,562.1,333.38,480.29,333.38
410.12,239.28,492.26,239.28,492.26,283.36,410.12,283.36
411.26,238.46,493.51,238.46,493.51,282.6,411.26,282.6
414.6,238.05,497.74,238.05,497.74,282.66,414.6,282.66
419.03,232.99,501.38,232.99,501.38,277.18,419.03,277.18
428.57,235.99,510.53,235.99,510.53,279.97,428.57,279.97
440.66,237.59,520.73,237.59,520.73,280.55,440.66,280.55
431.39,239.09,510.64,239.09,510.64,281.62,431.39,281.62
440.74,238.17,519.68,238.17,519.68,280.53,440.74,280.53
441.01,241.24,519.62,241.24,519.62,283.42,441.01,283.42
444.52,239.6,523.32,239.6,523.32,281.88,444.52,281.88
462.52,237.15,540.46,237.15,540.46,278.97,462.52,278.97
461.91,235.42,540.15,235.42,540.15,277.4,461.91,277.4
434.02,233.22,513.25,233.22,513.25,275.73,434.02,275.73
434.22,219.23,514.27,219.23,514.27,262.19,434.22,262.19
446.94,224,527.49,224,527.49,267.22,446.94,267.22
403.55,230.81,484.93,230.81,484.93,274.47,403.55,274.47
417.65,246.13,499.26,246.13,499.26,289.92,417.65,289.92
371.93,244.88,453.62,244.88,453.62,288.71,371.93,288.71
353.26,238.44,435.19,238.44,435.19,282.41,353.26,282.41
362.22,235.1,444.73,235.1,444.73,279.37,362.22,279.37
369.75,238.18,451.97,238.18,451.97,282.3,369.75,282.3
371.93,237.22,454.9,237.22,454.9,281.74,371.93,281.74
377.41,236.79,461.05,236.79,461.05,281.67,377.41,281.67
377.99,237.13,461.56,237.13,461.56,281.98,377.99,281.98
386.08,239.18,470.21,239.18,470.21,284.32,386.08,284.32
386.62,226.61,469.72,226.61,469.72,271.2,386.62,271.2
385.89,192.93,468.67,192.93,468.67,237.35,385.89,237.35
400.34,200.18,484.28,200.18,484.28,245.22,400.34,245.22
382.37,195.56,465.72,195.56,465.72,240.28,382.37,240.28
382.75,192.04,466.42,192.04,466.42,236.94,382.75,236.94
432.29,214.32,516.19,214.32,516.19,259.34,432.29,259.34
416.51,247.38,500.29,247.38,500.29,292.33,416.51,292.33
417.89,238.4,501.9,238.4,501.9,283.47,417.89,283.47
411.37,254.45,495.34,254.45,495.34,299.51,411.37,299.51
319.2,235.76,403.54,235.76,403.54,281.01,319.2,281.01
320.49,234.12,405.31,234.12,405.31,279.63,320.49,279.63
324.04,236.02,408.55,236.02,408.55,281.36,324.04,281.36
325.35,236.55,409.6,236.55,409.6,281.75,325.35,281.75
330.87,233.06,414.64,233.06,414.64,278.01,330.87,278.01
326.65,233.95,410.4,233.95,410.4,278.88,326.65,278.88
329.97,232.67,413.81,232.67,413.81,277.66,329.97,277.66
328.5,232.88,412.49,232.88,412.49,277.95,328.5,277.95
346.38,236.5,430.96,236.5,430.96,281.89,346.38,281.89
348.85,234.13,434.74,234.13,434.74,280.22,348.85,280.22
343.08,230.49,429.88,230.49,429.88,277.06,343.08,277.06
354.66,230.86,442.21,230.86,442.21,277.84,354.66,277.84
340.57,226.13,428.41,226.13,428.41,273.27,340.57,273.27
344.27,226.59,432.63,226.59,432.63,274.01,344.27,274.01
341.49,225.43,430.53,225.43,430.53,273.21,341.49,273.21
350.65,219.94,440.39,219.94,440.39,268.09,350.65,268.09
352.98,221.13,444.21,221.13,444.21,270.08,352.98,270.08
357.1,220.99,448.88,220.99,448.88,270.23,357.1,270.23
358.52,219.11,450.14,219.11,450.14,268.27,358.52,268.27
362.11,217.06,452.61,217.06,452.61,265.62,362.11,265.62
364.53,216.63,454.41,216.63,454.41,264.86,364.53,264.86
360.31,220.76,450.42,220.76,450.42,269.11,360.31,269.11
363.45,219.56,452.56,219.56,452.56,267.38,363.45,267.38
364.29,219.11,452.65,219.11,452.65,266.53,364.29,266.53
365.58,216.58,452.68,216.58,452.68,263.32,365.58,263.32
368.19,217.65,454.94,217.65,454.94,264.2,368.19,264.2
364.45,215.21,450.52,215.21,450.52,261.39,364.45,261.39
362.91,213.6,448.7,213.6,448.7,259.64,362.91,259.64
361.02,211.93,447.1,211.93,447.1,258.12,361.02,258.12
362.07,211.92,448.24,211.92,448.24,258.15,362.07,258.15
362.49,211.42,448.98,211.42,448.98,257.82,362.49,257.82
363.32,212.22,449.93,212.22,449.93,258.7,363.32,258.7
359.36,210.9,446.68,210.9,446.68,257.76,359.36,257.76
365.96,213.51,453.2,213.51,453.2,260.33,365.96,260.33
364.2,210.03,451.07,210.03,451.07,256.65,364.2,256.65
364.03,210.21,450.47,210.21,450.47,256.59,364.03,256.59
348.92,206.81,435.63,206.81,435.63,253.34,348.92,253.34
359.39,209.29,446.57,209.29,446.57,256.07,359.39,256.07
360.97,209.69,448.21,209.69,448.21,256.5,360.97,256.5
344.18,209.2,431.86,209.2,431.86,256.25,344.18,256.25
360.62,208.48,448.3,208.48,448.3,255.53,360.62,255.53
360.53,207.43,448,207.43,448,254.37,360.53,254.37
360.53,206.79,448.02,206.79,448.02,253.73,360.53,253.73
359.85,206.01,447.42,206.01,447.42,252.99,359.85,252.99
360,204.66,447.73,204.66,447.73,251.73,360,251.73
356.18,199.6,444.86,199.6,444.86,247.18,356.18,247.18
357.95,201.95,446.68,201.95,446.68,249.56,357.95,249.56
356.89,201.51,446.07,201.51,446.07,249.36,356.89,249.36
356.2,200.18,445.85,200.18,445.85,248.28,356.2,248.28
358.83,200.46,448.62,200.46,448.62,248.64,358.83,248.64
359.27,206.26,448.73,206.26,448.73,254.26,359.27,254.26
350.14,197.24,439.73,197.24,439.73,245.32,350.14,245.32
356.26,198.92,445.85,198.92,445.85,246.99,356.26,246.99
354.49,197.96,444.31,197.96,444.31,246.16,354.49,246.16
354.99,198.59,444.95,198.59,444.95,246.86,354.99,246.86
358.46,210.95,448.04,210.95,448.04,259.02,358.46,259.02
349.03,193.68,439.29,193.68,439.29,242.11,349.03,242.11
359.68,210.57,449.69,210.57,449.69,258.87,359.68,258.87
352.03,194.96,442.33,194.96,442.33,243.41,352.03,243.41
350.03,190.91,439.91,190.91,439.91,239.14,350.03,239.14
355.71,201.62,444.83,201.62,444.83,249.44,355.71,249.44
360.58,209,448.83,209,448.83,256.36,360.58,256.36
358.83,210.12,447.06,210.12,447.06,257.47,358.83,257.47
357.19,206.23,445.87,206.23,445.87,253.81,357.19,253.81
356.76,199.9,445.63,199.9,445.63,247.59,356.76,247.59
355.52,197.08,444.51,197.08,444.51,244.84,355.52,244.84
355.72,198.64,444.76,198.64,444.76,246.42,355.72,246.42
355.5,199.12,444.5,199.12,444.5,246.88,355.5,246.88
351.74,187.69,440.44,187.69,440.44,235.28,351.74,235.28
350.03,187.74,439.08,187.74,439.08,235.53,350.03,235.53
358.08,206.03,447.05,206.03,447.05,253.77,358.08,253.77
357.6,200.09,447.27,200.09,447.27,248.21,357.6,248.21
357.98,201.64,447.74,201.64,447.74,249.8,357.98,249.8
358.26,186.21,447.74,186.21,447.74,234.23,358.26,234.23
359.2,204.76,448.56,204.76,448.56,252.71,359.2,252.71
358.9,204.78,448.07,204.78,448.07,252.62,358.9,252.62
360.77,206.86,449.36,206.86,449.36,254.4,360.77,254.4
365.54,182.33,452.89,182.33,452.89,229.2,365.54,229.2
368.83,181.58,455.01,181.58,455.01,227.82,368.83,227.82
369.62,181.97,455.34,181.97,455.34,227.97,369.62,227.97
369.1,182.44,454.01,182.44,454.01,228.01,369.1,228.01
368.11,182.57,452.64,182.57,452.64,227.93,368.11,227.93
368.32,184.53,452.76,184.53,452.76,229.84,368.32,229.84
367.73,182.74,452.13,182.74,452.13,228.03,367.73,228.03
368.76,181.17,452.34,181.17,452.34,226.01,368.76,226.01
370.86,180.6,453.55,180.6,453.55,224.97,370.86,224.97
372.29,178.44,454.65,178.44,454.65,222.63,372.29,222.63
372.3,179.08,454.44,179.08,454.44,223.15,372.3,223.15
372.34,179.76,454.33,179.76,454.33,223.75,372.34,223.75
371.77,178.9,452.87,178.9,452.87,222.42,371.77,222.42
374.73,176.56,455.66,176.56,455.66,219.99,374.73,219.99
375.93,175.72,456.82,175.72,456.82,219.13,375.93,219.13
376.04,169.92,456.79,169.92,456.79,213.25,376.04,213.25
372.03,167.53,452.72,167.53,452.72,210.82,372.03,210.82
378.11,166.06,458.46,166.06,458.46,209.17,378.11,209.17
375.89,164.44,456.5,164.44,456.5,207.7,375.89,207.7
374.27,162.79,454.73,162.79,454.73,205.96,374.27,205.96
375.45,162.62,455.76,162.62,455.76,205.72,375.45,205.72
376.43,162.65,456.54,162.65,456.54,205.63,376.43,205.63
376.82,162.21,456.77,162.21,456.77,205.12,376.82,205.12
377.44,160.51,456.83,160.51,456.83,203.11,377.44,203.11
376.67,157.41,455.77,157.41,455.77,199.86,376.67,199.86
377.78,155.19,456.55,155.19,456.55,197.46,377.78,197.46
376.52,155.68,455.36,155.68,455.36,197.99,376.52,197.99
375.71,155.66,454.64,155.66,454.64,198.01,375.71,198.01
376.87,156.49,455.56,156.49,455.56,198.71,376.87,198.71
376.01,155.07,454.96,155.07,454.96,197.43,376.01,197.43
376.91,154.78,455.78,154.78,455.78,197.1,376.91,197.1
375.32,151.95,454.3,151.95,454.3,194.33,375.32,194.33
374.06,149.93,453.85,149.93,453.85,192.75,374.06,192.75
372.1,145.88,452.57,145.88,452.57,189.05,372.1,189.05
372.61,145.79,453.4,145.79,453.4,189.14,372.61,189.14
371.49,145.47,452.67,145.47,452.67,189.03,371.49,189.03
370.27,146.18,452.06,146.18,452.06,190.07,370.27,190.07
368.46,146.03,451.04,146.03,451.04,190.34,368.46,190.34
367.42,143.29,450.41,143.29,450.41,187.82,367.42,187.82
365.28,142.48,449,142.48,449,187.4,365.28,187.4
364.25,140.78,448.8,140.78,448.8,186.15,364.25,186.15
363.14,137.21,448.26,137.21,448.26,182.88,363.14,182.88
363.77,136.32,449.34,136.32,449.34,182.23,363.77,182.23
363.42,136.39,449.51,136.39,449.51,182.58,363.42,182.58
363.5,135.42,449.86,135.42,449.86,181.76,363.5,181.76
361.97,134.61,448.2,134.61,448.2,180.89,361.97,180.89
363.57,134.96,449.98,134.96,449.98,181.33,363.57,181.33
362.92,134.71,449.52,134.71,449.52,181.18,362.92,181.18
362.49,130.73,449.89,130.73,449.89,177.63,362.49,177.63
361.28,127.05,449.43,127.05,449.43,174.36,361.28,174.36
360.42,125.03,448.91,125.03,448.91,172.52,360.42,172.52
359.11,123.81,448.04,123.81,448.04,171.53,359.11,171.53
358.46,122.44,447.58,122.44,447.58,170.26,358.46,170.26
358.83,124.94,448.21,124.94,448.21,172.9,358.83,172.9
356.98,123.15,446.21,123.15,446.21,171.03,356.98,171.03
356.76,121.98,445.79,121.98,445.79,169.76,356.76,169.76
357.29,121.01,446.34,121.01,446.34,168.79,357.29,168.79
352.93,120.26,442.1,120.26,442.1,168.11,352.93,168.11
352.01,118.22,441.01,118.22,441.01,165.98,352.01,165.98
352.83,117.94,441.72,117.94,441.72,165.63,352.83,165.63
352.92,117.01,441.38,117.01,441.38,164.48,352.92,164.48
351.83,117.54,440.04,117.54,440.04,164.88,351.83,164.88
351.79,116.17,440.01,116.17,440.01,163.51,351.79,163.51
352.33,115.22,440.83,115.22,440.83,162.71,352.33,162.71
352.11,115.66,440.81,115.66,440.81,163.26,352.11,163.26
354.04,115.22,442.85,115.22,442.85,162.87,354.04,162.87
354.58,111.37,443.76,111.37,443.76,159.22,354.58,159.22
357.09,110.38,446.76,110.38,446.76,158.5,357.09,158.5
357.53,105.64,446.75,105.64,446.75,153.51,357.53,153.51
357.57,105.03,446.81,105.03,446.81,152.91,357.57,152.91
353.85,98.784,443.51,98.784,443.51,146.9,353.85,146.9
356.41,98.723,445.85,98.723,445.85,146.72,356.41,146.72
358.26,99.242,447.69,99.242,447.69,147.23,358.26,147.23
358.16,97.108,447.46,97.108,447.46,145.03,358.16,145.03
355.61,95.306,444.87,95.306,444.87,143.2,355.61,143.2
359.89,93.454,449.08,93.454,449.08,141.31,359.89,141.31
355.69,92.177,445.32,92.177,445.32,140.27,355.69,140.27
358.02,89.879,447.72,89.879,447.72,138.01,358.02,138.01
358.44,91.539,448.02,91.539,448.02,139.61,358.44,139.61
358.22,90.79,447.36,90.79,447.36,138.62,358.22,138.62
358.68,91.417,448.13,91.417,448.13,139.41,358.68,139.41
358.86,90.65,447.89,90.65,447.89,138.42,358.86,138.42
361.44,91.48,450.43,91.48,450.43,139.23,361.44,139.23
362.35,91.888,451.19,91.888,451.19,139.56,362.35,139.56
362.83,90.693,451.42,90.693,451.42,138.23,362.83,138.23
364.9,90.729,453.29,90.729,453.29,138.16,364.9,138.16
367.85,86.581,456.49,86.581,456.49,134.15,367.85,134.15
369.5,86.61,457.88,86.61,457.88,134.03,369.5,134.03
368.69,84.774,456.99,84.774,456.99,132.16,368.69,132.16
369.28,84.429,457.28,84.429,457.28,131.65,369.28,131.65
370.8,85.537,458.52,85.537,458.52,132.6,370.8,132.6
370.9,85.896,458.49,85.896,458.49,132.89,370.9,132.89
371.46,86.603,459.46,86.603,459.46,133.82,371.46,133.82
372.5,85.654,460.47,85.654,460.47,132.86,372.5,132.86
373.58,83.613,461.07,83.613,461.07,130.56,373.58,130.56
372.79,80.467,460.5,80.467,460.5,127.53,372.79,127.53
374.74,77.754,462.43,77.754,462.43,124.8,374.74,124.8
374.85,77.824,462,77.824,462,124.59,374.85,124.59
376.67,77.708,464.07,77.708,464.07,124.6,376.67,124.6
377.26,77.164,463.86,77.164,463.86,123.63,377.26,123.63
378.42,77.753,465.31,77.753,465.31,124.37,378.42,124.37
378.29,78.214,465.31,78.214,465.31,124.91,378.29,124.91
379.64,80.119,466.69,80.119,466.69,126.83,379.64,126.83
382.51,80.779,469.62,80.779,469.62,127.52,382.51,127.52
386.03,82.744,472.41,82.744,472.41,129.1,386.03,129.1
389.78,81.548,475.36,81.548,475.36,127.47,389.78,127.47
392.41,81.066,477.29,81.066,477.29,126.61,392.41,126.61
396.26,79.61,480.8,79.61,480.8,124.97,396.26,124.97
400.32,79.258,484.4,79.258,484.4,124.37,400.32,124.37
400.95,78.473,484.85,78.473,484.85,123.49,400.95,123.49
403.14,79.066,487.12,79.066,487.12,124.13,403.14,124.13
405.68,79.934,489.79,79.934,489.79,125.07,405.68,125.07
405.97,79.373,489.88,79.373,489.88,124.4,405.97,124.4
406.84,79.827,490.8,79.827,490.8,124.88,406.84,124.88
408.76,78.418,492.35,78.418,492.35,123.27,408.76,123.27
409.89,76.215,493.05,76.215,493.05,120.84,409.89,120.84
411.38,74.464,494.17,74.464,494.17,118.89,411.38,118.89
414.46,73.298,496.89,73.298,496.89,117.53,414.46,117.53
414.17,73.049,496.32,73.049,496.32,117.13,414.17,117.13
416.73,72.772,498.5,72.772,498.5,116.65,416.73,116.65
414.95,71.056,496.55,71.056,496.55,114.84,414.95,114.84
411.14,71.927,492.34,71.927,492.34,115.5,411.14,115.5
419.36,70.152,500.07,70.152,500.07,113.46,419.36,113.46
424.19,71.456,504.51,71.456,504.51,114.55,424.19,114.55
423.97,69.449,503.93,69.449,503.93,112.35,423.97,112.35
419.05,65.429,498.6,65.429,498.6,108.11,419.05,108.11
421.85,61.815,501.21,61.815,501.21,104.4,421.85,104.4
423.78,61.91,502.96,61.91,502.96,104.4,423.78,104.4
421.63,61.232,500.38,61.232,500.38,103.49,421.63,103.49
423.97,56.553,502.66,56.553,502.66,98.777,423.97,98.777
420.13,55.422,498.57,55.422,498.57,97.513,420.13,97.513
422.9,57.166,501.42,57.166,501.42,99.297,422.9,99.297
423.12,58.908,500.98,58.908,500.98,100.69,423.12,100.69
422.77,57.034,500.35,57.034,500.35,98.66,422.77,98.66
424.66,55.433,502.65,55.433,502.65,97.28,424.66,97.28
424.58,54.886,502.66,54.886,502.66,96.78,424.58,96.78
423.61,53.695,501.42,53.695,501.42,95.446,423.61,95.446
425.1,53.971,502.83,53.971,502.83,95.678,425.1,95.678
426.29,55.085,503.62,55.085,503.62,96.578,426.29,96.578
426.39,54.336,503.62,54.336,503.62,95.777,426.39,95.777
426.37,53.719,503.14,53.719,503.14,94.909,426.37,94.909
428.8,53.726,505.47,53.726,505.47,94.863,428.8,94.863
431.07,52.766,507.67,52.766,507.67,93.868,431.07,93.868
433.03,51.65,509.78,51.65,509.78,92.831,433.03,92.831
430.01,51.53,506.96,51.53,506.96,92.822,430.01,92.822
427.72,52.414,504.61,52.414,504.61,93.674,427.72,93.674
430.58,51.088,507.35,51.088,507.35,92.283,430.58,92.283
438.46,47.707,515.45,47.707,515.45,89.016,438.46,89.016
432.13,51.279,509.26,51.279,509.26,92.666,432.13,92.666
428.57,50.684,505.62,50.684,505.62,92.024,428.57,92.024
427.6,51.733,504.54,51.733,504.54,93.017,427.6,93.017
428.84,51.91,505.71,51.91,505.71,93.158,428.84,93.158
428.23,52.206,505.16,52.206,505.16,93.486,428.23,93.486
428.25,52.959,504.92,52.959,504.92,94.101,428.25,94.101
428.41,51.816,505.1,51.816,505.1,92.967,428.41,92.967
428.41,52.273,505.19,52.273,505.19,93.471,428.41,93.471
427.28,51.609,503.93,51.609,503.93,92.734,427.28,92.734
427.38,52.651,503.86,52.651,503.86,93.69,427.38,93.69
429.54,52.276,506.04,52.276,506.04,93.328,429.54,93.328
429.4,51.636,506.06,51.636,506.06,92.768,429.4,92.768
427.43,51.933,503.98,51.933,503.98,93.008,427.43,93.008
428.73,51.543,505.09,51.543,505.09,92.515,428.73,92.515
428.31,51.532,504.27,51.532,504.27,92.291,428.31,92.291
427.05,52.745,503.13,52.745,503.13,93.567,427.05,93.567
427.83,51.75,504,51.75,504,92.618,427.83,92.618
428.62,52.589,504.72,52.589,504.72,93.423,428.62,93.423
436.02,35.88,512.04,35.88,512.04,76.67,436.02,76.67
429.04,52.436,504.89,52.436,504.89,93.137,429.04,93.137
427.9,52.584,503.75,52.584,503.75,93.282,427.9,93.282
435.75,34.277,512.2,34.277,512.2,75.3,435.75,75.3
429.23,52.02,505.66,52.02,505.66,93.032,429.23,93.032
433.42,33.332,510.46,33.332,510.46,74.67,433.42,74.67
428.5,52.206,505.6,52.206,505.6,93.576,428.5,93.576
437.44,35.537,514.51,35.537,514.51,76.891,437.44,76.891
428.51,51.718,505.37,51.718,505.37,92.963,428.51,92.963
428.6,52.079,505.44,52.079,505.44,93.313,428.6,93.313
428.17,53.217,505.03,53.217,505.03,94.457,428.17,94.457
428.4,52.51,505.3,52.51,505.3,93.774,428.4,93.774
427.88,52.893,504.71,52.893,504.71,94.12,427.88,94.12
428.54,52.791,505.72,52.791,505.72,94.204,428.54,94.204
427.13,52.382,504.16,52.382,504.16,93.716,427.13,93.716
427.79,53.12,504.85,53.12,504.85,94.467,427.79,94.467
427.06,53.263,503.77,53.263,503.77,94.427,427.06,94.427
426.62,52.594,503.06,52.594,503.06,93.61,426.62,93.61
427.82,53.095,504.12,53.095,504.12,94.037,427.82,94.037
427.89,52.88,504.03,52.88,504.03,93.735,427.89,93.735
427.11,54.029,502.77,54.029,502.77,94.626,427.11,94.626
428.63,53.119,504.68,53.119,504.68,93.93,428.63,93.93
427.95,52.824,504.17,52.824,504.17,93.719,427.95,93.719
427.41,52.521,503.51,52.521,503.51,93.356,427.41,93.356
428.49,52.52,504.36,52.52,504.36,93.231,428.49,93.231
428.48,52.155,504.73,52.155,504.73,93.067,428.48,93.067
428.88,52.515,505.12,52.515,505.12,93.42,428.88,93.42
428.62,52.015,504.94,52.015,504.94,92.968,428.62,92.968
428.26,52.496,504.61,52.496,504.61,93.466,428.26,93.466
428.52,52.653,505.12,52.653,505.12,93.754,428.52,93.754
427.87,52.402,504.35,52.402,504.35,93.444,427.87,93.444
428.24,52.219,504.73,52.219,504.73,93.259,428.24,93.259
427.69,52.134,503.98,52.134,503.98,93.068,427.69,93.068
