262.5,197.5,293.5,197.5,293.5,270.5,262.5,270.5
262.39,197.63,293.24,197.63,293.24,270.28,262.39,270.28
261.79,197.17,293.09,197.17,293.09,270.85,261.79,270.85
260.81,196.38,292.08,196.38,292.08,270.01,260.81,270.01
260.12,195.35,291.39,195.35,291.39,268.97,260.12,268.97
259.41,194.83,290.65,194.83,290.65,268.4,259.41,268.4
259.37,194.97,290.52,194.97,290.52,268.33,259.37,268.33
259.31,194.76,291.04,194.76,291.04,269.48,259.31,269.48
258.98,194.72,291.05,194.72,291.05,270.23,258.98,270.23
259.11,195.09,290.91,195.09,290.91,269.97,259.11,269.97
258.47,193.3,290.34,193.3,290.34,268.36,258.47,268.36
257.78,192.21,288.95,192.21,288.95,265.61,257.78,265.61
258.06,192.92,289.23,192.92,289.23,266.31,258.06,266.31
258.06,193.57,288.92,193.57,288.92,266.26,258.06,266.26
257.56,193.42,288.56,193.42,288.56,266.41,257.56,266.41
256.64,192.68,287.47,192.68,287.47,265.27,256.64,265.27
256.95,192.79,287.73,192.79,287.73,265.27,256.95,265.27
256.31,191.9,287.12,191.9,287.12,264.47,256.31,264.47
255.77,191.04,286.84,191.04,286.84,264.18,255.77,264.18
254.75,190.42,285.58,190.42,285.58,263.02,254.75,263.02
254.96,190.72,285.94,190.72,285.94,263.66,254.96,263.66
254.75,188.55,285.63,188.55,285.63,261.27,254.75,261.27
255.37,188.97,285.7,188.97,285.7,260.41,255.37,260.41
254.5,188.35,285.01,188.35,285.01,260.2,254.5,260.2
255.02,188.91,285.34,188.91,285.34,260.31,255.02,260.31
253.75,188.27,283.58,188.27,283.58,258.5,253.75,258.5
253.14,186.98,283.28,186.98,283.28,257.95,253.14,257.95
252.75,186.51,282.85,186.51,282.85,257.38,252.75,257.38
252.55,186.53,282.72,186.53,282.72,257.56,252.55,257.56
252.83,187.31,283.11,187.31,283.11,258.62,252.83,258.62
252.5,187.31,282.91,187.31,282.91,258.92,252.5,258.92
251.9,187.37,281.69,187.37,281.69,257.53,251.9,257.53
251.82,187.15,281.34,187.15,281.34,256.68,251.82,256.68
252.13,187.22,281.72,187.22,281.72,256.88,252.13,256.88
251.9,186.69,281.55,186.69,281.55,256.52,251.9,256.52
251.56,185.79,281.23,185.79,281.23,255.68,251.56,255.68
251.09,185.24,280.53,185.24,280.53,254.57,251.09,254.57
250.89,185.13,280.19,185.13,280.19,254.13,250.89,254.13
251.12,185.91,280.37,185.91,280.37,254.79,251.12,254.79
250.76,186.03,279.96,186.03,279.96,254.79,250.76,254.79
247.77,183.56,277.05,183.56,277.05,252.53,247.77,252.53
247.22,183.69,276.46,183.69,276.46,252.54,247.22,252.54
246.88,184.18,275.97,184.18,275.97,252.69,246.88,252.69
246.33,184.1,275.19,184.1,275.19,252.07,246.33,252.07
246.27,183.9,274.98,183.9,274.98,251.49,246.27,251.49
246.45,183.43,275.56,183.43,275.56,251.98,246.45,251.98
245.65,182.16,274.73,182.16,274.73,250.64,245.65,250.64
245.52,181.41,274.53,181.41,274.53,249.72,245.52,249.72
245.45,181.7,274.32,181.7,274.32,249.7,245.45,249.7
244.5,181.72,273.16,181.72,273.16,249.21,244.5,249.21
244.75,182.02,273.45,182.02,273.45,249.59,244.75,249.59
243.97,182.58,272.55,182.58,272.55,249.88,243.97,249.88
243.22,182.61,271.53,182.61,271.53,249.28,243.22,249.28
242.18,181.78,270.47,181.78,270.47,248.41,242.18,248.41
241.66,181.11,269.97,181.11,269.97,247.77,241.66,247.77
241.47,180.96,269.66,180.96,269.66,247.34,241.47,247.34
240.17,180.07,268.45,180.07,268.45,246.65,240.17,246.65
240.39,180.38,268.63,180.38,268.63,246.9,240.39,246.9
239.47,180.67,267.54,180.67,267.54,246.76,239.47,246.76
239.41,181.2,267.57,181.2,267.57,247.51,239.41,247.51
238.43,180.35,266.61,180.35,266.61,246.72,238.43,246.72
237.94,179.16,266.44,179.16,266.44,246.3,237.94,246.3
237.41,178.23,265.8,178.23,265.8,245.08,237.41,245.08
237.7,178.55,266.02,178.55,266.02,245.26,237.7,245.26
237.73,178.64,266.06,178.64,266.06,245.35,237.73,245.35
237.54,178.67,265.84,178.67,265.84,245.32,237.54,245.32
236.88,178.65,265.16,178.65,265.16,245.24,236.88,245.24
236.14,178.52,264.24,178.52,264.24,244.68,236.14,244.68
235.4,177.63,263.61,177.63,263.61,244.05,235.4,244.05
234.51,176.98,262.62,176.98,262.62,243.16,234.51,243.16
233.92,176.17,261.87,176.17,261.87,241.98,233.92,241.98
233.9,176.48,262,176.48,262,242.64,233.9,242.64
233.64,177.31,261.64,177.31,261.64,243.26,233.64,243.26
233.25,176.94,261.32,176.94,261.32,243.04,233.25,243.04
232.9,176.58,260.75,176.58,260.75,242.16,232.9,242.16
232.12,175.03,260.11,175.03,260.11,240.95,232.12,240.95
232.43,175.09,260.41,175.09,260.41,240.98,232.43,240.98
232.33,174.82,260.49,174.82,260.49,241.13,232.33,241.13
231.75,174.63,259.64,174.63,259.64,240.33,231.75,240.33
231.39,174.48,259.14,174.48,259.14,239.83,231.39,239.83
231.23,175.32,259.13,175.32,259.13,241.02,231.23,241.02
230.36,174.81,258.1,174.81,258.1,240.13,230.36,240.13
230.44,174.83,258.25,174.83,258.25,240.31,230.44,240.31
229.07,174.04,256.4,174.04,256.4,238.39,229.07,238.39
229.28,173.92,256.58,173.92,256.58,238.2,229.28,238.2
228.68,173.45,255.9,173.45,255.9,237.55,228.68,237.55
228.39,173.28,255.59,173.28,255.59,237.32,228.39,237.32
228.24,173.65,255.48,173.65,255.48,237.79,228.24,237.79
228.17,174.42,255.25,174.42,255.25,238.2,228.17,238.2
228.55,174.76,255.71,174.76,255.71,238.71,228.55,238.71
228.15,174.4,255.16,174.4,255.16,238.01,228.15,238.01
228.22,173.86,255.26,173.86,255.26,237.54,228.22,237.54
227.99,173.1,254.99,173.1,254.99,236.66,227.99,236.66
227.29,172.23,254.27,172.23,254.27,235.77,227.29,235.77
227.18,171.96,254.12,171.96,254.12,235.39,227.18,235.39
226.97,171.87,253.91,171.87,253.91,235.32,226.97,235.32
227.1,172.37,253.86,172.37,253.86,235.37,227.1,235.37
227.47,172.61,254.31,172.61,254.31,235.82,227.47,235.82
227.05,172.66,254.03,172.66,254.03,236.18,227.05,236.18
226.06,172.04,252.87,172.04,252.87,235.17,226.06,235.17
226.27,171.83,253.11,171.83,253.11,235.03,226.27,235.03
226.06,171.23,253.12,171.23,253.12,234.96,226.06,234.96
225.6,170.14,252.79,170.14,252.79,234.18,225.6,234.18
225.23,169.75,252.22,169.75,252.22,233.32,225.23,233.32
225.09,169.99,252.06,169.99,252.06,233.49,225.09,233.49
224.9,170.39,251.87,170.39,251.87,233.87,224.9,233.87
224.79,170.48,251.76,170.48,251.76,234,224.79,234
224.95,170.28,251.77,170.28,251.77,233.45,224.95,233.45
225.27,170.18,252.17,170.18,252.17,233.53,225.27,233.53
224.68,168.65,251.62,168.65,251.62,232.08,224.68,232.08
224.72,168.28,251.58,168.28,251.58,231.54,224.72,231.54
224.62,167.82,251.43,167.82,251.43,230.97,224.62,230.97
224.92,168.12,251.69,168.12,251.69,231.16,224.92,231.16
223.62,167.25,250.34,167.25,250.34,230.18,223.62,230.18
223.44,166.82,250.14,166.82,250.14,229.7,223.44,229.7
223.11,166.94,249.82,166.94,249.82,229.83,223.11,229.83
223.22,167.51,249.9,167.51,249.9,230.34,223.22,230.34
222.7,165.97,249.42,165.97,249.42,228.88,222.7,228.88
223.16,165.61,249.87,165.61,249.87,228.51,223.16,228.51
223.3,165.29,249.91,165.29,249.91,227.95,223.3,227.95
222.79,165.37,248.96,165.37,248.96,227.01,222.79,227.01
222.97,164.39,249.25,164.39,249.25,226.28,222.97,226.28
222.61,163.51,248.85,163.51,248.85,225.3,222.61,225.3
222.76,163.95,248.95,163.95,248.95,225.62,222.76,225.62
223.14,164.65,249.38,164.65,249.38,226.43,223.14,226.43
222.97,164.2,249.15,164.2,249.15,225.84,222.97,225.84
223.29,163.3,249.39,163.3,249.39,224.76,223.29,224.76
223.39,163.01,249.34,163.01,249.34,224.13,223.39,224.13
222.96,162.63,248.97,162.63,248.97,223.86,222.96,223.86
222.79,162.58,248.56,162.58,248.56,223.25,222.79,223.25
222.99,163.25,248.68,163.25,248.68,223.73,222.99,223.73
221.98,162.71,247.5,162.71,247.5,222.81,221.98,222.81
222.26,162.99,247.68,162.99,247.68,222.85,222.26,222.85
221.19,161.6,246.7,161.6,246.7,221.68,221.19,221.68
221.34,161.22,247.07,161.22,247.07,221.81,221.34,221.81
220.83,161.01,246.57,161.01,246.57,221.61,220.83,221.61
220.84,161.25,246.43,161.25,246.43,221.5,220.84,221.5
221.16,161.93,247.01,161.93,247.01,222.8,221.16,222.8
221.24,161.84,247.08,161.84,247.08,222.68,221.24,222.68
221.32,161.37,247.08,161.37,247.08,222.02,221.32,222.02
221.28,161.04,247.03,161.04,247.03,221.67,221.28,221.67
221.14,160.86,246.55,160.86,246.55,220.69,221.14,220.69
221.18,160.31,246.52,160.31,246.52,219.97,221.18,219.97
221.31,159.96,246.57,159.96,246.57,219.44,221.31,219.44
221.66,159.96,247.2,159.96,247.2,220.11,221.66,220.11
221.62,159.86,247.23,159.86,247.23,220.16,221.62,220.16
221.29,160.08,246.67,160.08,246.67,219.86,221.29,219.86
221.35,160.26,246.72,160.26,246.72,220,221.35,220
221.28,160.04,246.45,160.04,246.45,219.32,221.28,219.32
221.6,159.99,246.9,159.99,246.9,219.57,221.6,219.57
220.93,158.4,246.18,158.4,246.18,217.86,220.93,217.86
221.25,158.66,246.53,158.66,246.53,218.2,221.25,218.2
221.27,158.18,246.8,158.18,246.8,218.29,221.27,218.29
221.43,158.54,247.08,158.54,247.08,218.95,221.43,218.95
221.16,158.34,246.86,158.34,246.86,218.86,221.16,218.86
221.42,158.7,247.02,158.7,247.02,218.96,221.42,218.96
221.88,158.83,247.65,158.83,247.65,219.53,221.88,219.53
222.18,158.78,247.83,158.78,247.83,219.2,222.18,219.2
221.96,158.01,247.51,158.01,247.51,218.18,221.96,218.18
222.42,157.71,248.22,157.71,248.22,218.45,222.42,218.45
222.53,157.51,248.16,157.51,248.16,217.86,222.53,217.86
222.01,156.75,247.51,156.75,247.51,216.81,222.01,216.81
222.56,156.84,247.99,156.84,247.99,216.71,222.56,216.71
222.22,156.72,247.54,156.72,247.54,216.36,222.22,216.36
222.45,157.4,247.55,157.4,247.55,216.52,222.45,216.52
222.45,157.53,247.43,157.53,247.43,216.36,222.45,216.36
222.47,157.62,247.35,157.62,247.35,216.23,222.47,216.23
222.71,157.46,247.66,157.46,247.66,216.21,222.71,216.21
222.62,157.05,247.58,157.05,247.58,215.82,222.62,215.82
222.49,156.61,247.52,156.61,247.52,215.56,222.49,215.56
222.2,156.02,247.12,156.02,247.12,214.69,222.2,214.69
222.54,156.04,247.68,156.04,247.68,215.23,222.54,215.23
222.73,156.3,247.9,156.3,247.9,215.57,222.73,215.57
222.89,156.6,248,156.6,248,215.73,222.89,215.73
222.56,156.43,247.54,156.43,247.54,215.26,222.56,215.26
223.12,156.62,247.86,156.62,247.86,214.89,223.12,214.89
223.51,156.13,248.23,156.13,248.23,214.34,223.51,214.34
223.79,155.72,248.53,155.72,248.53,213.96,223.79,213.96
224.17,154.66,248.84,154.66,248.84,212.75,224.17,212.75
224.43,154.57,249.02,154.57,249.02,212.47,224.43,212.47
225.16,155.36,249.68,155.36,249.68,213.09,225.16,213.09
225.29,155.5,249.79,155.5,249.79,213.18,225.29,213.18
225.31,155.01,249.69,155.01,249.69,212.41,225.31,212.41
225.27,154.57,249.68,154.57,249.68,212.03,225.27,212.03
225.71,154.04,250,154.04,250,211.23,225.71,211.23
226.45,154.13,250.99,154.13,250.99,211.91,226.45,211.91
226.8,153.84,251.66,153.84,251.66,212.39,226.8,212.39
227.76,152.99,252.37,152.99,252.37,210.95,227.76,210.95
228.14,152.6,252.72,152.6,252.72,210.48,228.14,210.48
228.05,152.92,252.44,152.92,252.44,210.35,228.05,210.35
227.68,152.37,251.7,152.37,251.7,208.92,227.68,208.92
228.15,152.07,252.26,152.07,252.26,208.83,228.15,208.83
228.01,151.43,251.93,151.43,251.93,207.77,228.01,207.77
228.55,151.74,252.67,151.74,252.67,208.54,228.55,208.54
228.83,152.04,252.8,152.04,252.8,208.5,228.83,208.5
229.48,152.59,253.56,152.59,253.56,209.28,229.48,209.28
229.64,152.07,253.61,152.07,253.61,208.52,229.64,208.52
230.26,152.19,254.25,152.19,254.25,208.66,230.26,208.66
230.49,151.65,254.58,151.65,254.58,208.36,230.49,208.36
230.55,150.51,254.54,150.51,254.54,207,230.55,207
231.88,150.72,255.71,150.72,255.71,206.82,231.88,206.82
231.86,150.29,255.72,150.29,255.72,206.47,231.86,206.47
232.3,150.74,255.84,150.74,255.84,206.19,232.3,206.19
232.43,150.97,255.98,150.97,255.98,206.43,232.43,206.43
232.57,150.57,256.13,150.57,256.13,206.07,232.57,206.07
233.11,149.75,257.11,149.75,257.11,206.27,233.11,206.27
233.41,149.26,257.45,149.26,257.45,205.88,233.41,205.88
233.27,149.09,257.19,149.09,257.19,205.43,233.27,205.43
234.26,150.02,258.17,150.02,258.17,206.33,234.26,206.33
234.61,150.11,258.5,150.11,258.5,206.38,234.61,206.38
235.11,149.97,259.03,149.97,259.03,206.29,235.11,206.29
235.84,149.79,259.58,149.79,259.58,205.71,235.84,205.71
236.04,149.05,259.63,149.05,259.63,204.58,236.04,204.58
236.96,148.85,260.59,148.85,260.59,204.51,236.96,204.51
237.67,148.54,261.32,148.54,261.32,204.25,237.67,204.25
238.15,148.46,261.86,148.46,261.86,204.28,238.15,204.28
238.51,148.7,262.23,148.7,262.23,204.55,238.51,204.55
238.88,148.63,262.37,148.63,262.37,203.95,238.88,203.95
239.6,147.6,263.01,147.6,263.01,202.74,239.6,202.74
239.91,147.27,263.2,147.27,263.2,202.11,239.91,202.11
241.01,147.3,264.37,147.3,264.37,202.31,241.01,202.31
241.77,147.69,265.22,147.69,265.22,202.93,241.77,202.93
241.65,147.48,265.06,147.48,265.06,202.61,241.65,202.61
242.04,147.71,265.28,147.71,265.28,202.44,242.04,202.44
242.83,147.55,266.09,147.55,266.09,202.3,242.83,202.3
243.61,147.58,267.08,147.58,267.08,202.84,243.61,202.84
243.7,146.94,267.07,146.94,267.07,201.97,243.7,201.97
245.12,146.47,268.39,146.47,268.39,201.27,245.12,201.27
246.16,146.5,269.35,146.5,269.35,201.1,246.16,201.1
246.54,146.54,269.61,146.54,269.61,200.89,246.54,200.89
247.73,146.81,270.78,146.81,270.78,201.08,247.73,201.08
248.42,146.12,271.22,146.12,271.22,199.8,248.42,199.8
248.76,144.92,271.61,144.92,271.61,198.73,248.76,198.73
249.33,145.04,272.3,145.04,272.3,199.12,249.33,199.12
250.08,145.74,273.04,145.74,273.04,199.8,250.08,199.8
250.96,146.11,273.91,146.11,273.91,200.17,250.96,200.17
251.9,146.13,274.82,146.13,274.82,200.1,251.9,200.1
251.9,145.57,274.71,145.57,274.71,199.28,251.9,199.28
252.1,145.18,274.95,145.18,274.95,198.98,252.1,198.98
252.86,144.55,275.79,144.55,275.79,198.55,252.86,198.55
253.29,144.04,276.21,144.04,276.21,198.01,253.29,198.01
254.09,143.81,276.88,143.81,276.88,197.48,254.09,197.48
254.31,144.1,277.05,144.1,277.05,197.63,254.31,197.63
255.22,144.93,277.83,144.93,277.83,198.17,255.22,198.17
254.99,144.89,277.5,144.89,277.5,197.91,254.99,197.91
255.23,144.37,277.6,144.37,277.6,197.05,255.23,197.05
256.01,144.46,278.45,144.46,278.45,197.3,256.01,197.3
256.68,144,279.13,144,279.13,196.86,256.68,196.86
257.13,143.82,279.65,143.82,279.65,196.86,257.13,196.86
257.22,143.72,279.69,143.72,279.69,196.62,257.22,196.62
257.96,144.33,280.49,144.33,280.49,197.38,257.96,197.38
258.4,144.25,280.74,144.25,280.74,196.86,258.4,196.86
259.13,144.29,281.58,144.29,281.58,197.15,259.13,197.15
259.4,143.89,281.86,143.89,281.86,196.77,259.4,196.77
259.95,142.97,282.4,142.97,282.4,195.85,259.95,195.85
260.51,142.74,282.89,142.74,282.89,195.45,260.51,195.45
261.33,142.82,283.67,142.82,283.67,195.43,261.33,195.43
261.69,143.17,283.96,143.17,283.96,195.61,261.69,195.61
261.66,143.14,283.82,143.14,283.82,195.31,261.66,195.31
262.05,143.14,284.09,143.14,284.09,195.03,262.05,195.03
262.93,143.23,284.82,143.23,284.82,194.77,262.93,194.77
262.69,142.41,284.71,142.41,284.71,194.26,262.69,194.26
263.75,142.16,285.79,142.16,285.79,194.06,263.75,194.06
264.33,141.89,286.57,141.89,286.57,194.26,264.33,194.26
264.92,142.05,287.18,142.05,287.18,194.48,264.92,194.48
266.11,141.85,288.33,141.85,288.33,194.18,266.11,194.18
266.6,141.73,288.67,141.73,288.67,193.71,266.6,193.71
267.52,141.55,289.59,141.55,289.59,193.52,267.52,193.52
268.44,141.18,290.42,141.18,290.42,192.94,268.44,192.94
269.34,140.84,291.18,140.84,291.18,192.27,269.34,192.27
270.5,140.37,292.24,140.37,292.24,191.57,270.5,191.57
271.12,140.51,292.96,140.51,292.96,191.95,271.12,191.95
271.23,140.68,292.91,140.68,292.91,191.74,271.23,191.74
271.72,140.58,293.35,140.58,293.35,191.52,271.72,191.52
272.11,140.31,293.7,140.31,293.7,191.14,272.11,191.14
272.28,139.56,293.95,139.56,293.95,190.59,272.28,190.59
272.69,139.16,294.27,139.16,294.27,189.99,272.69,189.99
273.02,139.1,294.61,139.1,294.61,189.96,273.02,189.96
273.28,139.2,294.74,139.2,294.74,189.74,273.28,189.74
273.94,139.73,295.44,139.73,295.44,190.35,273.94,190.35
274.19,139.79,295.62,139.79,295.62,190.26,274.19,190.26
274.3,139.15,295.79,139.15,295.79,189.75,274.3,189.75
274.27,138.64,295.72,138.64,295.72,189.16,274.27,189.16
274.7,138.74,296.17,138.74,296.17,189.31,274.7,189.31
275.08,139.47,296.42,139.47,296.42,189.73,275.08,189.73
274.88,139.26,296.1,139.26,296.1,189.24,274.88,189.24
275.22,138.93,296.35,138.93,296.35,188.69,275.22,188.69
276.06,138.75,297.23,138.75,297.23,188.61,276.06,188.61
276.34,138.41,297.53,138.41,297.53,188.31,276.34,188.31
276.51,138.12,297.8,138.12,297.8,188.26,276.51,188.26
276.28,137.16,297.56,137.16,297.56,187.27,276.28,187.27
276.5,137.02,297.72,137.02,297.72,186.99,276.5,186.99
276.94,137.36,298.06,137.36,298.06,187.08,276.94,187.08
277.68,138.12,298.7,138.12,298.7,187.61,277.68,187.61
277.35,138.06,298.28,138.06,298.28,187.34,277.35,187.34
277.4,138.11,298.21,138.11,298.21,187.1,277.4,187.1
277.82,137.81,298.71,137.81,298.71,187.01,277.82,187.01
277.97,137.62,298.85,137.62,298.85,186.79,277.97,186.79
277.95,137.17,298.86,137.17,298.86,186.4,277.95,186.4
277.75,136.65,298.69,136.65,298.69,185.97,277.75,185.97
278.11,136.91,299,136.91,299,186.1,278.11,186.1
278.81,137.66,299.72,137.66,299.72,186.9,278.81,186.9
278.53,137.44,299.28,137.44,299.28,186.29,278.53,186.29
