194.5,122.5,214.5,122.5,214.5,136.5,194.5,136.5
193.64,122.02,213.55,122.02,213.55,135.96,193.64,135.96
192.82,122.28,212.74,122.28,212.74,136.22,192.82,136.22
189.78,121.29,209.74,121.29,209.74,135.26,189.78,135.26
187.58,119.61,207.37,119.61,207.37,133.46,187.58,133.46
185.99,117.76,206.22,117.76,206.22,131.92,185.99,131.92
185.44,115.91,205.13,115.91,205.13,129.7,185.44,129.7
185.21,114.55,204.53,114.55,204.53,128.08,185.21,128.08
194.69,122.16,214.31,122.16,214.31,135.9,194.69,135.9
191.88,116.67,211.85,116.67,211.85,130.64,191.88,130.64
188.05,115.87,207.84,115.87,207.84,129.72,188.05,129.72
186.88,115.95,206.99,115.95,206.99,130.03,186.88,130.03
180.45,115.59,200.6,115.59,200.6,129.69,180.45,129.69
179.61,115.25,199.84,115.25,199.84,129.41,179.61,129.41
176.86,130.31,196.97,130.31,196.97,144.38,176.86,144.38
170.09,127.04,190.32,127.04,190.32,141.21,170.09,141.21
184.61,115.89,205.02,115.89,205.02,130.17,184.61,130.17
186.9,117.15,207.22,117.15,207.22,131.38,186.9,131.38
187.14,116.45,207.53,116.45,207.53,130.72,187.14,130.72
179.72,121.06,200.41,121.06,200.41,135.55,179.72,135.55
185.66,119.61,206.56,119.61,206.56,134.24,185.66,134.24
182.33,127.91,203.19,127.91,203.19,142.51,182.33,142.51
187.81,121.99,208.47,121.99,208.47,136.46,187.81,136.46
188.27,126.96,208.77,126.96,208.77,141.31,188.27,141.31
178.77,128.67,199.35,128.67,199.35,143.08,178.77,143.08
177.64,131.93,198.13,131.93,198.13,146.27,177.64,146.27
179.23,134.06,199.41,134.06,199.41,148.18,179.23,148.18
177.39,135.03,197.73,135.03,197.73,149.27,177.39,149.27
179.11,136.07,199.58,136.07,199.58,150.4,179.11,150.4
178.35,138.35,198.61,138.35,198.61,152.53,178.35,152.53
179.3,136.53,199.46,136.53,199.46,150.65,179.3,150.65
186.77,136.79,206.85,136.79,206.85,150.84,186.77,150.84
187.75,136.23,207.81,136.23,207.81,150.28,187.75,150.28
189.1,136.6,209.09,136.6,209.09,150.59,189.1,150.59
198.46,131.89,218.38,131.89,218.38,145.84,198.46,145.84
194.22,132.08,214.29,132.08,214.29,146.13,194.22,146.13
192.66,134.08,212.56,134.08,212.56,148.01,192.66,148.01
187.58,130.78,207.61,130.78,207.61,144.8,187.58,144.8
182.93,130.41,203.03,130.41,203.03,144.47,182.93,144.47
187.33,129.42,207.54,129.42,207.54,143.56,187.33,143.56
187.46,129.7,207.62,129.7,207.62,143.81,187.46,143.81
184.16,128.03,204.64,128.03,204.64,142.37,184.16,142.37
184.34,128.21,204.94,128.21,204.94,142.63,184.34,142.63
178.11,128.95,198.22,128.95,198.22,143.02,178.11,143.02
180.76,128.13,201.25,128.13,201.25,142.47,180.76,142.47
180.17,128.45,200.57,128.45,200.57,142.74,180.17,142.74
179.73,128.47,199.84,128.47,199.84,142.54,179.73,142.54
176.01,126.66,196.23,126.66,196.23,140.81,176.01,140.81
174.97,125.24,195.09,125.24,195.09,139.32,174.97,139.32
171.49,125.44,191.61,125.44,191.61,139.52,171.49,139.52
169.01,124.61,189.06,124.61,189.06,138.65,169.01,138.65
166.96,122.15,187.04,122.15,187.04,136.22,166.96,136.22
166.9,119.96,187.04,119.96,187.04,134.06,166.9,134.06
166.95,117.65,186.98,117.65,186.98,131.67,166.95,131.67
166.95,115.02,187.06,115.02,187.06,129.1,166.95,129.1
167.53,114.65,187.67,114.65,187.67,128.75,167.53,128.75
176.55,119.99,196.96,119.99,196.96,134.27,176.55,134.27
167.12,113.55,187.56,113.55,187.56,127.85,167.12,127.85
170.74,114.21,191.31,114.21,191.31,128.61,170.74,128.61
175.52,113.66,195.94,113.66,195.94,127.96,175.52,127.96
176.87,114.3,197.18,114.3,197.18,128.51,176.87,128.51
175.92,117.18,196.28,117.18,196.28,131.43,175.92,131.43
172.17,116.86,192.57,116.86,192.57,131.14,172.17,131.14
172.45,115.55,192.77,115.55,192.77,129.77,172.45,129.77
172.26,115.12,192.55,115.12,192.55,129.32,172.26,129.32
173.19,115.03,193.42,115.03,193.42,129.19,173.19,129.19
172.16,117.16,192.42,117.16,192.42,131.33,172.16,131.33
172.65,118.56,192.8,118.56,192.8,132.66,172.65,132.66
170.89,119.24,191.02,119.24,191.02,133.33,170.89,133.33
171.27,119.73,191.3,119.73,191.3,133.75,171.27,133.75
163.1,119.39,183.34,119.39,183.34,133.56,163.1,133.56
168.86,119.12,189.15,119.12,189.15,133.31,168.86,133.31
166.49,119.21,186.75,119.21,186.75,133.39,166.49,133.39
165.01,119.04,185.18,119.04,185.18,133.15,165.01,133.15
162.57,118.88,182.72,118.88,182.72,132.99,162.57,132.99
156.05,119.94,176.35,119.94,176.35,134.15,156.05,134.15
154.15,120.18,174.52,120.18,174.52,134.44,154.15,134.44
153.38,118.41,173.69,118.41,173.69,132.63,153.38,132.63
150.71,117.32,170.9,117.32,170.9,131.45,150.71,131.45
148.92,117.5,169.1,117.5,169.1,131.62,148.92,131.62
148.78,116.33,168.81,116.33,168.81,130.35,148.78,130.35
147.86,116.49,167.85,116.49,167.85,130.49,147.86,130.49
146.51,116.17,166.71,116.17,166.71,130.31,146.51,130.31
144.52,114.87,164.58,114.87,164.58,128.91,144.52,128.91
150.45,113.06,170.53,113.06,170.53,127.12,150.45,127.12
146.88,110.83,166.95,110.83,166.95,124.88,146.88,124.88
144.11,113.85,164.21,113.85,164.21,127.92,144.11,127.92
143.87,113.67,163.97,113.67,163.97,127.74,143.87,127.74
145.06,114.38,165.18,114.38,165.18,128.46,145.06,128.46
145.59,116.2,165.7,116.2,165.7,130.28,145.59,130.28
145.76,118.8,165.92,118.8,165.92,132.91,145.76,132.91
146.26,120.82,166.32,120.82,166.32,134.86,146.26,134.86
148.48,123.3,168.59,123.3,168.59,137.37,148.48,137.37
150.21,123.09,170.33,123.09,170.33,137.18,150.21,137.18
152.05,124.4,172.24,124.4,172.24,138.53,152.05,138.53
153.48,124.8,173.75,124.8,173.75,138.98,153.48,138.98
155.94,124.64,176.14,124.64,176.14,138.78,155.94,138.78
157.85,123.48,178.05,123.48,178.05,137.62,157.85,137.62
157.88,122.89,178.18,122.89,178.18,137.1,157.88,137.1
159.08,121.83,179.29,121.83,179.29,135.98,159.08,135.98
159.78,121.45,179.97,121.45,179.97,135.59,159.78,135.59
159.86,121.09,180.14,121.09,180.14,135.29,159.86,135.29
160.21,120.45,180.48,120.45,180.48,134.63,160.21,134.63
160.24,119.89,180.48,119.89,180.48,134.06,160.24,134.06
159.12,119.36,179.35,119.36,179.35,133.52,159.12,133.52
158.2,120,178.41,120,178.41,134.15,158.2,134.15
157.19,120.79,177.36,120.79,177.36,134.91,157.19,134.91
156.19,121.23,176.42,121.23,176.42,135.39,156.19,135.39
155.65,121.3,175.88,121.3,175.88,135.46,155.65,135.46
154.13,120.83,174.3,120.83,174.3,134.94,154.13,134.94
153.06,120.57,173.23,120.57,173.23,134.69,153.06,134.69
152.36,120.33,172.6,120.33,172.6,134.49,152.36,134.49
151.06,120.66,171.17,120.66,171.17,134.74,151.06,134.74
150.37,120.49,170.51,120.49,170.51,134.58,150.37,134.58
149.29,119.38,169.33,119.38,169.33,133.41,149.29,133.41
148.56,116.17,168.51,116.17,168.51,130.13,148.56,130.13
148.42,114.96,168.17,114.96,168.17,128.79,148.42,128.79
147.42,113.78,167.36,113.78,167.36,127.74,147.42,127.74
148.86,114.06,168.69,114.06,168.69,127.94,148.86,127.94
148.62,111.85,168.44,111.85,168.44,125.73,148.62,125.73
147.7,112.29,167.64,112.29,167.64,126.24,147.7,126.24
148.38,112.27,168.41,112.27,168.41,126.29,148.38,126.29
150.15,113.37,170.34,113.37,170.34,127.5,150.15,127.5
150.67,111.61,171.01,111.61,171.01,125.85,150.67,125.85
152.87,111.44,173.13,111.44,173.13,125.62,152.87,125.62
154.09,111.98,174.35,111.98,174.35,126.17,154.09,126.17
154.55,114.84,174.94,114.84,174.94,129.12,154.55,129.12
158.54,113.9,178.88,113.9,178.88,128.14,158.54,128.14
167.77,120.5,188.1,120.5,188.1,134.73,167.77,134.73
167.22,118.61,187.41,118.61,187.41,132.74,167.22,132.74
168.4,118.8,188.56,118.8,188.56,132.91,168.4,132.91
170.46,118.87,190.54,118.87,190.54,132.92,170.46,132.92
170.92,118.61,190.96,118.61,190.96,132.64,170.92,132.64
176.34,119.07,196.27,119.07,196.27,133.02,176.34,133.02
175.92,119.27,196.07,119.27,196.07,133.37,175.92,133.37
178.99,117.66,199.12,117.66,199.12,131.75,178.99,131.75
181.49,118.37,201.64,118.37,201.64,132.48,181.49,132.48
184.14,117.74,204.29,117.74,204.29,131.85,184.14,131.85
186.04,117.51,206.18,117.51,206.18,131.61,186.04,131.61
188.71,116.5,208.93,116.5,208.93,130.65,188.71,130.65
189.97,116,210.05,116,210.05,130.06,189.97,130.06
191.76,116.27,211.92,116.27,211.92,130.38,191.76,130.38
193.68,115.95,213.79,115.95,213.79,130.03,193.68,130.03
194.99,116.26,215.19,116.26,215.19,130.4,194.99,130.4
197.3,116.73,217.5,116.73,217.5,130.87,197.3,130.87
198.73,117.29,218.95,117.29,218.95,131.44,198.73,131.44
200.62,117.06,220.94,117.06,220.94,131.29,200.62,131.29
201.24,115.85,221.57,115.85,221.57,130.08,201.24,130.08
203.02,114.86,223.29,114.86,223.29,129.05,203.02,129.05
203.47,113.68,223.72,113.68,223.72,127.86,203.47,127.86
205.42,111.32,225.66,111.32,225.66,125.49,205.42,125.49
205.69,108.87,226.04,108.87,226.04,123.11,205.69,123.11
207,108.7,227.36,108.7,227.36,122.96,207,122.96
210.41,103.92,230.72,103.92,230.72,118.13,210.41,118.13
209.21,109.64,229.36,109.64,229.36,123.75,209.21,123.75
209,106.59,229.15,106.59,229.15,120.7,209,120.7
208.61,110.37,228.77,110.37,228.77,124.48,208.61,124.48
208.02,113.4,228.17,113.4,228.17,127.51,208.02,127.51
207.22,118.4,227.35,118.4,227.35,132.5,207.22,132.5
205.09,122.83,225.35,122.83,225.35,137.01,205.09,137.01
202.64,123.53,222.81,123.53,222.81,137.65,202.64,137.65
205.58,132.89,225.75,132.89,225.75,147.01,205.58,147.01
203.93,133.18,224.05,133.18,224.05,147.27,203.93,147.27
200.84,138.41,220.92,138.41,220.92,152.46,200.84,152.46
207.5,140.24,227.55,140.24,227.55,154.28,207.5,154.28
213.7,141.77,233.79,141.77,233.79,155.83,213.7,155.83
209.68,144.83,229.72,144.83,229.72,158.86,209.68,158.86
210.27,146.39,230.26,146.39,230.26,160.38,210.27,160.38
210.21,148.26,230.19,148.26,230.19,162.24,210.21,162.24
209.68,148.46,229.69,148.46,229.69,162.47,209.68,162.47
209.44,150.35,229.49,150.35,229.49,164.38,209.44,164.38
214.74,147.88,234.77,147.88,234.77,161.9,214.74,161.9
213.97,145.62,233.87,145.62,233.87,159.55,213.97,159.55
217.16,140.18,237.1,140.18,237.1,154.14,217.16,154.14
218.88,137.52,238.88,137.52,238.88,151.52,218.88,151.52
219.88,132.26,239.97,132.26,239.97,146.32,219.88,146.32
220.43,129.36,240.54,129.36,240.54,143.44,220.43,143.44
221.95,126.19,242.06,126.19,242.06,140.26,221.95,140.26
223.91,120.93,244.02,120.93,244.02,135.01,223.91,135.01
225.06,115.6,245.21,115.6,245.21,129.7,225.06,129.7
226.97,111.39,247.11,111.39,247.11,125.48,226.97,125.48
228.66,107.54,248.84,107.54,248.84,121.67,228.66,121.67
229.15,107.36,249.24,107.36,249.24,121.42,229.15,121.42
230.38,109.05,250.42,109.05,250.42,123.07,230.38,123.07
230.42,111.75,250.42,111.75,250.42,125.75,230.42,125.75
231.51,118.17,251.58,118.17,251.58,132.22,231.51,132.22
231.84,122.59,252,122.59,252,136.71,231.84,136.71
232.96,129.86,253.09,129.86,253.09,143.95,232.96,143.95
233.19,133.02,253.3,133.02,253.3,147.1,233.19,147.1
233.74,138.22,253.95,138.22,253.95,152.36,233.74,152.36
233.65,140.56,253.83,140.56,253.83,154.68,233.65,154.68
233.36,144.99,253.54,144.99,253.54,159.12,233.36,159.12
233.86,147.05,254.08,147.05,254.08,161.2,233.86,161.2
235.1,150.64,255.26,150.64,255.26,164.76,235.1,164.76
235,152.14,255.18,152.14,255.18,166.27,235,166.27
236.09,155.16,256.28,155.16,256.28,169.29,236.09,169.29
237.57,155.95,257.69,155.95,257.69,170.04,237.57,170.04
239.12,155.55,259.28,155.55,259.28,169.66,239.12,169.66
239.68,155.21,259.84,155.21,259.84,169.33,239.68,169.33
241.23,154.36,261.39,154.36,261.39,168.48,241.23,168.48
243.96,153.82,263.99,153.82,263.99,167.85,243.96,167.85
245.33,153.65,265.3,153.65,265.3,167.64,245.33,167.64
247.89,152.01,267.96,152.01,267.96,166.06,247.89,166.06
249.12,151.76,269.17,151.76,269.17,165.79,249.12,165.79
251.14,149.82,271.12,149.82,271.12,163.81,251.14,163.81
252.35,148.96,272.23,148.96,272.23,162.87,252.35,162.87
252.59,147.71,272.62,147.71,272.62,161.73,252.59,161.73
254.55,147.77,274.49,147.77,274.49,161.73,254.55,161.73
255.38,147.17,275.42,147.17,275.42,161.2,255.38,161.2
258.35,147.54,278.35,147.54,278.35,161.54,258.35,161.54
259.54,147.85,279.53,147.85,279.53,161.84,259.54,161.84
263.8,147.94,283.83,147.94,283.83,161.97,263.8,161.97
260.73,146.43,280.76,146.43,280.76,160.45,260.73,160.45
266.13,142.55,286.12,142.55,286.12,156.54,266.13,156.54
265.87,145.24,286.01,145.24,286.01,159.34,265.87,159.34
266.45,144.8,286.64,144.8,286.64,158.93,266.45,158.93
268.43,144.53,288.49,144.53,288.49,158.57,268.43,158.57
269.27,145.07,289.32,145.07,289.32,159.11,269.27,159.11
270.26,144.53,290.35,144.53,290.35,158.6,270.26,158.6
270.15,144.73,290.14,144.73,290.14,158.73,270.15,158.73
272.01,143.01,292.03,143.01,292.03,157.03,272.01,157.03
273.14,141.11,293.12,141.11,293.12,155.1,273.14,155.1
272.96,140.11,293.14,140.11,293.14,154.23,272.96,154.23
273.44,140.29,293.62,140.29,293.62,154.42,273.44,154.42
274.08,140.06,294.26,140.06,294.26,154.19,274.08,154.19
273.94,140.05,294.08,140.05,294.08,154.15,273.94,154.15
275.2,150.76,295.31,150.76,295.31,164.84,275.2,164.84
274.91,154.71,295.08,154.71,295.08,168.83,274.91,168.83
274.28,157.38,294.47,157.38,294.47,171.51,274.28,171.51
273.81,159.38,293.96,159.38,293.96,173.49,273.81,173.49
273.78,158.97,293.98,158.97,293.98,173.11,273.78,173.11
273.52,157.74,293.72,157.74,293.72,171.88,273.52,171.88
273.52,156.82,293.66,156.82,293.66,170.92,273.52,170.92
273.46,155.7,293.55,155.7,293.55,169.76,273.46,169.76
272.55,151.33,292.6,151.33,292.6,165.37,272.55,165.37
273.14,151.1,293.24,151.1,293.24,165.17,273.14,165.17
271.55,146.94,291.64,146.94,291.64,161.01,271.55,161.01
272.48,144.64,292.5,144.64,292.5,158.65,272.48,158.65
270.77,140.97,290.78,140.97,290.78,154.97,270.77,154.97
270.48,139.92,290.42,139.92,290.42,153.89,270.48,153.89
268.55,137.32,288.5,137.32,288.5,151.29,268.55,151.29
267.21,135.21,287.23,135.21,287.23,149.23,267.21,149.23
266.72,134.99,286.72,134.99,286.72,148.99,266.72,148.99
265.26,132.04,285.26,132.04,285.26,146.04,265.26,146.04
258.72,129.72,279.05,129.72,279.05,143.95,258.72,143.95
261.07,129.37,281.24,129.37,281.24,143.49,261.07,143.49
260.12,129.96,280.24,129.96,280.24,144.05,260.12,144.05
256.68,131.63,276.88,131.63,276.88,145.77,256.68,145.77
257.03,131.91,277.2,131.91,277.2,146.02,257.03,146.02
255.64,133.2,275.78,133.2,275.78,147.3,255.64,147.3
253.97,138.21,274.05,138.21,274.05,152.26,253.97,152.26
253.22,141.48,273.18,141.48,273.18,155.45,253.22,155.45
252.95,143.53,272.94,143.53,272.94,157.52,252.95,157.52
251.69,145.31,271.77,145.31,271.77,159.36,251.69,159.36
250.77,146.94,270.79,146.94,270.79,160.95,250.77,160.95
249.88,148.23,269.91,148.23,269.91,162.24,249.88,162.24
249.76,148.9,269.71,148.9,269.71,162.86,249.76,162.86
249.22,151.04,269.2,151.04,269.2,165.02,249.22,165.02
248.84,151.99,268.83,151.99,268.83,165.98,248.84,165.98
249.2,152.71,269.22,152.71,269.22,166.72,249.2,166.72
249.44,153.39,269.39,153.39,269.39,167.36,249.44,167.36
249.39,153.05,269.42,153.05,269.42,167.08,249.39,167.08
250.14,154.56,270.09,154.56,270.09,168.53,250.14,168.53
251.95,155.3,271.98,155.3,271.98,169.33,251.95,169.33
249.62,152.76,269.69,152.76,269.69,166.81,249.62,166.81
252.7,152.88,272.68,152.88,272.68,166.87,252.7,166.87
253.08,151.82,273.01,151.82,273.01,165.76,253.08,165.76
253.71,148.09,273.61,148.09,273.61,162.02,253.71,162.02
253.76,146.61,273.74,146.61,273.74,160.59,253.76,160.59
254.78,143.7,274.81,143.7,274.81,157.73,254.78,157.73
254.72,141.85,274.86,141.85,274.86,155.95,254.72,155.95
254.91,139.52,274.99,139.52,274.99,153.59,254.91,153.59
253.97,134.99,274.08,134.99,274.08,149.07,253.97,149.07
253.54,132.34,273.59,132.34,273.59,146.37,253.54,146.37
253.35,131.89,273.38,131.89,273.38,145.91,253.35,145.91
251.97,129.86,271.96,129.86,271.96,143.85,251.97,143.85
250.62,129.21,270.77,129.21,270.77,143.31,250.62,143.31
248.24,125.49,268.3,125.49,268.3,139.54,248.24,139.54
247.79,125.85,267.84,125.85,267.84,139.88,247.79,139.88
245.19,124.75,265.31,124.75,265.31,138.84,245.19,138.84
242.83,124.47,263.06,124.47,263.06,138.63,242.83,138.63
241.9,124.73,262.09,124.73,262.09,138.87,241.9,138.87
239.76,126.63,260.1,126.63,260.1,140.87,239.76,140.87
238.03,129.53,258.4,129.53,258.4,143.8,238.03,143.8
236.99,132.91,257.31,132.91,257.31,147.13,236.99,147.13
234.24,136.52,254.63,136.52,254.63,150.79,234.24,150.79
233.44,138.87,253.86,138.87,253.86,153.16,233.44,153.16
232.77,139.69,253.21,139.69,253.21,154,232.77,154
233.12,142.61,253.44,142.61,253.44,156.84,233.12,156.84
230.29,143.06,250.72,143.06,250.72,157.35,230.29,157.35
229.68,144.13,250.17,144.13,250.17,158.47,229.68,158.47
229.45,144.73,249.88,144.73,249.88,159.04,229.45,159.04
229.22,144.32,249.6,144.32,249.6,158.59,229.22,158.59
228.62,144.77,249.06,144.77,249.06,159.08,228.62,159.08
228.36,144.44,248.88,144.44,248.88,158.81,228.36,158.81
229.2,144.69,249.61,144.69,249.61,158.98,229.2,158.98
230.04,144.7,250.38,144.7,250.38,158.93,230.04,158.93
229.38,143.27,249.83,143.27,249.83,157.59,229.38,157.59
229.92,143.33,250.43,143.33,250.43,157.69,229.92,157.69
230.32,141.72,250.86,141.72,250.86,156.09,230.32,156.09
230.26,141.27,250.86,141.27,250.86,155.7,230.26,155.7
229.97,140.82,250.61,140.82,250.61,155.27,229.97,155.27
228.46,139.81,249.15,139.81,249.15,154.29,228.46,154.29
228.49,139.27,249.1,139.27,249.1,153.7,228.49,153.7
229.31,139.38,249.79,139.38,249.79,153.72,229.31,153.72
229.29,138.99,249.65,138.99,249.65,153.24,229.29,153.24
228.54,138.01,248.92,138.01,248.92,152.27,228.54,152.27
229.62,137.71,249.94,137.71,249.94,151.93,229.62,151.93
229.42,137.07,249.69,137.07,249.69,151.26,229.42,151.26
229.76,136.92,250,136.92,250,151.09,229.76,151.09
230.56,138.08,250.79,138.08,250.79,152.24,230.56,152.24
231.46,139.33,251.74,139.33,251.74,153.53,231.46,153.53
233.11,139.1,253.39,139.1,253.39,153.29,233.11,153.29
233.58,138.5,253.89,138.5,253.89,152.72,233.58,152.72
235.18,136.06,255.52,136.06,255.52,150.29,235.18,150.29
236.22,135.34,256.47,135.34,256.47,149.51,236.22,149.51
239.01,133.5,259.22,133.5,259.22,147.65,239.01,147.65
240.21,131.57,260.42,131.57,260.42,145.72,240.21,145.72
242.31,129.53,262.52,129.53,262.52,143.68,242.31,143.68
242.76,128.79,263.12,128.79,263.12,143.04,242.76,143.04
244.09,128.57,264.3,128.57,264.3,142.72,244.09,142.72
244.97,127.33,265.26,127.33,265.26,141.54,244.97,141.54
245.46,127.35,265.85,127.35,265.85,141.62,245.46,141.62
246.99,129.05,267.36,129.05,267.36,143.31,246.99,143.31
247.21,129.77,267.5,129.77,267.5,143.97,247.21,143.97
246.76,131.11,267.16,131.11,267.16,145.39,246.76,145.39
247.17,132.78,267.58,132.78,267.58,147.07,247.17,147.07
246.22,134.76,266.71,134.76,266.71,149.1,246.22,149.1
245.85,135.72,266.31,135.72,266.31,150.04,245.85,150.04
245.39,136.2,265.96,136.2,265.96,150.6,245.39,150.6
244.38,136.81,264.79,136.81,264.79,151.1,244.38,151.1
243.48,137.06,263.88,137.06,263.88,151.34,243.48,151.34
241.72,136.97,262.21,136.97,262.21,151.31,241.72,151.31
239.77,136.94,260.19,136.94,260.19,151.23,239.77,151.23
238.4,137.2,258.74,137.2,258.74,151.44,238.4,151.44
235.25,136.96,255.6,136.96,255.6,151.2,235.25,151.2
234.03,136.54,254.45,136.54,254.45,150.84,234.03,150.84
231.87,134.48,252.15,134.48,252.15,148.68,231.87,148.68
229.45,131.34,249.76,131.34,249.76,145.55,229.45,145.55
228.42,129.51,248.74,129.51,248.74,143.74,228.42,143.74
227.04,128.31,247.32,128.31,247.32,142.51,227.04,142.51
224.46,126.08,244.82,126.08,244.82,140.33,224.46,140.33
223.28,125.09,243.77,125.09,243.77,139.43,223.28,139.43
221.85,123.53,242.33,123.53,242.33,137.86,221.85,137.86
220.97,122.35,241.36,122.35,241.36,136.63,220.97,136.63
219.31,120.48,239.64,120.48,239.64,134.72,219.31,134.72
217.97,119.28,238.2,119.28,238.2,133.44,217.97,133.44
216.62,118.43,236.87,118.43,236.87,132.61,216.62,132.61
215,119.41,235.25,119.41,235.25,133.58,215,133.58
214.4,120.47,234.78,120.47,234.78,134.73,214.4,134.73
214.66,124.54,234.89,124.54,234.89,138.7,214.66,138.7
213.67,126.64,233.96,126.64,233.96,140.84,213.67,140.84
214.13,128.79,234.28,128.79,234.28,142.9,214.13,142.9
214.64,130.62,235,130.62,235,144.88,214.64,144.88
216.46,131.47,236.78,131.47,236.78,145.7,216.46,145.7
216.38,131.2,236.71,131.2,236.71,145.43,216.38,145.43
217.95,131.35,238.27,131.35,238.27,145.57,217.95,145.57
219.73,130.84,240.17,130.84,240.17,145.14,219.73,145.14
220.51,131.27,240.92,131.27,240.92,145.56,220.51,145.56
221.63,130.92,242.05,130.92,242.05,145.22,221.63,145.22
222.5,130.22,242.94,130.22,242.94,144.53,222.5,144.53
224.08,128.79,244.42,128.79,244.42,143.02,224.08,143.02
224.24,127.88,244.57,127.88,244.57,142.11,224.24,142.11
224.83,126.6,245.26,126.6,245.26,140.9,224.83,140.9
225.19,126.25,245.69,126.25,245.69,140.6,225.19,140.6
226.06,124.27,246.58,124.27,246.58,138.63,226.06,138.63
226.11,124.06,246.53,124.06,246.53,138.35,226.11,138.35
226.23,124.95,246.63,124.95,246.63,139.23,226.23,139.23
225.89,126.37,246.33,126.37,246.33,140.68,225.89,140.68
225.7,128.45,246.2,128.45,246.2,142.8,225.7,142.8
224.95,130.41,245.41,130.41,245.41,144.73,224.95,144.73
224.16,131.02,244.61,131.02,244.61,145.33,224.16,145.33
224.13,131.55,244.51,131.55,244.51,145.81,224.13,145.81
223,133.09,243.27,133.09,243.27,147.28,223,147.28
221.54,132.89,241.85,132.89,241.85,147.11,221.54,147.11
219.4,133.54,239.66,133.54,239.66,147.72,219.4,147.72
218.68,133.25,238.97,133.25,238.97,147.45,218.68,147.45
217.44,132.04,237.71,132.04,237.71,146.23,217.44,146.23
215.94,131.3,236.12,131.3,236.12,145.43,215.94,145.43
214.76,130.55,234.97,130.55,234.97,144.7,214.76,144.7
212.72,128.28,233.02,128.28,233.02,142.5,212.72,142.5
211.92,127.21,232.19,127.21,232.19,141.4,211.92,141.4
211.13,125.84,231.25,125.84,231.25,139.93,211.13,139.93
209.37,123.59,229.42,123.59,229.42,137.62,209.37,137.62
208.86,122.65,228.95,122.65,228.95,136.71,208.86,136.71
207.83,122.26,227.9,122.26,227.9,136.31,207.83,136.31
206.84,121.51,226.91,121.51,226.91,135.57,206.84,135.57
205.2,121.05,225.25,121.05,225.25,135.08,205.2,135.08
204.23,120.26,224.26,120.26,224.26,134.28,204.23,134.28
203.55,121.09,223.61,121.09,223.61,135.13,203.55,135.13
203.36,121.25,223.45,121.25,223.45,135.31,203.36,135.31
203.74,121.91,223.71,121.91,223.71,135.89,203.74,135.89
202.89,123.53,223.06,123.53,223.06,137.65,202.89,137.65
202.55,123.91,222.74,123.91,222.74,138.05,202.55,138.05
202.33,124.48,222.6,124.48,222.6,138.67,202.33,138.67
202.08,126.76,222.43,126.76,222.43,141.01,202.08,141.01
202.11,127.6,222.44,127.6,222.44,141.82,202.11,141.82
202.45,128.6,222.8,128.6,222.8,142.84,202.45,142.84
202.29,129.28,222.66,129.28,222.66,143.53,202.29,143.53
202.89,130.65,223.15,130.65,223.15,144.83,202.89,144.83
202.76,130.83,223.06,130.83,223.06,145.04,202.76,145.04
202.75,131.25,223.13,131.25,223.13,145.51,202.75,145.51
203.58,132.29,223.99,132.29,223.99,146.58,203.58,146.58
203.82,130.8,224.25,130.8,224.25,145.1,203.82,145.1
204.25,127.98,224.66,127.98,224.66,142.26,204.25,142.26
204.77,125.13,225.22,125.13,225.22,139.45,204.77,139.45
204.99,122.51,225.43,122.51,225.43,136.82,204.99,136.82
205,121.27,225.51,121.27,225.51,135.63,205,135.63
205.21,119.66,225.81,119.66,225.81,134.08,205.21,134.08
205.41,119.59,225.95,119.59,225.95,133.96,205.41,133.96
205.41,119.63,225.98,119.63,225.98,134.03,205.41,134.03
205.51,119.81,225.98,119.81,225.98,134.14,205.51,134.14
205.39,120.03,225.85,120.03,225.85,134.35,205.39,134.35
205.08,120.33,225.54,120.33,225.54,134.66,205.08,134.66
204.9,120.71,225.32,120.71,225.32,135,204.9,135
204.4,122.68,224.8,122.68,224.8,136.95,204.4,136.95
204.17,123.93,224.48,123.93,224.48,138.14,204.17,138.14
203.35,124.36,223.69,124.36,223.69,138.6,203.35,138.6
202.73,126.28,223.04,126.28,223.04,140.5,202.73,140.5
202.33,126.97,222.69,126.97,222.69,141.22,202.33,141.22
201.2,128.01,221.61,128.01,221.61,142.3,201.2,142.3
201.25,129.21,221.62,129.21,221.62,143.47,201.25,143.47
200.19,130.53,220.49,130.53,220.49,144.74,200.19,144.74
199.37,130.68,219.82,130.68,219.82,145,199.37,145
198.93,131.23,219.31,131.23,219.31,145.49,198.93,145.49
196.98,119.94,217.38,119.94,217.38,134.23,196.98,134.23
194.99,118.91,215.44,118.91,215.44,133.22,194.99,133.22
194.33,118.05,214.72,118.05,214.72,132.32,194.33,132.32
193.73,119.43,214.27,119.43,214.27,133.82,193.73,133.82
193.62,120.52,214.16,120.52,214.16,134.9,193.62,134.9
193.18,121.52,213.74,121.52,213.74,135.91,193.18,135.91
198.02,122.71,218.59,122.71,218.59,137.1,198.02,137.1
198.35,122.91,218.92,122.91,218.92,137.31,198.35,137.31
197.89,123.55,218.23,123.55,218.23,137.79,197.89,137.79
196.1,123.55,216.48,123.55,216.48,137.81,196.1,137.81
196.31,123.83,216.7,123.83,216.7,138.1,196.31,138.1
196.48,123.61,216.92,123.61,216.92,137.92,196.48,137.92
196.08,123.74,216.42,123.74,216.42,137.98,196.08,137.98
195.49,123.69,215.77,123.69,215.77,137.89,195.49,137.89
195.8,123.52,216.18,123.52,216.18,137.79,195.8,137.79
196.6,123.63,216.87,123.63,216.87,137.82,196.6,137.82
196.53,122.95,216.85,122.95,216.85,137.18,196.53,137.18
196.27,123.17,216.64,123.17,216.64,137.42,196.27,137.42
196.7,124.13,217.11,124.13,217.11,138.42,196.7,138.42
197.05,123.59,217.58,123.59,217.58,137.97,197.05,137.97
196.77,123.64,217.31,123.64,217.31,138.01,196.77,138.01
195.97,123.58,216.62,123.58,216.62,138.03,195.97,138.03
196.22,123.49,216.76,123.49,216.76,137.86,196.22,137.86
196.11,124.12,216.59,124.12,216.59,138.45,196.11,138.45
195.91,124.27,216.37,124.27,216.37,138.59,195.91,138.59
195.69,124.21,216.1,124.21,216.1,138.49,195.69,138.49
199.89,123.86,220.33,123.86,220.33,138.17,199.89,138.17
201.56,123.36,222.03,123.36,222.03,137.69,201.56,137.69
202.66,121.84,223.27,121.84,223.27,136.27,202.66,136.27
200.99,128.42,221.55,128.42,221.55,142.8,200.99,142.8
199.63,127.39,220.23,127.39,220.23,141.81,199.63,141.81
199.62,127.82,220.2,127.82,220.2,142.22,199.62,142.22
197.66,128.92,218.2,128.92,218.2,143.3,197.66,143.3
197.74,126.99,218.26,126.99,218.26,141.35,197.74,141.35
195.33,124.98,215.91,124.98,215.91,139.38,195.33,139.38
195.98,124.28,216.54,124.28,216.54,138.68,195.98,138.68
195.59,124.51,216.13,124.51,216.13,138.89,195.59,138.89
196.33,125.14,216.83,125.14,216.83,139.49,196.33,139.49
195.89,125.13,216.31,125.13,216.31,139.42,195.89,139.42
201.2,124.81,221.73,124.81,221.73,139.19,201.2,139.19
200.79,124.86,221.21,124.86,221.21,139.14,200.79,139.14
200.6,123.38,221.16,123.38,221.16,137.77,200.6,137.77
201.37,122.83,221.81,122.83,221.81,137.14,201.37,137.14
203.34,121.73,223.78,121.73,223.78,136.04,203.34,136.04
205.63,120.94,226.13,120.94,226.13,135.28,205.63,135.28
207.25,120.38,227.71,120.38,227.71,134.7,207.25,134.7
209.5,119.33,229.97,119.33,229.97,133.66,209.5,133.66
212.85,119.73,233.22,119.73,233.22,133.99,212.85,133.99
217.07,121.71,237.41,121.71,237.41,135.95,217.07,135.95
218.14,123.03,238.52,123.03,238.52,137.3,218.14,137.3
221.97,127.98,242.37,127.98,242.37,142.26,221.97,142.26
225.58,130.86,246,130.86,246,145.15,225.58,145.15
227.31,132.09,247.73,132.09,247.73,146.39,227.31,146.39
230.74,133.63,251.13,133.63,251.13,147.91,230.74,147.91
232.59,133.78,252.96,133.78,252.96,148.05,232.59,148.05
234.18,133.86,254.43,133.86,254.43,148.04,234.18,148.04
237.04,132.28,257.31,132.28,257.31,146.46,237.04,146.46
238.86,129.47,259.13,129.47,259.13,143.66,238.86,143.66
239.5,128.24,259.85,128.24,259.85,142.49,239.5,142.49
240.79,126.49,261.22,126.49,261.22,140.78,240.79,140.78
243.25,123.45,263.74,123.45,263.74,137.79,243.25,137.79
244.48,121.99,264.95,121.99,264.95,136.32,244.48,136.32
244.47,119.94,264.91,119.94,264.91,134.25,244.47,134.25
245.2,119.79,265.63,119.79,265.63,134.09,245.2,134.09
248.31,121.83,268.73,121.83,268.73,136.13,248.31,136.13
248.25,123.37,268.61,123.37,268.61,137.62,248.25,137.62
247.55,125.67,268,125.67,268,139.99,247.55,139.99
249.69,127.54,270.07,127.54,270.07,141.81,249.69,141.81
248.04,129.14,268.41,129.14,268.41,143.39,248.04,143.39
249.58,132.27,269.96,132.27,269.96,146.54,249.58,146.54
254.34,133.85,274.68,133.85,274.68,148.09,254.34,148.09
251.45,136.21,271.71,136.21,271.71,150.39,251.45,150.39
250.16,136.18,270.4,136.18,270.4,150.36,250.16,150.36
255.35,137.2,275.57,137.2,275.57,151.36,255.35,151.36
255.33,137.04,275.49,137.04,275.49,151.15,255.33,151.15
257.23,135.78,277.38,135.78,277.38,149.89,257.23,149.89
258.88,134.99,279.05,134.99,279.05,149.11,258.88,149.11
260.67,133.04,280.9,133.04,280.9,147.2,260.67,147.2
261.72,129.78,281.96,129.78,281.96,143.94,261.72,143.94
265.29,127.87,285.52,127.87,285.52,142.03,265.29,142.03
266.28,126.96,286.5,126.96,286.5,141.11,266.28,141.11
268.1,125.28,288.37,125.28,288.37,139.46,268.1,139.46
270.93,123.65,291.21,123.65,291.21,137.84,270.93,137.84
272.8,123.37,293.08,123.37,293.08,137.57,272.8,137.57
275.48,123.96,295.74,123.96,295.74,138.14,275.48,138.14
276.87,124.96,297.14,124.96,297.14,139.15,276.87,139.15
278.22,126.69,298.44,126.69,298.44,140.85,278.22,140.85
281.84,130.73,301.93,130.73,301.93,144.79,281.84,144.79
282.69,132.92,302.82,132.92,302.82,147.01,282.69,147.01
284.08,134.94,304.2,134.94,304.2,149.02,284.08,149.02
287.43,136.69,307.52,136.69,307.52,150.75,287.43,150.75
288.85,138.42,309.02,138.42,309.02,152.54,288.85,152.54
291.4,139.3,311.49,139.3,311.49,153.36,291.4,153.36
292.21,140.63,312.41,140.63,312.41,154.77,292.21,154.77
293.17,140.57,313.42,140.57,313.42,154.74,293.17,154.74
294.6,141.03,314.81,141.03,314.81,155.17,294.6,155.17
295.4,141.29,315.63,141.29,315.63,155.45,295.4,155.45
295.79,141.87,316.05,141.87,316.05,156.06,295.79,156.06
298.87,140.83,319.05,140.83,319.05,154.96,298.87,154.96
299.59,139.41,319.78,139.41,319.78,153.55,299.59,153.55
299.52,137.62,319.77,137.62,319.77,151.8,299.52,151.8
299.91,135.6,320.17,135.6,320.17,149.79,299.91,149.79
301.23,133.18,321.48,133.18,321.48,147.36,301.23,147.36
301.25,131.06,321.46,131.06,321.46,145.21,301.25,145.21
303.14,131.94,323.25,131.94,323.25,146.01,303.14,146.01
305.65,131.73,325.72,131.73,325.72,145.77,305.65,145.77
307.26,131.29,327.31,131.29,327.31,145.33,307.26,145.33
307.79,131.24,327.84,131.24,327.84,145.28,307.79,145.28
309.83,133.14,329.94,133.14,329.94,147.22,309.83,147.22
311.14,133.93,331.16,133.93,331.16,147.94,311.14,147.94
312.33,135.26,332.36,135.26,332.36,149.29,312.33,149.29
314.9,136.46,334.93,136.46,334.93,150.48,314.9,150.48
316.21,137.04,336.21,137.04,336.21,151.04,316.21,151.04
319.21,139.45,339.37,139.45,339.37,153.56,319.21,153.56
320.25,140.79,340.35,140.79,340.35,154.87,320.25,154.87
323.38,144.56,343.56,144.56,343.56,158.68,323.38,158.68
324.86,146.9,345.07,146.9,345.07,161.05,324.86,161.05
325.8,148.23,346.01,148.23,346.01,162.38,325.8,162.38
328.87,149.34,349.01,149.34,349.01,163.44,328.87,163.44
330.22,150.54,350.31,150.54,350.31,164.61,330.22,164.61
332.3,151.83,352.38,151.83,352.38,165.89,332.3,165.89
335.13,153.75,355.13,153.75,355.13,167.74,335.13,167.74
336.16,154.26,356.35,154.26,356.35,168.4,336.16,168.4
337.36,153.37,357.5,153.37,357.5,167.46,337.36,167.46
340.25,151.53,360.46,151.53,360.46,165.68,340.25,165.68
338.56,151.89,358.85,151.89,358.85,166.1,338.56,166.1
340.46,150.52,360.81,150.52,360.81,164.77,340.46,164.77
339.83,149.36,360.15,149.36,360.15,163.59,339.83,163.59
341.19,145.2,361.53,145.2,361.53,159.43,341.19,159.43
341.84,143.57,362.24,143.57,362.24,157.85,341.84,157.85
344.41,141.6,364.81,141.6,364.81,155.88,344.41,155.88
343.32,139.61,363.76,139.61,363.76,153.92,343.32,153.92
345.01,136.97,365.35,136.97,365.35,151.21,345.01,151.21
343.59,135.28,364.07,135.28,364.07,149.61,343.59,149.61
343.83,133.96,364.45,133.96,364.45,148.39,343.83,148.39
343.45,134.17,364.13,134.17,364.13,148.64,343.45,148.64
343.49,133.95,364.26,133.95,364.26,148.49,343.49,148.49
344.01,135.56,364.74,135.56,364.74,150.08,344.01,150.08
343.93,136.77,364.57,136.77,364.57,151.22,343.93,151.22
343.84,140.27,364.51,140.27,364.51,154.74,343.84,154.74
343.68,142.67,364.29,142.67,364.29,157.1,343.68,157.1
344.23,148.76,364.83,148.76,364.83,163.18,344.23,163.18
344.89,153.24,365.52,153.24,365.52,167.68,344.89,167.68
345.3,154.92,365.92,154.92,365.92,169.36,345.3,169.36
346.08,157.73,366.57,157.73,366.57,172.07,346.08,172.07
346.19,158.47,366.67,158.47,366.67,172.8,346.19,172.8
346.51,159.23,367.04,159.23,367.04,173.61,346.51,173.61
347.89,161.91,368.42,161.91,368.42,176.28,347.89,176.28
349.91,163.1,370.5,163.1,370.5,177.51,349.91,177.51
351.64,163.45,372.3,163.45,372.3,177.91,351.64,177.91
352.84,161.69,373.57,161.69,373.57,176.19,352.84,176.19
355.62,160.09,376.42,160.09,376.42,174.65,355.62,174.65
357.73,159.44,378.43,159.44,378.43,173.93,357.73,173.93
360.24,157.44,380.84,157.44,380.84,171.86,360.24,171.86
362.33,155.94,383.17,155.94,383.17,170.52,362.33,170.52
364.37,152.4,385.15,152.4,385.15,166.94,364.37,166.94
365.1,151.46,385.93,151.46,385.93,166.04,365.1,166.04
368.67,150.3,389.37,150.3,389.37,164.79,368.67,164.79
369.58,149.92,390.34,149.92,390.34,164.45,369.58,164.45
371.2,148.67,392.02,148.67,392.02,163.25,371.2,163.25
371.75,148.01,392.48,148.01,392.48,162.51,371.75,162.51
372.23,147.22,392.97,147.22,392.97,161.73,372.23,161.73
373.49,148.14,394.27,148.14,394.27,162.68,373.49,162.68
374.82,149.57,395.54,149.57,395.54,164.06,374.82,164.06
376.11,152.63,396.7,152.63,396.7,167.04,376.11,167.04
377.41,154.96,397.97,154.96,397.97,169.35,377.41,169.35
374.7,156.45,395.4,156.45,395.4,170.94,374.7,170.94
375.92,155.93,396.62,155.93,396.62,170.42,375.92,170.42
371.51,158.28,392.17,158.28,392.17,172.74,371.51,172.74
369.97,158.09,390.53,158.09,390.53,172.48,369.97,172.48
367.48,157.6,388.05,157.6,388.05,172,367.48,172
366.06,156.29,386.55,156.29,386.55,170.64,366.06,170.64
366.38,152.92,386.91,152.92,386.91,167.29,366.38,167.29
364.22,152.73,384.85,152.73,384.85,167.17,364.22,167.17
361.21,151.47,381.79,151.47,381.79,165.88,361.21,165.88
348.03,150.58,368.71,150.58,368.71,165.06,348.03,165.06
345.64,149.29,366.04,149.29,366.04,163.58,345.64,163.58
344.36,146.49,364.71,146.49,364.71,160.73,344.36,160.73
340.23,144.55,360.52,144.55,360.52,158.75,340.23,158.75
336.1,142.73,356.4,142.73,356.4,156.94,336.1,156.94
328.13,139.28,348.34,139.28,348.34,153.43,328.13,153.43
329.67,140.71,349.94,140.71,349.94,154.9,329.67,154.9
328.11,138.52,348.33,138.52,348.33,152.67,328.11,152.67
330.27,136.99,350.48,136.99,350.48,151.14,330.27,151.14
325.97,141.35,346.08,141.35,346.08,155.43,325.97,155.43
324.36,142,344.46,142,344.46,156.07,324.36,156.07
323.1,140.34,343.32,140.34,343.32,154.5,323.1,154.5
323.51,141.44,343.76,141.44,343.76,155.62,323.51,155.62
323.9,141.81,344.24,141.81,344.24,156.05,323.9,156.05
323.21,142.54,343.51,142.54,343.51,156.75,323.21,156.75
320.91,141.81,341.46,141.81,341.46,156.19,320.91,156.19
321.41,145.46,342.1,145.46,342.1,159.94,321.41,159.94
320.44,145.49,341.2,145.49,341.2,160.03,320.44,160.03
321.01,146.05,341.89,146.05,341.89,160.67,321.01,160.67
322.56,146.57,343.35,146.57,343.35,161.12,322.56,161.12
322.5,144.87,343.24,144.87,343.24,159.38,322.5,159.38
323.16,141.21,343.84,141.21,343.84,155.69,323.16,155.69
324.03,135.65,344.69,135.65,344.69,150.11,324.03,150.11
323,133.44,343.68,133.44,343.68,147.92,323,147.92
323.01,131.42,343.88,131.42,343.88,146.03,323.01,146.03
324.13,131.09,344.82,131.09,344.82,145.57,324.13,145.57
324.86,130.85,345.45,130.85,345.45,145.25,324.86,145.25
323.02,131.43,343.65,131.43,343.65,145.88,323.02,145.88
321.88,130.32,342.59,130.32,342.59,144.81,321.88,144.81
321.96,130.67,342.69,130.67,342.69,145.17,321.96,145.17
321.17,131.45,341.9,131.45,341.9,145.96,321.17,145.96
318.78,133.8,339.44,133.8,339.44,148.26,318.78,148.26
318.89,135.38,339.42,135.38,339.42,149.75,318.89,149.75
315.8,137.55,336.3,137.55,336.3,151.9,315.8,151.9
314.28,138.81,334.73,138.81,334.73,153.12,314.28,153.12
312.78,139.27,333.22,139.27,333.22,153.58,312.78,153.58
310.36,139.6,330.91,139.6,330.91,153.98,310.36,153.98
303.71,137.54,324.21,137.54,324.21,151.89,303.71,151.89
301.88,136.6,322.35,136.6,322.35,150.93,301.88,150.93
298.66,135.87,319.15,135.87,319.15,150.22,298.66,150.22
294.84,133.49,315.29,133.49,315.29,147.81,294.84,147.81
293.36,131.92,313.84,131.92,313.84,146.25,293.36,146.25
289.27,127.15,309.72,127.15,309.72,141.46,289.27,141.46
286.64,124.2,307.06,124.2,307.06,138.49,286.64,138.49
284.35,123.1,304.86,123.1,304.86,137.46,284.35,137.46
282.48,122.01,303.02,122.01,303.02,136.39,282.48,136.39
279.19,120.95,299.74,120.95,299.74,135.34,279.19,135.34
277.88,120.45,298.33,120.45,298.33,134.76,277.88,134.76
275.56,119.19,295.98,119.19,295.98,133.48,275.56,133.48
273.81,118.98,294.13,118.98,294.13,133.2,273.81,133.2
272.01,119.31,292.39,119.31,292.39,133.58,272.01,133.58
270.54,123.04,290.87,123.04,290.87,137.27,270.54,137.27
268.76,124.57,289.08,124.57,289.08,138.8,268.76,138.8
265.81,128.32,286.14,128.32,286.14,142.55,265.81,142.55
266.3,133.35,286.52,133.35,286.52,147.51,266.3,147.51
266.41,136.11,286.67,136.11,286.67,150.3,266.41,150.3
266.12,135.67,286.46,135.67,286.46,149.91,266.12,149.91
266.91,134.07,287.22,134.07,287.22,148.28,266.91,148.28
267.04,133.39,287.35,133.39,287.35,147.6,267.04,147.6
268.06,128.98,288.24,128.98,288.24,143.1,268.06,143.1
268.57,126.16,288.83,126.16,288.83,140.34,268.57,140.34
268.58,121.89,288.85,121.89,288.85,136.07,268.58,136.07
268.93,119.86,289.21,119.86,289.21,134.06,268.93,134.06
267.97,117.52,288.39,117.52,288.39,131.82,267.97,131.82
268.17,116.98,288.67,116.98,288.67,131.33,268.17,131.33
267.22,116.74,287.7,116.74,287.7,131.08,267.22,131.08
266.3,117.06,286.86,117.06,286.86,131.45,266.3,131.45
265.55,118.08,286.07,118.08,286.07,132.45,265.55,132.45
265.44,119.9,285.81,119.9,285.81,134.16,265.44,134.16
263.57,125.16,283.95,125.16,283.95,139.42,263.57,139.42
261.36,132.14,281.81,132.14,281.81,146.45,261.36,146.45
260.76,136.98,281.18,136.98,281.18,151.27,260.76,151.27
259.67,139.67,280.16,139.67,280.16,154.01,259.67,154.01
257.76,142.92,278.34,142.92,278.34,157.32,257.76,157.32
256.34,142.88,276.96,142.88,276.96,157.31,256.34,157.31
254.88,142.85,275.49,142.85,275.49,157.27,254.88,157.27
254.27,142.5,274.83,142.5,274.83,156.89,254.27,156.89
252.49,141.29,273.06,141.29,273.06,155.69,252.49,155.69
252.03,135.6,272.42,135.6,272.42,149.88,252.03,149.88
251.62,132.4,271.95,132.4,271.95,146.63,251.62,146.63
249.62,129.39,269.99,129.39,269.99,143.65,249.62,143.65
249.31,124.47,269.78,124.47,269.78,138.8,249.31,138.8
248.4,122.03,268.97,122.03,268.97,136.44,248.4,136.44
248.37,117.92,268.99,117.92,268.99,132.34,248.37,132.34
248.62,116.36,269.18,116.36,269.18,130.76,248.62,130.76
247.25,115.59,267.74,115.59,267.74,129.93,247.25,129.93
244.92,114.12,265.48,114.12,265.48,128.51,244.92,128.51
244.55,114.64,265.02,114.64,265.02,128.97,244.55,128.97
243.17,117.64,263.72,117.64,263.72,132.03,243.17,132.03
242.26,119.38,262.78,119.38,262.78,133.75,242.26,133.75
240.61,121.65,261.28,121.65,261.28,136.12,240.61,136.12
238.21,124.99,259.02,124.99,259.02,139.57,238.21,139.57
237.43,126.35,258.22,126.35,258.22,140.91,237.43,140.91
236.21,128,256.89,128,256.89,142.48,236.21,142.48
234.57,131,255.27,131,255.27,145.49,234.57,145.49
231.83,132.73,252.42,132.73,252.42,147.14,231.83,147.14
230.46,134.38,251.02,134.38,251.02,148.78,230.46,148.78
228.77,133.75,249.34,133.75,249.34,148.15,228.77,148.15
226.34,131.62,246.94,131.62,246.94,146.03,226.34,146.03
224.86,129.52,245.39,129.52,245.39,143.9,224.86,143.9
220.94,123.77,241.53,123.77,241.53,138.19,220.94,138.19
219.01,121.77,239.71,121.77,239.71,136.26,219.01,136.26
218.6,119.78,239.26,119.78,239.26,134.24,218.6,134.24
210.39,114.71,231.05,114.71,231.05,129.16,210.39,129.16
207.57,119.06,228.2,119.06,228.2,133.5,207.57,133.5
205.44,124.13,225.99,124.13,225.99,138.51,205.44,138.51
204.23,126.36,224.75,126.36,224.75,140.73,204.23,140.73
203.92,127.45,224.34,127.45,224.34,141.75,203.92,141.75
203.62,128.63,224,128.63,224,142.91,203.62,142.91
202.51,129.75,222.83,129.75,222.83,143.97,202.51,143.97
201.71,130.04,222.06,130.04,222.06,144.29,201.71,144.29
200.58,129.55,220.93,129.55,220.93,143.79,200.58,143.79
200.48,126.98,220.72,126.98,220.72,141.15,200.48,141.15
200.79,123.39,221.05,123.39,221.05,137.58,200.79,137.58
198.87,120.04,219.2,120.04,219.2,134.26,198.87,134.26
198.5,115.07,218.83,115.07,218.83,129.29,198.5,129.29
198.16,112.14,218.39,112.14,218.39,126.3,198.16,126.3
197.1,108.57,217.3,108.57,217.3,122.71,197.1,122.71
196.29,105.2,216.49,105.2,216.49,119.33,196.29,119.33
195.09,105.47,215.47,105.47,215.47,119.74,195.09,119.74
195.52,105.47,215.86,105.47,215.86,119.71,195.52,119.71
192.84,105.49,213.33,105.49,213.33,119.83,192.84,119.83
192.33,107.02,212.81,107.02,212.81,121.36,192.33,121.36
190.35,112.07,210.82,112.07,210.82,126.4,190.35,126.4
189.57,115.2,210,115.2,210,129.5,189.57,129.5
188.23,121.79,208.64,121.79,208.64,136.08,188.23,136.08
187.08,124.25,207.43,124.25,207.43,138.5,187.08,138.5
184.82,127.21,205.24,127.21,205.24,141.5,184.82,141.5
184.71,128.13,205.07,128.13,205.07,142.39,184.71,142.39
183.18,129.68,203.46,129.68,203.46,143.87,183.18,143.87
182.09,127.77,202.24,127.77,202.24,141.88,182.09,141.88
181.45,127.05,201.59,127.05,201.59,141.15,181.45,141.15
183.52,124.06,203.77,124.06,203.77,138.24,183.52,138.24
178.72,120.55,199.07,120.55,199.07,134.78,178.72,134.78
185.97,118.54,206.29,118.54,206.29,132.76,185.97,132.76
180.37,117.76,200.68,117.76,200.68,131.99,180.37,131.99
179,116.94,199.26,116.94,199.26,131.13,179,131.13
178.4,115.43,198.65,115.43,198.65,129.61,178.4,129.61
182.39,110.88,202.71,110.88,202.71,125.1,182.39,125.1
177.7,111.55,197.82,111.55,197.82,125.64,177.7,125.64
180.59,107.03,200.86,107.03,200.86,121.22,180.59,121.22
180,106.26,200.26,106.26,200.26,120.45,180,120.45
176.64,108.06,196.85,108.06,196.85,122.21,176.64,122.21
180.13,106.32,200.33,106.32,200.33,120.46,180.13,120.46
179.93,111.33,200.19,111.33,200.19,125.51,179.93,125.51
175.91,114.98,196.11,114.98,196.11,129.11,175.91,129.11
176.16,120.45,196.41,120.45,196.41,134.62,176.16,134.62
180.55,120.5,200.76,120.5,200.76,134.65,180.55,134.65
180.71,121.39,200.87,121.39,200.87,135.51,180.71,135.51
179.1,122.95,199.25,122.95,199.25,137.06,179.1,137.06
180.15,123.23,200.25,123.23,200.25,137.3,180.15,137.3
178.07,123.33,198.26,123.33,198.26,137.46,178.07,137.46
177.34,121.47,197.59,121.47,197.59,135.64,177.34,135.64
178.39,119.93,198.65,119.93,198.65,134.11,178.39,134.11
180.33,116.02,200.54,116.02,200.54,130.16,180.33,130.16
179.63,113.55,199.84,113.55,199.84,127.7,179.63,127.7
178.64,112.88,198.8,112.88,198.8,126.99,178.64,126.99
177.21,110,197.33,110,197.33,124.08,177.21,124.08
177.18,108.18,197.23,108.18,197.23,122.22,177.18,122.22
175.49,104.41,195.55,104.41,195.55,118.45,175.49,118.45
173.23,103.55,193.29,103.55,193.29,117.6,173.23,117.6
170.49,102.34,190.58,102.34,190.58,116.4,170.49,116.4
168.91,101.77,189.11,101.77,189.11,115.91,168.91,115.91
167.35,102.11,187.54,102.11,187.54,116.25,167.35,116.25
164.42,104.83,184.62,104.83,184.62,118.97,164.42,118.97
160.43,108.06,180.66,108.06,180.66,122.22,160.43,122.22
157.75,112.5,177.9,112.5,177.9,126.61,157.75,126.61
152.46,116.66,172.76,116.66,172.76,130.86,152.46,130.86
153.28,117.45,173.61,117.45,173.61,131.68,153.28,131.68
152.56,117.71,172.82,117.71,172.82,131.9,152.56,131.9
151.38,117.77,171.6,117.77,171.6,131.93,151.38,131.93
149.46,118.36,169.7,118.36,169.7,132.53,149.46,132.53
149.04,118.61,169.23,118.61,169.23,132.74,149.04,132.74
148.48,117.98,168.52,117.98,168.52,132,148.48,132
148.68,117.75,168.7,117.75,168.7,131.75,148.68,131.75
148.92,113.94,168.87,113.94,168.87,127.91,148.92,127.91
149.21,111.91,169.27,111.91,169.27,125.95,149.21,125.95
149.76,111.2,169.76,111.2,169.76,125.2,149.76,125.2
150.22,110.38,170.27,110.38,170.27,124.41,150.22,124.41
150.38,109.43,170.48,109.43,170.48,123.5,150.38,123.5
150.08,108.55,170.19,108.55,170.19,122.63,150.08,122.63
149.93,108.33,170.08,108.33,170.08,122.44,149.93,122.44
149.97,107.98,170.03,107.98,170.03,122.02,149.97,122.02
151.5,112.15,171.53,112.15,171.53,126.17,151.5,126.17
151.62,114.42,171.66,114.42,171.66,128.46,151.62,128.46
153.04,117.23,173.13,117.23,173.13,131.29,153.04,131.29
152.66,117.4,172.72,117.4,172.72,131.44,152.66,131.44
152.1,118.55,172.14,118.55,172.14,132.57,152.1,132.57
151.55,119.41,171.63,119.41,171.63,133.46,151.55,133.46
151.7,119.14,171.84,119.14,171.84,133.24,151.7,133.24
150.07,117.37,170.34,117.37,170.34,131.56,150.07,131.56
149.05,117.14,169.29,117.14,169.29,131.3,149.05,131.3
148.25,116.85,168.49,116.85,168.49,131.02,148.25,131.02
145.57,114.96,165.77,114.96,165.77,129.1,145.57,129.1
144.4,114.29,164.6,114.29,164.6,128.43,144.4,128.43
139.92,115.55,160.08,115.55,160.08,129.66,139.92,129.66
140.01,113.44,160.01,113.44,160.01,127.44,140.01,127.44
138.2,114.77,158.23,114.77,158.23,128.8,138.2,128.8
135.87,113.98,155.85,113.98,155.85,127.96,135.87,127.96
134.11,113.57,154.17,113.57,154.17,127.61,134.11,127.61
132.29,114.62,152.31,114.62,152.31,128.63,132.29,128.63
129.17,115.67,149.23,115.67,149.23,129.72,129.17,129.72
127.89,116.27,147.91,116.27,147.91,130.29,127.89,130.29
126.46,117.02,146.41,117.02,146.41,130.99,126.46,130.99
123.74,119.23,143.64,119.23,143.64,133.16,123.74,133.16
122.98,118.56,143.01,118.56,143.01,132.58,122.98,132.58
120.86,118.68,140.83,118.68,140.83,132.65,120.86,132.65
120.02,119.53,139.95,119.53,139.95,133.48,120.02,133.48
119.25,119.32,139.24,119.32,139.24,133.32,119.25,133.32
118.52,119.74,138.71,119.74,138.71,133.87,118.52,133.87
118.57,119.19,138.56,119.19,138.56,133.18,118.57,133.18
118.06,119.85,138.15,119.85,138.15,133.92,118.06,133.92
118.13,119.57,138.09,119.57,138.09,133.54,118.13,133.54
118.59,120.03,138.88,120.03,138.88,134.23,118.59,134.23
119.47,120.16,139.71,120.16,139.71,134.33,119.47,134.33
121.65,121.7,141.96,121.7,141.96,135.92,121.65,135.92
122.25,120.39,142.49,120.39,142.49,134.56,122.25,134.56
123.11,121.88,143.32,121.88,143.32,136.03,123.11,136.03
124.24,122.91,144.36,122.91,144.36,137,124.24,137
125.79,124.79,145.8,124.79,145.8,138.8,125.79,138.8
130.13,127.48,150.16,127.48,150.16,141.5,130.13,141.5
131.2,127.97,151.25,127.97,151.25,142.01,131.2,142.01
132.08,128.45,152.13,128.45,152.13,142.49,132.08,142.49
133.6,130.31,153.72,130.31,153.72,144.39,133.6,144.39
134.32,130.46,154.51,130.46,154.51,144.59,134.32,144.59
133.74,134.02,153.89,134.02,153.89,148.13,133.74,148.13
135.91,135.59,155.98,135.59,155.98,149.64,135.91,149.64
139.57,134.2,159.6,134.2,159.6,148.22,139.57,148.22
142.29,132.56,162.31,132.56,162.31,146.57,142.29,146.57
143.03,130.95,163.1,130.95,163.1,144.99,143.03,144.99
144.99,130.8,165.14,130.8,165.14,144.9,144.99,144.9
140.84,129.44,160.85,129.44,160.85,143.44,140.84,143.44
140.28,129.24,160.24,129.24,160.24,143.21,140.28,143.21
143.97,126.89,164.09,126.89,164.09,140.98,143.97,140.98
147.01,119.73,167.09,119.73,167.09,133.79,147.01,133.79
144.95,121.54,165.08,121.54,165.08,135.62,144.95,135.62
143.99,119.48,164.09,119.48,164.09,133.55,143.99,133.55
144.45,115.87,164.52,115.87,164.52,129.92,144.45,129.92
145.02,114.33,165.13,114.33,165.13,128.4,145.02,128.4
146.1,109,166.11,109,166.11,123.01,146.1,123.01
147.79,109,167.78,109,167.78,123,147.79,123
148.48,106.79,168.58,106.79,168.58,120.86,148.48,120.86
149.54,104.23,169.8,104.23,169.8,118.41,149.54,118.41
150.17,104.47,170.57,104.47,170.57,118.75,150.17,118.75
152.86,107.3,173.36,107.3,173.36,121.65,152.86,121.65
153.2,108.5,173.61,108.5,173.61,122.78,153.2,122.78
154.17,110.64,174.56,110.64,174.56,124.92,154.17,124.92
156.19,114.38,176.63,114.38,176.63,128.69,156.19,128.69
158.14,119.53,178.58,119.53,178.58,133.83,158.14,133.83
159.87,121.02,180.27,121.02,180.27,135.3,159.87,135.3
160.82,123.24,181.16,123.24,181.16,137.48,160.82,137.48
167.09,128.16,187.4,128.16,187.4,142.37,167.09,142.37
168.87,124.09,189.13,124.09,189.13,138.28,168.87,138.28
169.97,118.27,190.24,118.27,190.24,132.46,169.97,132.46
170.24,114.07,190.56,114.07,190.56,128.3,170.24,128.3
170.46,108.31,190.89,108.31,190.89,122.61,170.46,122.61
171.23,104.45,191.72,104.45,191.72,118.79,171.23,118.79
170.87,103.34,191.34,103.34,191.34,117.67,170.87,117.67
171.27,102.17,191.73,102.17,191.73,116.49,171.27,116.49
171.34,103.2,191.73,103.2,191.73,117.48,171.34,117.48
170.61,104.55,191.14,104.55,191.14,118.92,170.61,118.92
170.58,107.33,191.13,107.33,191.13,121.71,170.58,121.71
170.85,112.77,191.26,112.77,191.26,127.06,170.85,127.06
170.54,115.1,191.08,115.1,191.08,129.48,170.54,129.48
170.96,120.55,191.55,120.55,191.55,134.97,170.96,134.97
172.43,124.57,193.08,124.57,193.08,139.03,172.43,139.03
172.28,126.41,192.93,126.41,192.93,140.87,172.28,140.87
173.01,127,193.66,127,193.66,141.45,173.01,141.45
174,127.07,194.69,127.07,194.69,141.56,174,141.56
174.69,127.36,195.37,127.36,195.37,141.84,174.69,141.84
176.44,127.33,197.1,127.33,197.1,141.79,176.44,141.79
177.83,125.26,198.47,125.26,198.47,139.71,177.83,139.71
179.64,122.04,200.43,122.04,200.43,136.6,179.64,136.6
180.41,121.06,201.19,121.06,201.19,135.61,180.41,135.61
183.31,119.01,203.99,119.01,203.99,133.5,183.31,133.5
183.64,118.75,204.36,118.75,204.36,133.25,183.64,133.25
186.83,115.02,207.72,115.02,207.72,129.64,186.83,129.64
188.79,114.79,209.51,114.79,209.51,129.29,188.79,129.29
189.82,112.04,210.6,112.04,210.6,126.59,189.82,126.59
190.38,111.43,211.24,111.43,211.24,126.04,190.38,126.04
192.85,109.85,213.53,109.85,213.53,124.32,192.85,124.32
194.51,109.97,215.22,109.97,215.22,124.47,194.51,124.47
196.48,110.8,217.24,110.8,217.24,125.33,196.48,125.33
196.96,111.76,217.72,111.76,217.72,126.3,196.96,126.3
199.28,113.68,220.02,113.68,220.02,128.2,199.28,128.2
199.94,116.83,220.69,116.83,220.69,131.35,199.94,131.35
201.53,119.29,222.35,119.29,222.35,133.87,201.53,133.87
203.96,122.63,224.72,122.63,224.72,137.16,203.96,137.16
204.94,124.11,225.69,124.11,225.69,138.63,204.94,138.63
206.05,126.43,226.88,126.43,226.88,141.01,206.05,141.01
207.42,127,228.27,127,228.27,141.6,207.42,141.6
208.45,127.38,229.25,127.38,229.25,141.94,208.45,141.94
208.47,127.44,229.35,127.44,229.35,142.06,208.47,142.06
210.14,127.41,230.88,127.41,230.88,141.92,210.14,141.92
210.69,127.58,231.34,127.58,231.34,142.03,210.69,142.03
211.68,128.39,232.35,128.39,232.35,142.86,211.68,142.86
212.08,129.2,232.61,129.2,232.61,143.57,212.08,143.57
214.21,129.44,234.65,129.44,234.65,143.74,214.21,143.74
213.81,129.82,234.31,129.82,234.31,144.18,213.81,144.18
215.41,129.67,235.86,129.67,235.86,143.98,215.41,143.98
216.46,129.76,236.89,129.76,236.89,144.06,216.46,144.06
213.86,131.6,234.28,131.6,234.28,145.9,213.86,145.9
215.37,130.65,235.96,130.65,235.96,145.06,215.37,145.06
215.95,130.86,236.56,130.86,236.56,145.29,215.95,145.29
216.27,130.68,236.91,130.68,236.91,145.14,216.27,145.14
215.76,130.13,236.4,130.13,236.4,144.58,215.76,144.58
216.12,130.27,236.86,130.27,236.86,144.79,216.12,144.79
217.53,128.92,238.17,128.92,238.17,143.37,217.53,143.37
217.7,128.79,238.3,128.79,238.3,143.21,217.7,143.21
217.15,128.33,237.8,128.33,237.8,142.78,217.15,142.78
216.47,125.64,237.09,125.64,237.09,140.07,216.47,140.07
217.32,126.23,237.96,126.23,237.96,140.68,217.32,140.68
216.88,124.13,237.4,124.13,237.4,138.49,216.88,138.49
217.48,124.73,237.96,124.73,237.96,139.06,217.48,139.06
217.07,125.38,237.56,125.38,237.56,139.73,217.07,139.73
217.51,128.35,237.96,128.35,237.96,142.67,217.51,142.67
217.44,129.55,237.9,129.55,237.9,143.87,217.44,143.87
216.93,131.44,237.47,131.44,237.47,145.82,216.93,145.82
215.73,132.17,236.34,132.17,236.34,146.6,215.73,146.6
213.75,132.97,234.29,132.97,234.29,147.35,213.75,147.35
212.8,133.34,233.28,133.34,233.28,147.67,212.8,147.67
209.62,132.12,230.19,132.12,230.19,146.52,209.62,146.52
208.44,131.77,229,131.77,229,146.16,208.44,146.16
206.59,130.49,227.09,130.49,227.09,144.84,206.59,144.84
204.74,130.33,225.3,130.33,225.3,144.72,204.74,144.72
204.16,129.66,224.75,129.66,224.75,144.08,204.16,144.08
203.15,129.27,223.77,129.27,223.77,143.7,203.15,143.7
202.09,128.81,222.75,128.81,222.75,143.28,202.09,143.28
201.41,128.83,221.96,128.83,221.96,143.21,201.41,143.21
201.56,129.11,222.1,129.11,222.1,143.48,201.56,143.48
201.41,129.07,221.9,129.07,221.9,143.42,201.41,143.42
201.15,129.19,221.58,129.19,221.58,143.49,201.15,143.49
201.94,129.13,222.35,129.13,222.35,143.42,201.94,143.42
202.25,129.25,222.66,129.25,222.66,143.54,202.25,143.54
203.39,129.44,223.89,129.44,223.89,143.8,203.39,143.8
203.65,129.88,224.18,129.88,224.18,144.25,203.65,144.25
206.31,130.46,226.85,130.46,226.85,144.83,206.31,144.83
207.61,131.19,228.25,131.19,228.25,145.63,207.61,145.63
210.03,132,230.62,132,230.62,146.41,210.03,146.41
211.13,132.27,231.67,132.27,231.67,146.64,211.13,146.64
213.55,132.21,234.15,132.21,234.15,146.62,213.55,146.62
216.67,131.81,237.31,131.81,237.31,146.25,216.67,146.25
218.66,130.93,239.26,130.93,239.26,145.35,218.66,145.35
220.56,131.03,241.2,131.03,241.2,145.47,220.56,145.47
222.61,129.43,243.12,129.43,243.12,143.79,222.61,143.79
224.05,129.74,244.58,129.74,244.58,144.11,224.05,144.11
225.4,128.02,245.98,128.02,245.98,142.43,225.4,142.43
225.98,127.82,246.61,127.82,246.61,142.27,225.98,142.27
227.22,128.37,247.82,128.37,247.82,142.79,227.22,142.79
227.81,128.74,248.38,128.74,248.38,143.15,227.81,143.15
227.53,129.86,248.12,129.86,248.12,144.28,227.53,144.28
226.96,131.31,247.57,131.31,247.57,145.73,226.96,145.73
227,132.24,247.52,132.24,247.52,146.61,227,146.61
225.17,134.23,245.65,134.23,245.65,148.56,225.17,148.56
224.34,134.68,244.83,134.68,244.83,149.03,224.34,149.03
222.28,134.86,242.77,134.86,242.77,149.21,222.28,149.21
219.78,135.02,240.35,135.02,240.35,149.42,219.78,149.42
218.11,135.18,238.7,135.18,238.7,149.59,218.11,149.59
216.7,135.21,237.36,135.21,237.36,149.68,216.7,149.68
213.79,134.4,234.41,134.4,234.41,148.84,213.79,148.84
212.26,134.94,232.82,134.94,232.82,149.33,212.26,149.33
211.15,133.59,231.69,133.59,231.69,147.97,211.15,147.97
208.48,132.37,229.07,132.37,229.07,146.79,208.48,146.79
207.14,132.21,227.71,132.21,227.71,146.61,207.14,146.61
204.76,130.84,225.26,130.84,225.26,145.19,204.76,145.19
204.03,130.51,224.63,130.51,224.63,144.93,204.03,144.93
201.46,129.54,222.05,129.54,222.05,143.95,201.46,143.95
203.97,129.47,224.58,129.47,224.58,143.89,203.97,143.89
206.7,130.52,227.31,130.52,227.31,144.95,206.7,144.95
207.22,130.75,227.92,130.75,227.92,145.24,207.22,145.24
209.28,127.51,230.21,127.51,230.21,142.16,209.28,142.16
211.29,126.76,232.11,126.76,232.11,141.34,211.29,141.34
214.09,121.23,234.97,121.23,234.97,135.85,214.09,135.85
216.44,118.96,237.3,118.96,237.3,133.56,216.44,133.56
219.27,114.5,240.01,114.5,240.01,129.02,219.27,129.02
222.57,107.69,243.4,107.69,243.4,122.28,222.57,122.28
224.57,103.09,245.43,103.09,245.43,117.69,224.57,117.69
226.04,99.56,246.7,99.56,246.7,114.03,226.04,114.03
231.03,90.78,251.76,90.78,251.76,105.29,231.03,105.29
233.76,81.363,254.57,81.363,254.57,95.932,233.76,95.932
236.87,76.051,257.61,76.051,257.61,90.57,236.87,90.57
238.52,66.107,259.36,66.107,259.36,80.7,238.52,80.7
240.22,48.678,260.89,48.678,260.89,63.143,240.22,63.143
241.51,48.169,262,48.169,262,62.514,241.51,62.514
243.96,35.317,264.37,35.317,264.37,49.604,243.96,49.604
246.12,34.549,266.49,34.549,266.49,48.807,246.12,48.807
249.47,31.139,269.99,31.139,269.99,45.503,249.47,45.503
253.19,26.977,273.68,26.977,273.68,41.321,253.19,41.321
252.75,24.997,273.25,24.997,273.25,39.346,252.75,39.346
258.13,28.691,278.63,28.691,278.63,43.039,258.13,43.039
