577.5,28.5,605.5,28.5,605.5,58.5,577.5,58.5
576.26,27.078,603.75,27.078,603.75,56.531,576.26,56.531
574.91,26.782,602.94,26.782,602.94,56.812,574.91,56.812
575.17,27.354,603.16,27.354,603.16,57.35,575.17,57.35
574.93,27.457,603.36,27.457,603.36,57.923,574.93,57.923
576.2,33.5,604.16,33.5,604.16,63.46,576.2,63.46
576.1,34.967,604.75,34.967,604.75,65.664,576.1,65.664
577.88,40.261,606.56,40.261,606.56,70.988,577.88,70.988
578.57,44.043,607.27,44.043,607.27,74.791,578.57,74.791
580.24,46.006,609.3,46.006,609.3,77.139,580.24,77.139
584.51,50.282,613.83,50.282,613.83,81.702,584.51,81.702
584.88,49.946,614.22,49.946,614.22,81.384,584.88,81.384
587.85,50.916,616.71,50.916,616.71,81.835,587.85,81.835
590.18,50.649,619.38,50.649,619.38,81.937,590.18,81.937
589.94,49.4,619.59,49.4,619.59,81.168,589.94,81.168
591.05,47.172,620.89,47.172,620.89,79.144,591.05,79.144
592.31,47.02,621.68,47.02,621.68,78.491,592.31,78.491
592.11,46.881,621.94,46.881,621.94,78.851,592.11,78.851
591.33,47.69,621.05,47.69,621.05,79.531,591.33,79.531
589.71,51.802,619.17,51.802,619.17,83.374,589.71,83.374
588.04,55.417,617.49,55.417,617.49,86.97,588.04,86.97
585.49,59.046,614.81,59.046,614.81,90.466,585.49,90.466
581.65,63.312,610.55,63.312,610.55,94.272,581.65,94.272
578.41,65.227,607.43,65.227,607.43,96.326,578.41,96.326
573.75,66.036,602.86,66.036,602.86,97.222,573.75,97.222
569.24,66.358,598.55,66.358,598.55,97.759,569.24,97.759
566.68,65.286,596.23,65.286,596.23,96.943,566.68,96.943
562.86,64.165,593.06,64.165,593.06,96.522,562.86,96.522
561.78,63.411,592.3,63.411,592.3,96.113,561.78,96.113
559.89,62.846,590.61,62.846,590.61,95.759,559.89,95.759
559.74,64.646,590.63,64.646,590.63,97.745,559.74,97.745
559.04,67.707,590.53,67.707,590.53,101.45,559.04,101.45
559.77,72.167,591.21,72.167,591.21,105.85,559.77,105.85
559.24,75.446,590.75,75.446,590.75,109.2,559.24,109.2
559.79,78.995,591.57,78.995,591.57,113.05,559.79,113.05
563.14,82.357,595.21,82.357,595.21,116.72,563.14,116.72
563.29,83.68,595.29,83.68,595.29,117.97,563.29,117.97
566.65,83.936,599.02,83.936,599.02,118.62,566.65,118.62
567.08,83.335,600.13,83.335,600.13,118.74,567.08,118.74
566.58,80.327,600.15,80.327,600.15,116.29,566.58,116.29
565.32,79.074,598.98,79.074,598.98,115.14,565.32,115.14
563.6,78.416,597.52,78.416,597.52,114.75,563.6,114.75
561.75,78.56,596.21,78.56,596.21,115.48,561.75,115.48
560.37,81.469,594.38,81.469,594.38,117.91,560.37,117.91
558.53,85.791,592.64,85.791,592.64,122.34,558.53,122.34
555.6,90.324,589.86,90.324,589.86,127.03,555.6,127.03
553.22,95.02,587.4,95.02,587.4,131.64,553.22,131.64
548.82,99.283,583.1,99.283,583.1,136.01,548.82,136.01
545.89,101.72,580.03,101.72,580.03,138.3,545.89,138.3
539.59,102.35,573.77,102.35,573.77,138.97,539.59,138.97
533.23,102.62,567.61,102.62,567.61,139.46,533.23,139.46
530.05,101.88,564.62,101.88,564.62,138.93,530.05,138.93
528.67,101.92,563.04,101.92,563.04,138.74,528.67,138.74
525.5,102.04,559.73,102.04,559.73,138.71,525.5,138.71
524.71,103.8,558.99,103.8,558.99,140.53,524.71,140.53
522.08,106.6,556.39,106.6,556.39,143.36,522.08,143.36
520.6,111.31,555.08,111.31,555.08,148.25,520.6,148.25
519.19,115.71,553.88,115.71,553.88,152.88,519.19,152.88
519.35,120.4,553.77,120.4,553.77,157.29,519.35,157.29
516.37,124.57,551.02,124.57,551.02,161.7,516.37,161.7
519.56,127.57,554.14,127.57,554.14,164.62,519.56,164.62
519.89,128.68,554.8,128.68,554.8,166.09,519.89,166.09
518.94,129.26,553.97,129.26,553.97,166.78,518.94,166.78
518.5,130.01,553.67,130.01,553.67,167.69,518.5,167.69
517.3,129.6,552.61,129.6,552.61,167.44,517.3,167.44
514.43,129.84,549.92,129.84,549.92,167.86,514.43,167.86
514,132.62,550,132.62,550,171.18,514,171.18
512.12,139.99,548.13,139.99,548.13,178.57,512.12,178.57
511.38,143.49,547.09,143.49,547.09,181.75,511.38,181.75
508.55,148.2,544.19,148.2,544.19,186.39,508.55,186.39
507.19,152.42,542.64,152.42,542.64,190.4,507.19,190.4
504.58,154.34,540.33,154.34,540.33,192.65,504.58,192.65
501.13,155.04,536.96,155.04,536.96,193.43,501.13,193.43
499.02,155.35,534.96,155.35,534.96,193.86,499.02,193.86
498.97,156.49,535.13,156.49,535.13,195.23,498.97,195.23
497.57,156.82,533.85,156.82,533.85,195.69,497.57,195.69
497.25,160.48,533.63,160.48,533.63,199.45,497.25,199.45
497.13,163.83,533.76,163.83,533.76,203.07,497.13,203.07
496.38,167.56,533.13,167.56,533.13,206.93,496.38,206.93
497.36,175.09,534.19,175.09,534.19,214.55,497.36,214.55
497.9,179.31,534.73,179.31,534.73,218.77,497.9,218.77
498.43,184.2,535.83,184.2,535.83,224.27,498.43,224.27
501.72,188.14,539.4,188.14,539.4,228.5,501.72,228.5
502.95,190.32,540.86,190.32,540.86,230.93,502.95,230.93
507.45,191.39,545.32,191.39,545.32,231.97,507.45,231.97
508.66,191.46,546.63,191.46,546.63,232.15,508.66,232.15
508.87,188.73,547.02,188.73,547.02,229.6,508.87,229.6
507.85,188.04,546.13,188.04,546.13,229.06,507.85,229.06
506.83,187.31,545.05,187.31,545.05,228.26,506.83,228.26
505.61,188.72,543.57,188.72,543.57,229.39,505.61,229.39
501.33,192.63,539.14,192.63,539.14,233.14,501.33,233.14
496.38,202.08,534.08,202.08,534.08,242.47,496.38,242.47
493.55,205.91,530.78,205.91,530.78,245.81,493.55,245.81
488.95,209.78,526.02,209.78,526.02,249.5,488.95,249.5
479.76,217.04,516.81,217.04,516.81,256.73,479.76,256.73
475.77,221.17,513.06,221.17,513.06,261.13,475.77,261.13
471.12,226.53,508.56,226.53,508.56,266.64,471.12,266.64
467.6,231.8,505.37,231.8,505.37,272.27,467.6,272.27
465.96,236.9,503.9,236.9,503.9,277.55,465.96,277.55
463.65,240.39,501.85,240.39,501.85,281.31,463.65,281.31
463.02,245.48,501.51,245.48,501.51,286.71,463.02,286.71
461.78,252.96,500.53,252.96,500.53,294.48,461.78,294.48
463.12,258.03,501.97,258.03,501.97,299.66,463.12,299.66
463.02,264.13,502.06,264.13,502.06,305.96,463.02,305.96
465.92,276.62,505.03,276.62,505.03,318.52,465.92,318.52
466.72,281.89,505.79,281.89,505.79,323.75,466.72,323.75
469.2,289.14,508.08,289.14,508.08,330.79,469.2,330.79
469.83,294.07,508.44,294.07,508.44,335.44,469.83,335.44
472.28,302.82,510.93,302.82,510.93,344.24,472.28,344.24
471.15,306.2,510.04,306.2,510.04,347.87,471.15,347.87
469.92,308.28,508.81,308.28,508.81,349.94,469.92,349.94
465.69,312.07,504.69,312.07,504.69,353.85,465.69,353.85
465.46,314.18,504.7,314.18,504.7,356.23,465.46,356.23
460.64,318.49,499.99,318.49,499.99,360.65,460.64,360.65
455.91,327.13,495.42,327.13,495.42,369.46,455.91,369.46
456.51,331.9,496.06,331.9,496.06,374.28,456.51,374.28
448.3,340.64,487.81,340.64,487.81,382.96,448.3,382.96
447.88,349.75,487.24,349.75,487.24,391.92,447.88,391.92
443.81,354.71,482.88,354.71,482.88,396.57,443.81,396.57
435.55,362.44,474.63,362.44,474.63,404.32,435.55,404.32
430.68,369.76,469.86,369.76,469.86,411.74,430.68,411.74
430.43,373.19,469.61,373.19,469.61,415.17,430.43,415.17
426.56,376.83,465.72,376.83,465.72,418.79,426.56,418.79
426.53,382.95,465.75,382.95,465.75,424.97,426.53,424.97
425.77,387.6,465.15,387.6,465.15,429.79,425.77,429.79
425.27,395.15,464.67,395.15,464.67,437.37,425.27,437.37
428.01,408.18,467.61,408.18,467.61,450.61,428.01,450.61
429.4,416.67,469.22,416.67,469.22,459.33,429.4,459.33
