443.5,296.5,476.5,296.5,476.5,385.5,443.5,385.5
443.42,296.48,476.41,296.48,476.41,385.45,443.42,385.45
443.59,297.26,476.25,297.26,476.25,385.33,443.59,385.33
443.8,297.02,476.77,297.02,476.77,385.92,443.8,385.92
443.55,296.7,476.37,296.7,476.37,385.2,443.55,385.2
443.53,296.74,476.31,296.74,476.31,385.15,443.53,385.15
443.42,296.25,476.49,296.25,476.49,385.44,443.42,385.44
443.43,296.56,476.59,296.56,476.59,385.98,443.43,385.98
443.91,296.88,477.08,296.88,477.08,386.33,443.91,386.33
443.98,296.89,477.04,296.89,477.04,386.05,443.98,386.05
443.92,296.13,477.02,296.13,477.02,385.41,443.92,385.41
444.23,297.26,477.06,297.26,477.06,385.8,444.23,385.8
444.6,297.55,477.46,297.55,477.46,386.16,444.6,386.16
444.54,297.31,477.34,297.31,477.34,385.77,444.54,385.77
444.25,296.62,477.15,296.62,477.15,385.35,444.25,385.35
444.82,297.12,477.68,297.12,477.68,385.75,444.82,385.75
444.85,297.4,477.74,297.4,477.74,386.11,444.85,386.11
445.05,297.68,477.77,297.68,477.77,385.92,445.05,385.92
444.54,297.17,477.13,297.17,477.13,385.06,444.54,385.06
444.63,297.22,477.38,297.22,477.38,385.56,444.63,385.56
444.28,296.93,477.14,296.93,477.14,385.54,444.28,385.54
444.53,296.71,477.51,296.71,477.51,385.67,444.53,385.67
444.17,296.72,477.16,296.72,477.16,385.69,444.17,385.69
444.1,296.75,477.06,296.75,477.06,385.63,444.1,385.63
444.58,297.2,477.55,297.2,477.55,386.13,444.58,386.13
443.98,296.68,476.9,296.68,476.9,385.47,443.98,385.47
444.29,296.99,477.23,296.99,477.23,385.85,444.29,385.85
444.55,297.32,477.37,297.32,477.37,385.85,444.55,385.85
444.72,297.59,477.5,297.59,477.5,386,444.72,386
444.55,297.3,477.31,297.3,477.31,385.64,444.55,385.64
444.68,297.12,477.31,297.12,477.31,385.12,444.68,385.12
445.02,297.42,477.68,297.42,477.68,385.51,445.02,385.51
445.02,297.54,477.55,297.54,477.55,385.27,445.02,385.27
445.06,297.42,477.61,297.42,477.61,385.2,445.06,385.2
445.12,297.64,477.6,297.64,477.6,385.25,445.12,385.25
444.65,297.39,477.23,297.39,477.23,385.26,444.65,385.26
444.88,298.22,477.22,298.22,477.22,385.44,444.88,385.44
444.92,298.48,477.09,298.48,477.09,385.22,444.92,385.22
444.51,297.75,477.11,297.75,477.11,385.67,444.51,385.67
444.17,297.57,476.83,297.57,476.83,385.64,444.17,385.64
443.62,297.67,475.95,297.67,475.95,384.86,443.62,384.86
443.44,297.97,475.58,297.97,475.58,384.63,443.44,384.63
442.82,298.09,474.78,298.09,474.78,384.28,442.82,384.28
442.75,298.86,474.49,298.86,474.49,384.45,442.75,384.45
441.97,298.63,473.9,298.63,473.9,384.74,441.97,384.74
440.67,298.2,472.56,298.2,472.56,384.23,440.67,384.23
439.41,297.92,471.4,297.92,471.4,384.19,439.41,384.19
439.25,298.93,471.34,298.93,471.34,385.48,439.25,385.48
436.26,299.05,468.36,299.05,468.36,385.64,436.26,385.64
436.44,299,468.37,299,468.37,385.11,436.44,385.11
433.54,298.78,465.44,298.78,465.44,384.81,433.54,384.81
432.5,298.61,464.19,298.61,464.19,384.09,432.5,384.09
445.66,297.46,477.67,297.46,477.67,383.79,445.66,383.79
444.23,298.01,476.28,298.01,476.28,384.46,444.23,384.46
443,298.97,475.02,298.97,475.02,385.33,443,385.33
441.96,298.78,474.05,298.78,474.05,385.34,441.96,385.34
432.01,299.06,464.35,299.06,464.35,386.27,432.01,386.27
430.63,298.29,463.01,298.29,463.01,385.62,430.63,385.62
428.87,297.31,461.42,297.31,461.42,385.09,428.87,385.09
444.51,298.65,477.11,298.65,477.11,386.58,444.51,386.58
443.75,298.15,476.69,298.15,476.69,387.01,443.75,387.01
442.38,297.71,475.41,297.71,475.41,386.79,442.38,386.79
442.05,297.48,474.96,297.48,474.96,386.22,442.05,386.22
443.51,298.08,476.37,298.08,476.37,386.71,443.51,386.71
443.91,297.94,476.72,297.94,476.72,386.41,443.91,386.41
444.37,297.57,477.31,297.57,477.31,386.42,444.37,386.42
444.56,298.29,477.55,298.29,477.55,387.27,444.56,387.27
444.02,297.41,477.05,297.41,477.05,386.49,444.02,386.49
444.29,297.18,477.32,297.18,477.32,386.26,444.29,386.26
444,297.44,476.84,297.44,476.84,386,444,386
443.69,297.82,476.52,297.82,476.52,386.36,443.69,386.36
443.5,298.57,476.22,298.57,476.22,386.84,443.5,386.84
442.5,297.77,475.34,297.77,475.34,386.34,442.5,386.34
442.96,298.27,475.42,298.27,475.42,385.82,442.96,385.82
442.13,298.09,474.43,298.09,474.43,385.2,442.13,385.2
443.8,299.06,475.92,299.06,475.92,385.68,443.8,385.68
443.33,299.04,475.24,299.04,475.24,385.09,443.33,385.09
443.19,299.34,475.09,299.34,475.09,385.37,443.19,385.37
442.84,299.15,474.85,299.15,474.85,385.5,442.84,385.5
443.02,299.39,474.96,299.39,474.96,385.55,443.02,385.55
442.62,298.83,474.59,298.83,474.59,385.05,442.62,385.05
443.19,299.02,475.15,299.02,475.15,385.23,443.19,385.23
443.37,299.72,475.29,299.72,475.29,385.8,443.37,385.8
443.07,299.17,475.03,299.17,475.03,385.35,443.07,385.35
443.17,299.26,475.12,299.26,475.12,385.43,443.17,385.43
442.93,298.76,474.8,298.76,474.8,384.7,442.93,384.7
442.94,298.79,474.77,298.79,474.77,384.63,442.94,384.63
443.06,298.96,474.91,298.96,474.91,384.86,443.06,384.86
442.97,299.31,474.8,299.31,474.8,385.16,442.97,385.16
442.96,299.23,474.7,299.23,474.7,384.84,442.96,384.84
443.25,299.38,475.05,299.38,475.05,385.13,443.25,385.13
443.34,299.35,475.2,299.35,475.2,385.26,443.34,385.26
442.61,298.84,474.55,298.84,474.55,384.99,442.61,384.99
442.79,298.58,474.75,298.58,474.75,384.78,442.79,384.78
442.91,298.87,474.93,298.87,474.93,385.22,442.91,385.22
443.07,299.03,475.04,299.03,475.04,385.24,443.07,385.24
443.01,299.35,474.9,299.35,474.9,385.36,443.01,385.36
442.67,299.25,474.54,299.25,474.54,385.2,442.67,385.2
442.61,298.75,474.57,298.75,474.57,384.93,442.61,384.93
442.76,298.73,474.78,298.73,474.78,385.09,442.76,385.09
443.01,299.25,475.06,299.25,475.06,385.68,443.01,385.68
443.18,299.26,475.18,299.26,475.18,385.57,443.18,385.57
443.15,299.81,475.1,299.81,475.1,385.98,443.15,385.98
442.97,299.15,474.81,299.15,474.81,385.03,442.97,385.03
442.93,298.72,474.82,298.72,474.82,384.74,442.93,384.74
442.9,298.92,474.78,298.92,474.78,384.92,442.9,384.92
442.93,299.12,474.76,299.12,474.76,384.98,442.93,384.98
443.08,299.37,474.92,299.37,474.92,385.23,443.08,385.23
443.01,299.19,474.83,299.19,474.83,385,443.01,385
442.89,298.62,474.76,298.62,474.76,384.59,442.89,384.59
442.78,298.5,474.73,298.5,474.73,384.67,442.78,384.67
443.01,299.09,474.92,299.09,474.92,385.16,443.01,385.16
442.81,299.4,474.68,299.4,474.68,385.35,442.81,385.35
442.91,298.73,474.83,298.73,474.83,384.8,442.91,384.8
442.85,298.78,474.71,298.78,474.71,384.71,442.85,384.71
442.77,298.7,474.64,298.7,474.64,384.67,442.77,384.67
442.95,298.91,475.06,298.91,475.06,385.5,442.95,385.5
442.97,298.97,474.9,298.97,474.9,385.07,442.97,385.07
442.9,298.83,474.73,298.83,474.73,384.68,442.9,384.68
442.84,298.74,474.72,298.74,474.72,384.71,442.84,384.71
442.81,298.69,474.75,298.69,474.75,384.82,442.81,384.82
442.93,299.3,474.81,299.3,474.81,385.28,442.93,385.28
442.86,298.84,474.77,298.84,474.77,384.91,442.86,384.91
442.76,298.52,474.64,298.52,474.64,384.49,442.76,384.49
442.97,298.67,474.83,298.67,474.83,384.61,442.97,384.61
442.82,298.96,474.7,298.96,474.7,384.95,442.82,384.95
442.93,299.22,474.83,299.22,474.83,385.24,442.93,385.24
442.87,298.86,474.77,298.86,474.77,384.9,442.87,384.9
442.78,298.65,474.71,298.65,474.71,384.78,442.78,384.78
442.87,298.7,474.81,298.7,474.81,384.84,442.87,384.84
442.91,299.16,474.84,299.16,474.84,385.26,442.91,385.26
442.87,299.19,474.74,299.19,474.74,385.11,442.87,385.11
442.97,298.8,474.86,298.8,474.86,384.81,442.97,384.81
442.84,298.8,474.73,298.8,474.73,384.79,442.84,384.79
442.92,298.91,474.83,298.91,474.83,384.96,442.92,384.96
442.95,299.16,474.81,299.16,474.81,385.1,442.95,385.1
442.91,299.28,474.79,299.28,474.79,385.24,442.91,385.24
442.74,298.8,474.68,298.8,474.68,384.94,442.74,384.94
442.75,298.87,474.67,298.87,474.67,384.95,442.75,384.95
442.87,298.83,474.77,298.83,474.77,384.86,442.87,384.86
442.95,298.86,474.94,298.86,474.94,385.14,442.95,385.14
443.06,299.04,475.27,299.04,475.27,385.91,443.06,385.91
442.78,298.53,474.91,298.53,474.91,385.18,442.78,385.18
442.65,298.72,474.73,298.72,474.73,385.25,442.65,385.25
443.29,299.04,475.4,299.04,475.4,385.64,443.29,385.64
443.07,299.13,474.92,299.13,474.92,385.04,443.07,385.04
442.8,298.77,474.86,298.77,474.86,385.22,442.8,385.22
443.02,299.02,475.26,299.02,475.26,385.95,443.02,385.95
442.92,299.04,474.85,299.04,474.85,385.14,442.92,385.14
442.85,298.92,474.72,298.92,474.72,384.88,442.85,384.88
442.72,298.82,474.61,298.82,474.61,384.85,442.72,384.85
442.76,298.73,474.77,298.73,474.77,385.09,442.76,385.09
443.28,299.32,475.22,299.32,475.22,385.47,443.28,385.47
442.89,299.4,474.76,299.4,474.76,385.35,442.89,385.35
442.8,298.85,474.7,298.85,474.7,384.87,442.8,384.87
442.82,298.65,474.77,298.65,474.77,384.83,442.82,384.83
443.2,299.33,475.13,299.33,475.13,385.44,443.2,385.44
442.95,299.37,474.86,299.37,474.86,385.45,442.95,385.45
442.97,299.22,474.77,299.22,474.77,384.99,442.97,384.99
443.31,299.45,475.15,299.45,475.15,385.32,443.31,385.32
442.86,298.93,474.7,298.93,474.7,384.81,442.86,384.81
443.02,299.52,474.9,299.52,474.9,385.49,443.02,385.49
442.93,299.51,474.84,299.51,474.84,385.58,442.93,385.58
442.95,298.79,474.92,298.79,474.92,385,442.95,385
443.13,299.08,475.12,299.08,475.12,385.35,443.13,385.35
443.15,299.43,475.38,299.43,475.38,386.36,443.15,386.36
442.82,298.65,474.87,298.65,474.87,385.09,442.82,385.09
443.05,298.91,475.18,298.91,475.18,385.56,443.05,385.56
442.94,299.1,475.01,299.1,475.01,385.59,442.94,385.59
443.28,299.46,475.34,299.46,475.34,385.93,443.28,385.93
443.17,299.31,475.16,299.31,475.16,385.61,443.17,385.61
443.14,299,475.21,299,475.21,385.49,443.14,385.49
443.22,299.2,475.33,299.2,475.33,385.79,443.22,385.79
442.92,298.84,474.94,298.84,474.94,385.21,442.92,385.21
443.18,299.09,475.27,299.09,475.27,385.63,443.18,385.63
443.24,299.28,475.23,299.28,475.23,385.55,443.24,385.55
443.35,299.3,475.37,299.3,475.37,385.66,443.35,385.66
443.29,299.48,475.35,299.48,475.35,385.94,443.29,385.94
443.16,299.12,475.26,299.12,475.26,385.71,443.16,385.71
442.81,298.64,474.82,298.64,474.82,384.97,442.81,384.97
443.31,299.19,475.43,299.19,475.43,385.84,443.31,385.84
442.97,299.05,474.93,299.05,474.93,385.24,442.97,385.24
443.33,299.32,475.23,299.32,475.23,385.36,443.33,385.36
443,299.29,474.89,299.29,474.89,385.31,443,385.31
442.94,299.04,474.82,299.04,474.82,385.03,442.94,385.03
442.94,299,474.79,299,474.79,384.9,442.94,384.9
442.93,299.03,474.81,299.03,474.81,385,442.93,385
443.01,299.24,474.78,299.24,474.78,384.93,443.01,384.93
443.39,299.58,475.23,299.58,475.23,385.44,443.39,385.44
442.85,299.26,474.7,299.26,474.7,385.16,442.85,385.16
442.86,299.02,474.65,299.02,474.65,384.77,442.86,384.77
442.97,299.09,475.18,299.09,475.18,385.95,442.97,385.95
442.65,298.5,474.81,298.5,474.81,385.24,442.65,385.24
442.71,298.68,474.82,298.68,474.82,385.27,442.71,385.27
442.73,298.9,474.71,298.9,474.71,385.14,442.73,385.14
442.87,298.42,475.17,298.42,475.17,385.55,442.87,385.55
443,298.71,475.26,298.71,475.26,385.73,443,385.73
442.93,298.26,475.43,298.26,475.43,385.9,442.93,385.9
442.58,298.08,474.85,298.08,474.85,385.11,442.58,385.11
442.95,299.22,475.19,299.22,475.19,386.17,442.95,386.17
442.67,298.58,474.84,298.58,474.84,385.37,442.67,385.37
442.56,298.27,474.75,298.27,474.75,385.1,442.56,385.1
442.65,298.41,474.86,298.41,474.86,385.27,442.65,385.27
442.88,299.33,474.89,299.33,474.89,385.66,442.88,385.66
443.04,299,475.21,299,475.21,385.75,443.04,385.75
442.55,298.41,474.67,298.41,474.67,385.04,442.55,385.04
442.69,298.59,474.77,298.59,474.77,385.11,442.69,385.11
443.12,299.33,475.32,299.33,475.32,386.16,443.12,386.16
442.67,298.83,474.76,298.83,474.76,385.38,442.67,385.38
442.89,298.86,474.94,298.86,474.94,385.29,442.89,385.29
443.05,299.31,474.87,299.31,474.87,385.13,443.05,385.13
442.76,299.39,474.63,299.39,474.63,385.33,442.76,385.33
442.97,299.71,474.77,299.71,474.77,385.47,442.97,385.47
443.11,299.36,475.23,299.36,475.23,385.99,443.11,385.99
442.59,298.6,474.63,298.6,474.63,385.01,442.59,385.01
443.09,299.78,475.07,299.78,475.07,386.01,443.09,386.01
442.99,299.91,474.87,299.91,474.87,385.89,442.99,385.89
442.41,298.86,474.32,298.86,474.32,384.92,442.41,384.92
442.44,298.74,474.36,298.74,474.36,384.83,442.44,384.83
442.84,299.29,474.71,299.29,474.71,385.23,442.84,385.23
442.72,299.35,474.56,299.35,474.56,385.2,442.72,385.2
442.7,298.93,474.55,298.93,474.55,384.84,442.7,384.84
442.49,298.74,474.4,298.74,474.4,384.81,442.49,384.81
442.51,298.93,474.44,298.93,474.44,385.05,442.51,385.05
442.58,299,474.59,299,474.59,385.31,442.58,385.31
442.94,298.91,475.17,298.91,475.17,385.81,442.94,385.81
442.86,298.63,474.94,298.63,474.94,385.16,442.86,385.16
443.07,299.09,475.3,299.09,475.3,386,443.07,386
442.85,299.01,474.9,299.01,474.9,385.43,442.85,385.43
443.02,299.22,475.14,299.22,475.14,385.83,443.02,385.83
442.7,298.72,474.73,298.72,474.73,385.11,442.7,385.11
442.93,299.14,475.07,299.14,475.07,385.82,442.93,385.82
442.81,299.02,474.71,299.02,474.71,385.06,442.81,385.06
442.53,298.94,474.44,298.94,474.44,385,442.53,385
442.19,299.49,473.73,299.49,473.73,384.55,442.19,384.55
442.3,299.92,473.6,299.92,473.6,384.33,442.3,384.33
442.21,300.18,473.36,300.18,473.36,384.2,442.21,384.2
442.35,300.14,473.74,300.14,473.74,384.81,442.35,384.81
442.37,300.15,473.73,300.15,473.73,384.73,442.37,384.73
441.88,300.02,473.16,300.02,473.16,384.39,441.88,384.39
442.11,300.13,473.37,300.13,473.37,384.43,442.11,384.43
442.51,299.96,473.88,299.96,473.88,384.55,442.51,384.55
442.82,300.16,474.26,300.16,474.26,384.96,442.82,384.96
443.39,300.06,474.91,300.06,474.91,385.06,443.39,385.06
443.01,300.6,474.43,300.6,474.43,385.34,443.01,385.34
443.86,300.53,475.32,300.53,475.32,385.35,443.86,385.35
444.12,300.46,475.81,300.46,475.81,385.93,444.12,385.93
444.02,300.25,475.78,300.25,475.78,385.89,444.02,385.89
443.61,299.7,475.41,299.7,475.41,385.46,443.61,385.46
443.76,299.68,475.62,299.68,475.62,385.6,443.76,385.6
443.39,299.66,475.33,299.66,475.33,385.79,443.39,385.79
442.89,298.84,474.87,298.84,474.87,385.07,442.89,385.07
443.3,299.13,475.31,299.13,475.31,385.48,443.3,385.48
443.22,299.32,475.26,299.32,475.26,385.74,443.22,385.74
443.27,299.29,475.4,299.29,475.4,385.93,443.27,385.93
442.83,298.85,474.81,298.85,474.81,385.09,442.83,385.09
443.04,299.1,475.25,299.1,475.25,385.97,443.04,385.97
442.74,299.26,474.73,299.26,474.73,385.54,442.74,385.54
442.95,299.54,474.83,299.54,474.83,385.5,442.95,385.5
442.4,299.26,474.12,299.26,474.12,384.79,442.4,384.79
442.36,300.06,473.97,300.06,473.97,385.3,442.36,385.3
442.23,299.79,473.84,299.79,473.84,385.03,442.23,385.03
442.6,299.56,474.17,299.56,474.17,384.72,442.6,384.72
442.51,299.56,474.13,299.56,474.13,384.84,442.51,384.84
442.84,299.46,474.63,299.46,474.63,385.21,442.84,385.21
443.26,299.72,474.99,299.72,474.99,385.31,443.26,385.31
443.06,299.7,474.95,299.7,474.95,385.73,443.06,385.73
442.93,299.38,474.84,299.38,474.84,385.45,442.93,385.45
442.86,298.81,474.84,298.81,474.84,385.06,442.86,385.06
443.25,299.26,475.38,299.26,475.38,385.9,443.25,385.9
442.8,298.83,474.96,298.83,474.96,385.55,442.8,385.55
443.08,298.79,475.27,298.79,475.27,385.63,443.08,385.63
442.9,298.56,475.04,298.56,475.04,385.25,442.9,385.25
442.85,298.57,474.93,298.57,474.93,385.08,442.85,385.08
443.28,299.44,475.36,299.44,475.36,385.94,443.28,385.94
443.4,299.61,475.38,299.61,475.38,385.87,443.4,385.87
443.08,298.97,475.28,298.97,475.28,385.84,443.08,385.84
442.91,298.82,475.1,298.82,475.1,385.65,442.91,385.65
442.9,298.88,475.07,298.88,475.07,385.67,442.9,385.67
442.88,298.42,475.15,298.42,475.15,385.44,442.88,385.44
443.27,298.76,475.52,298.76,475.52,385.75,443.27,385.75
443.37,299.05,475.7,299.05,475.7,386.25,443.37,386.25
443.73,298.97,475.98,298.97,475.98,385.96,443.73,385.96
443.67,298.72,475.76,298.72,475.76,385.28,443.67,385.28
444.13,299.49,476.06,299.49,476.06,385.62,444.13,385.62
443.81,298.68,475.83,298.68,475.83,385.04,443.81,385.04
443.13,299.49,475.11,299.49,475.11,385.74,443.13,385.74
442.97,299.84,474.86,299.84,474.86,385.85,442.97,385.85
442.75,299.21,474.51,299.21,474.51,384.86,442.75,384.86
443.45,299.6,475.26,299.6,475.26,385.38,443.45,385.38
443.39,299.68,475.33,299.68,475.33,385.84,443.39,385.84
442.75,299.15,474.52,299.15,474.52,384.84,442.75,384.84
443.01,299.16,475.02,299.16,475.02,385.48,443.01,385.48
443.33,299.37,475.37,299.37,475.37,385.76,443.33,385.76
443.04,299.47,475.08,299.47,475.08,385.89,443.04,385.89
443.08,299.29,475.13,299.29,475.13,385.72,443.08,385.72
443.13,299.45,475.15,299.45,475.15,385.82,443.13,385.82
443.38,299.63,475.34,299.63,475.34,385.84,443.38,385.84
443.3,299.49,475.25,299.49,475.25,385.65,443.3,385.65
442.84,298.83,474.81,298.83,474.81,385.05,442.84,385.05
443.25,299.25,475.36,299.25,475.36,385.85,443.25,385.85
442.92,299.26,474.85,299.26,474.85,385.39,442.92,385.39
442.69,298.78,474.66,298.78,474.66,385,442.69,385
443.19,299.23,475.32,299.23,475.32,385.89,443.19,385.89
442.93,299.06,475.02,299.06,475.02,385.63,442.93,385.63
443.11,298.99,475.24,298.99,475.24,385.63,443.11,385.63
442.87,298.67,474.88,298.67,474.88,384.98,442.87,384.98
443.19,299.24,475.22,299.24,475.22,385.64,443.19,385.64
443.27,299.27,475.39,299.27,475.39,385.88,443.27,385.88
442.92,299.1,474.92,299.1,474.92,385.39,442.92,385.39
443.06,299.03,475.16,299.03,475.16,385.6,443.06,385.6
443.01,299.11,474.93,299.11,474.93,385.19,443.01,385.19
442.97,299.33,474.78,299.33,474.78,385.12,442.97,385.12
442.79,298.95,474.64,298.95,474.64,384.84,442.79,384.84
442.92,299.15,474.74,299.15,474.74,384.97,442.92,384.97
442.95,298.88,474.9,298.88,474.9,385.05,442.95,385.05
443.05,299.11,474.91,299.11,474.91,385.05,443.05,385.05
442.99,299.14,474.77,299.14,474.77,384.82,442.99,384.82
443.29,299.35,475.2,299.35,475.2,385.4,443.29,385.4
443.01,299.06,474.9,299.06,474.9,385.08,443.01,385.08
442.99,299.19,474.86,299.19,474.86,385.15,442.99,385.15
442.95,299.25,474.74,299.25,474.74,384.98,442.95,384.98
443.29,299.4,475.2,299.4,475.2,385.44,443.29,385.44
442.93,298.85,474.85,298.85,474.85,384.94,442.93,384.94
442.88,298.99,474.82,298.99,474.82,385.15,442.88,385.15
442.86,299.07,474.78,299.07,474.78,385.15,442.86,385.15
443.07,299.14,474.92,299.14,474.92,385.05,443.07,385.05
443.04,299.03,474.96,299.03,474.96,385.1,443.04,385.1
442.82,298.78,474.84,298.78,474.84,385.14,442.82,385.14
443.23,299.31,475.27,299.31,475.27,385.72,443.23,385.72
443.35,299.52,475.36,299.52,475.36,385.83,443.35,385.83
443.21,299.29,475.28,299.29,475.28,385.78,443.21,385.78
443.27,299.49,475.23,299.49,475.23,385.68,443.27,385.68
443.4,299.61,475.38,299.61,475.38,385.85,443.4,385.85
439.26,300.39,470.91,300.39,470.91,385.76,439.26,385.76
406.24,302.49,437.96,302.49,437.96,388.06,406.24,388.06
406.42,304.17,437.91,304.17,437.91,389.11,406.42,389.11
385.79,299.45,417.24,299.45,417.24,384.28,385.79,384.28
392.91,301.78,424.13,301.78,424.13,386,392.91,386
386.16,300.94,417.55,300.94,417.55,385.61,386.16,385.61
386.12,300.45,417.75,300.45,417.75,385.73,386.12,385.73
386.13,299.9,417.78,299.9,417.78,385.27,386.13,385.27
386.27,299.47,417.88,299.47,417.88,384.72,386.27,384.72
382.64,301.61,413.98,301.61,413.98,386.15,382.64,386.15
351.09,302.46,382.19,302.46,382.19,386.35,351.09,386.35
314.39,299.36,345.57,299.36,345.57,383.45,314.39,383.45
340.13,304.06,371.36,304.06,371.36,388.29,340.13,388.29
327.36,300.78,358.94,300.78,358.94,385.93,327.36,385.93
329.78,301.79,361.39,301.79,361.39,387.03,329.78,387.03
329.21,300.88,361.09,300.88,361.09,386.87,329.21,386.87
328.44,300.34,360.43,300.34,360.43,386.62,328.44,386.62
328.94,300.7,360.92,300.7,360.92,386.95,328.94,386.95
328.95,301.08,360.94,301.08,360.94,387.35,328.95,387.35
329.04,301.01,361.16,301.01,361.16,387.63,329.04,387.63
328.61,300.51,360.64,300.51,360.64,386.87,328.61,386.87
329.1,300.95,361.08,300.95,361.08,387.19,329.1,387.19
329.11,301.01,361.08,301.01,361.08,387.24,329.11,387.24
328.99,300.95,360.98,300.95,360.98,387.23,328.99,387.23
329.06,301.04,361.13,301.04,361.13,387.53,329.06,387.53
329.02,301.03,360.97,301.03,360.97,387.21,329.02,387.21
329.08,301.04,361.14,301.04,361.14,387.5,329.08,387.5
329.07,300.92,361.14,300.92,361.14,387.4,329.07,387.4
328.96,300.74,361.1,300.74,361.1,387.43,328.96,387.43
328.68,300.4,360.66,300.4,360.66,386.64,328.68,386.64
329.01,301,360.93,301,360.93,387.1,329.01,387.1
328.89,300.7,360.87,300.7,360.87,386.95,328.89,386.95
329.14,301.14,361.09,301.14,361.09,387.33,329.14,387.33
329.06,300.82,361.11,300.82,361.11,387.26,329.06,387.26
329.06,300.77,361.17,300.77,361.17,387.37,329.06,387.37
328.84,300.52,360.84,300.52,360.84,386.85,328.84,386.85
329.11,301.06,361.12,301.06,361.12,387.37,329.11,387.37
329.04,301.26,360.85,301.26,360.85,387.04,329.04,387.04
329.24,301.27,361.04,301.27,361.04,387.01,329.24,387.01
329.12,301.28,360.95,301.28,360.95,387.13,329.12,387.13
328.84,300.89,360.68,300.89,360.68,386.76,328.84,386.76
328.78,300.84,360.54,300.84,360.54,386.5,328.78,386.5
329.19,301.24,361.02,301.24,361.02,387.07,329.19,387.07
328.76,300.71,360.72,300.71,360.72,386.9,328.76,386.9
329.02,300.78,361.09,300.78,361.09,387.27,329.02,387.27
329.06,300.91,361.1,300.91,361.1,387.32,329.06,387.32
329.11,301.06,361.1,301.06,361.1,387.34,329.11,387.34
328.99,300.99,361.01,300.99,361.01,387.35,328.99,387.35
329.09,301.03,361.15,301.03,361.15,387.48,329.09,387.48
329.06,301.06,361.02,301.06,361.02,387.27,329.06,387.27
329.14,301.11,361.15,301.11,361.15,387.46,329.14,387.46
329.07,300.86,361.17,300.86,361.17,387.44,329.07,387.44
328.72,300.59,360.68,300.59,360.68,386.76,328.72,386.76
328.83,300.72,360.77,300.72,360.77,386.85,328.83,386.85
328.91,300.86,360.8,300.86,360.8,386.87,328.91,386.87
328.82,300.77,360.69,300.77,360.69,386.72,328.82,386.72
328.88,300.84,360.58,300.84,360.58,386.32,328.88,386.32
329.2,301.23,361.08,301.23,361.08,387.21,329.2,387.21
328.87,300.96,360.7,300.96,360.7,386.8,328.87,386.8
328.85,300.88,360.69,300.88,360.69,386.73,328.85,386.73
328.88,301.03,360.57,301.03,360.57,386.49,328.88,386.49
329.18,301.34,361.06,301.34,361.06,387.32,329.18,387.32
328.86,300.95,360.69,300.95,360.69,386.77,328.86,386.77
328.83,300.95,360.63,300.95,360.63,386.71,328.83,386.71
329.12,301.09,361.03,301.09,361.03,387.16,329.12,387.16
328.77,300.78,360.74,300.78,360.74,386.99,328.77,386.99
329.12,300.92,361.18,300.92,361.18,387.37,329.12,387.37
328.98,300.84,361.06,300.84,361.06,387.35,328.98,387.35
328.99,300.78,361.14,300.78,361.14,387.48,328.99,387.48
328.72,300.64,360.74,300.64,360.74,387,328.72,387
329.02,300.95,361.13,300.95,361.13,387.54,329.02,387.54
328.73,300.66,360.63,300.66,360.63,386.69,328.73,386.69
328.69,300.73,360.57,300.73,360.57,386.71,328.69,386.71
328.82,300.77,360.71,300.77,360.71,386.76,328.82,386.76
328.9,300.84,360.8,300.84,360.8,386.87,328.9,386.87
328.82,300.78,360.72,300.78,360.72,386.82,328.82,386.82
328.8,300.71,360.68,300.71,360.68,386.69,328.8,386.69
328.76,300.86,360.61,300.86,360.61,386.77,328.76,386.77
328.78,300.78,360.69,300.78,360.69,386.84,328.78,386.84
328.87,300.74,360.82,300.74,360.82,386.91,328.87,386.91
328.81,300.75,360.71,300.75,360.71,386.79,328.81,386.79
328.8,300.69,360.78,300.69,360.78,386.92,328.8,386.92
329.11,300.86,361.25,300.86,361.25,387.54,329.11,387.54
328.83,300.62,360.79,300.62,360.79,386.81,328.83,386.81
329.06,300.88,361.06,300.88,361.06,387.18,329.06,387.18
328.97,300.8,361.12,300.8,361.12,387.5,328.97,387.5
328.8,300.54,360.85,300.54,360.85,386.96,328.8,386.96
329.1,300.88,361.23,300.88,361.23,387.52,329.1,387.52
328.72,300.53,360.74,300.53,360.74,386.87,328.72,386.87
329.04,300.89,361.06,300.89,361.06,387.25,329.04,387.25
329.18,301.07,361.15,301.07,361.15,387.29,329.18,387.29
329.01,300.98,361.07,300.98,361.07,387.43,329.01,387.43
329.13,300.97,361.18,300.97,361.18,387.41,329.13,387.41
329.01,300.81,361.13,300.81,361.13,387.42,329.01,387.42
328.72,300.58,360.73,300.58,360.73,386.9,328.72,386.9
329.05,301.01,361.1,301.01,361.1,387.43,329.05,387.43
329.06,300.8,361.13,300.8,361.13,387.27,329.06,387.27
329.11,300.84,361.22,300.84,361.22,387.42,329.11,387.42
328.67,300.61,360.74,300.61,360.74,387.1,328.67,387.1
328.99,300.63,361.19,300.63,361.19,387.48,328.99,387.48
328.83,300.52,360.84,300.52,360.84,386.86,328.83,386.86
329.14,300.97,361.24,300.97,361.24,387.55,329.14,387.55
328.75,300.44,360.75,300.44,360.75,386.73,328.75,386.73
329.11,300.99,361.11,300.99,361.11,387.3,329.11,387.3
329.04,300.94,361.1,300.94,361.1,387.41,329.04,387.41
329.05,300.66,361.21,300.66,361.21,387.39,329.05,387.39
328.75,300.58,360.68,300.58,360.68,386.69,328.75,386.69
328.84,300.83,360.73,300.83,360.73,386.83,328.84,386.83
328.73,300.66,360.56,300.66,360.56,386.51,328.73,386.51
328.87,300.92,360.64,300.92,360.64,386.62,328.87,386.62
329.13,301.14,360.96,301.14,360.96,386.96,329.13,386.96
328.78,300.66,360.62,300.66,360.62,386.54,328.78,386.54
328.98,300.88,360.75,300.88,360.75,386.54,328.98,386.54
329.13,301.22,361.03,301.22,361.03,387.26,329.13,387.26
328.82,300.69,360.74,300.69,360.74,386.75,328.82,386.75
328.9,300.77,360.73,300.77,360.73,386.61,328.9,386.61
328.78,300.82,360.58,300.82,360.58,386.57,328.78,386.57
329.26,301.21,361.11,301.21,361.11,387.1,329.26,387.1
328.9,300.83,360.73,300.83,360.73,386.68,328.9,386.68
