546.5,54.5,568.5,54.5,568.5,105.5,546.5,105.5
546.54,55.005,568.1,55.005,568.1,105,546.54,105
545.64,54.62,567.42,54.62,567.42,105.12,545.64,105.12
546.06,55.297,567.63,55.297,567.63,105.29,546.06,105.29
546.11,55.839,567.25,55.839,567.25,104.85,546.11,104.85
545.76,55.352,567.32,55.352,567.32,105.35,545.76,105.35
544.86,54.236,567.08,54.236,567.08,105.75,544.86,105.75
544.79,54.153,567.01,54.153,567.01,105.66,544.79,105.66
544.82,54.188,566.82,54.188,566.82,105.19,544.82,105.19
544.5,53.635,566.94,53.635,566.94,105.66,544.5,105.66
544.62,53.652,567.06,53.652,567.06,105.68,544.62,105.68
544.53,53.905,566.97,53.905,566.97,105.93,544.53,105.93
544.32,53.84,566.54,53.84,566.54,105.35,544.32,105.35
544.25,54.073,566.47,54.073,566.47,105.58,544.25,105.58
545.15,55.718,566.71,55.718,566.71,105.71,545.15,105.71
545.16,55.798,566.09,55.798,566.09,104.32,545.16,104.32
544.79,55.107,566.15,55.107,566.15,104.61,544.79,104.61
544.48,54.72,566.26,54.72,566.26,105.22,544.48,105.22
545.43,55.567,567,55.567,567,105.56,545.43,105.56
544.59,54.628,566.38,54.628,566.38,105.12,544.59,105.12
545.04,55.153,567.04,55.153,567.04,106.15,545.04,106.15
545.38,56.431,566.95,56.431,566.95,106.43,545.38,106.43
545.12,55.335,567.12,55.335,567.12,106.34,545.12,106.34
545.11,55.053,567.11,55.053,567.11,106.05,545.11,106.05
545.49,55.593,567.06,55.593,567.06,105.59,545.49,105.59
545.45,55.388,567.02,55.388,567.02,105.38,545.45,105.38
545,55.418,566.35,55.418,566.35,104.92,545,104.92
545.5,57.225,566.43,57.225,566.43,105.75,545.5,105.75
545.21,56.441,566.57,56.441,566.57,105.94,545.21,105.94
544.98,55.966,566.76,55.966,566.76,106.46,544.98,106.46
545.08,56.538,566.86,56.538,566.86,107.03,545.08,107.03
545.29,56.346,566.64,56.346,566.64,105.85,545.29,105.85
545.02,55.592,566.37,55.592,566.37,105.09,545.02,105.09
544.99,55.429,566.77,55.429,566.77,105.92,544.99,105.92
545.34,55.286,567.34,55.286,567.34,106.29,545.34,106.29
544.79,54.05,567.01,54.05,567.01,105.56,544.79,105.56
545.44,55.464,567.22,55.464,567.22,105.96,545.44,105.96
545.47,55.872,567.69,55.872,567.69,107.38,545.47,107.38
545.76,55.549,567.54,55.549,567.54,106.04,545.76,106.04
545.86,55.706,567.64,55.706,567.64,106.2,545.86,106.2
545.97,55.759,568.19,55.759,568.19,107.27,545.97,107.27
545.84,55.167,568.06,55.167,568.06,106.68,545.84,106.68
546.34,55.733,568.34,55.733,568.34,106.73,546.34,106.73
546.7,56.775,568.05,56.775,568.05,106.28,546.7,106.28
547.09,56.62,568.45,56.62,568.45,106.12,547.09,106.12
547.32,56.949,568.26,56.949,568.26,105.47,547.32,105.47
548.53,58.602,569.25,58.602,569.25,106.65,548.53,106.65
548.22,57.792,568.74,57.792,568.74,105.36,548.22,105.36
548.23,56.825,569.37,56.825,569.37,105.83,548.23,105.83
548.09,57.333,569.03,57.333,569.03,105.86,548.09,105.86
548.28,57.259,569.21,57.259,569.21,105.78,548.28,105.78
548.15,56.628,569.08,56.628,569.08,105.15,548.15,105.15
548.61,58.013,569.54,58.013,569.54,106.54,548.61,106.54
548.46,57.793,569.81,57.793,569.81,107.29,548.46,107.29
547.97,55.446,569.75,55.446,569.75,105.94,547.97,105.94
548.5,56.397,570.72,56.397,570.72,107.91,548.5,107.91
548.92,57.96,570.7,57.96,570.7,108.45,548.92,108.45
548.82,56.834,571.04,56.834,571.04,108.34,548.82,108.34
548.58,56.648,570.8,56.648,570.8,108.16,548.58,108.16
549.07,58.1,571.29,58.1,571.29,109.61,549.07,109.61
548.99,55.976,571.89,55.976,571.89,109.05,548.99,109.05
548.52,55.285,571.19,55.285,571.19,107.83,548.52,107.83
548.8,56.744,571.92,56.744,571.92,110.35,548.8,110.35
549.94,55.492,573.76,55.492,573.76,110.72,549.94,110.72
549.21,54.921,572.8,54.921,572.8,109.6,549.21,109.6
549.93,57.467,573.06,57.467,573.06,111.07,549.93,111.07
551.29,58.073,573.74,58.073,573.74,110.1,551.29,110.1
550.28,56.541,573.4,56.541,573.4,110.14,550.28,110.14
551.29,58.649,574.18,58.649,574.18,111.72,551.29,111.72
550.8,57.975,574.39,57.975,574.39,112.65,550.8,112.65
551.34,57.533,574.46,57.533,574.46,111.13,551.34,111.13
551.41,57.421,574.99,57.421,574.99,112.1,551.41,112.1
551.67,57.72,575.26,57.72,575.26,112.4,551.67,112.4
551.7,56.566,575.29,56.566,575.29,111.24,551.7,111.24
551.4,55.918,575.46,55.918,575.46,111.7,551.4,111.7
552.25,57.276,575.83,57.276,575.83,111.96,552.25,111.96
551.9,56.662,575.96,56.662,575.96,112.44,551.9,112.44
552.27,57.402,576.09,57.402,576.09,112.63,552.27,112.63
552.8,59.117,575.92,59.117,575.92,112.72,552.8,112.72
552.15,58.204,575.74,58.204,575.74,112.88,552.15,112.88
552.64,58.683,575.76,58.683,575.76,112.28,552.64,112.28
552.96,60.715,576.32,60.715,576.32,114.85,552.96,114.85
552.68,59.019,576.26,59.019,576.26,113.7,552.68,113.7
552.49,58.266,576.79,58.266,576.79,114.6,552.49,114.6
553.08,59.552,576.9,59.552,576.9,114.78,553.08,114.78
552.46,58.397,576.04,58.397,576.04,113.08,552.46,113.08
552.01,57.49,575.6,57.49,575.6,112.17,552.01,112.17
551.88,57.323,575.94,57.323,575.94,113.1,551.88,113.1
551.87,57.803,575.93,57.803,575.93,113.58,551.87,113.58
552.54,59.212,575.89,59.212,575.89,113.35,552.54,113.35
552.38,58.236,576.45,58.236,576.45,114.01,552.38,114.01
552.64,58.799,576.7,58.799,576.7,114.58,552.64,114.58
553.73,60.296,577.09,60.296,577.09,114.43,553.73,114.43
553.71,60.616,576.83,60.616,576.83,114.22,553.71,114.22
554.08,62.249,576.75,62.249,576.75,114.79,554.08,114.79
553.92,60.871,577.05,60.871,577.05,114.47,553.92,114.47
554.12,61.369,576.79,61.369,576.79,113.91,554.12,113.91
554.92,62.502,577.37,62.502,577.37,114.53,554.92,114.53
554.29,61.172,576.96,61.172,576.96,113.72,554.29,113.72
554.22,60.478,577.34,60.478,577.34,114.08,554.22,114.08
554.53,60.682,577.66,60.682,577.66,114.28,554.53,114.28
554.7,60.794,578.05,60.794,578.05,114.93,554.7,114.93
555,61.038,577.9,61.038,577.9,114.11,555,114.11
554.33,60.264,577.92,60.264,577.92,114.94,554.33,114.94
554.74,61.61,577.63,61.61,577.63,114.68,554.74,114.68
554.89,62.18,577.33,62.18,577.33,114.2,554.89,114.2
555.07,62.502,577.96,62.502,577.96,115.57,555.07,115.57
555.01,63.068,577.9,63.068,577.9,116.14,555.01,116.14
554.7,62.17,577.37,62.17,577.37,114.71,554.7,114.71
554.69,62.314,578.05,62.314,578.05,116.45,554.69,116.45
554.63,62.663,577.3,62.663,577.3,115.21,554.63,115.21
554.62,61.94,577.97,61.94,577.97,116.08,554.62,116.08
554.69,62.368,577.58,62.368,577.58,115.44,554.69,115.44
554.74,62.098,576.96,62.098,576.96,113.61,554.74,113.61
555.05,62.267,577.49,62.267,577.49,114.29,555.05,114.29
554.52,62.113,577.64,62.113,577.64,115.71,554.52,115.71
555.05,62.468,578.41,62.468,578.41,116.61,555.05,116.61
555.51,63.153,578.41,63.153,578.41,116.22,555.51,116.22
555.57,63.352,578.92,63.352,578.92,117.49,555.57,117.49
555.91,63.849,578.81,63.849,578.81,116.92,555.91,116.92
555.27,62.88,578.86,62.88,578.86,117.56,555.27,117.56
555.36,63.127,579.18,63.127,579.18,118.35,555.36,118.35
555.04,62.443,579.34,62.443,579.34,118.78,555.04,118.78
554.82,62.671,579.12,62.671,579.12,119.01,554.82,119.01
554.72,62.37,579.02,62.37,579.02,118.71,554.72,118.71
555.02,62.929,578.84,62.929,578.84,118.15,555.02,118.15
555.21,63.023,579.04,63.023,579.04,118.25,555.21,118.25
554.69,62.705,578.76,62.705,578.76,118.48,554.69,118.48
555.19,63.963,578.54,63.963,578.54,118.1,555.19,118.1
554.89,64.349,578.24,64.349,578.24,118.49,554.89,118.49
554.34,64.076,578.17,64.076,578.17,119.3,554.34,119.3
553.85,63.988,577.44,63.988,577.44,118.67,553.85,118.67
554.14,64.192,577.97,64.192,577.97,119.42,554.14,119.42
553.32,63.953,577.38,63.953,577.38,119.73,553.32,119.73
553.53,65.406,577.12,65.406,577.12,120.08,553.53,120.08
553.33,64.713,576.92,64.713,576.92,119.39,553.33,119.39
553.35,64.74,577.17,64.74,577.17,119.97,553.35,119.97
552.41,62.853,576.95,62.853,576.95,119.75,552.41,119.75
552.01,62.352,576.8,62.352,576.8,119.82,552.01,119.82
552.7,62.918,577.01,62.918,577.01,119.25,552.7,119.25
552.61,62.959,576.91,62.959,576.91,119.29,552.61,119.29
552.95,63.56,577.25,63.56,577.25,119.9,552.95,119.9
552.62,63.47,577.66,63.47,577.66,121.51,552.62,121.51
552.59,64.02,577.38,64.02,577.38,121.49,552.59,121.49
552.08,63.679,577.37,63.679,577.37,122.3,552.08,122.3
552.51,64.217,577.3,64.217,577.3,121.69,552.51,121.69
552.76,64.668,577.8,64.668,577.8,122.71,552.76,122.71
552.74,65.104,577.78,65.104,577.78,123.15,552.74,123.15
553.13,65.82,577.43,65.82,577.43,122.16,553.13,122.16
553.23,65.669,577.53,65.669,577.53,122,553.23,122
552.48,64.572,577.27,64.572,577.27,122.04,552.48,122.04
552.46,64.176,577.01,64.176,577.01,121.08,552.46,121.08
552.78,63.966,577.81,63.966,577.81,122.01,552.78,122.01
552.4,64.44,576.95,64.44,576.95,121.34,552.4,121.34
552.53,65.625,576.59,65.625,576.59,121.4,552.53,121.4
553,67.41,576.35,67.41,576.35,121.55,553,121.55
552.6,67.223,576.42,67.223,576.42,122.45,552.6,122.45
551.79,64.999,576.33,64.999,576.33,121.9,551.79,121.9
551.36,66.792,575.42,66.792,575.42,122.57,551.36,122.57
551.17,67.061,575.23,67.061,575.23,122.84,551.17,122.84
550.45,65.815,575,65.815,575,122.71,550.45,122.71
550,65.467,574.79,65.467,574.79,122.94,550,122.94
550.56,66.36,574.86,66.36,574.86,122.7,550.56,122.7
550.97,66.636,574.79,66.636,574.79,121.86,550.97,121.86
550.53,66.337,574.84,66.337,574.84,122.67,550.53,122.67
549.98,65.299,574.52,65.299,574.52,122.2,549.98,122.2
550.12,65.999,575.16,65.999,575.16,124.04,550.12,124.04
550.08,66.329,575.12,66.329,575.12,124.37,550.08,124.37
550.73,67.689,575.03,67.689,575.03,124.03,550.73,124.03
550.01,67.756,574.07,67.756,574.07,123.53,550.01,123.53
550.26,68.76,573.84,68.76,573.84,123.44,550.26,123.44
550.54,69.67,573.66,69.67,573.66,123.27,550.54,123.27
550.42,69.311,573.55,69.311,573.55,122.91,550.42,122.91
550.41,69.716,573.08,69.716,573.08,122.26,550.41,122.26
550.54,69.74,573.21,69.74,573.21,122.29,550.54,122.29
550.39,69.388,573.74,69.388,573.74,123.53,550.39,123.53
549.66,68.787,573.49,68.787,573.49,124.01,549.66,124.01
549.68,68.525,573.98,68.525,573.98,124.86,549.68,124.86
549.11,67.39,574.15,67.39,574.15,125.43,549.11,125.43
549.2,67.357,574.24,67.357,574.24,125.4,549.2,125.4
549.42,68.732,573.72,68.732,573.72,125.07,549.42,125.07
548.5,69.023,572.56,69.023,572.56,124.8,548.5,124.8
548.46,69.613,572.04,69.613,572.04,124.29,548.46,124.29
548.45,70.698,572.75,70.698,572.75,127.03,548.45,127.03
548.14,71.01,571.73,71.01,571.73,125.69,548.14,125.69
548.32,71.967,571.67,71.967,571.67,126.1,548.32,126.1
547.82,71.104,571.88,71.104,571.88,126.88,547.82,126.88
548.2,71.099,572.5,71.099,572.5,127.43,548.2,127.43
547.69,70.076,571.99,70.076,571.99,126.41,547.69,126.41
547.88,70.68,571.7,70.68,571.7,125.91,547.88,125.91
548.01,70.932,571.84,70.932,571.84,126.16,548.01,126.16
548.14,70.746,571.49,70.746,571.49,124.88,548.14,124.88
548.32,71.49,570.98,71.49,570.98,124.04,548.32,124.04
548.27,72.182,571.39,72.182,571.39,125.78,548.27,125.78
548.38,72.6,571.74,72.6,571.74,126.74,548.38,126.74
548.16,72.371,571.98,72.371,571.98,127.6,548.16,127.6
548.27,72.982,572.09,72.982,572.09,128.21,548.27,128.21
547.85,71.735,571.91,71.735,571.91,127.51,547.85,127.51
548.33,72.553,572.15,72.553,572.15,127.78,548.33,127.78
548.32,72.953,572.14,72.953,572.14,128.18,548.32,128.18
548.25,72.359,571.84,72.359,571.84,127.04,548.25,127.04
547.81,71.921,571.87,71.921,571.87,127.7,547.81,127.7
547.93,71.918,571.99,71.918,571.99,127.7,547.93,127.7
547.52,70.913,572.07,70.913,572.07,127.81,547.52,127.81
547.53,70.665,572.32,70.665,572.32,128.13,547.53,128.13
548.06,71.58,572.13,71.58,572.13,127.36,548.06,127.36
547.73,71.352,572.27,71.352,572.27,128.25,547.73,128.25
547.8,71.927,571.86,71.927,571.86,127.7,547.8,127.7
547.88,72.883,571.94,72.883,571.94,128.66,547.88,128.66
548.1,72.66,572.16,72.66,572.16,128.44,548.1,128.44
547.27,71.879,572.06,71.879,572.06,129.35,547.27,129.35
547.2,72.726,571.74,72.726,571.74,129.63,547.2,129.63
547.4,73.506,571.46,73.506,571.46,129.28,547.4,129.28
546.95,72.313,571.74,72.313,571.74,129.78,546.95,129.78
547.3,72.911,571.36,72.911,571.36,128.69,547.3,128.69
547.27,72.877,571.33,72.877,571.33,128.66,547.27,128.66
547.61,73.091,571.2,73.091,571.2,127.77,547.61,127.77
547.48,72.409,571.54,72.409,571.54,128.19,547.48,128.19
547.44,72.722,572.23,72.722,572.23,130.19,547.44,130.19
548.21,74.063,572.52,74.063,572.52,130.4,548.21,130.4
547.92,73.695,572.47,73.695,572.47,130.59,547.92,130.59
547.89,73.923,572.68,73.923,572.68,131.39,547.89,131.39
548.32,74.505,572.38,74.505,572.38,130.28,548.32,130.28
548.26,74.389,572.8,74.389,572.8,131.29,548.26,131.29
548.24,74.178,573.53,74.178,573.53,132.8,548.24,132.8
548.3,74.007,573.59,74.007,573.59,132.63,548.3,132.63
548.79,74.326,573.83,74.326,573.83,132.37,548.79,132.37
548.26,73.774,573.55,73.774,573.55,132.4,548.26,132.4
548.18,73.32,573.47,73.32,573.47,131.94,548.18,131.94
548.27,73.52,573.06,73.52,573.06,130.99,548.27,130.99
548.22,73.579,573.51,73.579,573.51,132.2,548.22,132.2
548.41,74.153,573.2,74.153,573.2,131.62,548.41,131.62
548.25,74.691,573.04,74.691,573.04,132.16,548.25,132.16
548.26,75.082,573.05,75.082,573.05,132.55,548.26,132.55
548.43,75.847,572.97,75.847,572.97,132.75,548.43,132.75
548.11,75.979,572.9,75.979,572.9,133.45,548.11,133.45
547.6,75.787,572.89,75.787,572.89,134.41,547.6,134.41
547.54,76.598,572.33,76.598,572.33,134.07,547.54,134.07
547.12,75.953,572.41,75.953,572.41,134.58,547.12,134.58
547.32,75.875,572.61,75.875,572.61,134.5,547.32,134.5
547.7,76.348,572.74,76.348,572.74,134.39,547.7,134.39
547.42,75.812,572.21,75.812,572.21,133.28,547.42,133.28
547.29,75.867,572.33,75.867,572.33,133.91,547.29,133.91
546.74,74.878,572.02,74.878,572.02,133.5,546.74,133.5
546.83,76.066,571.62,76.066,571.62,133.53,546.83,133.53
547.11,76.637,572.15,76.637,572.15,134.68,547.11,134.68
546.51,74.996,572.31,74.996,572.31,134.8,546.51,134.8
546.06,75.252,572.64,75.252,572.64,136.87,546.06,136.87
546.72,76.335,573.04,76.335,573.04,137.34,546.72,137.34
547.4,77.537,572.94,77.537,572.94,136.75,547.4,136.75
547.1,77.219,573.15,77.219,573.15,137.62,547.1,137.62
546.77,76.916,573.09,76.916,573.09,137.92,546.77,137.92
547.06,77.715,572.6,77.715,572.6,136.92,547.06,136.92
547.02,77.873,571.81,77.873,571.81,135.34,547.02,135.34
546.44,76.806,571.73,76.806,571.73,135.43,546.44,135.43
546.29,76.386,572.08,76.386,572.08,136.19,546.29,136.19
546.47,77.335,572.01,77.335,572.01,136.54,546.47,136.54
546.19,76.631,572.24,76.631,572.24,137.03,546.19,137.03
545.95,77.43,571.24,77.43,571.24,136.05,545.95,136.05
545.64,77.374,571.44,77.374,571.44,137.18,545.64,137.18
545.55,77.492,571.86,77.492,571.86,138.5,545.55,138.5
545.18,77.088,571.5,77.088,571.5,138.09,545.18,138.09
544.84,78.931,570.9,78.931,570.9,139.33,544.84,139.33
544.3,78.033,570.88,78.033,570.88,139.65,544.3,139.65
544.09,77.657,570.67,77.657,570.67,139.27,544.09,139.27
544.4,78.507,570.2,78.507,570.2,138.31,544.4,138.31
544.12,77.179,570.7,77.179,570.7,138.79,544.12,138.79
543.37,76.275,570.48,76.275,570.48,139.13,543.37,139.13
543.31,75.977,570.43,75.977,570.43,138.83,543.31,138.83
543.12,76.081,570.5,76.081,570.5,139.56,543.12,139.56
543.76,76.857,570.34,76.857,570.34,138.47,543.76,138.47
543.16,75.943,570.55,75.943,570.55,139.42,543.16,139.42
543.89,77.95,570.46,77.95,570.46,139.56,543.89,139.56
543.79,78.552,570.37,78.552,570.37,140.17,543.79,140.17
543.56,77.326,570.67,77.326,570.67,140.18,543.56,140.18
543.61,79.735,570.19,79.735,570.19,141.35,543.61,141.35
543.5,78.553,570.61,78.553,570.61,141.4,543.5,141.4
543.28,78.569,569.86,78.569,569.86,140.18,543.28,140.18
544.05,79.984,570.37,79.984,570.37,140.99,544.05,140.99
543.62,78.46,570.73,78.46,570.73,141.31,543.62,141.31
543.47,77.657,570.58,77.657,570.58,140.51,543.47,140.51
543.47,77.981,570.59,77.981,570.59,140.83,543.47,140.83
542.92,77.851,570.03,77.851,570.03,140.7,542.92,140.7
542.88,79.32,569.99,79.32,569.99,142.17,542.88,142.17
542.59,79.478,569.7,79.478,569.7,142.33,542.59,142.33
542.44,78.993,569.56,78.993,569.56,141.84,542.44,141.84
542.63,81.054,569.21,81.054,569.21,142.67,542.63,142.67
542.55,81.462,569.13,81.462,569.13,143.08,542.55,143.08
542.38,81.717,568.17,81.717,568.17,141.52,542.38,141.52
542.57,82.278,568.63,82.278,568.63,142.68,542.57,142.68
542.43,81.29,569.27,81.29,569.27,143.52,542.43,143.52
541.4,79.537,569.06,79.537,569.06,143.65,541.4,143.65
541.81,80.264,568.66,80.264,568.66,142.49,541.81,142.49
541.01,79.507,568.66,79.507,568.66,143.62,541.01,143.62
541.19,80.017,568.03,80.017,568.03,142.25,541.19,142.25
541.27,80.734,568.11,80.734,568.11,142.96,541.27,142.96
541.67,81.787,568.52,81.787,568.52,144.02,541.67,144.02
541.36,81.855,568.21,81.855,568.21,144.08,541.36,144.08
540.71,81.53,568.37,81.53,568.37,145.65,540.71,145.65
541.4,83.011,568.25,83.011,568.25,145.24,541.4,145.24
541.4,83.777,567.72,83.777,567.72,144.78,541.4,144.78
541.15,83.564,567.47,83.564,567.47,144.57,541.15,144.57
540.72,83.233,567.56,83.233,567.56,145.46,540.72,145.46
540.85,83.899,567.16,83.899,567.16,144.9,540.85,144.9
540.54,83.694,567.39,83.694,567.39,145.92,540.54,145.92
539.64,82.42,567.02,82.42,567.02,145.9,539.64,145.9
539.42,82.29,566.53,82.29,566.53,145.14,539.42,145.14
539.09,82.011,566.47,82.011,566.47,145.49,539.09,145.49
538.87,83.03,565.45,83.03,565.45,144.64,538.87,144.64
538.78,84.124,565.1,84.124,565.1,145.13,538.78,145.13
538.17,83.644,565.28,83.644,565.28,146.5,538.17,146.5
537.58,83.506,564.69,83.506,564.69,146.36,537.58,146.36
536.95,84.204,564.33,84.204,564.33,147.68,536.95,147.68
537.23,85.71,564.07,85.71,564.07,147.94,537.23,147.94
536.66,85.596,564.31,85.596,564.31,149.71,536.66,149.71
536.59,86.849,563.44,86.849,563.44,149.08,536.59,149.08
535.59,84.508,562.98,84.508,562.98,147.99,535.59,147.99
535.08,84.403,562.47,84.403,562.47,147.88,535.08,147.88
535.01,84.193,562.67,84.193,562.67,148.31,535.01,148.31
534.2,82.82,562.69,82.82,562.69,148.88,534.2,148.88
534.45,83.734,562.11,83.734,562.11,147.85,534.45,147.85
534.25,84.214,561.91,84.214,561.91,148.33,534.25,148.33
533.8,84.112,561.74,84.112,561.74,148.87,533.8,148.87
534.07,84.857,561.73,84.857,561.73,148.97,534.07,148.97
533.46,84.761,561.39,84.761,561.39,149.52,533.46,149.52
532.47,84.516,561.25,84.516,561.25,151.23,532.47,151.23
532.84,85.334,561.05,85.334,561.05,150.74,532.84,150.74
532.47,84.708,561.54,84.708,561.54,152.09,532.47,152.09
532.69,86.45,561.19,86.45,561.19,152.51,532.69,152.51
532.28,85.871,560.49,85.871,560.49,151.27,532.28,151.27
531.93,86.006,559.87,86.006,559.87,150.76,531.93,150.76
532.2,86.703,559.86,86.703,559.86,150.82,532.2,150.82
531.6,85.386,559.53,85.386,559.53,150.14,531.6,150.14
531.55,86.056,558.66,86.056,558.66,148.91,531.55,148.91
531.05,86.313,558.44,86.313,558.44,149.79,531.05,149.79
530.35,86.125,558.29,86.125,558.29,150.88,530.35,150.88
530.6,89.037,557.71,89.037,557.71,151.89,530.6,151.89
530.18,89.049,557.3,89.049,557.3,151.9,530.18,151.9
529.94,89.899,557.6,89.899,557.6,154.01,529.94,154.01
529.05,88.981,556.98,88.981,556.98,153.74,529.05,153.74
529.12,89.584,556.77,89.584,556.77,153.7,529.12,153.7
528.19,88.566,556.69,88.566,556.69,154.62,528.19,154.62
527.84,89.097,556.05,89.097,556.05,154.5,527.84,154.5
527.55,89.103,556.04,89.103,556.04,155.16,527.55,155.16
526.81,87.552,556.17,87.552,556.17,155.61,526.81,155.61
527.05,89.342,555.54,89.342,555.54,155.4,527.05,155.4
526.61,88.923,555.11,88.923,555.11,154.98,526.61,154.98
526.24,88.202,555.3,88.202,555.3,155.59,526.24,155.59
525.63,87.686,554.99,87.686,554.99,155.75,525.63,155.75
525.15,88.418,553.93,88.418,553.93,155.14,525.15,155.14
525.14,89.14,554.5,89.14,554.5,157.2,525.14,157.2
525.53,91.062,554.02,91.062,554.02,157.12,525.53,157.12
525.49,91.488,553.7,91.488,553.7,156.89,525.49,156.89
525.67,91.906,554.17,91.906,554.17,157.96,525.67,157.96
525.62,92.424,553.27,92.424,553.27,156.54,525.62,156.54
524.89,90.876,552.82,90.876,552.82,155.63,524.89,155.63
524.4,90.693,552.33,90.693,552.33,155.45,524.4,155.45
523.83,89.94,552.04,89.94,552.04,155.34,523.83,155.34
523.46,89.649,551.68,89.649,551.68,155.05,523.46,155.05
523.44,90.214,552.51,90.214,552.51,157.6,523.44,157.6
523.35,91.535,551.84,91.535,551.84,157.59,523.35,157.59
523.7,92.997,551.36,92.997,551.36,157.11,523.7,157.11
523.05,93.401,551.54,93.401,551.54,159.46,523.05,159.46
522.26,93.06,550.75,93.06,550.75,159.12,522.26,159.12
520.82,91.605,549.89,91.605,549.89,158.99,520.82,158.99
520.34,92.23,548.55,92.23,548.55,157.63,520.34,157.63
520,92.74,547.93,92.74,547.93,157.5,520,157.5
519.92,92.587,548.14,92.587,548.14,157.99,519.92,157.99
520.23,93.005,548.72,93.005,548.72,159.06,520.23,159.06
519.49,92.671,548.27,92.671,548.27,159.39,519.49,159.39
519.77,92.863,547.71,92.863,547.71,157.62,519.77,157.62
520.03,92.796,547.68,92.796,547.68,156.91,520.03,156.91
520.27,94.085,547.12,94.085,547.12,156.31,520.27,156.31
519.45,93.082,547.11,93.082,547.11,157.2,519.45,157.2
518.5,92.762,546.71,92.762,546.71,158.17,518.5,158.17
518.24,93.613,547.31,93.613,547.31,161,518.24,161
518.1,93.933,546.88,93.933,546.88,160.65,518.1,160.65
518.46,94.837,546.4,94.837,546.4,159.59,518.46,159.59
518.47,95.113,546.69,95.113,546.69,160.52,518.47,160.52
517.88,93.857,546.66,93.857,546.66,160.58,517.88,160.58
517.48,92.94,546.84,92.94,546.84,161,517.48,161
517.62,93.579,546.68,93.579,546.68,160.97,517.62,160.97
516.75,92.826,546.1,92.826,546.1,160.89,516.75,160.89
516.73,93.334,546.09,93.334,546.09,161.39,516.73,161.39
516.57,94.436,545.35,94.436,545.35,161.15,516.57,161.15
515.93,94.109,545.29,94.109,545.29,162.17,515.93,162.17
515.33,94.442,544.11,94.442,544.11,161.16,515.33,161.16
515.14,95.383,543.92,95.383,543.92,162.1,515.14,162.1
515.21,95.855,543.7,95.855,543.7,161.91,515.21,161.91
514.26,94.649,543.62,94.649,543.62,162.71,514.26,162.71
513.89,95.928,542.67,95.928,542.67,162.65,513.89,162.65
513.43,96.423,542.21,96.423,542.21,163.14,513.43,163.14
512.93,96.766,542.29,96.766,542.29,164.83,512.93,164.83
512.58,96.372,542.24,96.372,542.24,165.11,512.58,165.11
511.7,94.405,542.25,94.405,542.25,165.23,511.7,165.23
511.86,94.485,542.11,94.485,542.11,164.61,511.86,164.61
511.57,94.05,541.82,94.05,541.82,164.17,511.57,164.17
510.85,93.244,541.71,93.244,541.71,164.78,510.85,164.78
510.62,93.453,541.17,93.453,541.17,164.28,510.62,164.28
510.49,93.936,541.34,93.936,541.34,165.47,510.49,165.47
510.59,95.16,541.45,95.16,541.45,166.69,510.59,166.69
510.59,95.927,541.44,95.927,541.44,167.46,510.59,167.46
510.76,96.161,541.31,96.161,541.31,166.98,510.76,166.98
510.48,95.802,541.34,95.802,541.34,167.33,510.48,167.33
510.84,96.882,540.79,96.882,540.79,166.31,510.84,166.31
510.04,95.468,540.9,95.468,540.9,167,510.04,167
510.06,95.758,540.92,95.758,540.92,167.29,510.06,167.29
509.13,94.716,540.92,94.716,540.92,168.42,509.13,168.42
509.85,95.827,541.01,95.827,541.01,168.07,509.85,168.07
510.03,97.23,540.28,97.23,540.28,167.35,510.03,167.35
509.6,96.926,539.55,96.926,539.55,166.35,509.6,166.35
509.24,97.11,539.49,97.11,539.49,167.23,509.24,167.23
508.67,97.113,538.62,97.113,538.62,166.54,508.67,166.54
508.21,98.054,538.16,98.054,538.16,167.48,508.21,167.48
507.17,97.204,538.03,97.204,538.03,168.74,507.17,168.74
506.26,97.014,538.05,97.014,538.05,170.71,506.26,170.71
506.67,99.55,537.84,99.55,537.84,171.8,506.67,171.8
506.24,99.528,537.4,99.528,537.4,171.77,506.24,171.77
505.34,99.393,536.19,99.393,536.19,170.92,505.34,170.92
505.29,99.515,536.45,99.515,536.45,171.76,505.29,171.76
504.86,97.522,536.03,97.522,536.03,169.77,504.86,169.77
503.75,97.37,534.91,97.37,534.91,169.62,503.75,169.62
502.83,96.365,534.62,96.365,534.62,170.06,502.83,170.06
503.03,97.754,534.2,97.754,534.2,170,503.03,170
502.82,98.594,533.37,98.594,533.37,169.42,502.82,169.42
502.28,99.47,532.83,99.47,532.83,170.29,502.28,170.29
502.56,101.26,532.81,101.26,532.81,171.38,502.56,171.38
502.26,101.27,532.51,101.27,532.51,171.39,502.26,171.39
501.47,100.19,532.64,100.19,532.64,172.44,501.47,172.44
501.18,99.943,532.65,99.943,532.65,172.91,501.18,172.91
500.63,99.865,532.1,99.865,532.1,172.83,500.63,172.83
500.31,100.66,531.48,100.66,531.48,172.9,500.31,172.9
499.99,100.78,531.47,100.78,531.47,173.75,499.99,173.75
499.5,100.86,530.98,100.86,530.98,173.83,499.5,173.83
499.01,100.23,530.49,100.23,530.49,173.2,499.01,173.2
498.47,100.15,529.95,100.15,529.95,173.12,498.47,173.12
497.11,99.122,529.54,99.122,529.54,174.3,497.11,174.3
495.58,96.464,528.99,96.464,528.99,173.92,495.58,173.92
495.04,98.671,528.12,98.671,528.12,175.36,495.04,175.36
495.4,101.08,527.83,101.08,527.83,176.26,495.4,176.26
495.39,102.77,526.87,102.77,526.87,175.74,495.39,175.74
494.39,103.55,524.94,103.55,524.94,174.37,494.39,174.37
493.71,103.96,524.87,103.96,524.87,176.21,493.71,176.21
492.88,103.67,524.35,103.67,524.35,176.64,492.88,176.64
492.53,103.02,523.7,103.02,523.7,175.27,492.53,175.27
491.14,101.69,522.94,101.69,522.94,175.38,491.14,175.38
490.57,101.49,523,101.49,523,176.67,490.57,176.67
490.03,101.85,521.82,101.85,521.82,175.55,490.03,175.55
489.19,100.92,521.95,100.92,521.95,176.85,489.19,176.85
488.82,101.99,520.93,101.99,520.93,176.42,488.82,176.42
488.82,102.99,520.61,102.99,520.61,176.68,488.82,176.68
489.13,103.39,520.61,103.39,520.61,176.36,489.13,176.36
488.75,103.91,519.3,103.91,519.3,174.74,488.75,174.74
488.46,104.12,519.02,104.12,519.02,174.94,488.46,174.94
487.84,104.08,519.32,104.08,519.32,177.04,487.84,177.04
487.86,105.24,519.03,105.24,519.03,177.48,487.86,177.48
486.49,104.94,518.6,104.94,518.6,179.38,486.49,179.38
486.17,105.08,518.28,105.08,518.28,179.51,486.17,179.51
486.25,105.98,517.73,105.98,517.73,178.95,486.25,178.95
485.28,105.08,517.07,105.08,517.07,178.78,485.28,178.78
484.46,103.59,516.89,103.59,516.89,178.77,484.46,178.77
483.89,102.59,516.32,102.59,516.32,177.77,483.89,177.77
483.2,103.02,515.95,103.02,515.95,178.95,483.2,178.95
482.17,102.74,515.26,102.74,515.26,179.44,482.17,179.44
481.96,104.35,514.72,104.35,514.72,180.29,481.96,180.29
481.02,106.19,513.13,106.19,513.13,180.63,481.02,180.63
480.9,108.19,512.38,108.19,512.38,181.16,480.9,181.16
480.41,108.38,511.57,108.38,511.57,180.63,480.41,180.63
479.33,108.08,510.81,108.08,510.81,181.05,479.33,181.05
478.01,107.5,509.49,107.5,509.49,180.46,478.01,180.46
476.99,106.12,509.42,106.12,509.42,181.3,476.99,181.3
476.08,106.61,508.84,106.61,508.84,182.54,476.08,182.54
475.39,105.97,509.14,105.97,509.14,184.2,475.39,184.2
474.05,105.12,508.47,105.12,508.47,184.93,474.05,184.93
474.17,106.74,507.92,106.74,507.92,184.98,474.17,184.98
473.37,105.48,507.45,105.48,507.45,184.5,473.37,184.5
472.62,105.51,505.71,105.51,505.71,182.2,472.62,182.2
472.26,105.51,506.01,105.51,506.01,183.74,472.26,183.74
471.53,105.85,505.62,105.85,505.62,184.87,471.53,184.87
471.32,106.26,504.74,106.26,504.74,183.72,471.32,183.72
471.01,108.23,504.42,108.23,504.42,185.69,471.01,185.69
470.75,109.7,504.5,109.7,504.5,187.93,470.75,187.93
469.71,107.77,504.13,107.77,504.13,187.57,469.71,187.57
469.52,108.95,502.94,108.95,502.94,186.41,469.52,186.41
468.96,108.7,502.7,108.7,502.7,186.93,468.96,186.93
468.57,107.62,502.32,107.62,502.32,185.85,468.57,185.85
468.36,108.11,501.12,108.11,501.12,184.05,468.36,184.05
467.19,107.48,500.94,107.48,500.94,185.71,467.19,185.71
466.59,107.51,500.01,107.51,500.01,184.97,466.59,184.97
466.15,108.63,499.24,108.63,499.24,185.33,466.15,185.33
465.81,109.69,499.56,109.69,499.56,187.92,465.81,187.92
465.11,109.39,498.85,109.39,498.85,187.62,465.11,187.62
463.51,109.1,497.59,109.1,497.59,188.11,463.51,188.11
462.85,110.34,496.26,110.34,496.26,187.8,462.85,187.8
462.51,111.5,495.26,111.5,495.26,187.43,462.51,187.43
460.44,110.02,493.85,110.02,493.85,187.48,460.44,187.48
460.54,113.04,492.97,113.04,492.97,188.22,460.54,188.22
459.58,111.72,492.66,111.72,492.66,188.41,459.58,188.41
458.6,111.09,492.01,111.09,492.01,188.55,458.6,188.55
457.22,109.7,491.65,109.7,491.65,189.51,457.22,189.51
456.23,108.1,491.7,108.1,491.7,190.32,456.23,190.32
454.45,106.25,490.64,106.25,490.64,190.12,454.45,190.12
454.15,107.14,489.26,107.14,489.26,188.55,454.15,188.55
454.6,109.59,488.68,109.59,488.68,188.6,454.6,188.6
454.89,111.41,487.97,111.41,487.97,188.1,454.89,188.1
454.35,113.16,487.44,113.16,487.44,189.85,454.35,189.85
454.75,114.82,486.86,114.82,486.86,189.26,454.75,189.26
454.04,115.12,486.47,115.12,486.47,190.3,454.04,190.3
453.63,114.74,486.06,114.74,486.06,189.92,453.63,189.92
452.12,114.35,484.23,114.35,484.23,188.78,452.12,188.78
451.58,114.04,484.01,114.04,484.01,189.22,451.58,189.22
451.2,114.25,483.63,114.25,483.63,189.43,451.2,189.43
450.22,114.34,482.97,114.34,482.97,190.27,450.22,190.27
449.27,114.21,483.02,114.21,483.02,192.44,449.27,192.44
448.58,114.56,481.66,114.56,481.66,191.25,448.58,191.25
448.46,115.03,480.89,115.03,480.89,190.21,448.46,190.21
446.91,113.63,480,113.63,480,190.32,446.91,190.32
446.11,114.64,478.22,114.64,478.22,189.07,446.11,189.07
444.25,113.5,477.34,113.5,477.34,190.19,444.25,190.19
443.53,114.71,476.95,114.71,476.95,192.16,443.53,192.16
442.86,116.97,475.95,116.97,475.95,193.66,442.86,193.66
441.64,117.34,475.39,117.34,475.39,195.58,441.64,195.58
440.31,117.06,475.08,117.06,475.08,197.66,440.31,197.66
439.87,118.33,473.62,118.33,473.62,196.57,439.87,196.57
438.58,116.3,472.66,116.3,472.66,195.32,438.58,195.32
437.63,115.74,471.72,115.74,471.72,194.75,437.63,194.75
436.86,115.71,470.61,115.71,470.61,193.94,436.86,193.94
436.94,116.54,469.69,116.54,469.69,192.47,436.94,192.47
435.82,115.95,469.57,115.95,469.57,194.18,435.82,194.18
436.31,118.54,469.06,118.54,469.06,194.48,436.31,194.48
434.96,118.19,468.7,118.19,468.7,196.42,434.96,196.42
434.31,117.8,468.06,117.8,468.06,196.03,434.31,196.03
433.18,118.15,467.27,118.15,467.27,197.16,433.18,197.16
432,117.29,466.77,117.29,466.77,197.9,432,197.9
430.49,116.8,465.95,116.8,465.95,199.03,430.49,199.03
430.39,117.98,464.81,117.98,464.81,197.79,430.39,197.79
430.47,120.31,464.22,120.31,464.22,198.54,430.47,198.54
429.91,120.91,463.66,120.91,463.66,199.14,429.91,199.14
429.05,120.54,463.14,120.54,463.14,199.56,429.05,199.56
428.37,121.42,461.45,121.42,461.45,198.11,428.37,198.11
427.65,120.32,460.4,120.32,460.4,196.25,427.65,196.25
426.08,118.24,459.17,118.24,459.17,194.93,426.08,194.93
425.28,118.68,459.03,118.68,459.03,196.91,425.28,196.91
423.89,118.9,456.97,118.9,456.97,195.59,423.89,195.59
422.97,120.47,456.38,120.47,456.38,197.93,422.97,197.93
423,122.93,456.41,122.93,456.41,200.39,423,200.39
421.13,122.24,455.55,122.24,455.55,202.05,421.13,202.05
420.08,122.29,454.5,122.29,454.5,202.09,420.08,202.09
419.35,123.29,452.76,123.29,452.76,200.75,419.35,200.75
418.51,123.66,451.26,123.66,451.26,199.59,418.51,199.59
416.2,122.23,449.61,122.23,449.61,199.68,416.2,199.68
415.48,122.7,449.23,122.7,449.23,200.93,415.48,200.93
414.61,123.02,448.7,123.02,448.7,202.03,414.61,202.03
414.34,123.87,448.09,123.87,448.09,202.11,414.34,202.11
413.3,124.07,446.72,124.07,446.72,201.53,413.3,201.53
412.68,124.48,445.43,124.48,445.43,200.41,412.68,200.41
411.59,123.54,444.67,123.54,444.67,200.23,411.59,200.23
410.49,122.82,444.57,122.82,444.57,201.84,410.49,201.84
409.94,122.89,444.03,122.89,444.03,201.91,409.94,201.91
409.09,125.16,443.18,125.16,443.18,204.17,409.09,204.17
407.48,124.93,441.91,124.93,441.91,204.74,407.48,204.74
407.29,126.24,441.38,126.24,441.38,205.25,407.29,205.25
405.95,128.14,440.04,128.14,440.04,207.15,405.95,207.15
405.42,127.83,439.51,127.83,439.51,206.85,405.42,206.85
403.37,126.26,437.46,126.26,437.46,205.27,403.37,205.27
402.51,126.05,436.59,126.05,436.59,205.07,402.51,205.07
401.24,125.2,435.67,125.2,435.67,205.01,401.24,205.01
400.18,125.86,433.6,125.86,433.6,203.32,400.18,203.32
399.58,126.53,432.99,126.53,432.99,203.99,399.58,203.99
399.04,128.17,432.79,128.17,432.79,206.4,399.04,206.4
397.61,128.36,431.69,128.36,431.69,207.38,397.61,207.38
396.6,128.64,430.68,128.64,430.68,207.66,396.6,207.66
395.47,129.19,429.22,129.19,429.22,207.43,395.47,207.43
393.45,129.58,426.53,129.58,426.53,206.27,393.45,206.27
392.23,128.85,425.98,128.85,425.98,207.09,392.23,207.09
389.71,128.42,424.48,128.42,424.48,209.03,389.71,209.03
389.08,129.23,424.91,129.23,424.91,212.28,389.08,212.28
388.2,130.08,423.67,130.08,423.67,212.3,388.2,212.3
386.94,129,422.77,129,422.77,212.05,386.94,212.05
386.23,128.66,421.7,128.66,421.7,210.89,386.23,210.89
383.91,127.69,419.38,127.69,419.38,209.91,383.91,209.91
382.5,126.09,418.68,126.09,418.68,209.97,382.5,209.97
381.99,126.96,417.81,126.96,417.81,210,381.99,210
380.77,127.14,416.95,127.14,416.95,211.01,380.77,211.01
380.75,129.89,416.21,129.89,416.21,212.12,380.75,212.12
380.03,130.83,415.86,130.83,415.86,213.88,380.03,213.88
378.91,131.26,414.38,131.26,414.38,213.48,378.91,213.48
377.71,131.05,413.9,131.05,413.9,214.92,377.71,214.92
376.92,131.27,412.39,131.27,412.39,213.5,376.92,213.5
375.44,130.75,410.91,130.75,410.91,212.97,375.44,212.97
374.29,130.63,409.76,130.63,409.76,212.86,374.29,212.86
373.13,131.43,408.6,131.43,408.6,213.66,373.13,213.66
372.17,131.94,407.63,131.94,407.63,214.17,372.17,214.17
371.39,132.21,406.86,132.21,406.86,214.43,371.39,214.43
370.45,132.76,405.92,132.76,405.92,214.98,370.45,214.98
369.26,131.22,404.73,131.22,404.73,213.44,369.26,213.44
367.58,130.85,403.05,130.85,403.05,213.07,367.58,213.07
366.8,132.35,401.22,132.35,401.22,212.16,366.8,212.16
366.36,133.57,400.11,133.57,400.11,211.81,366.36,211.81
364.54,133.5,398.97,133.5,398.97,213.31,364.54,213.31
363.7,134.81,399.17,134.81,399.17,217.03,363.7,217.03
361.87,135.88,396.64,135.88,396.64,216.48,361.87,216.48
360.12,136.76,394.55,136.76,394.55,216.56,360.12,216.56
359.57,137.91,393.66,137.91,393.66,216.92,359.57,216.92
357.45,136.42,390.86,136.42,390.86,213.88,357.45,213.88
356.27,135.65,390.36,135.65,390.36,214.67,356.27,214.67
355.4,134.81,389.15,134.81,389.15,213.04,355.4,213.04
353.26,134.05,387.68,134.05,387.68,213.85,353.26,213.85
352.22,133.95,387.68,133.95,387.68,216.17,352.22,216.17
351.52,134.68,386.99,134.68,386.99,216.9,351.52,216.9
349.86,134.73,386.4,134.73,386.4,219.44,349.86,219.44
349.9,135.73,385.72,135.73,385.72,218.77,349.9,218.77
349.36,136.24,384.83,136.24,384.83,218.46,349.36,218.46
348.79,138.02,383.22,138.02,383.22,217.82,348.79,217.82
347.67,136.74,383.14,136.74,383.14,218.96,347.67,218.96
346.14,135.39,382.33,135.39,382.33,219.26,346.14,219.26
345.87,138.65,381.7,138.65,381.7,221.69,345.87,221.69
345.36,139.81,381.18,139.81,381.18,222.85,345.36,222.85
344.87,139.26,380.34,139.26,380.34,221.48,344.87,221.48
344.29,139.75,379.76,139.75,379.76,221.98,344.29,221.98
343.01,139.85,378.48,139.85,378.48,222.08,343.01,222.08
341.96,138.1,377.43,138.1,377.43,220.32,341.96,220.32
340.36,137.07,376.54,137.07,376.54,220.95,340.36,220.95
339.27,137.82,375.09,137.82,375.09,220.87,339.27,220.87
338.65,138.16,374.83,138.16,374.83,222.03,338.65,222.03
337.91,140.63,373.38,140.63,373.38,222.85,337.91,222.85
337.36,142.24,372.83,142.24,372.83,224.46,337.36,224.46
335.63,143.61,370.06,143.61,370.06,223.42,335.63,223.42
334.44,142.61,369.91,142.61,369.91,224.83,334.44,224.83
331.85,141.1,368.39,141.1,368.39,225.82,331.85,225.82
329.95,141.94,365.41,141.94,365.41,224.17,329.95,224.17
328.84,142.43,364.66,142.43,364.66,225.48,328.84,225.48
327.82,142.79,363.28,142.79,363.28,225.02,327.82,225.02
327.28,142.72,362.75,142.72,362.75,224.94,327.28,224.94
325.7,141.91,361.88,141.91,361.88,225.78,325.7,225.78
325.26,142.32,360.73,142.32,360.73,224.54,325.26,224.54
323.81,141.65,359.63,141.65,359.63,224.7,323.81,224.7
322.83,142.85,358.3,142.85,358.3,225.08,322.83,225.08
321.85,143.42,357.67,143.42,357.67,226.47,321.85,226.47
320.99,145.42,356.46,145.42,356.46,227.65,320.99,227.65
320.09,146.62,355.56,146.62,355.56,228.84,320.09,228.84
318.44,145.4,354.98,145.4,354.98,230.12,318.44,230.12
318.16,146.97,353.63,146.97,353.63,229.19,318.16,229.19
316.71,146,352.89,146,352.89,229.88,316.71,229.88
315.5,145.91,351.68,145.91,351.68,229.79,315.5,229.79
314.77,144.88,350.59,144.88,350.59,227.93,314.77,227.93
314.09,144.42,349.56,144.42,349.56,226.64,314.09,226.64
313.27,146.32,349.1,146.32,349.1,229.37,313.27,229.37
312.06,147.24,347.88,147.24,347.88,230.28,312.06,230.28
310.54,145.91,346.72,145.91,346.72,229.79,310.54,229.79
309.86,147.96,345.33,147.96,345.33,230.18,309.86,230.18
308.9,148.85,345.08,148.85,345.08,232.73,308.9,232.73
307.32,148.26,342.79,148.26,342.79,230.49,307.32,230.49
305.16,146.93,341.7,146.93,341.7,231.64,305.16,231.64
304.06,147.98,340.97,147.98,340.97,233.54,304.06,233.54
301.89,147.75,339.54,147.75,339.54,235.04,301.89,235.04
300.46,148.79,338.49,148.79,338.49,236.95,300.46,236.95
299.74,150.01,337.02,150.01,337.02,236.43,299.74,236.43
298.03,148.73,335.31,148.73,335.31,235.15,298.03,235.15
296.91,146.63,335.32,146.63,335.32,235.67,296.91,235.67
296.37,146.97,334.02,146.97,334.02,234.25,296.37,234.25
294.46,145.2,333.25,145.2,333.25,235.12,294.46,235.12
293.04,144.82,333.01,144.82,333.01,237.48,293.04,237.48
293.15,148.42,331.94,148.42,331.94,238.35,293.15,238.35
292.42,149.94,331.21,149.94,331.21,239.87,292.42,239.87
291.93,151.74,331.11,151.74,331.11,242.56,291.93,242.56
289.99,151.41,329.17,151.41,329.17,242.24,289.99,242.24
289.52,151.6,327.55,151.6,327.55,239.76,289.52,239.76
288.29,150.19,327.08,150.19,327.08,240.11,288.29,240.11
285.88,149.98,324.67,149.98,324.67,239.9,285.88,239.9
286.96,151.88,324.61,151.88,324.61,239.16,286.96,239.16
285.61,152.58,323.64,152.58,323.64,240.74,285.61,240.74
284.6,153.87,323.01,153.87,323.01,242.91,284.6,242.91
283.83,154.01,321.48,154.01,321.48,241.29,283.83,241.29
282.17,152.73,320.96,152.73,320.96,242.65,282.17,242.65
278.85,150.61,318.82,150.61,318.82,243.26,278.85,243.26
278.64,151.21,317.43,151.21,317.43,241.14,278.64,241.14
276.79,152.23,315.58,152.23,315.58,242.16,276.79,242.16
275.31,152.66,314.88,152.66,314.88,244.39,275.31,244.39
273.76,153.99,313.34,153.99,313.34,245.73,273.76,245.73
272.11,155.98,312.88,155.98,312.88,250.49,272.11,250.49
270.8,156.03,311.17,156.03,311.17,249.61,270.8,249.61
270.29,156.93,309.47,156.93,309.47,247.76,270.29,247.76
267.79,156.65,306.58,156.65,306.58,246.58,267.79,246.58
265.88,152.1,305.45,152.1,305.45,243.83,265.88,243.83
264.21,151.66,303.78,151.66,303.78,243.39,264.21,243.39
262.31,151.01,303.08,151.01,303.08,245.52,262.31,245.52
261.5,152.47,301.86,152.47,301.86,246.05,261.5,246.05
261.15,156.58,300.72,156.58,300.72,248.31,261.15,248.31
260.12,156.39,300.09,156.39,300.09,249.04,260.12,249.04
258.22,155.94,299,155.94,299,250.46,258.22,250.46
257.31,157.2,296.88,157.2,296.88,248.94,257.31,248.94
256.55,156.87,295.34,156.87,295.34,246.8,256.55,246.8
255.13,156.36,294.31,156.36,294.31,247.18,255.13,247.18
254.54,158.98,293.33,158.98,293.33,248.91,254.54,248.91
253.45,160.79,291.48,160.79,291.48,248.95,253.45,248.95
252.67,162.64,290.7,162.64,290.7,250.79,252.67,250.79
251.96,162.72,290.75,162.72,290.75,252.65,251.96,252.65
250.27,162.57,288.3,162.57,288.3,250.73,250.27,250.73
248.16,160.26,286.95,160.26,286.95,250.18,248.16,250.18
246.83,157.75,286.01,157.75,286.01,248.58,246.83,248.58
244.67,156.93,283.85,156.93,283.85,247.76,244.67,247.76
244.17,159.15,282.58,159.15,282.58,248.18,244.17,248.18
242.18,159.95,281.75,159.95,281.75,251.69,242.18,251.69
241.32,164.38,280.89,164.38,280.89,256.11,241.32,256.11
240.32,165.2,280.28,165.2,280.28,257.85,240.32,257.85
237.61,164.38,277.98,164.38,277.98,257.96,237.61,257.96
234.81,162.64,276.4,162.64,276.4,259.06,234.81,259.06
232.58,161.11,274.17,161.11,274.17,257.53,232.58,257.53
230.55,159.9,271.33,159.9,271.33,254.41,230.55,254.41
229.94,161.7,269.51,161.7,269.51,253.43,229.94,253.43
229.67,164.59,268.85,164.59,268.85,255.42,229.67,255.42
229.27,166.97,268.06,166.97,268.06,256.89,229.27,256.89
227.06,165.89,267.02,165.89,267.02,258.54,227.06,258.54
224.09,164.14,265.27,164.14,265.27,259.6,224.09,259.6
222.63,163.5,264.22,163.5,264.22,259.91,222.63,259.91
221.01,163.1,261.78,163.1,261.78,257.61,221.01,257.61
218.53,162.2,259.3,162.2,259.3,256.71,218.53,256.71
218.87,165.92,258.44,165.92,258.44,257.65,218.87,257.65
216.28,165.69,255.85,165.69,255.85,257.42,216.28,257.42
215.46,168.91,256.23,168.91,256.23,263.42,215.46,263.42
215.12,172.94,254.69,172.94,254.69,264.68,215.12,264.68
211.91,170.77,251.87,170.77,251.87,263.42,211.91,263.42
210.22,168.75,250.99,168.75,250.99,263.27,210.22,263.27
208.49,168.29,249.26,168.29,249.26,262.81,208.49,262.81
205.26,161.27,247.27,161.27,247.27,258.65,205.26,258.65
204.22,163.38,245.4,163.38,245.4,258.84,204.22,258.84
202.23,165.66,244.66,165.66,244.66,264.01,202.23,264.01
201.06,167.1,243.07,167.1,243.07,264.48,201.06,264.48
199.54,169.62,242.82,169.62,242.82,269.95,199.54,269.95
197.81,170.18,241.09,170.18,241.09,270.51,197.81,270.51
195.32,169.07,238.59,169.07,238.59,269.4,195.32,269.4
192.52,166.91,237.11,166.91,237.11,270.28,192.52,270.28
190.69,167.54,234.4,167.54,234.4,268.87,190.69,268.87
187.74,167.14,231.02,167.14,231.02,267.47,187.74,267.47
186.18,169.3,228.18,169.3,228.18,266.68,186.18,266.68
185.33,172.39,226.1,172.39,226.1,266.9,185.33,266.9
184.19,172.71,224.96,172.71,224.96,267.22,184.19,267.22
182.63,172.07,223.81,172.07,223.81,267.52,182.63,267.52
181.09,171.93,221.86,171.93,221.86,266.44,181.09,266.44
178.97,169.4,220.56,169.4,220.56,265.82,178.97,265.82
175.52,167.89,217.94,167.89,217.94,266.24,175.52,266.24
175.37,170.01,216.55,170.01,216.55,265.47,175.37,265.47
174.74,172.82,214.71,172.82,214.71,265.48,174.74,265.48
172.48,173.54,213.66,173.54,213.66,269,172.48,269
171.89,177.36,213.48,177.36,213.48,273.77,171.89,273.77
