483.5,166.5,498.5,166.5,498.5,219.5,483.5,219.5
483.32,166.6,498.29,166.6,498.29,219.47,483.32,219.47
483.14,166.58,498.16,166.58,498.16,219.65,483.14,219.65
482.81,166.64,497.87,166.64,497.87,219.87,482.81,219.87
482.19,166.6,497.18,166.6,497.18,219.59,482.19,219.59
482.58,167.36,497.46,167.36,497.46,219.93,482.58,219.93
481.83,168.07,496.45,168.07,496.45,219.73,481.83,219.73
481.44,168.34,495.94,168.34,495.94,219.57,481.44,219.57
481.25,168.52,495.94,168.52,495.94,220.42,481.25,220.42
481.05,168.47,495.77,168.47,495.77,220.47,481.05,220.47
480.43,168.44,495.18,168.44,495.18,220.55,480.43,220.55
480.33,168.13,495.18,168.13,495.18,220.6,480.33,220.6
479.91,167.56,494.82,167.56,494.82,220.25,479.91,220.25
480.09,167.83,495.15,167.83,495.15,221.04,480.09,221.04
479.83,168.01,494.73,168.01,494.73,220.67,479.83,220.67
480.13,168.68,495.09,168.68,495.09,221.53,480.13,221.53
480.1,169.14,495.09,169.14,495.09,222.1,480.1,222.1
480.03,169.1,494.92,169.1,494.92,221.7,480.03,221.7
479.49,168.86,494.35,168.86,494.35,221.36,479.49,221.36
479.3,168.81,494.07,168.81,494.07,221.01,479.3,221.01
479.35,169.13,494.25,169.13,494.25,221.79,479.35,221.79
479.27,168.67,494.33,168.67,494.33,221.87,479.27,221.87
479.01,168.59,493.92,168.59,493.92,221.28,479.01,221.28
479.35,169.36,494.33,169.36,494.33,222.3,479.35,222.3
479.4,169.4,494.52,169.4,494.52,222.81,479.4,222.81
479,169.58,494.11,169.58,494.11,222.96,479,222.96
479.33,170.54,494.25,170.54,494.25,223.25,479.33,223.25
479.64,171.34,494.56,171.34,494.56,224.08,479.64,224.08
479.76,171.51,494.64,171.51,494.64,224.09,479.76,224.09
479.12,171.07,493.92,171.07,493.92,223.35,479.12,223.35
479.03,171.11,493.85,171.11,493.85,223.49,479.03,223.49
478.79,171.11,493.61,171.11,493.61,223.49,478.79,223.49
478.89,171.2,493.67,171.2,493.67,223.42,478.89,223.42
479.32,171.52,494.15,171.52,494.15,223.88,479.32,223.88
479.05,171.25,493.83,171.25,493.83,223.48,479.05,223.48
478.75,172.03,493.59,172.03,493.59,224.45,478.75,224.45
478.86,172.43,493.67,172.43,493.67,224.77,478.86,224.77
478.95,172.97,493.86,172.97,493.86,225.64,478.95,225.64
479.44,173.39,494.34,173.39,494.34,226.06,479.44,226.06
479.36,173.43,494.31,173.43,494.31,226.26,479.36,226.26
478.9,172.97,493.88,172.97,493.88,225.91,478.9,225.91
478.65,172.78,493.75,172.78,493.75,226.11,478.65,226.11
478.18,172.36,493.16,172.36,493.16,225.28,478.18,225.28
478.04,172.52,493.16,172.52,493.16,225.96,478.04,225.96
477.44,172.56,492.4,172.56,492.4,225.41,477.44,225.41
477.38,172.96,492.42,172.96,492.42,226.07,477.38,226.07
476.57,173.38,491.57,173.38,491.57,226.39,476.57,226.39
476.56,174.29,491.55,174.29,491.55,227.26,476.56,227.26
476.2,174.38,491.32,174.38,491.32,227.8,476.2,227.8
475.03,174.29,490.08,174.29,490.08,227.48,475.03,227.48
474.39,174.28,489.53,174.28,489.53,227.76,474.39,227.76
473.94,174.19,488.98,174.19,488.98,227.32,473.94,227.32
473.42,173.93,488.45,173.93,488.45,227.04,473.42,227.04
473.11,173.65,488.13,173.65,488.13,226.73,473.11,226.73
473.27,174.13,488.26,174.13,488.26,227.09,473.27,227.09
472.98,174.01,487.98,174.01,487.98,227.02,472.98,227.02
472.78,174.31,487.69,174.31,487.69,226.98,472.78,226.98
472.51,174.76,487.34,174.76,487.34,227.17,472.51,227.17
472.03,174.65,486.74,174.65,486.74,226.64,472.03,226.64
472.23,174.88,487.02,174.88,487.02,227.16,472.23,227.16
471.87,175.07,486.49,175.07,486.49,226.76,471.87,226.76
471.68,175.14,486.23,175.14,486.23,226.57,471.68,226.57
471.46,175.29,485.99,175.29,485.99,226.66,471.46,226.66
471.12,175.16,485.73,175.16,485.73,226.76,471.12,226.76
470.62,175.28,485.33,175.28,485.33,227.24,470.62,227.24
470.75,175.86,485.44,175.86,485.44,227.75,470.75,227.75
470.4,176.29,485.26,176.29,485.26,228.77,470.4,228.77
469.85,176.43,484.67,176.43,484.67,228.79,469.85,228.79
469.66,177.1,484.28,177.1,484.28,228.73,469.66,228.73
469.11,177.51,483.83,177.51,483.83,229.5,469.11,229.5
469.07,178.61,483.87,178.61,483.87,230.93,469.07,230.93
468.37,177.94,483.09,177.94,483.09,229.96,468.37,229.96
468.25,178.05,483.08,178.05,483.08,230.46,468.25,230.46
467.55,177.82,482.23,177.82,482.23,229.68,467.55,229.68
467.77,177.7,482.51,177.7,482.51,229.8,467.77,229.8
467.38,177.84,482.08,177.84,482.08,229.8,467.38,229.8
467.34,177.77,482.03,177.77,482.03,229.67,467.34,229.67
466.92,178.16,481.69,178.16,481.69,230.36,466.92,230.36
466.67,178.23,481.41,178.23,481.41,230.31,466.67,230.31
466.66,178.68,481.24,178.68,481.24,230.2,466.66,230.2
466.19,178.23,480.82,178.23,480.82,229.94,466.19,229.94
466.04,178.2,480.65,178.2,480.65,229.82,466.04,229.82
465.75,178.17,480.31,178.17,480.31,229.63,465.75,229.63
465.44,178.33,480.04,178.33,480.04,229.93,465.44,229.93
464.98,178.62,479.58,178.62,479.58,230.18,464.98,230.18
464.43,178.62,479.06,178.62,479.06,230.3,464.43,230.3
464.28,179.03,478.81,179.03,478.81,230.36,464.28,230.36
464.45,180.03,479.01,180.03,479.01,231.47,464.45,231.47
463.89,179.83,478.44,179.83,478.44,231.25,463.89,231.25
463.29,180.53,477.82,180.53,477.82,231.86,463.29,231.86
463.7,180.78,478.21,180.78,478.21,232.06,463.7,232.06
463.48,180.78,478.05,180.78,478.05,232.26,463.48,232.26
463.14,180.72,477.64,180.72,477.64,231.96,463.14,231.96
463.33,181.09,477.79,181.09,477.79,232.21,463.33,232.21
463.6,181.01,478.06,181.01,478.06,232.09,463.6,232.09
463.53,181.23,477.95,181.23,477.95,232.19,463.53,232.19
463.76,181.39,478.16,181.39,478.16,232.27,463.76,232.27
462.83,181.02,477.26,181.02,477.26,232.01,462.83,232.01
463.27,181.44,477.72,181.44,477.72,232.49,463.27,232.49
462.72,181.67,477.29,181.67,477.29,233.14,462.72,233.14
462.91,180.95,477.45,180.95,477.45,232.32,462.91,232.32
462.38,180.69,476.94,180.69,476.94,232.14,462.38,232.14
462.62,180.7,477.22,180.7,477.22,232.28,462.62,232.28
462.23,181.04,476.82,181.04,476.82,232.57,462.23,232.57
462.51,180.9,477.11,180.9,477.11,232.48,462.51,232.48
462.44,180.61,477.02,180.61,477.02,232.12,462.44,232.12
462.43,180.93,476.98,180.93,476.98,232.34,462.43,232.34
462.19,181.19,476.72,181.19,476.72,232.53,462.19,232.53
461.91,182.28,476.46,182.28,476.46,233.67,461.91,233.67
461.45,181.4,476.08,181.4,476.08,233.1,461.45,233.1
461.59,181.61,476.24,181.61,476.24,233.37,461.59,233.37
461.28,181.68,475.92,181.68,475.92,233.39,461.28,233.39
461.2,182.01,475.75,182.01,475.75,233.41,461.2,233.41
460.69,182.02,475.24,182.02,475.24,233.45,460.69,233.45
460.65,182.07,475.19,182.07,475.19,233.45,460.65,233.45
460.14,181.68,474.77,181.68,474.77,233.4,460.14,233.4
459.76,181.73,474.37,181.73,474.37,233.36,459.76,233.36
459.34,181.55,474,181.55,474,233.33,459.34,233.33
459.32,181.62,473.89,181.62,473.89,233.13,459.32,233.13
458.95,181.48,473.53,181.48,473.53,233.03,458.95,233.03
459.12,181.73,473.66,181.73,473.66,233.13,459.12,233.13
458.78,181.84,473.3,181.84,473.3,233.12,458.78,233.12
459.05,182.59,473.6,182.59,473.6,234,459.05,234
458.65,182.36,473.15,182.36,473.15,233.59,458.65,233.59
459.21,182.93,473.74,182.93,473.74,234.28,459.21,234.28
459.25,183.05,473.82,183.05,473.82,234.54,459.25,234.54
459.04,182.92,473.6,182.92,473.6,234.38,459.04,234.38
459.13,182.86,473.67,182.86,473.67,234.22,459.13,234.22
459.29,182.66,473.83,182.66,473.83,234.06,459.29,234.06
459.59,182.41,474.13,182.41,474.13,233.79,459.59,233.79
459.46,182.27,474.04,182.27,474.04,233.81,459.46,233.81
459.54,182.32,474.14,182.32,474.14,233.93,459.54,233.93
459.46,182.16,474.11,182.16,474.11,233.93,459.46,233.93
459.39,182.07,474.11,182.07,474.11,234.08,459.39,234.08
459.42,182.82,474.06,182.82,474.06,234.55,459.42,234.55
459.13,182.71,473.75,182.71,473.75,234.37,459.13,234.37
458.71,183.16,473.31,183.16,473.31,234.73,458.71,234.73
458.32,183.72,472.95,183.72,472.95,235.43,458.32,235.43
458.07,183.88,472.71,183.88,472.71,235.62,458.07,235.62
457.61,183.99,472.27,183.99,472.27,235.79,457.61,235.79
457.44,184.32,472.23,184.32,472.23,236.6,457.44,236.6
456.72,183.86,471.53,183.86,471.53,236.19,456.72,236.19
456.39,184.04,471.16,184.04,471.16,236.23,456.39,236.23
456.88,184.39,471.57,184.39,471.57,236.3,456.88,236.3
456.59,184.34,471.33,184.34,471.33,236.42,456.59,236.42
456.42,184.77,471.07,184.77,471.07,236.51,456.42,236.51
456.02,184.97,470.6,184.97,470.6,236.5,456.02,236.5
455.91,185.16,470.46,185.16,470.46,236.57,455.91,236.57
455.85,185.14,470.51,185.14,470.51,236.93,455.85,236.93
456.31,185.43,471.07,185.43,471.07,237.56,456.31,237.56
456.46,185.45,471.17,185.45,471.17,237.41,456.46,237.41
456.56,185.48,471.26,185.48,471.26,237.42,456.56,237.42
456.24,185.43,470.99,185.43,470.99,237.56,456.24,237.56
456.35,185.36,471.05,185.36,471.05,237.31,456.35,237.31
455.94,185.4,470.68,185.4,470.68,237.49,455.94,237.49
455.32,185.78,470.17,185.78,470.17,238.25,455.32,238.25
454.66,185.98,469.51,185.98,469.51,238.44,454.66,238.44
454.16,186.46,468.96,186.46,468.96,238.77,454.16,238.77
453.3,187.31,468.08,187.31,468.08,239.55,453.3,239.55
452.75,187.61,467.44,187.61,467.44,239.52,452.75,239.52
452.32,187.8,467.07,187.8,467.07,239.9,452.32,239.9
452.08,187.9,466.75,187.9,466.75,239.74,452.08,239.74
451.39,187.6,466.17,187.6,466.17,239.81,451.39,239.81
451.23,187.45,466.04,187.45,466.04,239.76,451.23,239.76
450.62,187.27,465.39,187.27,465.39,239.47,450.62,239.47
450.6,187.61,465.36,187.61,465.36,239.73,450.6,239.73
450.51,187.71,465.43,187.71,465.43,240.41,450.51,240.41
450.13,188.21,465.04,188.21,465.04,240.91,450.13,240.91
450.33,188.51,465.23,188.51,465.23,241.18,450.33,241.18
450.37,188.64,465.24,188.64,465.24,241.21,450.37,241.21
449.94,188.06,464.82,188.06,464.82,240.63,449.94,240.63
449.6,187.78,464.5,187.78,464.5,240.41,449.6,240.41
449.7,187.87,464.6,187.87,464.6,240.51,449.7,240.51
449.52,187.89,464.27,187.89,464.27,240.02,449.52,240.02
449.85,188.42,464.63,188.42,464.63,240.63,449.85,240.63
449.45,188.49,464.28,188.49,464.28,240.91,449.45,240.91
448.96,188.16,463.8,188.16,463.8,240.6,448.96,240.6
448.25,188.62,463.14,188.62,463.14,241.22,448.25,241.22
447.75,188.95,462.76,188.95,462.76,241.98,447.75,241.98
447.75,189.37,462.96,189.37,462.96,243.1,447.75,243.1
447.29,189.25,462.67,189.25,462.67,243.62,447.29,243.62
446.97,189.53,462.31,189.53,462.31,243.71,446.97,243.71
446.21,189.04,461.62,189.04,461.62,243.48,446.21,243.48
446.15,189.35,461.6,189.35,461.6,243.94,446.15,243.94
446.06,189.14,461.58,189.14,461.58,243.96,446.06,243.96
445.53,188.9,460.98,188.9,460.98,243.46,445.53,243.46
445.52,189.6,461.03,189.6,461.03,244.42,445.52,244.42
445.13,189.67,460.53,189.67,460.53,244.09,445.13,244.09
445.53,190.6,460.86,190.6,460.86,244.77,445.53,244.77
445.07,190.32,460.36,190.32,460.36,244.34,445.07,244.34
444.98,190.16,460.33,190.16,460.33,244.42,444.98,244.42
444.9,190.02,460.3,190.02,460.3,244.45,444.9,244.45
445.38,190.47,460.77,190.47,460.77,244.86,445.38,244.86
445.13,190.76,460.51,190.76,460.51,245.1,445.13,245.1
444.65,190.43,459.98,190.43,459.98,244.59,444.65,244.59
444.18,190.67,459.45,190.67,459.45,244.63,444.18,244.63
443.8,190.82,459.29,190.82,459.29,245.53,443.8,245.53
443.91,191.71,459.33,191.71,459.33,246.19,443.91,246.19
443.69,191.89,459.25,191.89,459.25,246.87,443.69,246.87
442.48,191.71,458.16,191.71,458.16,247.12,442.48,247.12
442.57,191.99,458.33,191.99,458.33,247.69,442.57,247.69
441.36,191.11,457.37,191.11,457.37,247.68,441.36,247.68
440.66,190.67,456.64,190.67,456.64,247.13,440.66,247.13
440.76,190.85,456.99,190.85,456.99,248.19,440.76,248.19
440.43,190.66,456.88,190.66,456.88,248.79,440.43,248.79
440.17,190.58,456.8,190.58,456.8,249.35,440.17,249.35
439.78,190.55,456.57,190.55,456.57,249.88,439.78,249.88
439.53,190.72,456.33,190.72,456.33,250.07,439.53,250.07
438.92,191.13,455.67,191.13,455.67,250.31,438.92,250.31
425.79,191.98,442.71,191.98,442.71,251.75,425.79,251.75
411.61,190.96,428.8,190.96,428.8,251.7,411.61,251.7
404.5,190.58,421.72,190.58,421.72,251.42,404.5,251.42
388.12,190.92,405.08,190.92,405.08,250.83,388.12,250.83
377.62,190.63,394.65,190.63,394.65,250.82,377.62,250.82
359.74,190.16,376.87,190.16,376.87,250.68,359.74,250.68
349.97,191.12,367.19,191.12,367.19,251.96,349.97,251.96
335.53,196.51,352.5,196.51,352.5,256.49,335.53,256.49
327.81,191.87,344.83,191.87,344.83,251.99,327.81,251.99
336.96,191.66,354.15,191.66,354.15,252.38,336.96,252.38
354.52,192.54,371.91,192.54,371.91,253.98,354.52,253.98
358.83,192.32,376.35,192.32,376.35,254.23,358.83,254.23
368.73,192.06,386.35,192.06,386.35,254.33,368.73,254.33
376.12,191.99,393.87,191.99,393.87,254.71,376.12,254.71
394.6,190.97,412.24,190.97,412.24,253.29,394.6,253.29
402.07,191.5,419.71,191.5,419.71,253.86,402.07,253.86
412.13,191.87,429.88,191.87,429.88,254.58,412.13,254.58
428.02,191.51,445.58,191.51,445.58,253.54,428.02,253.54
434.7,192.64,452.21,192.64,452.21,254.51,434.7,254.51
424.12,192.58,441.63,192.58,441.63,254.45,424.12,254.45
407.33,193.52,424.82,193.52,424.82,255.3,407.33,255.3
399.19,193.09,416.73,193.09,416.73,255.08,399.19,255.08
388.63,192.93,406.07,192.93,406.07,254.56,388.63,254.56
372.61,193.6,390.09,193.6,390.09,255.35,372.61,255.35
362.32,193.04,379.7,193.04,379.7,254.47,362.32,254.47
355.12,193.6,372.66,193.6,372.66,255.55,355.12,255.55
336.24,193.17,353.86,193.17,353.86,255.43,336.24,255.43
327.56,193.9,345.15,193.9,345.15,256.08,327.56,256.08
320.9,193.71,338.65,193.71,338.65,256.42,320.9,256.42
334.36,194.46,351.88,194.46,351.88,256.36,334.36,256.36
345.05,194.48,362.57,194.48,362.57,256.38,345.05,256.38
351,195.37,368.34,195.37,368.34,256.61,351,256.61
368.58,195.24,386.04,195.24,386.04,256.93,368.58,256.93
377.43,195.88,394.88,195.88,394.88,257.54,377.43,257.54
387.04,195.43,404.62,195.43,404.62,257.54,387.04,257.54
403.85,195.7,421.5,195.7,421.5,258.07,403.85,258.07
410.73,195.37,428.43,195.37,428.43,257.92,410.73,257.92
420.33,194.66,438.11,194.66,438.11,257.5,420.33,257.5
420.13,194.75,437.89,194.75,437.89,257.5,420.13,257.5
413.32,195.1,430.99,195.1,430.99,257.55,413.32,257.55
402.69,196.26,420.35,196.26,420.35,258.64,402.69,258.64
385.47,196.71,403.09,196.71,403.09,258.95,385.47,258.95
368.9,197.38,386.58,197.38,386.58,259.85,368.9,259.85
360.17,197.2,377.83,197.2,377.83,259.59,360.17,259.59
342.88,197.58,360.49,197.58,360.49,259.81,342.88,259.81
334.21,197.71,351.84,197.71,351.84,259.99,334.21,259.99
323.8,197.45,341.69,197.45,341.69,260.66,323.8,260.66
319.98,197.28,337.78,197.28,337.78,260.16,319.98,260.16
327.94,197.72,345.55,197.72,345.55,259.96,327.94,259.96
338.32,197.81,356.13,197.81,356.13,260.72,338.32,260.72
344.56,197.83,362.16,197.83,362.16,260.02,344.56,260.02
361.24,198.73,379.03,198.73,379.03,261.56,361.24,261.56
371.4,198.63,389.17,198.63,389.17,261.4,371.4,261.4
387.29,198.94,405,198.94,405,261.51,387.29,261.51
396.9,199.64,414.64,199.64,414.64,262.29,396.9,262.29
412.35,198.77,430.13,198.77,430.13,261.57,412.35,261.57
421.05,199,438.9,199,438.9,262.06,421.05,262.06
418.65,199.12,436.69,199.12,436.69,262.88,418.65,262.88
399.59,198.51,417.63,198.51,417.63,262.25,399.59,262.25
392.26,199.06,410.17,199.06,410.17,262.34,392.26,262.34
374.33,199.83,392.26,199.83,392.26,263.2,374.33,263.2
365.2,200.28,383.22,200.28,383.22,263.96,365.2,263.96
356.35,200.45,374.15,200.45,374.15,263.34,356.35,263.34
339.45,201.44,357.13,201.44,357.13,263.89,339.45,263.89
330.03,201.51,347.88,201.51,347.88,264.58,330.03,264.58
313.3,201.42,331.29,201.42,331.29,264.96,313.3,264.96
312.2,201.5,330.01,201.5,330.01,264.41,312.2,264.41
321.12,201.46,338.87,201.46,338.87,264.16,321.12,264.16
337.54,201.01,355.37,201.01,355.37,264,337.54,264
348.23,201.46,365.99,201.46,365.99,264.2,348.23,264.2
365.2,201.46,382.87,201.46,382.87,263.89,365.2,263.89
370.97,202.5,388.76,202.5,388.76,265.38,370.97,265.38
381.06,202.02,398.82,202.02,398.82,264.77,381.06,264.77
396.44,202.9,414.23,202.9,414.23,265.75,396.44,265.75
407.23,202.64,425.05,202.64,425.05,265.62,407.23,265.62
414.73,203.14,432.8,203.14,432.8,267.01,414.73,267.01
406.54,203.06,424.61,203.06,424.61,266.93,406.54,266.93
390,202.81,408.27,202.81,408.27,267.34,390,267.34
380.1,202.18,398.37,202.18,398.37,266.73,380.1,266.73
371.86,202.39,390.02,202.39,390.02,266.58,371.86,266.58
355.46,203.06,373.75,203.06,373.75,267.71,355.46,267.71
338.03,204.06,356.24,204.06,356.24,268.39,338.03,268.39
328.31,204.24,346.49,204.24,346.49,268.46,328.31,268.46
319.67,205.5,337.86,205.5,337.86,269.75,319.67,269.75
307.65,205.86,325.82,205.86,325.82,270.06,307.65,270.06
317.59,205.65,335.79,205.65,335.79,269.95,317.59,269.95
334.69,205.03,352.76,205.03,352.76,268.85,334.69,268.85
342.98,205.34,361.08,205.34,361.08,269.31,342.98,269.31
362.17,205.06,380.2,205.06,380.2,268.74,362.17,268.74
367.48,205.24,385.4,205.24,385.4,268.58,367.48,268.58
378.53,204.83,396.52,204.83,396.52,268.42,378.53,268.42
394.18,205.39,412.05,205.39,412.05,268.55,394.18,268.55
403.71,205.76,421.72,205.76,421.72,269.38,403.71,269.38
417.52,206.53,435.61,206.53,435.61,270.48,417.52,270.48
408.18,207,426.51,207,426.51,271.76,408.18,271.76
399.98,206.8,418.37,206.8,418.37,271.79,399.98,271.79
382.5,207.4,400.78,207.4,400.78,272,382.5,272
372.02,206.79,390.37,206.79,390.37,271.62,372.02,271.62
364.28,207.34,382.78,207.34,382.78,272.71,364.28,272.71
346.05,207.2,364.41,207.2,364.41,272.07,346.05,272.07
338.74,207.67,357.02,207.67,357.02,272.25,338.74,272.25
320.91,207.9,339.07,207.9,339.07,272.05,320.91,272.05
311.92,208.66,330.12,208.66,330.12,272.97,311.92,272.97
305.78,208.84,323.93,208.84,323.93,272.99,305.78,272.99
313.12,209.16,331.48,209.16,331.48,274.03,313.12,274.03
320,209.75,338.39,209.75,338.39,274.76,320,274.76
337.15,209.5,355.64,209.5,355.64,274.82,337.15,274.82
348.41,209.29,366.68,209.29,366.68,273.84,348.41,273.84
356.1,208.69,374.45,208.69,374.45,273.51,356.1,273.51
374.86,209.13,393.18,209.13,393.18,273.85,374.86,273.85
382.38,208.53,400.84,208.53,400.84,273.74,382.38,273.74
398.85,208.66,417.28,208.66,417.28,273.79,398.85,273.79
409.5,208.41,427.68,208.41,427.68,272.68,409.5,272.68
413.94,208.85,432.28,208.85,432.28,273.66,413.94,273.66
417.27,209.53,435.59,209.53,435.59,274.27,417.27,274.27
415.1,210.4,433.47,210.4,433.47,275.3,415.1,275.3
415.91,210.71,434.5,210.71,434.5,276.41,415.91,276.41
414.85,211.29,433.65,211.29,433.65,277.71,414.85,277.71
414.15,210.94,433.25,210.94,433.25,278.42,414.15,278.42
414.21,210.68,433.43,210.68,433.43,278.58,414.21,278.58
413.72,209.82,433.17,209.82,433.17,278.54,413.72,278.54
412.58,209.81,432.02,209.81,432.02,278.53,412.58,278.53
412.23,209.58,431.73,209.58,431.73,278.5,412.23,278.5
412.75,210.01,432.18,210.01,432.18,278.63,412.75,278.63
412.06,210.45,431.32,210.45,431.32,278.49,412.06,278.49
412.32,211,431.44,211,431.44,278.56,412.32,278.56
412.38,211.56,431.66,211.56,431.66,279.66,412.38,279.66
411.81,211.87,431.07,211.87,431.07,279.93,411.81,279.93
411.1,211.77,430.34,211.77,430.34,279.72,411.1,279.72
411.45,211.85,430.69,211.85,430.69,279.83,411.45,279.83
410.74,211.55,429.97,211.55,429.97,279.5,410.74,279.5
410.37,211.42,429.94,211.42,429.94,280.59,410.37,280.59
410.12,211.94,429.7,211.94,429.7,281.11,410.12,281.11
410.09,212.15,429.65,212.15,429.65,281.28,410.09,281.28
409.6,212.67,429.22,212.67,429.22,282.02,409.6,282.02
409.32,213.67,428.74,213.67,428.74,282.29,409.32,282.29
408.12,214.51,427.4,214.51,427.4,282.67,408.12,282.67
408,215.21,427.4,215.21,427.4,283.74,408,283.74
407.85,215.09,427.34,215.09,427.34,283.93,407.85,283.93
407.16,214.69,426.51,214.69,426.51,283.07,407.16,283.07
408.35,214.53,427.83,214.53,427.83,283.35,408.35,283.35
407.61,213.45,427.23,213.45,427.23,282.79,407.61,282.79
408.71,213.75,428.39,213.75,428.39,283.29,408.71,283.29
408.02,213.58,427.71,213.58,427.71,283.15,408.02,283.15
408.65,214.25,428.16,214.25,428.16,283.21,408.65,283.21
409.05,214.64,428.45,214.64,428.45,283.22,409.05,283.22
409.35,214.69,428.96,214.69,428.96,283.99,409.35,283.99
410.59,215.14,430.2,215.14,430.2,284.43,410.59,284.43
411.39,214.76,431.04,214.76,431.04,284.18,411.39,284.18
411.52,214.31,431.05,214.31,431.05,283.32,411.52,283.32
411.71,214.22,431.45,214.22,431.45,283.96,411.71,283.96
411.6,214.09,431.14,214.09,431.14,283.14,411.6,283.14
411.91,214.74,431.59,214.74,431.59,284.27,411.91,284.27
411.65,214.9,431.26,214.9,431.26,284.19,411.65,284.19
412.09,215.61,431.81,215.61,431.81,285.29,412.09,285.29
411.72,216.34,431.25,216.34,431.25,285.36,411.72,285.36
411.78,217.09,431.42,217.09,431.42,286.47,411.78,286.47
411.84,217.09,431.69,217.09,431.69,287.22,411.84,287.22
411.44,217.52,431.34,217.52,431.34,287.85,411.44,287.85
410.6,216.74,430.58,216.74,430.58,287.36,410.6,287.36
410.51,216.42,430.66,216.42,430.66,287.59,410.51,287.59
410.59,216.38,430.77,216.38,430.77,287.66,410.59,287.66
410.78,216.75,430.69,216.75,430.69,287.1,410.78,287.1
410.84,216.47,430.97,216.47,430.97,287.56,410.84,287.56
411.22,217.16,431.39,217.16,431.39,288.43,411.22,288.43
411.04,217.18,431.12,217.18,431.12,288.13,411.04,288.13
411.42,218.5,431.48,218.5,431.48,289.38,411.42,289.38
411.63,218.56,431.83,218.56,431.83,289.96,411.63,289.96
411.78,218.57,431.72,218.57,431.72,289.04,411.78,289.04
411.97,218.13,431.96,218.13,431.96,288.76,411.97,288.76
412.31,217.8,432.42,217.8,432.42,288.84,412.31,288.84
412.67,218.05,432.87,218.05,432.87,289.44,412.67,289.44
412.85,217.6,433.03,217.6,433.03,288.9,412.85,288.9
412.84,217.91,433.01,217.91,433.01,289.18,412.84,289.18
413.07,219.04,433.23,219.04,433.23,290.28,413.07,290.28
413.43,219.29,433.69,219.29,433.69,290.88,413.43,290.88
413.9,220.94,434.16,220.94,434.16,292.55,413.9,292.55
413.8,221.09,434.34,221.09,434.34,293.65,413.8,293.65
413.79,221.46,434.38,221.46,434.38,294.21,413.79,294.21
413.57,221.46,434.09,221.46,434.09,293.96,413.57,293.96
413.7,221.3,434.26,221.3,434.26,293.93,413.7,293.93
413.65,221.08,434.34,221.08,434.34,294.18,413.65,294.18
413.33,220.67,434.01,220.67,434.01,293.72,413.33,293.72
413.78,221.31,434.35,221.31,434.35,293.97,413.78,293.97
414.38,222.01,435.07,222.01,435.07,295.1,414.38,295.1
414.35,222.13,434.95,222.13,434.95,294.92,414.35,294.92
415.28,223.82,435.76,223.82,435.76,296.17,415.28,296.17
415.2,223.46,435.63,223.46,435.63,295.66,415.2,295.66
415.6,223.65,436,223.65,436,295.74,415.6,295.74
415.95,223.65,436.36,223.65,436.36,295.76,415.95,295.76
416.02,223.32,436.47,223.32,436.47,295.57,416.02,295.57
416.02,222.86,436.56,222.86,436.56,295.42,416.02,295.42
416.3,223.2,436.97,223.2,436.97,296.21,416.3,296.21
416.4,222.94,437.01,222.94,437.01,295.75,416.4,295.75
416.72,224.52,437.31,224.52,437.31,297.27,416.72,297.27
416.69,224.67,437.49,224.67,437.49,298.17,416.69,298.17
416.58,225.04,437.59,225.04,437.59,299.28,416.58,299.28
416.31,226.12,437.44,226.12,437.44,300.79,416.31,300.79
415.66,225.55,436.89,225.55,436.89,300.55,415.66,300.55
415.31,225.57,436.54,225.57,436.54,300.58,415.31,300.58
415.46,226.07,436.72,226.07,436.72,301.18,415.46,301.18
415.36,225.96,436.65,225.96,436.65,301.19,415.36,301.19
415.32,225.97,436.64,225.97,436.64,301.32,415.32,301.32
415.28,225.93,436.62,225.93,436.62,301.33,415.28,301.33
415.24,226.09,436.57,226.09,436.57,301.46,415.24,301.46
415.26,226.05,436.81,226.05,436.81,302.2,415.26,302.2
415.3,227.26,436.85,227.26,436.85,303.39,415.3,303.39
415.51,228.11,436.92,228.11,436.92,303.77,415.51,303.77
415.37,228.38,436.55,228.38,436.55,303.24,415.37,303.24
415.66,228.54,436.67,228.54,436.67,302.76,415.66,302.76
416.16,228.67,437.21,228.67,437.21,303.05,416.16,303.05
416.09,228.33,437.22,228.33,437.22,302.97,416.09,302.97
415.57,227.78,436.79,227.78,436.79,302.77,415.57,302.77
415.16,227.42,436.44,227.42,436.44,302.63,415.16,302.63
415.51,228.23,436.79,228.23,436.79,303.43,415.51,303.43
415.42,228.32,436.67,228.32,436.67,303.4,415.42,303.4
415.23,229.46,436.47,229.46,436.47,304.5,415.23,304.5
415.07,229.91,436.38,229.91,436.38,305.22,415.07,305.22
414.76,230.12,436.29,230.12,436.29,306.2,414.76,306.2
413.66,231.06,435.3,231.06,435.3,307.54,413.66,307.54
412.84,230.89,434.37,230.89,434.37,306.97,412.84,306.97
412.73,231.05,434.39,231.05,434.39,307.6,412.73,307.6
411.85,230.43,433.41,230.43,433.41,306.62,411.85,306.62
412.23,230.83,433.76,230.83,433.76,306.92,412.23,306.92
412.21,230.42,433.86,230.42,433.86,306.92,412.21,306.92
411.49,230.38,433.07,230.38,433.07,306.65,411.49,306.65
412.11,230.86,433.86,230.86,433.86,307.72,412.11,307.72
412.02,231.41,433.82,231.41,433.82,308.41,412.02,308.41
412.55,232.92,434.09,232.92,434.09,309.01,412.55,309.01
412.57,233.33,433.89,233.33,433.89,308.67,412.57,308.67
412.48,233.15,433.75,233.15,433.75,308.32,412.48,308.32
412.58,233.39,433.84,233.39,433.84,308.53,412.58,308.53
412.61,233.01,434,233.01,434,308.58,412.61,308.58
412.18,232.12,433.71,232.12,433.71,308.19,412.18,308.19
412.48,232.87,434.04,232.87,434.04,309.05,412.48,309.05
412.63,232.66,434.38,232.66,434.38,309.52,412.63,309.52
412.55,233.24,434.35,233.24,434.35,310.26,412.55,310.26
412.35,233.88,434.21,233.88,434.21,311.11,412.35,311.11
412.19,234.31,433.87,234.31,433.87,310.92,412.19,310.92
412.15,235.81,433.73,235.81,433.73,312.05,412.15,312.05
412.38,236.65,433.93,236.65,433.93,312.78,412.38,312.78
412.14,236.57,433.73,236.57,433.73,312.85,412.14,312.85
411.74,236.46,433.37,236.46,433.37,312.88,411.74,312.88
411.21,235.96,432.9,235.96,432.9,312.61,411.21,312.61
411.08,235.59,432.87,235.59,432.87,312.57,411.08,312.57
407.52,236.47,429.23,236.47,429.23,313.19,407.52,313.19
403.35,235.53,425.16,235.53,425.16,312.58,403.35,312.58
395.55,237.44,417.33,237.44,417.33,314.4,395.55,314.4
390.82,238.07,412.65,238.07,412.65,315.21,390.82,315.21
383.35,239.02,405.24,239.02,405.24,316.36,383.35,316.36
378.31,238.84,400.18,238.84,400.18,316.1,378.31,316.1
374.36,238.91,396.21,238.91,396.21,316.11,374.36,316.11
366.79,238.66,388.66,238.66,388.66,315.92,366.79,315.92
362.5,238.37,384.51,238.37,384.51,316.15,362.5,316.15
359.64,238.64,381.75,238.64,381.75,316.74,359.64,316.74
350.29,238.1,372.39,238.1,372.39,316.16,350.29,316.16
345.92,238.97,367.93,238.97,367.93,316.74,345.92,316.74
342.44,239.88,364.45,239.88,364.45,317.65,342.44,317.65
334.68,241,356.96,241,356.96,319.73,334.68,319.73
330.94,241.53,353.35,241.53,353.35,320.73,330.94,320.73
321.3,242.68,343.63,242.68,343.63,321.58,321.3,321.58
317.36,242.62,339.69,242.62,339.69,321.51,317.36,321.51
313.46,242.97,335.79,242.97,335.79,321.88,313.46,321.88
305.25,242.97,327.62,242.97,327.62,322.02,305.25,322.02
300.72,243.06,322.98,243.06,322.98,321.7,300.72,321.7
296.25,243.37,318.55,243.37,318.55,322.18,296.25,322.18
288.5,243.48,310.82,243.48,310.82,322.34,288.5,322.34
284.52,243.65,307.02,243.65,307.02,323.14,284.52,323.14
281.17,243.93,303.89,243.93,303.89,324.22,281.17,324.22
272.67,245.71,295.29,245.71,295.29,325.61,272.67,325.61
267.51,245.96,289.98,245.96,289.98,325.37,267.51,325.37
264.34,246.3,286.9,246.3,286.9,326.02,264.34,326.02
260.25,246.38,282.82,246.38,282.82,326.12,260.25,326.12
252.16,246.26,274.59,246.26,274.59,325.49,252.16,325.49
247.23,245.98,269.53,245.98,269.53,324.78,247.23,324.78
239.13,246.5,261.42,246.5,261.42,325.26,239.13,325.26
235.3,246.52,257.53,246.52,257.53,325.06,235.3,325.06
230.52,246.54,252.98,246.54,252.98,325.91,230.52,325.91
226.46,247.3,248.87,247.3,248.87,326.46,226.46,326.46
216.04,248.03,238.41,248.03,238.41,327.08,216.04,327.08
212.27,248.6,234.61,248.6,234.61,327.52,212.27,327.52
207.04,249.57,229.31,249.57,229.31,328.27,207.04,328.27
198.52,250.36,221.09,250.36,221.09,330.11,198.52,330.11
192.84,250.17,215.36,250.17,215.36,329.73,192.84,329.73
188.03,250.33,210.76,250.33,210.76,330.67,188.03,330.67
179.04,250.59,201.81,250.59,201.81,331.04,179.04,331.04
174.27,250.69,197.07,250.69,197.07,331.25,174.27,331.25
170.51,250.35,193.56,250.35,193.56,331.78,170.51,331.78
165.21,250.52,188.39,250.52,188.39,332.44,165.21,332.44
156.64,251.5,179.85,251.5,179.85,333.52,156.64,333.52
156.99,252.14,180.27,252.14,180.27,334.41,156.99,334.41
156.62,252.77,179.98,252.77,179.98,335.3,156.62,335.3
156.24,253.33,179.22,253.33,179.22,334.5,156.24,334.5
156.74,254.39,179.63,254.39,179.63,335.24,156.74,335.24
156.1,253.65,178.99,253.65,178.99,334.53,156.1,334.53
156.23,253.77,179.18,253.77,179.18,334.85,156.23,334.85
156.22,253.99,179.15,253.99,179.15,335.02,156.22,335.02
155.62,254.07,178.7,254.07,178.7,335.6,155.62,335.6
154.87,253.58,177.98,253.58,177.98,335.24,154.87,335.24
154.08,254.23,177.06,254.23,177.06,335.44,154.08,335.44
154,254.99,177.1,254.99,177.1,336.6,154,336.6
153.77,255.48,176.67,255.48,176.67,336.37,153.77,336.37
153.39,256.1,176.39,256.1,176.39,337.39,153.39,337.39
152.67,257.33,175.93,257.33,175.93,339.55,152.67,339.55
151.89,257.62,175.27,257.62,175.27,340.23,151.89,340.23
151.09,257.25,174.56,257.25,174.56,340.19,151.09,340.19
150.3,257.2,174.1,257.2,174.1,341.3,150.3,341.3
149.18,256.76,173.1,256.76,173.1,341.28,149.18,341.28
149.28,257.32,173.24,257.32,173.24,341.98,149.28,341.98
148.72,257.62,172.59,257.62,172.59,341.97,148.72,341.97
147.98,257.41,171.72,257.41,171.72,341.3,147.98,341.3
148.23,258.29,171.97,258.29,171.97,342.17,148.23,342.17
147.77,259.27,171.56,259.27,171.56,343.31,147.77,343.31
147.05,259.9,170.65,259.9,170.65,343.28,147.05,343.28
147,260.64,170.3,260.64,170.3,342.98,147,342.98
146.56,260.73,169.94,260.73,169.94,343.32,146.56,343.32
146.18,257.77,169.68,257.77,169.68,340.78,146.18,340.78
146.28,255.51,170.02,255.51,170.02,339.41,146.28,339.41
145.81,252.95,169.79,252.95,169.79,337.68,145.81,337.68
144.73,247.39,168.67,247.39,168.67,331.96,144.73,331.96
144.32,245.46,168.31,245.46,168.31,330.23,144.32,330.23
143.56,241.34,167.79,241.34,167.79,326.97,143.56,326.97
142.74,236.97,166.85,236.97,166.85,322.15,142.74,322.15
141.97,235.06,166.09,235.06,166.09,320.3,141.97,320.3
141.67,233.62,165.6,233.62,165.6,318.17,141.67,318.17
140.68,228.63,164.74,228.63,164.74,313.65,140.68,313.65
139.58,226.17,163.71,226.17,163.71,311.42,139.58,311.42
138.71,223.22,162.94,223.22,162.94,308.86,138.71,308.86
137.82,218.52,162.07,218.52,162.07,304.23,137.82,304.23
137.89,216.63,162.25,216.63,162.25,302.7,137.89,302.7
137.15,212.87,161.4,212.87,161.4,298.58,137.15,298.58
137.17,207.66,161.47,207.66,161.47,293.5,137.17,293.5
136.63,205.51,160.97,205.51,160.97,291.52,136.63,291.52
136.86,203.52,161.16,203.52,161.16,289.37,136.86,289.37
136.06,200.29,160.04,200.29,160.04,285.02,136.06,285.02
136.53,200.86,160.64,200.86,160.64,286.03,136.53,286.03
136.14,200.71,160.2,200.71,160.2,285.73,136.14,285.73
135.83,200.68,159.94,200.68,159.94,285.9,135.83,285.9
135.62,200.78,159.7,200.78,159.7,285.87,135.62,285.87
135.5,200.62,159.67,200.62,159.67,286.02,135.5,286.02
135.81,201.24,160.05,201.24,160.05,286.92,135.81,286.92
135.7,201.26,160.05,201.26,160.05,287.31,135.7,287.31
135.16,201.53,159.42,201.53,159.42,287.26,135.16,287.26
135.14,202.08,159.5,202.08,159.5,288.15,135.14,288.15
134.55,203.06,158.75,203.06,158.75,288.55,134.55,288.55
134.91,204.2,159.05,204.2,159.05,289.47,134.91,289.47
134.45,204.54,158.43,204.54,158.43,289.26,134.45,289.26
133.97,205.26,158.03,205.26,158.03,290.27,133.97,290.27
133.29,204.8,157.46,204.8,157.46,290.22,133.29,290.22
132.97,204.9,157.41,204.9,157.41,291.27,132.97,291.27
136.23,204.44,160.89,204.44,160.89,291.57,136.23,291.57
141.28,204.68,165.99,204.68,165.99,291.98,141.28,291.98
145.87,204.73,170.55,204.73,170.55,291.94,145.87,291.94
153.73,205.16,178.34,205.16,178.34,292.1,153.73,292.1
158.19,205.23,182.7,205.23,182.7,291.84,158.19,291.84
162.96,206.03,187.27,206.03,187.27,291.92,162.96,291.92
172.61,206.47,196.82,206.47,196.82,292.02,172.61,292.02
178.33,207.45,202.37,207.45,202.37,292.39,178.33,292.39
187.1,206.99,211.24,206.99,211.24,292.28,187.1,292.28
191.16,207.16,215.22,207.16,215.22,292.19,191.16,292.19
196.91,206.57,221.17,206.57,221.17,292.27,196.91,292.27
202.49,206.84,226.76,206.84,226.76,292.59,202.49,292.59
211.07,206.01,235.42,206.01,235.42,292.04,211.07,292.04
215.31,206.18,239.68,206.18,239.68,292.3,215.31,292.3
219.23,206.19,243.63,206.19,243.63,292.41,219.23,292.41
229.48,207.1,254.1,207.1,254.1,294.09,229.48,294.09
234.18,207.17,259.02,207.17,259.02,294.94,234.18,294.94
242.3,208.48,267.14,208.48,267.14,296.27,242.3,296.27
246.73,208.93,271.49,208.93,271.49,296.39,246.73,296.39
256.37,209.51,281.25,209.51,281.25,297.41,256.37,297.41
260.65,209.39,285.65,209.39,285.65,297.72,260.65,297.72
261.65,209.08,286.76,209.08,286.76,297.78,261.65,297.78
261.23,208.53,286.4,208.53,286.4,297.47,261.23,297.47
261.99,208.95,287.27,208.95,287.27,298.29,261.99,298.29
262.33,208.89,287.57,208.89,287.57,298.07,262.33,298.07
263.07,210.02,288.41,210.02,288.41,299.56,263.07,299.56
263.74,210.66,288.83,210.66,288.83,299.31,263.74,299.31
263.59,211.11,288.63,211.11,288.63,299.61,263.59,299.61
264.48,211.9,289.65,211.9,289.65,300.83,264.48,300.83
265.65,212.3,290.87,212.3,290.87,301.4,265.65,301.4
266.61,211.84,291.98,211.84,291.98,301.49,266.61,301.49
267.42,212.13,292.75,212.13,292.75,301.66,267.42,301.66
267.67,211.39,293,211.39,293,300.9,267.67,300.9
267.88,211.11,293.3,211.11,293.3,300.93,267.88,300.93
268.64,211.89,294.41,211.89,294.41,302.95,268.64,302.95
268.78,212.72,294.65,212.72,294.65,304.12,268.78,304.12
269.48,214.09,295.45,214.09,295.45,305.86,269.48,305.86
269.68,214.45,295.76,214.45,295.76,306.61,269.68,306.61
269.89,216.12,295.83,216.12,295.83,307.75,269.89,307.75
270.42,216.78,296.47,216.78,296.47,308.82,270.42,308.82
270.01,215.84,296.18,215.84,296.18,308.31,270.01,308.31
270.71,216.21,297.27,216.21,297.27,310.06,270.71,310.06
270.87,215.78,297.36,215.78,297.36,309.37,270.87,309.37
271.14,216.47,297.45,216.47,297.45,309.4,271.14,309.4
271.35,216.22,297.87,216.22,297.87,309.93,271.35,309.93
272.12,218.11,298.56,218.11,298.56,311.53,272.12,311.53
273.42,220.01,299.91,220.01,299.91,313.61,273.42,313.61
273.89,220.52,300.09,220.52,300.09,313.09,273.89,313.09
275.34,220.55,301.77,220.55,301.77,313.93,275.34,313.93
276.33,220.72,302.92,220.72,302.92,314.66,276.33,314.66
275.26,221.04,301.82,221.04,301.82,314.9,275.26,314.9
265.63,220.83,292.07,220.83,292.07,314.25,265.63,314.25
261.69,220.91,288.4,220.91,288.4,315.28,261.69,315.28
253.82,221.63,280.43,221.63,280.43,315.65,253.82,315.65
250.34,222.94,276.9,222.94,276.9,316.76,250.34,316.76
245.01,223.07,271.66,223.07,271.66,317.25,245.01,317.25
236.01,225.37,263.05,225.37,263.05,320.94,236.01,320.94
231.35,225.78,258.32,225.78,258.32,321.11,231.35,321.11
223.19,226.96,250.1,226.96,250.1,322.04,223.19,322.04
213.86,227.34,240.91,227.34,240.91,322.92,213.86,322.92
208.61,227.53,235.36,227.53,235.36,322.06,208.61,322.06
204.26,227.8,230.84,227.8,230.84,321.73,204.26,321.73
196.61,228.56,223.32,228.56,223.32,322.92,196.61,322.92
192.68,228.39,219.41,228.39,219.41,322.82,192.68,322.82
187.33,228.68,214.15,228.68,214.15,323.47,187.33,323.47
181.56,231.7,209.68,231.7,209.68,331.06,181.56,331.06
174.56,231.3,202.47,231.3,202.47,329.91,174.56,329.91
171.37,231.95,199.22,231.95,199.22,330.33,171.37,330.33
163.04,233.05,190.52,233.05,190.52,330.16,163.04,330.16
157.69,232.36,185.22,232.36,185.22,329.66,157.69,329.66
154.94,232.43,182.47,232.43,182.47,329.71,154.94,329.71
155.4,232.61,182.89,232.61,182.89,329.74,155.4,329.74
155.66,232.8,183.19,232.8,183.19,330.07,155.66,330.07
155.84,232.93,183.34,232.93,183.34,330.1,155.84,330.1
155.27,233.57,182.93,233.57,182.93,331.29,155.27,331.29
155.57,235.08,183.18,235.08,183.18,332.64,155.57,332.64
154.92,235.68,182.73,235.68,182.73,333.95,154.92,333.95
154.04,237.1,182.03,237.1,182.03,335.99,154.04,335.99
153.09,237.66,180.96,237.66,180.96,336.13,153.09,336.13
152.87,238.13,180.88,238.13,180.88,337.11,152.87,337.11
151.58,238.18,179.62,238.18,179.62,337.27,151.58,337.27
151.94,238.66,180.32,238.66,180.32,338.95,151.94,338.95
151.8,238.53,180.27,238.53,180.27,339.1,151.8,339.1
151.13,237.87,179.64,237.87,179.64,338.61,151.13,338.61
151.26,238.02,179.75,238.02,179.75,338.69,151.26,338.69
151.61,238.42,180.24,238.42,180.24,339.6,151.61,339.6
151.81,240.21,180.69,240.21,180.69,342.25,151.81,342.25
152.01,241.48,180.89,241.48,180.89,343.51,152.01,343.51
152.48,242.07,181.34,242.07,181.34,344.03,152.48,344.03
152.49,242.4,181.4,242.4,181.4,344.56,152.49,344.56
152.64,242.01,181.63,242.01,181.63,344.46,152.64,344.46
152.72,241.88,181.87,241.88,181.87,344.87,152.72,344.87
152.54,241.69,181.79,241.69,181.79,345.03,152.54,345.03
152.34,241.7,181.67,241.7,181.67,345.34,152.34,345.34
152.59,242.23,182.24,242.23,182.24,347.01,152.59,347.01
152.17,243.75,181.7,243.75,181.7,348.09,152.17,348.09
152.37,244.77,182.12,244.77,182.12,349.89,152.37,349.89
152.2,246.02,182.04,246.02,182.04,351.44,152.2,351.44
152.01,246.71,182,246.71,182,352.68,152.01,352.68
151.71,247.89,181.72,247.89,181.72,353.94,151.71,353.94
151.17,247.85,181.27,247.85,181.27,354.2,151.17,354.2
150.82,248.12,180.93,248.12,180.93,354.5,150.82,354.5
150.12,247.61,180.14,247.61,180.14,353.68,150.12,353.68
150.51,248.12,180.56,248.12,180.56,354.3,150.51,354.3
150.59,248.48,180.67,248.48,180.67,354.77,150.59,354.77
150.94,249.15,181.11,249.15,181.11,355.74,150.94,355.74
150.8,249.63,181.08,249.63,181.08,356.61,150.8,356.61
151.61,251.62,182.06,251.62,182.06,359.2,151.61,359.2
151.47,252.06,182.04,252.06,182.04,360.07,151.47,360.07
152.38,252.78,183,252.78,183,360.95,152.38,360.95
152.93,252.97,183.46,252.97,183.46,360.82,152.93,360.82
153.31,252.69,184.32,252.69,184.32,362.27,153.31,362.27
153.55,252.77,184.71,252.77,184.71,362.85,153.55,362.85
152.96,252.22,184.21,252.22,184.21,362.62,152.96,362.62
153.41,252.62,184.78,252.62,184.78,363.46,153.41,363.46
152.91,253.27,184.19,253.27,184.19,363.78,152.91,363.78
153.13,254.72,184.35,254.72,184.35,365.02,153.13,365.02
153.05,255.92,184.15,255.92,184.15,365.81,153.05,365.81
152.34,258.11,183.4,258.11,183.4,367.86,152.34,367.86
152.27,259.63,183.41,259.63,183.41,369.66,152.27,369.66
151.29,260.03,182.46,260.03,182.46,370.17,151.29,370.17
150.67,260.67,181.75,260.67,181.75,370.5,150.67,370.5
150.04,260.84,181.02,260.84,181.02,370.3,150.04,370.3
150.52,261.24,181.51,261.24,181.51,370.74,150.52,370.74
150.34,260.49,181.86,260.49,181.86,371.85,150.34,371.85
150.6,260.81,182.21,260.81,182.21,372.5,150.6,372.5
150.2,260.62,181.95,260.62,181.95,372.77,150.2,372.77
151.14,262.37,183.05,262.37,183.05,375.11,151.14,375.11
151.27,263.42,183.02,263.42,183.02,375.6,151.27,375.6
151.92,264.78,183.69,264.78,183.69,377.02,151.92,377.02
152.38,265.36,184.11,265.36,184.11,377.48,152.38,377.48
152.76,266.21,184.51,266.21,184.51,378.41,152.76,378.41
153.17,266.38,184.95,266.38,184.95,378.67,153.17,378.67
153.48,266.69,185.19,266.69,185.19,378.72,153.48,378.72
153.29,267.01,184.9,267.01,184.9,378.71,153.29,378.71
152.61,266.51,184.18,266.51,184.18,378.06,152.61,378.06
152.47,267.85,183.95,267.85,183.95,379.1,152.47,379.1
152.78,272.96,184.34,272.96,184.34,384.45,152.78,384.45
152.58,279.29,184.23,279.29,184.23,391.1,152.58,391.1
151.54,285.58,183.15,285.58,183.15,397.28,151.54,397.28
150.52,287.71,182.53,287.71,182.53,400.81,150.52,400.81
149.56,289.19,181.44,289.19,181.44,401.85,149.56,401.85
148.44,288.91,180.33,288.91,180.33,401.57,148.44,401.57
148.21,289.07,180.04,289.07,180.04,401.54,148.21,401.54
148.07,289.15,179.88,289.15,179.88,401.56,148.07,401.56
147.87,289.23,179.66,289.23,179.66,401.56,147.87,401.56
148.28,289.8,180.18,289.8,180.18,402.52,148.28,402.52
147.57,290.02,179.37,290.02,179.37,402.4,147.57,402.4
148.01,292.39,179.92,292.39,179.92,405.15,148.01,405.15
147.85,293,179.65,293,179.65,405.37,147.85,405.37
148.27,294.23,180.04,294.23,180.04,406.5,148.27,406.5
148.37,294.92,180.08,294.92,180.08,406.96,148.37,406.96
148.12,294.93,180.04,294.93,180.04,407.73,148.12,407.73
147.4,294.62,179.42,294.62,179.42,407.76,147.4,407.76
147.88,295.22,179.97,295.22,179.97,408.62,147.88,408.62
147.49,294.84,179.69,294.84,179.69,408.6,147.49,408.6
148.2,295.03,180.63,295.03,180.63,409.61,148.2,409.61
148.6,295.88,180.87,295.88,180.87,409.9,148.6,409.9
148.96,295.94,181.22,295.94,181.22,409.93,148.96,409.93
149.83,296.24,182.52,296.24,182.52,411.77,149.83,411.77
150.27,297.37,182.87,297.37,182.87,412.56,150.27,412.56
150.26,297.46,182.75,297.46,182.75,412.24,150.26,412.24
151.56,298.24,184.17,298.24,184.17,413.45,151.56,413.45
151.4,297.65,184.15,297.65,184.15,413.36,151.4,413.36
152,297.45,185.21,297.45,185.21,414.77,152,414.77
152.55,297.73,185.83,297.73,185.83,415.29,152.55,415.29
153.11,297.53,186.53,297.53,186.53,415.62,153.11,415.62
154.18,297.84,187.75,297.84,187.75,416.45,154.18,416.45
154.9,290.7,188.53,290.7,188.53,409.54,154.9,409.54
155.59,285.65,189.21,285.65,189.21,404.43,155.59,404.43
157.14,276.12,190.87,276.12,190.87,395.28,157.14,395.28
158.89,271.54,192.78,271.54,192.78,391.29,158.89,391.29
160.63,259.64,194.68,259.64,194.68,379.94,160.63,379.94
160.87,254.31,194.57,254.31,194.57,373.39,160.87,373.39
162.5,243.77,196.34,243.77,196.34,363.35,162.5,363.35
162.73,238.79,196.21,238.79,196.21,357.08,162.73,357.08
163.16,233.45,197,233.45,197,353,163.16,353
163.1,222.76,197.14,222.76,197.14,343.03,163.1,343.03
162.97,211.26,196.89,211.26,196.89,331.11,162.97,331.11
163.84,206.87,197.87,206.87,197.87,327.12,163.84,327.12
163.08,200.59,196.95,200.59,196.95,320.26,163.08,320.26
163.48,190,197.15,190,197.15,308.97,163.48,308.97
164.26,185.15,197.93,185.15,197.93,304.11,164.26,304.11
163.46,178.98,197.07,178.98,197.07,297.75,163.46,297.75
163.38,173.67,196.72,173.67,196.72,291.47,163.38,291.47
162.61,162.45,196.33,162.45,196.33,281.61,162.61,281.61
163.28,156.94,196.91,156.94,196.91,275.77,163.28,275.77
162.22,151.11,195.68,151.11,195.68,269.33,162.22,269.33
163.12,146.44,196.6,146.44,196.6,264.74,163.12,264.74
162.13,135.51,196.02,135.51,196.02,255.27,162.13,255.27
162.32,129.15,196.28,129.15,196.28,249.16,162.32,249.16
162.51,123.04,196.46,123.04,196.46,243.01,162.51,243.01
162.63,118.32,196.33,118.32,196.33,237.37,162.63,237.37
162.9,108.29,196.7,108.29,196.7,227.7,162.9,227.7
162.4,102.37,195.89,102.37,195.89,220.71,162.4,220.71
163.04,97.44,196.54,97.44,196.54,215.81,163.04,215.81
162.97,90.683,196.59,90.683,196.59,209.46,162.97,209.46
163.13,90.836,196.7,90.836,196.7,209.47,163.13,209.47
163.06,90.585,196.7,90.585,196.7,209.42,163.06,209.42
163.35,90.741,196.9,90.741,196.9,209.3,163.35,209.3
163.53,91.04,196.79,91.04,196.79,208.56,163.53,208.56
164.04,91.153,197.5,91.153,197.5,209.35,164.04,209.35
164.14,91.491,197.62,91.491,197.62,209.8,164.14,209.8
163.88,91.943,197.26,91.943,197.26,209.91,163.88,209.91
163.2,91.557,196.66,91.557,196.66,209.77,163.2,209.77
163.37,92.206,196.75,92.206,196.75,210.17,163.37,210.17
162.15,92.369,195.56,92.369,195.56,210.43,162.15,210.43
162.67,93.041,196.02,93.041,196.02,210.89,162.67,210.89
161.48,93.712,194.46,93.712,194.46,210.23,161.48,210.23
161.62,93.869,194.69,93.869,194.69,210.71,161.62,210.71
160.57,94.365,193.44,94.365,193.44,210.49,160.57,210.49
159.56,95.12,192.44,95.12,192.44,211.3,159.56,211.3
158.71,95.826,191.43,95.826,191.43,211.45,158.71,211.45
158.19,96.995,190.86,96.995,190.86,212.43,158.19,212.43
156.35,98.013,189.19,98.013,189.19,214.05,156.35,214.05
154.44,98.151,187.28,98.151,187.28,214.19,154.44,214.19
152.1,98.655,184.92,98.655,184.92,214.6,152.1,214.6
150.4,99,183.18,99,183.18,214.83,150.4,214.83
148.96,99.402,181.84,99.402,181.84,215.59,148.96,215.59
146.95,99.627,179.9,99.627,179.9,216.06,146.95,216.06
145.7,100.39,178.71,100.39,178.71,217.01,145.7,217.01
144.92,100.62,177.92,100.62,177.92,217.23,144.92,217.23
143.37,101.43,176.33,101.43,176.33,217.89,143.37,217.89
142.35,101.86,175.36,101.86,175.36,218.49,142.35,218.49
142.22,102.38,175.23,102.38,175.23,219.04,142.22,219.04
141.09,102.77,174.19,102.77,174.19,219.71,141.09,219.71
139.66,103.81,172.75,103.81,172.75,220.73,139.66,220.73
138.81,104.63,171.95,104.63,171.95,221.73,138.81,221.73
138.77,104.98,171.87,104.98,171.87,221.91,138.77,221.91
139.02,105.22,172.05,105.22,172.05,221.93,139.02,221.93
138.31,104.69,171.34,104.69,171.34,221.4,138.31,221.4
138.41,104.88,171.28,104.88,171.28,221.01,138.41,221.01
138.09,104.7,170.97,104.7,170.97,220.85,138.09,220.85
137.92,105.28,171.19,105.28,171.19,222.83,137.92,222.83
138.31,106.16,171.89,106.16,171.89,224.82,138.31,224.82
137.98,106.8,171.57,106.8,171.57,225.47,137.98,225.47
137.47,107.57,170.96,107.57,170.96,225.89,137.47,225.89
137.72,110.44,171.34,110.44,171.34,229.22,137.72,229.22
136.63,111.26,170.2,111.26,170.2,229.87,136.63,229.87
136.76,112.52,170.44,112.52,170.44,231.51,136.76,231.51
136.04,114.01,169.79,114.01,169.79,233.24,136.04,233.24
135.52,113.85,169.41,113.85,169.41,233.6,135.52,233.6
135.3,113.57,169.53,113.57,169.53,234.55,135.3,234.55
135.25,113.71,169.65,113.71,169.65,235.26,135.25,235.26
135.3,113.98,169.75,113.98,169.75,235.72,135.3,235.72
135.52,114.17,170.11,114.17,170.11,236.4,135.52,236.4
135.48,115.44,170.06,115.44,170.06,237.63,135.48,237.63
136.12,116.46,170.73,116.46,170.73,238.73,136.12,238.73
136.91,117.86,171.44,117.86,171.44,239.86,136.91,239.86
137.58,118.98,172.08,118.98,172.08,240.87,137.58,240.87
138.61,119.88,173.24,119.88,173.24,242.23,138.61,242.23
139.43,120.25,174.08,120.25,174.08,242.67,139.43,242.67
140.08,120.44,174.76,120.44,174.76,242.99,140.08,242.99
140.92,120.65,175.6,120.65,175.6,243.2,140.92,243.2
140.95,120.52,175.84,120.52,175.84,243.8,140.95,243.8
141.31,121.22,176.17,121.22,176.17,244.39,141.31,244.39
141.6,121.7,176.61,121.7,176.61,245.37,141.6,245.37
141.31,122.44,176.32,122.44,176.32,246.15,141.31,246.15
141.93,125.1,176.93,125.1,176.93,248.76,141.93,248.76
141.95,126.54,176.97,126.54,176.97,250.28,141.95,250.28
142.09,127.88,177.15,127.88,177.15,251.75,142.09,251.75
141.79,128.74,176.94,128.74,176.94,252.93,141.79,252.93
141.92,130.3,177.47,130.3,177.47,255.9,141.92,255.9
141.11,130.33,176.78,130.33,176.78,256.39,141.11,256.39
141.82,130.87,177.54,130.87,177.54,257.07,141.82,257.07
141.04,130.66,176.74,130.66,176.74,256.78,141.04,256.78
142.23,130.18,178.19,130.18,178.19,257.21,142.23,257.21
142.12,129.93,178.3,129.93,178.3,257.76,142.12,257.76
143.14,130.79,179.44,130.79,179.44,259.08,143.14,259.08
143.19,130.81,179.66,130.81,179.66,259.66,143.19,259.66
144.74,133.47,181.17,133.47,181.17,262.18,144.74,262.18
146.18,135.21,182.83,135.21,182.83,264.69,146.18,264.69
147.29,136,184.03,136,184.03,265.83,147.29,265.83
149.45,136.72,186.14,136.72,186.14,266.36,149.45,266.36
150.21,136.7,187.19,136.7,187.19,267.36,150.21,267.36
151.65,137.11,188.7,137.11,188.7,268.01,151.65,268.01
153.05,137.39,190.45,137.39,190.45,269.55,153.05,269.55
155.01,137.38,192.88,137.38,192.88,271.21,155.01,271.21
155.79,137.03,194.35,137.03,194.35,273.27,155.79,273.27
156.69,138.87,195.15,138.87,195.15,274.76,156.69,274.76
158.24,140.88,196.91,140.88,196.91,277.49,158.24,277.49
159.08,142.94,197.8,142.94,197.8,279.76,159.08,279.76
159.78,144.59,198.6,144.59,198.6,281.76,159.78,281.76
161.07,146.79,200.05,146.79,200.05,284.53,161.07,284.53
161.74,147.18,200.86,147.18,200.86,285.41,161.74,285.41
162.56,148.88,201.52,148.88,201.52,286.55,162.56,286.55
163.35,149.01,202.12,149.01,202.12,286.02,163.35,286.02
164.27,149.54,202.98,149.54,202.98,286.31,164.27,286.31
164.87,149.27,203.56,149.27,203.56,285.97,164.87,285.97
166.76,149.21,205.54,149.21,205.54,286.22,166.76,286.22
167.84,150.12,207.06,150.12,207.06,288.69,167.84,288.69
168.44,150.77,207.81,150.77,207.81,289.89,168.44,289.89
169.9,154.4,209.49,154.4,209.49,294.3,169.9,294.3
171.59,155.53,211.54,155.53,211.54,296.71,171.59,296.71
172.78,156.73,212.52,156.73,212.52,297.15,172.78,297.15
174.52,158.06,214.42,158.06,214.42,299.03,174.52,299.03
175.1,157.95,215.02,157.95,215.02,298.98,175.1,298.98
177.71,158.58,217.5,158.58,217.5,299.17,177.71,299.17
178.92,158.83,218.8,158.83,218.8,299.72,178.92,299.72
179.12,158.49,219.03,158.49,219.03,299.51,179.12,299.51
180.18,158.64,219.99,158.64,219.99,299.31,180.18,299.31
182.26,160.48,222.31,160.48,222.31,302,182.26,302
182.64,162.39,222.54,162.39,222.54,303.38,182.64,303.38
183.01,163.71,222.72,163.71,222.72,304.01,183.01,304.01
183.26,165.46,223.07,165.46,223.07,306.12,183.26,306.12
184.04,169.18,224.49,169.18,224.49,312.1,184.04,312.1
184.59,170.42,225.29,170.42,225.29,314.22,184.59,314.22
184.49,170.11,225.78,170.11,225.78,316.01,184.49,316.01
184.47,170.92,225.87,170.92,225.87,317.21,184.47,317.21
184.68,171.53,225.9,171.53,225.9,317.17,184.68,317.17
185.75,171.91,227.09,171.91,227.09,317.99,185.75,317.99
186.03,172.04,227.25,172.04,227.25,317.68,186.03,317.68
187.55,173.88,228.83,173.88,228.83,319.71,187.55,319.71
188.21,174.52,229.83,174.52,229.83,321.59,188.21,321.59
188.79,176.26,230.33,176.26,230.33,323.02,188.79,323.02
190.04,178.11,231.75,178.11,231.75,325.5,190.04,325.5
190.95,179.95,232.85,179.95,232.85,328,190.95,328
192.45,181.79,233.87,181.79,233.87,328.16,192.45,328.16
194.26,182.73,235.73,182.73,235.73,329.26,194.26,329.26
195.29,182.58,237.09,182.58,237.09,330.27,195.29,330.27
195.91,182.95,237.55,182.95,237.55,330.1,195.91,330.1
197.45,183.63,239.06,183.63,239.06,330.65,197.45,330.65
198.14,183.5,239.78,183.5,239.78,330.63,198.14,330.63
199.1,184.72,240.48,184.72,240.48,330.94,199.1,330.94
200.15,185.93,241.47,185.93,241.47,331.94,200.15,331.94
201.36,188.48,243.09,188.48,243.09,335.95,201.36,335.95
201.91,190.05,244.53,190.05,244.53,340.63,201.91,340.63
202.14,192.82,244.97,192.82,244.97,344.15,202.14,344.15
201.53,194.23,244.37,194.23,244.37,345.58,201.53,345.58
202.33,195.93,245.06,195.93,245.06,346.92,202.33,346.92
202.82,196.13,245.65,196.13,245.65,347.44,202.82,347.44
203.28,196.86,246.02,196.86,246.02,347.87,203.28,347.87
204.94,197.08,247.67,197.08,247.67,348.04,204.94,348.04
205.82,197.35,248.66,197.35,248.66,348.7,205.82,348.7
206.72,197.76,249.59,197.76,249.59,349.26,206.72,349.26
208.15,198.58,251.14,198.58,251.14,350.5,208.15,350.5
210.91,201.15,254.44,201.15,254.44,354.94,210.91,354.94
212.06,203.39,255.84,203.39,255.84,358.08,212.06,358.08
212.32,203.85,256.13,203.85,256.13,358.65,212.32,358.65
215.52,206.71,259.23,206.71,259.23,361.14,215.52,361.14
217.64,207.02,261.37,207.02,261.37,361.55,217.64,361.55
220.66,206.75,264.65,206.75,264.65,362.19,220.66,362.19
222.99,207.54,267.24,207.54,267.24,363.88,222.99,363.88
223,207.18,267.28,207.18,267.28,363.63,223,363.63
224.49,207.15,268.76,207.15,268.76,363.58,224.49,363.58
226.95,209.03,271.34,209.03,271.34,365.87,226.95,365.87
228.08,209.76,272.62,209.76,272.62,367.12,228.08,367.12
229.9,212.57,274.82,212.57,274.82,371.28,229.9,371.28
230.85,215.21,275.94,215.21,275.94,374.53,230.85,374.53
232.67,218.66,277.95,218.66,277.95,378.64,232.67,378.64
232.95,219.25,278.29,219.25,278.29,379.45,232.95,379.45
233.77,220.1,279.08,220.1,279.08,380.18,233.77,380.18
234.61,220.97,279.81,220.97,279.81,380.68,234.61,380.68
236.25,222.09,281.42,222.09,281.42,381.69,236.25,381.69
237.23,221.98,282.61,221.98,282.61,382.31,237.23,382.31
239.7,223.04,285.32,223.04,285.32,384.24,239.7,384.24
240.45,223.12,286.1,223.12,286.1,384.43,240.45,384.43
242.6,224.97,288.51,224.97,288.51,387.19,242.6,387.19
245.83,227.58,291.86,227.58,291.86,390.23,245.83,390.23
247.07,228.71,293.34,228.71,293.34,392.2,247.07,392.2
249.62,231.92,295.89,231.92,295.89,395.43,249.62,395.43
251.38,232.35,297.79,232.35,297.79,396.35,251.38,396.35
254.48,233.53,301.31,233.53,301.31,399,254.48,399
252.34,233.04,299.32,233.04,299.32,399.04,252.34,399.04
239.72,234.86,286.72,234.86,286.72,400.92,239.72,400.92
230.42,234.9,277.84,234.9,277.84,402.45,230.42,402.45
224.26,235.81,271.79,235.81,271.79,403.75,224.26,403.75
208.61,237.54,256.53,237.54,256.53,406.85,208.61,406.85
203.54,239.39,251.75,239.39,251.75,409.73,203.54,409.73
194.16,241.14,242.58,241.14,242.58,412.24,194.16,412.24
182.02,247.47,230.9,247.47,230.9,420.17,182.02,420.17
172.89,249.22,222.09,249.22,222.09,423.03,172.89,423.03
164.51,250.08,213.66,250.08,213.66,423.76,164.51,423.76
153.78,252.68,202.71,252.68,202.71,425.57,153.78,425.57
157.09,254.33,205.85,254.33,205.85,426.61,157.09,426.61
156.96,254.54,205.58,254.54,205.58,426.35,156.96,426.35
157.91,255.01,206.37,255.01,206.37,426.23,157.91,426.23
161.16,256.37,209.66,256.37,209.66,427.75,161.16,427.75
163.09,257.17,211.55,257.17,211.55,428.41,163.09,428.41
164.48,258.83,212.96,258.83,212.96,430.14,164.48,430.14
166.9,261.57,216.03,261.57,216.03,435.17,166.9,435.17
166.66,263.18,216.04,263.18,216.04,437.67,166.66,437.67
169.74,265.54,219.71,265.54,219.71,442.08,169.74,442.08
171.23,266.5,221.68,266.5,221.68,444.74,171.23,444.74
176,267.66,226.64,267.66,226.64,446.59,176,446.59
178.64,267.53,229.54,267.53,229.54,447.36,178.64,447.36
181.47,268.54,232.48,268.54,232.48,448.78,181.47,448.78
182.26,265.71,232.91,265.71,232.91,444.69,182.26,444.69
185.27,256.42,235.55,256.42,235.55,434.05,185.27,434.05
187.39,253.65,237.81,253.65,237.81,431.77,187.39,431.77
189.18,249.69,239.59,249.69,239.59,427.83,189.18,427.83
190.92,246.94,241.47,246.94,241.47,425.55,190.92,425.55
193.08,238.69,243.45,238.69,243.45,416.66,193.08,416.66
195.31,237.6,245.89,237.6,245.89,416.3,195.31,416.3
196.36,234.1,247.08,234.1,247.08,413.33,196.36,413.33
198.8,224.98,249.45,224.98,249.45,403.96,198.8,403.96
200.78,219.02,251.25,219.02,251.25,397.33,200.78,397.33
204.76,209.59,255.56,209.59,255.56,389.08,204.76,389.08
206.31,204.31,258.27,204.31,258.27,387.88,206.31,387.88
206.93,197.88,258.64,197.88,258.64,380.61,206.93,380.61
209.42,194.78,261.73,194.78,261.73,379.64,209.42,379.64
212.83,185.08,265.51,185.08,265.51,371.23,212.83,371.23
215.02,181.46,267.84,181.46,267.84,368.09,215.02,368.09
217.16,178.09,270.23,178.09,270.23,365.58,217.16,365.58
221.85,170.03,274.82,170.03,274.82,357.18,221.85,357.18
224.48,167.05,277.07,167.05,277.07,352.86,224.48,352.86
227.74,161.99,280.3,161.99,280.3,347.7,227.74,347.7
232.8,151.65,285.39,151.65,285.39,337.47,232.8,337.47
234.69,146.9,287.26,146.9,287.26,332.65,234.69,332.65
236.58,142.3,289.44,142.3,289.44,329.08,236.58,329.08
238.89,138.04,292.75,138.04,292.75,328.35,238.89,328.35
243.16,133.71,297.88,133.71,297.88,327.06,243.16,327.06
245.49,135.76,300.19,135.76,300.19,329.04,245.49,329.04
247.81,137.97,302.59,137.97,302.59,331.54,247.81,331.54
251.99,144.4,307.23,144.4,307.23,339.58,251.99,339.58
254.06,146.07,309.6,146.07,309.6,342.32,254.06,342.32
255.63,147.63,311.12,147.63,311.12,343.69,255.63,343.69
257.52,149.52,312.99,149.52,312.99,345.53,257.52,345.53
261.71,152.05,317.08,152.05,317.08,347.7,261.71,347.7
264.27,152.91,319.58,152.91,319.58,348.33,264.27,348.33
266.88,153.15,322.72,153.15,322.72,350.41,266.88,350.41
271.68,154.03,327.9,154.03,327.9,352.68,271.68,352.68
273.8,155.62,330.5,155.62,330.5,355.96,273.8,355.96
276.65,157.54,333.43,157.54,333.43,358.16,276.65,358.16
281.41,162.41,338.36,162.41,338.36,363.65,281.41,363.65
