143.5,265.5,190.5,265.5,190.5,369.5,143.5,369.5
144.53,264.93,191.7,264.93,191.7,369.3,144.53,369.3
146.59,265.14,193.86,265.14,193.86,369.75,146.59,369.75
147.11,264.37,194.77,264.37,194.77,369.82,147.11,369.82
150.24,265.53,197.35,265.53,197.35,369.76,150.24,369.76
151.47,265.61,198.43,265.61,198.43,369.52,151.47,369.52
153.04,265.05,199.56,265.05,199.56,367.99,153.04,367.99
154.76,264.77,201.4,264.77,201.4,367.97,154.76,367.97
155.78,262.81,202.42,262.81,202.42,366.02,155.78,366.02
156.66,261.25,203.77,261.25,203.77,365.49,156.66,365.49
159.25,260.14,206.5,260.14,206.5,364.7,159.25,364.7
160.27,259.16,207.42,259.16,207.42,363.49,160.27,363.49
162.58,259.15,210.07,259.15,210.07,364.23,162.58,364.23
164.67,259.09,212.26,259.09,212.26,364.39,164.67,364.39
166.06,258.63,213.77,258.63,213.77,364.21,166.06,364.21
169.43,259.65,216.39,259.65,216.39,363.56,169.43,363.56
170.93,257.84,217.97,257.84,217.97,361.93,170.93,361.93
172.51,257.15,219.57,257.15,219.57,361.29,172.51,361.29
174.48,255.85,221.62,255.85,221.62,360.16,174.48,360.16
175.79,255.43,222.12,255.43,222.12,357.95,175.79,357.95
176.72,255.52,222.45,255.52,222.45,356.71,176.72,356.71
179.05,255.25,224.39,255.25,224.39,355.57,179.05,355.57
180.59,254.62,226.53,254.62,226.53,356.29,180.59,356.29
181.56,254.97,227.25,254.97,227.25,356.07,181.56,356.07
184.71,254.64,230.07,254.64,230.07,355.03,184.71,355.03
185.81,254.29,231.2,254.29,231.2,354.72,185.81,354.72
187.16,254.1,232.89,254.1,232.89,355.29,187.16,355.29
188.07,253.18,233.74,253.18,233.74,354.24,188.07,354.24
188.54,251.62,234.37,251.62,234.37,353.03,188.54,353.03
190.49,251.93,236.54,251.93,236.54,353.82,190.49,353.82
192.86,251.07,238.6,251.07,238.6,352.28,192.86,352.28
194.87,250.1,240.84,250.1,240.84,351.83,194.87,351.83
196.87,248.87,242.33,248.87,242.33,349.46,196.87,349.46
198.4,249.21,243.66,249.21,243.66,349.35,198.4,349.35
200.08,248.53,245.41,248.53,245.41,348.83,200.08,348.83
200.52,248.69,245.82,248.69,245.82,348.93,200.52,348.93
203.32,249.31,248.36,249.31,248.36,348.97,203.32,348.97
206.21,249.3,251.1,249.3,251.1,348.62,206.21,348.62
208.66,249,254.09,249,254.09,349.52,208.66,349.52
213.35,248.4,258.75,248.4,258.75,348.87,213.35,348.87
215.39,247.66,260.72,247.66,260.72,347.98,215.39,347.98
217.42,247.01,262.66,247.01,262.66,347.12,217.42,347.12
219.55,246.15,264.54,246.15,264.54,345.69,219.55,345.69
220.3,245.63,265.28,245.63,265.28,345.14,220.3,345.14
220.99,243.59,266.23,243.59,266.23,343.72,220.99,343.72
221.37,243.98,266.44,243.98,266.44,343.72,221.37,343.72
222.14,243.87,267.05,243.87,267.05,343.25,222.14,343.25
225.36,244.57,270.49,244.57,270.49,344.44,225.36,344.44
227.06,244.28,272.18,244.28,272.18,344.11,227.06,344.11
229.45,244.02,274.32,244.02,274.32,343.32,229.45,343.32
230.29,243.02,275.17,243.02,275.17,342.33,230.29,342.33
230.77,242.13,275.54,242.13,275.54,341.19,230.77,341.19
231.64,240.29,276.23,240.29,276.23,338.96,231.64,338.96
232.86,240.33,277.28,240.33,277.28,338.63,232.86,338.63
234.54,240.32,278.73,240.32,278.73,338.11,234.54,338.11
235.87,241.16,279.99,241.16,279.99,338.77,235.87,338.77
237.07,241,280.6,241,280.6,337.31,237.07,337.31
239.49,241.6,282.79,241.6,282.79,337.4,239.49,337.4
240.45,241.05,283.85,241.05,283.85,337.09,240.45,337.09
242.47,240.1,285.35,240.1,285.35,334.99,242.47,334.99
243.26,238.66,286.14,238.66,286.14,333.57,243.26,333.57
244.07,237.88,287.27,237.88,287.27,333.48,244.07,333.48
245.04,236.36,287.7,236.36,287.7,330.76,245.04,330.76
247.07,236.19,289.43,236.19,289.43,329.93,247.07,329.93
247.41,236.57,289.38,236.57,289.38,329.45,247.41,329.45
248.07,236.64,290.26,236.64,290.26,330.01,248.07,330.01
248.12,235.02,291.18,235.02,291.18,330.31,248.12,330.31
250.48,232.33,292.96,232.33,292.96,326.33,250.48,326.33
254.71,232.85,296.48,232.85,296.48,325.28,254.71,325.28
255.86,233.34,297.46,233.34,297.46,325.38,255.86,325.38
257.49,232.12,298.82,232.12,298.82,323.56,257.49,323.56
258.36,231.29,300.33,231.29,300.33,324.16,258.36,324.16
259.46,229.31,301.75,229.31,301.75,322.88,259.46,322.88
261.37,227.76,303.29,227.76,303.29,320.51,261.37,320.51
261.26,227.78,302.73,227.78,302.73,319.54,261.26,319.54
262.76,228.83,303.47,228.83,303.47,318.91,262.76,318.91
263.75,229.23,304.46,229.23,304.46,319.33,263.75,319.33
264.3,229.03,304.89,229.03,304.89,318.84,264.3,318.84
265.09,227.64,305.53,227.64,305.53,317.12,265.09,317.12
265.86,226.35,306.38,226.35,306.38,316.02,265.86,316.02
265.84,225.76,305.82,225.76,305.82,314.21,265.84,314.21
267.51,225.03,307.22,225.03,307.22,312.9,267.51,312.9
267.76,224.76,307.29,224.76,307.29,312.24,267.76,312.24
269.29,225.94,308.81,225.94,308.81,313.4,269.29,313.4
269.81,225.31,309.48,225.31,309.48,313.09,269.81,313.09
271.39,224.96,310.95,224.96,310.95,312.5,271.39,312.5
272.77,224.1,312.13,224.1,312.13,311.19,272.77,311.19
274,222.57,313.52,222.57,313.52,310.01,274,310.01
275.44,221.57,315.17,221.57,315.17,309.48,275.44,309.48
275.98,219.97,315.65,219.97,315.65,307.75,275.98,307.75
277.02,220.19,316.53,220.19,316.53,307.6,277.02,307.6
279.13,220.97,318.02,220.97,318.02,307.03,279.13,307.03
279.66,221.43,318.02,221.43,318.02,306.32,279.66,306.32
279.95,221.3,318.13,221.3,318.13,305.79,279.95,305.79
280.25,220.6,318.46,220.6,318.46,305.14,280.25,305.14
280.81,219.63,319.06,219.63,319.06,304.28,280.81,304.28
281.06,217.88,319.42,217.88,319.42,302.75,281.06,302.75
281.4,217.62,319.36,217.62,319.36,301.62,281.4,301.62
282.61,218.02,320.35,218.02,320.35,301.53,282.61,301.53
282.94,217.87,320.71,217.87,320.71,301.45,282.94,301.45
284.53,218.09,322.44,218.09,322.44,301.97,284.53,301.97
286.56,216.75,324.75,216.75,324.75,301.26,286.56,301.26
286.72,215.73,325.09,215.73,325.09,300.64,286.72,300.64
287.52,213.82,325.53,213.82,325.53,297.93,287.52,297.93
288.14,213.98,325.96,213.98,325.96,297.65,288.14,297.65
289.47,213.48,327.18,213.48,327.18,296.92,289.47,296.92
290.77,213.56,328.01,213.56,328.01,295.96,290.77,295.96
292.64,214.98,329.5,214.98,329.5,296.54,292.64,296.54
292.24,214.57,329.01,214.57,329.01,295.95,292.24,295.95
293.08,214.13,329.73,214.13,329.73,295.23,293.08,295.23
293.75,213.81,330.99,213.81,330.99,296.21,293.75,296.21
294.38,212.11,331.9,212.11,331.9,295.13,294.38,295.13
295.6,210.68,333.02,210.68,333.02,293.48,295.6,293.48
296.98,210.89,333.93,210.89,333.93,292.67,296.98,292.67
298.57,211.05,335.39,211.05,335.39,292.53,298.57,292.53
298.92,210.53,335.82,210.53,335.82,292.19,298.92,292.19
300.77,209.98,337.89,209.98,337.89,292.12,300.77,292.12
301.25,207.9,338.38,207.9,338.38,290.07,301.25,290.07
302.71,206.28,339.65,206.28,339.65,288.02,302.71,288.02
303.74,206.19,340.63,206.19,340.63,287.8,303.74,287.8
305.71,206.57,342.44,206.57,342.44,287.84,305.71,287.84
306.32,206.33,342.95,206.33,342.95,287.37,306.32,287.37
307.19,206.41,343.58,206.41,343.58,286.91,307.19,286.91
306.99,205.62,343.46,205.62,343.46,286.32,306.99,286.32
306.65,204.21,343.21,204.21,343.21,285.1,306.65,285.1
308.31,203.41,344.73,203.41,344.73,284.01,308.31,284.01
308.15,203.05,344.44,203.05,344.44,283.34,308.15,283.34
309.23,204.33,345.51,204.33,345.51,284.61,309.23,284.61
310.5,203.9,347.03,203.9,347.03,284.74,310.5,284.74
310.8,203.28,347.33,203.28,347.33,284.09,310.8,284.09
311.04,201.83,347.66,201.83,347.66,282.85,311.04,282.85
311.92,200.93,348.67,200.93,348.67,282.26,311.92,282.26
312.09,198.74,348.81,198.74,348.81,280,312.09,280
312.79,198.59,349.46,198.59,349.46,279.75,312.79,279.75
313.51,198.87,350.11,198.87,350.11,279.86,313.51,279.86
314.29,199.64,350.67,199.64,350.67,280.14,314.29,280.14
314.35,199.66,350.68,199.66,350.68,280.04,314.35,280.04
314.7,198.66,351.24,198.66,351.24,279.51,314.7,279.51
314.48,197.19,350.91,197.19,350.91,277.8,314.48,277.8
314.51,196.58,350.84,196.58,350.84,276.97,314.51,276.97
314.89,196.69,351.34,196.69,351.34,277.36,314.89,277.36
314.86,196.19,351.27,196.19,351.27,276.76,314.86,276.76
315.35,196.04,351.62,196.04,351.62,276.3,315.35,276.3
316.68,196.76,352.81,196.76,352.81,276.7,316.68,276.7
316.46,196.29,352.64,196.29,352.64,276.33,316.46,276.33
316.73,194.91,352.89,194.91,352.89,274.91,316.73,274.91
317.51,193.8,353.6,193.8,353.6,273.66,317.51,273.66
318.14,192.96,353.91,192.96,353.91,272.11,318.14,272.11
318.75,192.37,354.44,192.37,354.44,271.34,318.75,271.34
319.66,192.5,355.41,192.5,355.41,271.61,319.66,271.61
319.46,192.95,355.14,192.95,355.14,271.91,319.46,271.91
320.45,193.72,356.05,193.72,356.05,272.49,320.45,272.49
320.83,193.46,356.28,193.46,356.28,271.9,320.83,271.9
319.75,192.27,354.99,192.27,354.99,270.26,319.75,270.26
320.02,191.57,355.2,191.57,355.2,269.42,320.02,269.42
320.12,190.83,355.2,190.83,355.2,268.45,320.12,268.45
321.02,191.29,356.1,191.29,356.1,268.93,321.02,268.93
321.67,191.86,356.58,191.86,356.58,269.11,321.67,269.11
321.18,191.18,356.23,191.18,356.23,268.75,321.18,268.75
322.69,191.59,357.95,191.59,357.95,269.61,322.69,269.61
322.42,190.11,357.65,190.11,357.65,268.08,322.42,268.08
322.64,188.83,357.93,188.83,357.93,266.92,322.64,266.92
324.18,187.83,359.47,187.83,359.47,265.91,324.18,265.91
324.17,187.41,359.42,187.41,359.42,265.4,324.17,265.4
324.2,187.11,359.33,187.11,359.33,264.85,324.2,264.85
324.83,187.14,360,187.14,360,264.95,324.83,264.95
324.9,187.13,360.05,187.13,360.05,264.91,324.9,264.91
324.92,186.82,360.19,186.82,360.19,264.86,324.92,264.86
324.62,186.62,360.02,186.62,360.02,264.94,324.62,264.94
325.43,185.58,360.78,185.58,360.78,263.79,325.43,263.79
325.68,184.67,360.96,184.67,360.96,262.72,325.68,262.72
325.48,183.6,360.58,183.6,360.58,261.27,325.48,261.27
326.39,184.03,361.46,184.03,361.46,261.64,326.39,261.64
327.28,184.73,362.3,184.73,362.3,262.22,327.28,262.22
327.26,184.47,362.38,184.47,362.38,262.18,327.26,262.18
327.71,185,362.87,185,362.87,262.79,327.71,262.79
327.7,183.73,363.08,183.73,363.08,262,327.7,262
328.6,182.63,364.23,182.63,364.23,261.48,328.6,261.48
329.03,181.24,364.81,181.24,364.81,260.41,329.03,260.41
329.3,180.14,365.11,180.14,365.11,259.39,329.3,259.39
329.42,179.53,365.16,179.53,365.16,258.61,329.42,258.61
330.66,179.93,366.45,179.93,366.45,259.13,330.66,259.13
331.14,180.02,366.79,180.02,366.79,258.89,331.14,258.89
331.75,180.32,367.41,180.32,367.41,259.23,331.75,259.23
332.35,180.48,367.89,180.48,367.89,259.13,332.35,259.13
331.99,180.15,367.51,180.15,367.51,258.74,331.99,258.74
332.3,178.8,367.85,178.8,367.85,257.46,332.3,257.46
332.72,178.96,367.91,178.96,367.91,256.85,332.72,256.85
332.97,178.37,367.74,178.37,367.74,255.31,332.97,255.31
334.39,178.99,369,178.99,369,255.57,334.39,255.57
333.97,178.76,368.39,178.76,368.39,254.94,333.97,254.94
335.27,179.55,369.57,179.55,369.57,255.45,335.27,255.45
335.97,178.98,370.16,178.98,370.16,254.64,335.97,254.64
336.91,177.3,370.93,177.3,370.93,252.57,336.91,252.57
337.77,176.74,371.67,176.74,371.67,251.75,337.77,251.75
338.13,175.9,371.98,175.9,371.98,250.8,338.13,250.8
339.11,175.83,372.86,175.83,372.86,250.52,339.11,250.52
339.45,177.02,373.08,177.02,373.08,251.45,339.45,251.45
340.13,177.23,373.56,177.23,373.56,251.22,340.13,251.22
340.32,177.36,373.61,177.36,373.61,251.03,340.32,251.03
340.23,176.14,373.57,176.14,373.57,249.9,340.23,249.9
340.49,174.88,373.65,174.88,373.65,248.26,340.49,248.26
340.58,174.99,373.64,174.99,373.64,248.13,340.58,248.13
340.71,174.43,373.64,174.43,373.64,247.31,340.71,247.31
341.15,174.52,374.12,174.52,374.12,247.48,341.15,247.48
341.54,174.54,374.41,174.54,374.41,247.27,341.54,247.27
342.62,175.22,375.55,175.22,375.55,248.09,342.62,248.09
342.51,174.68,375.51,174.68,375.51,247.7,342.51,247.7
343.45,173.39,376.45,173.39,376.45,246.41,343.45,246.41
343.72,172.64,376.79,172.64,376.79,245.82,343.72,245.82
344.29,171.86,377.25,171.86,377.25,244.79,344.29,244.79
344.09,170.84,377.19,170.84,377.19,244.09,344.09,244.09
344.63,171.09,377.76,171.09,377.76,244.38,344.63,244.38
345.4,171.35,378.58,171.35,378.58,244.76,345.4,244.76
345.76,171.98,378.9,171.98,378.9,245.3,345.76,245.3
346.22,171.73,379.35,171.73,379.35,245.03,346.22,245.03
346.24,171.85,379.45,171.85,379.45,245.33,346.24,245.33
345.88,171.31,379.14,171.31,379.14,244.91,345.88,244.91
345.52,170.05,378.77,170.05,378.77,243.63,345.52,243.63
345.83,168.63,379.14,168.63,379.14,242.33,345.83,242.33
345.7,168.18,379.06,168.18,379.06,242.01,345.7,242.01
346.41,168.43,380,168.43,380,242.76,346.41,242.76
348.12,166.3,381.71,166.3,381.71,240.63,348.12,240.63
348.38,164.98,382.04,164.98,382.04,239.45,348.38,239.45
348.78,165.08,382.39,165.08,382.39,239.46,348.78,239.46
348.99,165.75,382.65,165.75,382.65,240.24,348.99,240.24
349.12,165.36,382.96,165.36,382.96,240.25,349.12,240.25
349.41,164.79,383.29,164.79,383.29,239.76,349.41,239.76
349.22,164.43,382.96,164.43,382.96,239.08,349.22,239.08
349.9,163.99,383.64,163.99,383.64,238.66,349.9,238.66
350.15,163.13,383.95,163.13,383.95,237.92,350.15,237.92
350.57,163.21,384.52,163.21,384.52,238.32,350.57,238.32
350.72,162.74,384.75,162.74,384.75,238.04,350.72,238.04
351.2,163.29,385.32,163.29,385.32,238.79,351.2,238.79
352.48,162.3,386.55,162.3,386.55,237.68,352.48,237.68
353.41,161.47,387.48,161.47,387.48,236.87,353.41,236.87
353.52,160.11,387.78,160.11,387.78,235.93,353.52,235.93
353.27,159.37,387.61,159.37,387.61,235.35,353.27,235.35
354.19,159.83,388.71,159.83,388.71,236.23,354.19,236.23
354.05,159.67,388.46,159.67,388.46,235.81,354.05,235.81
354.9,159.88,389.43,159.88,389.43,236.27,354.9,236.27
354.5,159.84,389.13,159.84,389.13,236.47,354.5,236.47
355.32,159.12,389.79,159.12,389.79,235.39,355.32,235.39
355.79,159.6,390.24,159.6,390.24,235.84,355.79,235.84
356.05,158.97,390.64,158.97,390.64,235.5,356.05,235.5
356.14,157.53,390.71,157.53,390.71,234.03,356.14,234.03
359.16,156.93,393.94,156.93,393.94,233.89,359.16,233.89
361.12,155.78,396.01,155.78,396.01,232.98,361.12,232.98
361.55,154.39,396.49,154.39,396.49,231.7,361.55,231.7
362.02,154.08,396.84,154.08,396.84,231.14,362.02,231.14
362.88,154.45,397.59,154.45,397.59,231.27,362.88,231.27
363.52,155.63,398.34,155.63,398.34,232.69,363.52,232.69
364.03,154.38,398.73,154.38,398.73,231.17,364.03,231.17
364.79,154.38,399.25,154.38,399.25,230.64,364.79,230.64
365.25,154.02,399.68,154.02,399.68,230.2,365.25,230.2
365.43,153.72,399.7,153.72,399.7,229.54,365.43,229.54
365.19,152.93,399.59,152.93,399.59,229.06,365.19,229.06
366.17,152.68,400.5,152.68,400.5,228.65,366.17,228.65
366.71,153.06,400.97,153.06,400.97,228.87,366.71,228.87
367.01,153.35,401.25,153.35,401.25,229.11,367.01,229.11
367.99,153.22,402.11,153.22,402.11,228.73,367.99,228.73
369.77,151.84,403.77,151.84,403.77,227.08,369.77,227.08
369.84,151.11,403.79,151.11,403.79,226.25,369.84,226.25
370.14,150.85,404.05,150.85,404.05,225.88,370.14,225.88
370.36,149.35,404.24,149.35,404.24,224.32,370.36,224.32
370.73,149.54,404.58,149.54,404.58,224.45,370.73,224.45
371.06,150,404.88,150,404.88,224.83,371.06,224.83
372.09,151.31,405.85,151.31,405.85,226.01,372.09,226.01
371.96,151.51,405.67,151.51,405.67,226.1,371.96,226.1
372.26,150.92,405.95,150.92,405.95,225.46,372.26,225.46
371.64,149.93,405.19,149.93,405.19,224.16,371.64,224.16
371.83,148.83,405.49,148.83,405.49,223.31,371.83,223.31
372.12,148.38,405.63,148.38,405.63,222.51,372.12,222.51
373.14,148.89,406.63,148.89,406.63,223.01,373.14,223.01
373.22,149.57,406.8,149.57,406.8,223.88,373.22,223.88
372.95,148.86,406.78,148.86,406.78,223.73,372.95,223.73
373.87,148.29,407.58,148.29,407.58,222.88,373.87,222.88
374.32,147.43,407.81,147.43,407.81,221.53,374.32,221.53
374.39,146.28,407.74,146.28,407.74,220.07,374.39,220.07
374.07,146.11,407.02,146.11,407.02,219.03,374.07,219.03
374.49,146.64,407.28,146.64,407.28,219.21,374.49,219.21
375.37,146.9,408.2,146.9,408.2,219.53,375.37,219.53
376.23,147.34,408.96,147.34,408.96,219.77,376.23,219.77
375.25,147.19,407.93,147.19,407.93,219.51,375.25,219.51
375.57,147.06,408.2,147.06,408.2,219.27,375.57,219.27
375.96,147.07,408.21,147.07,408.21,218.44,375.96,218.44
376.22,147.22,408.26,147.22,408.26,218.11,376.22,218.11
376.42,146.07,408.24,146.07,408.24,216.5,376.42,216.5
377.49,146.2,408.84,146.2,408.84,215.58,377.49,215.58
377.32,146.54,408.28,146.54,408.28,215.04,377.32,215.04
378.28,147.36,409.4,147.36,409.4,216.22,378.28,216.22
379.24,146.75,410.2,146.75,410.2,215.25,379.24,215.25
380.44,146.65,411.2,146.65,411.2,214.72,380.44,214.72
380.17,146.44,410.79,146.44,410.79,214.19,380.17,214.19
381.83,145.68,412.17,145.68,412.17,212.81,381.83,212.81
382.03,145.91,412.03,145.91,412.03,212.31,382.03,212.31
382.62,146.21,412.12,146.21,412.12,211.5,382.62,211.5
382.84,146.25,412.23,146.25,412.23,211.27,382.84,211.27
383.89,147.16,413.27,147.16,413.27,212.17,383.89,212.17
384.33,146.85,413.79,146.85,413.79,212.03,384.33,212.03
383.85,145.9,413.17,145.9,413.17,210.78,383.85,210.78
385.33,145.11,414.29,145.11,414.29,209.21,385.33,209.21
386.08,145.02,414.8,145.02,414.8,208.56,386.08,208.56
386.96,145.19,415.51,145.19,415.51,208.38,386.96,208.38
386.7,144.91,415.11,144.91,415.11,207.79,386.7,207.79
388.24,144.59,416.32,144.59,416.32,206.73,388.24,206.73
389.06,143.84,417.12,143.84,417.12,205.93,389.06,205.93
389.78,143.73,417.86,143.73,417.86,205.86,389.78,205.86
390.58,143.82,418.64,143.82,418.64,205.89,390.58,205.89
391,144.36,418.99,144.36,418.99,206.3,391,206.3
391.18,144.27,419.2,144.27,419.2,206.28,391.18,206.28
391.25,143.91,419.39,143.91,419.39,206.19,391.25,206.19
391.06,143.32,419.05,143.32,419.05,205.27,391.06,205.27
391.97,142.91,419.81,142.91,419.81,204.53,391.97,204.53
392.12,142.35,419.83,142.35,419.83,203.65,392.12,203.65
392.81,142.14,420.55,142.14,420.55,203.52,392.81,203.52
393.49,142.39,421.23,142.39,421.23,203.77,393.49,203.77
394,142.06,421.9,142.06,421.9,203.82,394,203.82
393.93,140.81,422.12,140.81,422.12,203.19,393.93,203.19
394.28,139.51,422.46,139.51,422.46,201.87,394.28,201.87
394.73,138.89,422.99,138.89,422.99,201.41,394.73,201.41
394.79,138.74,423.38,138.74,423.38,202,394.79,202
395.06,138.83,423.63,138.83,423.63,202.06,395.06,202.06
395.22,139.26,423.76,139.26,423.76,202.42,395.22,202.42
394.8,139.07,423.28,139.07,423.28,202.09,394.8,202.09
394.73,139.12,423.22,139.12,423.22,202.16,394.73,202.16
394.95,138.19,423.52,138.19,423.52,201.43,394.95,201.43
394.74,137.11,423.13,137.11,423.13,199.92,394.74,199.92
394.89,137.49,423.57,137.49,423.57,200.96,394.89,200.96
394.9,137.51,423.55,137.51,423.55,200.91,394.9,200.91
394.48,137.75,423.09,137.75,423.09,201.05,394.48,201.05
393.8,137.44,422.5,137.44,422.5,200.93,393.8,200.93
394.38,137.79,423.13,137.79,423.13,201.38,394.38,201.38
394.61,137.16,423.49,137.16,423.49,201.06,394.61,201.06
394.25,135.52,423.18,135.52,423.18,199.52,394.25,199.52
394.05,134.64,423.04,134.64,423.04,198.79,394.05,198.79
394.04,135.11,423.03,135.11,423.03,199.27,394.04,199.27
394.12,135.28,423.03,135.28,423.03,199.25,394.12,199.25
393.58,135.4,422.47,135.4,422.47,199.32,393.58,199.32
393.93,135.04,422.84,135.04,422.84,199.01,393.93,199.01
393.73,135.12,422.61,135.12,422.61,199.03,393.73,199.03
393.29,134.95,421.97,134.95,421.97,198.43,393.29,198.43
394.13,134.62,422.9,134.62,422.9,198.28,394.13,198.28
394.33,134.01,423.14,134.01,423.14,197.77,394.33,197.77
394.32,133.58,423.09,133.58,423.09,197.25,394.32,197.25
394.85,133.99,423.71,133.99,423.71,197.85,394.85,197.85
394.85,133.58,423.75,133.58,423.75,197.54,394.85,197.54
395.71,133.45,424.72,133.45,424.72,197.65,395.71,197.65
396.79,133.82,425.89,133.82,425.89,198.21,396.79,198.21
396.94,132.69,426.07,132.69,426.07,197.16,396.94,197.16
397.21,131.19,426.61,131.19,426.61,196.25,397.21,196.25
397.93,131.71,427.43,131.71,427.43,196.99,397.93,196.99
397.74,130.34,427.74,130.34,427.74,196.72,397.74,196.72
398.83,130.63,429.19,130.63,429.19,197.82,398.83,197.82
398.9,130.01,429.47,130.01,429.47,197.65,398.9,197.65
400.17,130.62,430.79,130.62,430.79,198.38,400.17,198.38
400,130.15,430.68,130.15,430.68,198.04,400,198.04
399.94,128.98,430.58,128.98,430.58,196.77,399.94,196.77
400.9,129.57,431.41,129.57,431.41,197.07,400.9,197.07
400.64,128.69,431.12,128.69,431.12,196.13,400.64,196.13
400.65,128.27,431.07,128.27,431.07,195.57,400.65,195.57
401.31,128,431.94,128,431.94,195.79,401.31,195.79
402.46,129.12,433.23,129.12,433.23,197.19,402.46,197.19
402.71,127.87,433.54,127.87,433.54,196.09,402.71,196.09
403.62,127.2,434.43,127.2,434.43,195.38,403.62,195.38
403.77,126.26,434.54,126.26,434.54,194.35,403.77,194.35
404.03,125.28,435.12,125.28,435.12,194.06,404.03,194.06
403.59,125.59,434.86,125.59,434.86,194.77,403.59,194.77
404.3,125.72,435.61,125.72,435.61,195,404.3,195
404.38,125.83,435.73,125.83,435.73,195.19,404.38,195.19
403.64,125.85,435.13,125.85,435.13,195.54,403.64,195.54
404.22,126.01,435.89,126.01,435.89,196.08,404.22,196.08
403.39,124.46,435.11,124.46,435.11,194.64,403.39,194.64
402.92,123.92,434.56,123.92,434.56,193.93,402.92,193.93
403.13,122.83,434.69,122.83,434.69,192.67,403.13,192.67
403.54,124.24,435.12,124.24,435.12,194.12,403.54,194.12
403.62,124.89,435.13,124.89,435.13,194.63,403.62,194.63
403.37,124.63,434.97,124.63,434.97,194.57,403.37,194.57
403.15,123.95,434.97,123.95,434.97,194.34,403.15,194.34
403.26,122.64,435.17,122.64,435.17,193.24,403.26,193.24
403.29,122.06,435.44,122.06,435.44,193.19,403.29,193.19
402.19,121.79,434.43,121.79,434.43,193.14,402.19,193.14
401.24,121.89,433.39,121.89,433.39,193.03,401.24,193.03
400.76,122.76,432.76,122.76,432.76,193.56,400.76,193.56
400.16,122.62,431.96,122.62,431.96,193,400.16,193
400.58,123.7,432.16,123.7,432.16,193.57,400.58,193.57
399.7,123.78,431.12,123.78,431.12,193.3,399.7,193.3
399.13,121.75,430.56,121.75,430.56,191.3,399.13,191.3
399.36,121.65,430.59,121.65,430.59,190.76,399.36,190.76
399.92,122.38,431.06,122.38,431.06,191.28,399.92,191.28
398.7,122.08,429.73,122.08,429.73,190.76,398.7,190.76
398.27,122.37,429.41,122.37,429.41,191.28,398.27,191.28
397.82,122.38,428.9,122.38,428.9,191.15,397.82,191.15
397.46,121.29,428.35,121.29,428.35,189.64,397.46,189.64
397.49,121.46,428.23,121.46,428.23,189.49,397.49,189.49
396.15,120.19,426.95,120.19,426.95,188.35,396.15,188.35
395.68,121.14,426.36,121.14,426.36,189.02,395.68,189.02
395.73,121.67,426.52,121.67,426.52,189.81,395.73,189.81
394.61,121.29,425.21,121.29,425.21,188.99,394.61,188.99
394.41,121.89,424.82,121.89,424.82,189.18,394.41,189.18
393.77,120.9,424.16,120.9,424.16,188.13,393.77,188.13
393.03,120.09,423.36,120.09,423.36,187.21,393.03,187.21
393.4,120.6,423.59,120.6,423.59,187.4,393.4,187.4
392.97,120.58,423.23,120.58,423.23,187.55,392.97,187.55
392.62,121.19,423.01,121.19,423.01,188.44,392.62,188.44
391.49,119.93,421.94,119.93,421.94,187.31,391.49,187.31
391.38,118.39,421.72,118.39,421.72,185.53,391.38,185.53
391.53,119.6,421.84,119.6,421.84,186.66,391.53,186.66
391.39,119.53,421.61,119.53,421.61,186.4,391.39,186.4
390.99,120.03,421.17,120.03,421.17,186.82,390.99,186.82
390.24,119.61,420.41,119.61,420.41,186.37,390.24,186.37
389.77,119.14,420.14,119.14,420.14,186.35,389.77,186.35
389.69,118.54,420.25,118.54,420.25,186.18,389.69,186.18
389.75,118.22,420.47,118.22,420.47,186.21,389.75,186.21
389.15,117.47,419.97,117.47,419.97,185.67,389.15,185.67
389.07,117.56,420.14,117.56,420.14,186.3,389.07,186.3
388.81,117.2,420.13,117.2,420.13,186.51,388.81,186.51
389.07,117.03,420.63,117.03,420.63,186.86,389.07,186.86
388.74,116.57,420.65,116.57,420.65,187.19,388.74,187.19
388.7,115.61,420.87,115.61,420.87,186.78,388.7,186.78
388.46,115.2,420.78,115.2,420.78,186.71,388.46,186.71
387.84,114.26,420.34,114.26,420.34,186.18,387.84,186.18
388.32,114.4,420.94,114.4,420.94,186.57,388.32,186.57
387.36,114.23,420.13,114.23,420.13,186.74,387.36,186.74
387.53,115.44,420.29,115.44,420.29,187.93,387.53,187.93
387.28,115.4,419.97,115.4,419.97,187.72,387.28,187.72
386.46,113.11,419.17,113.11,419.17,185.49,386.46,185.49
386.26,113.32,419.13,113.32,419.13,186.04,386.26,186.04
385.72,112.71,418.64,112.71,418.64,185.54,385.72,185.54
385.63,113.72,418.54,113.72,418.54,186.55,385.63,186.55
385.56,114.31,418.47,114.31,418.47,187.14,385.56,187.14
385.5,113.44,418.29,113.44,418.29,185.98,385.5,185.98
386.27,113.98,419.13,113.98,419.13,186.69,386.27,186.69
385.87,112.9,418.47,112.9,418.47,185.02,385.87,185.02
385.44,112.99,418.09,112.99,418.09,185.23,385.44,185.23
384.97,112.25,417.59,112.25,417.59,184.45,384.97,184.45
384.96,112.56,417.46,112.56,417.46,184.48,384.96,184.48
384.99,112.32,417.49,112.32,417.49,184.22,384.99,184.22
385.01,113.23,417.68,113.23,417.68,185.51,385.01,185.51
383.45,111.94,415.85,111.94,415.85,183.64,383.45,183.64
383.56,112.39,415.63,112.39,415.63,183.35,383.56,183.35
383.2,111.97,415.2,111.97,415.2,182.77,383.2,182.77
382.81,111.44,414.42,111.44,414.42,181.38,382.81,181.38
383.41,111.45,414.78,111.45,414.78,180.85,383.41,180.85
383.15,111.47,414.15,111.47,414.15,180.06,383.15,180.06
382.94,112.3,413.84,112.3,413.84,180.66,382.94,180.66
382.97,112.63,413.87,112.63,413.87,180.99,382.97,180.99
382.72,111.91,413.66,111.91,413.66,180.38,382.72,180.38
382.75,111.54,413.47,111.54,413.47,179.5,382.75,179.5
381.95,110.46,412.35,110.46,412.35,177.72,381.95,177.72
381.51,111.11,411.58,111.11,411.58,177.65,381.51,177.65
381.41,111.45,411.29,111.45,411.29,177.57,381.41,177.57
381.51,111.95,411.22,111.95,411.22,177.69,381.51,177.69
380.14,112.1,409.78,112.1,409.78,177.68,380.14,177.68
379.76,111.86,409.74,111.86,409.74,178.2,379.76,178.2
378.73,111.73,408.57,111.73,408.57,177.75,378.73,177.75
377.58,110.38,406.85,110.38,406.85,175.14,377.58,175.14
377.72,111.56,407.08,111.56,407.08,176.54,377.72,176.54
376.76,111.05,406.02,111.05,406.02,175.79,376.76,175.79
376.69,110.35,405.54,110.35,405.54,174.18,376.69,174.18
375.92,110.4,404.65,110.4,404.65,173.98,375.92,173.98
376.91,111.2,405.44,111.2,405.44,174.33,376.91,174.33
373.56,111.12,402.14,111.12,402.14,174.36,373.56,174.36
373.58,109.59,401.91,109.59,401.91,172.26,373.58,172.26
373.32,110.04,401.54,110.04,401.54,172.49,373.32,172.49
372.03,109.95,400.36,109.95,400.36,172.64,372.03,172.64
371.66,110.23,400.02,110.23,400.02,172.98,371.66,172.98
371.75,110.65,400.43,110.65,400.43,174.11,371.75,174.11
371.92,110.86,400.8,110.86,400.8,174.76,371.92,174.76
371.11,109.95,400.13,109.95,400.13,174.14,371.11,174.14
371.71,109.03,400.6,109.03,400.6,172.95,371.71,172.95
371.13,108.06,399.82,108.06,399.82,171.55,371.13,171.55
367.91,109.49,396.72,109.49,396.72,173.23,367.91,173.23
367.1,109.02,396.01,109.02,396.01,172.98,367.1,172.98
366.98,107.25,395.9,107.25,395.9,171.25,366.98,171.25
366.17,107.69,395.05,107.69,395.05,171.59,366.17,171.59
366.08,107.42,395.05,107.42,395.05,171.53,366.08,171.53
366.48,108.38,395.53,108.38,395.53,172.66,366.48,172.66
366.17,107.66,395.29,107.66,395.29,172.08,366.17,172.08
365.75,106.68,394.83,106.68,394.83,171.02,365.75,171.02
365.44,107.4,394.6,107.4,394.6,171.94,365.44,171.94
365.81,106.03,394.98,106.03,394.98,170.59,365.81,170.59
365.09,105.79,394.18,105.79,394.18,170.16,365.09,170.16
364.88,107.13,394.06,107.13,394.06,171.7,364.88,171.7
363.02,106.44,392.23,106.44,392.23,171.09,363.02,171.09
362.74,106.43,392.03,106.43,392.03,171.23,362.74,171.23
362.43,107.27,391.9,107.27,391.9,172.48,362.43,172.48
361.73,106.12,391.28,106.12,391.28,171.51,361.73,171.51
360.75,104.78,390.41,104.78,390.41,170.4,360.75,170.4
361.13,106.28,390.77,106.28,390.77,171.87,361.13,171.87
361.72,105.91,391.38,105.91,391.38,171.55,361.72,171.55
361.63,106.41,391.22,106.41,391.22,171.89,361.63,171.89
361.48,105.84,391.05,105.84,391.05,171.27,361.48,171.27
360.99,105.41,390.5,105.41,390.5,170.69,360.99,170.69
360.66,105.41,390.16,105.41,390.16,170.69,360.66,170.69
360.64,104.83,390.26,104.83,390.26,170.37,360.64,170.37
361.11,104.72,390.64,104.72,390.64,170.07,361.11,170.07
359.71,103.77,389.62,103.77,389.62,169.97,359.71,169.97
360.46,104.19,390.34,104.19,390.34,170.29,360.46,170.29
359.56,104.06,389.36,104.06,389.36,170.01,359.56,170.01
359.52,105.17,389.23,105.17,389.23,170.91,359.52,170.91
358.97,105.5,388.59,105.5,388.59,171.06,358.97,171.06
