588.5,335.5,613.5,335.5,613.5,358.5,588.5,358.5
584.41,335.11,609.1,335.11,609.1,357.83,584.41,357.83
581.68,334.41,606.48,334.41,606.48,357.22,581.68,357.22
577.65,334.03,602.09,334.03,602.09,356.52,577.65,356.52
576.42,334.53,600.46,334.53,600.46,356.65,576.42,356.65
572.93,334.7,595.99,334.7,595.99,355.92,572.93,355.92
570.9,333.79,594.08,333.79,594.08,355.11,570.9,355.11
567.53,331.38,590.78,331.38,590.78,352.77,567.53,352.77
565.27,329.89,588.41,329.89,588.41,351.19,565.27,351.19
564.38,329.51,587.32,329.51,587.32,350.61,564.38,350.61
560.41,327.05,583.67,327.05,583.67,348.45,560.41,348.45
558.17,326.38,581.81,326.38,581.81,348.13,558.17,348.13
556.89,326.27,580.63,326.27,580.63,348.11,556.89,348.11
552.1,325.89,576.08,325.89,576.08,347.95,552.1,347.95
550.01,327.22,574.66,327.22,574.66,349.89,550.01,349.89
546.76,330.34,571.09,330.34,571.09,352.72,546.76,352.72
544.45,331.56,568.56,331.56,568.56,353.74,544.45,353.74
541.71,334.68,565.92,334.68,565.92,356.96,541.71,356.96
539.44,334.66,563.47,334.66,563.47,356.77,539.44,356.77
538.55,335.21,561.84,335.21,561.84,356.63,538.55,356.63
534.79,333.27,558.26,333.27,558.26,354.86,534.79,354.86
533.29,333.04,556.45,333.04,556.45,354.35,533.29,354.35
532.49,333.28,555.53,333.28,555.53,354.48,532.49,354.48
529.57,333.92,552.51,333.92,552.51,355.02,529.57,355.02
527.52,333.76,550.45,333.76,550.45,354.85,527.52,354.85
524.93,333.23,548.02,333.23,548.02,354.48,524.93,354.48
524.33,333.13,547.44,333.13,547.44,354.39,524.33,354.39
523.14,332.57,545.74,332.57,545.74,353.37,523.14,353.37
522.68,331.45,545.72,331.45,545.72,352.65,522.68,352.65
522.47,330.16,544.93,330.16,544.93,350.82,522.47,350.82
521.22,327.67,544,327.67,544,348.62,521.22,348.62
520.21,325.62,543.2,325.62,543.2,346.78,520.21,346.78
517.91,323.64,541.08,323.64,541.08,344.97,517.91,344.97
516.75,323.73,539.98,323.73,539.98,345.11,516.75,345.11
516.5,325.8,539.5,325.8,539.5,346.96,516.5,346.96
512.06,323.94,534.99,323.94,534.99,345.04,512.06,345.04
509.69,324.25,532.28,324.25,532.28,345.03,509.69,345.03
507.68,325.41,530.04,325.41,530.04,345.98,507.68,345.98
501.59,324.42,523.88,324.42,523.88,344.92,501.59,344.92
499.38,324.73,521.79,324.73,521.79,345.35,499.38,345.35
492.76,323.82,515.24,323.82,515.24,344.5,492.76,344.5
489.33,323.01,512.15,323.01,512.15,344,489.33,344
483.21,320.91,506.04,320.91,506.04,341.91,483.21,341.91
480.14,318.7,503.03,318.7,503.03,339.75,480.14,339.75
474.48,316.69,497.42,316.69,497.42,337.8,474.48,337.8
471.65,316.8,494.73,316.8,494.73,338.03,471.65,338.03
468.47,316.72,491.57,316.72,491.57,337.97,468.47,337.97
465.7,317.28,488.62,317.28,488.62,338.36,465.7,338.36
463.06,317.25,486.09,317.25,486.09,338.43,463.06,338.43
460.95,316.89,483.96,316.89,483.96,338.06,460.95,338.06
459.78,316.24,482.79,316.24,482.79,337.4,459.78,337.4
457.69,314.76,480.72,314.76,480.72,335.95,457.69,335.95
456.9,313.98,479.9,313.98,479.9,335.14,456.9,335.14
455.56,312.89,478.64,312.89,478.64,334.11,455.56,334.11
454,313.26,477.02,313.26,477.02,334.43,454,334.43
453.56,312.55,476.51,312.55,476.51,333.66,453.56,333.66
450.78,311.87,473.77,311.87,473.77,333.02,450.78,333.02
448.26,312.13,471.46,312.13,471.46,333.47,448.26,333.47
446.83,313.15,469.93,313.15,469.93,334.4,446.83,334.4
442,313.69,464.98,313.69,464.98,334.83,442,334.83
439.27,312.85,462.17,312.85,462.17,333.91,439.27,333.91
434.25,311.29,457.12,311.29,457.12,332.33,434.25,332.33
430.24,309.81,453.09,309.81,453.09,330.82,430.24,330.82
427.55,309.6,450.32,309.6,450.32,330.55,427.55,330.55
422.18,308.52,445.09,308.52,445.09,329.6,422.18,329.6
419.26,307.99,442.21,307.99,442.21,329.11,419.26,329.11
415.13,306.98,438.14,306.98,438.14,328.15,415.13,328.15
412.98,306.83,436.02,306.83,436.02,328.02,412.98,328.02
411.14,306.28,434.13,306.28,434.13,327.43,411.14,327.43
407.98,304.63,431.03,304.63,431.03,325.83,407.98,325.83
407.27,305.75,430.32,305.75,430.32,326.96,407.27,326.96
405.86,304.35,428.99,304.35,428.99,325.63,405.86,325.63
405.53,303.63,428.67,303.63,428.67,324.92,405.53,324.92
405.18,301.8,428.3,301.8,428.3,323.07,405.18,323.07
405.31,300.69,428.19,300.69,428.19,321.74,405.31,321.74
404.91,299.73,427.69,299.73,427.69,320.69,404.91,320.69
404.64,299.55,427.36,299.55,427.36,320.45,404.64,320.45
404.44,299.13,426.99,299.13,426.99,319.87,404.44,319.87
404.19,298.77,426.39,298.77,426.39,319.2,404.19,319.2
402.66,298.9,424.74,298.9,424.74,319.21,402.66,319.21
401.63,299.15,423.64,299.15,423.64,319.4,401.63,319.4
397.87,299.16,419.93,299.16,419.93,319.46,397.87,319.46
397.16,299.68,419.06,299.68,419.06,319.83,397.16,319.83
394.63,298.1,416.38,298.1,416.38,318.11,394.63,318.11
392.53,297.66,413.95,297.66,413.95,317.36,392.53,317.36
389.92,296.05,411.09,296.05,411.09,315.53,389.92,315.53
386.56,296.84,407.29,296.84,407.29,315.91,386.56,315.91
384.83,296.4,405.22,296.4,405.22,315.16,384.83,315.16
380.65,294.19,400.93,294.19,400.93,312.85,380.65,312.85
379.62,294.07,399.63,294.07,399.63,312.47,379.62,312.47
375.59,292.5,395.52,292.5,395.52,310.83,375.59,310.83
374.12,292.79,393.97,292.79,393.97,311.06,374.12,311.06
373.8,293.21,393.57,293.21,393.57,311.4,373.8,311.4
372.72,292.68,392.46,292.68,392.46,310.84,372.72,310.84
372.53,292.09,392.26,292.09,392.26,310.24,372.53,310.24
372.85,290.72,392.52,290.72,392.52,308.81,372.85,308.81
373.62,290.45,393.1,290.45,393.1,308.37,373.62,308.37
374.55,290.43,394.05,290.43,394.05,308.37,374.55,308.37
374.87,291,394.27,291,394.27,308.84,374.87,308.84
376.04,292.28,395.42,292.28,395.42,310.11,376.04,310.11
375.76,291.69,395.1,291.69,395.1,309.48,375.76,309.48
374.64,292.09,394.02,292.09,394.02,309.92,374.64,309.92
373.83,291.63,393.05,291.63,393.05,309.31,373.83,309.31
369.48,292.68,388.67,292.68,388.67,310.34,369.48,310.34
367.14,293.32,386.29,293.32,386.29,310.93,367.14,310.93
363.52,292.64,382.64,292.64,382.64,310.23,363.52,310.23
357.38,290.62,376.36,290.62,376.36,308.08,357.38,308.08
355.4,292.48,374.55,292.48,374.55,310.1,355.4,310.1
349.26,292.58,368.44,292.58,368.44,310.22,349.26,310.22
346.07,292.24,365.37,292.24,365.37,310,346.07,310
340.38,291.54,359.77,291.54,359.77,309.38,340.38,309.38
337.37,290.83,356.74,290.83,356.74,308.65,337.37,308.65
332.13,289.11,351.42,289.11,351.42,306.86,332.13,306.86
329.57,288.86,348.86,288.86,348.86,306.61,329.57,306.61
325.42,289.38,344.83,289.38,344.83,307.23,325.42,307.23
322.06,288.95,341.34,288.95,341.34,306.68,322.06,306.68
320.7,287.8,340,287.8,340,305.55,320.7,305.55
320.17,287.08,339.65,287.08,339.65,305,320.17,305
318.17,285.52,337.61,285.52,337.61,303.41,318.17,303.41
318.02,285.71,337.44,285.71,337.44,303.58,318.02,303.58
317.84,286.74,337.19,286.74,337.19,304.55,317.84,304.55
318.02,286.62,337.23,286.62,337.23,304.29,318.02,304.29
316.54,286.41,335.64,286.41,335.64,303.98,316.54,303.98
315.4,285.72,334.49,285.72,334.49,303.27,315.4,303.27
314.2,285.88,333.24,285.88,333.24,303.4,314.2,303.4
312.5,286.21,331.6,286.21,331.6,303.79,312.5,303.79
308.11,283.56,327.11,283.56,327.11,301.05,308.11,301.05
306.26,283.81,325.33,283.81,325.33,301.35,306.26,301.35
302.92,287.6,322.26,287.6,322.26,305.39,302.92,305.39
301.03,287.57,320.52,287.57,320.52,305.51,301.03,305.51
294.77,286.26,314.27,286.26,314.27,304.2,294.77,304.2
291.54,286.23,311.12,286.23,311.12,304.25,291.54,304.25
285.57,284.82,305.44,284.82,305.44,303.1,285.57,303.1
284.08,284.8,304.01,284.8,304.01,303.13,284.08,303.13
281.24,283.85,301.17,283.85,301.17,302.19,281.24,302.19
277.37,282.74,297.34,282.74,297.34,301.11,277.37,301.11
272.95,278.75,292.87,278.75,292.87,297.08,272.95,297.08
271.41,278.4,291.18,278.4,291.18,296.59,271.41,296.59
271.81,282.51,291.74,282.51,291.74,300.86,271.81,300.86
270.35,282.65,290.41,282.65,290.41,301.1,270.35,301.1
269.77,282.14,289.98,282.14,289.98,300.73,269.77,300.73
270.05,282.05,290.5,282.05,290.5,300.87,270.05,300.87
269.84,281.65,290.32,281.65,290.32,300.5,269.84,300.5
270.43,281.92,291.06,281.92,291.06,300.9,270.43,300.9
271.3,282.18,291.94,282.18,291.94,301.17,271.3,301.17
272.41,279.01,293.01,279.01,293.01,297.96,272.41,297.96
272.24,278.87,292.8,278.87,292.8,297.79,272.24,297.79
271.74,278.72,292.28,278.72,292.28,297.61,271.74,297.61
271.23,278.9,291.58,278.9,291.58,297.62,271.23,297.62
271.21,284.7,291.79,284.7,291.79,303.63,271.21,303.63
269.57,280.56,289.84,280.56,289.84,299.21,269.57,299.21
267.88,282.11,288.15,282.11,288.15,300.76,267.88,300.76
265.04,282.66,285.25,282.66,285.25,301.26,265.04,301.26
262.69,282.68,283.03,282.68,283.03,301.4,262.69,301.4
259.05,282.93,279.21,282.93,279.21,301.48,259.05,301.48
256.76,283.51,276.89,283.51,276.89,302.03,256.76,302.03
254.31,283.15,274.65,283.15,274.65,301.86,254.31,301.86
250.28,284.27,270.47,284.27,270.47,302.85,250.28,302.85
248.53,283.98,268.75,283.98,268.75,302.58,248.53,302.58
247.06,287.9,267.47,287.9,267.47,306.68,247.06,306.68
246.69,287.77,267.28,287.77,267.28,306.71,246.69,306.71
242.58,283.17,263.2,283.17,263.2,302.14,242.58,302.14
240.8,284.67,261.43,284.67,261.43,303.65,240.8,303.65
241.51,284.85,262.15,284.85,262.15,303.83,241.51,303.83
241.6,286.55,262.4,286.55,262.4,305.68,241.6,305.68
241.64,286.47,262.36,286.47,262.36,305.53,241.64,305.53
242.72,286.27,263.35,286.27,263.35,305.25,242.72,305.25
243.96,290.87,264.7,290.87,264.7,309.95,243.96,309.95
244.75,286.05,265.59,286.05,265.59,305.23,244.75,305.23
246.62,285.71,267.48,285.71,267.48,304.9,246.62,304.9
247.93,285.56,268.72,285.56,268.72,304.68,247.93,304.68
249.33,284.99,270.19,284.99,270.19,304.18,249.33,304.18
249.4,283.69,270.37,283.69,270.37,302.98,249.4,302.98
250.09,283.65,271.06,283.65,271.06,302.94,250.09,302.94
249.89,284.25,270.79,284.25,270.79,303.48,249.89,303.48
249.6,284.81,270.51,284.81,270.51,304.04,249.6,304.04
247.05,285.6,268.05,285.6,268.05,304.92,247.05,304.92
244.67,285.41,265.51,285.41,265.51,304.59,244.67,304.59
244.98,289.75,265.88,289.75,265.88,308.98,244.98,308.98
239.6,286.29,260.57,286.29,260.57,305.58,239.6,305.58
235.13,284.91,256.23,284.91,256.23,304.32,235.13,304.32
233.23,283.89,254.57,283.89,254.57,303.52,233.23,303.52
231.47,283.89,252.69,283.89,252.69,303.41,231.47,303.41
228.82,284.3,249.97,284.3,249.97,303.76,228.82,303.76
227.69,284.03,248.78,284.03,248.78,303.43,227.69,303.43
225.33,284.32,246.36,284.32,246.36,303.68,225.33,303.68
222.69,282.91,243.78,282.91,243.78,302.31,222.69,302.31
218.9,282.14,239.99,282.14,239.99,301.55,218.9,301.55
216.52,282.9,237.66,282.9,237.66,302.35,216.52,302.35
215.56,283.1,236.64,283.1,236.64,302.5,215.56,302.5
211.19,284.21,232.23,284.21,232.23,303.57,211.19,303.57
209.3,285.31,230.28,285.31,230.28,304.62,209.3,304.62
207.07,286.24,228.12,286.24,228.12,305.61,207.07,305.61
202.42,287.77,223.35,287.77,223.35,307.03,202.42,307.03
199.96,288.54,220.83,288.54,220.83,307.73,199.96,307.73
195.23,289.91,216.1,289.91,216.1,309.12,195.23,309.12
192.98,291.26,213.83,291.26,213.83,310.45,192.98,310.45
190.36,292.72,210.99,292.72,210.99,311.71,190.36,311.71
189.53,293.04,210.09,293.04,210.09,311.96,189.53,311.96
185.81,297.86,206.03,297.86,206.03,316.46,185.81,316.46
184.92,297.78,204.89,297.78,204.89,316.15,184.92,316.15
183.91,297.46,203.48,297.46,203.48,315.46,183.91,315.46
182.78,297.46,202.08,297.46,202.08,315.22,182.78,315.22
183.77,293.21,202.63,293.21,202.63,310.56,183.77,310.56
185.81,293.77,204.53,293.77,204.53,310.99,185.81,310.99
187.46,293.84,206.32,293.84,206.32,311.19,187.46,311.19
190.25,293.91,209.06,293.91,209.06,311.21,190.25,311.21
192.09,294.17,210.92,294.17,210.92,311.49,192.09,311.49
193.67,294.43,212.51,294.43,212.51,311.77,193.67,311.77
196.48,294.85,215.35,294.85,215.35,312.21,196.48,312.21
199.67,294.72,218.47,294.72,218.47,312.02,199.67,312.02
201.13,299.77,220.01,299.77,220.01,317.14,201.13,317.14
203.26,299.83,222.22,299.83,222.22,317.27,203.26,317.27
204.71,300.45,223.8,300.45,223.8,318.02,204.71,318.02
208.17,297.5,227.1,297.5,227.1,314.92,208.17,314.92
210.38,298.59,229.3,298.59,229.3,316,210.38,316
212.01,304.2,231.15,304.2,231.15,321.81,212.01,321.81
212.8,304.17,231.87,304.17,231.87,321.72,212.8,321.72
216.46,305.46,235.65,305.46,235.65,323.12,216.46,323.12
218.9,305.74,238.17,305.74,238.17,323.46,218.9,323.46
223.38,306.2,242.68,306.2,242.68,323.96,223.38,323.96
225.57,306.21,244.86,306.21,244.86,323.96,225.57,323.96
228.6,306.35,247.95,306.35,247.95,324.16,228.6,324.16
233.16,303.18,252.47,303.18,252.47,320.94,233.16,320.94
234.6,306.68,253.95,306.68,253.95,324.49,234.6,324.49
238.16,304.86,257.51,304.86,257.51,322.67,238.16,322.67
240.44,304.97,259.77,304.97,259.77,322.75,240.44,322.75
242.83,305.45,262.17,305.45,262.17,323.24,242.83,323.24
246.61,305.6,266.06,305.6,266.06,323.48,246.61,323.48
247.59,304.62,267.02,304.62,267.02,322.49,247.59,322.49
250.93,300.12,270.32,300.12,270.32,317.96,250.93,317.96
256.18,299.89,275.35,299.89,275.35,317.52,256.18,317.52
260.91,299.17,279.96,299.17,279.96,316.7,260.91,316.7
263.19,299.63,282.26,299.63,282.26,317.18,263.19,317.18
268.31,300.53,287.45,300.53,287.45,318.14,268.31,318.14
270.12,300.89,289.17,300.89,289.17,318.41,270.12,318.41
274.88,301.55,293.83,301.55,293.83,318.98,274.88,318.98
277.71,302.5,296.6,302.5,296.6,319.88,277.71,319.88
280.22,303.26,299.18,303.26,299.18,320.71,280.22,320.71
285.17,304.72,304.17,304.72,304.17,322.2,285.17,322.2
288.01,305.3,307.03,305.3,307.03,322.8,288.01,322.8
291.37,306,310.38,306,310.38,323.49,291.37,323.49
298.05,305.1,317.03,305.1,317.03,322.56,298.05,322.56
300.32,307.09,319.56,307.09,319.56,324.79,300.32,324.79
307.85,310.08,327.24,310.08,327.24,327.92,307.85,327.92
311.94,310.08,331.29,310.08,331.29,327.89,311.94,327.89
316.32,310.49,335.75,310.49,335.75,328.37,316.32,328.37
324,307.12,343.32,307.12,343.32,324.9,324,324.9
327.8,309.24,347.11,309.24,347.11,327.01,327.8,327.01
333.6,307.24,352.89,307.24,352.89,324.99,333.6,324.99
336.57,306.62,355.71,306.62,355.71,324.23,336.57,324.23
341.66,308.53,360.81,308.53,360.81,326.16,341.66,326.16
343.13,308.49,362.37,308.49,362.37,326.19,343.13,326.19
346.6,308.83,365.76,308.83,365.76,326.46,346.6,326.46
346.69,307.95,365.85,307.95,365.85,325.58,346.69,325.58
348.2,307.99,367.55,307.99,367.55,325.79,348.2,325.79
352.94,305.51,372.16,305.51,372.16,323.19,352.94,323.19
354.59,305.96,373.73,305.96,373.73,323.57,354.59,323.57
355.32,305.94,374.41,305.94,374.41,323.51,355.32,323.51
358.83,306.67,377.79,306.67,377.79,324.11,358.83,324.11
360.66,306.92,379.62,306.92,379.62,324.36,360.66,324.36
364.22,307.37,383.2,307.37,383.2,324.84,364.22,324.84
366.39,308.3,385.44,308.3,385.44,325.83,366.39,325.83
371.43,310.41,390.44,310.41,390.44,327.9,371.43,327.9
374.67,310.97,393.57,310.97,393.57,328.35,374.67,328.35
380.48,311.58,399.49,311.58,399.49,329.06,380.48,329.06
386.33,311.26,405.34,311.26,405.34,328.74,386.33,328.74
394.32,311.82,413.41,311.82,413.41,329.38,394.32,329.38
396.03,315.99,415.26,315.99,415.26,333.69,396.03,333.69
404.22,314.16,423.52,314.16,423.52,331.91,404.22,331.91
408.24,314.07,427.66,314.07,427.66,331.93,408.24,331.93
414.23,313.8,433.55,313.8,433.55,331.58,414.23,331.58
418.15,316.69,437.44,316.69,437.44,334.43,418.15,334.43
419.25,315.11,438.52,315.11,438.52,332.85,419.25,332.85
424.01,316.94,443.39,316.94,443.39,334.77,424.01,334.77
425.83,316.07,445.23,316.07,445.23,333.92,425.83,333.92
427.56,315.74,446.96,315.74,446.96,333.59,427.56,333.59
429.02,315.34,448.51,315.34,448.51,333.28,429.02,333.28
429.64,314.58,449.33,314.58,449.33,332.7,429.64,332.7
435.78,313.87,455.46,313.87,455.46,331.98,435.78,331.98
438.02,314.56,457.51,314.56,457.51,332.5,438.02,332.5
439.26,314.41,458.62,314.41,458.62,332.22,439.26,332.22
442.64,315.65,461.94,315.65,461.94,333.4,442.64,333.4
444.65,316.59,463.9,316.59,463.9,334.29,444.65,334.29
448.49,317.99,467.73,317.99,467.73,335.69,448.49,335.69
451.01,318.89,470.29,318.89,470.29,336.63,451.01,336.63
455.94,319.48,475.19,319.48,475.19,337.19,455.94,337.19
458.33,319.71,477.53,319.71,477.53,337.37,458.33,337.37
464.41,319.75,483.56,319.75,483.56,337.37,464.41,337.37
466.76,319.86,485.79,319.86,485.79,337.37,466.76,337.37
473.4,320.88,492.41,320.88,492.41,338.37,473.4,338.37
477.57,321.18,496.41,321.18,496.41,338.51,477.57,338.51
483.32,323.04,502.25,323.04,502.25,340.46,483.32,340.46
487.05,325.04,506.03,325.04,506.03,342.5,487.05,342.5
487.83,323.67,506.71,323.67,506.71,341.05,487.83,341.05
493.05,326.08,511.86,326.08,511.86,343.38,493.05,343.38
495,326.58,513.92,326.58,513.92,343.99,495,343.99
499.38,325.73,518.35,325.73,518.35,343.18,499.38,343.18
502.27,325.46,521.32,325.46,521.32,343,502.27,343
503.03,322.52,522.09,322.52,522.09,340.06,503.03,340.06
505.79,322.71,524.9,322.71,524.9,340.29,505.79,340.29
507.81,322.6,526.88,322.6,526.88,340.14,507.81,340.14
510.26,323.39,529.35,323.39,529.35,340.95,510.26,340.95
511.86,324.02,530.92,324.02,530.92,341.55,511.86,341.55
513.28,324.31,532.31,324.31,532.31,341.82,513.28,341.82
516.63,325.66,535.56,325.66,535.56,343.08,516.63,343.08
519.08,327.43,538.04,327.43,538.04,344.88,519.08,344.88
522.29,329.1,541.23,329.1,541.23,346.53,522.29,346.53
525.21,330.31,544.11,330.31,544.11,347.69,525.21,347.69
529.83,330.49,548.76,330.49,548.76,347.91,529.83,347.91
532.41,330.64,551.39,330.64,551.39,348.1,532.41,348.1
534.65,330.17,553.68,330.17,553.68,347.67,534.65,347.67
541.11,330.92,560.11,330.92,560.11,348.4,541.11,348.4
544.17,331.56,563.24,331.56,563.24,349.11,544.17,349.11
546.36,331.97,565.46,331.97,565.46,349.53,546.36,349.53
550.49,332.08,569.5,332.08,569.5,349.57,550.49,349.57
552.9,332.3,571.92,332.3,571.92,349.79,552.9,349.79
556.58,332.68,575.46,332.68,575.46,350.05,556.58,350.05
560.22,334.68,579.19,334.68,579.19,352.13,560.22,352.13
560.88,334.2,579.89,334.2,579.89,351.69,560.88,351.69
564.12,335.81,583.21,335.81,583.21,353.37,564.12,353.37
564.72,333.01,583.98,333.01,583.98,350.73,564.72,350.73
568.03,332.63,587.18,332.63,587.18,350.24,568.03,350.24
569.47,332.23,588.6,332.23,588.6,349.82,569.47,349.82
570.68,333.69,589.72,333.69,589.72,351.21,570.68,351.21
571.28,334.42,590.29,334.42,590.29,351.91,571.28,351.91
573.78,335.5,592.75,335.5,592.75,352.95,573.78,352.95
574.36,336.15,593.33,336.15,593.33,353.6,574.36,353.6
576.01,337.64,594.99,337.64,594.99,355.1,576.01,355.1
577.38,338.93,596.35,338.93,596.35,356.39,577.38,356.39
579.57,341.56,598.58,341.56,598.58,359.05,579.57,359.05
580.59,342.37,599.58,342.37,599.58,359.84,580.59,359.84
581.66,342.88,600.63,342.88,600.63,360.33,581.66,360.33
583.91,343.09,602.9,343.09,602.9,360.57,583.91,360.57
585.01,343.46,604.03,343.46,604.03,360.96,585.01,360.96
587.92,344.65,606.92,344.65,606.92,362.13,587.92,362.13
589.71,345.44,608.77,345.44,608.77,362.98,589.71,362.98
591.93,347.19,611.01,347.19,611.01,364.74,591.93,364.74
592.27,347.7,611.41,347.7,611.41,365.31,592.27,365.31
593.16,347.66,612.39,347.66,612.39,365.36,593.16,365.36
594.61,348.58,613.85,348.58,613.85,366.27,594.61,366.27
596.19,352.19,615.4,352.19,615.4,369.87,596.19,369.87
596.5,352.32,615.68,352.32,615.68,369.97,596.5,369.97
599.85,350.54,619,350.54,619,368.16,599.85,368.16
599.18,349.32,618.37,349.32,618.37,366.98,599.18,366.98
601.07,349.88,620.21,349.88,620.21,367.49,601.07,367.49
600.82,349.47,619.89,349.47,619.89,367.02,600.82,367.02
601.41,350.48,620.49,350.48,620.49,368.03,601.41,368.03
601.3,351.14,620.41,351.14,620.41,368.72,601.3,368.72
601.92,352.2,620.96,352.2,620.96,369.71,601.92,369.71
602.56,353.17,621.67,353.17,621.67,370.75,602.56,370.75
602.67,353.99,621.68,353.99,621.68,371.48,602.67,371.48
603.02,355.98,621.97,355.98,621.97,373.41,603.02,373.41
603.28,357.16,622.24,357.16,622.24,374.6,603.28,374.6
603.64,357.62,622.64,357.62,622.64,375.09,603.64,375.09
603.7,357.9,622.7,357.9,622.7,375.38,603.7,375.38
604.04,358.88,622.99,358.88,622.99,376.31,604.04,376.31
604.86,359.73,623.78,359.73,623.78,377.13,604.86,377.13
604.99,359.75,623.93,359.75,623.93,377.17,604.99,377.17
605.2,360.17,624.24,360.17,624.24,377.69,605.2,377.69
604.61,360.11,623.65,360.11,623.65,377.62,604.61,377.62
604.48,361.52,623.64,361.52,623.64,379.14,604.48,379.14
604.32,362.53,623.6,362.53,623.6,380.27,604.32,380.27
604.15,363.81,623.51,363.81,623.51,381.62,604.15,381.62
604.85,364.34,624.25,364.34,624.25,382.18,604.85,382.18
605.61,364.54,624.99,364.54,624.99,382.37,605.61,382.37
605.88,364.14,625.28,364.14,625.28,382,605.88,382
606.78,363.25,626.22,363.25,626.22,381.13,606.78,381.13
606.19,363.07,625.61,363.07,625.61,380.93,606.19,380.93
608.12,364.55,627.46,364.55,627.46,382.34,608.12,382.34
608.7,364.97,627.94,364.97,627.94,382.68,608.7,382.68
609.01,365.46,628.22,365.46,628.22,383.13,609.01,383.13
609.7,366.33,628.93,366.33,628.93,384.02,609.7,384.02
609.59,367.41,628.8,367.41,628.8,385.08,609.59,385.08
610.84,369.99,629.96,369.99,629.96,387.58,610.84,387.58
610.95,370.98,630.03,370.98,630.03,388.53,610.95,388.53
611.69,373.67,630.72,373.67,630.72,391.18,611.69,391.18
611.89,374.37,630.87,374.37,630.87,391.83,611.89,391.83
612.46,375.27,631.46,375.27,631.46,392.75,612.46,392.75
612.6,376.11,631.58,376.11,631.58,393.57,612.6,393.57
613.24,378.11,632.25,378.11,632.25,395.61,613.24,395.61
613.25,378.61,632.26,378.61,632.26,396.11,613.25,396.11
613.64,378.93,632.55,378.93,632.55,396.33,613.64,396.33
613.08,381.56,632.05,381.56,632.05,399.02,613.08,399.02
614.6,379.95,633.74,379.95,633.74,397.55,614.6,397.55
613.89,380.93,633.11,380.93,633.11,398.61,613.89,398.61
614.83,382.12,634.09,382.12,634.09,399.83,614.83,399.83
615.4,382.94,634.64,382.94,634.64,400.64,615.4,400.64
615.06,382.6,634.33,382.6,634.33,400.33,615.06,400.33
615,382.75,634.32,382.75,634.32,400.52,615,400.52
615.11,382.63,634.45,382.63,634.45,400.42,615.11,400.42
614.77,382.76,634.14,382.76,634.14,400.59,614.77,400.59
614.83,382.49,634.21,382.49,634.21,400.32,614.83,400.32
613.59,382.1,632.85,382.1,632.85,399.82,613.59,399.82
613.16,380.96,632.35,380.96,632.35,398.62,613.16,398.62
611.68,380.74,630.76,380.74,630.76,398.29,611.68,398.29
609.77,379.83,628.95,379.83,628.95,397.48,609.77,397.48
608.96,380.13,628.16,380.13,628.16,397.79,608.96,397.79
607.3,381.41,626.62,381.41,626.62,399.18,607.3,399.18
605.47,380.79,624.72,380.79,624.72,398.5,605.47,398.5
602.08,379.55,621.41,379.55,621.41,397.34,602.08,397.34
600.38,379.39,619.75,379.39,619.75,397.21,600.38,397.21
598.51,379.66,617.93,379.66,617.93,397.52,598.51,397.52
595.89,380.55,615.33,380.55,615.33,398.44,595.89,398.44
594.06,380.36,613.44,380.36,613.44,398.19,594.06,398.19
592.55,380.73,611.96,380.73,611.96,398.58,592.55,398.58
589.83,379.62,609.23,379.62,609.23,397.46,589.83,397.46
588.21,378.66,607.58,378.66,607.58,396.48,588.21,396.48
585.3,377.81,604.66,377.81,604.66,395.62,585.3,395.62
584.13,377.83,603.4,377.83,603.4,395.56,584.13,395.56
581.28,376.57,600.54,376.57,600.54,394.29,581.28,394.29
580.69,375.55,599.95,375.55,599.95,393.27,580.69,393.27
578.74,374.49,597.98,374.49,597.98,392.19,578.74,392.19
576.18,374.36,595.63,374.36,595.63,392.25,576.18,392.25
574.64,373.23,594.28,373.23,594.28,391.3,574.64,391.3
573.94,373.09,593.68,373.09,593.68,391.25,573.94,391.25
573.94,373.22,593.74,373.22,593.74,391.44,573.94,391.44
573.58,371.75,593.34,371.75,593.34,389.94,573.58,389.94
573.3,371.51,593.07,371.51,593.07,389.69,573.3,389.69
573.28,370.53,593.06,370.53,593.06,388.73,573.28,388.73
573.94,368.51,593.75,368.51,593.75,386.74,573.94,386.74
574.91,367.23,594.63,367.23,594.63,385.37,574.91,385.37
574.78,366.51,594.44,366.51,594.44,384.6,574.78,384.6
574.68,364.72,594.34,364.72,594.34,382.81,574.68,382.81
575.15,364.49,594.79,364.49,594.79,382.56,575.15,382.56
574.72,364.4,594.41,364.4,594.41,382.53,574.72,382.53
575.11,365.14,594.81,365.14,594.81,383.26,575.11,383.26
575.36,365.97,595,365.97,595,384.04,575.36,384.04
574.78,365.83,594.32,365.83,594.32,383.81,574.78,383.81
575.24,366.53,594.69,366.53,594.69,384.43,575.24,384.43
574.45,366.78,593.96,366.78,593.96,384.73,574.45,384.73
574.15,367.67,593.81,367.67,593.81,385.74,574.15,385.74
573.69,367.92,593.3,367.92,593.3,385.96,573.69,385.96
573.61,368.43,593.06,368.43,593.06,386.33,573.61,386.33
573.4,368.02,592.91,368.02,592.91,385.97,573.4,385.97
572.93,366.75,592.48,366.75,592.48,384.73,572.93,384.73
572.84,366.31,592.41,366.31,592.41,384.32,572.84,384.32
572.74,366.58,592.18,366.58,592.18,384.47,572.74,384.47
572.35,365.19,591.77,365.19,591.77,383.05,572.35,383.05
572.77,365.19,592.12,365.19,592.12,382.99,572.77,382.99
572.75,363.77,591.95,363.77,591.95,381.44,572.75,381.44
572.85,363.06,592.04,363.06,592.04,380.72,572.85,380.72
572.17,362.52,591.4,362.52,591.4,380.21,572.17,380.21
571.99,361.29,591.17,361.29,591.17,378.94,571.99,378.94
570.79,360.52,590,360.52,590,378.19,570.79,378.19
570.69,358.7,589.98,358.7,589.98,376.45,570.69,376.45
570.35,357.66,589.64,357.66,589.64,375.4,570.35,375.4
570.11,355.72,589.51,355.72,589.51,373.58,570.11,373.58
570.33,355.22,589.77,355.22,589.77,373.11,570.33,373.11
569.97,353.62,589.32,353.62,589.32,371.43,569.97,371.43
570.43,353.45,589.74,353.45,589.74,371.21,570.43,371.21
570.08,353.36,589.36,353.36,589.36,371.1,570.08,371.1
569.57,353.62,588.87,353.62,588.87,371.38,569.57,371.38
568.88,354.21,588.17,354.21,588.17,371.96,568.88,371.96
568.64,355.36,587.95,355.36,587.95,373.12,568.64,373.12
567.75,355.88,587.04,355.88,587.04,373.63,567.75,373.63
567,356.47,586.29,356.47,586.29,374.22,567,374.22
566.42,356.83,585.8,356.83,585.8,374.67,566.42,374.67
565.89,357.51,585.3,357.51,585.3,375.37,565.89,375.37
565.81,359.25,585.12,359.25,585.12,377.02,565.81,377.02
565.38,359.99,584.71,359.99,584.71,377.76,565.38,377.76
564.5,359.92,583.76,359.92,583.76,377.64,564.5,377.64
563.91,359.37,583.15,359.37,583.15,377.07,563.91,377.07
562.13,359,581.33,359,581.33,376.67,562.13,376.67
561.28,359.24,580.53,359.24,580.53,376.96,561.28,376.96
560.32,359.53,579.61,359.53,579.61,377.28,560.32,377.28
558.95,359.45,578.25,359.45,578.25,377.21,558.95,377.21
557.86,359.07,577.2,359.07,577.2,376.87,557.86,376.87
556.72,358.39,575.98,358.39,575.98,376.11,556.72,376.11
554.48,357.68,573.72,357.68,573.72,375.38,554.48,375.38
552.72,357.43,571.98,357.43,571.98,375.15,552.72,375.15
550.15,358.01,569.27,358.01,569.27,375.6,550.15,375.6
547.87,357.3,567.04,357.3,567.04,374.93,547.87,374.93
546.16,356.8,565.25,356.8,565.25,374.36,546.16,374.36
542.74,355.17,561.89,355.17,561.89,372.78,542.74,372.78
540.65,354.77,559.68,354.77,559.68,372.29,540.65,372.29
537.54,353.68,556.58,353.68,556.58,371.19,537.54,371.19
535.53,352.86,554.62,352.86,554.62,370.42,535.53,370.42
532.23,350.94,551.32,350.94,551.32,368.51,532.23,368.51
530.74,349.49,549.75,349.49,549.75,366.99,530.74,366.99
527.09,347.56,546.11,347.56,546.11,365.05,527.09,365.05
524.93,347,544,347,544,364.54,524.93,364.54
523.53,346.83,542.57,346.83,542.57,364.35,523.53,364.35
521.04,347.52,540.08,347.52,540.08,365.04,521.04,365.04
519.7,347.73,538.71,347.73,538.71,365.21,519.7,365.21
518.23,347.78,537.39,347.78,537.39,365.41,518.23,365.41
517.04,348.49,536.3,348.49,536.3,366.21,517.04,366.21
516.96,349.47,536.29,349.47,536.29,367.25,516.96,367.25
516.17,351.59,535.52,351.59,535.52,369.4,516.17,369.4
516.45,352.06,535.77,352.06,535.77,369.84,516.45,369.84
515.83,352.35,535.16,352.35,535.16,370.14,515.83,370.14
516.43,351.5,535.78,351.5,535.78,369.3,516.43,369.3
516.68,351.68,536.02,351.68,536.02,369.47,516.68,369.47
516.23,351.23,535.67,351.23,535.67,369.12,516.23,369.12
515.79,351.21,535.26,351.21,535.26,369.12,515.79,369.12
514.83,351.06,534.37,351.06,534.37,369.04,514.83,369.04
514.66,350.89,534.13,350.89,534.13,368.8,514.66,368.8
513.75,350.3,533.17,350.3,533.17,368.17,513.75,368.17
512.62,350.26,532,350.26,532,368.08,512.62,368.08
511.15,349.56,530.49,349.56,530.49,367.35,511.15,367.35
509.03,349.71,528.29,349.71,528.29,367.43,509.03,367.43
507.5,349.36,526.73,349.36,526.73,367.05,507.5,367.05
506.14,349.27,525.35,349.27,525.35,366.95,506.14,366.95
502.43,347.86,521.58,347.86,521.58,365.48,502.43,365.48
500.03,346.96,519.11,346.96,519.11,364.52,500.03,364.52
498.41,346.46,517.52,346.46,517.52,364.04,498.41,364.04
493.83,345.07,512.86,345.07,512.86,362.57,493.83,362.57
491.88,343.86,510.96,343.86,510.96,361.42,491.88,361.42
487.91,342.07,507.04,342.07,507.04,359.67,487.91,359.67
485.83,341.47,505.01,341.47,505.01,359.11,485.83,359.11
482.53,340.56,501.8,340.56,501.8,358.28,482.53,358.28
481.86,340.96,501.16,340.96,501.16,358.71,481.86,358.71
479.86,340.43,499.17,340.43,499.17,358.19,479.86,358.19
477.41,339.71,496.79,339.71,496.79,357.53,477.41,357.53
476.69,339.53,496.02,339.53,496.02,357.31,476.69,357.31
474.67,338.64,493.99,338.64,493.99,356.42,474.67,356.42
473.75,338.46,493,338.46,493,356.17,473.75,356.17
472.74,338.17,491.98,338.17,491.98,355.87,472.74,355.87
472.07,338.12,491.32,338.12,491.32,355.83,472.07,355.83
471.52,337.78,490.91,337.78,490.91,355.62,471.52,355.62
471.15,337.43,490.57,337.43,490.57,355.3,471.15,355.3
470.54,337.39,489.98,337.39,489.98,355.28,470.54,355.28
469.82,337.05,489.23,337.05,489.23,354.91,469.82,354.91
469.67,337.97,489.03,337.97,489.03,355.79,469.67,355.79
469.87,337.93,489.23,337.93,489.23,355.74,469.87,355.74
468.94,337.74,488.33,337.74,488.33,355.57,468.94,355.57
469.47,337.87,488.78,337.87,488.78,355.64,469.47,355.64
469.2,337.82,488.61,337.82,488.61,355.68,469.2,355.68
469.39,337.99,488.76,337.99,488.76,355.81,469.39,355.81
468.88,338.17,488.22,338.17,488.22,355.96,468.88,355.96
469.43,338.03,488.62,338.03,488.62,355.69,469.43,355.69
469.5,336.97,488.71,336.97,488.71,354.63,469.5,354.63
469.23,336.55,488.38,336.55,488.38,354.16,469.23,354.16
469.47,335.65,488.66,335.65,488.66,353.31,469.47,353.31
470.05,336.2,489.28,336.2,489.28,353.9,470.05,353.9
471.17,335.42,490.52,335.42,490.52,353.22,471.17,353.22
471.59,334.75,490.99,334.75,490.99,352.6,471.59,352.6
472.84,333.85,492.2,333.85,492.2,351.66,472.84,351.66
473.8,332.39,493.22,332.39,493.22,350.26,473.8,350.26
474.79,331.81,494.2,331.81,494.2,349.67,474.79,349.67
476.39,331.2,495.73,331.2,495.73,349,476.39,349
477.12,330.95,496.4,330.95,496.4,348.69,477.12,348.69
478.06,330.88,497.27,330.88,497.27,348.55,478.06,348.55
479.58,329.41,498.72,329.41,498.72,347.02,479.58,347.02
479.93,329,499.08,329,499.08,346.61,479.93,346.61
481.98,328.75,501.18,328.75,501.18,346.41,481.98,346.41
482.78,329.61,501.95,329.61,501.95,347.25,482.78,347.25
483.84,329.27,502.86,329.27,502.86,346.78,483.84,346.78
484.27,329.43,503.28,329.43,503.28,346.93,484.27,346.93
484.73,328.94,503.78,328.94,503.78,346.47,484.73,346.47
486,328.42,504.93,328.42,504.93,345.83,486,345.83
485.78,329.79,504.77,329.79,504.77,347.26,485.78,347.26
485.76,329.52,504.77,329.52,504.77,347.01,485.76,347.01
485.99,329.26,505.02,329.26,505.02,346.77,485.99,346.77
488.23,329.06,507.4,329.06,507.4,346.7,488.23,346.7
487.58,328.79,506.86,328.79,506.86,346.53,487.58,346.53
487.78,329.57,507.11,329.57,507.11,347.36,487.78,347.36
487.04,330.3,506.44,330.3,506.44,348.14,487.04,348.14
486.11,330.95,505.4,330.95,505.4,348.69,486.11,348.69
486.05,331.57,505.31,331.57,505.31,349.28,486.05,349.28
484.81,331.65,504.01,331.65,504.01,349.32,484.81,349.32
483.48,331.48,502.66,331.48,502.66,349.13,483.48,349.13
482.31,331.18,501.42,331.18,501.42,348.76,482.31,348.76
482.71,331.58,501.77,331.58,501.77,349.12,482.71,349.12
481.67,331.75,500.72,331.75,500.72,349.29,481.67,349.29
482.18,331.92,501.33,331.92,501.33,349.54,482.18,349.54
478.75,331.48,498.08,331.48,498.08,349.27,478.75,349.27
478.08,331.38,497.35,331.38,497.35,349.1,478.08,349.1
477.7,332.09,496.91,332.09,496.91,349.76,477.7,349.76
477.7,332.1,496.84,332.1,496.84,349.71,477.7,349.71
477.38,331.83,496.49,331.83,496.49,349.41,477.38,349.41
477.58,332.18,496.75,332.18,496.75,349.82,477.58,349.82
477.71,331.76,496.9,331.76,496.9,349.43,477.71,349.43
478.52,331.98,497.73,331.98,497.73,349.66,478.52,349.66
479.53,331.8,498.76,331.8,498.76,349.48,479.53,349.48
479.86,332.04,499.05,332.04,499.05,349.69,479.86,349.69
479.77,331.31,499.12,331.31,499.12,349.11,479.77,349.11
481.67,331.57,501,331.57,501,349.35,481.67,349.35
482.92,331.1,502.15,331.1,502.15,348.8,482.92,348.8
483.88,330.94,503.03,330.94,503.03,348.56,483.88,348.56
483.4,331.16,502.6,331.16,502.6,348.84,483.4,348.84
485.68,330.28,504.89,330.28,504.89,347.96,485.68,347.96
486.65,330.08,505.89,330.08,505.89,347.77,486.65,347.77
487.9,329.52,507.11,329.52,507.11,347.2,487.9,347.2
488.6,329.35,507.79,329.35,507.79,347,488.6,347
488.88,328.97,508.23,328.97,508.23,346.77,488.88,346.77
490.5,329.26,509.82,329.26,509.82,347.03,490.5,347.03
491.13,329.13,510.42,329.13,510.42,346.87,491.13,346.87
492.09,329,511.39,329,511.39,346.75,492.09,346.75
492.78,328.72,512.08,328.72,512.08,346.48,492.78,346.48
493.66,328.55,512.98,328.55,512.98,346.32,493.66,346.32
494.18,328.51,513.59,328.51,513.59,346.36,494.18,346.36
494.81,328.17,514.31,328.17,514.31,346.11,494.81,346.11
494.41,327.56,514.02,327.56,514.02,345.6,494.41,345.6
494.96,327.51,514.59,327.51,514.59,345.57,494.96,345.57
495.15,327.32,514.8,327.32,514.8,345.4,495.15,345.4
495.44,327.62,515.01,327.62,515.01,345.62,495.44,345.62
495.14,327.75,514.72,327.75,514.72,345.76,495.14,345.76
495.16,327.64,514.81,327.64,514.81,345.72,495.16,345.72
495.06,327.81,514.78,327.81,514.78,345.95,495.06,345.95
495.23,327.96,515.03,327.96,515.03,346.18,495.23,346.18
495.29,328.17,514.99,328.17,514.99,346.3,495.29,346.3
495.33,328.08,514.98,328.08,514.98,346.16,495.33,346.16
494.51,327.93,513.99,327.93,513.99,345.85,494.51,345.85
494.63,327.87,514.05,327.87,514.05,345.74,494.63,345.74
494.58,328.19,514.06,328.19,514.06,346.11,494.58,346.11
493.85,327.54,513.34,327.54,513.34,345.47,493.85,345.47
493.36,327.96,512.88,327.96,512.88,345.91,493.36,345.91
493.08,328.18,512.72,328.18,512.72,346.25,493.08,346.25
492.84,328.42,512.48,328.42,512.48,346.49,492.84,346.49
491.27,328.73,510.77,328.73,510.77,346.67,491.27,346.67
491.01,328.96,510.5,328.96,510.5,346.89,491.01,346.89
490.62,329.31,510.07,329.31,510.07,347.2,490.62,347.2
489.17,330.59,508.78,330.59,508.78,348.62,489.17,348.62
488.56,331.56,508.15,331.56,508.15,349.59,488.56,349.59
487.76,332.55,507.4,332.55,507.4,350.61,487.76,350.61
487.15,332.88,506.84,332.88,506.84,350.99,487.15,350.99
486.9,333.52,506.59,333.52,506.59,351.64,486.9,351.64
486.12,334.44,505.73,334.44,505.73,352.48,486.12,352.48
485.71,334.53,505.16,334.53,505.16,352.43,485.71,352.43
485.12,335.22,504.64,335.22,504.64,353.17,485.12,353.17
484.98,335.7,504.51,335.7,504.51,353.66,484.98,353.66
484.65,335.5,504.2,335.5,504.2,353.48,484.65,353.48
484.29,335.28,503.86,335.28,503.86,353.29,484.29,353.29
484.1,335.32,503.72,335.32,503.72,353.37,484.1,353.37
484.29,335.79,503.87,335.79,503.87,353.8,484.29,353.8
484.31,335.87,503.82,335.87,503.82,353.82,484.31,353.82
484.41,335.74,503.99,335.74,503.99,353.75,484.41,353.75
484.38,335.43,503.9,335.43,503.9,353.39,484.38,353.39
484.49,334.69,504.05,334.69,504.05,352.69,484.49,352.69
484.67,334.63,504.26,334.63,504.26,352.65,484.67,352.65
484.72,334.66,504.32,334.66,504.32,352.69,484.72,352.69
484.95,334.79,504.52,334.79,504.52,352.79,484.95,352.79
484.65,334.66,504.17,334.66,504.17,352.62,484.65,352.62
484.87,334.28,504.43,334.28,504.43,352.28,484.87,352.28
484.83,333.79,504.45,333.79,504.45,351.84,484.83,351.84
484.68,333.78,504.29,333.78,504.29,351.81,484.68,351.81
485.03,334.3,504.62,334.3,504.62,352.32,485.03,352.32
485.02,334.37,504.67,334.37,504.67,352.44,485.02,352.44
484.82,334.02,504.44,334.02,504.44,352.07,484.82,352.07
484.85,333.9,504.44,333.9,504.44,351.93,484.85,351.93
484.97,333.77,504.53,333.77,504.53,351.76,484.97,351.76
484.81,333.91,504.38,333.91,504.38,351.91,484.81,351.91
484.74,333.92,504.34,333.92,504.34,351.95,484.74,351.95
484.73,334.5,504.32,334.5,504.32,352.52,484.73,352.52
485.06,334.4,504.65,334.4,504.65,352.43,485.06,352.43
484.76,334.22,504.41,334.22,504.41,352.3,484.76,352.3
484.64,333.86,504.26,333.86,504.26,351.9,484.64,351.9
484.9,334.21,504.46,334.21,504.46,352.2,484.9,352.2
484.67,334.39,504.26,334.39,504.26,352.41,484.67,352.41
484.81,334.6,504.4,334.6,504.4,352.62,484.81,352.62
484.76,334.46,504.4,334.46,504.4,352.52,484.76,352.52
484.67,334.45,504.33,334.45,504.33,352.53,484.67,352.53
484.75,334.41,504.42,334.41,504.42,352.52,484.75,352.52
485.3,335.09,504.88,335.09,504.88,353.1,485.3,353.1
484.67,334.75,504.21,334.75,504.21,352.73,484.67,352.73
485.08,334.9,504.7,334.9,504.7,352.95,485.08,352.95
484.82,335.07,504.4,335.07,504.4,353.08,484.82,353.08
484.58,335.13,504.12,335.13,504.12,353.1,484.58,353.1
484.73,335.21,504.29,335.21,504.29,353.2,484.73,353.2
484.5,335.28,504.06,335.28,504.06,353.29,484.5,353.29
484.98,335.42,504.49,335.42,504.49,353.37,484.98,353.37
485.06,335.48,504.6,335.48,504.6,353.46,485.06,353.46
484.65,335.59,504.11,335.59,504.11,353.5,484.65,353.5
484.81,335.69,504.33,335.69,504.33,353.65,484.81,353.65
484.49,335.92,503.99,335.92,503.99,353.87,484.49,353.87
484.53,336.56,503.99,336.56,503.99,354.47,484.53,354.47
484.87,336.83,504.42,336.83,504.42,354.81,484.87,354.81
484.78,337.13,504.39,337.13,504.39,355.17,484.78,355.17
485.08,337.93,504.62,337.93,504.62,355.9,485.08,355.9
485.02,337.81,504.53,337.81,504.53,355.76,485.02,355.76
485.82,337.24,505.34,337.24,505.34,355.2,485.82,355.2
485.76,336.68,505.25,336.68,505.25,354.62,485.76,354.62
486.31,336.63,505.87,336.63,505.87,354.63,486.31,354.63
486.76,336.97,506.44,336.97,506.44,355.07,486.76,355.07
487.64,337.84,507.27,337.84,507.27,355.9,487.64,355.9
488.1,338.54,507.72,338.54,507.72,356.59,488.1,356.59
488.25,339.49,507.84,339.49,507.84,357.51,488.25,357.51
488.23,340.35,507.84,340.35,507.84,358.39,488.23,358.39
488.65,342.64,508.27,342.64,508.27,360.7,488.65,360.7
488.97,343.86,508.63,343.86,508.63,361.94,488.97,361.94
488.97,345.14,508.66,345.14,508.66,363.25,488.97,363.25
489.79,347.65,509.43,347.65,509.43,365.72,489.79,365.72
489.54,347.61,509.12,347.61,509.12,365.63,489.54,365.63
489.72,348.27,509.24,348.27,509.24,366.22,489.72,366.22
489.94,348.62,509.45,348.62,509.45,366.56,489.94,366.56
490.02,348.96,509.68,348.96,509.68,367.05,490.02,367.05
489.79,349.66,509.48,349.66,509.48,367.77,489.79,367.77
490.52,351.4,510.15,351.4,510.15,369.46,490.52,369.46
490.56,351.66,510.16,351.66,510.16,369.69,490.56,369.69
490.75,352.5,510.38,352.5,510.38,370.57,490.75,370.57
490.65,353.03,510.28,353.03,510.28,371.09,490.65,371.09
490.14,352.93,509.86,352.93,509.86,371.07,490.14,371.07
491.71,354.79,511.43,354.79,511.43,372.92,491.71,372.92
492.23,354.88,511.79,354.88,511.79,372.88,492.23,372.88
492.6,354.17,512.15,354.17,512.15,372.15,492.6,372.15
492.84,354.08,512.4,354.08,512.4,372.07,492.84,372.07
493.54,353.92,513.15,353.92,513.15,371.96,493.54,371.96
494.47,354.21,514.12,354.21,514.12,372.29,494.47,372.29
494.72,354.74,514.39,354.74,514.39,372.84,494.72,372.84
496.1,356.35,515.84,356.35,515.84,374.51,496.1,374.51
496.57,356.99,516.27,356.99,516.27,375.12,496.57,375.12
496.95,357.4,516.7,357.4,516.7,375.57,496.95,375.57
497.73,358.21,517.36,358.21,517.36,376.27,497.73,376.27
498.43,359.51,518.03,359.51,518.03,377.53,498.43,377.53
498.56,360.33,518.12,360.33,518.12,378.33,498.56,378.33
498.88,361.36,518.37,361.36,518.37,379.3,498.88,379.3
499.21,361.82,518.71,361.82,518.71,379.75,499.21,379.75
498.53,361.75,518.06,361.75,518.06,379.72,498.53,379.72
498.73,362.69,518.36,362.69,518.36,380.75,498.73,380.75
498.47,362.69,518.21,362.69,518.21,380.85,498.47,380.85
499.67,364.1,519.33,364.1,519.33,382.19,499.67,382.19
499.53,363.75,519.1,363.75,519.1,381.75,499.53,381.75
499.87,363.43,519.45,363.43,519.45,381.44,499.87,381.44
500.62,363.27,520.14,363.27,520.14,381.23,500.62,381.23
500.6,363,520.24,363,520.24,381.06,500.6,381.06
501.8,362.85,521.42,362.85,521.42,380.9,501.8,380.9
501.89,362.94,521.51,362.94,521.51,381,501.89,381
502.35,363.12,521.96,363.12,521.96,381.16,502.35,381.16
502.87,362.75,522.51,362.75,522.51,380.82,502.87,380.82
503.19,362.41,522.83,362.41,522.83,380.48,503.19,380.48
503.37,362.46,523.03,362.46,523.03,380.55,503.37,380.55
503.51,362.43,523.18,362.43,523.18,380.53,503.51,380.53
504.46,363.36,524.11,363.36,524.11,381.43,504.46,381.43
503.82,363.02,523.55,363.02,523.55,381.18,503.82,381.18
504.62,363.59,524.38,363.59,524.38,381.76,504.62,381.76
504.67,363.24,524.38,363.24,524.38,381.37,504.67,381.37
504.51,363.24,524.21,363.24,524.21,381.37,504.51,381.37
504.81,363.55,524.57,363.55,524.57,381.74,504.81,381.74
505.05,363.48,524.85,363.48,524.85,381.7,505.05,381.7
505.02,363.59,524.83,363.59,524.83,381.81,505.02,381.81
505.32,363.96,525.03,363.96,525.03,382.1,505.32,382.1
505.52,363.75,525.2,363.75,525.2,381.86,505.52,381.86
505.92,364.08,525.55,364.08,525.55,382.14,505.92,382.14
506.3,364.41,525.87,364.41,525.87,382.42,506.3,382.42
506.69,364.81,526.23,364.81,526.23,382.78,506.69,382.78
506.97,364.85,526.57,364.85,526.57,382.88,506.97,382.88
507.94,365.51,527.59,365.51,527.59,383.59,507.94,383.59
508.68,365.38,528.33,365.38,528.33,383.46,508.68,383.46
510.53,365.99,530.17,365.99,530.17,384.05,510.53,384.05
511.28,366.26,530.9,366.26,530.9,384.31,511.28,384.31
513.11,366.53,532.77,366.53,532.77,384.62,513.11,384.62
514.03,366.61,533.7,366.61,533.7,384.7,514.03,384.7
516.02,367.32,535.63,367.32,535.63,385.36,516.02,385.36
517.54,366.63,537.13,366.63,537.13,384.65,517.54,384.65
519.9,365.76,539.54,365.76,539.54,383.83,519.9,383.83
521.46,365.15,541.03,365.15,541.03,383.16,521.46,383.16
523,364.92,542.58,364.92,542.58,382.92,523,382.92
525.31,364.27,544.81,364.27,544.81,382.21,525.31,382.21
526.59,364.5,546.04,364.5,546.04,382.4,526.59,382.4
528.86,364.62,548.37,364.62,548.37,382.56,528.86,382.56
529.71,364.86,549.36,364.86,549.36,382.95,529.71,382.95
530.6,365.39,550.25,365.39,550.25,383.48,530.6,383.48
533.27,366.66,552.84,366.66,552.84,384.67,533.27,384.67
534.04,367.31,553.64,367.31,553.64,385.34,534.04,385.34
538.59,369.48,558.28,369.48,558.28,387.59,538.59,387.59
541.75,370.72,561.44,370.72,561.44,388.84,541.75,388.84
543.21,370.96,562.91,370.96,562.91,389.09,543.21,389.09
545.6,371.38,565.29,371.38,565.29,389.49,545.6,389.49
549.24,371.35,568.89,371.35,568.89,389.43,549.24,389.43
550.53,370.73,570.18,370.73,570.18,388.81,550.53,388.81
553.57,370.66,573.25,370.66,573.25,388.77,553.57,388.77
555.76,371.38,575.37,371.38,575.37,389.42,555.76,389.42
558.81,370.52,578.43,370.52,578.43,388.58,558.81,388.58
560.95,370.73,580.59,370.73,580.59,388.8,560.95,388.8
562.93,371.01,582.51,371.01,582.51,389.03,562.93,389.03
567.52,371.3,587.08,371.3,587.08,389.3,567.52,389.3
570.03,370.92,589.64,370.92,589.64,388.97,570.03,388.97
574.9,369.39,594.49,369.39,594.49,387.42,574.9,387.42
577.46,368.36,597.11,368.36,597.11,386.44,577.46,386.44
579.38,367.65,599.07,367.65,599.07,385.76,579.38,385.76
584.58,367.08,604.26,367.08,604.26,385.18,584.58,385.18
586.43,367.22,606.07,367.22,606.07,385.28,586.43,385.28
590.35,367.63,610.05,367.63,610.05,385.75,590.35,385.75
592.28,368.53,611.94,368.53,611.94,386.62,592.28,386.62
595.09,369.02,614.78,369.02,614.78,387.13,595.09,387.13
596.87,370.2,616.56,370.2,616.56,388.31,596.87,388.31
591.85,371.46,611.5,371.46,611.5,389.54,591.85,389.54
592.77,371.57,612.39,371.57,612.39,389.62,592.77,389.62
595.24,372.46,614.95,372.46,614.95,390.6,595.24,390.6
599.16,372.91,618.91,372.91,618.91,391.09,599.16,391.09
601.61,374.2,621.33,374.2,621.33,392.34,601.61,392.34
603.16,371.91,622.88,371.91,622.88,390.06,603.16,390.06
601.91,372.29,621.65,372.29,621.65,390.45,601.91,390.45
601.45,371.39,621.16,371.39,621.16,389.52,601.45,389.52
599.7,369.46,619.42,369.46,619.42,387.6,599.7,387.6
599.21,368.46,618.92,368.46,618.92,386.6,599.21,386.6
598.11,366.23,617.74,366.23,617.74,384.29,598.11,384.29
596.78,364.74,616.41,364.74,616.41,382.79,596.78,382.79
594.98,363.76,614.66,363.76,614.66,381.87,594.98,381.87
594.43,364,614.06,364,614.06,382.06,594.43,382.06
592.13,362.76,611.81,362.76,611.81,380.86,592.13,380.86
591.12,362.95,610.83,362.95,610.83,381.08,591.12,381.08
589.21,363,608.76,363,608.76,381,589.21,381
586.24,361.26,605.78,361.26,605.78,379.23,586.24,379.23
584.77,361.06,604.39,361.06,604.39,379.11,584.77,379.11
581.68,360.72,601.34,360.72,601.34,378.81,581.68,378.81
580.41,360.39,600.1,360.39,600.1,378.5,580.41,378.5
579.38,360.35,599.08,360.35,599.08,378.47,579.38,378.47
576.27,359.6,596.03,359.6,596.03,377.77,576.27,377.77
574.57,359.29,594.29,359.29,594.29,377.43,574.57,377.43
571.88,359.47,591.5,359.47,591.5,377.52,571.88,377.52
568.12,358.92,587.77,358.92,587.77,376.99,568.12,376.99
566.33,358.64,585.98,358.64,585.98,376.73,566.33,376.73
562.97,357.94,582.6,357.94,582.6,376,562.97,376
561.41,357.68,581.02,357.68,581.02,375.73,561.41,375.73
559.28,357.17,578.9,357.17,578.9,375.22,559.28,375.22
556.15,356.45,575.74,356.45,575.74,374.47,556.15,374.47
554.72,356.18,574.31,356.18,574.31,374.2,554.72,374.2
550.91,354.44,570.43,354.44,570.43,372.4,550.91,372.4
548.9,352.99,568.52,352.99,568.52,371.05,548.9,371.05
545.05,351.65,564.7,351.65,564.7,369.73,545.05,369.73
543.16,351.07,562.69,351.07,562.69,369.04,543.16,369.04
539.75,350.14,559.16,350.14,559.16,368,539.75,368
537.99,349.63,557.41,349.63,557.41,367.5,537.99,367.5
534.48,348.99,553.86,348.99,553.86,366.82,534.48,366.82
532.7,348.68,552.22,348.68,552.22,366.64,532.7,366.64
528.79,348.14,548.39,348.14,548.39,366.17,528.79,366.17
526.96,348.31,546.63,348.31,546.63,366.41,526.96,366.41
525.84,348.71,545.44,348.71,545.44,366.75,525.84,366.75
522.52,347.99,542.07,347.99,542.07,365.98,522.52,365.98
520.52,347.79,540.04,347.79,540.04,365.75,520.52,365.75
517.65,347.26,537.13,347.26,537.13,365.18,517.65,365.18
516.16,347.05,535.65,347.05,535.65,364.99,516.16,364.99
512.7,346.29,532.25,346.29,532.25,364.28,512.7,364.28
510.78,345.78,530.36,345.78,530.36,363.79,510.78,363.79
509.27,345.27,528.88,345.27,528.88,363.32,509.27,363.32
505.93,344.94,525.55,344.94,525.55,363,505.93,363
504.59,345.11,524.13,345.11,524.13,363.08,504.59,363.08
501.4,344.99,521.02,344.99,521.02,363.03,501.4,363.03
499.92,345.02,519.56,345.02,519.56,363.09,499.92,363.09
497.3,344.84,516.94,344.84,516.94,362.9,497.3,362.9
495.87,344.78,515.52,344.78,515.52,362.86,495.87,362.86
494.28,345.26,513.82,345.26,513.82,363.23,494.28,363.23
492.85,345.29,512.46,345.29,512.46,363.34,492.85,363.34
490.79,345.53,510.4,345.53,510.4,363.56,490.79,363.56
489.61,345.08,509.2,345.08,509.2,363.1,489.61,363.1
487.82,345.24,507.46,345.24,507.46,363.3,487.82,363.3
486.74,345.27,506.37,345.27,506.37,363.32,486.74,363.32
485.13,346.93,504.86,346.93,504.86,365.08,485.13,365.08
485.43,346.79,505.13,346.79,505.13,364.91,485.43,364.91
484.93,347.45,504.5,347.45,504.5,365.45,484.93,365.45
483.82,346.84,503.43,346.84,503.43,364.88,483.82,364.88
483.42,346.92,503.04,346.92,503.04,364.98,483.42,364.98
483.55,347.57,503.14,347.57,503.14,365.59,483.55,365.59
483.23,347.75,502.81,347.75,502.81,365.77,483.23,365.77
483.67,348.84,503.23,348.84,503.23,366.83,483.67,366.83
483.96,348.99,503.55,348.99,503.55,367.01,483.96,367.01
484.17,349.5,503.76,349.5,503.76,367.52,484.17,367.52
484.76,349.62,504.36,349.62,504.36,367.66,484.76,367.66
485.54,350.36,505.14,350.36,505.14,368.4,485.54,368.4
486.32,351.2,505.95,351.2,505.95,369.25,486.32,369.25
487.27,351.78,506.84,351.78,506.84,369.78,487.27,369.78
487.66,351.72,507.36,351.72,507.36,369.84,487.66,369.84
488.67,352.59,508.37,352.59,508.37,370.71,488.67,370.71
489.12,353.43,508.85,353.43,508.85,371.58,489.12,371.58
489.3,354.26,509.05,354.26,509.05,372.43,489.3,372.43
488.89,355.56,508.62,355.56,508.62,373.71,488.89,373.71
488.6,356.29,508.43,356.29,508.43,374.53,488.6,374.53
487.43,357.22,507.2,357.22,507.2,375.41,487.43,375.41
487.11,357.83,506.91,357.83,506.91,376.05,487.11,376.05
485.36,358.91,504.99,358.91,504.99,376.96,485.36,376.96
483.87,358.76,503.55,358.76,503.55,376.86,483.87,376.86
482.62,360.3,502.24,360.3,502.24,378.35,482.62,378.35
480.76,360.3,500.5,360.3,500.5,378.46,480.76,378.46
479.01,362.55,498.76,362.55,498.76,380.72,479.01,380.72
477.07,364.9,496.89,364.9,496.89,383.14,477.07,383.14
474.94,366.29,494.66,366.29,494.66,384.43,474.94,384.43
473.56,367.68,493.4,367.68,493.4,385.94,473.56,385.94
472.04,368.47,491.89,368.47,491.89,386.73,472.04,386.73
469.51,369.81,489.27,369.81,489.27,387.99,469.51,387.99
467.9,369.8,487.63,369.8,487.63,387.95,467.9,387.95
465.18,370.1,484.9,370.1,484.9,388.24,465.18,388.24
464.29,370.52,483.95,370.52,483.95,388.6,464.29,388.6
462.52,370.32,482.19,370.32,482.19,388.42,462.52,388.42
460.56,371.57,480.26,371.57,480.26,389.68,460.56,389.68
458.43,372.03,478.18,372.03,478.18,390.2,458.43,390.2
455.79,371.68,475.68,371.68,475.68,389.98,455.79,389.98
453.69,373.41,473.7,373.41,473.7,391.82,453.69,391.82
449.8,373.07,469.92,373.07,469.92,391.58,449.8,391.58
448.78,373.22,468.96,373.22,468.96,391.79,448.78,391.79
447.15,372.69,467.31,372.69,467.31,391.23,447.15,391.23
446.77,372.54,466.98,372.54,466.98,391.14,446.77,391.14
446.26,372.54,466.37,372.54,466.37,391.04,446.26,391.04
444.55,371.48,464.65,371.48,464.65,389.97,444.55,389.97
444.32,371.64,464.4,371.64,464.4,390.11,444.32,390.11
444.09,372.18,464.19,372.18,464.19,390.67,444.09,390.67
443.95,372.39,464.02,372.39,464.02,390.86,443.95,390.86
443.7,372.59,463.72,372.59,463.72,391.02,443.7,391.02
443.7,373.25,463.7,373.25,463.7,391.64,443.7,391.64
444.19,373.93,464.19,373.93,464.19,392.33,444.19,392.33
443.75,374.57,463.67,374.57,463.67,392.9,443.75,392.9
443.39,374.48,463.34,374.48,463.34,392.84,443.39,392.84
442.55,374.38,462.44,374.38,462.44,392.67,442.55,392.67
443.35,375.12,463.24,375.12,463.24,393.42,443.35,393.42
442.83,375.53,462.64,375.53,462.64,393.75,442.83,393.75
442.54,375.66,462.29,375.66,462.29,393.84,442.54,393.84
442.27,376.09,462,376.09,462,394.24,442.27,394.24
441.68,375.98,461.28,375.98,461.28,394.01,441.68,394.01
441.61,375.32,461.13,375.32,461.13,393.28,441.61,393.28
441.75,375.66,461.25,375.66,461.25,393.6,441.75,393.6
441.42,375.68,460.9,375.68,460.9,393.6,441.42,393.6
441.61,375.93,461.06,375.93,461.06,393.82,441.61,393.82
441.57,375.73,460.99,375.73,460.99,393.61,441.57,393.61
442.35,376.28,462.01,376.28,462.01,394.37,442.35,394.37
441.66,376,461.21,376,461.21,393.98,441.66,393.98
441.76,376.19,461.34,376.19,461.34,394.21,441.76,394.21
441.77,376.49,461.32,376.49,461.32,394.48,441.77,394.48
441.62,376.29,461.19,376.29,461.19,394.31,441.62,394.31
441.64,376.21,461.2,376.21,461.2,394.21,441.64,394.21
441.42,376.32,460.99,376.32,460.99,394.33,441.42,394.33
441.47,376.59,461.01,376.59,461.01,394.57,441.47,394.57
441.33,376.46,460.92,376.46,460.92,394.49,441.33,394.49
441.26,376.55,460.83,376.55,460.83,394.55,441.26,394.55
441.41,376.19,461,376.19,461,394.21,441.41,394.21
441.36,376.31,460.93,376.31,460.93,394.31,441.36,394.31
441.1,376.41,460.73,376.41,460.73,394.47,441.1,394.47
440.94,376.57,460.53,376.57,460.53,394.58,440.94,394.58
441.23,376.36,460.8,376.36,460.8,394.36,441.23,394.36
441.28,376.19,460.83,376.19,460.83,394.18,441.28,394.18
441.64,375.98,461.16,375.98,461.16,393.94,441.64,393.94
441.64,375.67,461.11,375.67,461.11,393.59,441.64,393.59
441.91,375.5,461.37,375.5,461.37,393.41,441.91,393.41
443.35,375.47,462.92,375.47,462.92,393.48,443.35,393.48
443.26,374.8,463.01,374.8,463.01,392.97,443.26,392.97
444.76,374.52,464.57,374.52,464.57,392.75,444.76,392.75
445.59,374.52,465.4,374.52,465.4,392.74,445.59,392.74
446.46,374.02,466.28,374.02,466.28,392.26,446.46,392.26
448.21,373.52,468.01,373.52,468.01,391.74,448.21,391.74
449.69,373.46,469.48,373.46,469.48,391.68,449.69,391.68
452.1,372.52,471.9,372.52,471.9,390.74,452.1,390.74
453.44,371.54,473.25,371.54,473.25,389.77,453.44,389.77
457.02,370.4,476.88,370.4,476.88,388.68,457.02,388.68
456.87,370.56,476.83,370.56,476.83,388.93,456.87,388.93
460.1,368.47,479.98,368.47,479.98,386.76,460.1,386.76
464.19,368.62,483.98,368.62,483.98,386.82,464.19,386.82
465.55,368.34,485.31,368.34,485.31,386.52,465.55,386.52
468.83,367.32,488.52,367.32,488.52,385.43,468.83,385.43
469.77,367.29,489.43,367.29,489.43,385.37,469.77,385.37
470.89,366.22,490.49,366.22,490.49,384.25,470.89,384.25
473.61,365.13,493.27,365.13,493.27,383.21,473.61,383.21
474.94,364.46,494.64,364.46,494.64,382.58,474.94,382.58
476.89,363.44,496.57,363.44,496.57,381.55,476.89,381.55
477.52,362.68,497.23,362.68,497.23,380.81,477.52,380.81
479.6,362.34,499.29,362.34,499.29,380.46,479.6,380.46
481.34,362.42,500.99,362.42,500.99,380.49,481.34,380.49
481.83,361.85,501.52,361.85,501.52,379.96,481.83,379.96
484.26,361.78,503.89,361.78,503.89,379.85,484.26,379.85
484.47,361.13,504.06,361.13,504.06,379.15,484.47,379.15
485.71,360.82,505.34,360.82,505.34,378.89,485.71,378.89
486.61,361.3,506.27,361.3,506.27,379.39,486.61,379.39
487.79,362.34,507.47,362.34,507.47,380.44,487.79,380.44
488.34,362.97,508.03,362.97,508.03,381.08,488.34,381.08
488.22,363.11,507.96,363.11,507.96,381.27,488.22,381.27
488.67,363.69,508.4,363.69,508.4,381.84,488.67,381.84
488.9,364.1,508.63,364.1,508.63,382.25,488.9,382.25
489.39,364.73,509.16,364.73,509.16,382.93,489.39,382.93
490.04,365.44,509.77,365.44,509.77,383.6,490.04,383.6
490.31,365.52,510,365.52,510,383.64,490.31,383.64
490.41,365.38,510,365.38,510,383.41,490.41,383.41
489.79,364.82,509.47,364.82,509.47,382.92,489.79,382.92
489.95,365.59,509.62,365.59,509.62,383.69,489.95,383.69
488.66,366.21,508.27,366.21,508.27,384.26,488.66,384.26
486.82,365.89,506.52,365.89,506.52,384.01,486.82,384.01
485.79,366.52,505.49,366.52,505.49,384.65,485.79,384.65
482.76,366.47,502.4,366.47,502.4,384.53,482.76,384.53
480.02,365.89,499.64,365.89,499.64,383.94,480.02,383.94
475.54,366.09,495.18,366.09,495.18,384.16,475.54,384.16
472.97,366.17,492.58,366.17,492.58,384.21,472.97,384.21
470.43,366.15,490.04,366.15,490.04,384.2,470.43,384.2
464.56,365.66,484.19,365.66,484.19,383.72,464.56,383.72
462.05,364.84,481.66,364.84,481.66,382.88,462.05,382.88
458.31,363.95,477.92,363.95,477.92,381.99,458.31,381.99
451.39,361.92,471.04,361.92,471.04,380,451.39,380
444.36,359.42,463.98,359.42,463.98,377.47,444.36,377.47
440.78,358.46,460.44,358.46,460.44,376.55,440.78,376.55
436.66,357.14,456.4,357.14,456.4,375.3,436.66,375.3
431.15,356.36,450.87,356.36,450.87,374.5,431.15,374.5
427.22,355.64,447.04,355.64,447.04,373.88,427.22,373.88
423.22,355.2,443.08,355.2,443.08,373.46,423.22,373.46
417.96,355.18,437.9,355.18,437.9,373.53,417.96,373.53
410.63,353.56,430.51,353.56,430.51,371.85,410.63,371.85
408.53,353.33,428.37,353.33,428.37,371.59,408.53,371.59
405.88,353.07,425.71,353.07,425.71,371.33,405.88,371.33
401.4,351.51,421.13,351.51,421.13,369.65,401.4,369.65
396.81,350.53,416.43,350.53,416.43,368.59,396.81,368.59
392.81,349.58,412.45,349.58,412.45,367.65,392.81,367.65
391.25,349.33,410.91,349.33,410.91,367.42,391.25,367.42
389.73,349.11,409.41,349.11,409.41,367.22,389.73,367.22
388.51,349.82,408.31,349.82,408.31,368.03,388.51,368.03
387.88,349.77,407.65,349.77,407.65,367.96,387.88,367.96
387.54,350.17,407.32,350.17,407.32,368.37,387.54,368.37
387.62,350.89,407.36,350.89,407.36,369.05,387.62,369.05
387.68,351.27,407.46,351.27,407.46,369.46,387.68,369.46
388.9,352.48,408.73,352.48,408.73,370.72,388.9,370.72
389.22,353.66,409.11,353.66,409.11,371.96,389.22,371.96
392.18,354.49,412.05,354.49,412.05,372.77,392.18,372.77
395.2,356.42,414.98,356.42,414.98,374.62,395.2,374.62
399.29,358.07,419.06,358.07,419.06,376.26,399.29,376.26
401.83,358.81,421.6,358.81,421.6,377,401.83,377
404.45,359.78,424.15,359.78,424.15,377.9,404.45,377.9
408.07,361.58,427.92,361.58,427.92,379.85,408.07,379.85
401.48,363.25,421.38,363.25,421.38,381.55,401.48,381.55
401.42,363.4,421.34,363.4,421.34,381.72,401.42,381.72
393.44,365.76,413.33,365.76,413.33,384.05,393.44,384.05
401.26,363.4,421.22,363.4,421.22,381.76,401.26,381.76
400.7,362.78,420.54,362.78,420.54,381.03,400.7,381.03
401.48,363.37,421.33,363.37,421.33,381.64,401.48,381.64
401.41,363.51,421.31,363.51,421.31,381.82,401.41,381.82
401.32,363.47,421.22,363.47,421.22,381.78,401.32,381.78
401.39,363.34,421.3,363.34,421.3,381.66,401.39,381.66
393.32,366.02,413.3,366.02,413.3,384.39,393.32,384.39
393.15,366.39,413.23,366.39,413.23,384.86,393.15,384.86
400.73,363.06,420.67,363.06,420.67,381.41,400.73,381.41
400.7,363.11,420.59,363.11,420.59,381.4,400.7,381.4
401.36,363.49,421.26,363.49,421.26,381.8,401.36,381.8
401.47,363.09,421.44,363.09,421.44,381.46,401.47,381.46
400.71,362.95,420.61,362.95,420.61,381.25,400.71,381.25
401.37,363.67,421.24,363.67,421.24,381.96,401.37,381.96
401.3,363.55,421.17,363.55,421.17,381.83,401.3,381.83
401.06,363.49,420.95,363.49,420.95,381.8,401.06,381.8
401.23,363.33,421.17,363.33,421.17,381.68,401.23,381.68
400.89,362.7,420.74,362.7,420.74,380.96,400.89,380.96
401.31,363.47,421.22,363.47,421.22,381.78,401.31,381.78
401.45,363.58,421.32,363.58,421.32,381.86,401.45,381.86
401.29,363.36,421.21,363.36,421.21,381.69,401.29,381.69
401,362.93,420.79,362.93,420.79,381.14,401,381.14
401.36,363.23,421.2,363.23,421.2,381.48,401.36,381.48
401.36,363.31,421.27,363.31,421.27,381.62,401.36,381.62
401.12,363.56,421.03,363.56,421.03,381.88,401.12,381.88
400.89,362.85,420.67,362.85,420.67,381.05,400.89,381.05
401.42,363.62,421.26,363.62,421.26,381.87,401.42,381.87
401.46,363.18,421.31,363.18,421.31,381.45,401.46,381.45
401.33,363.26,421.24,363.26,421.24,381.58,401.33,381.58
400.73,362.88,420.49,362.88,420.49,381.06,400.73,381.06
401.44,363.5,421.3,363.5,421.3,381.77,401.44,381.77
401.07,363.84,420.99,363.84,420.99,382.16,401.07,382.16
400.81,362.94,420.65,362.94,420.65,381.19,400.81,381.19
401.19,363.28,421.09,363.28,421.09,381.59,401.19,381.59
401.16,363.25,421.13,363.25,421.13,381.63,401.16,381.63
400.81,362.91,420.62,362.91,420.62,381.13,400.81,381.13
401.22,363.58,421.11,363.58,421.11,381.89,401.22,381.89
401.15,363.43,421.09,363.43,421.09,381.77,401.15,381.77
400.82,362.93,420.64,362.93,420.64,381.17,400.82,381.17
401.25,363.47,421.15,363.47,421.15,381.77,401.25,381.77
401.23,363.42,421.2,363.42,421.2,381.79,401.23,381.79
400.84,363.09,420.66,363.09,420.66,381.32,400.84,381.32
401.25,363.71,421.14,363.71,421.14,382.01,401.25,382.01
401.22,363.47,421.14,363.47,421.14,381.79,401.22,381.79
400.91,362.93,420.72,362.93,420.72,381.15,400.91,381.15
401.3,363.41,421.21,363.41,421.21,381.72,401.3,381.72
401.22,363.41,421.15,363.41,421.15,381.75,401.22,381.75
400.93,363.16,420.72,363.16,420.72,381.36,400.93,381.36
401.39,363.59,421.21,363.59,421.21,381.83,401.39,381.83
401.44,363.44,421.3,363.44,421.3,381.71,401.44,381.71
401.37,363.44,421.3,363.44,421.3,381.77,401.37,381.77
401.05,362.82,420.86,362.82,420.86,381.04,401.05,381.04
401.32,363.45,421.19,363.45,421.19,381.73,401.32,381.73
401.37,363.29,421.3,363.29,421.3,381.63,401.37,381.63
400.88,362.76,420.68,362.76,420.68,380.98,400.88,380.98
401.41,363.4,421.26,363.4,421.26,381.66,401.41,381.66
401.42,363.18,421.32,363.18,421.32,381.5,401.42,381.5
401.39,363.32,421.3,363.32,421.3,381.64,401.39,381.64
400.85,363.11,420.63,363.11,420.63,381.3,400.85,381.3
401.44,363.48,421.24,363.48,421.24,381.7,401.44,381.7
401.5,363.25,421.34,363.25,421.34,381.5,401.5,381.5
401.44,363.19,421.36,363.19,421.36,381.51,401.44,381.51
400.93,362.79,420.7,362.79,420.7,380.97,400.93,380.97
401.53,363.56,421.36,363.56,421.36,381.81,401.53,381.81
401.43,363.66,421.29,363.66,421.29,381.94,401.43,381.94
401.52,363.36,421.44,363.36,421.44,381.69,401.52,381.69
401.06,362.72,420.84,362.72,420.84,380.93,401.06,380.93
401.38,363.1,421.21,363.1,421.21,381.35,401.38,381.35
401.46,363.3,421.32,363.3,421.32,381.57,401.46,381.57
401.45,363.56,421.33,363.56,421.33,381.85,401.45,381.85
401.42,363.41,421.3,363.41,421.3,381.7,401.42,381.7
401.46,363.35,421.31,363.35,421.31,381.61,401.46,381.61
401.28,363.26,421.18,363.26,421.18,381.58,401.28,381.58
401.33,363.1,421.33,363.1,421.33,381.5,401.33,381.5
401.05,363,420.88,363,420.88,381.24,401.05,381.24
401.51,363.71,421.35,363.71,421.35,381.96,401.51,381.96
401.49,363.47,421.37,363.47,421.37,381.76,401.49,381.76
401.38,363.18,421.3,363.18,421.3,381.5,401.38,381.5
401.03,362.69,420.79,362.69,420.79,380.87,401.03,380.87
401.45,363.35,421.28,363.35,421.28,381.59,401.45,381.59
401.55,363.67,421.41,363.67,421.41,381.94,401.55,381.94
401.48,363.69,421.36,363.69,421.36,381.98,401.48,381.98
401.42,363.46,421.31,363.46,421.31,381.76,401.42,381.76
401.49,363.24,421.4,363.24,421.4,381.55,401.49,381.55
400.9,362.9,420.65,362.9,420.65,381.08,400.9,381.08
401.48,363.51,421.29,363.51,421.29,381.74,401.48,381.74
401.27,363.66,421.11,363.66,421.11,381.9,401.27,381.9
401.28,363.5,421.18,363.5,421.18,381.81,401.28,381.81
401.37,363.36,421.27,363.36,421.27,381.67,401.37,381.67
401.25,363.19,421.19,363.19,421.19,381.54,401.25,381.54
400.98,362.75,420.8,362.75,420.8,380.98,400.98,380.98
401.33,363.24,421.2,363.24,421.2,381.53,401.33,381.53
401.38,363.6,421.27,363.6,421.27,381.9,401.38,381.9
401.33,363.5,421.22,363.5,421.22,381.8,401.33,381.8
401.33,363.32,421.28,363.32,421.28,381.67,401.33,381.67
400.81,362.86,420.61,362.86,420.61,381.08,400.81,381.08
401.42,363.44,421.27,363.44,421.27,381.69,401.42,381.69
401.35,363.36,421.28,363.36,421.28,381.7,401.35,381.7
400.93,362.91,420.72,362.91,420.72,381.12,400.93,381.12
401.3,363.34,421.18,363.34,421.18,381.62,401.3,381.62
401.34,363.32,421.22,363.32,421.22,381.61,401.34,381.61
401.25,363.36,421.17,363.36,421.17,381.68,401.25,381.68
400.96,363.04,420.76,363.04,420.76,381.26,400.96,381.26
401.31,363.54,421.16,363.54,421.16,381.8,401.31,381.8
401.28,363.27,421.2,363.27,421.2,381.59,401.28,381.59
400.9,362.85,420.64,362.85,420.64,381.01,400.9,381.01
401.36,363.39,421.13,363.39,421.13,381.58,401.36,381.58
401.29,363.63,421.13,363.63,421.13,381.88,401.29,381.88
401.2,363.48,421.14,363.48,421.14,381.83,401.2,381.83
400.92,362.92,420.64,362.92,420.64,381.06,400.92,381.06
401.3,363.36,421.13,363.36,421.13,381.61,401.3,381.61
401.3,363.36,421.21,363.36,421.21,381.68,401.3,381.68
400.97,363.12,420.69,363.12,420.69,381.26,400.97,381.26
401.44,363.66,421.21,363.66,421.21,381.86,401.44,381.86
401.27,363.31,421.12,363.31,421.12,381.57,401.27,381.57
401.22,363.29,421.16,363.29,421.16,381.63,401.22,381.63
400.93,362.83,420.74,362.83,420.74,381.06,400.93,381.06
401.34,363.48,421.2,363.48,421.2,381.75,401.34,381.75
401.34,363.48,421.23,363.48,421.23,381.78,401.34,381.78
401.34,363.52,421.23,363.52,421.23,381.82,401.34,381.82
401.24,363.37,421.19,363.37,421.19,381.71,401.24,381.71
400.86,362.67,420.65,362.67,420.65,380.89,400.86,380.89
401.25,363.19,421.12,363.19,421.12,381.47,401.25,381.47
401.28,363.28,421.23,363.28,421.23,381.64,401.28,381.64
400.84,363.13,420.62,363.13,420.62,381.33,400.84,381.33
401.4,363.82,421.24,363.82,421.24,382.07,401.4,382.07
401.19,363.26,421.12,363.26,421.12,381.6,401.19,381.6
400.85,362.79,420.58,362.79,420.58,380.94,400.85,380.94
401.44,363.27,421.25,363.27,421.25,381.5,401.44,381.5
401.27,363.53,421.14,363.53,421.14,381.81,401.27,381.81
401.27,363.6,421.23,363.6,421.23,381.97,401.27,381.97
400.92,363.11,420.66,363.11,420.66,381.27,400.92,381.27
401.29,362.95,421.14,362.95,421.14,381.22,401.29,381.22
401.27,363.19,421.19,363.19,421.19,381.51,401.27,381.51
400.81,362.92,420.61,362.92,420.61,381.13,400.81,381.13
401.45,363.71,421.32,363.71,421.32,381.98,401.45,381.98
401.32,363.58,421.22,363.58,421.22,381.89,401.32,381.89
401.23,363.21,421.19,363.21,421.19,381.57,401.23,381.57
400.86,362.61,420.62,362.61,420.62,380.79,400.86,380.79
401.24,363.16,421.1,363.16,421.1,381.43,401.24,381.43
401.29,363.57,421.2,363.57,421.2,381.89,401.29,381.89
400.92,363.21,420.65,363.21,420.65,381.36,400.92,381.36
401.32,363.62,421.1,363.62,421.1,381.81,401.32,381.81
401.24,363.32,421.12,363.32,421.12,381.62,401.24,381.62
401.1,363.07,421.07,363.07,421.07,381.45,401.1,381.45
400.86,362.75,420.64,362.75,420.64,380.95,400.86,380.95
401.3,363.47,421.12,363.47,421.12,381.7,401.3,381.7
401.25,363.65,421.13,363.65,421.13,381.95,401.25,381.95
401.19,363.53,421.09,363.53,421.09,381.84,401.19,381.84
401.08,363.04,421.09,363.04,421.09,381.45,401.08,381.45
400.71,362.7,420.41,362.7,420.41,380.84,400.71,380.84
401.2,363.45,421.03,363.45,421.03,381.69,401.2,381.69
401.11,363.47,421.03,363.47,421.03,381.8,401.11,381.8
400.84,363.17,420.6,363.17,420.6,381.35,400.84,381.35
401.22,363.55,421.02,363.55,421.02,381.77,401.22,381.77
401.11,363.25,421.01,363.25,421.01,381.56,401.11,381.56
401.04,363.09,421.05,363.09,421.05,381.5,401.04,381.5
400.81,362.83,420.49,362.83,420.49,380.93,400.81,380.93
401.21,363.56,420.99,363.56,420.99,381.76,401.21,381.76
401.21,363.54,421.03,363.54,421.03,381.77,401.21,381.77
401.2,363.51,421.09,363.51,421.09,381.81,401.2,381.81
401.16,363.39,421.07,363.39,421.07,381.7,401.16,381.7
400.84,362.8,420.6,362.8,420.6,380.98,400.84,380.98
401.21,363.32,421.06,363.32,421.06,381.57,401.21,381.57
401.05,363.37,420.97,363.37,420.97,381.7,401.05,381.7
400.7,362.94,420.47,362.94,420.47,381.12,400.7,381.12
401.31,363.38,421.11,363.38,421.11,381.59,401.31,381.59
401.16,363.5,421.02,363.5,421.02,381.77,401.16,381.77
401.15,363.36,421.09,363.36,421.09,381.7,401.15,381.7
400.78,362.87,420.53,362.87,420.53,381.04,400.78,381.04
401.15,363.42,421.04,363.42,421.04,381.72,401.15,381.72
401.06,363.31,421.03,363.31,421.03,381.68,401.06,381.68
400.8,363.04,420.54,363.04,420.54,381.21,400.8,381.21
401.28,363.42,421.09,363.42,421.09,381.65,401.28,381.65
401.29,363.39,421.15,363.39,421.15,381.66,401.29,381.66
401.1,363.27,421.08,363.27,421.08,381.66,401.1,381.66
400.68,362.84,420.47,362.84,420.47,381.04,400.68,381.04
401.23,363.56,421.07,363.56,421.07,381.81,401.23,381.81
401.14,363.31,421.08,363.31,421.08,381.66,401.14,381.66
400.74,362.93,420.51,362.93,420.51,381.12,400.74,381.12
401.17,363.49,421.03,363.49,421.03,381.75,401.17,381.75
401.08,363.17,421.01,363.17,421.01,381.51,401.08,381.51
400.81,362.8,420.59,362.8,420.59,381,400.81,381
401.27,363.41,421.08,363.41,421.08,381.64,401.27,381.64
401.2,363.51,421.07,363.51,421.07,381.79,401.2,381.79
401.18,363.48,421.1,363.48,421.1,381.81,401.18,381.81
400.78,362.65,420.53,362.65,420.53,380.83,400.78,380.83
401.11,363.09,420.98,363.09,420.98,381.38,401.11,381.38
401.25,363.1,421.19,363.1,421.19,381.44,401.25,381.44
400.93,363.19,420.64,363.19,420.64,381.32,400.93,381.32
401.28,363.66,421.06,363.66,421.06,381.86,401.28,381.86
401.27,363.46,421.12,363.46,421.12,381.73,401.27,381.73
401.19,363.4,421.09,363.4,421.09,381.71,401.19,381.71
401.21,363.22,421.14,363.22,421.14,381.56,401.21,381.56
400.81,362.82,420.55,362.82,420.55,380.97,400.81,380.97
401.28,363.48,421.09,363.48,421.09,381.71,401.28,381.71
401.27,363.6,421.09,363.6,421.09,381.83,401.27,381.83
401.24,363.63,421.13,363.63,421.13,381.94,401.24,381.94
401.27,363.38,421.16,363.38,421.16,381.68,401.27,381.68
401.28,363.16,421.19,363.16,421.19,381.48,401.28,381.48
400.98,362.99,420.65,362.99,420.65,381.08,400.98,381.08
401.04,363.2,420.61,363.2,420.61,381.2,401.04,381.2
401.02,363.19,420.51,363.19,420.51,381.12,401.02,381.12
400.96,363.3,420.47,363.3,420.47,381.24,400.96,381.24
400.97,362.9,420.46,362.9,420.46,380.84,400.97,380.84
400.98,362.58,420.51,362.58,420.51,380.54,400.98,380.54
401.09,362.65,420.57,362.65,420.57,380.57,401.09,380.57
401.13,363.11,420.6,363.11,420.6,381.02,401.13,381.02
401.18,363.42,420.64,363.42,420.64,381.32,401.18,381.32
401.14,363.34,420.6,363.34,420.6,381.24,401.14,381.24
400.97,362.73,420.46,362.73,420.46,380.66,400.97,380.66
400.98,362.46,420.5,362.46,420.5,380.42,400.98,380.42
401.14,363.22,420.61,363.22,420.61,381.13,401.14,381.13
401.22,363.46,420.65,363.46,420.65,381.34,401.22,381.34
401.2,363.06,420.64,363.06,420.64,380.95,401.2,380.95
401.16,362.63,420.59,362.63,420.59,380.52,401.16,380.52
401.13,362.52,420.57,362.52,420.57,380.41,401.13,380.41
401.25,363.02,420.68,363.02,420.68,380.9,401.25,380.9
401.15,363.47,420.59,363.47,420.59,381.36,401.15,381.36
401.18,363.34,420.63,363.34,420.63,381.24,401.18,381.24
401.05,362.69,420.52,362.69,420.52,380.61,401.05,380.61
401.12,362.48,420.58,362.48,420.58,380.38,401.12,380.38
401.14,362.75,420.62,362.75,420.62,380.67,401.14,380.67
401.05,363.12,420.5,363.12,420.5,381.02,401.05,381.02
401.16,363.19,420.56,363.19,420.56,381.04,401.16,381.04
401.5,363.79,421.13,363.79,421.13,381.85,401.5,381.85
401.16,363.04,420.66,363.04,420.66,380.98,401.16,380.98
400.99,362.77,420.48,362.77,420.48,380.7,400.99,380.7
398.05,362.84,417.63,362.84,417.63,380.86,398.05,380.86
383.72,367.31,403.42,367.31,403.42,385.43,383.72,385.43
369.26,378.86,389.33,378.86,389.33,397.32,369.26,397.32
367.2,379.14,387.19,379.14,387.19,397.53,367.2,397.53
361.45,382.59,381.15,382.59,381.15,400.72,361.45,400.72
357.76,378.89,377.32,378.89,377.32,396.89,357.76,396.89
365.17,385.37,384.67,385.37,384.67,403.31,365.17,403.31
364.03,380.89,383.31,380.89,383.31,398.63,364.03,398.63
364.91,384.85,384,384.85,384,402.41,364.91,402.41
364.72,383.51,383.72,383.51,383.72,401,364.72,401
364.99,382.01,383.78,382.01,383.78,399.3,364.99,399.3
365.45,384.27,384.18,384.27,384.18,401.49,365.45,401.49
365.51,383.87,383.96,383.87,383.96,400.84,365.51,400.84
365.04,382.53,383.47,382.53,383.47,399.49,365.04,399.49
365.75,384.38,384.13,384.38,384.13,401.3,365.75,401.3
366.47,383.64,384.8,383.64,384.8,400.5,366.47,400.5
365.12,383.08,383.42,383.08,383.42,399.92,365.12,399.92
365.9,384.46,384.37,384.46,384.37,401.45,365.9,401.45
365.64,383.19,383.9,383.19,383.9,400,365.64,400
365.12,382.71,383.36,382.71,383.36,399.49,365.12,399.49
365.96,383.78,383.9,383.78,383.9,400.29,365.96,400.29
365.27,382.64,383.44,382.64,383.44,399.37,365.27,399.37
365.06,383.35,383.24,383.35,383.24,400.07,365.06,400.07
365.59,383.67,383.66,383.67,383.66,400.29,365.59,400.29
364.63,382.72,382.67,382.72,382.67,399.32,364.63,399.32
365.5,382.62,383.55,382.62,383.55,399.22,365.5,399.22
365.16,382.71,383.1,382.71,383.1,399.21,365.16,399.21
365.83,383.03,383.81,383.03,383.81,399.58,365.83,399.58
366.28,383.8,384.52,383.8,384.52,400.58,366.28,400.58
365.27,383.98,383.44,383.98,383.44,400.7,365.27,400.7
365.3,383.25,383.46,383.25,383.46,399.96,365.3,399.96
363.35,368.38,381.41,368.38,381.41,385,363.35,385
361.84,368.23,380.06,368.23,380.06,385,361.84,385
360.19,367.97,378.35,367.97,378.35,384.68,360.19,384.68
358.88,367.7,376.94,367.7,376.94,384.3,358.88,384.3
358.86,367.8,376.91,367.8,376.91,384.4,358.86,384.4
359.14,367.07,377.02,367.07,377.02,383.53,359.14,383.53
359.93,367.19,377.8,367.19,377.8,383.63,359.93,383.63
360.6,367.07,378.47,367.07,378.47,383.51,360.6,383.51
361.07,367.11,379.1,367.11,379.1,383.7,361.07,383.7
360.23,366.64,378.33,366.64,378.33,383.3,360.23,383.3
359.74,366.79,377.73,366.79,377.73,383.34,359.74,383.34
358.18,366.49,375.98,366.49,375.98,382.87,358.18,382.87
356.57,366.31,374.28,366.31,374.28,382.61,356.57,382.61
352.55,367.69,370.2,367.69,370.2,383.93,352.55,383.93
345.1,367.13,362.68,367.13,362.68,383.3,345.1,383.3
337.57,366.78,355.27,366.78,355.27,383.06,337.57,383.06
332.9,365.7,350.6,365.7,350.6,381.98,332.9,381.98
325.65,363.86,343.34,363.86,343.34,380.14,325.65,380.14
319.58,363.66,337.18,363.66,337.18,379.86,319.58,379.86
293.97,364.93,311.74,364.93,311.74,381.28,293.97,381.28
293.83,365.33,311.69,365.33,311.69,381.77,293.83,381.77
293.76,365.29,311.74,365.29,311.74,381.84,293.76,381.84
294.51,357.71,312.44,357.71,312.44,374.21,294.51,374.21
291.78,357.3,309.69,357.3,309.69,373.77,291.78,373.77
293.34,365.1,311.28,365.1,311.28,381.6,293.34,381.6
293.84,365.36,311.92,365.36,311.92,381.99,293.84,381.99
293.19,364.99,311.36,364.99,311.36,381.7,293.19,381.7
296.9,364.37,315.15,364.37,315.15,381.17,296.9,381.17
287.26,356.26,306.01,356.26,306.01,373.52,287.26,373.52
281.74,361.71,300.53,361.71,300.53,379,281.74,379
273.24,361.36,291.95,361.36,291.95,378.57,273.24,378.57
265.97,365.2,284.72,365.2,284.72,382.45,265.97,382.45
275.64,362.13,294.25,362.13,294.25,379.25,275.64,379.25
273.23,356.84,291.88,356.84,291.88,373.99,273.23,373.99
277.48,355.15,296.27,355.15,296.27,372.44,277.48,372.44
280.79,365.69,299.55,365.69,299.55,382.95,280.79,382.95
282.93,362.14,301.54,362.14,301.54,379.26,282.93,379.26
277.07,356.69,295.82,356.69,295.82,373.94,277.07,373.94
291.34,355.44,310.03,355.44,310.03,372.63,291.34,372.63
301.38,351.43,320.04,351.43,320.04,368.6,301.38,368.6
301.96,353.52,320.65,353.52,320.65,370.71,301.96,370.71
290.3,354.8,309.06,354.8,309.06,372.06,290.3,372.06
290.85,354.22,309.61,354.22,309.61,371.49,290.85,371.49
278.68,357.68,297.4,357.68,297.4,374.91,278.68,374.91
281.29,365.01,299.99,365.01,299.99,382.21,281.29,382.21
295.04,359.64,313.74,359.64,313.74,376.83,295.04,376.83
290.99,355.58,309.77,355.58,309.77,372.86,290.99,372.86
290.92,354.3,309.72,354.3,309.72,371.6,290.92,371.6
278.46,356.15,297.23,356.15,297.23,373.41,278.46,373.41
278.23,357.48,296.95,357.48,296.95,374.7,278.23,374.7
278.65,357.71,297.37,357.71,297.37,374.94,278.65,374.94
283.94,361.62,302.6,361.62,302.6,378.78,283.94,378.78
278.07,357.06,296.73,357.06,296.73,374.23,278.07,374.23
277.5,356.16,296.33,356.16,296.33,373.48,277.5,373.48
283.84,360.97,302.55,360.97,302.55,378.18,283.84,378.18
278,357.13,296.72,357.13,296.72,374.35,278,374.35
278.8,357.85,297.47,357.85,297.47,375.03,278.8,375.03
278.11,357.14,296.76,357.14,296.76,374.3,278.11,374.3
278.23,355.85,296.88,355.85,296.88,373.01,278.23,373.01
277.55,356.57,296.22,356.57,296.22,373.76,277.55,373.76
277.81,356.78,296.49,356.78,296.49,373.97,277.81,373.97
278.02,357.6,296.74,357.6,296.74,374.82,278.02,374.82
278.59,358.34,297.28,358.34,297.28,375.54,278.59,375.54
278.69,356.52,297.31,356.52,297.31,373.66,278.69,373.66
278.11,352.32,296.76,352.32,296.76,369.48,278.11,369.48
275.75,335.14,294.28,335.14,294.28,352.19,275.75,352.19
270.39,335.05,288.87,335.05,288.87,352.05,270.39,352.05
267.31,335.04,285.65,335.04,285.65,351.91,267.31,351.91
263.13,334.61,281.36,334.61,281.36,351.39,263.13,351.39
259.68,332.46,277.88,332.46,277.88,349.21,259.68,349.21
257.23,331.24,275.3,331.24,275.3,347.87,257.23,347.87
257,331.36,275.09,331.36,275.09,348,257,348
257.74,331.74,275.86,331.74,275.86,348.41,257.74,348.41
256.03,331.75,274.12,331.75,274.12,348.39,256.03,348.39
257.5,331.92,275.53,331.92,275.53,348.5,257.5,348.5
256.14,329.86,274.17,329.86,274.17,346.45,256.14,346.45
257.54,331.26,275.58,331.26,275.58,347.85,257.54,347.85
254.38,331.34,272.48,331.34,272.48,347.99,254.38,347.99
252.89,331.8,270.94,331.8,270.94,348.41,252.89,348.41
252.2,333.56,270.22,333.56,270.22,350.14,252.2,350.14
247.78,331.89,265.85,331.89,265.85,348.52,247.78,348.52
244.04,330.25,262.04,330.25,262.04,346.81,244.04,346.81
241.2,330.75,259.13,330.75,259.13,347.25,241.2,347.25
235.56,330.98,253.45,330.98,253.45,347.44,235.56,347.44
232.09,330.77,249.97,330.77,249.97,347.22,232.09,347.22
229.41,330.08,247.25,330.08,247.25,346.48,229.41,346.48
221.45,325.89,239.3,325.89,239.3,342.31,221.45,342.31
212.59,325.01,230.34,325.01,230.34,341.34,212.59,341.34
208.85,324.15,226.74,324.15,226.74,340.62,208.85,340.62
205.77,324.67,223.67,324.67,223.67,341.14,205.77,341.14
200.35,324.72,218.27,324.72,218.27,341.2,200.35,341.2
197.8,323.68,215.81,323.68,215.81,340.25,197.8,340.25
193.84,320.66,211.68,320.66,211.68,337.08,193.84,337.08
193.63,321.23,211.31,321.23,211.31,337.5,193.63,337.5
191.44,321.07,209.15,321.07,209.15,337.35,191.44,337.35
190.26,320.52,208.08,320.52,208.08,336.92,190.26,336.92
190,320.5,207.97,320.5,207.97,337.02,190,337.02
188.26,318.71,206.34,318.71,206.34,335.34,188.26,335.34
186.95,318.43,205.11,318.43,205.11,335.14,186.95,335.14
186.14,319.44,204.41,319.44,204.41,336.25,186.14,336.25
183.97,321.56,202.12,321.56,202.12,338.25,183.97,338.25
182.04,321.04,200.24,321.04,200.24,337.78,182.04,337.78
172.7,335.84,190.92,335.84,190.92,352.61,172.7,352.61
172.21,337.41,190.42,337.41,190.42,354.16,172.21,354.16
172.45,341.49,190.67,341.49,190.67,358.25,172.45,358.25
172.62,342.54,190.74,342.54,190.74,359.22,172.62,359.22
173.15,344.65,191.25,344.65,191.25,361.3,173.15,361.3
173.02,343.4,190.99,343.4,190.99,359.93,173.02,359.93
173.15,342.75,191.14,342.75,191.14,359.29,173.15,359.29
173.24,341.82,191.27,341.82,191.27,358.4,173.24,358.4
173.05,354.51,191.1,354.51,191.1,371.12,173.05,371.12
173.03,360.31,191.06,360.31,191.06,376.9,173.03,376.9
173.11,360.79,191.14,360.79,191.14,377.38,173.11,377.38
173.33,360.87,191.39,360.87,191.39,377.49,173.33,377.49
173.18,360.61,191.35,360.61,191.35,377.32,173.18,377.32
172.98,359.68,191.1,359.68,191.1,376.35,172.98,376.35
172.75,360.24,190.84,360.24,190.84,376.88,172.75,376.88
172.97,360.13,191.13,360.13,191.13,376.84,172.97,376.84
173.1,358.1,191.27,358.1,191.27,374.82,173.1,374.82
173.1,359.87,191.31,359.87,191.31,376.63,173.1,376.63
172.84,357.65,191.19,357.65,191.19,374.53,172.84,374.53
173.21,359.7,191.42,359.7,191.42,376.46,173.21,376.46
172.89,359.97,191.11,359.97,191.11,376.73,172.89,376.73
172.92,360.36,191.14,360.36,191.14,377.11,172.92,377.11
173.12,360.76,191.34,360.76,191.34,377.52,173.12,377.52
172.47,360.5,190.74,360.5,190.74,377.3,172.47,377.3
173.44,358.8,191.75,358.8,191.75,375.64,173.44,375.64
173.11,360.49,191.36,360.49,191.36,377.29,173.11,377.29
173.13,360.99,191.26,360.99,191.26,377.67,173.13,377.67
172.7,360.5,190.75,360.5,190.75,377.11,172.7,377.11
172.78,360.61,190.78,360.61,190.78,377.16,172.78,377.16
173.57,361.1,191.64,361.1,191.64,377.73,173.57,377.73
172.65,359.82,190.74,359.82,190.74,376.46,172.65,376.46
172.76,359.98,190.89,359.98,190.89,376.65,172.76,376.65
172.71,360.31,190.83,360.31,190.83,376.99,172.71,376.99
172.68,360.8,190.78,360.8,190.78,377.45,172.68,377.45
173.14,360.54,191.21,360.54,191.21,377.17,173.14,377.17
172.92,360.81,190.96,360.81,190.96,377.41,172.92,377.41
172.7,359.97,190.8,359.97,190.8,376.62,172.7,376.62
172.69,359.93,190.68,359.93,190.68,376.47,172.69,376.47
173.58,361.02,191.51,361.02,191.51,377.51,173.58,377.51
173.7,361.46,191.59,361.46,191.59,377.92,173.7,377.92
173.3,361.56,191.22,361.56,191.22,378.05,173.3,378.05
173.6,361.23,191.47,361.23,191.47,377.68,173.6,377.68
173.22,360.67,191.22,360.67,191.22,377.23,173.22,377.23
173.14,359.99,191.14,359.99,191.14,376.55,173.14,376.55
173.05,360.89,191.07,360.89,191.07,377.46,173.05,377.46
173.04,360.88,191.01,360.88,191.01,377.42,173.04,377.42
173.55,361.35,191.47,361.35,191.47,377.83,173.55,377.83
173.32,361.21,191.2,361.21,191.2,377.66,173.32,377.66
173.17,360.45,191.2,360.45,191.2,377.03,173.17,377.03
173.03,360.14,191.03,360.14,191.03,376.7,173.03,376.7
173.37,361.2,191.35,361.2,191.35,377.74,173.37,377.74
173.53,361.28,191.43,361.28,191.43,377.75,173.53,377.75
173.36,361.13,191.28,361.13,191.28,377.61,173.36,377.61
173.28,360.47,191.28,360.47,191.28,377.03,173.28,377.03
173.11,360.29,191.13,360.29,191.13,376.86,173.11,376.86
172.62,360.24,190.66,360.24,190.66,376.84,172.62,376.84
173.16,360.81,191.01,360.81,191.01,377.23,173.16,377.23
173.36,361.15,191.29,361.15,191.29,377.65,173.36,377.65
