455.5,305.5,494.5,305.5,494.5,357.5,455.5,357.5
455.65,306.13,493.86,306.13,493.86,357.07,455.65,357.07
455.06,306.81,493.14,306.81,493.14,357.59,455.06,357.59
454.57,306.71,492.17,306.71,492.17,356.84,454.57,356.84
453.08,307.25,490.62,307.25,490.62,357.3,453.08,357.3
450.43,307.17,487.82,307.17,487.82,357.03,450.43,357.03
447.8,304.43,484.65,304.43,484.65,353.56,447.8,353.56
446.83,302.99,483.65,302.99,483.65,352.08,446.83,352.08
446.16,302.5,482.44,302.5,482.44,350.88,446.16,350.88
445.04,301.85,481.51,301.85,481.51,350.47,445.04,350.47
443.7,301.88,479.81,301.88,479.81,350.03,443.7,350.03
442.51,302.81,478.29,302.81,478.29,350.52,442.51,350.52
441.11,303.21,476.31,303.21,476.31,350.15,441.11,350.15
437.67,301.8,473.39,301.8,473.39,349.43,437.67,349.43
436.92,301.73,472.38,301.73,472.38,349.01,436.92,349.01
435.97,301.64,471.44,301.64,471.44,348.93,435.97,348.93
434.55,301.07,469.48,301.07,469.48,347.64,434.55,347.64
432.91,300.46,467.26,300.46,467.26,346.27,432.91,346.27
432.64,301.01,466.12,301.01,466.12,345.65,432.64,345.65
431.75,302.82,465.11,302.82,465.11,347.31,431.75,347.31
430.08,302.86,463.67,302.86,463.67,347.65,430.08,347.65
426.53,301.9,460.73,301.9,460.73,347.51,426.53,347.51
426.35,301.65,460.93,301.65,460.93,347.76,426.35,347.76
424.66,302.32,458.71,302.32,458.71,347.72,424.66,347.72
422.71,298.99,456.58,298.99,456.58,344.15,422.71,344.15
422.47,298.9,456.65,298.9,456.65,344.48,422.47,344.48
420.11,298.26,454.86,298.26,454.86,344.59,420.11,344.59
419.33,298.06,454.28,298.06,454.28,344.66,419.33,344.66
417.24,298.04,451.11,298.04,451.11,343.19,417.24,343.19
416.44,299.42,449.62,299.42,449.62,343.66,416.44,343.66
416.29,299.72,449.71,299.72,449.71,344.28,416.29,344.28
412.55,300.91,446.11,300.91,446.11,345.66,412.55,345.66
408.86,299.75,442.61,299.75,442.61,344.74,408.86,344.74
408.89,299.12,442.59,299.12,442.59,344.05,408.89,344.05
405.98,298.06,439.87,298.06,439.87,343.25,405.98,343.25
405.37,298.39,439.31,298.39,439.31,343.64,405.37,343.64
402.56,298.94,436.38,298.94,436.38,344.03,402.56,344.03
402.25,299.51,436.28,299.51,436.28,344.88,402.25,344.88
399.63,298.56,433.63,298.56,433.63,343.88,399.63,343.88
398.38,296.91,432.24,296.91,432.24,342.05,398.38,342.05
397.64,295.58,431.82,295.58,431.82,341.14,397.64,341.14
394.4,292.51,428.62,292.51,428.62,338.13,394.4,338.13
393.92,291.84,428.01,291.84,428.01,337.29,393.92,337.29
391.96,292.18,426.03,292.18,426.03,337.61,391.96,337.61
391.47,291.8,425.18,291.8,425.18,336.76,391.47,336.76
387.66,291.48,421.43,291.48,421.43,336.52,387.66,336.52
387.96,290.75,421.24,290.75,421.24,335.12,387.96,335.12
385.72,290.86,418.62,290.86,418.62,334.73,385.72,334.73
384.99,292.24,418.11,292.24,418.11,336.4,384.99,336.4
384.57,292.75,417.32,292.75,417.32,336.42,384.57,336.42
383.76,291.05,416.45,291.05,416.45,334.64,383.76,334.64
383.15,289.98,416.19,289.98,416.19,334.03,383.15,334.03
383.04,290.38,416.04,290.38,416.04,334.39,383.04,334.39
382.7,290.66,415.86,290.66,415.86,334.87,382.7,334.87
380.53,291.17,413.7,291.17,413.7,335.39,380.53,335.39
379.24,290.97,412.35,290.97,412.35,335.12,379.24,335.12
380.07,291.95,413.08,291.95,413.08,335.97,380.07,335.97
377.7,289.71,410.66,289.71,410.66,333.65,377.7,333.65
377.68,288.88,410.38,288.88,410.38,332.48,377.68,332.48
375.9,286.46,408.55,286.46,408.55,329.98,375.9,329.98
375.28,286.65,407.71,286.65,407.71,329.89,375.28,329.89
374.88,286.78,407.4,286.78,407.4,330.13,374.88,330.13
372.61,286.88,405.22,286.88,405.22,330.35,372.61,330.35
369.75,286.83,402.21,286.83,402.21,330.1,369.75,330.1
369.13,286.31,401.5,286.31,401.5,329.47,369.13,329.47
367.61,285.62,399.92,285.62,399.92,328.7,367.61,328.7
366.89,285.59,399.43,285.59,399.43,328.98,366.89,328.98
366.17,284.15,398.85,284.15,398.85,327.72,366.17,327.72
365.32,283.42,398.13,283.42,398.13,327.17,365.32,327.17
364.59,283.39,397.34,283.39,397.34,327.07,364.59,327.07
363.68,284.31,396.38,284.31,396.38,327.9,363.68,327.9
363.03,284.11,395.51,284.11,395.51,327.43,363.03,327.43
361.49,284.57,394.07,284.57,394.07,328.02,361.49,328.02
360.46,284.49,393.04,284.49,393.04,327.92,360.46,327.92
359.68,282.97,392.23,282.97,392.23,326.37,359.68,326.37
358.33,280.33,390.72,280.33,390.72,323.5,358.33,323.5
356.51,280.27,388.69,280.27,388.69,323.17,356.51,323.17
356.71,281.06,388.73,281.06,388.73,323.75,356.71,323.75
354.15,280.17,386.08,280.17,386.08,322.74,354.15,322.74
352.36,280.64,384.24,280.64,384.24,323.14,352.36,323.14
349.78,281.06,381.81,281.06,381.81,323.77,349.78,323.77
348.44,280.94,380.59,280.94,380.59,323.81,348.44,323.81
347.57,280.34,379.75,280.34,379.75,323.24,347.57,323.24
346.09,278.56,378.09,278.56,378.09,321.23,346.09,321.23
344.85,277.62,376.99,277.62,376.99,320.48,344.85,320.48
343.3,278.94,375.26,278.94,375.26,321.55,343.3,321.55
342.38,278.87,374.02,278.87,374.02,321.05,342.38,321.05
340.88,279.07,372.59,279.07,372.59,321.35,340.88,321.35
339.87,278.78,371.5,278.78,371.5,320.95,339.87,320.95
337.9,277.32,369.19,277.32,369.19,319.03,337.9,319.03
337.81,277.35,368.96,277.35,368.96,318.88,337.81,318.88
335.61,276.39,366.74,276.39,366.74,317.9,335.61,317.9
334.72,275.63,365.75,275.63,365.75,317.01,334.72,317.01
332.31,275.52,363.16,275.52,363.16,316.65,332.31,316.65
331.89,276.35,362.6,276.35,362.6,317.3,331.89,317.3
328.71,276.41,359.31,276.41,359.31,317.21,328.71,317.21
327.31,276.48,357.77,276.48,357.77,317.09,327.31,317.09
325.41,275.79,355.96,275.79,355.96,316.53,325.41,316.53
324.45,274.45,355.11,274.45,355.11,315.33,324.45,315.33
321.67,272.37,352.35,272.37,352.35,313.28,321.67,313.28
321.05,271.74,351.7,271.74,351.7,312.6,321.05,312.6
319.59,272.38,350.24,272.38,350.24,313.24,319.59,313.24
318.77,273.12,349.31,273.12,349.31,313.84,318.77,313.84
317.44,274.11,348.11,274.11,348.11,315,317.44,315
316.05,273.23,346.82,273.23,346.82,314.25,316.05,314.25
314.83,272.16,345.56,272.16,345.56,313.13,314.83,313.13
314.08,271.23,344.84,271.23,344.84,312.25,314.08,312.25
312.56,270.16,343.3,270.16,343.3,311.14,312.56,311.14
311.8,269.42,342.69,269.42,342.69,310.61,311.8,310.61
310.83,269.9,341.72,269.9,341.72,311.08,310.83,311.08
309.65,270.33,340.76,270.33,340.76,311.81,309.65,311.81
306.72,270.31,337.87,270.31,337.87,311.85,306.72,311.85
305.84,270.33,336.81,270.33,336.81,311.63,305.84,311.63
304.96,270.21,336.3,270.21,336.3,311.98,304.96,311.98
303.82,269.15,335.31,269.15,335.31,311.13,303.82,311.13
302.12,266.75,333.63,266.75,333.63,308.77,302.12,308.77
301.56,266.7,332.95,266.7,332.95,308.55,301.56,308.55
300.72,268.02,332.23,268.02,332.23,310.04,300.72,310.04
299.47,268.04,330.81,268.04,330.81,309.83,299.47,309.83
298.37,268.5,329.79,268.5,329.79,310.4,298.37,310.4
297.75,268.21,329.27,268.21,329.27,310.24,297.75,310.24
295.92,266.09,327.53,266.09,327.53,308.23,295.92,308.23
295.62,265.65,327.18,265.65,327.18,307.73,295.62,307.73
294.59,264.71,325.94,264.71,325.94,306.5,294.59,306.5
294.44,265.07,325.75,265.07,325.75,306.82,294.44,306.82
293.12,265.3,324.51,265.3,324.51,307.15,293.12,307.15
292.28,265.94,323.5,265.94,323.5,307.56,292.28,307.56
290.29,266.29,321.63,266.29,321.63,308.07,290.29,308.07
287.74,265.18,319.33,265.18,319.33,307.3,287.74,307.3
287.14,264.47,318.73,264.47,318.73,306.59,287.14,306.59
285.18,263.05,316.84,263.05,316.84,305.26,285.18,305.26
284.67,262.9,316.34,262.9,316.34,305.13,284.67,305.13
283.77,262.61,315.6,262.61,315.6,305.05,283.77,305.05
283.41,263.09,315.29,263.09,315.29,305.6,283.41,305.6
281.88,262.9,313.71,262.9,313.71,305.34,281.88,305.34
281.87,263.8,313.59,263.8,313.59,306.1,281.87,306.1
281.04,263.6,312.67,263.6,312.67,305.78,281.04,305.78
279.86,262.84,311.47,262.84,311.47,304.99,279.86,304.99
279.09,261.88,310.82,261.88,310.82,304.18,279.09,304.18
279.22,261.37,310.99,261.37,310.99,303.74,279.22,303.74
278.58,261.3,310.39,261.3,310.39,303.71,278.58,303.71
277.73,261.36,309.47,261.36,309.47,303.67,277.73,303.67
277.39,262.06,308.9,262.06,308.9,304.08,277.39,304.08
276.14,261.78,307.56,261.78,307.56,303.68,276.14,303.68
275.32,262.65,306.57,262.65,306.57,304.32,275.32,304.32
274.53,262.41,305.81,262.41,305.81,304.12,274.53,304.12
272.58,261.49,303.9,261.49,303.9,303.25,272.58,303.25
271.9,260.29,303.15,260.29,303.15,301.96,271.9,301.96
271.08,259.52,302.25,259.52,302.25,301.09,271.08,301.09
270.14,258.62,301.19,258.62,301.19,300.02,270.14,300.02
269.12,259.1,299.92,259.1,299.92,300.17,269.12,300.17
269.03,260.1,299.65,260.1,299.65,300.92,269.03,300.92
268.09,259.87,298.63,259.87,298.63,300.6,268.09,300.6
268.1,259.85,298.67,259.85,298.67,300.61,268.1,300.61
267.29,258.89,297.9,258.89,297.9,299.7,267.29,299.7
266.65,258.51,297.28,258.51,297.28,299.35,266.65,299.35
265.8,256.8,296.3,256.8,296.3,297.47,265.8,297.47
265.62,256.95,296.08,256.95,296.08,297.56,265.62,297.56
265.42,256.76,295.72,256.76,295.72,297.16,265.42,297.16
264.1,257.34,294.09,257.34,294.09,297.34,264.1,297.34
263.24,258.77,293.16,258.77,293.16,298.67,263.24,298.67
262.08,258.77,291.92,258.77,291.92,298.55,262.08,298.55
260.65,257.7,290.71,257.7,290.71,297.79,260.65,297.79
260.91,256.74,290.91,256.74,290.91,296.73,260.91,296.73
260.2,256.15,290.24,256.15,290.24,296.21,260.2,296.21
259.31,254.95,289.25,254.95,289.25,294.86,259.31,294.86
258.29,254.25,288.1,254.25,288.1,293.99,258.29,293.99
257.28,255.41,287.04,255.41,287.04,295.1,257.28,295.1
257.5,256.12,287.16,256.12,287.16,295.67,257.5,295.67
256.44,256.33,286.17,256.33,286.17,295.96,256.44,295.96
256.07,255.91,285.9,255.91,285.9,295.68,256.07,295.68
255.1,254.91,284.97,254.91,284.97,294.74,255.1,294.74
254.88,254.17,284.63,254.17,284.63,293.83,254.88,293.83
254.62,253.04,284.38,253.04,284.38,292.73,254.62,292.73
253.9,252.45,283.7,252.45,283.7,292.18,253.9,292.18
253,252.03,282.66,252.03,282.66,291.57,253,291.57
252.47,254.05,281.96,254.05,281.96,293.36,252.47,293.36
251.37,253.83,280.78,253.83,280.78,293.04,251.37,293.04
249.23,253.47,278.51,253.47,278.51,292.5,249.23,292.5
249.04,253.48,278.28,253.48,278.28,292.47,249.04,292.47
247.86,253.03,277.04,253.03,277.04,291.94,247.86,291.94
247.34,251.92,276.54,251.92,276.54,290.85,247.34,290.85
247.04,251.15,276.11,251.15,276.11,289.9,247.04,289.9
245.77,250.65,274.58,250.65,274.58,289.07,245.77,289.07
245.6,250.94,274.46,250.94,274.46,289.42,245.6,289.42
244.75,252.26,273.76,252.26,273.76,290.94,244.75,290.94
243.9,251.89,272.89,251.89,272.89,290.54,243.9,290.54
242.54,251.78,271.49,251.78,271.49,290.39,242.54,290.39
241.96,251.29,270.79,251.29,270.79,289.72,241.96,289.72
241.81,250.02,270.54,250.02,270.54,288.33,241.81,288.33
241.53,249.94,270.2,249.94,270.2,288.16,241.53,288.16
240.44,248.38,269.11,248.38,269.11,286.61,240.44,286.61
239.82,248.5,268.5,248.5,268.5,286.75,239.82,286.75
239.15,248.93,267.68,248.93,267.68,286.97,239.15,286.97
238.03,250,266.47,250,266.47,287.92,238.03,287.92
237.42,250.56,265.91,250.56,265.91,288.55,237.42,288.55
235.98,250.39,264.42,250.39,264.42,288.31,235.98,288.31
235.14,249.96,263.53,249.96,263.53,287.81,235.14,287.81
234.05,248.76,262.4,248.76,262.4,286.57,234.05,286.57
233.5,248.07,261.96,248.07,261.96,286.01,233.5,286.01
232.43,247.32,260.88,247.32,260.88,285.25,232.43,285.25
231.86,247.78,260.26,247.78,260.26,285.65,231.86,285.65
230.97,248.87,259.42,248.87,259.42,286.8,230.97,286.8
230.1,248.77,258.59,248.77,258.59,286.76,230.1,286.76
229.16,248.3,257.75,248.3,257.75,286.42,229.16,286.42
228.35,247.7,256.72,247.7,256.72,285.51,228.35,285.51
228.48,248.04,256.73,248.04,256.73,285.71,228.48,285.71
227.04,245.91,255.18,245.91,255.18,283.43,227.04,283.43
226.57,246.23,254.62,246.23,254.62,283.64,226.57,283.64
226.26,245.82,254.3,245.82,254.3,283.2,226.26,283.2
225.6,246.4,253.56,246.4,253.56,283.68,225.6,283.68
224.68,247.05,252.63,247.05,252.63,284.32,224.68,284.32
224.03,247.33,251.93,247.33,251.93,284.52,224.03,284.52
222.17,246.36,250.2,246.36,250.2,283.72,222.17,283.72
221.84,246.32,249.92,246.32,249.92,283.75,221.84,283.75
221.36,245.74,249.3,245.74,249.3,282.99,221.36,282.99
220.57,244.78,248.47,244.78,248.47,281.99,220.57,281.99
220.17,244.49,248,244.49,248,281.6,220.17,281.6
218.63,244.3,246.18,244.3,246.18,281.03,218.63,281.03
218.72,245.04,246.3,245.04,246.3,281.81,218.72,281.81
217.85,245.63,245.57,245.63,245.57,282.6,217.85,282.6
216.88,244.85,244.77,244.85,244.77,282.04,216.88,282.04
216.25,243.94,243.98,243.94,243.98,280.92,216.25,280.92
216,243.28,243.77,243.28,243.77,280.31,216,280.31
215.29,242.29,243.01,242.29,243.01,279.25,215.29,279.25
214.62,241.51,242.21,241.51,242.21,278.3,214.62,278.3
214.03,242.33,241.51,242.33,241.51,278.97,214.03,278.97
213,243.06,240.46,243.06,240.46,279.67,213,279.67
211.51,243.4,238.73,243.4,238.73,279.69,211.51,279.69
211.08,243.75,238.37,243.75,238.37,280.13,211.08,280.13
209.14,242.85,236.2,242.85,236.2,278.92,209.14,278.92
208.93,242.12,235.75,242.12,235.75,277.88,208.93,277.88
208.64,241.95,235.29,241.95,235.29,277.49,208.64,277.49
207.27,239.59,233.89,239.59,233.89,275.08,207.27,275.08
206.75,239.67,233.24,239.67,233.24,274.99,206.75,274.99
206.08,241.13,232.45,241.13,232.45,276.29,206.08,276.29
205.62,241.87,232.12,241.87,232.12,277.21,205.62,277.21
203.98,241.67,230.55,241.67,230.55,277.09,203.98,277.09
203.72,241.44,230.4,241.44,230.4,277.01,203.72,277.01
203.53,240.87,230.05,240.87,230.05,276.22,203.53,276.22
202.87,239.64,229.15,239.64,229.15,274.67,202.87,274.67
203.08,239.8,229.18,239.8,229.18,274.61,203.08,274.61
201.77,238.73,228.01,238.73,228.01,273.71,201.77,273.71
201.11,238.9,227.4,238.9,227.4,273.95,201.11,273.95
200.52,240.18,226.91,240.18,226.91,275.38,200.52,275.38
199.8,240.44,226.54,240.44,226.54,276.09,199.8,276.09
197.97,240.29,224.9,240.29,224.9,276.2,197.97,276.2
196.4,239.78,223.45,239.78,223.45,275.85,196.4,275.85
195.62,239.37,222.64,239.37,222.64,275.4,195.62,275.4
194.19,237.88,221.39,237.88,221.39,274.15,194.19,274.15
194.08,237.24,221.26,237.24,221.26,273.47,194.08,273.47
193.47,236.99,220.67,236.99,220.67,273.25,193.47,273.25
192.81,237.38,220.01,237.38,220.01,273.64,192.81,273.64
192.03,238.59,219.17,238.59,219.17,274.77,192.03,274.77
191.55,238.94,218.78,238.94,218.78,275.25,191.55,275.25
191.13,238.88,218.19,238.88,218.19,274.96,191.13,274.96
189.91,237.91,217.06,237.91,217.06,274.11,189.91,274.11
189.63,237.7,216.82,237.7,216.82,273.95,189.63,273.95
188.87,236.73,216.05,236.73,216.05,272.97,188.87,272.97
188.52,236.27,215.79,236.27,215.79,272.64,188.52,272.64
187.77,235.99,215.16,235.99,215.16,272.51,187.77,272.51
186.85,235.74,213.98,235.74,213.98,271.91,186.85,271.91
186.19,236.83,213.17,236.83,213.17,272.81,186.19,272.81
185.42,236.89,212.22,236.89,212.22,272.62,185.42,272.62
184.37,236.99,211.11,236.99,211.11,272.64,184.37,272.64
183.75,236.88,210.48,236.88,210.48,272.53,183.75,272.53
182.9,236.27,209.46,236.27,209.46,271.69,182.9,271.69
182.28,235.32,208.85,235.32,208.85,270.74,182.28,270.74
181.87,234.71,208.36,234.71,208.36,270.03,181.87,270.03
181.3,234.5,207.8,234.5,207.8,269.83,181.3,269.83
181.04,234.71,207.5,234.71,207.5,269.98,181.04,269.98
180.15,235.53,206.57,235.53,206.57,270.76,180.15,270.76
180.48,235.66,206.89,235.66,206.89,270.88,180.48,270.88
179.62,235.4,206.07,235.4,206.07,270.67,179.62,270.67
178.65,234.91,205.06,234.91,205.06,270.13,178.65,270.13
178.6,232.79,204.7,232.79,204.7,267.58,178.6,267.58
177.86,232.25,203.61,232.25,203.61,266.58,177.86,266.58
177.59,232.17,202.8,232.17,202.8,265.79,177.59,265.79
177.22,232.4,201.98,232.4,201.98,265.42,177.22,265.42
176.94,234.43,201.42,234.43,201.42,267.06,176.94,267.06
175.98,234.27,200.31,234.27,200.31,266.71,175.98,266.71
174.9,235.27,199.26,235.27,199.26,267.75,174.9,267.75
174.28,234.86,198.61,234.86,198.61,267.31,174.28,267.31
173.25,233.18,197.53,233.18,197.53,265.55,173.25,265.55
173.09,232.2,197.3,232.2,197.3,264.48,173.09,264.48
172.2,231.79,196.33,231.79,196.33,263.97,172.2,263.97
171.41,231.68,195.6,231.68,195.6,263.93,171.41,263.93
170.98,233.09,195.3,233.09,195.3,265.52,170.98,265.52
170.28,232.99,194.72,232.99,194.72,265.59,170.28,265.59
169.08,232.67,193.43,232.67,193.43,265.14,169.08,265.14
169.28,232.49,193.66,232.49,193.66,264.99,169.28,264.99
168.31,231.09,192.68,231.09,192.68,263.59,168.31,263.59
168.66,231.14,193.19,231.14,193.19,263.85,168.66,263.85
167.53,230.01,192.21,230.01,192.21,262.91,167.53,262.91
167.26,230.25,192,230.25,192,263.24,167.26,263.24
166.55,230.93,191.41,230.93,191.41,264.07,166.55,264.07
165.3,231.04,190.17,231.04,190.17,264.19,165.3,264.19
164.15,231.63,188.81,231.63,188.81,264.52,164.15,264.52
164.21,231.61,188.81,231.61,188.81,264.41,164.21,264.41
163.19,230.85,187.76,230.85,187.76,263.62,163.19,263.62
162.44,229.98,187.03,229.98,187.03,262.75,162.44,262.75
161.94,229.05,186.63,229.05,186.63,261.96,161.94,261.96
162,229.2,186.82,229.2,186.82,262.29,162,262.29
160.89,228.85,185.85,228.85,185.85,262.13,160.89,262.13
160.43,229.63,185.54,229.63,185.54,263.11,160.43,263.11
160.95,230.31,185.93,230.31,185.93,263.62,160.95,263.62
159.63,229.63,184.6,229.63,184.6,262.91,159.63,262.91
159.26,229.11,184.19,229.11,184.19,262.35,159.26,262.35
158.72,228.38,183.71,228.38,183.71,261.71,158.72,261.71
158.06,227.7,183.13,227.7,183.13,261.13,158.06,261.13
158.51,227.6,183.43,227.6,183.43,260.83,158.51,260.83
157.57,227.1,182.53,227.1,182.53,260.38,157.57,260.38
157.13,227.26,181.91,227.26,181.91,260.31,157.13,260.31
157.22,228.96,181.86,228.96,181.86,261.81,157.22,261.81
156.81,229.16,181.41,229.16,181.41,261.97,156.81,261.97
155.64,229.3,179.98,229.3,179.98,261.76,155.64,261.76
155.1,228.96,179.29,228.96,179.29,261.21,155.1,261.21
154.35,228.16,178.37,228.16,178.37,260.18,154.35,260.18
153.63,227.18,177.52,227.18,177.52,259.03,153.63,259.03
153.6,227.13,177.47,227.13,177.47,258.96,153.6,258.96
153.21,227.42,177.11,227.42,177.11,259.29,153.21,259.29
152.63,228.14,176.55,228.14,176.55,260.02,152.63,260.02
152.27,228.41,176.24,228.41,176.24,260.38,152.27,260.38
151.27,227.77,175.19,227.77,175.19,259.67,151.27,259.67
151.27,227.85,175.18,227.85,175.18,259.73,151.27,259.73
151.03,227.64,175.03,227.64,175.03,259.63,151.03,259.63
149.97,226.13,173.91,226.13,173.91,258.04,149.97,258.04
149.96,225.79,173.77,225.79,173.77,257.54,149.96,257.54
148.98,225.66,172.86,225.66,172.86,257.49,148.98,257.49
148.69,226.04,172.5,226.04,172.5,257.78,148.69,257.78
147.8,227.44,171.39,227.44,171.39,258.9,147.8,258.9
146.43,226.89,169.86,226.89,169.86,258.13,146.43,258.13
145.33,227.01,168.66,227.01,168.66,258.12,145.33,258.12
144.35,226.4,167.49,226.4,167.49,257.24,144.35,257.24
143.57,225.5,166.46,225.5,166.46,256.03,143.57,256.03
143.05,224.89,165.67,224.89,165.67,255.05,143.05,255.05
142.97,225.06,165.34,225.06,165.34,254.88,142.97,254.88
142.36,224.94,164.61,224.94,164.61,254.61,142.36,254.61
142.32,225.81,164.53,225.81,164.53,255.43,142.32,255.43
141.55,226.14,163.49,226.14,163.49,255.39,141.55,255.39
140.63,225.92,162.51,225.92,162.51,255.1,140.63,255.1
140.82,226.12,162.66,226.12,162.66,255.24,140.82,255.24
140.01,226.04,161.73,226.04,161.73,254.99,140.01,254.99
139.67,225.31,161.33,225.31,161.33,254.18,139.67,254.18
138.83,223.44,160.24,223.44,160.24,251.99,138.83,251.99
137.84,222.09,159.02,222.09,159.02,250.33,137.84,250.33
137.55,222.71,158.48,222.71,158.48,250.63,137.55,250.63
135.28,227.27,156.45,227.27,156.45,255.49,135.28,255.49
