219.5,234.5,234.5,234.5,234.5,279.5,219.5,279.5
219.8,235.24,234.5,235.24,234.5,279.36,219.8,279.36
220.03,235.16,234.73,235.16,234.73,279.28,220.03,279.28
219.9,235.47,234.32,235.47,234.32,278.71,219.9,278.71
219.18,234.65,234.03,234.65,234.03,279.2,219.18,279.2
219.64,235.1,234.34,235.1,234.34,279.21,219.64,279.21
219.49,235.07,234.2,235.07,234.2,279.19,219.49,279.19
219.42,234.37,234.57,234.37,234.57,279.82,219.42,279.82
219.21,233.96,234.66,233.96,234.66,280.32,219.21,280.32
219.47,234.38,234.62,234.38,234.62,279.83,219.47,279.83
219.52,234.35,234.67,234.35,234.67,279.8,219.52,279.8
219.69,234.91,234.39,234.91,234.39,279.02,219.69,279.02
219.68,234.91,234.39,234.91,234.39,279.02,219.68,279.02
219.93,235.12,234.63,235.12,234.63,279.23,219.93,279.23
220.11,235.15,234.81,235.15,234.81,279.26,220.11,279.26
219.76,234.26,234.76,234.26,234.76,279.26,219.76,279.26
220.15,235.22,234.86,235.22,234.86,279.33,220.15,279.33
220.28,234.48,235.43,234.48,235.43,279.93,220.28,279.93
220.6,235.07,235.31,235.07,235.31,279.18,220.6,279.18
220.39,234.79,235.54,234.79,235.54,280.24,220.39,280.24
220.21,235.12,235.36,235.12,235.36,280.57,220.21,280.57
219.83,234.52,235.28,234.52,235.28,280.89,219.83,280.89
219.85,234.36,235.3,234.36,235.3,280.72,219.85,280.72
219.34,234.82,234.49,234.82,234.49,280.27,219.34,280.27
219.21,234.77,233.92,234.77,233.92,278.88,219.21,278.88
219.17,234.25,234.32,234.25,234.32,279.7,219.17,279.7
219.04,234.22,234.19,234.22,234.19,279.67,219.04,279.67
218.41,234.19,233.56,234.19,233.56,279.64,218.41,279.64
218.51,234.02,233.96,234.02,233.96,280.38,218.51,280.38
215.87,236.5,231.02,236.5,231.02,281.95,215.87,281.95
215.66,236.11,230.66,236.11,230.66,281.11,215.66,281.11
213.72,238.45,229.02,238.45,229.02,284.35,213.72,284.35
213.6,239.32,228.75,239.32,228.75,284.77,213.6,284.77
212.6,239.41,228.06,239.41,228.06,285.78,212.6,285.78
212.28,238.62,228.05,238.62,228.05,285.91,212.28,285.91
211.6,238.2,227.36,238.2,227.36,285.5,211.6,285.5
211.66,237.66,227.43,237.66,227.43,284.96,211.66,284.96
210.7,237.08,226.78,237.08,226.78,285.33,210.7,285.33
211.1,237.21,226.71,237.21,226.71,284.03,211.1,284.03
212.18,240.13,227.33,240.13,227.33,285.58,212.18,285.58
211.28,240.22,226.43,240.22,226.43,285.67,211.28,285.67
211.26,239.08,226.26,239.08,226.26,284.08,211.26,284.08
211.25,240.26,225.96,240.26,225.96,284.37,211.25,284.37
211.14,240.09,225.55,240.09,225.55,283.33,211.14,283.33
210.24,240.75,224.8,240.75,224.8,284.42,210.24,284.42
209.27,239.84,224.27,239.84,224.27,284.84,209.27,284.84
208.93,239.79,223.93,239.79,223.93,284.79,208.93,284.79
208.59,239.32,223.89,239.32,223.89,285.23,208.59,285.23
209.88,238.75,224.88,238.75,224.88,283.75,209.88,283.75
210.06,239.11,224.91,239.11,224.91,283.66,210.06,283.66
210.52,240.92,225.67,240.92,225.67,286.37,210.52,286.37
210.44,240.19,226.05,240.19,226.05,287.02,210.44,287.02
212.08,239.15,228.01,239.15,228.01,286.92,212.08,286.92
211.94,238.98,227.55,238.98,227.55,285.81,211.94,285.81
212.6,238.9,227.9,238.9,227.9,284.81,212.6,284.81
212.43,239.77,227.73,239.77,227.73,285.67,212.43,285.67
212.24,240.5,227.54,240.5,227.54,286.4,212.24,286.4
212.05,239.61,227.66,239.61,227.66,286.44,212.05,286.44
212.09,239.36,227.86,239.36,227.86,286.66,212.09,286.66
211.6,238.64,227.68,238.64,227.68,286.89,211.6,286.89
211.43,238.93,227.83,238.93,227.83,288.15,211.43,288.15
211.56,240.24,227.64,240.24,227.64,288.49,211.56,288.49
212.11,241.32,227.72,241.32,227.72,288.15,212.11,288.15
212.56,242.29,228.17,242.29,228.17,289.12,212.56,289.12
213.96,241.62,229.57,241.62,229.57,288.45,213.96,288.45
214.67,242.11,230.12,242.11,230.12,288.48,214.67,288.48
214.6,241.35,230.52,241.35,230.52,289.12,214.6,289.12
215.05,240.74,231.13,240.74,231.13,288.99,215.05,288.99
216.46,243.55,232.38,243.55,232.38,291.32,216.46,291.32
216.6,243.17,232.84,243.17,232.84,291.9,216.6,291.9
217.12,243.74,233.04,243.74,233.04,291.51,217.12,291.51
217.32,241.58,233.4,241.58,233.4,289.82,217.32,289.82
221.73,241.62,237.81,241.62,237.81,289.87,221.73,289.87
222.71,242.92,238.64,242.92,238.64,290.69,222.71,290.69
223.26,242.61,239.34,242.61,239.34,290.86,223.26,290.86
224.5,243.3,240.75,243.3,240.75,292.03,224.5,292.03
224.16,243.12,240.9,243.12,240.9,293.33,224.16,293.33
224.5,243.73,240.74,243.73,240.74,292.46,224.5,292.46
224.95,244.07,240.71,244.07,240.71,291.37,224.95,291.37
224.36,243.35,240.44,243.35,240.44,291.59,224.36,291.59
224.1,242.41,240.67,242.41,240.67,292.12,224.1,292.12
224.92,243.14,241,243.14,241,291.38,224.92,291.38
225.08,242.83,241.49,242.83,241.49,292.04,225.08,292.04
225.32,243.5,241.72,243.5,241.72,292.71,225.32,292.71
225.62,243.55,242.03,243.55,242.03,292.77,225.62,292.77
225.66,243.53,242.23,243.53,242.23,293.24,225.66,293.24
225.8,244.02,242.21,244.02,242.21,293.23,225.8,293.23
225.95,244.14,242.51,244.14,242.51,293.85,225.95,293.85
226.2,244.08,242.76,244.08,242.76,293.79,226.2,293.79
226.72,244.84,242.97,244.84,242.97,293.57,226.72,293.57
226,244.78,242.73,244.78,242.73,294.98,226,294.98
225.79,244.81,242.86,244.81,242.86,296.02,225.79,296.02
225.49,244.77,242.06,244.77,242.06,294.48,225.49,294.48
225.25,245.81,241.49,245.81,241.49,294.54,225.25,294.54
224.67,244.88,241.4,244.88,241.4,295.08,224.67,295.08
224.91,245.59,241.16,245.59,241.16,294.32,224.91,294.32
224.85,245.54,241.09,245.54,241.09,294.27,224.85,294.27
225.08,245.56,241,245.56,241,293.33,225.08,293.33
224.12,244.63,240.53,244.63,240.53,293.84,224.12,293.84
224.88,244.87,241.61,244.87,241.61,295.07,224.88,295.07
224.32,244.55,240.89,244.55,240.89,294.26,224.32,294.26
224.84,244.85,241.25,244.85,241.25,294.06,224.84,294.06
225.36,245.2,242.1,245.2,242.1,295.41,225.36,295.41
226.03,245.57,242.77,245.57,242.77,295.77,226.03,295.77
226.12,246.33,242.36,246.33,242.36,295.06,226.12,295.06
225.82,245.78,242.39,245.78,242.39,295.49,225.82,295.49
226.24,245.59,242.64,245.59,242.64,294.8,226.24,294.8
226.59,245.86,242.68,245.86,242.68,294.1,226.59,294.1
227.5,246.15,243.74,246.15,243.74,294.88,227.5,294.88
227.77,245.28,244.51,245.28,244.51,295.49,227.77,295.49
228.03,245.32,244.76,245.32,244.76,295.52,228.03,295.52
228.11,244.71,245.35,244.71,245.35,296.43,228.11,296.43
228.26,245.04,245.33,245.04,245.33,296.25,228.26,296.25
228.63,245.51,245.36,245.51,245.36,295.72,228.63,295.72
228.69,245.4,245.26,245.4,245.26,295.11,228.69,295.11
228.89,245.07,245.79,245.07,245.79,295.77,228.89,295.77
229.48,245.79,246.55,245.79,246.55,297,229.48,297
229.1,245.05,246.52,245.05,246.52,297.29,229.1,297.29
229.89,245.93,246.96,245.93,246.96,297.15,229.89,297.15
229.96,246.39,247.2,246.39,247.2,298.12,229.96,298.12
229.63,246.15,246.54,246.15,246.54,296.86,229.63,296.86
230.05,246.4,246.46,246.4,246.46,295.61,230.05,295.61
230.38,246.71,247.12,246.71,247.12,296.92,230.38,296.92
230.28,246.18,247.35,246.18,247.35,297.39,230.28,297.39
230.51,245.77,247.75,245.77,247.75,297.5,230.51,297.5
230.52,245.47,248.1,245.47,248.1,298.23,230.52,298.23
230.76,245.7,248,245.7,248,297.42,230.76,297.42
230.85,245.52,248.44,245.52,248.44,298.28,230.85,298.28
231.13,245.84,248.2,245.84,248.2,297.05,231.13,297.05
231.29,245.67,248.88,245.67,248.88,298.43,231.29,298.43
231.46,246.19,248.7,246.19,248.7,297.91,231.46,297.91
232.05,247.24,248.78,247.24,248.78,297.45,232.05,297.45
232.45,247.2,249.18,247.2,249.18,297.41,232.45,297.41
232.86,248.05,249.1,248.05,249.1,296.77,232.86,296.77
233.07,247.32,249.8,247.32,249.8,297.52,233.07,297.52
233.51,246.71,250.25,246.71,250.25,296.91,233.51,296.91
233.88,246.78,250.62,246.78,250.62,296.98,233.88,296.98
233.73,246.89,250.46,246.89,250.46,297.1,233.73,297.1
233.39,246.38,250.64,246.38,250.64,298.1,233.39,298.1
233.8,247,250.53,247,250.53,297.2,233.8,297.2
233.87,247.79,250.12,247.79,250.12,296.52,233.87,296.52
233.83,247.55,250.56,247.55,250.56,297.76,233.83,297.76
233.61,247.29,250.68,247.29,250.68,298.5,233.61,298.5
233.77,247.54,250.84,247.54,250.84,298.75,233.77,298.75
233.85,248.08,250.59,248.08,250.59,298.28,233.85,298.28
233.52,247.7,250.59,247.7,250.59,298.92,233.52,298.92
233.54,247.51,250.78,247.51,250.78,299.24,233.54,299.24
233.4,247.59,250.64,247.59,250.64,299.32,233.4,299.32
233.21,247.19,250.8,247.19,250.8,299.96,233.21,299.96
233.41,247.68,250.65,247.68,250.65,299.4,233.41,299.4
233.29,247.04,250.88,247.04,250.88,299.81,233.29,299.81
233.66,247.11,250.9,247.11,250.9,298.84,233.66,298.84
233.56,246.63,251.32,246.63,251.32,299.93,233.56,299.93
233.69,247.09,251.28,247.09,251.28,299.85,233.69,299.85
234.04,247.67,251.28,247.67,251.28,299.4,234.04,299.4
234.2,247.41,251.78,247.41,251.78,300.18,234.2,300.18
234.81,248.19,251.88,248.19,251.88,299.41,234.81,299.41
235.37,248.45,252.11,248.45,252.11,298.66,235.37,298.66
235.25,248.21,252.49,248.21,252.49,299.94,235.25,299.94
235.9,248.47,252.97,248.47,252.97,299.68,235.9,299.68
236.31,248.41,253.55,248.41,253.55,300.13,236.31,300.13
236.93,248.16,254.17,248.16,254.17,299.89,236.93,299.89
237.37,247.99,254.61,247.99,254.61,299.71,237.37,299.71
237.24,247.5,255.01,247.5,255.01,300.79,237.24,300.79
237.29,247.49,255.05,247.49,255.05,300.78,237.29,300.78
237.23,246.8,255.17,246.8,255.17,300.62,237.23,300.62
237.55,247.15,255.49,247.15,255.49,300.98,237.55,300.98
238.55,248.12,256.14,248.12,256.14,300.88,238.55,300.88
238.85,248.7,256.1,248.7,256.1,300.43,238.85,300.43
238.47,248.46,255.88,248.46,255.88,300.7,238.47,300.7
239.37,249.47,256.44,249.47,256.44,300.68,239.37,300.68
239.54,249.41,256.61,249.41,256.61,300.62,239.54,300.62
239.69,249.25,256.93,249.25,256.93,300.98,239.69,300.98
240.15,249.54,257.22,249.54,257.22,300.76,240.15,300.76
240.56,249.56,257.63,249.56,257.63,300.78,240.56,300.78
240.79,249.49,258.03,249.49,258.03,301.22,240.79,301.22
240.93,248.73,258.69,248.73,258.69,302.03,240.93,302.03
240.75,248.1,258.69,248.1,258.69,301.93,240.75,301.93
241.49,248.74,259.25,248.74,259.25,302.04,241.49,302.04
242.2,249.27,259.44,249.27,259.44,301,242.2,301
242.81,249.88,259.55,249.88,259.55,300.09,242.81,300.09
243.13,249.67,260.2,249.67,260.2,300.89,243.13,300.89
244.08,249.83,261.15,249.83,261.15,301.04,244.08,301.04
244.8,250.26,262.05,250.26,262.05,301.98,244.8,301.98
245.76,250.73,262.49,250.73,262.49,300.93,245.76,300.93
246.02,250.28,263.09,250.28,263.09,301.49,246.02,301.49
246.9,250.86,263.64,250.86,263.64,301.07,246.9,301.07
247.42,251.36,263.66,251.36,263.66,300.09,247.42,300.09
247.33,250.37,263.9,250.37,263.9,300.07,247.33,300.07
248.39,250.5,265.46,250.5,265.46,301.72,248.39,301.72
248.05,249.74,265.46,249.74,265.46,301.98,248.05,301.98
248.45,249.93,265.87,249.93,265.87,302.18,248.45,302.18
249.61,251.02,266.68,251.02,266.68,302.24,249.61,302.24
250.21,250.62,267.45,250.62,267.45,302.35,250.21,302.35
250.58,251.45,267.65,251.45,267.65,302.66,250.58,302.66
250.96,251.4,268.2,251.4,268.2,303.13,250.96,303.13
251.34,252.09,268.41,252.09,268.41,303.31,251.34,303.31
251.96,252.56,268.69,252.56,268.69,302.77,251.96,302.77
252.36,252.73,269.09,252.73,269.09,302.93,252.36,302.93
252.76,252.1,269.83,252.1,269.83,303.32,252.76,303.32
252.18,251.71,269.59,251.71,269.59,303.96,252.18,303.96
252.87,251.95,269.77,251.95,269.77,302.66,252.87,302.66
253.58,251.88,270.83,251.88,270.83,303.6,253.58,303.6
253.97,252.32,271.04,252.32,271.04,303.54,253.97,303.54
254.26,251.47,271.85,251.47,271.85,304.24,254.26,304.24
254.78,251.46,272.37,251.46,272.37,304.23,254.78,304.23
254.59,251.01,272.54,251.01,272.54,304.83,254.59,304.83
255.59,251.65,273.35,251.65,273.35,304.95,255.59,304.95
256.51,252.14,273.76,252.14,273.76,303.87,256.51,303.87
257.07,252.59,274.14,252.59,274.14,303.81,257.07,303.81
257.85,252.37,275.09,252.37,275.09,304.1,257.85,304.1
257.45,252.01,274.86,252.01,274.86,304.25,257.45,304.25
258.32,252.86,275.22,252.86,275.22,303.56,258.32,303.56
259.02,253.36,275.75,253.36,275.75,303.56,259.02,303.56
259.36,252.94,276.6,252.94,276.6,304.66,259.36,304.66
259.84,252.32,277.43,252.32,277.43,305.08,259.84,305.08
259.71,252.16,277.84,252.16,277.84,306.52,259.71,306.52
260.15,253,277.74,253,277.74,305.77,260.15,305.77
260.25,252.79,277.66,252.79,277.66,305.03,260.25,305.03
260.68,253.85,277.58,253.85,277.58,304.56,260.68,304.56
260.73,254.04,277.63,254.04,277.63,304.75,260.73,304.75
261.08,254.28,277.98,254.28,277.98,304.99,261.08,304.99
261.69,255.2,278.42,255.2,278.42,305.4,261.69,305.4
261.38,254.66,278.63,254.66,278.63,306.38,261.38,306.38
261.63,254.98,278.87,254.98,278.87,306.7,261.63,306.7
261.76,255.26,278.83,255.26,278.83,306.47,261.76,306.47
261.82,254.91,279.07,254.91,279.07,306.64,261.82,306.64
262.25,255.43,278.98,255.43,278.98,305.63,262.25,305.63
262.29,254.88,279.53,254.88,279.53,306.61,262.29,306.61
262.32,254.21,279.91,254.21,279.91,306.98,262.32,306.98
262.91,254.34,279.98,254.34,279.98,305.55,262.91,305.55
263,254.63,280.24,254.63,280.24,306.35,263,306.35
263.6,254.99,280.33,254.99,280.33,305.19,263.6,305.19
263.53,255.33,280.1,255.33,280.1,305.04,263.53,305.04
264.22,255,280.79,255,280.79,304.71,264.22,304.71
265.35,256.26,281.59,256.26,281.59,304.99,265.35,304.99
265.72,256.54,281.96,256.54,281.96,305.27,265.72,305.27
265.74,256.17,282.48,256.17,282.48,306.37,265.74,306.37
266.12,256.17,282.86,256.17,282.86,306.37,266.12,306.37
265.78,255.61,282.69,255.61,282.69,306.32,265.78,306.32
265.87,254.67,283.28,254.67,283.28,306.92,265.87,306.92
266.97,255.26,284.21,255.26,284.21,306.98,266.97,306.98
267.1,255.13,284.34,255.13,284.34,306.85,267.1,306.85
267.47,254.97,285.06,254.97,285.06,307.74,267.47,307.74
267.49,254.84,285.25,254.84,285.25,308.13,267.49,308.13
267.64,255.42,285.23,255.42,285.23,308.18,267.64,308.18
267.63,255.76,285.4,255.76,285.4,309.06,267.63,309.06
268.13,256.41,285.37,256.41,285.37,308.14,268.13,308.14
267.95,256.34,284.85,256.34,284.85,307.05,267.95,307.05
267.78,255.84,285.2,255.84,285.2,308.08,267.78,308.08
268.41,256.45,285.31,256.45,285.31,307.16,268.41,307.16
268.94,257,285.51,257,285.51,306.71,268.94,306.71
269.52,257,286.59,257,286.59,308.22,269.52,308.22
269.71,256.71,286.61,256.71,286.61,307.42,269.71,307.42
269.95,256.02,286.85,256.02,286.85,306.73,269.95,306.73
269.98,255.21,287.4,255.21,287.4,307.46,269.98,307.46
270.41,255.13,288.35,255.13,288.35,308.96,270.41,308.96
271.29,255.92,288.88,255.92,288.88,308.69,271.29,308.69
271.79,256.7,289.03,256.7,289.03,308.42,271.79,308.42
271.88,256.75,289.47,256.75,289.47,309.51,271.88,309.51
272.43,256.4,290.02,256.4,290.02,309.16,272.43,309.16
272.53,255.53,290.47,255.53,290.47,309.36,272.53,309.36
273.71,256.51,291.3,256.51,291.3,309.28,273.71,309.28
273.9,256.66,291.31,256.66,291.31,308.91,273.9,308.91
275.32,256.16,293.08,256.16,293.08,309.46,275.32,309.46
275.13,256.14,292.55,256.14,292.55,308.39,275.13,308.39
275.58,256.19,292.99,256.19,292.99,308.43,275.58,308.43
275.78,255.56,293.19,255.56,293.19,307.81,275.78,307.81
276.54,255.36,293.95,255.36,293.95,307.6,276.54,307.6
276.82,256.56,294.59,256.56,294.59,309.86,276.82,309.86
277.08,255.98,295.02,255.98,295.02,309.8,277.08,309.8
277.24,256.25,295.18,256.25,295.18,310.07,277.24,310.07
277.8,256.73,295.22,256.73,295.22,308.98,277.8,308.98
278.15,258.08,295.06,258.08,295.06,308.79,278.15,308.79
278.76,258.55,295.83,258.55,295.83,309.76,278.76,309.76
279.08,258.94,296.15,258.94,296.15,310.15,279.08,310.15
278.82,258.6,296.06,258.6,296.06,310.33,278.82,310.33
278.56,257.95,296.15,257.95,296.15,310.71,278.56,310.71
278.39,257.28,296.33,257.28,296.33,311.1,278.39,311.1
278.6,257.86,296.02,257.86,296.02,310.1,278.6,310.1
279.28,258.22,296.52,258.22,296.52,309.94,279.28,309.94
278.76,257.96,296.17,257.96,296.17,310.2,278.76,310.2
278.99,257.1,296.93,257.1,296.93,310.92,278.99,310.92
279.69,257.58,297.1,257.58,297.1,309.82,279.69,309.82
279.84,257.1,297.79,257.1,297.79,310.92,279.84,310.92
280.17,257.32,298.12,257.32,298.12,311.15,280.17,311.15
280.69,257.93,298.1,257.93,298.1,310.17,280.69,310.17
280.67,257.61,298.61,257.61,298.61,311.43,280.67,311.43
281.89,258.31,299.66,258.31,299.66,311.6,281.89,311.6
282.46,258.85,300.05,258.85,300.05,311.61,282.46,311.61
282.57,258.71,299.98,258.71,299.98,310.96,282.57,310.96
283.19,258.5,300.96,258.5,300.96,311.8,283.19,311.8
282.82,258.39,300.76,258.39,300.76,312.21,282.82,312.21
283.46,258.15,301.58,258.15,301.58,312.51,283.46,312.51
283.09,258.08,301.03,258.08,301.03,311.91,283.09,311.91
283.6,258.96,301.01,258.96,301.01,311.2,283.6,311.2
284.05,259.01,301.81,259.01,301.81,312.31,284.05,312.31
284.33,258.58,302.63,258.58,302.63,313.49,284.33,313.49
284.63,259.16,302.39,259.16,302.39,312.45,284.63,312.45
284.55,259.58,302.32,259.58,302.32,312.88,284.55,312.88
284.48,259.56,302.06,259.56,302.06,312.33,284.48,312.33
284.48,260.35,301.55,260.35,301.55,311.56,284.48,311.56
284.33,260.23,301.23,260.23,301.23,310.93,284.33,310.93
284.55,260.68,301.62,260.68,301.62,311.9,284.55,311.9
284.05,261.32,300.62,261.32,300.62,311.03,284.05,311.03
283.93,260.89,300.83,260.89,300.83,311.6,283.93,311.6
283.42,260.86,300.84,260.86,300.84,313.11,283.42,313.11
283.72,260.46,301.3,260.46,301.3,313.23,283.72,313.23
283.98,260.52,301.74,260.52,301.74,313.81,283.98,313.81
283.1,259.93,300.52,259.93,300.52,312.17,283.1,312.17
282.02,260.23,299.79,260.23,299.79,313.52,282.02,313.52
281.7,261.29,299.11,261.29,299.11,313.54,281.7,313.54
281.82,260.61,299.41,260.61,299.41,313.38,281.82,313.38
282.23,260.56,299.48,260.56,299.48,312.29,282.23,312.29
282.85,261.57,299.59,261.57,299.59,311.78,282.85,311.78
282.8,261.11,299.37,261.11,299.37,310.81,282.8,310.81
283.28,261.27,299.85,261.27,299.85,310.97,283.28,310.97
282.91,260.74,299.81,260.74,299.81,311.45,282.91,311.45
282.74,260.67,299.64,260.67,299.64,311.38,282.74,311.38
281.82,260.99,298.72,260.99,298.72,311.7,281.82,311.7
281.39,261.18,298.64,261.18,298.64,312.9,281.39,312.9
280.89,260.93,298.13,260.93,298.13,312.66,280.89,312.66
280.31,261.78,297.38,261.78,297.38,312.99,280.31,312.99
279.86,261.43,296.93,261.43,296.93,312.65,279.86,312.65
279.35,261.34,296.93,261.34,296.93,314.1,279.35,314.1
276.29,261.96,294.23,261.96,294.23,315.79,276.29,315.79
276.86,261.65,294.98,261.65,294.98,316.02,276.86,316.02
277.31,262.55,294.9,262.55,294.9,315.31,277.31,315.31
277.64,264.25,294.88,264.25,294.88,315.97,277.64,315.97
278.24,263.2,296.01,263.2,296.01,316.5,278.24,316.5
278.87,262.2,296.46,262.2,296.46,314.97,278.87,314.97
278.26,262.59,296.02,262.59,296.02,315.88,278.26,315.88
278.2,263.3,295.97,263.3,295.97,316.59,278.2,316.59
278.44,262.46,295.85,262.46,295.85,314.7,278.44,314.7
279.66,261.35,297.25,261.35,297.25,314.12,279.66,314.12
279.21,261.89,296.63,261.89,296.63,314.13,279.21,314.13
280.15,262.5,297.22,262.5,297.22,313.71,280.15,313.71
280.24,265.04,297.48,265.04,297.48,316.77,280.24,316.77
279.87,261.64,297.28,261.64,297.28,313.89,279.87,313.89
280.03,263.9,297.62,263.9,297.62,316.66,280.03,316.66
281.21,262.85,298.8,262.85,298.8,315.62,281.21,315.62
281.12,263.13,298.36,263.13,298.36,314.85,281.12,314.85
281.74,264.04,298.48,264.04,298.48,314.24,281.74,314.24
281.43,263.42,298.67,263.42,298.67,315.14,281.43,315.14
281,262.05,298.42,262.05,298.42,314.3,281,314.3
282.92,262.59,299.82,262.59,299.82,313.3,282.92,313.3
283.49,262.28,300.39,262.28,300.39,312.99,283.49,312.99
284.48,263.99,301.89,263.99,301.89,316.24,284.48,316.24
285.13,263.59,302.55,263.59,302.55,315.84,285.13,315.84
285.87,264.6,303.64,264.6,303.64,317.9,285.87,317.9
286.03,264.04,304.15,264.04,304.15,318.41,286.03,318.41
286.24,264.38,304,264.38,304,317.68,286.24,317.68
286.56,264.49,304.68,264.49,304.68,318.85,286.56,318.85
286.67,263.8,305.34,263.8,305.34,319.81,286.67,319.81
286.88,265.39,305,265.39,305,319.76,286.88,319.76
286.54,265.52,304.66,265.52,304.66,319.88,286.54,319.88
286.98,266.34,304.74,266.34,304.74,319.64,286.98,319.64
286.3,266.06,304.6,266.06,304.6,320.97,286.3,320.97
285.75,265.61,304.6,265.61,304.6,322.19,285.75,322.19
285.64,264.8,305.07,264.8,305.07,323.08,285.64,323.08
285.24,265.15,304.67,265.15,304.67,323.44,285.24,323.44
285.4,265.56,304.25,265.56,304.25,322.13,285.4,322.13
285.44,265.29,304.29,265.29,304.29,321.86,285.44,321.86
285.13,265.8,303.8,265.8,303.8,321.82,285.13,321.82
285.41,266.25,304.08,266.25,304.08,322.26,285.41,322.26
284.87,266.46,303.36,266.46,303.36,321.91,284.87,321.91
285.48,266.77,304.34,266.77,304.34,323.34,285.48,323.34
285.7,267.74,304.37,267.74,304.37,323.75,285.7,323.75
286.09,267.46,304.95,267.46,304.95,324.03,286.09,324.03
286.55,266.94,305.41,266.94,305.41,323.52,286.55,323.52
286.07,267.29,304.93,267.29,304.93,323.86,286.07,323.86
286.1,266.39,305.53,266.39,305.53,324.68,286.1,324.68
285.6,265.63,305.62,265.63,305.62,325.68,285.6,325.68
285.85,266.01,306.27,266.01,306.27,327.27,285.85,327.27
285.38,266.98,305.6,266.98,305.6,327.64,285.38,327.64
285.73,267.64,305.36,267.64,305.36,326.51,285.73,326.51
285.54,267.82,304.97,267.82,304.97,326.11,285.54,326.11
285.36,268.18,304.79,268.18,304.79,326.47,285.36,326.47
285.03,268.06,304.66,268.06,304.66,326.93,285.03,326.93
284.75,266.87,304.96,266.87,304.96,327.53,284.75,327.53
284.49,268.02,304.11,268.02,304.11,326.89,284.49,326.89
284.63,267.48,304.26,267.48,304.26,326.35,284.63,326.35
284.36,268.26,303.79,268.26,303.79,326.54,284.36,326.54
284.21,267.96,303.25,267.96,303.25,325.09,284.21,325.09
284.08,267.88,303.12,267.88,303.12,325.02,284.08,325.02
284.73,268.59,303.21,268.59,303.21,324.05,284.73,324.05
284.36,268.69,303.41,268.69,303.41,325.83,284.36,325.83
284.78,269.43,303.45,269.43,303.45,325.44,284.78,325.44
284.16,268.7,303.21,268.7,303.21,325.84,284.16,325.84
285.04,269.3,303.71,269.3,303.71,325.32,285.04,325.32
282.33,271.87,301.18,271.87,301.18,328.44,282.33,328.44
282.7,271.7,301.37,271.7,301.37,327.71,282.7,327.71
280.71,271.22,299.76,271.22,299.76,328.36,280.71,328.36
280.4,272.14,299.26,272.14,299.26,328.71,280.4,328.71
280.41,272.38,298.71,272.38,298.71,327.29,280.41,327.29
280.14,272.08,299,272.08,299,328.65,280.14,328.65
280.37,272.11,299.04,272.11,299.04,328.13,280.37,328.13
279.75,271.33,298.8,271.33,298.8,328.47,279.75,328.47
279.99,271.52,299.42,271.52,299.42,329.81,279.99,329.81
280.7,272.6,299.56,272.6,299.56,329.17,280.7,329.17
280.94,273.37,299.24,273.37,299.24,328.28,280.94,328.28
280.98,273.15,299.65,273.15,299.65,329.16,280.98,329.16
281.19,272.76,300.05,272.76,300.05,329.34,281.19,329.34
281.1,273.04,300.53,273.04,300.53,331.33,281.1,331.33
281.03,273.12,300.65,273.12,300.65,331.99,281.03,331.99
280.51,273.31,299.56,273.31,299.56,330.44,280.51,330.44
280.39,273.5,300.02,273.5,300.02,332.37,280.39,332.37
278.88,273.2,298.9,273.2,298.9,333.26,278.88,333.26
278.45,273.69,298.87,273.69,298.87,334.95,278.45,334.95
277.91,271.87,298.74,271.87,298.74,334.36,277.91,334.36
277.24,272.39,298.07,272.39,298.07,334.88,277.24,334.88
277.85,273.72,298.07,273.72,298.07,334.37,277.85,334.37
277.8,273.82,297.62,273.82,297.62,333.27,277.8,333.27
278.05,274.15,298.26,274.15,298.26,334.81,278.05,334.81
278.4,274.2,298.61,274.2,298.61,334.86,278.4,334.86
278.68,274.19,298.9,274.19,298.9,334.84,278.68,334.84
279.31,274.53,298.94,274.53,298.94,333.4,279.31,333.4
278.44,274.15,298.46,274.15,298.46,334.2,278.44,334.2
278.68,276.71,298.3,276.71,298.3,335.58,278.68,335.58
278.2,276.14,298.42,276.14,298.42,336.79,278.2,336.79
277.46,275.6,298.09,275.6,298.09,337.47,277.46,337.47
277.92,276.33,298.34,276.33,298.34,337.59,277.92,337.59
277.39,276.82,297.6,276.82,297.6,337.48,277.39,337.48
276.44,277.1,296.86,277.1,296.86,338.36,276.44,338.36
276.02,276.01,297.06,276.01,297.06,339.13,276.02,339.13
275.75,275.51,297.21,275.51,297.21,339.9,275.75,339.9
275.33,275.62,296.79,275.62,296.79,340,275.33,340
275.27,276.09,296.73,276.09,296.73,340.47,275.27,340.47
275.69,276.47,297.15,276.47,297.15,340.86,275.69,340.86
275.55,276.53,297.01,276.53,297.01,340.92,275.55,340.92
275.44,277.78,296.47,277.78,296.47,340.89,275.44,340.89
275.55,277.23,296.8,277.23,296.8,340.97,275.55,340.97
275.31,277.6,295.93,277.6,295.93,339.47,275.31,339.47
275.96,277.11,297.21,277.11,297.21,340.86,275.96,340.86
275.87,277.48,296.5,277.48,296.5,339.36,275.87,339.36
275.98,278.6,296,278.6,296,338.65,275.98,338.65
275.9,278.32,296.52,278.32,296.52,340.19,275.9,340.19
275.63,279.25,296.67,279.25,296.67,342.36,275.63,342.36
275.06,279.62,296.31,279.62,296.31,343.37,275.06,343.37
274.59,279.17,296.05,279.17,296.05,343.55,274.59,343.55
274.45,279.49,295.91,279.49,295.91,343.87,274.45,343.87
274.92,280.24,295.96,280.24,295.96,343.36,274.92,343.36
275.32,280.27,296.15,280.27,296.15,342.76,275.32,342.76
278.18,281.63,299.01,281.63,299.01,344.12,278.18,344.12
278.34,283.36,298.96,283.36,298.96,345.23,278.34,345.23
278.75,283.87,299.37,283.87,299.37,345.75,278.75,345.75
279.13,284.22,299.76,284.22,299.76,346.09,279.13,346.09
279.33,284.49,300.58,284.49,300.58,348.23,279.33,348.23
280.38,284.05,301.42,284.05,301.42,347.17,280.38,347.17
281.16,283.76,302.19,283.76,302.19,346.88,281.16,346.88
282.03,284.53,302.45,284.53,302.45,345.79,282.03,345.79
282.12,284.13,303.16,284.13,303.16,347.24,282.12,347.24
282.41,283.59,303.87,283.59,303.87,347.98,282.41,347.98
284.32,285.18,305.78,285.18,305.78,349.57,284.32,349.57
284.39,287.78,305.43,287.78,305.43,350.89,284.39,350.89
284.1,287.16,304.93,287.16,304.93,349.65,284.1,349.65
284.94,288.42,305.98,288.42,305.98,351.54,284.94,351.54
284.5,286.34,306.17,286.34,306.17,351.37,284.5,351.37
286.05,287.17,308.38,287.17,308.38,354.16,286.05,354.16
286.4,286.06,308.29,286.06,308.29,351.74,286.4,351.74
286.8,287.28,309.13,287.28,309.13,354.28,286.8,354.28
287.25,286.1,310.26,286.1,310.26,355.12,287.25,355.12
287.8,286.01,311.51,286.01,311.51,357.13,287.8,357.13
288.42,286.7,311.89,286.7,311.89,357.12,288.42,357.12
289.73,288.02,312.51,288.02,312.51,356.37,289.73,356.37
290.91,289.02,313.47,289.02,313.47,356.69,290.91,356.69
290.85,289.03,313.63,289.03,313.63,357.38,290.85,357.38
291.35,290.35,313.46,290.35,313.46,356.68,291.35,356.68
290.92,289.76,313.71,289.76,313.71,358.1,290.92,358.1
290.66,288.71,313.9,288.71,313.9,358.42,290.66,358.42
290.71,288.13,314.41,288.13,314.41,359.25,290.71,359.25
291.48,287.83,315.43,287.83,315.43,359.67,291.48,359.67
291.43,288.24,315.38,288.24,315.38,360.07,291.43,360.07
292.5,288.11,316.44,288.11,316.44,359.94,292.5,359.94
293.32,288.86,316.79,288.86,316.79,359.28,293.32,359.28
293.98,290.26,316.99,290.26,316.99,359.29,293.98,359.29
294.68,291.67,317.47,291.67,317.47,360.02,294.68,360.02
298.05,290.26,320.61,290.26,320.61,357.93,298.05,357.93
298.16,289.9,321.17,289.9,321.17,358.93,298.16,358.93
299.25,289.22,322.49,289.22,322.49,358.94,299.25,358.94
299.79,290.15,322.8,290.15,322.8,359.18,299.79,359.18
300.14,290.82,323.62,290.82,323.62,361.24,300.14,361.24
304.68,290.91,328.15,290.91,328.15,361.33,304.68,361.33
306.74,291.93,329.98,291.93,329.98,361.65,306.74,361.65
307.17,293.21,330.64,293.21,330.64,363.63,307.17,363.63
309.64,293.6,332.65,293.6,332.65,362.63,309.64,362.63
311.46,294.55,334.47,294.55,334.47,363.58,311.46,363.58
312.33,295.5,335.11,295.5,335.11,363.85,312.33,363.85
314.57,295.42,336.91,295.42,336.91,362.42,314.57,362.42
316.4,295.54,338.95,295.54,338.95,363.21,316.4,363.21
316.46,295.21,339.47,295.21,339.47,364.24,316.46,364.24
316.74,295.46,339.98,295.46,339.98,365.18,316.74,365.18
317.58,295.96,340.82,295.96,340.82,365.68,317.58,365.68
319.13,296.58,342.14,296.58,342.14,365.61,319.13,365.61
320.04,297.27,343.05,297.27,343.05,366.3,320.04,366.3
323.82,297.4,347.06,297.4,347.06,367.12,323.82,367.12
325.88,297.82,349.12,297.82,349.12,367.54,325.88,367.54
329.04,298.83,352.05,298.83,352.05,367.86,329.04,367.86
330.6,301,353.38,301,353.38,369.34,330.6,369.34
331.47,300.5,354.25,300.5,354.25,368.84,331.47,368.84
331.53,299.85,355,299.85,355,370.27,331.53,370.27
331.85,299.72,355.55,299.72,355.55,370.84,331.85,370.84
332.71,300.21,356.41,300.21,356.41,371.33,332.71,371.33
333.78,301.3,357.48,301.3,357.48,372.42,333.78,372.42
334.96,301.72,358.67,301.72,358.67,372.84,334.96,372.84
335.28,302.25,358.98,302.25,358.98,373.38,335.28,373.38
336.03,302.47,359.74,302.47,359.74,373.59,336.03,373.59
337.24,302.8,360.72,302.8,360.72,373.22,337.24,373.22
338.74,302.64,362.69,302.64,362.69,374.47,338.74,374.47
339,302.28,363.42,302.28,363.42,375.56,339,375.56
339.79,303.04,363.49,303.04,363.49,374.16,339.79,374.16
341.03,303.39,365.46,303.39,365.46,376.67,341.03,376.67
342.13,303.66,366.8,303.66,366.8,377.67,342.13,377.67
343.94,303.9,368.12,303.9,368.12,376.45,343.94,376.45
345.12,304.15,368.83,304.15,368.83,375.27,345.12,375.27
345.99,303.59,370.41,303.59,370.41,376.87,345.99,376.87
346.64,304.23,370.59,304.23,370.59,376.06,346.64,376.06
348.01,304.3,371.96,304.3,371.96,376.14,348.01,376.14
348.25,304.22,371.96,304.22,371.96,375.34,348.25,375.34
349.47,305.07,372.71,305.07,372.71,374.79,349.47,374.79
350.18,305.75,373.89,305.75,373.89,376.87,350.18,376.87
350.54,306.42,373.78,306.42,373.78,376.14,350.54,376.14
350.67,306.77,374.38,306.77,374.38,377.89,350.67,377.89
351.52,307.16,375.22,307.16,375.22,378.28,351.52,378.28
351.9,306.76,376.33,306.76,376.33,380.04,351.9,380.04
352.85,307.19,377.03,307.19,377.03,379.74,352.85,379.74
353.31,307.27,377.25,307.27,377.25,379.11,353.31,379.11
353.96,307.17,377.91,307.17,377.91,379,353.96,379
354.91,307.04,379.33,307.04,379.33,380.31,354.91,380.31
356.4,307.43,381.06,307.43,381.06,381.44,356.4,381.44
357.32,308.12,382.49,308.12,382.49,383.61,357.32,383.61
358.55,307.79,384.22,307.79,384.22,384.81,358.55,384.81
361.2,308.57,386.11,308.57,386.11,383.32,361.2,383.32
361.7,307.99,386.86,307.99,386.86,383.49,361.7,383.49
361.51,306.76,387.44,306.76,387.44,384.54,361.51,384.54
363.77,307.58,389.19,307.58,389.19,383.83,363.77,383.83
364.37,308.08,389.53,308.08,389.53,383.58,364.37,383.58
365.36,309.93,389.78,309.93,389.78,383.21,365.36,383.21
365.8,311.24,390.71,311.24,390.71,385.98,365.8,385.98
365.81,311.52,390.98,311.52,390.98,387.01,365.81,387.01
374.31,310.64,399.22,310.64,399.22,385.39,374.31,385.39
377.04,310.27,402.71,310.27,402.71,387.29,377.04,387.29
379.73,312.24,405.66,312.24,405.66,390.02,379.73,390.02
381.93,312.54,408.38,312.54,408.38,391.89,381.93,391.89
383.31,311.51,409.76,311.51,409.76,390.85,383.31,390.85
384.77,312.94,410.69,312.94,410.69,390.73,384.77,390.73
386.59,313.57,411.75,313.57,411.75,389.07,386.59,389.07
386.77,312.32,412.44,312.32,412.44,389.33,386.77,389.33
386.93,313.34,413.12,313.34,413.12,391.91,386.93,391.91
387.84,315.54,413.26,315.54,413.26,391.79,387.84,391.79
388.58,314.38,414.51,314.38,414.51,392.16,388.58,392.16
389.01,315.12,415.2,315.12,415.2,393.68,389.01,393.68
390.32,314.11,416.77,314.11,416.77,393.46,390.32,393.46
397.19,312.73,423.91,312.73,423.91,392.87,397.19,392.87
399.75,313.42,426.2,313.42,426.2,392.76,399.75,392.76
399.09,311.76,426.08,311.76,426.08,392.7,399.09,392.7
402.22,313.57,428.41,313.57,428.41,392.13,402.22,392.13
403.42,316.54,429.09,316.54,429.09,393.55,403.42,393.55
404.74,317.67,430.15,317.67,430.15,393.92,404.74,393.92
405.96,318.11,431.37,318.11,431.37,394.36,405.96,394.36
407.41,318.61,433.34,318.61,433.34,396.4,407.41,396.4
408.98,318.36,434.91,318.36,434.91,396.14,408.98,396.14
411.48,317.93,436.64,317.93,436.64,393.42,411.48,393.42
412.55,318.89,438.48,318.89,438.48,396.67,412.55,396.67
413.65,320.42,439.06,320.42,439.06,396.67,413.65,396.67
415.24,321.59,440.66,321.59,440.66,397.84,415.24,397.84
417,322.45,441.92,322.45,441.92,397.2,417,397.2
418.17,323.8,442.59,323.8,442.59,397.07,418.17,397.07
420.38,322.5,444.81,322.5,444.81,395.77,420.38,395.77
421.03,322.32,445.46,322.32,445.46,395.6,421.03,395.6
421.63,322.61,446.3,322.61,446.3,396.61,421.63,396.61
421.43,321.77,446.85,321.77,446.85,398.02,421.43,398.02
422.2,321.68,448.39,321.68,448.39,400.24,422.2,400.24
423.88,322.09,450.59,322.09,450.59,402.23,423.88,402.23
425.41,323.4,452.39,323.4,452.39,404.35,425.41,404.35
427.75,320.62,455.55,320.62,455.55,404.01,427.75,404.01
427.24,322.69,455.6,322.69,455.6,407.76,427.24,407.76
427.07,322.3,454.6,322.3,454.6,404.87,427.07,404.87
430.56,320.22,457.81,320.22,457.81,401.98,430.56,401.98
431.71,320.24,459.23,320.24,459.23,402.8,431.71,402.8
460.8,323.51,489.16,323.51,489.16,408.58,460.8,408.58
462.14,323.28,489.66,323.28,489.66,405.85,462.14,405.85
462.87,323.96,489.58,323.96,489.58,404.1,462.87,404.1
463.31,323.22,489.76,323.22,489.76,402.57,463.31,402.57
465.11,322.92,490.78,322.92,490.78,399.93,465.11,399.93
439.14,327.61,464.55,327.61,464.55,403.86,439.14,403.86
440.62,326.54,466.81,326.54,466.81,405.1,440.62,405.1
442.41,327.34,467.83,327.34,467.83,403.59,442.41,403.59
442.45,328.24,467.87,328.24,467.87,404.49,442.45,404.49
442.65,327.79,468.06,327.79,468.06,404.04,442.65,404.04
443.11,327.4,468.78,327.4,468.78,404.42,443.11,404.42
445.68,327.07,470.85,327.07,470.85,402.57,445.68,402.57
447,327.06,472.42,327.06,472.42,403.31,447,403.31
447.43,326.92,473.62,326.92,473.62,405.49,447.43,405.49
448.48,327.49,474.15,327.49,474.15,404.5,448.48,404.5
449.83,327.81,476.28,327.81,476.28,407.16,449.83,407.16
451.24,326.41,478.49,326.41,478.49,408.16,451.24,408.16
451.53,327.08,479.33,327.08,479.33,410.47,451.53,410.47
451.59,328.11,479.39,328.11,479.39,411.51,451.59,411.51
452.98,326.91,480.23,326.91,480.23,408.66,452.98,408.66
460.42,330.97,488.49,330.97,488.49,415.2,460.42,415.2
460.58,330.91,489.22,330.91,489.22,416.83,460.58,416.83
461.76,331.92,490.11,331.92,490.11,416.99,461.76,416.99
462.87,331.2,490.39,331.2,490.39,413.77,462.87,413.77
463.92,329.74,491.17,329.74,491.17,411.49,463.92,411.49
465.65,330.56,492.1,330.56,492.1,409.9,465.65,409.9
466.55,331.97,493.8,331.97,493.8,413.72,466.55,413.72
467.27,333.22,495.34,333.22,495.34,417.45,467.27,417.45
468.32,332.27,496.68,332.27,496.68,417.34,468.32,417.34
469.77,333.63,497.29,333.63,497.29,416.2,469.77,416.2
470.85,333.79,499.21,333.79,499.21,418.86,470.85,418.86
473.16,334.84,500.96,334.84,500.96,418.24,473.16,418.24
473.83,334.04,502.47,334.04,502.47,419.96,473.83,419.96
475.49,333.27,504.41,333.27,504.41,420.06,475.49,420.06
475.79,333.4,505.59,333.4,505.59,422.81,475.79,422.81
477.12,334.8,506.63,334.8,506.63,423.33,477.12,423.33
479.35,336.87,508.57,336.87,508.57,424.52,479.35,424.52
481.24,338.51,509.6,338.51,509.6,423.58,481.24,423.58
483.03,337.56,511.67,337.56,511.67,423.48,483.03,423.48
484.58,336.52,513.51,336.52,513.51,423.3,484.58,423.3
485.48,335.65,514.99,335.65,514.99,424.17,485.48,424.17
486.64,336,516.44,336,516.44,425.42,486.64,425.42
489.85,338.29,518.77,338.29,518.77,425.07,489.85,425.07
489.71,337.41,519.52,337.41,519.52,426.83,489.71,426.83
491.98,338.11,520.91,338.11,520.91,424.89,491.98,424.89
493.05,339.98,521.13,339.98,521.13,424.21,493.05,424.21
495.86,340.33,524.22,340.33,524.22,425.4,495.86,425.4
497.62,340.89,525.69,340.89,525.69,425.12,497.62,425.12
498.48,340.41,527.41,340.41,527.41,427.19,498.48,427.19
499.26,339.88,528.77,339.88,528.77,428.41,499.26,428.41
501.45,340.66,531.25,340.66,531.25,430.07,501.45,430.07
502.57,341.61,532.97,341.61,532.97,432.82,502.57,432.82
504.74,342.41,534.55,342.41,534.55,431.83,504.74,431.83
506.36,343.95,537.06,343.95,537.06,436.07,506.36,436.07
507.98,342.2,539.31,342.2,539.31,436.17,507.98,436.17
507.46,342.23,539.41,342.23,539.41,438.09,507.46,438.09
508.16,340.71,540.12,340.71,540.12,436.57,508.16,436.57
510.67,342.71,542.3,342.71,542.3,437.62,510.67,437.62
512.79,342.66,544.42,342.66,544.42,437.57,512.79,437.57
513.39,341.23,545.35,341.23,545.35,437.09,513.39,437.09
514.28,343.44,547.2,343.44,547.2,442.2,514.28,442.2
518.7,342.51,551.95,342.51,551.95,442.26,518.7,442.26
522.22,345.07,554.82,345.07,554.82,442.86,522.22,442.86
522.56,346.07,555.48,346.07,555.48,444.84,522.56,444.84
523.77,345.62,556.69,345.62,556.69,444.39,523.77,444.39
526.5,342.16,560.42,342.16,560.42,443.92,526.5,443.92
528.06,348.57,563.01,348.57,563.01,453.41,528.06,453.41
531.49,350.86,567.5,350.86,567.5,458.88,531.49,458.88
529.68,350.74,566.41,350.74,566.41,460.93,529.68,460.93
531.84,352.61,567.49,352.61,567.49,459.56,531.84,459.56
534.41,348.87,571.14,348.87,571.14,459.06,534.41,459.06
535.91,348.96,573,348.96,573,460.25,535.91,460.25
537.2,348.06,573.93,348.06,573.93,458.25,537.2,458.25
541.1,344.27,577.83,344.27,577.83,454.46,541.1,454.46
543.33,346.27,579.7,346.27,579.7,455.37,543.33,455.37
544.14,346.71,579.79,346.71,579.79,453.66,544.14,453.66
546.71,346.39,582.36,346.39,582.36,453.34,546.71,453.34
548.13,348.29,582.73,348.29,582.73,452.1,548.13,452.1
552.72,348.3,586.3,348.3,586.3,449.05,552.72,449.05
554.27,348.46,587.52,348.46,587.52,448.21,554.27,448.21
555.56,349.59,589.14,349.59,589.14,450.34,555.56,450.34
558.11,349.9,591.36,349.9,591.36,449.65,558.11,449.65
559.74,349.47,593.66,349.47,593.66,451.23,559.74,451.23
561.72,350.65,594.64,350.65,594.64,449.41,561.72,449.41
562.86,350.86,596.78,350.86,596.78,452.62,562.86,452.62
562.53,351.96,596.79,351.96,596.79,454.73,562.53,454.73
560.9,355.16,596.2,355.16,596.2,461.04,560.9,461.04
563.02,353.86,598.67,353.86,598.67,460.8,563.02,460.8
567.61,354.43,603.62,354.43,603.62,462.45,567.61,462.45
569.31,353.1,606.04,353.1,606.04,463.29,569.31,463.29
570.4,354.26,607.49,354.26,607.49,465.55,570.4,465.55
574.83,352.53,610.84,352.53,610.84,460.55,574.83,460.55
