184.5,156.5,211.5,156.5,211.5,201.5,184.5,201.5
174.78,156.81,202.32,156.81,202.32,202.71,174.78,202.71
180.71,157.47,208.75,157.47,208.75,204.2,180.71,204.2
180.89,156.78,209.86,156.78,209.86,205.06,180.89,205.06
181.32,157.13,210.55,157.13,210.55,205.84,181.32,205.84
179.75,160.17,208.55,160.17,208.55,208.17,179.75,208.17
186.76,161.58,215.41,161.58,215.41,209.35,186.76,209.35
183.06,161.78,211.67,161.78,211.67,209.47,183.06,209.47
193.46,162.11,222.53,162.11,222.53,210.55,193.46,210.55
195.74,162.21,225.32,162.21,225.32,211.51,195.74,211.51
196.98,161.31,226.67,161.31,226.67,210.79,196.98,210.79
200.67,161.68,231.61,161.68,231.61,213.25,200.67,213.25
203.43,161.6,234.51,161.6,234.51,213.41,203.43,213.41
205.91,155.68,236.64,155.68,236.64,206.88,205.91,206.88
208.87,150.44,239.54,150.44,239.54,201.56,208.87,201.56
205.78,148.56,235.97,148.56,235.97,198.87,205.78,198.87
213.39,133.48,244.26,133.48,244.26,184.93,213.39,184.93
215.63,129.61,246.96,129.61,246.96,181.82,215.63,181.82
215.33,129.89,246.67,129.89,246.67,182.11,215.33,182.11
219.48,119.63,250.82,119.63,250.82,171.85,219.48,171.85
219.98,116.58,251.66,116.58,251.66,169.39,219.98,169.39
216.88,115.25,248.77,115.25,248.77,168.4,216.88,168.4
219.04,110.99,251.12,110.99,251.12,164.46,219.04,164.46
219.13,103.85,251.66,103.85,251.66,158.06,219.13,158.06
220.04,97.851,253.18,97.851,253.18,153.09,220.04,153.09
229.67,88.328,262.85,88.328,262.85,143.61,229.67,143.61
231.27,83.039,264.57,83.039,264.57,138.55,231.27,138.55
232.16,76.869,265.72,76.869,265.72,132.81,232.16,132.81
233.02,74.983,266.96,74.983,266.96,131.55,233.02,131.55
235.63,66.192,270.6,66.192,270.6,124.48,235.63,124.48
235.44,66.149,271.19,66.149,271.19,125.72,235.44,125.72
239.65,51.067,276.49,51.067,276.49,112.48,239.65,112.48
241.5,46.802,278.35,46.802,278.35,108.22,241.5,108.22
245.13,41.798,281.82,41.798,281.82,102.96,245.13,102.96
249.44,32.901,285.82,32.901,285.82,93.537,249.44,93.537
250.85,33.547,287.95,33.547,287.95,95.386,250.85,95.386
256.62,34.801,293.33,34.801,293.33,95.99,256.62,95.99
260.04,35.049,296.55,35.049,296.55,95.887,260.04,95.887
261.07,35.053,297.32,35.053,297.32,95.472,261.07,95.472
262.35,37.517,298.91,37.517,298.91,98.451,262.35,98.451
207.93,49.967,243.81,49.967,243.81,109.76,207.93,109.76
167.81,58.483,203.72,58.483,203.72,118.34,167.81,118.34
162.61,59.836,198.31,59.836,198.31,119.34,162.61,119.34
152.08,59.706,188.07,59.706,188.07,119.69,152.08,119.69
140.46,64.066,176.48,64.066,176.48,124.09,140.46,124.09
131.85,62.762,167.97,62.762,167.97,122.96,131.85,122.96
114.34,63.452,151.02,63.452,151.02,124.59,114.34,124.59
97.35,64.059,137.44,64.059,137.44,130.87,97.35,130.87
79.678,63.688,121.12,63.688,121.12,132.75,79.678,132.75
67.082,62.906,110.61,62.906,110.61,135.45,67.082,135.45
58.578,64.069,102.28,64.069,102.28,136.9,58.578,136.9
50.987,65.352,95.94,65.352,95.94,140.27,50.987,140.27
39.649,72.339,83.816,72.339,83.816,145.95,39.649,145.95
39.638,73.194,83.312,73.194,83.312,145.98,39.638,145.98
44.418,74.259,87.407,74.259,87.407,145.91,44.418,145.91
47.528,74.412,90.202,74.412,90.202,145.54,47.528,145.54
48.008,76.834,90.973,76.834,90.973,148.44,48.008,148.44
49.696,76.582,92.996,76.582,92.996,148.75,49.696,148.75
49.842,78.014,93.218,78.014,93.218,150.31,49.842,150.31
55.073,79.139,98.098,79.139,98.098,150.85,55.073,150.85
57.537,80.997,100.28,80.997,100.28,152.23,57.537,152.23
45.202,84.384,88.439,84.384,88.439,156.45,45.202,156.45
75.549,85.868,118.3,85.868,118.3,157.12,75.549,157.12
79.267,88.852,121.96,88.852,121.96,160.01,79.267,160.01
87.069,92.227,129.56,92.227,129.56,163.05,87.069,163.05
104.44,95.95,146.7,95.95,146.7,166.39,104.44,166.39
92.744,100.23,134.8,100.23,134.8,170.33,92.744,170.33
115.33,122.4,157.7,122.4,157.7,193.01,115.33,193.01
109.5,109.36,151.73,109.36,151.73,179.74,109.5,179.74
150.36,105.86,192.28,105.86,192.28,175.72,150.36,175.72
163.26,86.061,204.86,86.061,204.86,155.4,163.26,155.4
153.06,105.48,194.47,105.48,194.47,174.49,153.06,174.49
170.82,69.437,212.12,69.437,212.12,138.28,170.82,138.28
166.84,62.663,207.93,62.663,207.93,131.15,166.84,131.15
147.59,73.498,188.79,73.498,188.79,142.17,147.59,142.17
173.9,73.211,215.3,73.211,215.3,142.22,173.9,142.22
211.22,109.33,252.77,109.33,252.77,178.58,211.22,178.58
224.12,116.77,265.55,116.77,265.55,185.82,224.12,185.82
268.68,115.48,309.94,115.48,309.94,184.25,268.68,184.25
267.23,135.98,308.31,135.98,308.31,204.44,267.23,204.44
280.61,131.11,321.79,131.11,321.79,199.76,280.61,199.76
278.81,136.72,320.12,136.72,320.12,205.57,278.81,205.57
276.44,144.24,317.95,144.24,317.95,213.44,276.44,213.44
284.38,160.25,326.21,160.25,326.21,229.96,284.38,229.96
284.88,161.91,327.05,161.91,327.05,232.2,284.88,232.2
284.98,162.19,327.35,162.19,327.35,232.81,284.98,232.81
284.22,168.73,326.75,168.73,326.75,239.63,284.22,239.63
285.54,169.04,328.13,169.04,328.13,240.03,285.54,240.03
286.37,167.28,329.48,167.28,329.48,239.13,286.37,239.13
285.23,168.35,328.6,168.35,328.6,240.62,285.23,240.62
286.21,171.94,329.91,171.94,329.91,244.78,286.21,244.78
287.54,176.81,331.06,176.81,331.06,249.34,287.54,249.34
288.16,179.56,331.4,179.56,331.4,251.63,288.16,251.63
289.63,182.13,333.07,182.13,333.07,254.52,289.63,254.52
293.29,186.87,336.57,186.87,336.57,259,293.29,259
295.43,187.14,338.95,187.14,338.95,259.67,295.43,259.67
296.02,192.16,339.2,192.16,339.2,264.12,296.02,264.12
296.65,181.37,339.81,181.37,339.81,253.32,296.65,253.32
306.6,187.04,349.28,187.04,349.28,258.17,306.6,258.17
318.28,212.71,360.57,212.71,360.57,283.2,318.28,283.2
332.33,214.58,374.49,214.58,374.49,284.84,332.33,284.84
336.93,216.07,379.3,216.07,379.3,286.69,336.93,286.69
347.6,222.49,390.21,222.49,390.21,293.5,347.6,293.5
351.81,225.2,394.56,225.2,394.56,296.45,351.81,296.45
343.78,226.73,386.45,226.73,386.45,297.84,343.78,297.84
348.51,231.51,391.16,231.51,391.16,302.59,348.51,302.59
350.96,234.2,393.2,234.2,393.2,304.6,350.96,304.6
369.09,236.7,411.5,236.7,411.5,307.39,369.09,307.39
376.45,239.57,418.82,239.57,418.82,310.19,376.45,310.19
378.76,232.48,420.64,232.48,420.64,302.27,378.76,302.27
398.33,268.25,440.52,268.25,440.52,338.57,398.33,338.57
379.48,242.65,421.15,242.65,421.15,312.1,379.48,312.1
386.01,245.95,427.54,245.95,427.54,315.17,386.01,315.17
389.45,248.67,430.66,248.67,430.66,317.36,389.45,317.36
403.39,259.43,444.41,259.43,444.41,327.79,403.39,327.79
410.38,263.03,450.96,263.03,450.96,330.65,410.38,330.65
417.05,266.2,457.7,266.2,457.7,333.94,417.05,333.94
428.16,274.23,468.84,274.23,468.84,342.04,428.16,342.04
434,279.83,474.67,279.83,474.67,347.61,434,347.61
462.85,284.5,503.16,284.5,503.16,351.69,462.85,351.69
453.64,289.29,493.96,289.29,493.96,356.49,453.64,356.49
466.91,299.46,507.26,299.46,507.26,366.72,466.91,366.72
474.26,305.36,514.95,305.36,514.95,373.18,474.26,373.18
480.41,305.77,521.36,305.77,521.36,374.01,480.41,374.01
491.24,315.2,532.49,315.2,532.49,383.95,491.24,383.95
512.77,327.94,554.49,327.94,554.49,397.47,512.77,397.47
