302.5,329.5,341.5,329.5,341.5,428.5,302.5,428.5
302.42,329.81,341.3,329.81,341.3,428.52,302.42,428.52
302.32,330.2,341.06,330.2,341.06,428.54,302.32,428.54
301.65,330.4,340.17,330.4,340.17,428.16,301.65,428.16
301.51,331.2,339.47,331.2,339.47,427.57,301.51,427.57
300.88,330.59,339.12,330.59,339.12,427.69,300.88,427.69
300.49,331.02,338.65,331.02,338.65,427.88,300.49,427.88
299.75,331.14,338.07,331.14,338.07,428.42,299.75,428.42
299.34,332.27,337.8,332.27,337.8,429.91,299.34,429.91
297.27,331.71,336.11,331.71,336.11,430.29,297.27,430.29
296.48,331.62,335.26,331.62,335.26,430.04,296.48,430.04
295.53,331.16,334.46,331.16,334.46,429.96,295.53,429.96
295.56,331.52,334.66,331.52,334.66,430.77,295.56,430.77
294.52,331.03,333.6,331.03,333.6,430.24,294.52,430.24
293.74,331.44,332.58,331.44,332.58,430.05,293.74,430.05
293.41,331.66,332.02,331.66,332.02,429.65,293.41,429.65
293.15,332,331.74,332,331.74,429.97,293.15,429.97
292.83,332.16,331.4,332.16,331.4,430.07,292.83,430.07
291.85,331.95,330.53,331.95,330.53,430.14,291.85,430.14
291.01,332.46,329.69,332.46,329.69,430.66,291.01,430.66
289.7,332.9,328.26,332.9,328.26,430.78,289.7,430.78
288.91,332.78,327.29,332.78,327.29,430.2,288.91,430.2
289.19,333.06,327.67,333.06,327.67,430.74,289.19,430.74
288.33,332.68,326.82,332.68,326.82,430.39,288.33,430.39
288.08,332.85,326.67,332.85,326.67,430.8,288.08,430.8
288.03,332.4,327.13,332.4,327.13,431.64,288.03,431.64
288.21,332.96,326.77,332.96,326.77,430.85,288.21,430.85
288.39,333.51,327.11,333.51,327.11,431.81,288.39,431.81
287.92,332.89,326.78,332.89,326.78,431.56,287.92,431.56
289.54,333.52,328.24,333.52,328.24,431.77,289.54,431.77
288.99,333.71,327.72,333.71,327.72,432.03,288.99,432.03
288.37,333.32,327.07,333.32,327.07,431.56,288.37,431.56
289.64,333.71,328.33,333.71,328.33,431.91,289.64,431.91
289.24,333.36,327.96,333.36,327.96,431.64,289.24,431.64
288.54,333.55,327.1,333.55,327.1,431.44,288.54,431.44
289.65,333.18,328.22,333.18,328.22,431.1,289.65,431.1
289.54,332.68,328.31,332.68,328.31,431.1,289.54,431.1
289.46,332.22,328.17,332.22,328.17,430.49,289.46,430.49
290.38,332.05,329.13,332.05,329.13,430.41,290.38,430.41
291.1,332.22,329.74,332.22,329.74,430.31,291.1,430.31
292.41,332.58,331.12,332.58,331.12,430.84,292.41,430.84
293.08,332.31,331.7,332.31,331.7,430.33,293.08,430.33
294.26,332.38,333.09,332.38,333.09,430.95,294.26,430.95
295.22,332.19,334.07,332.19,334.07,430.81,295.22,430.81
296.66,331.78,335.49,331.78,335.49,430.36,296.66,430.36
297.96,331.52,336.74,331.52,336.74,429.97,297.96,429.97
297.61,331.32,336.41,331.32,336.41,429.81,297.61,429.81
297.47,331.38,336.27,331.38,336.27,429.89,297.47,429.89
297.36,331.53,336.06,331.53,336.06,429.77,297.36,429.77
298.13,332.22,336.72,332.22,336.72,430.19,298.13,430.19
298.41,332.01,336.97,332.01,336.97,429.91,298.41,429.91
297.99,331.72,336.66,331.72,336.66,429.86,297.99,429.86
297.95,331.63,336.59,331.63,336.59,429.72,297.95,429.72
297.86,332.16,336.45,332.16,336.45,430.11,297.86,430.11
297.93,332.11,336.57,332.11,336.57,430.19,297.93,430.19
297.88,332.02,336.51,332.02,336.51,430.08,297.88,430.08
297.63,332.28,336.15,332.28,336.15,430.07,297.63,430.07
297.39,331.61,335.96,331.61,335.96,429.53,297.39,429.53
297.39,331.85,336.14,331.85,336.14,430.22,297.39,430.22
297.32,331.84,335.89,331.84,335.89,429.73,297.32,429.73
297.96,332.31,336.55,332.31,336.55,430.28,297.96,430.28
297.85,331.93,336.51,331.93,336.51,430.07,297.85,430.07
297.67,331.84,336.31,331.84,336.31,429.93,297.67,429.93
298.14,331.97,336.73,331.97,336.73,429.92,298.14,429.92
298.04,331.9,336.74,331.9,336.74,430.15,298.04,430.15
298.34,332.22,336.92,332.22,336.92,430.17,298.34,430.17
298.41,332.46,337.06,332.46,337.06,430.6,298.41,430.6
298.67,332.49,337.33,332.49,337.33,430.62,298.67,430.62
298.69,332.3,337.52,332.3,337.52,430.86,298.69,430.86
298.71,331.88,337.4,331.88,337.4,430.1,298.71,430.1
299.61,332.43,338.33,332.43,338.33,430.71,299.61,430.71
299.24,332.07,338,332.07,338,430.48,299.24,430.48
299.67,331.82,338.43,331.82,338.43,430.2,299.67,430.2
300.18,331.69,338.84,331.69,338.84,429.81,300.18,429.81
301.1,331.59,340.07,331.59,340.07,430.51,301.1,430.51
302.82,331.51,341.79,331.51,341.79,430.44,302.82,430.44
304.5,330.99,343.5,330.99,343.5,430,304.5,430
306.2,330.58,345.29,330.58,345.29,429.8,306.2,429.8
308.32,329.18,347.63,329.18,347.63,428.97,308.32,428.97
310.04,329.44,348.97,329.44,348.97,428.26,310.04,428.26
312.38,329.57,351.54,329.57,351.54,428.97,312.38,428.97
313.13,329.27,352.2,329.27,352.2,428.44,313.13,428.44
313.87,328.69,352.91,328.69,352.91,427.8,313.87,427.8
315.09,328.8,353.83,328.8,353.83,427.13,315.09,427.13
316.03,328.83,354.55,328.83,354.55,426.62,316.03,426.62
318.7,329.53,356.85,329.53,356.85,426.36,318.7,426.36
320.47,329.9,358.32,329.9,358.32,425.98,320.47,425.98
321.98,329.58,359.8,329.58,359.8,425.58,321.98,425.58
324.96,329.53,362.82,329.53,362.82,425.62,324.96,425.62
325.08,328.74,362.92,328.74,362.92,424.78,325.08,424.78
327.2,328.04,365.09,328.04,365.09,424.23,327.2,424.23
328.03,327.85,365.85,327.85,365.85,423.84,328.03,423.84
329.6,327.92,367.15,327.92,367.15,423.25,329.6,423.25
329.44,326.7,366.95,326.7,366.95,421.92,329.44,421.92
331.19,327.04,368.27,327.04,368.27,421.17,331.19,421.17
331.53,326.95,368.62,326.95,368.62,421.11,331.53,421.11
331.95,326.99,368.95,326.99,368.95,420.92,331.95,420.92
332.29,325.81,369.31,325.81,369.31,419.77,332.29,419.77
332.41,325.03,369.47,325.03,369.47,419.11,332.41,419.11
334.15,324.47,371.1,324.47,371.1,418.26,334.15,418.26
334.95,325.1,371.69,325.1,371.69,418.37,334.95,418.37
336.78,325.21,373.55,325.21,373.55,418.55,336.78,418.55
339.57,324.22,376.24,324.22,376.24,417.29,339.57,417.29
341.07,324.08,377.48,324.08,377.48,416.51,341.07,416.51
344.25,323.34,380.56,323.34,380.56,415.51,344.25,415.51
344.7,322.91,380.9,322.91,380.9,414.81,344.7,414.81
346.72,322.48,382.49,322.48,382.49,413.28,346.72,413.28
347.91,321.64,383.27,321.64,383.27,411.4,347.91,411.4
350.35,321.16,385.47,321.16,385.47,410.32,350.35,410.32
350.66,320.75,385.65,320.75,385.65,409.57,350.66,409.57
351.53,319.93,386.31,319.93,386.31,408.22,351.53,408.22
352.66,320.77,387.05,320.77,387.05,408.07,352.66,408.07
353.41,320.06,387.64,320.06,387.64,406.95,353.41,406.95
353.95,320.49,388.23,320.49,388.23,407.51,353.95,407.51
352.91,320.02,387.28,320.02,387.28,407.29,352.91,407.29
353,319.84,387.47,319.84,387.47,407.33,353,407.33
353.51,319.66,387.9,319.66,387.9,406.96,353.51,406.96
353.03,318.67,387.46,318.67,387.46,406.08,353.03,406.08
353.79,318.71,388.28,318.71,388.28,406.26,353.79,406.26
353.69,318.4,388.25,318.4,388.25,406.14,353.69,406.14
353.51,318.44,388.15,318.44,388.15,406.36,353.51,406.36
352.67,318.77,387.41,318.77,387.41,406.95,352.67,406.95
353.08,320,387.67,320,387.67,407.81,353.08,407.81
352.47,319.29,387.1,319.29,387.1,407.19,352.47,407.19
352.22,318.4,386.84,318.4,386.84,406.28,352.22,406.28
352.05,316.83,386.72,316.83,386.72,404.86,352.05,404.86
351.2,316.38,385.89,316.38,385.89,404.44,351.2,404.44
350.7,316.42,385.43,316.42,385.43,404.57,350.7,404.57
349.88,316.78,384.73,316.78,384.73,405.24,349.88,405.24
347.32,317.41,382.01,317.41,382.01,405.46,347.32,405.46
345.09,317.31,379.72,317.31,379.72,405.2,345.09,405.2
341.42,317.25,375.99,317.25,375.99,404.99,341.42,404.99
338.78,318.22,373.17,318.22,373.17,405.53,338.78,405.53
336.01,317.73,370.3,317.73,370.3,404.76,336.01,404.76
334.54,317.6,368.56,317.6,368.56,403.95,334.54,403.95
331.21,316.91,365.07,316.91,365.07,402.86,331.21,402.86
330.13,317.13,363.93,317.13,363.93,402.93,330.13,402.93
326.82,315.96,360.63,315.96,360.63,401.78,326.82,401.78
324.52,314.27,358.46,314.27,358.46,400.42,324.52,400.42
320.59,314.78,354.5,314.78,354.5,400.86,320.59,400.86
315.25,315.41,349.18,315.41,349.18,401.55,315.25,401.55
309.54,315.24,343.54,315.24,343.54,401.54,309.54,401.54
307.11,314.24,341.14,314.24,341.14,400.61,307.11,400.61
304.17,314.86,338.2,314.86,338.2,401.26,304.17,401.26
304.09,314.85,338.13,314.85,338.13,401.25,304.09,401.25
300.47,332.28,334.78,332.28,334.78,419.35,300.47,419.35
296.75,333.81,331.02,333.81,331.02,420.81,296.75,420.81
295.79,333.25,330.21,333.25,330.21,420.63,295.79,420.63
297.96,336.93,332.04,336.93,332.04,423.45,297.96,423.45
285.8,316.67,319.76,316.67,319.76,402.86,285.8,402.86
284.38,318.19,318.09,318.19,318.09,403.75,284.38,403.75
280.69,317.17,314.41,317.17,314.41,402.74,280.69,402.74
277.7,317.14,311.29,317.14,311.29,402.4,277.7,402.4
275.54,315.15,309.4,315.15,309.4,401.11,275.54,401.11
272.15,318.91,305.97,318.91,305.97,404.77,272.15,404.77
267.7,316.2,301.61,316.2,301.61,402.27,267.7,402.27
263.73,318.82,297.77,318.82,297.77,405.24,263.73,405.24
262.7,318.03,296.84,318.03,296.84,404.69,262.7,404.69
258.59,317.72,292.96,317.72,292.96,404.95,258.59,404.95
256.54,317.87,291.06,317.87,291.06,405.5,256.54,405.5
254.01,317.55,288.8,317.55,288.8,405.87,254.01,405.87
252.59,317.13,287.54,317.13,287.54,405.85,252.59,405.85
250.83,316.14,286.12,316.14,286.12,405.72,250.83,405.72
250.19,316.91,285.48,316.91,285.48,406.5,250.19,406.5
249.56,317.14,284.91,317.14,284.91,406.87,249.56,406.87
249.56,319.09,284.86,319.09,284.86,408.69,249.56,408.69
249.3,319.05,284.74,319.05,284.74,409.02,249.3,409.02
250.17,320.85,285.71,320.85,285.71,411.06,250.17,411.06
251.13,320.77,286.64,320.77,286.64,410.91,251.13,410.91
250.57,319.65,286.2,319.65,286.2,410.1,250.57,410.1
250.43,321.27,286,321.27,286,411.58,250.43,411.58
251.04,321.03,286.68,321.03,286.68,411.52,251.04,411.52
251.31,322.09,287.13,322.09,287.13,413,251.31,413
251.71,322.83,287.53,322.83,287.53,413.78,251.71,413.78
252.03,324.16,287.9,324.16,287.9,415.21,252.03,415.21
251.85,326.12,287.81,326.12,287.81,417.4,251.85,417.4
251.95,326.71,288.04,326.71,288.04,418.34,251.95,418.34
252.4,326.26,288.56,326.26,288.56,418.05,252.4,418.05
252.52,324.94,288.69,324.94,288.69,416.78,252.52,416.78
251.46,325.06,287.56,325.06,287.56,416.72,251.46,416.72
253.13,325.8,289.24,325.8,289.24,417.48,253.13,417.48
255.97,326.34,292.08,326.34,292.08,418,255.97,418
256.4,328.11,292.64,328.11,292.64,420.1,256.4,420.1
259.05,330.78,295.31,330.78,295.31,422.83,259.05,422.83
261.55,331.13,297.83,331.13,297.83,423.24,261.55,423.24
266.12,331.46,302.37,331.46,302.37,423.49,266.12,423.49
268.65,331.73,304.86,331.73,304.86,423.65,268.65,423.65
274.09,332.19,310.27,332.19,310.27,424.04,274.09,424.04
278.48,330.26,314.5,330.26,314.5,421.7,278.48,421.7
287.12,330.15,323.25,330.15,323.25,421.85,287.12,421.85
287.36,330.12,323.41,330.12,323.41,421.64,287.36,421.64
291.19,330.36,327.14,330.36,327.14,421.61,291.19,421.61
295,331.76,330.8,331.76,330.8,422.64,295,422.64
299.66,331.23,335.42,331.23,335.42,422.02,299.66,422.02
301.44,331.83,336.95,331.83,336.95,421.99,301.44,421.99
305.11,330.95,340.61,330.95,340.61,421.06,305.11,421.06
309.66,328.46,345.34,328.46,345.34,419.04,309.66,419.04
313.27,328.8,348.92,328.8,348.92,419.3,313.27,419.3
316.41,327.72,351.89,327.72,351.89,417.8,316.41,417.8
318.52,326.84,353.8,326.84,353.8,416.4,318.52,416.4
321.2,325.92,356.58,325.92,356.58,415.73,321.2,415.73
322.98,325.97,358.35,325.97,358.35,415.77,322.98,415.77
326.04,325.42,361.4,325.42,361.4,415.17,326.04,415.17
329.54,325.28,364.87,325.28,364.87,414.95,329.54,414.95
330.98,325.15,366.38,325.15,366.38,415,330.98,415
334.03,325.2,369.27,325.2,369.27,414.66,334.03,414.66
334.88,324.19,370.02,324.19,370.02,413.41,334.88,413.41
337.58,324.01,372.51,324.01,372.51,412.66,337.58,412.66
340.06,322,374.76,322,374.76,410.08,340.06,410.08
340.76,321.18,375.25,321.18,375.25,408.74,340.76,408.74
344.04,320.19,378.32,320.19,378.32,407.21,344.04,407.21
344.72,319.82,378.95,319.82,378.95,406.71,344.72,406.71
349.81,319.87,384.09,319.87,384.09,406.9,349.81,406.9
351,319.49,385.46,319.49,385.46,406.96,351,406.96
354.4,322.57,388.73,322.57,388.73,409.72,354.4,409.72
355.27,321.82,389.39,321.82,389.39,408.43,355.27,408.43
357.48,320.39,391.55,320.39,391.55,406.88,357.48,406.88
358.44,320.12,392.48,320.12,392.48,406.53,358.44,406.53
358.41,320.09,392.41,320.09,392.41,406.41,358.41,406.41
359.04,319.11,393.14,319.11,393.14,405.66,359.04,405.66
359.96,319.03,394.19,319.03,394.19,405.92,359.96,405.92
360.45,319.39,394.84,319.39,394.84,406.69,360.45,406.69
359.1,317.62,393.54,317.62,393.54,405.03,359.1,405.03
360.81,317.64,395.38,317.64,395.38,405.4,360.81,405.4
360.26,315.69,394.97,315.69,394.97,403.8,360.26,403.8
359.8,315.06,394.68,315.06,394.68,403.59,359.8,403.59
362.19,314.01,397.33,314.01,397.33,403.23,362.19,403.23
362.19,314.74,397.39,314.74,397.39,404.11,362.19,404.11
361.49,314.82,396.67,314.82,396.67,404.13,361.49,404.13
362.88,314.97,398.04,314.97,398.04,404.21,362.88,404.21
362.48,315.72,397.54,315.72,397.54,404.7,362.48,404.7
363.38,316.04,398.37,316.04,398.37,404.85,363.38,404.85
349.89,318.88,384.89,318.88,384.89,407.74,349.89,407.74
362,313.24,397.22,313.24,397.22,402.66,362,402.66
362.43,312.9,397.67,312.9,397.67,402.35,362.43,402.35
363.05,312.54,398.47,312.54,398.47,402.45,363.05,402.45
363.38,312.68,399.1,312.68,399.1,403.34,363.38,403.34
363.77,312.85,399.76,312.85,399.76,404.2,363.77,404.2
362.41,312.72,398.35,312.72,398.35,403.95,362.41,403.95
361.52,310.72,397.59,310.72,397.59,402.29,361.52,402.29
360.87,305.6,396.97,305.6,396.97,397.25,360.87,397.25
360.52,304.88,396.42,304.88,396.42,396.01,360.52,396.01
363.14,305.2,399.25,305.2,399.25,396.88,363.14,396.88
350.2,319.68,386,319.68,386,410.56,350.2,410.56
351.09,319.7,386.73,319.7,386.73,410.19,351.09,410.19
364.98,316.98,400.65,316.98,400.65,407.52,364.98,407.52
352.43,318.59,387.8,318.59,387.8,408.38,352.43,408.38
356.89,318.28,392.13,318.28,392.13,407.72,356.89,407.72
361.09,318.12,396.18,318.12,396.18,407.18,361.09,407.18
363.39,318.36,398.5,318.36,398.5,407.49,363.39,407.49
362.76,318.33,397.9,318.33,397.9,407.53,362.76,407.53
360.94,316.99,396.02,316.99,396.02,406.05,360.94,406.05
363.93,316.93,399.05,316.93,399.05,406.06,363.93,406.06
362.53,317.03,397.74,317.03,397.74,406.41,362.53,406.41
361.71,317.05,396.81,317.05,396.81,406.15,361.71,406.15
362.74,316.92,397.79,316.92,397.79,405.9,362.74,405.9
361.03,317.24,396.03,317.24,396.03,406.09,361.03,406.09
361.48,316.94,396.47,316.94,396.47,405.76,361.48,405.76
363.06,316.77,398.08,316.77,398.08,405.65,363.06,405.65
361.74,318.04,396.71,318.04,396.71,406.82,361.74,406.82
356.31,316.67,391.24,316.67,391.24,405.36,356.31,405.36
385.93,299.4,420.62,299.4,420.62,387.46,385.93,387.46
387.04,299.31,421.6,299.31,421.6,387.03,387.04,387.03
388.14,299.94,422.52,299.94,422.52,387.22,388.14,387.22
389.98,300.16,424.03,300.16,424.03,386.59,389.98,386.59
391.85,300.03,425.82,300.03,425.82,386.25,391.85,386.25
395.58,300.38,429.41,300.38,429.41,386.25,395.58,386.25
397.5,299.54,431.41,299.54,431.41,385.61,397.5,385.61
399.79,297.04,433.68,297.04,433.68,383.05,399.79,383.05
400.6,294.81,434.68,294.81,434.68,381.31,400.6,381.31
400.58,294.28,434.64,294.28,434.64,380.74,400.58,380.74
401.08,294.1,435.23,294.1,435.23,380.8,401.08,380.8
402.6,295.26,436.82,295.26,436.82,382.12,402.6,382.12
402.66,295.87,436.8,295.87,436.8,382.53,402.66,382.53
403.14,296.07,437.05,296.07,437.05,382.16,403.14,382.16
402.75,296.03,436.51,296.03,436.51,381.72,402.75,381.72
403.19,294.42,437.15,294.42,437.15,380.63,403.19,380.63
403.83,294.18,438.03,294.18,438.03,380.99,403.83,380.99
403.6,293.72,437.9,293.72,437.9,380.77,403.6,380.77
403.94,290.68,438.37,290.68,438.37,378.08,403.94,378.08
404.32,290.06,439.04,290.06,439.04,378.18,404.32,378.18
405.09,289,440.16,289,440.16,378.03,405.09,378.03
405.48,288.48,440.89,288.48,440.89,378.37,405.48,378.37
405.71,288.65,441.2,288.65,441.2,378.75,405.71,378.75
406.43,289.1,442.02,289.1,442.02,379.44,406.43,379.44
408.01,290.27,443.47,290.27,443.47,380.29,408.01,380.29
409.23,290.97,444.61,290.97,444.61,380.77,409.23,380.77
410.74,291.95,445.97,291.95,445.97,381.39,410.74,381.39
413.49,293.01,448.38,293.01,448.38,381.58,413.49,381.58
414.63,292.86,449.23,292.86,449.23,380.69,414.63,380.69
416.17,291.03,450.82,291.03,450.82,378.99,416.17,378.99
416.57,289.9,451.39,289.9,451.39,378.29,416.57,378.29
417.98,289.46,452.97,289.46,452.97,378.29,417.98,378.29
418.1,289.05,453.1,289.05,453.1,377.91,418.1,377.91
418.62,289.48,453.6,289.48,453.6,378.27,418.62,378.27
419.32,289.95,454.19,289.95,454.19,378.47,419.32,378.47
420.03,290,454.82,290,454.82,378.32,420.03,378.32
421.62,290.72,456.54,290.72,456.54,379.36,421.62,379.36
422.75,288.4,457.84,288.4,457.84,377.48,422.75,377.48
424.38,287.82,459.55,287.82,459.55,377.1,424.38,377.1
426.4,285.23,461.66,285.23,461.66,374.75,426.4,374.75
427.8,284.76,463.16,284.76,463.16,374.52,427.8,374.52
428.71,286.09,464.17,286.09,464.17,376.11,428.71,376.11
430.93,287.75,466.34,287.75,466.34,377.66,430.93,377.66
434.96,288.66,469.98,288.66,469.98,377.57,434.96,377.57
436.56,288.17,471.37,288.17,471.37,376.53,436.56,376.53
440.6,286.97,475.36,286.97,475.36,375.19,440.6,375.19
443.14,285.87,477.78,285.87,477.78,373.81,443.14,373.81
445.38,282.63,480.12,282.63,480.12,370.82,445.38,370.82
446.35,282.75,481.12,282.75,481.12,371.01,446.35,371.01
448.22,281.79,483.03,281.79,483.03,370.14,448.22,370.14
448.97,282.41,483.8,282.41,483.8,370.82,448.97,370.82
450.39,282.93,485.28,282.93,485.28,371.5,450.39,371.5
451.31,282.84,486.04,282.84,486.04,371,451.31,371
453.47,283.31,488.36,283.31,488.36,371.88,453.47,371.88
454.47,281.43,489.4,281.43,489.4,370.07,454.47,370.07
454.29,280.5,489.37,280.5,489.37,369.56,454.29,369.56
456.86,279.65,492.1,279.65,492.1,369.09,456.86,369.09
456.63,279.15,491.86,279.15,491.86,368.6,456.63,368.6
458.91,279.62,493.97,279.62,493.97,368.63,458.91,368.63
460.39,280.1,495.47,280.1,495.47,369.14,460.39,369.14
462.42,279.26,497.56,279.26,497.56,368.45,462.42,368.45
462.79,278.85,497.95,278.85,497.95,368.11,462.79,368.11
464.83,277.58,500,277.58,500,366.86,464.83,366.86
466.01,277.36,501.01,277.36,501.01,366.21,466.01,366.21
467.43,276.92,502.38,276.92,502.38,365.65,467.43,365.65
468.03,276.56,503.08,276.56,503.08,365.53,468.03,365.53
468.85,276.72,503.96,276.72,503.96,365.84,468.85,365.84
470.17,277.06,505.17,277.06,505.17,365.9,470.17,365.9
470.03,276.62,505.05,276.62,505.05,365.54,470.03,365.54
470.55,276.5,505.86,276.5,505.86,366.11,470.55,366.11
470.65,275.46,506.06,275.46,506.06,365.36,470.65,365.36
472.32,274.58,507.81,274.58,507.81,364.66,472.32,364.66
472.41,273.72,508,273.72,508,364.07,472.41,364.07
473.09,273.83,508.7,273.83,508.7,364.23,473.09,364.23
474.67,273.83,510.38,273.83,510.38,364.47,474.67,364.47
475.47,273.8,511.16,273.8,511.16,364.41,475.47,364.41
477.04,273.27,512.64,273.27,512.64,363.65,477.04,363.65
477.61,272.82,513.09,272.82,513.09,362.89,477.61,362.89
478.42,271.58,513.8,271.58,513.8,361.39,478.42,361.39
479.02,271.98,514.23,271.98,514.23,361.37,479.02,361.37
479.11,270.76,514.18,270.76,514.18,359.77,479.11,359.77
479.84,271.07,514.87,271.07,514.87,359.98,479.84,359.98
480.15,271.01,515.21,271.01,515.21,360.01,480.15,360.01
479.98,271.45,514.95,271.45,514.95,360.23,479.98,360.23
480.13,271.03,514.75,271.03,514.75,358.9,480.13,358.9
479.98,271.09,514.59,271.09,514.59,358.94,479.98,358.94
479.78,270.15,514.2,270.15,514.2,357.53,479.78,357.53
480.4,269.73,514.72,269.73,514.72,356.84,480.4,356.84
480.02,268.69,514.24,268.69,514.24,355.56,480.02,355.56
481.04,268.88,515.26,268.88,515.26,355.75,481.04,355.75
481.91,269.58,515.98,269.58,515.98,356.06,481.91,356.06
481.52,268.99,515.24,268.99,515.24,354.57,481.52,354.57
482.14,268.63,515.71,268.63,515.71,353.84,482.14,353.84
483,268.55,516.63,268.55,516.63,353.92,483,353.92
483.29,268.46,516.9,268.46,516.9,353.78,483.29,353.78
483.58,267.57,517.15,267.57,517.15,352.78,483.58,352.78
483.94,267.46,517.3,267.46,517.3,352.16,483.94,352.16
483.59,267.29,516.86,267.29,516.86,351.75,483.59,351.75
483.96,267.51,517.07,267.51,517.07,351.55,483.96,351.55
483.46,267.22,516.4,267.22,516.4,350.86,483.46,350.86
483.68,267.43,516.67,267.43,516.67,351.15,483.68,351.15
483.68,267.14,516.77,267.14,516.77,351.12,483.68,351.12
483.21,265.49,516.01,265.49,516.01,348.74,483.21,348.74
484.21,264.28,516.88,264.28,516.88,347.21,484.21,347.21
484.67,264.85,517.4,264.85,517.4,347.94,484.67,347.94
485.05,264.78,517.75,264.78,517.75,347.79,485.05,347.79
485.27,264.69,517.99,264.69,517.99,347.73,485.27,347.73
486.23,264,518.82,264,518.82,346.74,486.23,346.74
485.97,263.25,518.49,263.25,518.49,345.81,485.97,345.81
486.96,262.23,519.43,262.23,519.43,344.64,486.96,344.64
487.45,262.7,519.78,262.7,519.78,344.77,487.45,344.77
487.2,261.44,519.58,261.44,519.58,343.63,487.2,343.63
487.75,262.22,520.02,262.22,520.02,344.13,487.75,344.13
487.39,262.05,519.5,262.05,519.5,343.53,487.39,343.53
487.58,262.56,519.61,262.56,519.61,343.87,487.58,343.87
487.33,262.36,519.07,262.36,519.07,342.95,487.33,342.95
487.47,261.54,519.1,261.54,519.1,341.83,487.47,341.83
487.21,261.23,518.66,261.23,518.66,341.08,487.21,341.08
487.94,259.99,519.37,259.99,519.37,339.76,487.94,339.76
490.1,259.08,521.58,259.08,521.58,338.99,490.1,338.99
491.74,257.74,523.31,257.74,523.31,337.88,491.74,337.88
491.7,257.57,523.31,257.57,523.31,337.8,491.7,337.8
491.8,257.05,523.38,257.05,523.38,337.21,491.8,337.21
492.42,257.68,523.98,257.68,523.98,337.79,492.42,337.79
492.21,257.91,523.82,257.91,523.82,338.16,492.21,338.16
492.31,257.55,523.74,257.55,523.74,337.31,492.31,337.31
491.87,257.21,523.1,257.21,523.1,336.46,491.87,336.46
492.82,257.38,523.9,257.38,523.9,336.28,492.82,336.28
492.37,255.86,523.39,255.86,523.39,334.6,492.37,334.6
492.44,255.8,523.31,255.8,523.31,334.16,492.44,334.16
494.01,255.85,524.76,255.85,524.76,333.91,494.01,333.91
493.62,255.21,524.26,255.21,524.26,333,493.62,333
495.52,256.07,526.1,256.07,526.1,333.69,495.52,333.69
496.7,256.23,527.14,256.23,527.14,333.5,496.7,333.5
495.83,255.22,526.17,255.22,526.17,332.24,495.83,332.24
497.36,254.43,527.86,254.43,527.86,331.86,497.36,331.86
496.78,253.08,527.37,253.08,527.37,330.72,496.78,330.72
497.76,253.46,528.41,253.46,528.41,331.26,497.76,331.26
497.85,253.6,528.44,253.6,528.44,331.25,497.85,331.25
498.61,254.11,529.03,254.11,529.03,331.34,498.61,331.34
497.94,253.8,528.24,253.8,528.24,330.7,497.94,330.7
498.54,254.19,528.78,254.19,528.78,330.96,498.54,330.96
498.71,252.87,528.83,252.87,528.83,329.32,498.71,329.32
499.55,252.72,529.67,252.72,529.67,329.18,499.55,329.18
499.91,252.1,529.98,252.1,529.98,328.44,499.91,328.44
500.55,251.63,530.59,251.63,530.59,327.87,500.55,327.87
501.37,251.42,531.43,251.42,531.43,327.72,501.37,327.72
502.59,251.61,532.6,251.61,532.6,327.79,502.59,327.79
503.17,251.88,533.35,251.88,533.35,328.49,503.17,328.49
503.38,251.51,533.44,251.51,533.44,327.8,503.38,327.8
504.64,251.67,534.54,251.67,534.54,327.57,504.64,327.57
504.48,250.57,534.25,250.57,534.25,326.12,504.48,326.12
505.47,249.81,535.24,249.81,535.24,325.39,505.47,325.39
506.1,249.24,535.78,249.24,535.78,324.58,506.1,324.58
506.32,249.81,535.84,249.81,535.84,324.74,506.32,324.74
507.21,250.59,536.55,250.59,536.55,325.05,507.21,325.05
506.74,250.35,535.93,250.35,535.93,324.46,506.74,324.46
507.55,250.5,536.64,250.5,536.64,324.35,507.55,324.35
507.82,249.88,536.82,249.88,536.82,323.51,507.82,323.51
508.32,248.22,537.24,248.22,537.24,321.63,508.32,321.63
509.21,248.54,538.14,248.54,538.14,321.97,509.21,321.97
509.84,248.37,538.79,248.37,538.79,321.86,509.84,321.86
509.93,247.46,538.94,247.46,538.94,321.11,509.93,321.11
511.09,247.29,540.09,247.29,540.09,320.89,511.09,320.89
512.11,247.46,541.1,247.46,541.1,321.04,512.11,321.04
512.75,247.58,541.76,247.58,541.76,321.22,512.75,321.22
513.38,246.86,542.34,246.86,542.34,320.38,513.38,320.38
514.36,246.59,543.22,246.59,543.22,319.85,514.36,319.85
515.64,245.74,544.55,245.74,544.55,319.11,515.64,319.11
515.52,245.82,544.42,245.82,544.42,319.17,515.52,319.17
516.23,246.02,544.97,246.02,544.97,318.96,516.23,318.96
516.13,245.84,544.81,245.84,544.81,318.65,516.13,318.65
516.66,246.2,545.2,246.2,545.2,318.66,516.66,318.66
517.03,246.62,545.47,246.62,545.47,318.82,517.03,318.82
517.1,245.67,545.38,245.67,545.38,317.44,517.1,317.44
518.35,245.57,546.66,245.57,546.66,317.43,518.35,317.43
518.74,245.11,546.83,245.11,546.83,316.41,518.74,316.41
518.5,244.71,546.48,244.71,546.48,315.73,518.5,315.73
520.01,245.02,547.94,245.02,547.94,315.92,520.01,315.92
520.73,244.66,548.73,244.66,548.73,315.73,520.73,315.73
522.06,244.6,550.14,244.6,550.14,315.88,522.06,315.88
521.73,244.21,549.69,244.21,549.69,315.17,521.73,315.17
522.94,244.25,550.89,244.25,550.89,315.22,522.94,315.22
523.16,243.4,551.22,243.4,551.22,314.62,523.16,314.62
522.52,242.25,550.65,242.25,550.65,313.67,522.52,313.67
522.97,242.52,550.89,242.52,550.89,313.4,522.97,313.4
523.46,243.54,551.28,243.54,551.28,314.15,523.46,314.15
523.19,243.33,550.93,243.33,550.93,313.74,523.19,313.74
523.51,243.93,551.25,243.93,551.25,314.35,523.51,314.35
523.32,243.89,550.91,243.89,550.91,313.95,523.32,313.95
522.99,242.38,550.42,242.38,550.42,312,522.99,312
523.76,242.19,551.2,242.19,551.2,311.83,523.76,311.83
524.13,241.6,551.62,241.6,551.62,311.37,524.13,311.37
523.56,241.14,551.01,241.14,551.01,310.82,523.56,310.82
524.13,241.7,551.56,241.7,551.56,311.33,524.13,311.33
524.55,241.72,552.09,241.72,552.09,311.62,524.55,311.62
524.42,240.92,551.88,240.92,551.88,310.64,524.42,310.64
524.5,240.81,551.92,240.81,551.92,310.41,524.5,310.41
525.19,240.32,552.56,240.32,552.56,309.81,525.19,309.81
525.25,240.24,552.58,240.24,552.58,309.61,525.25,309.61
525.28,239.56,552.62,239.56,552.62,308.95,525.28,308.95
525.26,239.6,552.61,239.6,552.61,309.02,525.26,309.02
525.48,239.8,552.81,239.8,552.81,309.17,525.48,309.17
525.5,239.98,552.74,239.98,552.74,309.11,525.5,309.11
525.07,239.77,552.15,239.77,552.15,308.51,525.07,308.51
525.31,239.93,552.31,239.93,552.31,308.45,525.31,308.45
524.93,239.18,551.84,239.18,551.84,307.48,524.93,307.48
525.67,238.15,552.54,238.15,552.54,306.37,525.67,306.37
525.8,238.01,552.6,238.01,552.6,306.05,525.8,306.05
526.74,238.41,553.43,238.41,553.43,306.15,526.74,306.15
527.31,237.79,554.02,237.79,554.02,305.57,527.31,305.57
528.16,237.77,554.84,237.77,554.84,305.49,528.16,305.49
528.74,237.93,555.33,237.93,555.33,305.43,528.74,305.43
529.43,237.47,556.05,237.47,556.05,305.05,529.43,305.05
529.85,237.34,556.37,237.34,556.37,304.68,529.85,304.68
530.79,236.89,557.24,236.89,557.24,304.03,530.79,304.03
530.78,236.89,557.21,236.89,557.21,303.99,530.78,303.99
531.34,237.2,557.8,237.2,557.8,304.36,531.34,304.36
531.5,237.31,557.83,237.31,557.83,304.17,531.5,304.17
531.35,236.74,557.62,236.74,557.62,303.44,531.35,303.44
532.08,236.9,558.36,236.9,558.36,303.6,532.08,303.6
531.86,236.09,558.07,236.09,558.07,302.61,531.86,302.61
533.47,235.54,559.81,235.54,559.81,302.39,533.47,302.39
532.8,234.95,559.19,234.95,559.19,301.94,532.8,301.94
533.28,234.54,559.61,234.54,559.61,301.38,533.28,301.38
534.26,234.09,560.54,234.09,560.54,300.81,534.26,300.81
534.63,234,560.95,234,560.95,300.82,534.63,300.82
535.56,233.97,561.95,233.97,561.95,300.96,535.56,300.96
536.7,233.49,563.08,233.49,563.08,300.46,536.7,300.46
537.18,232.81,563.51,232.81,563.51,299.64,537.18,299.64
537.59,232.2,563.95,232.2,563.95,299.12,537.59,299.12
537.95,232.38,564.3,232.38,564.3,299.26,537.95,299.26
538.18,232.74,564.54,232.74,564.54,299.65,538.18,299.65
538.72,233.14,565.09,233.14,565.09,300.07,538.72,300.07
539.21,233.05,565.58,233.05,565.58,300,539.21,300
539.36,232.52,565.77,232.52,565.77,299.55,539.36,299.55
539.72,231.88,566.07,231.88,566.07,298.74,539.72,298.74
540.03,231.65,566.24,231.65,566.24,298.17,540.03,298.17
541.11,231.82,567.43,231.82,567.43,298.64,541.11,298.64
540.96,231.37,567.23,231.37,567.23,298.04,540.96,298.04
542.05,231.82,568.26,231.82,568.26,298.36,542.05,298.36
542.71,232.24,568.85,232.24,568.85,298.62,542.71,298.62
543.89,231.9,570.06,231.9,570.06,298.33,543.89,298.33
544.64,231.65,570.68,231.65,570.68,297.74,544.64,297.74
545.54,230.02,571.41,230.02,571.41,295.69,545.54,295.69
545.85,230.41,571.65,230.41,571.65,295.93,545.85,295.93
545.91,229.4,571.61,229.4,571.61,294.64,545.91,294.64
546.05,229.74,571.65,229.74,571.65,294.71,546.05,294.71
547.03,230.78,572.59,230.78,572.59,295.66,547.03,295.66
547.18,230.75,572.72,230.75,572.72,295.6,547.18,295.6
547.2,230.71,572.73,230.71,572.73,295.54,547.2,295.54
547.31,230.53,572.84,230.53,572.84,295.32,547.31,295.32
547.08,229.77,572.42,229.77,572.42,294.09,547.08,294.09
547.6,229.49,572.95,229.49,572.95,293.82,547.6,293.82
547.79,229.67,573.03,229.67,573.03,293.75,547.79,293.75
548.24,229.85,573.36,229.85,573.36,293.61,548.24,293.61
547.47,229.74,572.51,229.74,572.51,293.32,547.47,293.32
549.19,230.58,574.24,230.58,574.24,294.19,549.19,294.19
548.92,229.95,573.75,229.95,573.75,292.99,548.92,292.99
548.91,228.97,573.35,228.97,573.35,291.02,548.91,291.02
549.74,230.08,574.34,230.08,574.34,292.53,549.74,292.53
549.51,228.71,573.91,228.71,573.91,290.66,549.51,290.66
549.26,230.15,573.95,230.15,573.95,292.83,549.26,292.83
549.69,229.96,574.48,229.96,574.48,292.91,549.69,292.91
549.58,230.09,574.4,230.09,574.4,293.09,549.58,293.09
549.36,230.42,574.15,230.42,574.15,293.34,549.36,293.34
549.58,230.25,574.45,230.25,574.45,293.37,549.58,293.37
549.5,229.09,574.13,229.09,574.13,291.6,549.5,291.6
548.82,230.67,573.54,230.67,573.54,293.41,548.82,293.41
545.14,243.27,569.83,243.27,569.83,305.94,545.14,305.94
544.54,241.66,569.27,241.66,569.27,304.45,544.54,304.45
544.66,241.77,569.39,241.77,569.39,304.55,544.66,304.55
568.58,225.28,593.64,225.28,593.64,288.9,568.58,288.9
587.3,206.14,612.36,206.14,612.36,269.75,587.3,269.75
586.04,204.94,611.27,204.94,611.27,268.98,586.04,268.98
586.11,204.99,611.35,204.99,611.35,269.05,586.11,269.05
583.39,208.77,608.17,208.77,608.17,271.66,583.39,271.66
585.52,206.2,610.27,206.2,610.27,269.03,585.52,269.03
586.89,205.34,611.81,205.34,611.81,268.59,586.89,268.59
585.85,204.5,610.97,204.5,610.97,268.27,585.85,268.27
585.85,205.18,610.93,205.18,610.93,268.84,585.85,268.84
585.9,204.91,611.15,204.91,611.15,269,585.9,269
586.49,205.7,611.74,205.7,611.74,269.8,586.49,269.8
586.38,205.57,611.66,205.57,611.66,269.74,586.38,269.74
586.14,204.75,611.41,204.75,611.41,268.92,586.14,268.92
585.8,204.78,611.04,204.78,611.04,268.86,585.8,268.86
586.53,204.96,611.82,204.96,611.82,269.16,586.53,269.16
586.39,205.59,611.57,205.59,611.57,269.52,586.39,269.52
585.48,205.27,610.66,205.27,610.66,269.19,585.48,269.19
585.88,204.5,611.13,204.5,611.13,268.61,585.88,268.61
586.01,204.78,611.29,204.78,611.29,268.94,586.01,268.94
586.38,205.01,611.63,205.01,611.63,269.1,586.38,269.1
586.49,205.24,611.76,205.24,611.76,269.4,586.49,269.4
586.43,205.37,611.64,205.37,611.64,269.35,586.43,269.35
585.8,204.43,611.1,204.43,611.1,268.64,585.8,268.64
586.07,204.36,611.4,204.36,611.4,268.64,586.07,268.64
586.09,204.29,611.5,204.29,611.5,268.79,586.09,268.79
585.88,204.89,611.18,204.89,611.18,269.12,585.88,269.12
586.19,205.21,611.53,205.21,611.53,269.54,586.19,269.54
586.3,204.72,611.72,204.72,611.72,269.25,586.3,269.25
585.38,204.53,610.76,204.53,610.76,268.95,585.38,268.95
585.67,204.51,611.12,204.51,611.12,269.1,585.67,269.1
585.55,204.42,610.94,204.42,610.94,268.89,585.55,268.89
585.97,204.51,611.35,204.51,611.35,268.93,585.97,268.93
586.09,204.83,611.5,204.83,611.5,269.34,586.09,269.34
585.7,204.63,611.07,204.63,611.07,269.02,585.7,269.02
586.9,205.47,612.09,205.47,612.09,269.44,586.9,269.44
586.79,204.87,612.04,204.87,612.04,268.96,586.79,268.96
587.11,205.34,612.29,205.34,612.29,269.24,587.11,269.24
579.6,218.62,604.69,218.62,604.69,282.32,579.6,282.32
579.85,218.38,604.97,218.38,604.97,282.16,579.85,282.16
580.15,218.15,605.34,218.15,605.34,282.09,580.15,282.09
580.32,218.22,605.52,218.22,605.52,282.18,580.32,282.18
581.08,218.62,606.3,218.62,606.3,282.64,581.08,282.64
581.45,219.2,606.52,219.2,606.52,282.84,581.45,282.84
582.32,219.72,607.15,219.72,607.15,282.74,582.32,282.74
582.17,218.53,607.06,218.53,607.06,281.72,582.17,281.72
583.27,218.26,608.06,218.26,608.06,281.18,583.27,281.18
584.03,218.75,608.73,218.75,608.73,281.45,584.03,281.45
584.87,218.98,609.48,218.98,609.48,281.43,584.87,281.43
584.81,218.54,609.36,218.54,609.36,280.85,584.81,280.85
585.69,218.59,610.22,218.59,610.22,280.86,585.69,280.86
586.72,218.76,611.16,218.76,611.16,280.8,586.72,280.8
587.71,218.81,612.12,218.81,612.12,280.79,587.71,280.79
588.82,218.3,612.9,218.3,612.9,279.45,588.82,279.45
589.19,218.25,613.07,218.25,613.07,278.86,589.19,278.86
589.62,218.31,613.37,218.31,613.37,278.61,589.62,278.61
589.44,217.86,613.07,217.86,613.07,277.84,589.44,277.84
589.85,217.9,613.45,217.9,613.45,277.82,589.85,277.82
590.91,218.51,614.37,218.51,614.37,278.06,590.91,278.06
590.65,218.29,614.04,218.29,614.04,277.65,590.65,277.65
591.38,217.89,614.73,217.89,614.73,277.17,591.38,277.17
592.28,216.48,615.52,216.48,615.52,275.47,592.28,275.47
593.42,216.9,616.6,216.9,616.6,275.75,593.42,275.75
594.03,216.98,617.23,216.98,617.23,275.86,594.03,275.86
594.32,217.02,617.47,217.02,617.47,275.79,594.32,275.79
594.85,216.75,617.9,216.75,617.9,275.26,594.85,275.26
596.05,216.57,619.03,216.57,619.03,274.91,596.05,274.91
597.61,216.33,620.54,216.33,620.54,274.55,597.61,274.55
598.37,216.23,621.28,216.23,621.28,274.41,598.37,274.41
598.92,215.67,621.87,215.67,621.87,273.93,598.92,273.93
599.2,215.39,622.14,215.39,622.14,273.62,599.2,273.62
599.79,215.21,622.79,215.21,622.79,273.59,599.79,273.59
600.07,215.33,623.04,215.33,623.04,273.62,600.07,273.62
600.6,215.35,623.56,215.35,623.56,273.63,600.6,273.63
600.55,215.52,623.45,215.52,623.45,273.67,600.55,273.67
600.61,215.51,623.45,215.51,623.45,273.5,600.61,273.5
600.3,214.79,622.98,214.79,622.98,272.35,600.3,272.35
600.77,215.19,623.56,215.19,623.56,273.02,600.77,273.02
600.51,214.21,623.12,214.21,623.12,271.6,600.51,271.6
600.96,214.5,623.58,214.5,623.58,271.91,600.96,271.91
601.19,213.97,623.88,213.97,623.88,271.58,601.19,271.58
601.32,213.9,624.01,213.9,624.01,271.5,601.32,271.5
601.35,214.1,623.99,214.1,623.99,271.57,601.35,271.57
601.61,214.34,624.28,214.34,624.28,271.88,601.61,271.88
601.83,214.52,624.43,214.52,624.43,271.88,601.83,271.88
602.39,214.54,624.81,214.54,624.81,271.44,602.39,271.44
603.39,214.2,625.67,214.2,625.67,270.74,603.39,270.74
603.64,213.6,625.72,213.6,625.72,269.67,603.64,269.67
604.72,213.47,626.85,213.47,626.85,269.64,604.72,269.64
605.35,213.75,627.42,213.75,627.42,269.78,605.35,269.78
606,213.33,628.11,213.33,628.11,269.45,606,269.45
605.9,213,628.08,213,628.08,269.29,605.9,269.29
606.01,212.63,628.02,212.63,628.02,268.48,606.01,268.48
606.92,213.38,629.07,213.38,629.07,269.61,606.92,269.61
606.63,213.1,628.75,213.1,628.75,269.27,606.63,269.27
607.25,213.91,629.32,213.91,629.32,269.95,607.25,269.95
607.61,214.12,629.92,214.12,629.92,270.75,607.61,270.75
607.48,214.13,629.79,214.13,629.79,270.77,607.48,270.77
607.64,214.12,630,214.12,630,270.89,607.64,270.89
607.81,214.59,630.15,214.59,630.15,271.29,607.81,271.29
607.55,214.66,629.81,214.66,629.81,271.16,607.55,271.16
606.5,214.18,628.83,214.18,628.83,270.87,606.5,270.87
607.15,214.42,629.52,214.42,629.52,271.2,607.15,271.2
606.91,214.31,629.27,214.31,629.27,271.05,606.91,271.05
606.47,214.4,629.02,214.4,629.02,271.63,606.47,271.63
605.86,214.36,628.29,214.36,628.29,271.3,605.86,271.3
605.03,214.62,627.53,214.62,627.53,271.74,605.03,271.74
604.49,214.38,627.08,214.38,627.08,271.72,604.49,271.72
603.92,214.72,626.59,214.72,626.59,272.27,603.92,272.27
603.71,214.74,626.53,214.74,626.53,272.67,603.71,272.67
602.96,214.68,625.76,214.68,625.76,272.55,602.96,272.55
602.33,214.59,625.11,214.59,625.11,272.43,602.33,272.43
602.34,214.86,625.07,214.86,625.07,272.54,602.34,272.54
602.2,215.04,624.91,215.04,624.91,272.67,602.2,272.67
602.33,215.66,625.12,215.66,625.12,273.5,602.33,273.5
601.22,215.96,623.94,215.96,623.94,273.63,601.22,273.63
601.03,216.45,623.82,216.45,623.82,274.3,601.03,274.3
599.74,215.98,622.62,215.98,622.62,274.07,599.74,274.07
599.6,216.08,622.57,216.08,622.57,274.4,599.6,274.4
599.34,216.07,622.31,216.07,622.31,274.38,599.34,274.38
597.97,216.13,620.97,216.13,620.97,274.52,597.97,274.52
596.78,216.44,619.81,216.44,619.81,274.91,596.78,274.91
595.16,216.92,618.06,216.92,618.06,275.05,595.16,275.05
593.83,217.98,616.84,217.98,616.84,276.39,593.83,276.39
592.64,217.91,615.66,217.91,615.66,276.36,592.64,276.36
590.92,217.46,613.91,217.46,613.91,275.82,590.92,275.82
590.94,217.75,614,217.75,614,276.3,590.94,276.3
589.39,217.65,612.51,217.65,612.51,276.36,589.39,276.36
588.39,217.63,611.62,217.63,611.62,276.59,588.39,276.59
588.56,218.42,611.91,218.42,611.91,277.69,588.56,277.69
587.52,219.01,610.74,219.01,610.74,277.95,587.52,277.95
587.06,220.22,610.35,220.22,610.35,279.33,587.06,279.33
586.88,220.61,610.28,220.61,610.28,280.03,586.88,280.03
585.63,219.9,609.06,219.9,609.06,279.38,585.63,279.38
584.52,218.49,607.96,218.49,607.96,277.99,584.52,277.99
584.07,218.52,607.5,218.52,607.5,277.98,584.07,277.98
582.64,218.85,606.15,218.85,606.15,278.52,582.64,278.52
582.44,220.42,605.95,220.42,605.95,280.1,582.44,280.1
581.68,220.65,605.25,220.65,605.25,280.47,581.68,280.47
580.65,220.73,604.32,220.73,604.32,280.83,580.65,280.83
579.66,220.1,603.38,220.1,603.38,280.31,579.66,280.31
578.29,219.53,602.04,219.53,602.04,279.83,578.29,279.83
578.5,219.63,602.4,219.63,602.4,280.31,578.5,280.31
578.01,220.21,601.9,220.21,601.9,280.85,578.01,280.85
577.16,220.37,601.23,220.37,601.23,281.47,577.16,281.47
576.88,221.07,600.96,221.07,600.96,282.2,576.88,282.2
586.13,206.1,610.48,206.1,610.48,267.91,586.13,267.91
585.76,205.19,610.43,205.19,610.43,267.81,585.76,267.81
586.04,205.24,610.98,205.24,610.98,268.55,586.04,268.55
585.69,204.53,610.91,204.53,610.91,268.54,585.69,268.54
585.91,204.25,611.18,204.25,611.18,268.39,585.91,268.39
586.7,204.55,612.15,204.55,612.15,269.16,586.7,269.16
585.87,203.87,611.41,203.87,611.41,268.72,585.87,268.72
586.25,204.34,611.83,204.34,611.83,269.29,586.25,269.29
586.45,204.43,612.07,204.43,612.07,269.45,586.45,269.45
586.34,204.73,611.9,204.73,611.9,269.61,586.34,269.61
586.49,204.73,612,204.73,612,269.5,586.49,269.5
586.01,203.86,611.51,203.86,611.51,268.61,586.01,268.61
585.64,203.87,611.23,203.87,611.23,268.83,585.64,268.83
586.2,204.5,611.88,204.5,611.88,269.7,586.2,269.7
585.68,204,611.35,204,611.35,269.16,585.68,269.16
586.16,204.45,611.77,204.45,611.77,269.47,586.16,269.47
586.28,204.36,611.93,204.36,611.93,269.46,586.28,269.46
586.27,204.28,611.96,204.28,611.96,269.47,586.27,269.47
586.43,204.15,612.15,204.15,612.15,269.44,586.43,269.44
585.55,203.88,611.25,203.88,611.25,269.14,585.55,269.14
585.45,203.85,611.1,203.85,611.1,268.95,585.45,268.95
586.24,204.28,611.94,204.28,611.94,269.51,586.24,269.51
585.92,203.73,611.63,203.73,611.63,268.98,585.92,268.98
585.45,204.03,611.15,204.03,611.15,269.26,585.45,269.26
585.42,203.69,611.12,203.69,611.12,268.91,585.42,268.91
585.29,203.91,610.98,203.91,610.98,269.11,585.29,269.11
585.41,203.9,611.08,203.9,611.08,269.06,585.41,269.06
585.76,204.76,611.17,204.76,611.17,269.27,585.76,269.27
585.46,204,610.93,204,610.93,268.64,585.46,268.64
585.41,203.89,610.94,203.89,610.94,268.71,585.41,268.71
586.05,204.74,611.52,204.74,611.52,269.38,586.05,269.38
585.68,204.37,611.17,204.37,611.17,269.08,585.68,269.08
585.29,204.17,610.73,204.17,610.73,268.74,585.29,268.74
585.42,204.35,610.85,204.35,610.85,268.88,585.42,268.88
585.94,204.27,611.33,204.27,611.33,268.73,585.94,268.73
585.59,204.53,611.05,204.53,611.05,269.15,585.59,269.15
585.52,204.75,610.97,204.75,610.97,269.36,585.52,269.36
585.47,204.85,610.86,204.85,610.86,269.32,585.47,269.32
585.65,205.5,611.1,205.5,611.1,270.09,585.65,270.09
585.63,205.38,611.05,205.38,611.05,269.92,585.63,269.92
585.8,205.27,611.15,205.27,611.15,269.61,585.8,269.61
586.64,205.66,611.91,205.66,611.91,269.82,586.64,269.82
586.64,205.33,611.92,205.33,611.92,269.5,586.64,269.5
586.46,205.44,611.73,205.44,611.73,269.58,586.46,269.58
587.15,205.5,612.41,205.5,612.41,269.63,587.15,269.63
586.53,205.5,611.78,205.5,611.78,269.6,586.53,269.6
586.54,205.31,611.74,205.31,611.74,269.26,586.54,269.26
585.84,204.66,611.1,204.66,611.1,268.77,585.84,268.77
586.41,205.35,611.66,205.35,611.66,269.46,586.41,269.46
586.65,205.23,611.91,205.23,611.91,269.36,586.65,269.36
586.41,205.23,611.69,205.23,611.69,269.4,586.41,269.4
586.56,205.33,611.82,205.33,611.82,269.46,586.56,269.46
586.16,205,611.43,205,611.43,269.17,586.16,269.17
586.51,204.98,611.84,204.98,611.84,269.29,586.51,269.29
586.2,204.92,611.61,204.92,611.61,269.42,586.2,269.42
585.8,204.6,611.17,204.6,611.17,269,585.8,269
586.49,205.22,611.85,205.22,611.85,269.6,586.49,269.6
586.28,205.09,611.64,205.09,611.64,269.46,586.28,269.46
586.53,205.37,611.78,205.37,611.78,269.48,586.53,269.48
586.64,205.32,611.88,205.32,611.88,269.39,586.64,269.39
586.55,205.64,611.74,205.64,611.74,269.58,586.55,269.58
586.38,205.04,611.6,205.04,611.6,269.07,586.38,269.07
585.92,204.8,611.22,204.8,611.22,269.01,585.92,269.01
586.59,205.4,611.83,205.4,611.83,269.49,586.59,269.49
586.8,205.44,611.97,205.44,611.97,269.33,586.8,269.33
586.35,204.99,611.59,204.99,611.59,269.04,586.35,269.04
586.28,204.63,611.73,204.63,611.73,269.24,586.28,269.24
586.33,204.54,611.84,204.54,611.84,269.3,586.33,269.3
586.19,204.32,611.71,204.32,611.71,269.1,586.19,269.1
586,204.31,611.51,204.31,611.51,269.07,586,269.07
586.03,204.31,611.54,204.31,611.54,269.08,586.03,269.08
586.3,204.36,611.85,204.36,611.85,269.22,586.3,269.22
586.65,205.01,612.08,205.01,612.08,269.57,586.65,269.57
586.02,204.4,611.4,204.4,611.4,268.82,586.02,268.82
586.56,204.98,611.96,204.98,611.96,269.47,586.56,269.47
586.07,204.61,611.45,204.61,611.45,269.03,586.07,269.03
586.55,204.93,611.95,204.93,611.95,269.42,586.55,269.42
585.9,204.33,611.35,204.33,611.35,268.92,585.9,268.92
586.06,204.26,611.51,204.26,611.51,268.86,586.06,268.86
586.16,204.54,611.56,204.54,611.56,269.02,586.16,269.02
585.98,204.69,611.32,204.69,611.32,269.02,585.98,269.02
586.5,204.93,611.88,204.93,611.88,269.34,586.5,269.34
586.36,204.96,611.72,204.96,611.72,269.33,586.36,269.33
586.27,204.91,611.64,204.91,611.64,269.3,586.27,269.3
586.38,204.95,611.78,204.95,611.78,269.43,586.38,269.43
585.55,204.45,610.97,204.45,610.97,268.99,585.55,268.99
585.9,204.44,611.32,204.44,611.32,268.98,585.9,268.98
586.04,204.46,611.46,204.46,611.46,269,586.04,269
585.83,204.4,611.28,204.4,611.28,269.03,585.83,269.03
585.79,204.36,611.26,204.36,611.26,269.02,585.79,269.02
585.95,204.33,611.43,204.33,611.43,269.01,585.95,269.01
585.62,204.16,611.15,204.16,611.15,268.97,585.62,268.97
585.5,204.18,611.05,204.18,611.05,269.04,585.5,269.04
586.43,204.69,612,204.69,612,269.6,586.43,269.6
586.11,204.57,611.65,204.57,611.65,269.41,586.11,269.41
586.12,204.56,611.66,204.56,611.66,269.4,586.12,269.4
586.24,204.47,611.84,204.47,611.84,269.43,586.24,269.43
586.19,204.35,611.85,204.35,611.85,269.5,586.19,269.5
586.16,204.33,611.89,204.33,611.89,269.64,586.16,269.64
585.66,203.91,611.47,203.91,611.47,269.43,585.66,269.43
585.89,203.81,611.64,203.81,611.64,269.18,585.89,269.18
585.53,203.75,611.31,203.75,611.31,269.19,585.53,269.19
585.58,203.94,611.32,203.94,611.32,269.29,585.58,269.29
585.52,203.78,611.28,203.78,611.28,269.17,585.52,269.17
585.32,203.95,611.08,203.95,611.08,269.35,585.32,269.35
585.49,203.7,611.25,203.7,611.25,269.07,585.49,269.07
585.39,203.58,611.05,203.58,611.05,268.73,585.39,268.73
586.07,204.48,611.68,204.48,611.68,269.49,586.07,269.49
586.03,204.68,611.52,204.68,611.52,269.39,586.03,269.39
585.54,204.27,611.06,204.27,611.06,269.05,585.54,269.05
585.51,203.92,611.15,203.92,611.15,269,585.51,269
585.75,204.29,611.42,204.29,611.42,269.44,585.75,269.44
586.3,204.75,611.74,204.75,611.74,269.33,586.3,269.33
585.61,204.35,611.09,204.35,611.09,269.04,585.61,269.04
585.8,204.21,611.28,204.21,611.28,268.89,585.8,268.89
585.78,204.23,611.28,204.23,611.28,268.96,585.78,268.96
585.56,204.25,611,204.25,611,268.82,585.56,268.82
585.57,204.11,611.06,204.11,611.06,268.81,585.57,268.81
585.6,204.34,611.05,204.34,611.05,268.94,585.6,268.94
585.68,204.46,611.12,204.46,611.12,269.03,585.68,269.03
585.59,204.25,611.02,204.25,611.02,268.8,585.59,268.8
585.68,204.25,611.12,204.25,611.12,268.84,585.68,268.84
585.6,204.36,611.06,204.36,611.06,268.99,585.6,268.99
585.4,204.47,610.89,204.47,610.89,269.19,585.4,269.19
585.74,204.24,611.26,204.24,611.26,269.02,585.74,269.02
585.77,204.14,611.33,204.14,611.33,269.03,585.77,269.03
585.98,204.55,611.48,204.55,611.48,269.3,585.98,269.3
585.84,204.04,611.35,204.04,611.35,268.8,585.84,268.8
585.63,204.16,611.15,204.16,611.15,268.96,585.63,268.96
585.5,204.12,611.02,204.12,611.02,268.89,585.5,268.89
585.57,204.08,611.09,204.08,611.09,268.86,585.57,268.86
585.41,203.77,610.96,203.77,610.96,268.62,585.41,268.62
586.1,204.49,611.68,204.49,611.68,269.41,586.1,269.41
586.12,204.62,611.74,204.62,611.74,269.64,586.12,269.64
586.29,204.87,611.64,204.87,611.64,269.22,586.29,269.22
586.31,204.85,611.74,204.85,611.74,269.4,586.31,269.4
585.75,204.2,611.18,204.2,611.18,268.75,585.75,268.75
585.53,204.11,610.99,204.11,610.99,268.75,585.53,268.75
585.55,204.45,611,204.45,611,269.05,585.55,269.05
585.64,204.44,611.08,204.44,611.08,269.02,585.64,269.02
585.74,204.42,611.15,204.42,611.15,268.92,585.74,268.92
585.57,204.27,610.93,204.27,610.93,268.65,585.57,268.65
586.16,204.72,611.58,204.72,611.58,269.25,586.16,269.25
585.69,204.42,611.12,204.42,611.12,268.98,585.69,268.98
585.73,204.58,611.14,204.58,611.14,269.08,585.73,269.08
585.78,204.64,611.08,204.64,611.08,268.85,585.78,268.85
586.1,205.02,611.41,205.02,611.41,269.27,586.1,269.27
586.28,204.82,611.6,204.82,611.6,269.1,586.28,269.1
586.29,204.92,611.63,204.92,611.63,269.22,586.29,269.22
586.2,204.9,611.62,204.9,611.62,269.43,586.2,269.43
585.9,204.5,611.35,204.5,611.35,269.1,585.9,269.1
585.79,204.37,611.18,204.37,611.18,268.84,585.79,268.84
585.77,204.31,611.19,204.31,611.19,268.84,585.77,268.84
585.84,204.31,611.22,204.31,611.22,268.72,585.84,268.72
586.21,204.9,611.64,204.9,611.64,269.47,586.21,269.47
585.8,204.51,611.23,204.51,611.23,269.08,585.8,269.08
585.73,204.38,611.15,204.38,611.15,268.92,585.73,268.92
585.57,204.3,610.97,204.3,610.97,268.77,585.57,268.77
585.67,204.33,611.08,204.33,611.08,268.81,585.67,268.81
585.83,204.56,611.22,204.56,611.22,269,585.83,269
586.06,204.81,611.52,204.81,611.52,269.45,586.06,269.45
585.83,204.52,611.3,204.52,611.3,269.17,585.83,269.17
585.82,204.59,611.24,204.59,611.24,269.11,585.82,269.11
585.92,204.45,611.32,204.45,611.32,268.93,585.92,268.93
585.98,204.3,611.42,204.3,611.42,268.9,585.98,268.9
585.82,204.52,611.22,204.52,611.22,268.99,585.82,268.99
585.95,204.72,611.32,204.72,611.32,269.12,585.95,269.12
586.16,204.83,611.6,204.83,611.6,269.41,586.16,269.41
585.74,204.55,611.09,204.55,611.09,268.91,585.74,268.91
586.21,204.7,611.68,204.7,611.68,269.34,586.21,269.34
585.7,204.55,611.08,204.55,611.08,268.98,585.7,268.98
586.22,205.02,611.62,205.02,611.62,269.51,586.22,269.51
586.1,204.89,611.5,204.89,611.5,269.35,586.1,269.35
586.18,204.88,611.63,204.88,611.63,269.49,586.18,269.49
585.98,204.55,611.48,204.55,611.48,269.29,585.98,269.29
585.57,204.68,611.09,204.68,611.09,269.45,585.57,269.45
586.03,204.83,611.45,204.83,611.45,269.38,586.03,269.38
586.15,204.58,611.55,204.58,611.55,269.05,586.15,269.05
585.47,204.31,610.9,204.31,610.9,268.87,585.47,268.87
585.56,204.37,610.97,204.37,610.97,268.87,585.56,268.87
585.71,204.33,611.17,204.33,611.17,268.95,585.71,268.95
585.58,204.36,611.04,204.36,611.04,268.97,585.58,268.97
585.75,204.33,611.21,204.33,611.21,268.97,585.75,268.97
585.83,204.42,611.28,204.42,611.28,269.01,585.83,269.01
585.73,204.25,611.19,204.25,611.19,268.87,585.73,268.87
585.59,204.22,611.13,204.22,611.13,269.05,585.59,269.05
586.21,204.86,611.72,204.86,611.72,269.61,586.21,269.61
585.92,204.34,611.42,204.34,611.42,269.06,585.92,269.06
585.68,204.31,611.13,204.31,611.13,268.91,585.68,268.91
585.71,204.33,611.16,204.33,611.16,268.93,585.71,268.93
585.88,204.43,611.3,204.43,611.3,268.96,585.88,268.96
585.86,204.61,611.28,204.61,611.28,269.13,585.86,269.13
585.95,204.63,611.35,204.63,611.35,269.11,585.95,269.11
586.01,204.72,611.34,204.72,611.34,269.03,586.01,269.03
586.29,204.9,611.72,204.9,611.72,269.47,586.29,269.47
586.03,204.39,611.48,204.39,611.48,269,586.03,269
585.84,204.4,611.31,204.4,611.31,269.05,585.84,269.05
585.9,204.54,611.34,204.54,611.34,269.12,585.9,269.12
585.87,204.57,611.28,204.57,611.28,269.05,585.87,269.05
585.85,204.4,611.24,204.4,611.24,268.85,585.85,268.85
585.67,204.42,611.07,204.42,611.07,268.9,585.67,268.9
585.61,204.49,610.99,204.49,610.99,268.91,585.61,268.91
586.13,205.01,611.47,205.01,611.47,269.34,586.13,269.34
586.28,204.87,611.63,204.87,611.63,269.22,586.28,269.22
586.16,204.57,611.65,204.57,611.65,269.25,586.16,269.25
585.68,204.14,611.17,204.14,611.17,268.87,585.68,268.87
585.65,204.49,611.06,204.49,611.06,268.98,585.65,268.98
585.61,204.71,611.01,204.71,611.01,269.18,585.61,269.18
585.75,204.4,611.26,204.4,611.26,269.18,585.75,269.18
585.73,204.37,611.21,204.37,611.21,269.04,585.73,269.04
585.58,204.31,611.04,204.31,611.04,268.93,585.58,268.93
585.63,204.42,611.08,204.42,611.08,269.03,585.63,269.03
585.72,204.6,611.13,204.6,611.13,269.12,585.72,269.12
585.78,204.68,611.16,204.68,611.16,269.11,585.78,269.11
586.19,204.92,611.6,204.92,611.6,269.42,586.19,269.42
585.71,204.43,611.06,204.43,611.06,268.78,585.71,268.78
586.19,205.01,611.56,205.01,611.56,269.42,586.19,269.42
586.31,205.22,611.58,205.22,611.58,269.38,586.31,269.38
586.24,204.84,611.62,204.84,611.62,269.27,586.24,269.27
586.29,204.96,611.59,204.96,611.59,269.18,586.29,269.18
586.32,204.82,611.67,204.82,611.67,269.18,586.32,269.18
586.23,204.81,611.64,204.81,611.64,269.31,586.23,269.31
585.63,204.36,611.08,204.36,611.08,268.97,585.63,268.97
585.6,204.3,611.07,204.3,611.07,268.94,585.6,268.94
585.63,204.08,611.11,204.08,611.11,268.77,585.63,268.77
585.45,203.84,611.02,203.84,611.02,268.73,585.45,268.73
585.99,204.05,611.58,204.05,611.58,269.01,585.99,269.01
586.11,204.73,611.57,204.73,611.57,269.36,586.11,269.36
585.76,204.36,611.18,204.36,611.18,268.9,585.76,268.9
585.6,204.26,611.02,204.26,611.02,268.77,585.6,268.77
585.58,204.26,610.97,204.26,610.97,268.71,585.58,268.71
585.64,203.96,611.08,203.96,611.08,268.54,585.64,268.54
585.63,204.05,611.08,204.05,611.08,268.66,585.63,268.66
585.74,204.42,611.16,204.42,611.16,268.93,585.74,268.93
585.74,204.53,611.13,204.53,611.13,268.99,585.74,268.99
585.83,204.44,611.17,204.44,611.17,268.77,585.83,268.77
586.17,204.87,611.47,204.87,611.47,269.09,586.17,269.09
586.38,205.26,611.66,205.26,611.66,269.44,586.38,269.44
586.28,205.23,611.5,205.23,611.5,269.25,586.28,269.25
585.78,204.81,611.09,204.81,611.09,269.07,585.78,269.07
586.17,205.24,611.42,205.24,611.42,269.35,586.17,269.35
586.17,205.19,611.49,205.19,611.49,269.46,586.17,269.46
586.07,205.19,611.38,205.19,611.38,269.45,586.07,269.45
586.18,205.26,611.43,205.26,611.43,269.35,586.18,269.35
586.17,205.32,611.43,205.32,611.43,269.44,586.17,269.44
585.94,205.16,611.25,205.16,611.25,269.42,585.94,269.42
586.05,204.99,611.36,204.99,611.36,269.25,586.05,269.25
585.98,204.87,611.37,204.87,611.37,269.34,585.98,269.34
585.42,204.39,610.87,204.39,610.87,269.01,585.42,269.01
585.33,204.38,610.77,204.38,610.77,268.96,585.33,268.96
585.24,204.22,610.75,204.22,610.75,268.99,585.24,268.99
585.55,204.03,611.1,204.03,611.1,268.89,585.55,268.89
585.86,204.55,611.36,204.55,611.36,269.27,585.86,269.27
585.47,204.27,610.94,204.27,610.94,268.92,585.47,268.92
585.46,204.58,610.87,204.58,610.87,269.08,585.46,269.08
585.34,204.53,610.72,204.53,610.72,268.95,585.34,268.95
585.92,205,611.26,205,611.26,269.34,585.92,269.34
585.99,204.95,611.37,204.95,611.37,269.39,585.99,269.39
585.5,204.46,610.98,204.46,610.98,269.14,585.5,269.14
585.54,204.29,611.01,204.29,611.01,268.94,585.54,268.94
585.09,204.41,610.53,204.41,610.53,268.99,585.09,268.99
585.25,204.56,610.65,204.56,610.65,269.03,585.25,269.03
585.36,204.27,610.87,204.27,610.87,269.03,585.36,269.03
585.23,204.35,610.71,204.35,610.71,269.04,585.23,269.04
585.24,204.35,610.73,204.35,610.73,269.04,585.24,269.04
585.16,204.29,610.62,204.29,610.62,268.92,585.16,268.92
585.03,204.35,610.51,204.35,610.51,269.03,585.03,269.03
585.12,204.36,610.67,204.36,610.67,269.24,585.12,269.24
585.55,204.59,611.16,204.59,611.16,269.6,585.55,269.6
585.75,204.44,611.34,204.44,611.34,269.4,585.75,269.4
585.65,204.53,611.21,204.53,611.21,269.4,585.65,269.4
585.53,204.5,611.13,204.5,611.13,269.49,585.53,269.49
585.82,204.47,611.38,204.47,611.38,269.36,585.82,269.36
585.82,204.81,611.25,204.81,611.25,269.35,585.82,269.35
585.25,204.09,610.8,204.09,610.8,268.94,585.25,268.94
585.55,204.46,611.05,204.46,611.05,269.18,585.55,269.18
585.1,203.97,610.61,203.97,610.61,268.74,585.1,268.74
585.2,203.94,610.7,203.94,610.7,268.66,585.2,268.66
585.22,204.39,610.74,204.39,610.74,269.17,585.22,269.17
585.4,204.15,610.89,204.15,610.89,268.85,585.4,268.85
585.07,203.96,610.46,203.96,610.46,268.41,585.07,268.41
585.48,204.19,610.92,204.19,610.92,268.75,585.48,268.75
585.46,204.45,610.86,204.45,610.86,268.91,585.46,268.91
585.63,204.94,610.9,204.94,610.9,269.09,585.63,269.09
586.05,205.55,611.23,205.55,611.23,269.46,586.05,269.46
585.65,204.63,611.01,204.63,611.01,269.01,585.65,269.01
586.12,205.32,611.32,205.32,611.32,269.31,586.12,269.31
585.99,205.13,611.19,205.13,611.19,269.09,585.99,269.09
585.98,205.11,611.23,205.11,611.23,269.22,585.98,269.22
586.43,205.3,611.66,205.3,611.66,269.35,586.43,269.35
585.66,204.71,611.01,204.71,611.01,269.05,585.66,269.05
585.99,205.02,611.28,205.02,611.28,269.21,585.99,269.21
586.21,205.17,611.42,205.17,611.42,269.16,586.21,269.16
585.71,205.21,610.85,205.21,610.85,269.03,585.71,269.03
585.59,205.33,610.69,205.33,610.69,269.06,585.59,269.06
585.7,204.61,610.98,204.61,610.98,268.78,585.7,268.78
586.21,205.06,611.43,205.06,611.43,269.1,586.21,269.1
585.62,204.14,610.9,204.14,610.9,268.31,585.62,268.31
586.1,204.81,611.39,204.81,611.39,269.02,586.1,269.02
586.35,205.08,611.64,205.08,611.64,269.28,586.35,269.28
586.16,204.94,611.5,204.94,611.5,269.28,586.16,269.28
586.05,204.57,611.56,204.57,611.56,269.32,586.05,269.32
585.67,203.95,611.14,203.95,611.14,268.61,585.67,268.61
585.69,204.26,611.15,204.26,611.15,268.89,585.69,268.89
585.59,204.38,611.06,204.38,611.06,269.03,585.59,269.03
585.65,204.39,611.16,204.39,611.16,269.16,585.65,269.16
585.51,203.99,611.05,203.99,611.05,268.81,585.51,268.81
585.3,203.95,610.86,203.95,610.86,268.84,585.3,268.84
585.9,204.37,611.42,204.37,611.42,269.16,585.9,269.16
585.46,204.34,610.98,204.34,610.98,269.12,585.46,269.12
585.41,204.36,611,204.36,611,269.31,585.41,269.31
585.91,204.83,611.4,204.83,611.4,269.53,585.91,269.53
585.38,204.26,610.9,204.26,610.9,269.02,585.38,269.02
585.38,204.34,610.85,204.34,610.85,268.99,585.38,268.99
585.33,204.35,610.8,204.35,610.8,269.01,585.33,269.01
585.47,204.23,610.97,204.23,610.97,268.95,585.47,268.95
585.39,204.14,610.92,204.14,610.92,268.94,585.39,268.94
585.26,204.16,610.73,204.16,610.73,268.81,585.26,268.81
585.33,204.25,610.8,204.25,610.8,268.9,585.33,268.9
585.67,204.44,611.14,204.44,611.14,269.1,585.67,269.1
585.46,204.24,610.9,204.24,610.9,268.81,585.46,268.81
585.46,204.31,610.89,204.31,610.89,268.86,585.46,268.86
585.34,204.17,610.8,204.17,610.8,268.82,585.34,268.82
585.5,204.26,610.96,204.26,610.96,268.9,585.5,268.9
585.49,204.29,610.98,204.29,610.98,269.01,585.49,269.01
585.71,204.23,611.17,204.23,611.17,268.85,585.71,268.85
585.59,204.21,611.04,204.21,611.04,268.82,585.59,268.82
585.56,204.21,611.03,204.21,611.03,268.87,585.56,268.87
585.65,204.45,611.13,204.45,611.13,269.13,585.65,269.13
585.78,204.41,611.24,204.41,611.24,269.02,585.78,269.02
585.69,204.11,611.22,204.11,611.22,268.92,585.69,268.92
