35.5,212.5,76.5,212.5,76.5,316.5,35.5,316.5
37.666,211.22,79.136,211.22,79.136,316.41,37.666,316.41
39.396,209.34,81.355,209.34,81.355,315.77,39.396,315.77
43.022,207.5,85.764,207.5,85.764,315.92,43.022,315.92
43.976,208.01,85.84,208.01,85.84,314.2,43.976,314.2
48.084,206.05,89.745,206.05,89.745,311.72,48.084,311.72
50.36,203.8,92.847,203.8,92.847,311.57,50.36,311.57
54.459,204.68,96.422,204.68,96.422,311.12,54.459,311.12
58.171,205.56,99.171,205.56,99.171,309.56,58.171,309.56
59.666,206.24,100.47,206.24,100.47,309.73,59.666,309.73
61.389,206.16,101.79,206.16,101.79,308.64,61.389,308.64
62.984,204.97,103.76,204.97,103.76,308.39,62.984,308.39
66.427,204.49,107.25,204.49,107.25,308.04,66.427,308.04
67.393,201.68,108.21,201.68,108.21,305.22,67.393,305.22
69.434,200.17,110.35,200.17,110.35,303.95,69.434,303.95
73.974,199.54,114.53,199.54,114.53,302.4,73.974,302.4
78.886,199.28,119.03,199.28,119.03,301.09,78.886,301.09
80.348,199.66,120.17,199.66,120.17,300.69,80.348,300.69
84.085,200.22,124.14,200.22,124.14,301.82,84.085,301.82
87.793,200,127.67,200,127.67,301.14,87.793,301.14
89.044,199.15,129.37,199.15,129.37,301.45,89.044,301.45
92.485,197.85,132.88,197.85,132.88,300.31,92.485,300.31
96.796,197.71,136.64,197.71,136.64,298.79,96.796,298.79
98.439,195.35,138.5,195.35,138.5,296.97,98.439,296.97
101.68,194.68,141.66,194.68,141.66,296.08,101.68,296.08
103.38,193.81,143.3,193.81,143.3,295.07,103.38,295.07
106.7,193.74,146.83,193.74,146.83,295.54,106.7,295.54
107.56,193.91,147.68,193.91,147.68,295.66,107.56,295.66
112.43,195.06,151.95,195.06,151.95,295.3,112.43,295.3
114.11,195.32,152.97,195.32,152.97,293.91,114.11,293.91
115.25,193.78,154.3,193.78,154.3,292.82,115.25,292.82
118.74,192.54,157.72,192.54,157.72,291.41,118.74,291.41
122.34,191.02,161.06,191.02,161.06,289.22,122.34,289.22
124.46,189.99,162.91,189.99,162.91,287.55,124.46,287.55
128,189.09,166.76,189.09,166.76,287.4,128,287.4
127.78,188.61,166.59,188.61,166.59,287.06,127.78,287.06
131.41,188.83,170.14,188.83,170.14,287.05,131.41,287.05
135.45,189.86,174.52,189.86,174.52,288.97,135.45,288.97
135.51,188.6,174.62,188.6,174.62,287.8,135.51,287.8
140.64,186.86,179.95,186.86,179.95,286.58,140.64,286.58
144.32,186.55,183.12,186.55,183.12,284.96,144.32,284.96
145.02,185.24,183.48,185.24,183.48,282.8,145.02,282.8
148.52,183.79,187.23,183.79,187.23,281.99,148.52,281.99
151.73,184.28,190.13,184.28,190.13,281.68,151.73,281.68
153.19,183.59,191.65,183.59,191.65,281.12,153.19,281.12
154.18,182.68,193.03,182.68,193.03,281.23,154.18,281.23
158.82,183.79,197.38,183.79,197.38,281.6,158.82,281.6
160.33,183.67,198.62,183.67,198.62,280.8,160.33,280.8
163.32,183.8,201.56,183.8,201.56,280.79,163.32,280.79
164.7,183.26,202.5,183.26,202.5,279.12,164.7,279.12
168.21,182.18,206.17,182.18,206.17,278.46,168.21,278.46
169.6,180.15,207.56,180.15,207.56,276.44,169.6,276.44
171.22,179.02,209.29,179.02,209.29,275.59,171.22,275.59
174.39,178.87,212.52,178.87,212.52,275.6,174.39,275.6
177.75,178.7,215.83,178.7,215.83,275.31,177.75,275.31
179.26,178.89,217.07,178.89,217.07,274.78,179.26,274.78
180.65,179.19,218.13,179.19,218.13,274.27,180.65,274.27
184.71,179.63,222.15,179.63,222.15,274.6,184.71,274.6
188.16,179.43,225.6,179.43,225.6,274.41,188.16,274.41
189.85,178.13,227.1,178.13,227.1,272.64,189.85,272.64
190,176.55,227.24,176.55,227.24,271.01,190,271.01
194.55,176.1,231.72,176.1,231.72,270.39,194.55,270.39
196.61,174.6,233.86,174.6,233.86,269.08,196.61,269.08
197.17,173.88,234.51,173.88,234.51,268.6,197.17,268.6
198.85,173.12,236.28,173.12,236.28,268.05,198.85,268.05
200.91,173.87,238,173.87,238,267.95,200.91,267.95
203.05,173.83,240.18,173.83,240.18,268.03,203.05,268.03
204.95,173.65,242.12,173.65,242.12,267.94,204.95,267.94
206.18,173.29,243.21,173.29,243.21,267.23,206.18,267.23
207.23,172.12,243.86,172.12,243.86,265.02,207.23,265.02
211.14,171.1,247.82,171.1,247.82,264.14,211.14,264.14
211.51,169.52,247.81,169.52,247.81,261.6,211.51,261.6
213.03,169.59,249.42,169.59,249.42,261.92,213.03,261.92
215.43,169.65,251.84,169.65,251.84,261.98,215.43,261.98
216.38,169.39,252.75,169.39,252.75,261.64,216.38,261.64
218.05,169.6,254.44,169.6,254.44,261.91,218.05,261.91
221.16,169.72,257.66,169.72,257.66,262.29,221.16,262.29
223.98,168.62,260.63,168.62,260.63,261.61,223.98,261.61
224.54,166.63,261.33,166.63,261.33,259.93,224.54,259.93
225.72,164.96,262.57,164.96,262.57,258.44,225.72,258.44
227.25,165.16,263.97,165.16,263.97,258.29,227.25,258.29
230.58,164.45,267.22,164.45,267.22,257.39,230.58,257.39
232.21,164.61,268.53,164.61,268.53,256.74,232.21,256.74
233.53,164.94,269.69,164.94,269.69,256.66,233.53,256.66
234.53,164.59,270.69,164.59,270.69,256.32,234.53,256.32
237.11,165.32,272.89,165.32,272.89,256.08,237.11,256.08
238.03,164.8,273.84,164.8,273.84,255.64,238.03,255.64
239.07,164.21,274.45,164.21,274.45,253.97,239.07,253.97
243,164.19,278.28,164.19,278.28,253.69,243,253.69
242.75,161.15,277.63,161.15,277.63,249.63,242.75,249.63
243.91,161.16,278.33,161.16,278.33,248.46,243.91,248.46
244.74,160.16,279.16,160.16,279.16,247.46,244.74,247.46
246.09,160.57,280.42,160.57,280.42,247.67,246.09,247.67
249.16,161.31,283.37,161.31,283.37,248.1,249.16,248.1
250.41,161.68,284.8,161.68,284.8,248.91,250.41,248.91
251.46,161.14,285.9,161.14,285.9,248.49,251.46,248.49
254.55,160.92,289.22,160.92,289.22,248.85,254.55,248.85
255.73,158.81,290.68,158.81,290.68,247.46,255.73,247.46
257.23,157.57,292.08,157.57,292.08,245.97,257.23,245.97
258.88,157.13,293.56,157.13,293.56,245.12,258.88,245.12
259.52,156.08,294.22,156.08,294.22,244.12,259.52,244.12
263.3,156.7,297.73,156.7,297.73,244.02,263.3,244.02
264.07,157,298.36,157,298.36,243.99,264.07,243.99
265.38,156.65,299.66,156.65,299.66,243.59,265.38,243.59
266.4,157.36,300.56,157.36,300.56,244,266.4,244
270.56,157.69,304.54,157.69,304.54,243.87,270.56,243.87
270.98,156.43,304.96,156.43,304.96,242.62,270.98,242.62
271.58,155.57,305.31,155.57,305.31,241.13,271.58,241.13
275.11,154.81,308.65,154.81,308.65,239.89,275.11,239.89
275.08,152.25,308.56,152.25,308.56,237.18,275.08,237.18
276.36,151.59,309.78,151.59,309.78,236.35,276.36,236.35
277.59,151.7,311.21,151.7,311.21,236.96,277.59,236.96
279.64,152.28,313.18,152.28,313.18,237.34,279.64,237.34
283.03,152.42,316.42,152.42,316.42,237.1,283.03,237.1
283.96,152.69,317.51,152.69,317.51,237.8,283.96,237.8
286.58,152.15,320.22,152.15,320.22,237.48,286.58,237.48
287.5,151.23,321.25,151.23,321.25,236.83,287.5,236.83
290.81,149.18,324.57,149.18,324.57,234.82,290.81,234.82
292.46,147.39,326.35,147.39,326.35,233.33,292.46,233.33
295.16,147.85,328.89,147.85,328.89,233.41,295.16,233.41
295.68,147.28,329.36,147.28,329.36,232.71,295.68,232.71
299.5,148.93,332.96,148.93,332.96,233.81,299.5,233.81
299.54,148.53,332.74,148.53,332.74,232.73,299.54,232.73
300.97,148.29,334.34,148.29,334.34,232.94,300.97,232.94
302.3,148.33,335.69,148.33,335.69,233.04,302.3,233.04
305.34,147.45,338.54,147.45,338.54,231.66,305.34,231.66
306.07,146.32,339.08,146.32,339.08,230.07,306.07,230.07
307.4,145.42,340.48,145.42,340.48,229.33,307.4,229.33
308.81,144.53,341.86,144.53,341.86,228.38,308.81,228.38
311.32,144.26,344.18,144.26,344.18,227.63,311.32,227.63
312.38,144.24,345.13,144.24,345.13,227.3,312.38,227.3
313.45,144.5,346.2,144.5,346.2,227.58,313.45,227.58
316.46,145.05,349.11,145.05,349.11,227.89,316.46,227.89
317.81,144.93,350.42,144.93,350.42,227.64,317.81,227.64
319.23,143.58,351.94,143.58,351.94,226.54,319.23,226.54
320.29,143.15,353.16,143.15,353.16,226.53,320.29,226.53
323.07,141.94,355.88,141.94,355.88,225.17,323.07,225.17
322.87,140.51,355.73,140.51,355.73,223.88,322.87,223.88
323.2,138.94,356.36,138.94,356.36,223.07,323.2,223.07
324.54,138.78,357.83,138.78,357.83,223.22,324.54,223.22
327.1,139.69,360.36,139.69,360.36,224.08,327.1,224.08
328.18,140.66,361.19,140.66,361.19,224.38,328.18,224.38
329.11,140.73,361.9,140.73,361.9,223.89,329.11,223.89
330.26,139.95,362.88,139.95,362.88,222.72,330.26,222.72
329.65,138.73,362.06,138.73,362.06,220.92,329.65,220.92
332.59,138.47,364.81,138.47,364.81,220.19,332.59,220.19
332.6,137.35,364.64,137.35,364.64,218.61,332.6,218.61
334.05,135.77,366.04,135.77,366.04,216.91,334.05,216.91
335.34,136.21,367.23,136.21,367.23,217.1,335.34,217.1
335.97,136.8,367.9,136.8,367.9,217.79,335.97,217.79
336.96,136.3,369.07,136.3,369.07,217.74,336.96,217.74
339.91,137.29,372.06,137.29,372.06,218.85,339.91,218.85
341.13,136.93,373.28,136.93,373.28,218.48,341.13,218.48
341.96,136.03,374.19,136.03,374.19,217.8,341.96,217.8
342.91,133.35,375.29,133.35,375.29,215.49,342.91,215.49
345.13,133.26,377.55,133.26,377.55,215.49,345.13,215.49
346.16,132.54,378.6,132.54,378.6,214.82,346.16,214.82
347.02,131.82,379.49,131.82,379.49,214.17,347.02,214.17
349.22,133.18,381.61,133.18,381.61,215.34,349.22,215.34
350.12,133.42,382.3,133.42,382.3,215.05,350.12,215.05
350.73,133.51,382.82,133.51,382.82,214.92,350.73,214.92
351.34,133.03,383.3,133.03,383.3,214.09,351.34,214.09
352.47,132.53,384.3,132.53,384.3,213.28,352.47,213.28
354.32,132.21,385.98,132.21,385.98,212.51,354.32,212.51
353.87,130.82,385.56,130.82,385.56,211.18,353.87,211.18
356.72,129.57,388.28,129.57,388.28,209.65,356.72,209.65
357.33,129.33,388.85,129.33,388.85,209.3,357.33,209.3
357.79,129.06,389.31,129.06,389.31,209.02,357.79,209.02
360.13,128.95,391.62,128.95,391.62,208.82,360.13,208.82
361.69,129.98,393.08,129.98,393.08,209.6,361.69,209.6
361.76,129.36,393.26,129.36,393.26,209.27,361.76,209.27
363.46,129.98,394.87,129.98,394.87,209.66,363.46,209.66
364.85,127.4,396.32,127.4,396.32,207.21,364.85,207.21
365.22,127.24,396.62,127.24,396.62,206.9,365.22,206.9
365.73,125.59,397.25,125.59,397.25,205.54,365.73,205.54
368.21,126.12,399.69,126.12,399.69,205.96,368.21,205.96
369.67,126.14,401.19,126.14,401.19,206.1,369.67,206.1
370.31,126.54,401.73,126.54,401.73,206.24,370.31,206.24
370.54,125.79,401.74,125.79,401.74,204.95,370.54,204.95
373.03,127.03,403.94,127.03,403.94,205.43,373.03,205.43
373.21,126.36,404.02,126.36,404.02,204.51,373.21,204.51
373.27,125.49,403.94,125.49,403.94,203.29,373.27,203.29
375.11,124.14,405.61,124.14,405.61,201.5,375.11,201.5
375.55,122.79,405.84,122.79,405.84,199.62,375.55,199.62
376.82,122.44,407.19,122.44,407.19,199.48,376.82,199.48
377.22,122.34,407.63,122.34,407.63,199.48,377.22,199.48
377.84,122.07,408.4,122.07,408.4,199.6,377.84,199.6
379.53,121.84,410.11,121.84,410.11,199.4,379.53,199.4
379.86,122.24,410.4,122.24,410.4,199.7,379.86,199.7
381.48,122.21,411.97,122.21,411.97,199.54,381.48,199.54
382.59,121.71,413.1,121.71,413.1,199.1,382.59,199.1
383.53,120.48,414.02,120.48,414.02,197.84,383.53,197.84
384.72,119.78,415.25,119.78,415.25,197.2,384.72,197.2
385.6,118.76,416.2,118.76,416.2,196.39,385.6,196.39
387.55,119.17,418.11,119.17,418.11,196.68,387.55,196.68
388.63,118.84,419.12,118.84,419.12,196.17,388.63,196.17
388.8,119.13,419.17,119.13,419.17,196.16,388.8,196.16
389.53,120.47,419.79,120.47,419.79,197.23,389.53,197.23
390.28,119.36,420.64,119.36,420.64,196.38,390.28,196.38
391.35,119.32,421.84,119.32,421.84,196.68,391.35,196.68
391,118.33,421.59,118.33,421.59,195.93,391,195.93
392.88,116.94,423.46,116.94,423.46,194.5,392.88,194.5
393.43,115.7,423.98,115.7,423.98,193.2,393.43,193.2
393.45,115.38,423.93,115.38,423.93,192.69,393.45,192.69
394.69,115.19,425.13,115.19,425.13,192.41,394.69,192.41
396.13,115.39,426.45,115.39,426.45,192.3,396.13,192.3
397.52,116.05,427.7,116.05,427.7,192.62,397.52,192.62
397.78,115.92,428.06,115.92,428.06,192.74,397.78,192.74
399.6,115.75,429.87,115.75,429.87,192.55,399.6,192.55
399.93,114.77,430.13,114.77,430.13,191.39,399.93,191.39
400.1,113.45,430.42,113.45,430.42,190.34,400.1,190.34
401.33,113.38,431.58,113.38,431.58,190.12,401.33,190.12
401.85,112.77,432.01,112.77,432.01,189.28,401.85,189.28
403.03,112.39,433.07,112.39,433.07,188.58,403.03,188.58
403.91,113.32,433.89,113.32,433.89,189.37,403.91,189.37
403.75,113.16,433.65,113.16,433.65,189.01,403.75,189.01
403.84,113.36,433.62,113.36,433.62,188.89,403.84,188.89
404.39,113.31,434.12,113.31,434.12,188.73,404.39,188.73
404.72,112.64,434.4,112.64,434.4,187.91,404.72,187.91
408.62,115.09,438.27,115.09,438.27,190.3,408.62,190.3
404.44,111.62,433.98,111.62,433.98,186.55,404.44,186.55
406.27,110.84,435.75,110.84,435.75,185.61,406.27,185.61
405.98,109.95,435.45,109.95,435.45,184.69,405.98,184.69
406.15,110.04,435.62,110.04,435.62,184.77,406.15,184.77
406.28,110.75,435.69,110.75,435.69,185.35,406.28,185.35
407.33,110.82,436.72,110.82,436.72,185.37,407.33,185.37
407.11,109.96,436.56,109.96,436.56,184.67,407.11,184.67
408.41,110.7,437.84,110.7,437.84,185.35,408.41,185.35
408.7,110.45,438.11,110.45,438.11,185.04,408.7,185.04
409.2,109.16,438.6,109.16,438.6,183.72,409.2,183.72
408.61,107.81,438.05,107.81,438.05,182.49,408.61,182.49
409.49,107.85,438.96,107.85,438.96,182.6,409.49,182.6
409.48,107.7,438.77,107.7,438.77,182,409.48,182
409.78,107.84,439.01,107.84,439.01,181.98,409.78,181.98
410.3,108.45,439.51,108.45,439.51,182.55,410.3,182.55
409.79,108.64,438.95,108.64,438.95,182.62,409.79,182.62
410.01,108.46,439.1,108.46,439.1,182.25,410.01,182.25
410.05,107.53,438.96,107.53,438.96,180.87,410.05,180.87
410.12,107.54,439,107.54,439,180.8,410.12,180.8
410.56,106.56,439.38,106.56,439.38,179.66,410.56,179.66
410.37,106.25,439.02,106.25,439.02,178.93,410.37,178.93
410.91,105.77,439.22,105.77,439.22,177.58,410.91,177.58
411.08,105.83,439.24,105.83,439.24,177.26,411.08,177.26
410.87,105.81,438.97,105.81,438.97,177.09,410.87,177.09
411.75,106.31,439.89,106.31,439.89,177.7,411.75,177.7
411.9,106.57,440,106.57,440,177.86,411.9,177.86
412.29,106.4,440.35,106.4,440.35,177.58,412.29,177.58
413.35,105.61,441.42,105.61,441.42,176.83,413.35,176.83
413.23,104.15,441.26,104.15,441.26,175.25,413.23,175.25
414.04,104.29,442.05,104.29,442.05,175.34,414.04,175.34
414.29,103.54,442.23,103.54,442.23,174.43,414.29,174.43
414.78,103.76,442.66,103.76,442.66,174.48,414.78,174.48
414.64,103.46,442.47,103.46,442.47,174.05,414.64,174.05
415.08,103.66,442.87,103.66,442.87,174.17,415.08,174.17
414.72,103.66,442.59,103.66,442.59,174.34,414.72,174.34
415.31,103.47,443.06,103.47,443.06,173.86,415.31,173.86
416.03,103.21,443.83,103.21,443.83,173.73,416.03,173.73
415.54,102.39,443.31,102.39,443.31,172.83,415.54,172.83
415.26,101.41,443.02,101.41,443.02,171.83,415.26,171.83
416.38,101.1,444.03,101.1,444.03,171.26,416.38,171.26
416.89,100.67,444.53,100.67,444.53,170.78,416.89,170.78
417.23,100.43,444.92,100.43,444.92,170.69,417.23,170.69
417.7,101.32,445.42,101.32,445.42,171.62,417.7,171.62
418.58,101.04,446.41,101.04,446.41,171.62,418.58,171.62
418.42,100.26,446.42,100.26,446.42,171.3,418.42,171.3
420.66,100.44,448.52,100.44,448.52,171.11,420.66,171.11
420.25,99.233,448.13,99.233,448.13,169.95,420.25,169.95
420.63,98.545,448.52,98.545,448.52,169.28,420.63,169.28
421.29,97.927,449.01,97.927,449.01,168.26,421.29,168.26
423.12,97.682,450.73,97.682,450.73,167.73,423.12,167.73
422.77,97.908,450.44,97.908,450.44,168.08,422.77,168.08
423.3,98.552,450.97,98.552,450.97,168.76,423.3,168.76
424.15,99.189,451.78,99.189,451.78,169.28,424.15,169.28
424.78,98.23,452.54,98.23,452.54,168.64,424.78,168.64
425.21,98.606,452.84,98.606,452.84,168.68,425.21,168.68
425.97,98.349,453.63,98.349,453.63,168.52,425.97,168.52
425.9,97.1,453.57,97.1,453.57,167.31,425.9,167.31
426.22,96.593,453.89,96.593,453.89,166.77,426.22,166.77
426.44,95.662,454.21,95.662,454.21,166.11,426.44,166.11
426.8,94.845,454.59,94.845,454.59,165.34,426.8,165.34
426.95,95.077,454.75,95.077,454.75,165.61,426.95,165.61
427.98,95.403,455.84,95.403,455.84,166.07,427.98,166.07
430.43,96.116,458.2,96.116,458.2,166.56,430.43,166.56
430.27,95.662,457.96,95.662,457.96,165.88,430.27,165.88
431.28,96.527,459,96.527,459,166.84,431.28,166.84
431.54,95.887,459.38,95.887,459.38,166.48,431.54,166.48
431.8,94.26,459.59,94.26,459.59,164.74,431.8,164.74
432.18,93.243,460.07,93.243,460.07,164,432.18,164
432.48,92.595,460.5,92.595,460.5,163.68,432.48,163.68
433.89,93.834,461.89,93.834,461.89,164.86,433.89,164.86
434.17,94.236,462.02,94.236,462.02,164.88,434.17,164.88
434.58,94.225,462.36,94.225,462.36,164.68,434.58,164.68
434.55,93.755,462.28,93.755,462.28,164.09,434.55,164.09
435.2,93.75,462.88,93.75,462.88,163.95,435.2,163.95
435.65,93.968,463.28,93.968,463.28,164.04,435.65,164.04
435.86,93.901,463.5,93.901,463.5,164.03,435.86,164.03
436.09,93.395,463.7,93.395,463.7,163.43,436.09,163.43
443.58,97.505,470.8,97.505,470.8,166.57,443.58,166.57
443.78,97.904,470.71,97.904,470.71,166.2,443.78,166.2
436.18,91.959,463.18,91.959,463.18,160.46,436.18,160.46
437.53,91.547,464.59,91.547,464.59,160.17,437.53,160.17
438.24,92.167,465.28,92.167,465.28,160.75,438.24,160.75
439.15,91.555,466.32,91.555,466.32,160.48,439.15,160.48
441.55,92.218,468.62,92.218,468.62,160.89,441.55,160.89
441.58,91.77,468.63,91.77,468.63,160.38,441.58,160.38
442.35,90.336,469.39,90.336,469.39,158.94,442.35,158.94
442.03,90.626,469.15,90.626,469.15,159.42,442.03,159.42
443.35,89.302,470.56,89.302,470.56,158.33,443.35,158.33
442.9,88.637,470.19,88.637,470.19,157.85,442.9,157.85
443.04,89.635,470.34,89.635,470.34,158.87,443.04,158.87
443.61,90.248,470.78,90.248,470.78,159.19,443.61,159.19
444.55,90.409,471.57,90.409,471.57,158.94,444.55,158.94
444.95,90.3,471.86,90.3,471.86,158.57,444.95,158.57
444.83,89.281,471.81,89.281,471.81,157.74,444.83,157.74
445.1,88.878,472.16,88.878,472.16,157.51,445.1,157.51
446.62,88.82,473.49,88.82,473.49,156.98,446.62,156.98
447.01,88.117,473.88,88.117,473.88,156.26,447.01,156.26
446.75,87.507,473.62,87.507,473.62,155.69,446.75,155.69
445.89,86.962,472.71,86.962,472.71,154.98,445.89,154.98
447.8,87.535,474.74,87.535,474.74,155.87,447.8,155.87
447.54,87.691,474.54,87.691,474.54,156.17,447.54,156.17
448.05,86.686,475.05,86.686,475.05,155.18,448.05,155.18
449.64,86.231,476.68,86.231,476.68,154.81,449.64,154.81
450.44,85.814,477.48,85.814,477.48,154.42,450.44,154.42
451.28,86.656,478.04,86.656,478.04,154.53,451.28,154.53
452.29,86.762,478.95,86.762,478.95,154.39,452.29,154.39
451.89,85.906,478.52,85.906,478.52,153.47,451.89,153.47
452.23,86.069,478.81,86.069,478.81,153.49,452.23,153.49
453.41,86.742,479.64,86.742,479.64,153.27,453.41,153.27
453.16,86.869,479.15,86.869,479.15,152.82,453.16,152.82
453.04,85.457,479,85.457,479,151.32,453.04,151.32
453.83,85.645,479.81,85.645,479.81,151.55,453.83,151.55
454.65,86.439,480.47,86.439,480.47,151.92,454.65,151.92
453.8,84.5,479.66,84.5,479.66,150.09,453.8,150.09
454.55,83.445,480.66,83.445,480.66,149.68,454.55,149.68
452.64,82.701,478.97,82.701,478.97,149.49,452.64,149.49
454.37,82.148,480.82,82.148,480.82,149.23,454.37,149.23
454.07,83.172,480.32,83.172,480.32,149.75,454.07,149.75
455.58,84.418,481.41,84.418,481.41,149.94,455.58,149.94
455.39,83.634,481.3,83.634,481.3,149.36,455.39,149.36
456.19,83.238,482.09,83.238,482.09,148.94,456.19,148.94
456.57,82.339,482.47,82.339,482.47,148.05,456.57,148.05
456.73,81.443,482.63,81.443,482.63,147.14,456.73,147.14
457.26,81.352,483.07,81.352,483.07,146.82,457.26,146.82
456.82,80.619,482.61,80.619,482.61,146.03,456.82,146.03
457.05,80.938,482.79,80.938,482.79,146.23,457.05,146.23
457.42,81.978,483.1,81.978,483.1,147.11,457.42,147.11
458.43,82.631,483.92,82.631,483.92,147.3,458.43,147.3
458.06,82.588,483.27,82.588,483.27,146.54,458.06,146.54
458.2,82.443,483.21,82.443,483.21,145.89,458.2,145.89
458.65,81.445,483.78,81.445,483.78,145.18,458.65,145.18
458.42,81.203,483.51,81.203,483.51,144.85,458.42,144.85
458.59,79.89,483.66,79.89,483.66,143.46,458.59,143.46
458.46,79.52,483.52,79.52,483.52,143.08,458.46,143.08
459.02,78.834,484.21,78.834,484.21,142.72,459.02,142.72
458.38,80.121,483.44,80.121,483.44,143.68,458.38,143.68
459.55,80.812,484.42,80.812,484.42,143.89,459.55,143.89
459.42,80.328,484.23,80.328,484.23,143.25,459.42,143.25
460.1,80.711,484.63,80.711,484.63,142.92,460.1,142.92
460.41,80.621,484.74,80.621,484.74,142.35,460.41,142.35
461.28,78.261,485.73,78.261,485.73,140.29,461.28,140.29
462.12,78.5,486.55,78.5,486.55,140.47,462.12,140.47
462.21,78.219,486.55,78.219,486.55,139.97,462.21,139.97
461.35,76.89,485.84,76.89,485.84,139.01,461.35,139.01
462.77,77.483,487.29,77.483,487.29,139.69,462.77,139.69
462.79,78.335,487.04,78.335,487.04,139.85,462.79,139.85
462.83,78.443,487.05,78.443,487.05,139.86,462.83,139.86
463.16,77.661,487.53,77.661,487.53,139.49,463.16,139.49
463.97,78.438,488.21,78.438,488.21,139.92,463.97,139.92
464.04,78.689,488,78.689,488,139.46,464.04,139.46
463.96,77.96,487.83,77.96,487.83,138.52,463.96,138.52
465.01,77.05,488.91,77.05,488.91,137.69,465.01,137.69
465.12,76.37,489.06,76.37,489.06,137.09,465.12,137.09
464.76,76.261,488.74,76.261,488.74,137.08,464.76,137.08
465.66,76.991,489.33,76.991,489.33,137.02,465.66,137.02
466.14,76.326,489.77,76.326,489.77,136.26,466.14,136.26
467.19,76.226,490.76,76.226,490.76,136,467.19,136
468.34,76.419,492,76.419,492,136.43,468.34,136.43
468.44,75.349,492.13,75.349,492.13,135.44,468.44,135.44
468.54,74.772,492.33,74.772,492.33,135.11,468.54,135.11
469.89,74.468,493.72,74.468,493.72,134.93,469.89,134.93
470.83,74.258,494.62,74.258,494.62,134.61,470.83,134.61
471.18,75.49,494.65,75.49,494.65,135.02,471.18,135.02
470.4,74.761,494.14,74.761,494.14,134.99,470.4,134.99
471.23,74.118,494.85,74.118,494.85,134.02,471.23,134.02
472.57,75.368,495.96,75.368,495.96,134.71,472.57,134.71
472.59,74.419,496.06,74.419,496.06,133.96,472.59,133.96
473.5,75.041,496.92,75.041,496.92,134.47,473.5,134.47
473.73,74.036,497.23,74.036,497.23,133.63,473.73,133.63
474.5,73.407,498.07,73.407,498.07,133.2,474.5,133.2
474.47,73.32,498,73.32,498,132.99,474.47,132.99
474.84,72.899,498.38,72.899,498.38,132.62,474.84,132.62
474.96,73.005,498.38,73.005,498.38,132.42,474.96,132.42
474.99,74.088,497.91,74.088,497.91,132.22,474.99,132.22
476.06,74.746,498.8,74.746,498.8,132.41,476.06,132.41
476.62,74.818,498.92,74.818,498.92,131.38,476.62,131.38
477.87,74.348,500.2,74.348,500.2,130.99,477.87,130.99
479,73.131,501.51,73.131,501.51,130.22,479,130.22
478.74,72.598,501.37,72.598,501.37,129.99,478.74,129.99
479.79,72.038,502.55,72.038,502.55,129.77,479.79,129.77
479.46,71.258,502.24,71.258,502.24,129.06,479.46,129.06
479.86,71.139,502.69,71.139,502.69,129.05,479.86,129.05
480.47,71.849,503.31,71.849,503.31,129.79,480.47,129.79
480.81,71.607,503.62,71.607,503.62,129.46,480.81,129.46
481.18,71.725,503.79,71.725,503.79,129.09,481.18,129.09
482.86,72.488,505.26,72.488,505.26,129.32,482.86,129.32
483.16,72.489,505.23,72.489,505.23,128.49,483.16,128.49
482.63,71.778,504.65,71.778,504.65,127.63,482.63,127.63
483.4,71.4,505.47,71.4,505.47,127.39,483.4,127.39
483.92,69.857,506.25,69.857,506.25,126.48,483.92,126.48
483.89,70.629,506.17,70.629,506.17,127.14,483.89,127.14
483.53,70.753,505.67,70.753,505.67,126.91,483.53,126.91
484.59,72.226,506.35,72.226,506.35,127.42,484.59,127.42
485.76,72.479,507.25,72.479,507.25,126.98,485.76,126.98
485.89,71.612,507.41,71.612,507.41,126.19,485.89,126.19
486.52,71.136,508.04,71.136,508.04,125.72,486.52,125.72
487.61,70.737,509.13,70.737,509.13,125.33,487.61,125.33
487.81,71.152,509.15,71.152,509.15,125.3,487.81,125.3
488.46,71.558,509.55,71.558,509.55,125.07,488.46,125.07
488.1,70.622,509.19,70.622,509.19,124.12,488.1,124.12
487.63,69.337,509.08,69.337,509.08,123.74,487.63,123.74
488.27,69.222,509.85,69.222,509.85,123.97,488.27,123.97
488.29,70.193,509.55,70.193,509.55,124.13,488.29,124.13
488.7,70.82,509.79,70.82,509.79,124.3,488.7,124.3
488.19,69.524,509.27,69.524,509.27,123,488.19,123
488.53,68.86,509.65,68.86,509.65,122.43,488.53,122.43
490.14,70.23,510.9,70.23,510.9,122.9,490.14,122.9
488.44,68.762,509.36,68.762,509.36,121.82,488.44,121.82
490.17,68.807,510.97,68.807,510.97,121.57,490.17,121.57
489.54,68.994,510.38,68.994,510.38,121.88,489.54,121.88
490.31,69.33,510.99,69.33,510.99,121.8,490.31,121.8
489.9,69.397,510.52,69.397,510.52,121.7,489.9,121.7
491.79,69.528,512.56,69.528,512.56,122.21,491.79,122.21
491.26,69.74,511.86,69.74,511.86,121.97,491.26,121.97
491.44,68.468,511.99,68.468,511.99,120.58,491.44,120.58
491.3,68.906,511.69,68.906,511.69,120.61,491.3,120.61
491.92,68.604,512.03,68.604,512.03,119.61,491.92,119.61
489.55,70.298,509.49,70.298,509.49,120.88,489.55,120.88
490.89,68.831,510.84,68.831,510.84,119.45,490.89,119.45
498.6,67.88,518.74,67.88,518.74,118.98,498.6,118.98
490,68.647,509.99,68.647,509.99,119.36,490,119.36
489.74,70.501,509.46,70.501,509.46,120.54,489.74,120.54
489.98,70.117,509.54,70.117,509.54,119.74,489.98,119.74
489.53,67.425,509.24,67.425,509.24,117.4,489.53,117.4
489.92,69.515,509.49,69.515,509.49,119.16,489.92,119.16
489.01,65.398,508.94,65.398,508.94,115.94,489.01,115.94
488.66,65.263,508.92,65.263,508.92,116.65,488.66,116.65
489.94,67.073,509.85,67.073,509.85,117.58,489.94,117.58
490.33,69.047,509.93,69.047,509.93,118.78,490.33,118.78
489.26,68.868,508.74,68.868,508.74,118.28,489.26,118.28
489,67.691,508.42,67.691,508.42,116.95,489,116.95
490.43,67.008,509.7,67.008,509.7,115.89,490.43,115.89
489.78,66.098,509.21,66.098,509.21,115.36,489.78,115.36
489.74,66.475,509.11,66.475,509.11,115.62,489.74,115.62
489.88,66.143,509.37,66.143,509.37,115.57,489.88,115.57
489.97,64.983,509.55,64.983,509.55,114.65,489.97,114.65
489.21,65.34,508.8,65.34,508.8,115.02,489.21,115.02
489.32,65.945,508.84,65.945,508.84,115.45,489.32,115.45
489.17,66.675,508.59,66.675,508.59,115.94,489.17,115.94
489.66,68.877,509,68.877,509,117.94,489.66,117.94
489.65,67.031,508.99,67.031,508.99,116.07,489.65,116.07
489.46,66.798,508.73,66.798,508.73,115.67,489.46,115.67
489.74,63.45,508.99,63.45,508.99,112.26,489.74,112.26
489.12,63.92,508.39,63.92,508.39,112.8,489.12,112.8
489.36,64.065,508.63,64.065,508.63,112.94,489.36,112.94
489.53,64.593,508.75,64.593,508.75,113.36,489.53,113.36
490.31,63.953,509.52,63.953,509.52,112.67,490.31,112.67
490.16,64.938,509.4,64.938,509.4,113.74,490.16,113.74
490.96,64.683,509.91,64.683,509.91,112.74,490.96,112.74
491.1,65.057,509.83,65.057,509.83,112.56,491.1,112.56
494.58,61.848,513.44,61.848,513.44,109.69,494.58,109.69
493.88,62.276,512.68,62.276,512.68,109.98,493.88,109.98
496.22,62.435,514.91,62.435,514.91,109.84,496.22,109.84
495.03,62.215,513.74,62.215,513.74,109.67,495.03,109.67
497.02,62.008,515.69,62.008,515.69,109.36,497.02,109.36
495.46,62.078,514.19,62.078,514.19,109.58,495.46,109.58
494.32,62.547,512.85,62.547,512.85,109.57,494.32,109.57
495.98,63.867,514.47,63.867,514.47,110.75,495.98,110.75
496.19,63.282,514.69,63.282,514.69,110.21,496.19,110.21
496.35,63.947,514.63,63.947,514.63,110.32,496.35,110.32
497.63,63.828,515.89,63.828,515.89,110.13,497.63,110.13
497.88,61.826,516.04,61.826,516.04,107.88,497.88,107.88
497.93,62.435,516.22,62.435,516.22,108.83,497.93,108.83
497.97,61.214,516.27,61.214,516.27,107.65,497.97,107.65
497.55,61.546,515.73,61.546,515.73,107.67,497.55,107.67
498.08,60.879,516.32,60.879,516.32,107.15,498.08,107.15
497.75,61.963,515.99,61.963,515.99,108.24,497.75,108.24
499.34,61.204,517.61,61.204,517.61,107.54,499.34,107.54
501.01,61.007,519.42,61.007,519.42,107.7,501.01,107.7
499.81,58.879,518.33,58.879,518.33,105.87,499.81,105.87
500.31,58.224,518.96,58.224,518.96,105.53,500.31,105.53
500.75,58.392,519.47,58.392,519.47,105.87,500.75,105.87
500.3,58.105,518.98,58.105,518.98,105.49,500.3,105.49
500.97,57.947,519.67,57.947,519.67,105.4,500.97,105.4
500.89,59.019,519.65,59.019,519.65,106.61,500.89,106.61
501.33,58.546,520.21,58.546,520.21,106.45,501.33,106.45
501.42,58.325,520.3,58.325,520.3,106.22,501.42,106.22
501.74,57.729,520.74,57.729,520.74,105.95,501.74,105.95
502.23,55.978,521.36,55.978,521.36,104.51,502.23,104.51
502.59,56.003,521.9,56.003,521.9,104.98,502.59,104.98
502.13,54.143,521.58,54.143,521.58,103.47,502.13,103.47
502.76,55.695,522.29,55.695,522.29,105.23,502.76,105.23
502.47,55.662,522.22,55.662,522.22,105.76,502.47,105.76
502.23,55.674,522.14,55.674,522.14,106.19,502.23,106.19
502.02,55.121,521.92,55.121,521.92,105.6,502.02,105.6
502.11,54.453,522.23,54.453,522.23,105.51,502.11,105.51
502.31,53.456,522.51,53.456,522.51,104.68,502.31,104.68
501.25,52.361,521.59,52.361,521.59,103.95,501.25,103.95
502.25,53.385,522.7,53.385,522.7,105.26,502.25,105.26
502.1,52.18,522.7,52.18,522.7,104.43,502.1,104.43
501.49,52.98,522.17,52.98,522.17,105.44,501.49,105.44
500.68,52.535,521.4,52.535,521.4,105.09,500.68,105.09
500.45,53.377,521.26,53.377,521.26,106.15,500.45,106.15
500.62,53.524,521.46,53.524,521.46,106.38,500.62,106.38
500.08,52.303,521.02,52.303,521.02,105.39,500.08,105.39
499.96,51.817,520.87,51.817,520.87,104.86,499.96,104.86
500.09,49.938,520.9,49.938,520.9,102.71,500.09,102.71
500.16,50.427,520.92,50.427,520.92,103.09,500.16,103.09
500.62,51.595,521.37,51.595,521.37,104.22,500.62,104.22
497.16,49.641,517.94,49.641,517.94,102.36,497.16,102.36
495.91,49.3,516.63,49.3,516.63,101.87,495.91,101.87
495.95,48.117,516.56,48.117,516.56,100.41,495.95,100.41
495.97,48.02,516.44,48.02,516.44,99.943,495.97,99.943
495.61,49.058,515.92,49.058,515.92,100.57,495.61,100.57
496.03,50.034,516.38,50.034,516.38,101.66,496.03,101.66
495.99,49.571,516.3,49.571,516.3,101.08,495.99,101.08
495.49,50.098,515.69,50.098,515.69,101.34,495.49,101.34
495.77,48.521,515.78,48.521,515.78,99.297,495.77,99.297
495.8,48.095,515.67,48.095,515.67,98.484,495.8,98.484
495.58,47.983,515.27,47.983,515.27,97.928,495.58,97.928
497.65,44.531,517.3,44.531,517.3,94.389,497.65,94.389
495.03,49.041,514.75,49.041,514.75,99.071,495.03,99.071
497.21,41.715,516.92,41.715,516.92,91.719,497.21,91.719
497.72,42.734,517.41,42.734,517.41,92.677,497.72,92.677
498.09,43.221,517.75,43.221,517.75,93.069,498.09,93.069
499.24,53.986,518.96,53.986,518.96,104.02,499.24,104.02
499.64,54.626,519.29,54.626,519.29,104.47,499.64,104.47
494.35,47.13,513.9,47.13,513.9,96.733,494.35,96.733
499.47,54.476,519.02,54.476,519.02,104.07,499.47,104.07
493.11,48.31,512.65,48.31,512.65,97.877,493.11,97.877
493.32,48.116,512.65,48.116,512.65,97.149,493.32,97.149
494.04,48.712,513.36,48.712,513.36,97.707,494.04,97.707
493.83,47.948,513.08,47.948,513.08,96.776,493.83,96.776
493.66,48.36,512.87,48.36,512.87,97.078,493.66,97.078
494.02,47.888,513.09,47.888,513.09,96.262,494.02,96.262
495.12,48.675,514.11,48.675,514.11,96.856,495.12,96.856
494.64,48.338,513.51,48.338,513.51,96.225,494.64,96.225
495.36,47.842,514.09,47.842,514.09,95.34,495.36,95.34
494.2,46.428,512.8,46.428,512.8,93.618,494.2,93.618
495.33,47.375,513.87,47.375,513.87,94.4,495.33,94.4
494.63,48.141,513.18,48.141,513.18,95.2,494.63,95.2
493.59,48.947,512.26,48.947,512.26,96.297,493.59,96.297
494.44,47.317,513.07,47.317,513.07,94.553,494.44,94.553
494.06,47.74,512.64,47.74,512.64,94.882,494.06,94.882
493.69,47.123,512,47.123,512,93.576,493.69,93.576
493.93,47.065,512.17,47.065,512.17,93.347,493.93,93.347
495.51,47.389,513.63,47.389,513.63,93.328,495.51,93.328
493.64,47.306,511.57,47.306,511.57,92.797,493.64,92.797
494.91,47.184,512.83,47.184,512.83,92.635,494.91,92.635
494.41,47.013,512.34,47.013,512.34,92.479,494.41,92.479
494.29,47.249,512.32,47.249,512.32,92.974,494.29,92.974
494.09,47.776,512.21,47.776,512.21,93.734,494.09,93.734
493.6,47.728,511.63,47.728,511.63,93.483,493.6,93.483
494.53,47.639,512.54,47.639,512.54,93.328,494.53,93.328
493.96,46.293,511.85,46.293,511.85,91.675,493.96,91.675
494.39,46.495,512.28,46.495,512.28,91.874,494.39,91.874
492.64,46.902,510.3,46.902,510.3,91.702,492.64,91.702
493.08,46.411,510.52,46.411,510.52,90.663,493.08,90.663
491.33,46.127,508.82,46.127,508.82,90.474,491.33,90.474
493.13,46.126,510.49,46.126,510.49,90.18,493.13,90.18
492.32,47.942,509.75,47.942,509.75,92.176,492.32,92.176
490.05,47.269,507.57,47.269,507.57,91.697,490.05,91.697
495.97,43.563,513.52,43.563,513.52,88.066,495.97,88.066
488.89,46.009,506.5,46.009,506.5,90.679,488.89,90.679
489.4,46.625,506.98,46.625,506.98,91.24,489.4,91.24
488.73,45.931,506.3,45.931,506.3,90.496,488.73,90.496
488.86,45.034,506.44,45.034,506.44,89.615,488.86,89.615
489.13,44.88,506.67,44.88,506.67,89.381,489.13,89.381
487.35,43.112,505.02,43.112,505.02,87.933,487.35,87.933
489.27,44.874,506.99,44.874,506.99,89.821,489.27,89.821
488.51,44.722,506.23,44.722,506.23,89.663,488.51,89.663
487.61,45.046,505.36,45.046,505.36,90.064,487.61,90.064
487.32,44.108,505.08,44.108,505.08,89.166,487.32,89.166
487.43,44.238,505.19,44.238,505.19,89.282,487.43,89.282
487.83,44.136,505.45,44.136,505.45,88.825,487.83,88.825
487.99,43.236,505.54,43.236,505.54,87.773,487.99,87.773
488.18,43.783,505.7,43.783,505.7,88.238,488.18,88.238
487.81,44.586,505.28,44.586,505.28,88.894,487.81,88.894
493.78,51.079,511.34,51.079,511.34,95.614,493.78,95.614
494.24,51.703,512.02,51.703,512.02,96.799,494.24,96.799
493.42,51.638,511.43,51.638,511.43,97.335,493.42,97.335
485.73,44.752,503.62,44.752,503.62,90.135,485.73,90.135
486.04,43.021,503.75,43.021,503.75,87.966,486.04,87.966
485.75,43.741,503.38,43.741,503.38,88.439,485.75,88.439
484.5,42.448,502.16,42.448,502.16,87.25,484.5,87.25
492.79,51.016,510.59,51.016,510.59,96.182,492.79,96.182
491.36,49.394,509.43,49.394,509.43,95.222,491.36,95.222
491.62,50.412,509.8,50.412,509.8,96.531,491.62,96.531
491.61,50.898,509.99,50.898,509.99,97.515,491.61,97.515
483.08,41.428,501.29,41.428,501.29,87.635,483.08,87.635
483.12,41.908,501.18,41.908,501.18,87.725,483.12,87.725
482.06,41.97,500.06,41.97,500.06,87.624,482.06,87.624
483.53,42.19,501.36,42.19,501.36,87.432,483.53,87.432
490.93,48.929,509.07,48.929,509.07,94.958,490.93,94.958
482.34,41.613,500.35,41.613,500.35,87.282,482.34,87.282
481.06,41.593,499.03,41.593,499.03,87.193,481.06,87.193
481.63,42.824,499.53,42.824,499.53,88.23,481.63,88.23
489.38,49.865,507.5,49.865,507.5,95.841,489.38,95.841
487.86,49.239,506.15,49.239,506.15,95.634,487.86,95.634
479.36,40.3,497.8,40.3,497.8,87.099,479.36,87.099
479.72,40.91,498.1,40.91,498.1,87.541,479.72,87.541
480.46,43.15,498.74,43.15,498.74,89.507,480.46,89.507
478.16,40.376,496.47,40.376,496.47,86.821,478.16,86.821
477.87,40.369,496.3,40.369,496.3,87.124,477.87,87.124
477.57,40.069,495.94,40.069,495.94,86.681,477.57,86.681
477.97,39.978,496.35,39.978,496.35,86.594,477.97,86.594
477.83,39.962,496.15,39.962,496.15,86.432,477.83,86.432
477.18,40.199,495.5,40.199,495.5,86.651,477.18,86.651
479.42,41.95,497.65,41.95,497.65,88.205,479.42,88.205
477.24,39.882,495.49,39.882,495.49,86.171,477.24,86.171
479.88,42.512,498.07,42.512,498.07,88.67,479.88,88.67
477.16,40.327,495.23,40.327,495.23,86.145,477.16,86.145
479.57,43.464,497.59,43.464,497.59,89.183,479.57,89.183
477.95,42.281,495.77,42.281,495.77,87.505,477.95,87.505
473.96,39.072,491.95,39.072,491.95,84.714,473.96,84.714
477.02,41.062,494.98,41.062,494.98,86.629,477.02,86.629
477.29,41.158,495.25,41.158,495.25,86.737,477.29,86.737
477.43,41.026,495.25,41.026,495.25,86.224,477.43,86.224
475.61,39.633,493.53,39.633,493.53,85.106,475.61,85.106
476.17,40.148,494.04,40.148,494.04,85.469,476.17,85.469
475.91,39.598,493.73,39.598,493.73,84.799,475.91,84.799
476.12,40.55,493.91,40.55,493.91,85.678,476.12,85.678
476.36,40.017,494.23,40.017,494.23,85.345,476.36,85.345
476.98,40.68,494.8,40.68,494.8,85.881,476.98,85.881
476.68,40.393,494.56,40.393,494.56,85.759,476.68,85.759
477.52,40.207,495.43,40.207,495.43,85.633,477.52,85.633
477.73,39.777,495.61,39.777,495.61,85.113,477.73,85.113
477.88,39.365,495.77,39.365,495.77,84.741,477.88,84.741
477.36,38.781,495.19,38.781,495.19,84.022,477.36,84.022
476.61,38.336,494.35,38.336,494.35,83.324,476.61,83.324
476.97,38.636,494.59,38.636,494.59,83.315,476.97,83.315
478.42,40.29,496.1,40.29,496.1,85.152,478.42,85.152
478.1,40.139,495.81,40.139,495.81,85.071,478.1,85.071
477.48,39.853,495.29,39.853,495.29,85.03,477.48,85.03
477.14,38.58,494.93,38.58,494.93,83.7,477.14,83.7
476.68,38.289,494.39,38.289,494.39,83.216,476.68,83.216
477.12,38.546,494.82,38.546,494.82,83.434,477.12,83.434
477.01,38.271,494.66,38.271,494.66,83.051,477.01,83.051
477.51,38.922,495.16,38.922,495.16,83.688,477.51,83.688
477.6,39.105,495.31,39.105,495.31,84.014,477.6,84.014
477.48,39.026,495.24,39.026,495.24,84.059,477.48,84.059
477.4,38.299,495.07,38.299,495.07,83.138,477.4,83.138
477.93,38.705,495.42,38.705,495.42,83.067,477.93,83.067
477.74,37.952,495.21,37.952,495.21,82.253,477.74,82.253
477.89,38.285,495.22,38.285,495.22,82.244,477.89,82.244
478.34,38.619,495.63,38.619,495.63,82.48,478.34,82.48
478.1,38.529,495.26,38.529,495.26,82.067,478.1,82.067
477.18,38.017,494.4,38.017,494.4,81.709,477.18,81.709
476.96,38.204,494.26,38.204,494.26,82.088,476.96,82.088
477.88,39.272,495.2,39.272,495.2,83.193,477.88,83.193
477.05,38.35,494.42,38.35,494.42,82.407,477.05,82.407
476.57,37.714,493.85,37.714,493.85,81.532,476.57,81.532
476.6,37.845,493.8,37.845,493.8,81.478,476.6,81.478
475.95,36.481,493.12,36.481,493.12,80.033,475.95,80.033
475.68,37.149,492.85,37.149,492.85,80.723,475.68,80.723
475.65,37.029,492.81,37.029,492.81,80.545,475.65,80.545
475.71,37.304,492.89,37.304,492.89,80.877,475.71,80.877
475.48,37.747,492.69,37.747,492.69,81.392,475.48,81.392
475.45,37.01,492.62,37.01,492.62,80.558,475.45,80.558
475.81,36.737,492.88,36.737,492.88,80.052,475.81,80.052
476.19,37.603,493.1,37.603,493.1,80.491,476.19,80.491
475.38,36.439,492.09,36.439,492.09,78.81,475.38,78.81
476.31,37.715,492.74,37.715,492.74,79.397,476.31,79.397
476.4,37.852,492.67,37.852,492.67,79.132,476.4,79.132
475.4,37.637,491.59,37.637,491.59,78.712,475.4,78.712
475.63,38.343,491.77,38.343,491.77,79.28,475.63,79.28
475.87,38.573,491.9,38.573,491.9,79.241,475.87,79.241
475.26,38.18,491.25,38.18,491.25,78.722,475.26,78.722
474.56,38.673,490.55,38.673,490.55,79.234,474.56,79.234
474.48,38.315,490.45,38.315,490.45,78.825,474.48,78.825
474.22,37.455,490.12,37.455,490.12,77.797,474.22,77.797
474.34,37.65,490.22,37.65,490.22,77.931,474.34,77.931
474.2,37.158,490.02,37.158,490.02,77.281,474.2,77.281
474.27,37.574,490,37.574,490,77.472,474.27,77.472
473.57,37.653,489.4,37.653,489.4,77.818,473.57,77.818
473.81,37.657,489.66,37.657,489.66,77.847,473.81,77.847
473.82,38.05,489.72,38.05,489.72,78.396,473.82,78.396
473.91,37.632,489.76,37.632,489.76,77.853,473.91,77.853
473.81,37.458,489.68,37.458,489.68,77.701,473.81,77.701
473.66,37.587,489.53,37.587,489.53,77.831,473.66,77.831
473.58,37.382,489.36,37.382,489.36,77.393,473.58,77.393
473.54,37.158,489.23,37.158,489.23,76.962,473.54,76.962
472.93,36.19,488.59,36.19,488.59,75.92,472.93,75.92
472.83,36.702,488.53,36.702,488.53,76.544,472.83,76.544
472.52,37.216,488.22,37.216,488.22,77.046,472.52,77.046
472.61,37.101,488.29,37.101,488.29,76.873,472.61,76.873
472.22,36.541,487.86,36.541,487.86,76.222,472.22,76.222
472.17,36.686,487.77,36.686,487.77,76.259,472.17,76.259
472.39,36.516,487.99,36.516,487.99,76.079,472.39,76.079
471.98,36.065,487.43,36.065,487.43,75.263,471.98,75.263
470.49,35.311,485.95,35.311,485.95,74.511,470.49,74.511
470.95,35.621,486.46,35.621,486.46,74.941,470.95,74.941
471.11,36.24,486.71,36.24,486.71,75.82,471.11,75.82
470.92,36.847,486.51,36.847,486.51,76.391,470.92,76.391
470.87,36.57,486.45,36.57,486.45,76.091,470.87,76.091
470.64,36.06,486.2,36.06,486.2,75.533,470.64,75.533
470.6,35.709,486.1,35.709,486.1,75.02,470.6,75.02
470.42,35.51,485.93,35.51,485.93,74.843,470.42,74.843
470.47,35.722,485.98,35.722,485.98,75.062,470.47,75.062
470.36,35.392,485.82,35.392,485.82,74.613,470.36,74.613
470.11,35.079,485.45,35.079,485.45,74.013,470.11,74.013
470.32,35.473,485.62,35.473,485.62,74.285,470.32,74.285
470.42,35.987,485.74,35.987,485.74,74.85,470.42,74.85
470.19,35.801,485.59,35.801,485.59,74.884,470.19,74.884
469.8,35.416,485.06,35.416,485.06,74.112,469.8,74.112
469.75,35.596,484.92,35.596,484.92,74.087,469.75,74.087
469.08,34.807,484.3,34.807,484.3,73.415,469.08,73.415
469.5,35.099,484.66,35.099,484.66,73.555,469.5,73.555
468.51,34.525,483.63,34.525,483.63,72.889,468.51,72.889
468.94,34.632,484.02,34.632,484.02,72.872,468.94,72.872
469.11,34.691,484.18,34.691,484.18,72.903,469.11,72.903
469.23,35.098,484.45,35.098,484.45,73.715,469.23,73.715
469.69,35.589,484.87,35.589,484.87,74.085,469.69,74.085
469.06,34.979,484.29,34.979,484.29,73.612,469.06,73.612
469.65,34.906,484.87,34.906,484.87,73.494,469.65,73.494
469.91,34.775,484.99,34.775,484.99,73.025,469.91,73.025
469.41,33.704,484.26,33.704,484.26,71.369,469.41,71.369
469.61,33.531,484.34,33.531,484.34,70.913,469.61,70.913
469.79,34.952,484.57,34.952,484.57,72.435,469.79,72.435
469.42,34.041,484.17,34.041,484.17,71.471,469.42,71.471
469.52,34.047,484.24,34.047,484.24,71.395,469.52,71.395
469.87,34.775,484.6,34.775,484.6,72.131,469.87,72.131
469.75,34.425,484.48,34.425,484.48,71.784,469.75,71.784
469.8,34.411,484.54,34.411,484.54,71.809,469.8,71.809
469.4,34.02,484.1,34.02,484.1,71.297,469.4,71.297
469.75,34.223,484.4,34.223,484.4,71.379,469.75,71.379
469.31,34.172,483.88,34.172,483.88,71.14,469.31,71.14
468.64,33.32,483.26,33.32,483.26,70.408,468.64,70.408
469.19,34.248,483.8,34.248,483.8,71.308,469.19,71.308
469.21,34.365,483.86,34.365,483.86,71.521,469.21,71.521
469.41,34.449,484.16,34.449,484.16,71.879,469.41,71.879
469.19,34.039,483.89,34.039,483.89,71.324,469.19,71.324
469.31,34.4,484.13,34.4,484.13,72.009,469.31,72.009
468.64,33.835,483.43,33.835,483.43,71.356,468.64,71.356
468.99,33.183,483.7,33.183,483.7,70.504,468.99,70.504
469.79,33.463,484.49,33.463,484.49,70.756,469.79,70.756
469.57,33.401,484.28,33.401,484.28,70.698,469.57,70.698
469.48,33.497,483.98,33.497,483.98,70.289,469.48,70.289
469.33,33.587,483.7,33.587,483.7,70.046,469.33,70.046
469.48,33.734,483.76,33.734,483.76,69.945,469.48,69.945
468.76,33.52,483.01,33.52,483.01,69.652,468.76,69.652
468.94,33.803,483.14,33.803,483.14,69.817,468.94,69.817
468.61,33.722,482.79,33.722,482.79,69.704,468.61,69.704
468.37,33.608,482.6,33.608,482.6,69.72,468.37,69.72
468.14,33.433,482.36,33.433,482.36,69.524,468.14,69.524
467.81,32.898,481.99,32.898,481.99,68.854,467.81,68.854
467.71,32.679,481.9,32.679,481.9,68.681,467.71,68.681
467.42,32.899,481.73,32.899,481.73,69.216,467.42,69.216
468.08,33.81,482.59,33.81,482.59,70.612,468.08,70.612
467.28,33.404,481.77,33.404,481.77,70.161,467.28,70.161
467.05,33.17,481.54,33.17,481.54,69.937,467.05,69.937
467.45,33.122,481.93,33.122,481.93,69.838,467.45,69.838
467.43,32.787,481.93,32.787,481.93,69.581,467.43,69.581
467.35,32.589,481.77,32.589,481.77,69.171,467.35,69.171
468.05,32.841,482.27,32.841,482.27,68.916,468.05,68.916
467.73,31.99,481.8,31.99,481.8,67.676,467.73,67.676
468.51,32.802,482.5,32.802,482.5,68.285,468.51,68.285
468.43,32.887,482.28,32.887,482.28,68.031,468.43,68.031
468.3,32.954,482.09,32.954,482.09,67.949,468.3,67.949
468.51,33.459,482.46,33.459,482.46,68.844,468.51,68.844
467.83,32.859,481.8,32.859,481.8,68.29,467.83,68.29
467.73,32.793,481.64,32.793,481.64,68.097,467.73,68.097
467.51,32.666,481.42,32.666,481.42,67.949,467.51,67.949
467.17,32.34,480.92,32.34,480.92,67.219,467.17,67.219
467.31,32.682,480.91,32.682,480.91,67.183,467.31,67.183
466.78,32.267,480.42,32.267,480.42,66.866,466.78,66.866
466.92,32.657,480.74,32.657,480.74,67.726,466.92,67.726
467.12,32.955,481,32.955,481,68.139,467.12,68.139
466.66,32.933,480.61,32.933,480.61,68.338,466.66,68.338
466.52,32.561,480.47,32.561,480.47,67.956,466.52,67.956
466.51,32.371,480.51,32.371,480.51,67.905,466.51,67.905
466.78,32.41,480.77,32.41,480.77,67.91,466.78,67.91
467.03,32.398,480.89,32.398,480.89,67.568,467.03,67.568
466.58,31.888,480.42,31.888,480.42,67,466.58,67
467.61,31.911,481.26,31.911,481.26,66.529,467.61,66.529
467.01,31.934,480.62,31.934,480.62,66.463,467.01,66.463
466.99,32.145,480.61,32.145,480.61,66.678,466.99,66.678
466.97,32.489,480.57,32.489,480.57,66.98,466.97,66.98
465.9,32.277,479.53,32.277,479.53,66.849,465.9,66.849
465.88,31.847,479.56,31.847,479.56,66.552,465.88,66.552
465.88,31.987,479.49,31.987,479.49,66.512,465.88,66.512
465.82,31.851,479.39,31.851,479.39,66.262,465.82,66.262
465.02,31.146,478.45,31.146,478.45,65.203,465.02,65.203
464.9,31.405,478.25,31.405,478.25,65.251,464.9,65.251
464.4,31.142,477.61,31.142,477.61,64.658,464.4,64.658
465.38,32.175,478.72,32.175,478.72,66.005,465.38,66.005
464.5,31.732,477.87,31.732,477.87,65.631,464.5,65.631
464.35,31.071,477.72,31.071,477.72,64.994,464.35,64.994
464.63,31.247,477.97,31.247,477.97,65.077,464.63,65.077
464.42,30.737,477.63,30.737,477.63,64.244,464.42,64.244
464.87,31.414,478.01,31.414,478.01,64.758,464.87,64.758
464.77,31.658,477.88,31.658,477.88,64.896,464.77,64.896
464.09,31.101,477.12,31.101,477.12,64.167,464.09,64.167
463.95,30.771,476.98,30.771,476.98,63.833,463.95,63.833
463.75,31.074,476.72,31.074,476.72,63.989,463.75,63.989
463.8,31.02,476.77,31.02,476.77,63.915,463.8,63.915
463.63,31.328,476.59,31.328,476.59,64.199,463.63,64.199
462.96,31.393,476.02,31.393,476.02,64.515,462.96,64.515
462.15,30.506,475.29,30.506,475.29,63.821,462.15,63.821
462.59,30.902,475.69,30.902,475.69,64.144,462.59,64.144
461.83,29.614,474.88,29.614,474.88,62.722,461.83,62.722
461.7,29.377,474.65,29.377,474.65,62.225,461.7,62.225
462.27,30.306,475.2,30.306,475.2,63.115,462.27,63.115
462.18,30.587,475.16,30.587,475.16,63.515,462.18,63.515
461.53,30.351,474.48,30.351,474.48,63.195,461.53,63.195
462.05,30.626,475.07,30.626,475.07,63.653,462.05,63.653
461.24,29.837,474.29,29.837,474.29,62.95,461.24,62.95
461.19,30.139,474.17,30.139,474.17,63.065,461.19,63.065
461.14,29.967,474.09,29.967,474.09,62.819,461.14,62.819
461.78,29.897,474.59,29.897,474.59,62.389,461.78,62.389
461.07,29.282,473.8,29.282,473.8,61.565,461.07,61.565
461.08,29.262,473.7,29.262,473.7,61.278,461.08,61.278
461.91,30.092,474.5,30.092,474.5,62.025,461.91,62.025
461.9,30.56,474.57,30.56,474.57,62.695,461.9,62.695
461.04,30.071,473.75,30.071,473.75,62.312,461.04,62.312
460.5,29.954,473.25,29.954,473.25,62.293,460.5,62.293
459.93,29.778,472.68,29.778,472.68,62.116,459.93,62.116
460.04,29.242,472.74,29.242,472.74,61.448,460.04,61.448
459.44,29.193,472.19,29.193,472.19,61.534,459.44,61.534
459.36,28.877,472.07,28.877,472.07,61.115,459.36,61.115
458.6,28.882,471.29,28.882,471.29,61.057,458.6,61.057
458.94,28.89,471.55,28.89,471.55,60.887,458.94,60.887
459.64,29.687,472.34,29.687,472.34,61.882,459.64,61.882
459.14,29.306,471.86,29.306,471.86,61.58,459.14,61.58
459.18,29.391,471.9,29.391,471.9,61.658,459.18,61.658
459.28,29.206,472.03,29.206,472.03,61.552,459.28,61.552
459.69,29.139,472.42,29.139,472.42,61.425,459.69,61.425
459.13,28.887,471.78,28.887,471.78,60.973,459.13,60.973
460.15,29.325,472.72,29.325,472.72,61.222,460.15,61.222
460.23,29.157,472.78,29.157,472.78,60.976,460.23,60.976
459.77,29.193,472.3,29.193,472.3,60.987,459.77,60.987
459.88,29.892,472.39,29.892,472.39,61.631,459.88,61.631
459.87,29.489,472.41,29.489,472.41,61.281,459.87,61.281
459.94,29.638,472.53,29.638,472.53,61.568,459.94,61.568
460.03,29.419,472.63,29.419,472.63,61.392,460.03,61.392
460.13,29.188,472.59,29.188,472.59,60.804,460.13,60.804
459.24,28.274,471.65,28.274,471.65,59.743,459.24,59.743
459.27,28.713,471.54,28.713,471.54,59.833,459.27,59.833
459.47,28.631,471.74,28.631,471.74,59.76,459.47,59.76
459.71,28.874,471.95,28.874,471.95,59.915,459.71,59.915
459.44,28.895,471.66,28.895,471.66,59.879,459.44,59.879
459.39,28.569,471.61,28.569,471.61,59.562,459.39,59.562
460.14,28.845,472.34,28.845,472.34,59.789,460.14,59.789
459.8,28.647,471.96,28.647,471.96,59.478,459.8,59.478
460.26,28.884,472.3,28.884,472.3,59.42,460.26,59.42
460.36,28.917,472.45,28.917,472.45,59.576,460.36,59.576
460.19,28.749,472.19,28.749,472.19,59.184,460.19,59.184
460.29,29.008,472.27,29.008,472.27,59.41,460.29,59.41
460.51,28.999,472.5,28.999,472.5,59.416,460.51,59.416
460.82,29.187,472.84,29.187,472.84,59.675,460.82,59.675
461.03,29.394,473.07,29.394,473.07,59.93,461.03,59.93
459.68,28.398,471.62,28.398,471.62,58.685,459.68,58.685
460.26,29.119,472.21,29.119,472.21,59.415,460.26,59.415
460.23,28.751,472.08,28.751,472.08,58.823,460.23,58.823
459.94,28.34,471.71,28.34,471.71,58.181,459.94,58.181
460.08,28.509,471.71,28.509,471.71,58.032,460.08,58.032
459.8,28.354,471.36,28.354,471.36,57.694,459.8,57.694
459.25,28.163,470.6,28.163,470.6,56.965,459.25,56.965
459.77,28.805,471.14,28.805,471.14,57.631,459.77,57.631
460.36,29.23,471.71,29.23,471.71,58.018,460.36,58.018
459.79,29.401,471.17,29.401,471.17,58.282,459.79,58.282
459.78,29.333,471.19,29.333,471.19,58.274,459.78,58.274
460.27,29.107,471.66,29.107,471.66,58.004,460.27,58.004
460.49,29.405,471.77,29.405,471.77,58.019,460.49,58.019
459.36,28.5,470.49,28.5,470.49,56.717,459.36,56.717
460.06,29.013,471.08,29.013,471.08,56.958,460.06,56.958
460.23,28.96,471.36,28.96,471.36,57.185,460.23,57.185
462.13,29.417,473.22,29.417,473.22,57.535,462.13,57.535
461.04,29.125,472.21,29.125,472.21,57.453,461.04,57.453
459.68,28.794,470.71,28.794,470.71,56.794,459.68,56.794
459.92,29.247,471.04,29.247,471.04,57.45,459.92,57.45
459.5,29.098,470.57,29.098,470.57,57.175,459.5,57.175
459.87,28.894,470.79,28.894,470.79,56.606,459.87,56.606
459.72,28.792,470.6,28.792,470.6,56.372,459.72,56.372
459.36,28.663,470.22,28.663,470.22,56.208,459.36,56.208
459.37,29.017,470.45,29.017,470.45,57.111,459.37,57.111
459.82,28.887,470.74,28.887,470.74,56.593,459.82,56.593
459.28,28.562,470.15,28.562,470.15,56.139,459.28,56.139
459.36,29.04,470.17,29.04,470.17,56.463,459.36,56.463
459.25,29.046,470,29.046,470,56.321,459.25,56.321
459.27,28.962,469.99,28.962,469.99,56.157,459.27,56.157
458.81,28.293,469.42,28.293,469.42,55.203,458.81,55.203
458.85,28.415,469.41,28.415,469.41,55.194,458.85,55.194
459.95,28.74,470.58,28.74,470.58,55.697,459.95,55.697
458.73,28.526,469.24,28.526,469.24,55.202,458.73,55.202
459.13,29.041,469.7,29.041,469.7,55.853,459.13,55.853
459.78,28.921,470.46,28.921,470.46,56.012,459.78,56.012
458.77,28.446,469.33,28.446,469.33,55.227,458.77,55.227
459.85,29.369,470.5,29.369,470.5,56.391,459.85,56.391
459.34,28.469,469.84,28.469,469.84,55.101,459.34,55.101
459.92,28.777,470.5,28.777,470.5,55.617,459.92,55.617
459.39,28.707,470.05,28.707,470.05,55.744,459.39,55.744
459.29,28.694,469.75,28.694,469.75,55.224,459.29,55.224
458.88,28.794,469.43,28.794,469.43,55.566,458.88,55.566
458.75,28.726,469.4,28.726,469.4,55.744,458.75,55.744
459.16,28.442,469.68,28.442,469.68,55.118,459.16,55.118
459.71,28.752,470.37,28.752,470.37,55.792,459.71,55.792
458.37,27.991,468.93,27.991,468.93,54.765,458.37,54.765
459.57,28.623,470.18,28.623,470.18,55.536,459.57,55.536
458.6,28.398,469.05,28.398,469.05,54.897,458.6,54.897
459.18,28.867,469.67,28.867,469.67,55.477,459.18,55.477
459.16,28.705,469.66,28.705,469.66,55.332,459.16,55.332
459.03,28.702,469.61,28.702,469.61,55.528,459.03,55.528
459.9,28.758,470.32,28.758,470.32,55.193,459.9,55.193
459,28.17,469.34,28.17,469.34,54.382,459,54.382
458.96,28.33,469.24,28.33,469.24,54.411,458.96,54.411
459.26,28.6,469.48,28.6,469.48,54.521,459.26,54.521
459.17,28.892,469.56,28.892,469.56,55.245,459.17,55.245
459.26,28.322,469.62,28.322,469.62,54.6,459.26,54.6
458.88,28.012,469.18,28.012,469.18,54.134,458.88,54.134
458.93,28.101,469.14,28.101,469.14,54.014,458.93,54.014
459.05,28.848,469.45,28.848,469.45,55.227,459.05,55.227
459.09,28.262,469.33,28.262,469.33,54.219,459.09,54.219
459.75,29.276,470.06,29.276,470.06,55.426,459.75,55.426
459.54,28.773,469.8,28.773,469.8,54.808,459.54,54.808
459.7,28.925,470.17,28.925,470.17,55.472,459.7,55.472
