170.5,217.5,270.5,217.5,270.5,339.5,170.5,339.5
162.17,218.89,259.23,218.89,259.23,337.3,162.17,337.3
147.92,220.36,242.12,220.36,242.12,335.29,147.92,335.29
130.92,218.4,227.02,218.4,227.02,335.64,130.92,335.64
115.91,217.52,211.06,217.52,211.06,333.6,115.91,333.6
107.48,218.35,201.68,218.35,201.68,333.27,107.48,333.27
96.191,216.46,192.29,216.46,192.29,333.7,96.191,333.7
90.109,214.86,187.17,214.86,187.17,333.28,90.109,333.28
81.353,214.6,177.45,214.6,177.45,331.84,81.353,331.84
67.589,215.13,160.86,215.13,160.86,328.92,67.589,328.92
54.823,216.08,145.35,216.08,145.35,326.53,54.823,326.53
39.394,214.17,131.74,214.17,131.74,326.84,39.394,326.84
26.48,214.32,117.01,214.32,117.01,324.77,26.48,324.77
5.785,207.96,99.057,207.96,99.057,321.76,5.785,321.76
23.665,206.35,117.87,206.35,117.87,321.28,23.665,321.28
35.692,203.5,131.79,203.5,131.79,320.74,35.692,320.74
46.068,200.78,143.13,200.78,143.13,319.2,46.068,319.2
60.975,197.93,160.98,197.93,160.98,319.93,60.975,319.93
76.646,196.44,175.66,196.44,175.66,317.24,76.646,317.24
94.722,192.86,190.82,192.86,190.82,310.1,94.722,310.1
98.98,194.69,192.25,194.69,192.25,308.49,98.98,308.49
135.25,190.76,228.53,190.76,228.53,304.55,135.25,304.55
153.1,189.54,243.63,189.54,243.63,299.99,153.1,299.99
161.46,188.86,253.81,188.86,253.81,301.52,161.46,301.52
180.3,186.38,270.83,186.38,270.83,296.83,180.3,296.83
195.29,182.6,287.64,182.6,287.64,295.27,195.29,295.27
209.01,181.89,300.45,181.89,300.45,293.44,209.01,293.44
225.28,178.9,318.55,178.9,318.55,292.69,225.28,292.69
235.44,179,328.71,179,328.71,292.79,235.44,292.79
258.25,177.42,350.6,177.42,350.6,290.08,258.25,290.08
274.16,174.63,363.79,174.63,363.79,283.98,274.16,283.98
294.01,172.64,385.44,172.64,385.44,284.19,294.01,284.19
318.9,168.74,407.65,168.74,407.65,277.01,318.9,277.01
342.44,168.57,428.57,168.57,428.57,273.65,342.44,273.65
354.55,169.69,438.16,169.69,438.16,271.69,354.55,271.69
372.98,168.45,454.12,168.45,454.12,267.44,372.98,267.44
386.99,166.97,470.59,166.97,470.59,268.97,386.99,268.97
407.16,163.25,491.6,163.25,491.6,266.27,407.16,266.27
425.45,162.27,509.89,162.27,509.89,265.29,425.45,265.29
449.66,160.85,534.94,160.85,534.94,264.9,449.66,264.9
477.63,158.68,560.41,158.68,560.41,259.66,477.63,259.66
497.35,158.9,579.3,158.9,579.3,258.89,497.35,258.89
513.72,155.63,596.49,155.63,596.49,256.62,513.72,256.62
513.23,157.62,593.57,157.62,593.57,255.63,513.23,255.63
507.5,157.47,585.48,157.47,585.48,252.6,507.5,252.6
503.01,155.36,582.55,155.36,582.55,252.4,503.01,252.4
493.95,155.83,571.16,155.83,571.16,250.02,493.95,250.02
486.6,152.9,566.14,152.9,566.14,249.95,486.6,249.95
482.39,152.49,559.59,152.49,559.59,246.68,482.39,246.68
476.44,150.31,552.88,150.31,552.88,243.57,476.44,243.57
493.43,150.65,567.62,150.65,567.62,241.17,493.43,241.17
512.74,150.67,585.47,150.67,585.47,239.4,512.74,239.4
534.71,149,607.44,149,607.44,237.73,534.71,237.73
559.75,148.01,632.48,148.01,632.48,236.74,559.75,236.74
552.79,147.35,626.25,147.35,626.25,236.96,552.79,236.96
545.88,144.97,620.08,144.97,620.08,235.48,545.88,235.48
539.52,146.04,612.25,146.04,612.25,234.78,539.52,234.78
535.69,144.01,608.42,144.01,608.42,232.74,535.69,232.74
527.9,141.74,600.63,141.74,600.63,230.48,527.9,230.48
522.65,140.75,595.38,140.75,595.38,229.48,522.65,229.48
519.99,142.24,590.58,142.24,590.58,228.37,519.99,228.37
514.39,140.02,587.12,140.02,587.12,228.76,514.39,228.76
507.63,141.15,582.57,141.15,582.57,232.57,507.63,232.57
504.52,139.81,578.71,139.81,578.71,230.33,504.52,230.33
494.88,130.63,571.32,130.63,571.32,223.89,494.88,223.89
495.36,132.65,569.55,132.65,569.55,223.17,495.36,223.17
491.32,132.84,564.05,132.84,564.05,221.57,491.32,221.57
484.55,131.3,555.85,131.3,555.85,218.29,484.55,218.29
482.6,135.08,553.9,135.08,553.9,222.06,482.6,222.06
479.15,133,548.35,133,548.35,217.42,479.15,217.42
471.13,131.64,541.72,131.64,541.72,217.76,471.13,217.76
467.48,128.94,538.07,128.94,538.07,215.06,467.48,215.06
464.78,131.17,533.29,131.17,533.29,214.76,464.78,214.76
460,130.72,526.5,130.72,526.5,211.85,460,211.85
456.22,129.91,524.06,129.91,524.06,212.67,456.22,212.67
454.36,130.1,520.86,130.1,520.86,211.23,454.36,211.23
451.05,128.89,518.89,128.89,518.89,211.65,451.05,211.65
449.81,129.63,515.65,129.63,515.65,209.96,449.81,209.96
447,129.12,513.5,129.12,513.5,210.25,447,210.25
443.38,127.2,511.9,127.2,511.9,210.79,443.38,210.79
439.73,126.15,508.93,126.15,508.93,210.57,439.73,210.57
436.16,125.13,506.75,125.13,506.75,211.25,436.16,211.25
434.96,125.1,503.47,125.1,503.47,208.69,434.96,208.69
431.96,123.97,498.46,123.97,498.46,205.1,431.96,205.1
458.48,124.23,523.67,124.23,523.67,203.76,458.48,203.76
481.47,124.17,544.74,124.17,544.74,201.36,481.47,201.36
499.23,123.47,561.26,123.47,561.26,199.14,499.23,199.14
518.94,123.3,582.85,123.3,582.85,201.27,518.94,201.27
524.75,121.14,589.94,121.14,589.94,200.67,524.75,200.67
522.58,122.09,585.85,122.09,585.85,199.28,522.58,199.28
516.68,122.09,580.58,122.09,580.58,200.06,516.68,200.06
511.6,120.31,573.63,120.31,573.63,195.98,511.6,195.98
507.12,119.08,569.77,119.08,569.77,195.51,507.12,195.51
503.44,118.58,564.85,118.58,564.85,193.5,503.44,193.5
495.67,119.04,555.88,119.04,555.88,192.48,495.67,192.48
490.77,118.4,549.2,118.4,549.2,189.69,490.77,189.69
487.22,118.04,545.07,118.04,545.07,188.62,487.22,188.62
482.59,116.62,542.2,116.62,542.2,189.34,482.59,189.34
485.57,115.01,546.37,115.01,546.37,189.19,485.57,189.19
510.74,113.69,569.76,113.69,569.76,185.69,510.74,185.69
538.77,112.46,596.62,112.46,596.62,183.04,538.77,183.04
570.1,110.4,627.95,110.4,627.95,180.98,570.1,180.98
565.51,110.64,622.79,110.64,622.79,180.52,565.51,180.52
564.66,107.91,621.94,107.91,621.94,177.79,564.66,177.79
561.4,107.96,618.68,107.96,618.68,177.84,561.4,177.84
559.92,107.63,616.07,107.63,616.07,176.13,559.92,176.13
558.09,106.17,613.13,106.17,613.13,173.32,558.09,173.32
556.34,104.07,613.06,104.07,613.06,173.26,556.34,173.26
555.22,103.44,612.5,103.44,612.5,173.32,555.22,173.32
548.33,101.95,607.34,101.95,607.34,173.95,548.33,173.95
546.44,101.97,605.46,101.97,605.46,173.97,546.44,173.97
543.37,100.49,604.17,100.49,604.17,174.67,543.37,174.67
530.73,99.887,592.75,99.887,592.75,175.56,530.73,175.56
530.81,98.423,592.84,98.423,592.84,174.09,530.81,174.09
528.6,98.306,588.8,98.306,588.8,171.75,528.6,171.75
527.77,98.377,586.2,98.377,586.2,169.66,527.77,169.66
523.66,96.449,583.86,96.449,583.86,169.9,523.66,169.9
519.43,96.403,579.04,96.403,579.04,169.12,519.43,169.12
516.38,94.767,574.81,94.767,574.81,166.05,516.38,166.05
512.2,94.886,568.91,94.886,568.91,164.08,512.2,164.08
508.78,94.674,564.38,94.674,564.38,162.5,508.78,162.5
505.98,94.793,559.94,94.793,559.94,160.62,505.98,160.62
486.11,90.972,539.54,90.972,539.54,156.15,486.11,156.15
485.64,90.946,537.5,90.946,537.5,154.21,485.64,154.21
481.86,90.089,533.72,90.089,533.72,153.35,481.86,153.35
478.24,89.192,529.59,89.192,529.59,151.83,478.24,151.83
475.72,88.429,526.55,88.429,526.55,150.45,475.72,150.45
470.69,88.227,521.53,88.227,521.53,150.24,470.69,150.24
467.27,86.406,519.13,86.406,519.13,149.67,467.27,149.67
464.23,85.341,516.6,85.341,516.6,149.24,464.23,149.24
461.57,84.512,513.95,84.512,513.95,148.41,461.57,148.41
458.42,84.804,511.32,84.804,511.32,149.34,458.42,149.34
454.56,84.05,505.9,84.05,505.9,146.69,454.56,146.69
452.09,84.681,502.42,84.681,502.42,146.08,452.09,146.08
447.53,83.601,497.36,83.601,497.36,144.4,447.53,144.4
444.6,83.573,492.97,83.573,492.97,142.58,444.6,142.58
439.92,82.933,487.8,82.933,487.8,141.36,439.92,141.36
436.47,82.459,483.88,82.459,483.88,140.3,436.47,140.3
432.56,82.6,478.58,82.6,478.58,138.74,432.56,138.74
427.32,80.662,474.73,80.662,474.73,138.51,427.32,138.51
422.42,80.147,469.83,80.147,469.83,137.99,422.42,137.99
418.29,80.141,464.31,80.141,464.31,136.28,418.29,136.28
414.1,80.22,459.67,80.22,459.67,135.81,414.1,135.81
408.94,77.177,455.89,77.177,455.89,134.45,408.94,134.45
406.48,78.355,452.05,78.355,452.05,133.94,406.48,133.94
403.33,77.42,449.34,77.42,449.34,133.56,403.33,133.56
399.9,76.969,445.47,76.969,445.47,132.56,399.9,132.56
396.77,76.293,442.79,76.293,442.79,132.44,396.77,132.44
394.61,75.912,439.27,75.912,439.27,130.4,394.61,130.4
391.18,75.151,436.29,75.151,436.29,130.19,391.18,130.19
389.49,75.706,433.72,75.706,433.72,129.66,389.49,129.66
388.76,76.241,431.69,76.241,431.69,128.61,388.76,128.61
386.88,76.847,428.54,76.847,428.54,127.67,386.88,127.67
383.84,75.797,426.76,75.797,426.76,128.16,383.84,128.16
382.06,76.077,423.72,76.077,423.72,126.9,382.06,126.9
379.76,75.511,421.01,75.511,421.01,125.83,379.76,125.83
376.06,74.087,416.9,74.087,416.9,123.91,376.06,123.91
372.98,73.167,413.82,73.167,413.82,122.99,372.98,122.99
370.4,74.142,410.83,74.142,410.83,123.47,370.4,123.47
365.96,71.339,407.62,71.339,407.62,122.16,365.96,122.16
363.73,71.142,404.57,71.142,404.57,120.97,363.73,120.97
361.9,70.963,402.33,70.963,402.33,120.29,361.9,120.29
358.87,70.046,398.51,70.046,398.51,118.4,358.87,118.4
356.55,69.794,396.19,69.794,396.19,118.15,356.55,118.15
355.19,69.75,395.62,69.75,395.62,119.08,355.19,119.08
352.2,68.803,393.04,68.803,393.04,118.63,352.2,118.63
349.83,66.336,391.91,66.336,391.91,117.67,349.83,117.67
348.53,67.358,389.37,67.358,389.37,117.18,348.53,117.18
347.99,67.98,388.02,67.98,388.02,116.82,347.99,116.82
346.32,68.296,385.57,68.296,385.57,116.18,346.32,116.18
344.89,68.431,383.74,68.431,383.74,115.84,344.89,115.84
342.67,67.013,382.7,67.013,382.7,115.86,342.67,115.86
339.95,65.468,380.79,65.468,380.79,115.29,339.95,115.29
339.09,65.686,380.34,65.686,380.34,116.01,339.09,116.01
337.81,66.364,377.85,66.364,377.85,115.21,337.81,115.21
