175.5,225.5,302.5,225.5,302.5,303.5,175.5,303.5
175.32,225.4,302.21,225.4,302.21,303.34,175.32,303.34
174.7,225,301.33,225,301.33,302.77,174.7,302.77
174.16,225.12,301.58,225.12,301.58,303.38,174.16,303.38
173.6,224.88,301.05,224.88,301.05,303.15,173.6,303.15
173.39,224.92,300.05,224.92,300.05,302.71,173.39,302.71
172.6,224.76,299.66,224.76,299.66,302.8,172.6,302.8
171.63,224.48,298.4,224.48,298.4,302.34,171.63,302.34
171.83,224.84,297.71,224.84,297.71,302.15,171.83,302.15
171.35,224.69,296.5,224.69,296.5,301.55,171.35,301.55
170.87,224.57,295.91,224.57,295.91,301.36,170.87,301.36
170.01,224.52,296.78,224.52,296.78,302.38,170.01,302.38
169.34,224.33,296.87,224.33,296.87,302.66,169.34,302.66
169.17,224.21,295.41,224.21,295.41,301.75,169.17,301.75
168.46,224.36,295.83,224.36,295.83,302.58,168.46,302.58
168.23,224.35,295.33,224.35,295.33,302.41,168.23,302.41
168.24,224.22,293.92,224.22,293.92,301.41,168.24,301.41
168.25,224.64,292.64,224.64,292.64,301.04,168.25,301.04
167.36,224.57,293.52,224.57,293.52,302.05,167.36,302.05
166.2,224.05,293.82,224.05,293.82,302.43,166.2,302.43
166.01,223.78,292.43,223.78,292.43,301.43,166.01,301.43
165.75,223.97,291.44,223.97,291.44,301.16,165.75,301.16
165.51,224.02,291.05,224.02,291.05,301.12,165.51,301.12
164.68,223.99,291.72,223.99,291.72,302.02,164.68,302.02
164.89,223.9,290.28,223.9,290.28,300.91,164.89,300.91
164.79,224.17,290.21,224.17,290.21,301.21,164.79,301.21
164.37,224.35,289.52,224.35,289.52,301.21,164.37,301.21
163.53,223.67,289.03,223.67,289.03,300.74,163.53,300.74
163.46,224.04,289.18,224.04,289.18,301.25,163.46,301.25
163.07,223.93,288.01,223.93,288.01,300.66,163.07,300.66
162.9,223.85,288.75,223.85,288.75,301.14,162.9,301.14
162.74,223.69,287.45,223.69,287.45,300.28,162.74,300.28
162.81,223.94,286.72,223.94,286.72,300.04,162.81,300.04
162.67,223.88,286.4,223.88,286.4,299.87,162.67,299.87
162.34,224.08,287.25,224.08,287.25,300.79,162.34,300.79
161.87,223.69,287.43,223.69,287.43,300.81,161.87,300.81
161.41,223.53,287.41,223.53,287.41,300.92,161.41,300.92
161.05,223.38,287.25,223.38,287.25,300.88,161.05,300.88
160.84,223.4,287.39,223.4,287.39,301.13,160.84,301.13
160.58,223.22,287.08,223.22,287.08,300.91,160.58,300.91
160.75,223.17,285.84,223.17,285.84,300,160.75,300
160.77,223.54,285.4,223.54,285.4,300.07,160.77,300.07
160.85,223.5,284.94,223.5,284.94,299.71,160.85,299.71
161.05,223.74,284.68,223.74,284.68,299.67,161.05,299.67
160.54,223.56,286.05,223.56,286.05,300.64,160.54,300.64
161.03,223.73,285.56,223.73,285.56,300.21,161.03,300.21
160.58,223.59,284.82,223.59,284.82,299.89,160.58,299.89
160.78,223.64,286.14,223.64,286.14,300.63,160.78,300.63
160.6,223.4,286.48,223.4,286.48,300.72,160.6,300.72
160.68,223.24,285.66,223.24,285.66,300.01,160.68,300.01
160.29,223.47,286.41,223.47,286.41,300.92,160.29,300.92
161.08,223.66,285.8,223.66,285.8,300.26,161.08,300.26
160.71,223.44,285.03,223.44,285.03,299.79,160.71,299.79
161.16,223.77,285.6,223.77,285.6,300.2,161.16,300.2
160.48,223.45,286.22,223.45,286.22,300.67,160.48,300.67
160.78,223.61,285.19,223.61,285.19,300.01,160.78,300.01
160.69,223.62,286.13,223.62,286.13,300.66,160.69,300.66
160.43,223.43,286.38,223.43,286.38,300.79,160.43,300.79
160.54,223.36,286.62,223.36,286.62,300.8,160.54,300.8
160.67,223.45,286.69,223.45,286.69,300.85,160.67,300.85
160.77,223.31,286.87,223.31,286.87,300.77,160.77,300.77
160.72,223.35,286.75,223.35,286.75,300.76,160.72,300.76
160.77,223.35,287.16,223.35,287.16,300.98,160.77,300.98
160.96,223.31,286.16,223.31,286.16,300.2,160.96,300.2
160.9,223.15,286.01,223.15,286.01,299.99,160.9,299.99
160.63,223.25,285.75,223.25,285.75,300.1,160.63,300.1
160.76,223.43,285.74,223.43,285.74,300.2,160.76,300.2
161.1,223.51,286.93,223.51,286.93,300.79,161.1,300.79
161.14,223.41,286.17,223.41,286.17,300.2,161.14,300.2
160.91,223.56,286.99,223.56,286.99,300.99,160.91,300.99
160.98,223.31,287.13,223.31,287.13,300.79,160.98,300.79
161.37,223.56,286.47,223.56,286.47,300.39,161.37,300.39
161.23,223.32,286.24,223.32,286.24,300.1,161.23,300.1
161.93,223.78,286.38,223.78,286.38,300.21,161.93,300.21
161.36,223.4,285.97,223.4,285.97,299.93,161.36,299.93
161.17,223.46,285.75,223.46,285.75,299.97,161.17,299.97
161.12,223.44,285.84,223.44,285.84,300.04,161.12,300.04
161.22,223.39,285.95,223.39,285.95,299.99,161.22,299.99
161.48,223.33,286.22,223.33,286.22,299.95,161.48,299.95
161.45,223.31,287.51,223.31,287.51,300.74,161.45,300.74
161.84,223.43,287.78,223.43,287.78,300.78,161.84,300.78
162.4,223.35,287.15,223.35,287.15,299.97,162.4,299.97
162.22,223.45,288.11,223.45,288.11,300.77,162.22,300.77
162.94,223.25,287.79,223.25,287.79,299.93,162.94,299.93
163.22,223.38,289.28,223.38,289.28,300.8,163.22,300.8
163.66,223.21,290.13,223.21,290.13,300.88,163.66,300.88
164.01,223.15,289.47,223.15,289.47,300.2,164.01,300.2
165.06,223.39,291.13,223.39,291.13,300.81,165.06,300.81
165.35,223.22,291.84,223.22,291.84,300.91,165.35,300.91
166.39,223.06,292.05,223.06,292.05,300.24,166.39,300.24
167.5,223.22,293.05,223.22,293.05,300.33,167.5,300.33
168.57,223.42,295.03,223.42,295.03,301.09,168.57,301.09
169.67,222.9,295.61,222.9,295.61,300.25,169.67,300.25
171.08,222.94,297.12,222.94,297.12,300.35,171.08,300.35
172.11,223.14,299.12,223.14,299.12,301.14,172.11,301.14
174.28,222.85,300.27,222.85,300.27,300.23,174.28,300.23
175.15,223.09,302.24,223.09,302.24,301.15,175.15,301.15
177.77,222.86,303.61,222.86,303.61,300.15,177.77,300.15
179.17,222.63,305.32,222.63,305.32,300.11,179.17,300.11
182.01,223.11,307.77,223.11,307.77,300.35,182.01,300.35
183.9,222.62,309.75,222.62,309.75,299.91,183.9,299.91
186.7,222.54,312.43,222.54,312.43,299.76,186.7,299.76
192.52,222.35,317.37,222.35,317.37,299.03,192.52,299.03
193.76,222.43,320.01,222.43,320.01,299.97,193.76,299.97
197.49,222.43,321.92,222.43,321.92,298.85,197.49,298.85
204.86,223.27,327.44,223.27,327.44,298.55,204.86,298.55
205.4,222.89,329.72,222.89,329.72,299.24,205.4,299.24
209.7,222.95,333.14,222.95,333.14,298.76,209.7,298.76
212.28,222.42,335.98,222.42,335.98,298.39,212.28,298.39
219.43,222.44,343.37,222.44,343.37,298.57,219.43,298.57
220.63,222.09,344.55,222.09,344.55,298.2,220.63,298.2
226.98,221.69,349.98,221.69,349.98,297.23,226.98,297.23
234.79,221.96,356.89,221.96,356.89,296.95,234.79,296.95
238.04,221.91,359.58,221.91,359.58,296.56,238.04,296.56
242.77,221.53,364.9,221.53,364.9,296.54,242.77,296.54
249.89,221.84,370.1,221.84,370.1,295.67,249.89,295.67
251.63,221.82,373.31,221.82,373.31,296.55,251.63,296.55
258.89,221.55,379.39,221.55,379.39,295.56,258.89,295.56
260.84,221.43,381.48,221.43,381.48,295.52,260.84,295.52
268.6,221.6,388.82,221.6,388.82,295.44,268.6,295.44
270.99,221.7,391.38,221.7,391.38,295.64,270.99,295.64
279.56,221.17,398.93,221.17,398.93,294.48,279.56,294.48
281.83,221.75,401.66,221.75,401.66,295.35,281.83,295.35
285.27,220.95,404.69,220.95,404.69,294.29,285.27,294.29
292.63,221.21,411.63,221.21,411.63,294.29,292.63,294.29
294.33,221.08,413.48,221.08,413.48,294.25,294.33,294.25
302.04,220.51,419.2,220.51,419.2,292.47,302.04,292.47
305.66,221.22,421.48,221.22,421.48,292.35,305.66,292.35
312.38,221.3,427.55,221.3,427.55,292.04,312.38,292.04
314.06,221.17,429.09,221.17,429.09,291.82,314.06,291.82
321.53,220.51,436.32,220.51,436.32,291.01,321.53,291.01
323.51,221,437.86,221,437.86,291.23,323.51,291.23
329.48,220.06,443.36,220.06,443.36,290.01,329.48,290.01
331.96,220.23,445.22,220.23,445.22,289.8,331.96,289.8
337.64,220.09,450.68,220.09,450.68,289.52,337.64,289.52
339.91,220.12,452.13,220.12,452.13,289.04,339.91,289.04
344.21,221.31,456.43,221.31,456.43,290.24,344.21,290.24
349.1,220.34,462.13,220.34,462.13,289.76,349.1,289.76
350.7,219.25,463.56,219.25,463.56,288.57,350.7,288.57
355.24,219.6,468.76,219.6,468.76,289.33,355.24,289.33
356.16,219.82,469.68,219.82,469.68,289.54,356.16,289.54
358.42,219.88,471.26,219.88,471.26,289.19,358.42,289.19
361.94,219.79,474.18,219.79,474.18,288.73,361.94,288.73
365.56,220.72,475.64,220.72,475.64,288.33,365.56,288.33
366.26,220.08,476.33,220.08,476.33,287.68,366.26,287.68
368.61,220.23,478.25,220.23,478.25,287.57,368.61,287.57
370.01,220.36,479.39,220.36,479.39,287.54,370.01,287.54
374.34,221.29,481.46,221.29,481.46,287.08,374.34,287.08
375.16,220.85,481.73,220.85,481.73,286.31,375.16,286.31
377.71,220.64,483.42,220.64,483.42,285.56,377.71,285.56
379.31,219.94,485.46,219.94,485.46,285.13,379.31,285.13
380.25,219.51,487.17,219.51,487.17,285.18,380.25,285.18
382.88,219.59,489.65,219.59,489.65,285.17,382.88,285.17
382.42,219.02,489.46,219.02,489.46,284.76,382.42,284.76
382.94,218.96,490.14,218.96,490.14,284.8,382.94,284.8
383.69,218.17,491.29,218.17,491.29,284.26,383.69,284.26
383.57,218.25,491.22,218.25,491.22,284.37,383.57,284.37
384.37,218.31,492.68,218.31,492.68,284.83,384.37,284.83
383.25,217.31,492.78,217.31,492.78,284.58,383.25,284.58
383.4,217.57,493.4,217.57,493.4,285.12,383.4,285.12
383.31,217.92,493.97,217.92,493.97,285.89,383.31,285.89
382.75,217.45,493.29,217.45,493.29,285.34,382.75,285.34
382.98,217.61,493.74,217.61,493.74,285.64,382.98,285.64
382.99,218,492.64,218,492.64,285.34,382.99,285.34
382.91,217.27,493.64,217.27,493.64,285.27,382.91,285.27
382.73,217.06,493.37,217.06,493.37,285.02,382.73,285.02
383.02,217.89,492.02,217.89,492.02,284.84,383.02,284.84
383.04,217.91,492.55,217.91,492.55,285.17,383.04,285.17
382.89,217.68,492.54,217.68,492.54,285.02,382.89,285.02
382.82,217.56,492.31,217.56,492.31,284.81,382.82,284.81
382.69,217.73,492.38,217.73,492.38,285.1,382.69,285.1
382.54,217.49,492.46,217.49,492.46,285,382.54,285
383.02,218.18,492.83,218.18,492.83,285.62,383.02,285.62
383.23,217.74,493.83,217.74,493.83,285.67,383.23,285.67
383.48,217.94,492.22,217.94,492.22,284.73,383.48,284.73
383.11,217.74,492.46,217.74,492.46,284.89,383.11,284.89
382.87,218,492.5,218,492.5,285.33,382.87,285.33
382.74,217.6,492.3,217.6,492.3,284.89,382.74,284.89
382.73,217.47,492.44,217.47,492.44,284.85,382.73,284.85
383.35,217.89,492.54,217.89,492.54,284.96,383.35,284.96
383.21,217.91,492.5,217.91,492.5,285.03,383.21,285.03
382.71,218.11,492.26,218.11,492.26,285.39,382.71,285.39
382.47,216.9,493.86,216.9,493.86,285.32,382.47,285.32
382.45,217.37,493.76,217.37,493.76,285.73,382.45,285.73
382.46,217.24,493.75,217.24,493.75,285.6,382.46,285.6
382.59,217.41,492.5,217.41,492.5,284.91,382.59,284.91
382.33,217.66,493.74,217.66,493.74,286.08,382.33,286.08
382.57,217.71,492.49,217.71,492.49,285.22,382.57,285.22
382.83,217.99,492.54,217.99,492.54,285.37,382.83,285.37
382.58,218.19,492.74,218.19,492.74,285.85,382.58,285.85
383.48,218.02,492.3,218.02,492.3,284.85,383.48,284.85
382.02,217.28,492.39,217.28,492.39,285.06,382.02,285.06
382.49,218.13,492.34,218.13,492.34,285.6,382.49,285.6
382.31,218.59,491.68,218.59,491.68,285.76,382.31,285.76
381.62,218.07,492.51,218.07,492.51,286.17,381.62,286.17
381.42,217.9,491.71,217.9,491.71,285.64,381.42,285.64
381.09,218.17,490.23,218.17,490.23,285.21,381.09,285.21
380.08,217.71,492.44,217.71,492.44,286.72,380.08,286.72
379.5,217.65,492.52,217.65,492.52,287.07,379.5,287.07
380.01,217.78,491.05,217.78,491.05,285.98,380.01,285.98
378.92,217.71,491.83,217.71,491.83,287.06,378.92,287.06
378.3,218.04,491.4,218.04,491.4,287.51,378.3,287.51
377.58,217.4,490.95,217.4,490.95,287.02,377.58,287.02
376.85,217.84,490.7,217.84,490.7,287.77,376.85,287.77
376.45,217.91,489.41,217.91,489.41,287.29,376.45,287.29
376.39,218.26,489.25,218.26,489.25,287.57,376.39,287.57
375.79,218.04,489.08,218.04,489.08,287.62,375.79,287.62
374.06,217.38,487.49,217.38,487.49,287.04,374.06,287.04
373.7,218.09,486.64,218.09,486.64,287.46,373.7,287.46
372.93,218.3,485.54,218.3,485.54,287.46,372.93,287.46
370.84,217.88,483.68,217.88,483.68,287.18,370.84,287.18
370.4,218.1,483.03,218.1,483.03,287.28,370.4,287.28
368.77,218.11,481.2,218.11,481.2,287.16,368.77,287.16
366.95,218.25,479.31,218.25,479.31,287.26,366.95,287.26
364.61,218.31,478.07,218.31,478.07,287.99,364.61,287.99
364.14,218.28,477.16,218.28,477.16,287.69,364.14,287.69
361.34,218.11,473.57,218.11,473.57,287.04,361.34,287.04
360.63,218.58,472.53,218.58,472.53,287.31,360.63,287.31
358.27,218.25,469.42,218.25,469.42,286.52,358.27,286.52
357.2,218.62,468.48,218.62,468.48,286.97,357.2,286.97
354.03,218.58,465.51,218.58,465.51,287.05,354.03,287.05
352.29,218.56,464.01,218.56,464.01,287.17,352.29,287.17
349.9,218.73,462.67,218.73,462.67,287.99,349.9,287.99
347.31,218.26,460.26,218.26,460.26,287.64,347.31,287.64
346.01,219.08,458.76,219.08,458.76,288.33,346.01,288.33
343.98,218.94,456.12,218.94,456.12,287.81,343.98,287.81
341.56,218.72,454.82,218.72,454.82,288.28,341.56,288.28
338.44,218.11,451.73,218.11,451.73,287.69,338.44,287.69
337.94,218.78,449.65,218.78,449.65,287.38,337.94,287.38
335.88,219.29,448.17,219.29,448.17,288.26,335.88,288.26
334.51,219.23,446.63,219.23,446.63,288.09,334.51,288.09
332.25,218.87,444.19,218.87,444.19,287.62,332.25,287.62
331.91,219.11,442.01,219.11,442.01,286.73,331.91,286.73
329.19,219.25,439.56,219.25,439.56,287.03,329.19,287.03
329.39,219.72,439.58,219.72,439.58,287.4,329.39,287.4
327.45,219.75,436.94,219.75,436.94,286.99,327.45,286.99
326.94,219.62,436.23,219.62,436.23,286.74,326.94,286.74
326.82,219.85,436.27,219.85,436.27,287.07,326.82,287.07
325.43,219.31,435.1,219.31,435.1,286.67,325.43,286.67
325.21,219.03,434.72,219.03,434.72,286.29,325.21,286.29
324.47,219.3,433.98,219.3,433.98,286.56,324.47,286.56
323.95,218.69,433.2,218.69,433.2,285.79,323.95,285.79
324.47,219.42,433.22,219.42,433.22,286.21,324.47,286.21
324.59,219.49,433.08,219.49,433.08,286.12,324.59,286.12
323.1,219.35,431.81,219.35,431.81,286.12,323.1,286.12
323.65,219.4,431.91,219.4,431.91,285.9,323.65,285.9
323.19,220.05,430.3,220.05,430.3,285.83,323.19,285.83
324.62,220,431.01,220,431.01,285.34,324.62,285.34
323.03,219.61,429.41,219.61,429.41,284.95,323.03,284.95
324.54,220.11,431.88,220.11,431.88,286.03,324.54,286.03
325.02,220.22,432.2,220.22,432.2,286.06,325.02,286.06
323.97,219.41,430.85,219.41,430.85,285.05,323.97,285.05
325.7,220.15,432.07,220.15,432.07,285.48,325.7,285.48
325.53,220.35,431.96,220.35,431.96,285.72,325.53,285.72
324.93,220.41,431.88,220.41,431.88,286.1,324.93,286.1
324.59,220.42,431.62,220.42,431.62,286.15,324.59,286.15
324.87,220.03,431.62,220.03,431.62,285.59,324.87,285.59
325.28,220.67,431.84,220.67,431.84,286.12,325.28,286.12
325.5,220.1,431.76,220.1,431.76,285.36,325.5,285.36
325.65,220.71,431.96,220.71,431.96,286,325.65,286
325.64,220.56,431.84,220.56,431.84,285.79,325.64,285.79
325.41,220.57,431.9,220.57,431.9,285.97,325.41,285.97
324.95,220.06,431.23,220.06,431.23,285.33,324.95,285.33
325.24,220.34,431.81,220.34,431.81,285.8,325.24,285.8
325.13,220.09,431.58,220.09,431.58,285.47,325.13,285.47
325.19,220.31,431.23,220.31,431.23,285.44,325.19,285.44
325.33,219.86,431.24,219.86,431.24,284.9,325.33,284.9
325.32,220.25,431.14,220.25,431.14,285.24,325.32,285.24
325.43,219.79,431.31,219.79,431.31,284.82,325.43,284.82
325.42,219.9,431.34,219.9,431.34,284.95,325.42,284.95
325.64,219.92,431.4,219.92,431.4,284.87,325.64,284.87
326.92,220.24,432.58,220.24,432.58,285.13,326.92,285.13
326.67,220.86,431.91,220.86,431.91,285.5,326.67,285.5
325.45,219.68,431.2,219.68,431.2,284.63,325.45,284.63
326.2,220.39,431.92,220.39,431.92,285.32,326.2,285.32
326.72,221.06,431.69,221.06,431.69,285.53,326.72,285.53
327.22,221.04,431.37,221.04,431.37,285.01,327.22,285.01
325.88,220.26,431.16,220.26,431.16,284.92,325.88,284.92
325.59,219.93,431.35,219.93,431.35,284.89,325.59,284.89
325.99,220.24,432.02,220.24,432.02,285.36,325.99,285.36
325.79,220.03,431.53,220.03,431.53,284.98,325.79,284.98
326.51,220.85,431.58,220.85,431.58,285.38,326.51,285.38
327.13,221.1,431.62,221.1,431.62,285.28,327.13,285.28
326.53,220.51,432.04,220.51,432.04,285.31,326.53,285.31
326.31,220.37,432.14,220.37,432.14,285.37,326.31,285.37
326.01,219.97,431.95,219.97,431.95,285.04,326.01,285.04
325.57,220.14,431.15,220.14,431.15,284.99,325.57,284.99
326.18,220.26,432.26,220.26,432.26,285.41,326.18,285.41
325.49,220.01,431.26,220.01,431.26,284.98,325.49,284.98
326.33,220.3,432.6,220.3,432.6,285.57,326.33,285.57
326.19,220.24,432.08,220.24,432.08,285.28,326.19,285.28
325.88,220.11,431.66,220.11,431.66,285.08,325.88,285.08
325.89,220.26,432.3,220.26,432.3,285.62,325.89,285.62
325.57,219.94,431.74,219.94,431.74,285.15,325.57,285.15
326.39,220.2,432.02,220.2,432.02,285.07,326.39,285.07
326.74,220.29,432.48,220.29,432.48,285.23,326.74,285.23
326.96,220.29,432.93,220.29,432.93,285.37,326.96,285.37
326.57,219.62,432.46,219.62,432.46,284.66,326.57,284.66
326.76,219.44,432.95,219.44,432.95,284.66,326.76,284.66
327.54,219.95,434.19,219.95,434.19,285.45,327.54,285.45
327.27,219.47,433.88,219.47,433.88,284.94,327.27,284.94
327.83,218.7,434.68,218.7,434.68,284.33,327.83,284.33
328.51,219.7,435.11,219.7,435.11,285.18,328.51,285.18
327.96,218.45,435.8,218.45,435.8,284.69,327.96,284.69
327.96,218.52,436.14,218.52,436.14,284.96,327.96,284.96
329.51,219.3,436.14,219.3,436.14,284.79,329.51,284.79
329.51,218.38,436.9,218.38,436.9,284.34,329.51,284.34
330.34,218.57,438.12,218.57,438.12,284.76,330.34,284.76
330.02,217.92,438.32,217.92,438.32,284.44,330.02,284.44
330.92,217.39,439.75,217.39,439.75,284.23,330.92,284.23
331.04,216.7,440.03,216.7,440.03,283.64,331.04,283.64
331.97,216.53,441.5,216.53,441.5,283.8,331.97,283.8
332.27,216.47,441.78,216.47,441.78,283.73,332.27,283.73
334.27,216.54,443.27,216.54,443.27,283.49,334.27,283.49
335.27,216.34,444.41,216.34,444.41,283.37,335.27,283.37
336.46,217.04,444.98,217.04,444.98,283.69,336.46,283.69
338.81,217.04,446.77,217.04,446.77,283.35,338.81,283.35
338.34,217.48,446.16,217.48,446.16,283.71,338.34,283.71
342.61,216.79,449.7,216.79,449.7,282.56,342.61,282.56
341.7,216.04,449.57,216.04,449.57,282.29,341.7,282.29
343.61,215.87,452.01,215.87,452.01,282.45,343.61,282.45
345.38,215.61,453.08,215.61,453.08,281.75,345.38,281.75
346.77,215.09,454.81,215.09,454.81,281.44,346.77,281.44
347.8,215.14,455.84,215.14,455.84,281.5,347.8,281.5
349.73,214.33,457.8,214.33,457.8,280.7,349.73,280.7
352.58,213.93,461.21,213.93,461.21,280.64,352.58,280.64
353.36,213.42,462.26,213.42,462.26,280.31,353.36,280.31
354.78,211.8,464.95,211.8,464.95,279.47,354.78,279.47
354.93,211.74,465.67,211.74,465.67,279.75,354.93,279.75
358.45,211.34,469.27,211.34,469.27,279.4,358.45,279.4
358.02,210.96,468.74,210.96,468.74,278.95,358.02,278.95
359.8,210.79,469.92,210.79,469.92,278.42,359.8,278.42
361.5,210.6,471.86,210.6,471.86,278.38,361.5,278.38
364.39,211.36,473.56,211.36,473.56,278.4,364.39,278.4
365.17,211.14,474.78,211.14,474.78,278.46,365.17,278.46
365.13,209.96,473.96,209.96,473.96,276.8,365.13,276.8
365.93,209.93,474.92,209.93,474.92,276.88,365.93,276.88
366.8,209.13,476.56,209.13,476.56,276.55,366.8,276.55
368.29,209.5,478.53,209.5,478.53,277.2,368.29,277.2
369.76,208.73,479.74,208.73,479.74,276.27,369.76,276.27
369.51,209.19,480.46,209.19,480.46,277.33,369.51,277.33
372.31,209.11,484.19,209.11,484.19,277.83,372.31,277.83
373.1,208.31,484.48,208.31,484.48,276.72,373.1,276.72
372.32,208.24,483.4,208.24,483.4,276.46,372.32,276.46
372.37,207.52,483.57,207.52,483.57,275.81,372.37,275.81
374.3,207.9,486.6,207.9,486.6,276.87,374.3,276.87
375.56,207.46,487.63,207.46,487.63,276.29,375.56,276.29
375.57,206.83,487.2,206.83,487.2,275.4,375.57,275.4
376.13,206.81,487.4,206.81,487.4,275.15,376.13,275.15
377.58,206.54,488.91,206.54,488.91,274.91,377.58,274.91
375.64,205.99,487.61,205.99,487.61,274.75,375.64,274.75
376.84,205.13,488.73,205.13,488.73,273.85,376.84,273.85
376.43,205.68,488.11,205.68,488.11,274.28,376.43,274.28
377.23,205.4,488.65,205.4,488.65,273.84,377.23,273.84
376.64,205.4,487.54,205.4,487.54,273.52,376.64,273.52
376.96,205.01,487.16,205.01,487.16,272.69,376.96,272.69
377.18,204.62,486.46,204.62,486.46,271.74,377.18,271.74
377.73,204.19,486.98,204.19,486.98,271.29,377.73,271.29
377.92,203.98,487.06,203.98,487.06,271.02,377.92,271.02
377.75,203.64,486.85,203.64,486.85,270.64,377.75,270.64
377.8,202.91,487.11,202.91,487.11,270.04,377.8,270.04
378.15,202.98,487.43,202.98,487.43,270.1,378.15,270.1
378.45,201.76,488.67,201.76,488.67,269.46,378.45,269.46
378.03,201.35,486.73,201.35,486.73,268.11,378.03,268.11
377.65,201.33,485.46,201.33,485.46,267.55,377.65,267.55
376.87,199.5,485.2,199.5,485.2,266.03,376.87,266.03
377.84,200.67,486.2,200.67,486.2,267.22,377.84,267.22
376.53,200.37,484.25,200.37,484.25,266.53,376.53,266.53
376.61,199.45,483.77,199.45,483.77,265.27,376.61,265.27
377.08,199.91,483.88,199.91,483.88,265.51,377.08,265.51
377.37,200.78,484.63,200.78,484.63,266.66,377.37,266.66
373.59,200.42,480.16,200.42,480.16,265.87,373.59,265.87
375.99,200.32,481.83,200.32,481.83,265.33,375.99,265.33
377.28,201.66,482.47,201.66,482.47,266.26,377.28,266.26
373.49,201.28,477.49,201.28,477.49,265.15,373.49,265.15
374.15,200.97,477.2,200.97,477.2,264.26,374.15,264.26
373.74,201.92,475.5,201.92,475.5,264.43,373.74,264.43
375.26,200.47,476.75,200.47,476.75,262.8,375.26,262.8
374.47,200.1,475.3,200.1,475.3,262.03,374.47,262.03
373.85,199.6,474.06,199.6,474.06,261.15,373.85,261.15
374.21,198.79,474.24,198.79,474.24,260.23,374.21,260.23
371.74,198.27,470.45,198.27,470.45,258.89,371.74,258.89
370.67,198.65,467.82,198.65,467.82,258.32,370.67,258.32
371.31,199.49,467.49,199.49,467.49,258.56,371.31,258.56
372.07,199.55,467.28,199.55,467.28,258.02,372.07,258.02
373.1,199.35,467.98,199.35,467.98,257.62,373.1,257.62
372.29,199.46,466.66,199.46,466.66,257.42,372.29,257.42
371.86,199.39,465.71,199.39,465.71,257.03,371.86,257.03
372.66,199.06,466.18,199.06,466.18,256.49,372.66,256.49
372.43,199.56,465.04,199.56,465.04,256.44,372.43,256.44
373.12,198.17,465.3,198.17,465.3,254.78,373.12,254.78
372.59,198.73,464.94,198.73,464.94,255.45,372.59,255.45
371.56,199.15,463.46,199.15,463.46,255.6,371.56,255.6
372.21,198.07,463.86,198.07,463.86,254.35,372.21,254.35
372.41,197.81,463.75,197.81,463.75,253.91,372.41,253.91
372.53,197.95,463.16,197.95,463.16,253.61,372.53,253.61
372.92,198.58,463.92,198.58,463.92,254.47,372.92,254.47
372.37,196.69,462.89,196.69,462.89,252.29,372.37,252.29
371.9,198.33,462.44,198.33,462.44,253.94,371.9,253.94
372.28,196.82,462.72,196.82,462.72,252.37,372.28,252.37
372.58,196.62,463.07,196.62,463.07,252.2,372.58,252.2
371.91,196.8,461.91,196.8,461.91,252.08,371.91,252.08
371.63,196.48,461.6,196.48,461.6,251.74,371.63,251.74
371.83,195.76,461.57,195.76,461.57,250.87,371.83,250.87
370.88,195.32,460.03,195.32,460.03,250.07,370.88,250.07
371.86,195.97,461.54,195.97,461.54,251.04,371.86,251.04
370.1,194.66,459.8,194.66,459.8,249.76,370.1,249.76
371.12,194.58,461.11,194.58,461.11,249.84,371.12,249.84
370.43,194.5,460.44,194.5,460.44,249.78,370.43,249.78
370.68,194.36,461.04,194.36,461.04,249.86,370.68,249.86
370.06,194.01,459.77,194.01,459.77,249.1,370.06,249.1
370.1,194.25,459.47,194.25,459.47,249.14,370.1,249.14
370.37,193.78,460.61,193.78,460.61,249.2,370.37,249.2
369.55,193.46,458.98,193.46,458.98,248.39,369.55,248.39
370.43,193.37,459.52,193.37,459.52,248.09,370.43,248.09
369.81,192.34,458.92,192.34,458.92,247.07,369.81,247.07
369.48,192.26,458.71,192.26,458.71,247.05,369.48,247.05
369.55,192.44,458.97,192.44,458.97,247.36,369.55,247.36
369.57,192.18,459.34,192.18,459.34,247.31,369.57,247.31
368.65,191.62,458.59,191.62,458.59,246.86,368.65,246.86
368.61,191.12,459.56,191.12,459.56,246.98,368.61,246.98
368.51,190.49,459.56,190.49,459.56,246.41,368.51,246.41
368.49,190.27,459.68,190.27,459.68,246.28,368.49,246.28
368.53,190.03,459.42,190.03,459.42,245.85,368.53,245.85
367.97,189.49,457.66,189.49,457.66,244.57,367.97,244.57
367.77,189.66,457.22,189.66,457.22,244.6,367.77,244.6
368.12,189.4,457.55,189.4,457.55,244.32,368.12,244.32
368.14,189.4,457.41,189.4,457.41,244.23,368.14,244.23
367.43,189.01,457.22,189.01,457.22,244.15,367.43,244.15
367.33,188.5,457.72,188.5,457.72,244.02,367.33,244.02
366.93,187.71,456.45,187.71,456.45,242.69,366.93,242.69
366.25,187.89,455.88,187.89,455.88,242.94,366.25,242.94
366.72,187.38,455.04,187.38,455.04,241.62,366.72,241.62
366.88,187.26,455.11,187.26,455.11,241.44,366.88,241.44
366.58,186.87,455.6,186.87,455.6,241.55,366.58,241.55
365.7,186.55,453.72,186.55,453.72,240.6,365.7,240.6
365.88,185.9,452.59,185.9,452.59,239.16,365.88,239.16
365.61,185.29,452.9,185.29,452.9,238.9,365.61,238.9
365.67,185.39,451.75,185.39,451.75,238.26,365.67,238.26
365.57,185.25,451.46,185.25,451.46,238,365.57,238
365.13,185.05,451.95,185.05,451.95,238.38,365.13,238.38
364.9,184.19,451.93,184.19,451.93,237.64,364.9,237.64
364.18,184.11,451.19,184.11,451.19,237.55,364.18,237.55
364.49,183.26,452.31,183.26,452.31,237.2,364.49,237.2
363.52,182.88,450.97,182.88,450.97,236.59,363.52,236.59
364.29,182.4,452.16,182.4,452.16,236.37,364.29,236.37
363.4,181.32,451.3,181.32,451.3,235.31,363.4,235.31
362.98,180.92,451.21,180.92,451.21,235.11,362.98,235.11
362.97,180.67,451.53,180.67,451.53,235.07,362.97,235.07
362.84,180.32,451.34,180.32,451.34,234.68,362.84,234.68
362.52,179.55,450.26,179.55,450.26,233.43,362.52,233.43
362.52,178.79,450.5,178.79,450.5,232.83,362.52,232.83
362.29,178.83,450.29,178.83,450.29,232.88,362.29,232.88
361.9,178.45,449.08,178.45,449.08,232,361.9,232
361.27,178.26,448.77,178.26,448.77,232,361.27,232
362.39,178,449.43,178,449.43,231.46,362.39,231.46
361.52,177.96,448.81,177.96,448.81,231.57,361.52,231.57
361.32,176.69,448.95,176.69,448.95,230.51,361.32,230.51
361.41,177.04,448.4,177.04,448.4,230.47,361.41,230.47
361.45,176.52,448.68,176.52,448.68,230.1,361.45,230.1
360.58,176.11,447.88,176.11,447.88,229.73,360.58,229.73
360.54,175.02,446.84,175.02,446.84,228.02,360.54,228.02
360.71,175.44,446.5,175.44,446.5,228.14,360.71,228.14
360.46,175.31,446.43,175.31,446.43,228.11,360.46,228.11
360.04,174.72,445.26,174.72,445.26,227.06,360.04,227.06
360.49,174.34,445.82,174.34,445.82,226.74,360.49,226.74
359.78,174.12,443.67,174.12,443.67,225.65,359.78,225.65
359.53,174.02,443.55,174.02,443.55,225.62,359.53,225.62
359.77,173.69,444.52,173.69,444.52,225.74,359.77,225.74
359.37,172.78,442.63,172.78,442.63,223.92,359.37,223.92
359.24,173.14,442.24,173.14,442.24,224.11,359.24,224.11
358.75,172.34,441.6,172.34,441.6,223.23,358.75,223.23
358.51,172.67,441.18,172.67,441.18,223.45,358.51,223.45
358.45,171.77,441.38,171.77,441.38,222.7,358.45,222.7
357.6,171.55,440.54,171.55,440.54,222.49,357.6,222.49
357.86,171.41,439.56,171.41,439.56,221.59,357.86,221.59
358.17,171.44,440.25,171.44,440.25,221.86,358.17,221.86
357.42,171.12,439.06,171.12,439.06,221.25,357.42,221.25
357.39,171,438.2,171,438.2,220.63,357.39,220.63
356.63,170.66,436.45,170.66,436.45,219.68,356.63,219.68
356.98,170.46,437.17,170.46,437.17,219.71,356.98,219.71
355.46,169.92,434.31,169.92,434.31,218.35,355.46,218.35
355.67,169.37,434.72,169.37,434.72,217.91,355.67,217.91
355.87,169.55,434.65,169.55,434.65,217.94,355.87,217.94
354.6,169.01,433.03,169.01,433.03,217.18,354.6,217.18
354.96,168.44,432.9,168.44,432.9,216.3,354.96,216.3
353.93,168.36,431.49,168.36,431.49,216,353.93,216
353.36,167.68,430.29,167.68,430.29,214.93,353.36,214.93
352.48,167.49,429.09,167.49,429.09,214.54,352.48,214.54
352.72,167.81,429.18,167.81,429.18,214.77,352.72,214.77
351.7,167.14,427.61,167.14,427.61,213.77,351.7,213.77
351.57,166.96,426.41,166.96,426.41,212.92,351.57,212.92
350.97,166.66,426.36,166.66,426.36,212.96,350.97,212.96
350.37,166.72,426.13,166.72,426.13,213.25,350.37,213.25
349.29,165.91,423.96,165.91,423.96,211.77,349.29,211.77
348.31,165.18,422.97,165.18,422.97,211.04,348.31,211.04
347.65,165,422.69,165,422.69,211.09,347.65,211.09
347.57,164.72,422.86,164.72,422.86,210.97,347.57,210.97
346.22,164.38,421.48,164.38,421.48,210.6,346.22,210.6
346.47,163.79,421.88,163.79,421.88,210.1,346.47,210.1
346.17,163.38,422.12,163.38,422.12,210.03,346.17,210.03
344.12,162.95,419.95,162.95,419.95,209.53,344.12,209.53
344.33,162.45,419.66,162.45,419.66,208.71,344.33,208.71
343.97,162.15,419.33,162.15,419.33,208.43,343.97,208.43
343.25,161.85,418.19,161.85,418.19,207.88,343.25,207.88
342.72,161.94,418.22,161.94,418.22,208.31,342.72,208.31
341.69,161.98,417.46,161.98,417.46,208.52,341.69,208.52
340.66,161.04,416.22,161.04,416.22,207.44,340.66,207.44
340.23,160.98,415.88,160.98,415.88,207.45,340.23,207.45
339.3,160.67,414.82,160.67,414.82,207.05,339.3,207.05
338.95,160.55,414.09,160.55,414.09,206.69,338.95,206.69
337.41,159.83,411.75,159.83,411.75,205.49,337.41,205.49
337.87,159.99,412,159.99,412,205.52,337.87,205.52
335.8,159.09,409.55,159.09,409.55,204.38,335.8,204.38
336.29,158.84,409.92,158.84,409.92,204.06,336.29,204.06
335.28,158.31,409.31,158.31,409.31,203.78,335.28,203.78
334.02,158.13,407.43,158.13,407.43,203.21,334.02,203.21
333.98,157.28,406.6,157.28,406.6,201.88,333.98,201.88
333.83,157.64,406.45,157.64,406.45,202.24,333.83,202.24
332.67,157.27,405.49,157.27,405.49,201.99,332.67,201.99
331.96,156.76,404.94,156.76,404.94,201.58,331.96,201.58
330.89,156.54,403.12,156.54,403.12,200.9,330.89,200.9
330.59,156.36,402.44,156.36,402.44,200.49,330.59,200.49
329.31,155.92,401.37,155.92,401.37,200.18,329.31,200.18
327.78,155.91,400.15,155.91,400.15,200.36,327.78,200.36
327.08,155.15,398.97,155.15,398.97,199.3,327.08,199.3
326.19,155.01,398.21,155.01,398.21,199.25,326.19,199.25
325.8,154.92,397.7,154.92,397.7,199.08,325.8,199.08
324.73,154.72,396.07,154.72,396.07,198.54,324.73,198.54
324.28,154.68,395.22,154.68,395.22,198.25,324.28,198.25
322.78,153.96,393.15,153.96,393.15,197.18,322.78,197.18
321.95,153.61,391.56,153.61,391.56,196.36,321.95,196.36
321.76,153.79,391.15,153.79,391.15,196.41,321.76,196.41
320.95,153.62,389.98,153.62,389.98,196.02,320.95,196.02
320.21,153.6,389.02,153.6,389.02,195.86,320.21,195.86
319.25,153.22,388.01,153.22,388.01,195.45,319.25,195.45
318.41,152.45,386.74,152.45,386.74,194.42,318.41,194.42
317.36,152.35,385.87,152.35,385.87,194.43,317.36,194.43
316.85,151.83,384.55,151.83,384.55,193.4,316.85,193.4
316.29,152.06,384.09,152.06,384.09,193.7,316.29,193.7
315.23,151.46,383.13,151.46,383.13,193.16,315.23,193.16
314.34,150.72,381.95,150.72,381.95,192.25,314.34,192.25
313.74,150.77,381.37,150.77,381.37,192.31,313.74,192.31
313.03,150.89,380.47,150.89,380.47,192.31,313.03,192.31
311.89,149.78,379.11,149.78,379.11,191.07,311.89,191.07
311.72,149.74,378.98,149.74,378.98,191.05,311.72,191.05
310.73,149.28,378.15,149.28,378.15,190.69,310.73,190.69
309.7,148.75,376.9,148.75,376.9,190.02,309.7,190.02
309.18,148.57,376.3,148.57,376.3,189.78,309.18,189.78
308.38,148.59,375.52,148.59,375.52,189.83,308.38,189.83
307.39,148.12,374.76,148.12,374.76,189.5,307.39,189.5
306.47,147.77,373.68,147.77,373.68,189.05,306.47,189.05
306.02,147.55,373.09,147.55,373.09,188.75,306.02,188.75
305.14,147.31,371.84,147.31,371.84,188.28,305.14,188.28
304.61,147.04,370.62,147.04,370.62,187.58,304.61,187.58
303.89,147.01,369.51,147.01,369.51,187.31,303.89,187.31
302.71,146.55,367.81,146.55,367.81,186.53,302.71,186.53
302.11,146.5,366.92,146.5,366.92,186.31,302.11,186.31
302.09,146.33,366.98,146.33,366.98,186.19,302.09,186.19
301.57,146.09,365.89,146.09,365.89,185.58,301.57,185.58
301.08,146.07,365.27,146.07,365.27,185.49,301.08,185.49
300.62,146.07,364.83,146.07,364.83,185.51,300.62,185.51
299.79,146.09,363.97,146.09,363.97,185.52,299.79,185.52
299.48,145.85,363.94,145.85,363.94,185.43,299.48,185.43
298.3,144.96,362.5,144.96,362.5,184.39,298.3,184.39
298.34,145.17,362.65,145.17,362.65,184.66,298.34,184.66
296.63,144.47,360.76,144.47,360.76,183.86,296.63,183.86
296.75,144.41,360.87,144.41,360.87,183.79,296.75,183.79
295.93,144.08,359.74,144.08,359.74,183.27,295.93,183.27
295.41,143.92,359.07,143.92,359.07,183.01,295.41,183.01
294.5,143.44,358.03,143.44,358.03,182.46,294.5,182.46
294.16,143.92,357.36,143.92,357.36,182.74,294.16,182.74
293.44,143.27,355.94,143.27,355.94,181.66,293.44,181.66
292.31,142.84,354.44,142.84,354.44,180.99,292.31,180.99
291.74,142.97,353.54,142.97,353.54,180.92,291.74,180.92
291.1,142.93,352.51,142.93,352.51,180.65,291.1,180.65
290.34,142.39,351.54,142.39,351.54,179.97,290.34,179.97
290.43,142.52,351.81,142.52,351.81,180.22,290.43,180.22
