242.5,313.5,285.5,313.5,285.5,450.5,242.5,450.5
204.01,314.09,246.88,314.09,246.88,450.68,204.01,450.68
147.44,318.32,190.39,318.32,190.39,455.16,147.44,455.16
107.96,316.34,151.6,316.34,151.6,455.38,107.96,455.38
68.687,316.27,112.5,316.27,112.5,455.85,68.687,455.85
70.963,321.04,114.93,321.04,114.93,461.11,70.963,461.11
71.431,325.51,116.03,325.51,116.03,467.62,71.431,467.62
72.774,326.46,118.63,326.46,118.63,472.58,72.774,472.58
75.344,329.05,122.41,329.05,122.41,479.01,75.344,479.01
73.552,320.19,121.9,320.19,121.9,474.22,73.552,474.22
81.849,326.44,128.91,326.44,128.91,476.38,81.849,476.38
84.595,329.31,131.99,329.31,131.99,480.31,84.595,480.31
86.599,318.29,134.51,318.29,134.51,470.93,86.599,470.93
92.354,297.19,139.47,297.19,139.47,447.31,92.354,447.31
92.528,247.1,139.79,247.1,139.79,397.67,92.528,397.67
94.236,217.34,140.93,217.34,140.93,366.12,94.236,366.12
62.031,167.67,110.18,167.67,110.18,321.07,62.031,321.07
95.611,152.18,144.12,152.18,144.12,306.73,95.611,306.73
95.527,129.73,144.62,129.73,144.62,286.14,95.527,286.14
97.286,94.217,146.99,94.217,146.99,252.58,97.286,252.58
97.887,93.571,148.04,93.571,148.04,253.37,97.887,253.37
93.143,94.88,143.28,94.88,143.28,254.61,93.143,254.61
101.05,95.997,151.38,95.997,151.38,256.33,101.05,256.33
99.353,96.281,149.8,96.281,149.8,257.02,99.353,257.02
104.42,95.657,155.54,95.657,155.54,258.52,104.42,258.52
106.19,96.831,157.26,96.831,157.26,259.56,106.19,259.56
114.65,94.741,165.49,94.741,165.49,256.7,114.65,256.7
109.66,103.77,160.8,103.77,160.8,266.72,109.66,266.72
117.79,100.63,169.24,100.63,169.24,264.53,117.79,264.53
124.56,100.62,175.38,100.62,175.38,262.53,124.56,262.53
127.43,102.83,178.03,102.83,178.03,264.03,127.43,264.03
127.77,102.67,178.64,102.67,178.64,264.76,127.77,264.76
126.82,106.15,178.54,106.15,178.54,270.91,126.82,270.91
127.76,103.48,179.36,103.48,179.36,267.87,127.76,267.87
130.3,109.01,181.83,109.01,181.83,273.17,130.3,273.17
124.09,105.46,176.28,105.46,176.28,271.74,124.09,271.74
125.16,104.77,177.54,104.77,177.54,271.63,125.16,271.63
129.41,110.52,182.09,110.52,182.09,278.36,129.41,278.36
147.16,116.57,200.29,116.57,200.29,285.84,147.16,285.84
151.65,115.19,205.4,115.19,205.4,286.44,151.65,286.44
150.58,110,203.66,110,203.66,279.11,150.58,279.11
155.83,113.19,208.77,113.19,208.77,281.88,155.83,281.88
160.06,118.28,213.07,118.28,213.07,287.15,160.06,287.15
160.75,118.82,214.26,118.82,214.26,289.31,160.75,289.31
164.02,119.07,217.81,119.07,217.81,290.46,164.02,290.46
165.61,120.68,219.56,120.68,219.56,292.57,165.61,292.57
168.95,122.6,223.14,122.6,223.14,295.25,168.95,295.25
170.14,123.37,224.68,123.37,224.68,297.15,170.14,297.15
170.69,122.87,225.39,122.87,225.39,297.15,170.69,297.15
171.24,124.21,226.14,124.21,226.14,299.14,171.24,299.14
171.18,124,225.97,124,225.97,298.57,171.18,298.57
183.34,133.58,238.48,133.58,238.48,309.26,183.34,309.26
188.16,135.99,243.7,135.99,243.7,312.93,188.16,312.93
190.98,134.54,247.08,134.54,247.08,313.27,190.98,313.27
195.47,133.57,251.48,133.57,251.48,312.03,195.47,312.03
197.14,131.25,253.39,131.25,253.39,310.46,197.14,310.46
198.98,131.26,255.47,131.26,255.47,311.27,198.98,311.27
202.66,134.36,259.62,134.36,259.62,315.85,202.66,315.85
206.92,136.34,264.39,136.34,264.39,319.43,206.92,319.43
208.63,137.62,266.18,137.62,266.18,320.97,208.63,320.97
210.82,140.36,268.8,140.36,268.8,325.08,210.82,325.08
214.81,142.26,272.88,142.26,272.88,327.26,214.81,327.26
216.6,143.88,274.68,143.88,274.68,328.91,216.6,328.91
218.48,145.25,276.67,145.25,276.67,330.66,218.48,330.66
220.92,149.06,279.45,149.06,279.45,335.54,220.92,335.54
227.75,154.29,286.59,154.29,286.59,341.77,227.75,341.77
230,154.9,289.36,154.9,289.36,344.02,230,344.02
233.27,155.3,292.68,155.3,292.68,344.57,233.27,344.57
236.84,155.33,296.72,155.33,296.72,346.14,236.84,346.14
239.53,154.71,299.68,154.71,299.68,346.35,239.53,346.35
242.55,156.97,303.03,156.97,303.03,349.64,242.55,349.64
245.87,161.37,306.34,161.37,306.34,354.01,245.87,354.01
247.99,163.68,308.39,163.68,308.39,356.13,247.99,356.13
250.39,167.22,310.77,167.22,310.77,359.59,250.39,359.59
252.82,167.03,313.37,167.03,313.37,359.94,252.82,359.94
256.32,170.85,317.24,170.85,317.24,364.94,256.32,364.94
259.09,170.69,319.91,170.69,319.91,364.45,259.09,364.45
260.72,173.79,321.56,173.79,321.56,367.63,260.72,367.63
263.92,176.88,325.06,176.88,325.06,371.68,263.92,371.68
268.8,183.23,330.04,183.23,330.04,378.33,268.8,378.33
269.47,180.97,330.77,180.97,330.77,376.27,269.47,376.27
273.1,181.76,334.24,181.76,334.24,376.54,273.1,376.54
279.16,184.44,340.43,184.44,340.43,379.67,279.16,379.67
281.73,182.87,343.43,182.87,343.43,379.43,281.73,379.43
284.61,185.84,346.35,185.84,346.35,382.55,284.61,382.55
285.43,186.23,347.57,186.23,347.57,384.23,285.43,384.23
290.66,193.67,353.06,193.67,353.06,392.48,290.66,392.48
291.71,195.52,354.13,195.52,354.13,394.39,291.71,394.39
293.32,198.86,355.7,198.86,355.7,397.61,293.32,397.61
295.22,200.95,357.92,200.95,357.92,400.71,295.22,400.71
296.91,203.61,359.79,203.61,359.79,403.93,296.91,403.93
297.27,205.28,360.67,205.28,360.67,407.29,297.27,407.29
295.1,212.96,358.63,212.96,358.63,415.35,295.1,415.35
268.61,214.6,332.78,214.6,332.78,419.05,268.61,419.05
230.46,216.09,294.93,216.09,294.93,421.49,230.46,421.49
194,218.26,258.99,218.26,258.99,425.34,194,425.34
160.32,218.88,225.54,218.88,225.54,426.69,160.32,426.69
127.71,220.88,193.11,220.88,193.11,429.23,127.71,429.23
133.32,224.38,198.77,224.38,198.77,432.94,133.32,432.94
136.58,226.79,201.68,226.79,201.68,434.2,136.58,434.2
140.95,231.49,205.49,231.49,205.49,437.11,140.95,437.11
144.63,237.31,208.76,237.31,208.76,441.65,144.63,441.65
148.44,239.54,213.41,239.54,213.41,446.54,148.44,446.54
151.34,241.14,216.28,241.14,216.28,448.03,151.34,448.03
153.78,241.18,218.81,241.18,218.81,448.36,153.78,448.36
158.63,244.6,223.52,244.6,223.52,451.35,158.63,451.35
163.69,250.36,229.02,250.36,229.02,458.51,163.69,458.51
170.41,255.24,235.61,255.24,235.61,462.98,170.41,462.98
172.67,256.56,238.51,256.56,238.51,466.32,172.67,466.32
179.06,259.22,245.33,259.22,245.33,470.33,179.06,470.33
183.65,259.84,251.14,259.84,251.14,474.86,183.65,474.86
188.51,258.6,256.52,258.6,256.52,475.3,188.51,475.3
193.29,259.61,261.23,259.61,261.23,476.06,193.29,476.06
198.41,265.01,266.17,265.01,266.17,480.9,198.41,480.9
204.44,270.33,271.94,270.33,271.94,485.4,204.44,485.4
208.75,274.03,276.14,274.03,276.14,488.74,208.75,488.74
212.52,276.14,280.98,276.14,280.98,494.27,212.52,494.27
218.4,277.93,287.21,277.93,287.21,497.15,218.4,497.15
227.24,277.97,296.01,277.97,296.01,497.07,227.24,497.07
234.31,280.78,302.76,280.78,302.76,498.85,234.31,498.85
238.22,283.98,306.19,283.98,306.19,500.54,238.22,500.54
250.35,293.93,319.16,293.93,319.16,513.19,250.35,513.19
256.64,294.31,326.57,294.31,326.57,517.12,256.64,517.12
264.34,295.11,335.34,295.11,335.34,521.3,264.34,521.3
267.53,293.66,338.8,293.66,338.8,520.75,267.53,520.75
271.39,293.15,342.9,293.15,342.9,520.97,271.39,520.97
