66.5,132.5,85.5,132.5,85.5,166.5,66.5,166.5
66.627,132.14,85.588,132.14,85.588,166.07,66.627,166.07
67.176,132.08,86.326,132.08,86.326,166.35,67.176,166.35
68.602,132.03,87.44,132.03,87.44,165.74,68.602,165.74
69.212,132.7,87.821,132.7,87.821,166,69.212,166
71.132,132.9,89.93,132.9,89.93,166.54,71.132,166.54
70.645,133.02,89.262,133.02,89.262,166.33,70.645,166.33
71.063,133,90.118,133,90.118,167.1,71.063,167.1
73.617,132.99,93.195,132.99,93.195,168.03,73.617,168.03
75.778,132.61,95.544,132.61,95.544,167.98,75.778,167.98
76.223,132.23,96.088,132.23,96.088,167.78,76.223,167.78
76.35,133.71,95.929,133.71,95.929,168.74,76.35,168.74
78.022,133.21,97.733,133.21,97.733,168.48,78.022,168.48
79.585,132.99,99.726,132.99,99.726,169.03,79.585,169.03
80.731,133.61,101.15,133.61,101.15,170.15,80.731,170.15
82.238,133.66,103.09,133.66,103.09,170.97,82.238,170.97
83.274,132.62,104.19,132.62,104.19,170.05,83.274,170.05
85.713,133.99,106.51,133.99,106.51,171.2,85.713,171.2
87.706,134.22,108.51,134.22,108.51,171.44,87.706,171.44
88.837,133.46,109.91,133.46,109.91,171.17,88.837,171.17
91.661,134.14,112.59,134.14,112.59,171.59,91.661,171.59
95.184,134.39,115.8,134.39,115.8,171.29,95.184,171.29
96.512,136.02,116.74,136.02,116.74,172.22,96.512,172.22
97.352,135.44,117.9,135.44,117.9,172.2,97.352,172.2
98.569,135.45,119.4,135.45,119.4,172.72,98.569,172.72
100.34,135.45,121.47,135.45,121.47,173.27,100.34,173.27
99.909,135.68,120.64,135.68,120.64,172.77,99.909,172.77
100.99,135.96,121.91,135.96,121.91,173.4,100.99,173.4
100.06,135.74,120.82,135.74,120.82,172.88,100.06,172.88
100.12,136.15,121.11,136.15,121.11,173.71,100.12,173.71
99.04,136.46,120.08,136.46,120.08,174.1,99.04,174.1
98.933,136.44,119.72,136.44,119.72,173.64,98.933,173.64
98.748,134.89,119.71,134.89,119.71,172.4,98.748,172.4
112.52,137.22,133.31,137.22,133.31,174.42,112.52,174.42
113.33,137.59,134.05,137.59,134.05,174.66,113.33,174.66
114.59,140.98,135.37,140.98,135.37,178.17,114.59,178.17
114.96,139.83,135.62,139.83,135.62,176.79,114.96,176.79
114.9,139.48,135.92,139.48,135.92,177.11,114.9,177.11
117.63,138.95,138.64,138.95,138.64,176.54,117.63,176.54
119.11,139.3,140.08,139.3,140.08,176.82,119.11,176.82
120.27,140.1,141.4,140.1,141.4,177.92,120.27,177.92
121.19,140.67,142.55,140.67,142.55,178.91,121.19,178.91
123.31,139.51,144.58,139.51,144.58,177.56,123.31,177.56
126.33,139.74,147.52,139.74,147.52,177.65,126.33,177.65
129.33,140.43,150.32,140.43,150.32,177.99,129.33,177.99
131.39,140.07,152.2,140.07,152.2,177.31,131.39,177.31
133.64,140.81,154.26,140.81,154.26,177.7,133.64,177.7
135.55,140.96,156.19,140.96,156.19,177.88,135.55,177.88
136.74,140.74,157.48,140.74,157.48,177.85,136.74,177.85
138.7,141.12,159.35,141.12,159.35,178.09,138.7,178.09
140.38,141.41,160.9,141.41,160.9,178.13,140.38,178.13
142.57,141.79,163,141.79,163,178.35,142.57,178.35
143.65,142.16,164.17,142.16,164.17,178.87,143.65,178.87
145.29,141.1,165.83,141.1,165.83,177.85,145.29,177.85
147.13,141.2,167.42,141.2,167.42,177.51,147.13,177.51
150.34,142.78,170.52,142.78,170.52,178.9,150.34,178.9
151.93,142.91,172.05,142.91,172.05,178.91,151.93,178.91
152.51,142.64,172.6,142.64,172.6,178.59,152.51,178.59
152.62,142.57,172.74,142.57,172.74,178.57,152.62,178.57
153.2,142.76,173.35,142.76,173.35,178.81,153.2,178.81
153.36,142.92,173.74,142.92,173.74,179.4,153.36,179.4
154.06,143.16,174.72,143.16,174.72,180.13,154.06,180.13
154.25,143.23,174.97,143.23,174.97,180.32,154.25,180.32
155.58,143.97,176.28,143.97,176.28,181.02,155.58,181.02
156.28,144.44,176.88,144.44,176.88,181.3,156.28,181.3
157.06,144.49,177.78,144.49,177.78,181.57,157.06,181.57
156.7,142.73,177.45,142.73,177.45,179.86,156.7,179.86
156.98,142.27,177.7,142.27,177.7,179.36,156.98,179.36
159.16,143,179.84,143,179.84,180,159.16,180
159.69,142.44,180.17,142.44,180.17,179.08,159.69,179.08
163.11,142.72,183.39,142.72,183.39,179.01,163.11,179.01
166.54,144.16,186.82,144.16,186.82,180.45,166.54,180.45
166.04,144.22,186.21,144.22,186.21,180.32,166.04,180.32
167.87,144.44,188.11,144.44,188.11,180.66,167.87,180.66
169.2,143.54,189.63,143.54,189.63,180.1,169.2,180.1
171.27,144.68,191.89,144.68,191.89,181.57,171.27,181.57
173.31,144.94,194,144.94,194,181.96,173.31,181.96
174.44,143.94,195.24,143.94,195.24,181.16,174.44,181.16
176.12,144.76,196.88,144.76,196.88,181.9,176.12,181.9
177.47,144.76,198.27,144.76,198.27,181.98,177.47,181.98
178.28,144.77,199.05,144.77,199.05,181.94,178.28,181.94
179.96,145.7,200.79,145.7,200.79,182.97,179.96,182.97
181.3,146.94,202.13,146.94,202.13,184.21,181.3,184.21
183.09,145.98,204.01,145.98,204.01,183.42,183.09,183.42
183.78,145.69,204.77,145.69,204.77,183.24,183.78,183.24
184.08,145.31,205.06,145.31,205.06,182.84,184.08,182.84
185.83,146.57,206.79,146.57,206.79,184.06,185.83,184.06
186.4,146.96,207.31,146.96,207.31,184.37,186.4,184.37
186.77,145.43,207.58,145.43,207.58,182.67,186.77,182.67
188.21,146.66,209.01,146.66,209.01,183.88,188.21,183.88
189.56,147.2,210.3,147.2,210.3,184.31,189.56,184.31
191.39,147.89,212.29,147.89,212.29,185.29,191.39,185.29
190.91,146.87,211.9,146.87,211.9,184.42,190.91,184.42
191.35,146.83,212.39,146.83,212.39,184.48,191.35,184.48
191.34,146.46,212.32,146.46,212.32,183.99,191.34,183.99
190.49,146.91,211.18,146.91,211.18,183.93,190.49,183.93
191.45,146.89,212.15,146.89,212.15,183.93,191.45,183.93
192.46,134.94,213.09,134.94,213.09,171.85,192.46,171.85
191.36,146.83,211.99,146.83,211.99,183.75,191.36,183.75
196.37,150.71,217.13,150.71,217.13,187.86,196.37,187.86
196.99,149.91,217.89,149.91,217.89,187.3,196.99,187.3
197.35,148.94,218.17,148.94,218.17,186.21,197.35,186.21
196.57,148.61,217.26,148.61,217.26,185.63,196.57,185.63
197.66,150.31,218.32,150.31,218.32,187.27,197.66,187.27
198.42,152.02,219.26,152.02,219.26,189.32,198.42,189.32
198.81,149.52,219.72,149.52,219.72,186.94,198.81,186.94
205.68,152.65,226.86,152.65,226.86,190.55,205.68,190.55
205.38,149.98,226.62,149.98,226.62,187.98,205.38,187.98
207,151.45,228.02,151.45,228.02,189.07,207,189.07
209.29,153.39,230.48,153.39,230.48,191.31,209.29,191.31
209.78,152.82,230.98,152.82,230.98,190.74,209.78,190.74
211.13,152.79,232.37,152.79,232.37,190.8,211.13,190.8
213.39,153.29,234.62,153.29,234.62,191.27,213.39,191.27
214.85,153.82,235.98,153.82,235.98,191.63,214.85,191.63
215.4,151.98,236.35,151.98,236.35,189.47,215.4,189.47
217.63,154.58,238.79,154.58,238.79,192.44,217.63,192.44
216.77,154.1,237.9,154.1,237.9,191.9,216.77,191.9
218.02,154.27,239.15,154.27,239.15,192.07,218.02,192.07
219.66,153.41,240.76,153.41,240.76,191.18,219.66,191.18
222.92,155.74,244.18,155.74,244.18,193.8,222.92,193.8
224.18,155.15,245.44,155.15,245.44,193.19,224.18,193.19
226.3,155.75,247.61,155.75,247.61,193.88,226.3,193.88
227.39,155.95,248.9,155.95,248.9,194.44,227.39,194.44
227.94,156,249.39,156,249.39,194.38,227.94,194.38
230.09,158.08,251.78,158.08,251.78,196.9,230.09,196.9
230.74,156.57,252.5,156.57,252.5,195.51,230.74,195.51
232.85,159.46,254.68,159.46,254.68,198.52,232.85,198.52
234.38,157.71,256.1,157.71,256.1,196.58,234.38,196.58
234.43,159.99,256.29,159.99,256.29,199.12,234.43,199.12
234.36,158.15,256.19,158.15,256.19,197.22,234.36,197.22
234.11,157.77,255.78,157.77,255.78,196.55,234.11,196.55
237.73,160.19,259.58,160.19,259.58,199.3,237.73,199.3
237.92,159.55,259.86,159.55,259.86,198.82,237.92,198.82
239.34,158.99,261.21,158.99,261.21,198.12,239.34,198.12
242.45,160.56,264.35,160.56,264.35,199.75,242.45,199.75
245.87,160.69,267.75,160.69,267.75,199.83,245.87,199.83
247.64,160.02,269.52,160.02,269.52,199.17,247.64,199.17
248.77,160.29,270.63,160.29,270.63,199.43,248.77,199.43
249.6,161.01,271.53,161.01,271.53,200.26,249.6,200.26
250.91,160.86,272.78,160.86,272.78,200.01,250.91,200.01
252.25,161.73,274.13,161.73,274.13,200.87,252.25,200.87
254.2,161.86,276.2,161.86,276.2,201.23,254.2,201.23
256.02,162.01,278.09,162.01,278.09,201.51,256.02,201.51
258.3,161.41,280.34,161.41,280.34,200.85,258.3,200.85
261.03,162.55,283.05,162.55,283.05,201.96,261.03,201.96
262.07,161.99,283.93,161.99,283.93,201.13,262.07,201.13
262.78,162.36,284.46,162.36,284.46,201.16,262.78,201.16
264.65,163.77,286.6,163.77,286.6,203.06,264.65,203.06
264.29,163.76,286.36,163.76,286.36,203.27,264.29,203.27
265.36,163.05,287.52,163.05,287.52,202.71,265.36,202.71
265.78,162.98,287.96,162.98,287.96,202.66,265.78,202.66
268.04,165.3,290.25,165.3,290.25,205.04,268.04,205.04
271.46,164.6,293.77,164.6,293.77,204.52,271.46,204.52
274,164.18,296.02,164.18,296.02,203.59,274,203.59
275.2,165.19,297.1,165.19,297.1,204.37,275.2,204.37
278.94,166.75,300.74,166.75,300.74,205.76,278.94,205.76
280.23,167.18,302.01,167.18,302.01,206.15,280.23,206.15
281.31,168.3,302.9,168.3,302.9,206.95,281.31,206.95
280.78,166.89,302.28,166.89,302.28,205.37,280.78,205.37
281.4,169.83,302.93,169.83,302.93,208.36,281.4,208.36
282.94,167.92,304.39,167.92,304.39,206.3,282.94,206.3
285.71,170.1,307.12,170.1,307.12,208.42,285.71,208.42
289.52,170.82,310.93,170.82,310.93,209.14,289.52,209.14
286.79,167.59,307.92,167.59,307.92,205.41,286.79,205.41
286.23,170.97,307.44,170.97,307.44,208.92,286.23,208.92
296.51,158.38,317.78,158.38,317.78,196.46,296.51,196.46
309.69,170.63,330.85,170.63,330.85,208.5,309.69,208.5
311.96,172.48,333.16,172.48,333.16,210.41,311.96,210.41
312.66,172.46,333.86,172.46,333.86,210.4,312.66,210.4
313.52,176.95,334.85,176.95,334.85,215.11,313.52,215.11
322.92,176.14,344.43,176.14,344.43,214.64,322.92,214.64
323.05,175.12,344.69,175.12,344.69,213.84,323.05,213.84
325.7,175.03,347.38,175.03,347.38,213.84,325.7,213.84
326.19,174.65,347.81,174.65,347.81,213.35,326.19,213.35
327.09,174.61,348.58,174.61,348.58,213.07,327.09,213.07
327.98,176.31,349.55,176.31,349.55,214.9,327.98,214.9
330.07,174.05,351.53,174.05,351.53,212.45,330.07,212.45
334.95,179.15,356.7,179.15,356.7,218.07,334.95,218.07
338.55,180.04,360.43,180.04,360.43,219.19,338.55,219.19
337.1,179.06,359.14,179.06,359.14,218.5,337.1,218.5
339.12,179.13,361.43,179.13,361.43,219.05,339.12,219.05
340.62,178.2,363.11,178.2,363.11,218.43,340.62,218.43
344.7,181.47,367.39,181.47,367.39,222.08,344.7,222.08
343.69,181.27,366.61,181.27,366.61,222.28,343.69,222.28
344.74,179.33,367.79,179.33,367.79,220.57,344.74,220.57
345.66,180.65,368.87,180.65,368.87,222.19,345.66,222.19
351.72,177.1,374.91,177.1,374.91,218.6,351.72,218.6
351.15,176.48,374.21,176.48,374.21,217.75,351.15,217.75
361.33,183.97,384.35,183.97,384.35,225.16,361.33,225.16
363.8,183.7,386.71,183.7,386.71,224.7,363.8,224.7
365.67,183.34,388.61,183.34,388.61,224.4,365.67,224.4
368.62,182.7,391.75,182.7,391.75,224.09,368.62,224.09
370.02,184.03,393.05,184.03,393.05,225.23,370.02,225.23
371.12,184.54,394.2,184.54,394.2,225.84,371.12,225.84
371.77,183.27,394.67,183.27,394.67,224.25,371.77,224.25
374.3,186.5,397.32,186.5,397.32,227.7,374.3,227.7
376.1,187.6,399.28,187.6,399.28,229.08,376.1,229.08
376.71,186.65,399.96,186.65,399.96,228.26,376.71,228.26
382.79,186.33,406.05,186.33,406.05,227.95,382.79,227.95
384.65,186.39,407.94,186.39,407.94,228.06,384.65,228.06
385.98,187.49,409.33,187.49,409.33,229.28,385.98,229.28
387.83,189.1,411.18,189.1,411.18,230.88,387.83,230.88
389.04,190.04,412.75,190.04,412.75,232.45,389.04,232.45
390.61,189.97,414.35,189.97,414.35,232.46,390.61,232.46
396.97,189.88,420.58,189.88,420.58,232.12,396.97,232.12
399.71,191.6,423.42,191.6,423.42,234.03,399.71,234.03
402.1,191.9,425.98,191.9,425.98,234.64,402.1,234.64
403.17,191.39,427.04,191.39,427.04,234.12,403.17,234.12
404.65,193.08,428.4,193.08,428.4,235.58,404.65,235.58
409.78,193.36,433.52,193.36,433.52,235.84,409.78,235.84
414.29,195.8,438.16,195.8,438.16,238.51,414.29,238.51
412.75,195.22,436.69,195.22,436.69,238.06,412.75,238.06
419.45,195.99,443.4,195.99,443.4,238.84,419.45,238.84
421.21,194.42,445.03,194.42,445.03,237.04,421.21,237.04
424.62,196.03,448.48,196.03,448.48,238.74,424.62,238.74
426.91,196.02,450.96,196.02,450.96,239.07,426.91,239.07
430.03,196.53,454.08,196.53,454.08,239.56,430.03,239.56
433.45,196.56,457.41,196.56,457.41,239.44,433.45,239.44
435.3,199.49,459.14,199.49,459.14,242.13,435.3,242.13
440.57,198.47,464.34,198.47,464.34,241,440.57,241
442.57,198.74,466.15,198.74,466.15,240.94,442.57,240.94
442.49,199.07,466.03,199.07,466.03,241.19,442.49,241.19
443.1,198.15,466.54,198.15,466.54,240.1,443.1,240.1
446.63,201.38,470.06,201.38,470.06,243.31,446.63,243.31
449.75,201.83,473.07,201.83,473.07,243.56,449.75,243.56
454.15,202.93,477.51,202.93,477.51,244.73,454.15,244.73
457.5,203.89,480.81,203.89,480.81,245.6,457.5,245.6
460.46,203.6,483.69,203.6,483.69,245.16,460.46,245.16
462.69,203.84,485.96,203.84,485.96,245.48,462.69,245.48
466.96,204.77,490.27,204.77,490.27,246.47,466.96,246.47
469.4,204.44,492.68,204.44,492.68,246.1,469.4,246.1
471.97,207.74,495.2,207.74,495.2,249.3,471.97,249.3
474.72,204.66,497.96,204.66,497.96,246.25,474.72,246.25
477.4,205.62,500.54,205.62,500.54,247.03,477.4,247.03
486.47,209.38,509.6,209.38,509.6,250.77,486.47,250.77
488.77,210.13,512.01,210.13,512.01,251.72,488.77,251.72
489.18,209.38,512.6,209.38,512.6,251.29,489.18,251.29
490.6,209.54,514.26,209.54,514.26,251.89,490.6,251.89
493.95,213.41,517.64,213.41,517.64,255.8,493.95,255.8
512.28,214.26,536.11,214.26,536.11,256.9,512.28,256.9
501.6,211.33,525.44,211.33,525.44,253.98,501.6,253.98
519.45,212.85,543.24,212.85,543.24,255.42,519.45,255.42
519.98,216.76,543.74,216.76,543.74,259.29,519.98,259.29
523.62,214.56,547.31,214.56,547.31,256.94,523.62,256.94
533.45,217.31,557.18,217.31,557.18,259.78,533.45,259.78
534.3,217.7,557.98,217.7,557.98,260.08,534.3,260.08
535.66,218.97,559.4,218.97,559.4,261.45,535.66,261.45
537.63,218.44,561.39,218.44,561.39,260.95,537.63,260.95
539.39,218.69,563.27,218.69,563.27,261.42,539.39,261.42
540.57,218.09,564.52,218.09,564.52,260.95,540.57,260.95
541.65,218.09,565.65,218.09,565.65,261.05,541.65,261.05
543.96,219.56,568.06,219.56,568.06,262.68,543.96,262.68
546.17,220.92,570.26,220.92,570.26,264.02,546.17,264.02
549.24,220.21,573.2,220.21,573.2,263.09,549.24,263.09
554.33,222.97,578.39,222.97,578.39,266.04,554.33,266.04
559.23,224.18,583.31,224.18,583.31,267.27,559.23,267.27
562.66,224.33,586.74,224.33,586.74,267.41,562.66,267.41
566.67,223.3,590.74,223.3,590.74,266.37,566.67,266.37
569.19,223.17,593.27,223.17,593.27,266.27,569.19,266.27
572.62,224.93,596.86,224.93,596.86,268.32,572.62,268.32
575.75,225.41,599.83,225.41,599.83,268.51,575.75,268.51
580.89,226.65,605.12,226.65,605.12,270.01,580.89,270.01
583.28,226.34,607.41,226.34,607.41,269.53,583.28,269.53
588.4,228.8,612.62,228.8,612.62,272.14,588.4,272.14
593.61,228.36,618.03,228.36,618.03,272.05,593.61,272.05
