88.5,147.5,143.5,147.5,143.5,193.5,88.5,193.5
88.837,147.51,143.83,147.51,143.83,193.5,88.837,193.5
88.984,147.42,144.3,147.42,144.3,193.68,88.984,193.68
89.304,147.35,145.02,147.35,145.02,193.95,89.304,193.95
89.804,147.84,145.25,147.84,145.25,194.21,89.804,194.21
90.744,147.83,146.42,147.83,146.42,194.4,90.744,194.4
90.566,147.29,146.53,147.29,146.53,194.1,90.566,194.1
91.403,147.45,147.73,147.45,147.73,194.57,91.403,194.57
91.362,147.3,147.67,147.3,147.67,194.4,91.362,194.4
91.944,147.87,148.52,147.87,148.52,195.19,91.944,195.19
92.685,148.14,149.46,148.14,149.46,195.63,92.685,195.63
92.407,147.87,148.67,147.87,148.67,194.92,92.407,194.92
92.589,147.46,149.04,147.46,149.04,194.68,92.589,194.68
93.614,148.09,150.64,148.09,150.64,195.78,93.614,195.78
93.515,148.48,151.31,148.48,151.31,196.82,93.515,196.82
92.733,148.3,150.68,148.3,150.68,196.76,92.733,196.76
93.092,148.3,151.06,148.3,151.06,196.79,93.092,196.79
93.162,148.04,151.03,148.04,151.03,196.44,93.162,196.44
92.623,147.58,150.67,147.58,150.67,196.12,92.623,196.12
92.741,148.01,151.37,148.01,151.37,197.05,92.741,197.05
92.576,148.36,151.23,148.36,151.23,197.41,92.576,197.41
92.286,148.45,151.7,148.45,151.7,198.14,92.286,198.14
91.234,147.79,150.51,147.79,150.51,197.36,91.234,197.36
90.726,147.38,150.61,147.38,150.61,197.46,90.726,197.46
90.841,147.33,150.47,147.33,150.47,197.21,90.841,197.21
90.626,148.54,150.69,148.54,150.69,198.77,90.626,198.77
90.646,148.61,150.82,148.61,150.82,198.94,90.646,198.94
89.962,148.82,150.57,148.82,150.57,199.51,89.962,199.51
89.814,148.65,150.04,148.65,150.04,199.03,89.814,199.03
88.796,148.04,149.25,148.04,149.25,198.6,88.796,198.6
88.745,148.03,149.46,148.03,149.46,198.81,88.745,198.81
88.578,148.28,150.09,148.28,150.09,199.73,88.578,199.73
88.263,148.67,150.21,148.67,150.21,200.48,88.263,200.48
86.953,148.57,149.28,148.57,149.28,200.69,86.953,200.69
86.332,148.62,148.42,148.62,148.42,200.55,86.332,200.55
86.984,148.16,149.83,148.16,149.83,200.73,86.984,200.73
86.258,147.83,149.21,147.83,149.21,200.48,86.258,200.48
86.171,147.82,149.29,147.82,149.29,200.61,86.171,200.61
86.624,148.83,149.99,148.83,149.99,201.83,86.624,201.83
85.358,148.76,148.97,148.76,148.97,201.96,85.358,201.96
84.691,148.73,148.77,148.73,148.77,202.32,84.691,202.32
84.309,148.16,149.16,148.16,149.16,202.4,84.309,202.4
84.865,148.08,150.1,148.08,150.1,202.64,84.865,202.64
85.922,148.23,150.98,148.23,150.98,202.64,85.922,202.64
87.463,148.04,151.17,148.04,151.17,201.32,87.463,201.32
87.826,148.52,151.64,148.52,151.64,201.89,87.826,201.89
86.373,148.41,150.53,148.41,150.53,202.07,86.373,202.07
86.396,148.18,150.43,148.18,150.43,201.73,86.396,201.73
85.306,148.22,149.15,148.22,149.15,201.62,85.306,201.62
85.502,148.07,149.29,148.07,149.29,201.42,85.502,201.42
86.109,148.58,150.41,148.58,150.41,202.36,86.109,202.36
86.579,148.87,150.82,148.87,150.82,202.6,86.579,202.6
87.304,148.34,151.89,148.34,151.89,202.35,87.304,202.35
84.402,148.31,148.9,148.31,148.9,202.26,84.402,202.26
86.001,148.25,149.91,148.25,149.91,201.7,86.001,201.7
87.468,148.67,150.38,148.67,150.38,201.29,87.468,201.29
86.982,148.61,149.17,148.61,149.17,200.62,86.982,200.62
87.133,148.31,149.62,148.31,149.62,200.57,87.133,200.57
87.59,148.04,149.06,148.04,149.06,199.45,87.59,199.45
87.332,147.86,148.68,147.86,148.68,199.16,87.332,199.16
87.621,148.56,148.33,148.56,148.33,199.33,87.621,199.33
87.678,148.7,148.7,148.7,148.7,199.74,87.678,199.74
86.849,148.2,148.72,148.2,148.72,199.94,86.849,199.94
86.133,147.83,148.18,147.83,148.18,199.73,86.133,199.73
86.73,147.92,149.56,147.92,149.56,200.47,86.73,200.47
86.73,149.11,148.47,149.11,148.47,200.75,86.73,200.75
86.194,148.95,148.7,148.95,148.7,201.23,86.194,201.23
86.518,148.22,148,148.22,148,199.63,86.518,199.63
86.755,147.25,148.06,147.25,148.06,198.52,86.755,198.52
88.399,147.52,148.71,147.52,148.71,197.96,88.399,197.96
88.653,147.89,148.01,147.89,148.01,197.54,88.653,197.54
88.708,148.57,147.92,148.57,147.92,198.09,88.708,198.09
88.485,148.47,147.84,148.47,147.84,198.12,88.485,198.12
87.521,146.91,147.61,146.91,147.61,197.17,87.521,197.17
88.527,147.51,148.2,147.51,148.2,197.42,88.527,197.42
88.64,147.74,148.4,147.74,148.4,197.72,88.64,197.72
88.424,148.15,148.26,148.15,148.26,198.19,88.424,198.19
88.76,148.7,147.58,148.7,147.58,197.9,88.76,197.9
88.584,147.32,147.96,147.32,147.96,196.98,88.584,196.98
88.567,147.1,148.33,147.1,148.33,197.08,88.567,197.08
88.413,147.33,148.17,147.33,148.17,197.31,88.413,197.31
88.922,148.75,147.94,148.75,147.94,198.12,88.922,198.12
89.608,148.71,148.81,148.71,148.81,198.23,89.608,198.23
88.023,147.04,147.9,147.04,147.9,197.11,88.023,197.11
88.423,146.92,147.54,146.92,147.54,196.36,88.423,196.36
88.616,147.05,148.41,147.05,148.41,197.05,88.616,197.05
88.371,147.64,147.76,147.64,147.76,197.31,88.371,197.31
88.411,147.98,148.32,147.98,148.32,198.09,88.411,198.09
88.639,148.37,147.88,148.37,147.88,197.92,88.639,197.92
88.127,147.57,147.38,147.57,147.38,197.13,88.127,197.13
88.131,146.9,147.09,146.9,147.09,196.21,88.131,196.21
88.423,147.51,147.7,147.51,147.7,197.09,88.423,197.09
88.356,147.44,147.05,147.44,147.05,196.53,88.356,196.53
88.863,148.52,146.91,148.52,146.91,197.07,88.863,197.07
89.277,148.71,146.73,148.71,146.73,196.76,89.277,196.76
88.962,147.74,147.1,147.74,147.1,196.36,88.962,196.36
88.933,147.5,146.68,147.5,146.68,195.8,88.933,195.8
88.906,147.42,146.41,147.42,146.41,195.51,88.906,195.51
88.929,147.75,146.22,147.75,146.22,195.67,88.929,195.67
89.321,148.73,146.28,148.73,146.28,196.36,89.321,196.36
89.888,148.83,147.28,148.83,147.28,196.83,89.888,196.83
88.92,147.79,147.11,147.79,147.11,196.46,88.92,196.46
88.494,147.3,146.5,147.3,146.5,195.82,88.494,195.82
88.953,147.69,146.73,147.69,146.73,196.01,88.953,196.01
88.621,147.92,145.74,147.92,145.74,195.69,88.621,195.69
89.134,148.37,147.26,148.37,147.26,196.98,89.134,196.98
89.071,148.8,147.72,148.8,147.72,197.85,89.071,197.85
88.899,148.47,147.41,148.47,147.41,197.41,88.899,197.41
88.716,147.74,147.65,147.74,147.65,197.03,88.716,197.03
88.531,147.34,148.08,147.34,148.08,197.15,88.531,197.15
87.881,147.42,147.82,147.42,147.82,197.56,87.881,197.56
88.398,148.57,147.81,148.57,147.81,198.26,88.398,198.26
88.542,148.58,148.04,148.58,148.04,198.34,88.542,198.34
88.482,148.79,148.41,148.79,148.41,198.91,88.482,198.91
87.886,147.25,147.76,147.25,147.76,197.33,87.886,197.33
88.519,147.33,146.85,147.33,146.85,196.12,88.519,196.12
88.397,147.22,146.61,147.22,146.61,195.91,88.397,195.91
88.961,147.9,146.52,147.9,146.52,196.04,88.961,196.04
88.765,148.88,146.83,148.88,146.83,197.44,88.765,197.44
88.916,148.59,147.76,148.59,147.76,197.81,88.916,197.81
88.187,147.55,147.1,147.55,147.1,196.83,88.187,196.83
87.934,146.77,146.92,146.77,146.92,196.1,87.934,196.1
88.195,147.19,147.85,147.19,147.85,197.08,88.195,197.08
88.087,147.63,148.94,147.63,148.94,198.53,88.087,198.53
88.404,148.82,148.14,148.82,148.14,198.78,88.404,198.78
88.968,149.07,147.87,149.07,147.87,198.33,88.968,198.33
88.217,147.29,147.05,147.29,147.05,196.5,88.217,196.5
87.799,146.71,146.71,146.71,146.71,195.98,87.799,195.98
88.299,147.04,146.94,147.04,146.94,196.09,88.299,196.09
88.606,147.49,147.5,147.49,147.5,196.75,88.606,196.75
88.477,148.87,147.19,148.87,147.19,197.97,88.477,197.97
88.662,148.5,147.63,148.5,147.63,197.82,88.662,197.82
88.218,147.05,148.01,147.05,148.01,197.06,88.218,197.06
88.253,146.94,146.98,146.94,146.98,196.06,88.253,196.06
88.087,146.83,146.85,146.83,146.85,195.97,88.087,195.97
88.153,147.27,146.74,147.27,146.74,196.27,88.153,196.27
88.85,148.85,147.9,148.85,147.9,198.25,88.85,198.25
89.041,148.82,148.47,148.82,148.47,198.52,89.041,198.52
88.071,146.97,147.26,146.97,147.26,196.47,88.071,196.47
87.778,146.77,146.9,146.77,146.9,196.22,87.778,196.22
88.31,147.37,147.66,147.37,147.66,197.01,88.31,197.01
88.027,147.39,147.54,147.39,147.54,197.17,88.027,197.17
88.345,149.11,148.6,149.11,148.6,199.5,88.345,199.5
88.173,147.93,147.49,147.93,147.49,197.54,88.173,197.54
87.514,146.85,146.93,146.85,146.93,196.55,87.514,196.55
87.893,146.9,147.24,146.9,147.24,196.54,87.893,196.54
88.039,147.05,147.2,147.05,147.2,196.53,88.039,196.53
88.816,148.96,148.07,148.96,148.07,198.53,88.816,198.53
88.275,148.56,147.79,148.56,147.79,198.34,88.275,198.34
88.333,147.62,148.09,147.62,148.09,197.6,88.333,197.6
88.37,147.29,147.44,147.29,147.44,196.69,88.37,196.69
88.467,147.39,147.66,147.39,147.66,196.9,88.467,196.9
88.007,147.19,147.06,147.19,147.06,196.58,88.007,196.58
88.802,148.35,148.3,148.35,148.3,198.11,88.802,198.11
88.791,148.8,148.47,148.8,148.47,198.72,88.791,198.72
88.461,148.29,148.12,148.29,148.12,198.19,88.461,198.19
88.143,147.21,148.1,147.21,148.1,197.35,88.143,197.35
88.375,147.29,147.16,147.29,147.16,196.46,88.375,196.46
88.315,148.04,147.18,148.04,147.18,197.27,88.315,197.27
88.517,148.39,147.6,148.39,147.6,197.81,88.517,197.81
88.546,147.95,147.76,147.95,147.76,197.47,88.546,197.47
88.248,147.11,147.3,147.11,147.3,196.5,88.248,196.5
88.466,147.27,147.63,147.27,147.63,196.75,88.466,196.75
88.44,147.3,147.79,147.3,147.79,196.94,88.44,196.94
88.156,147.28,147.2,147.28,147.2,196.66,88.156,196.66
88.72,148.78,148.08,148.78,148.08,198.43,88.72,198.43
88.126,148.2,147.54,148.2,147.54,197.89,88.126,197.89
88.104,147.21,147.29,147.21,147.29,196.71,88.104,196.71
88.656,147.23,147.87,147.23,147.87,196.75,88.656,196.75
87.943,146.77,147.15,146.77,147.15,196.29,87.943,196.29
88.158,147.26,147.22,147.26,147.22,196.66,88.158,196.66
88.982,148.76,148.36,148.76,148.36,198.42,88.982,198.42
88.323,148.22,148.04,148.22,148.04,198.16,88.323,198.16
88.373,147.18,147.47,147.18,147.47,196.61,88.373,196.61
88.43,147.22,147.51,147.22,147.51,196.63,88.43,196.63
88.135,147.42,147.39,147.42,147.39,196.98,88.135,196.98
87.849,147.24,147.2,147.24,147.2,196.88,87.849,196.88
88.332,147.92,147.44,147.92,147.44,197.36,88.332,197.36
88.727,148.48,148.2,148.48,148.2,198.22,88.727,198.22
88.534,147.8,148.07,147.8,148.07,197.59,88.534,197.59
88.453,147.57,148.07,147.57,148.07,197.44,88.453,197.44
88.422,147.67,148.06,147.67,148.06,197.55,88.422,197.55
88.606,147.94,148.24,147.94,148.24,197.81,88.606,197.81
88.546,148.64,148.31,148.64,148.31,198.63,88.546,198.63
88.282,148.45,147.42,148.45,147.42,197.91,88.282,197.91
88.303,147.92,147.34,147.92,147.34,197.3,88.303,197.3
88.466,147.62,147.53,147.62,147.53,197.02,88.466,197.02
88.42,147.51,147.7,147.51,147.7,197.09,88.42,197.09
88.211,147.73,147.52,147.73,147.52,197.33,88.211,197.33
88.322,148.31,147.62,148.31,147.62,197.91,88.322,197.91
88.263,148.19,147.77,148.19,147.77,197.96,88.263,197.96
88.204,147.68,147.75,147.68,147.75,197.49,88.204,197.49
88.266,147.58,147.67,147.58,147.67,197.27,88.266,197.27
88.194,147.13,147.49,147.13,147.49,196.72,88.194,196.72
87.882,147.22,147.2,147.22,147.2,196.83,87.882,196.83
88.26,148.26,147.81,148.26,147.81,198.06,88.26,198.06
88.291,148.27,147.65,148.27,147.65,197.92,88.291,197.92
87.997,147.13,147.38,147.13,147.38,196.79,87.997,196.79
88.033,147.11,147.36,147.11,147.36,196.72,88.033,196.72
87.919,147.09,147.16,147.09,147.16,196.64,87.919,196.64
88.295,148.19,147.51,148.19,147.51,197.71,88.295,197.71
88.433,148.6,147.55,148.6,147.55,198.04,88.433,198.04
88.426,147.94,147.72,147.94,147.72,197.54,88.426,197.54
88.126,147.07,147.36,147.07,147.36,196.62,88.126,196.62
87.701,146.96,146.98,146.96,146.98,196.54,87.701,196.54
88.063,147.59,147.32,147.59,147.32,197.15,88.063,197.15
88.298,148.8,147.34,148.8,147.34,198.18,88.298,198.18
88.397,148.56,147.67,148.56,147.67,198.13,88.397,198.13
87.819,147.06,147.27,147.06,147.27,196.78,87.819,196.78
88.365,147.39,147.85,147.39,147.85,197.14,88.365,197.14
88.253,147.37,147.86,147.37,147.86,197.23,88.253,197.23
88.533,148.12,148.45,148.12,148.45,198.23,88.533,198.23
88.349,148.84,147.45,148.84,147.45,198.27,88.349,198.27
88.321,148.17,147.9,148.17,147.9,198,88.321,198
88.404,147.46,148.08,147.46,148.08,197.36,88.404,197.36
88.353,147.46,147.93,147.46,147.93,197.28,88.353,197.28
88.152,147.15,147.61,147.15,147.61,196.87,88.152,196.87
88.234,148.74,147.92,148.74,147.92,198.66,88.234,198.66
88.996,149.32,148,149.32,148,198.67,88.996,198.67
88.59,148.06,147.72,148.06,147.72,197.51,88.59,197.51
88.479,147.38,147.75,147.38,147.75,196.96,88.479,196.96
87.872,147.04,147.21,147.04,147.21,196.67,87.872,196.67
88.121,147.13,147.23,147.13,147.23,196.57,88.121,196.57
88.551,147.97,147.91,147.97,147.91,197.61,88.551,197.61
88.322,148.35,147.71,148.35,147.71,198.02,88.322,198.02
88.429,148.14,147.65,148.14,147.65,197.67,88.429,197.67
88.041,146.85,147.49,146.85,147.49,196.57,88.041,196.57
88.182,147.2,147.84,147.2,147.84,197.1,88.182,197.1
88.315,147.74,147.53,147.74,147.53,197.26,88.315,197.26
88.185,148.49,147.49,148.49,147.49,198.09,88.185,198.09
88.642,148.33,147.6,148.33,147.6,197.64,88.642,197.64
88.549,148.28,147.58,148.28,147.58,197.66,88.549,197.66
88.471,147.53,147.63,147.53,147.63,197.01,88.471,197.01
88.357,147.19,147.78,147.19,147.78,196.89,88.357,196.89
87.629,147.16,147.18,147.16,147.18,196.97,87.629,196.97
