473.5,160.5,488.5,160.5,488.5,186.5,473.5,186.5
473.15,160.48,488.16,160.48,488.16,186.51,473.15,186.51
472.64,160.57,487.64,160.57,487.64,186.58,472.64,186.58
472.39,160.88,487.24,160.88,487.24,186.62,472.39,186.62
471.72,160.96,486.7,160.96,486.7,186.92,471.72,186.92
470.78,160.73,486.04,160.73,486.04,187.17,470.78,187.17
470.42,160.84,485.61,160.84,485.61,187.16,470.42,187.16
469.76,161.33,485.06,161.33,485.06,187.84,469.76,187.84
468.93,160.8,484.42,160.8,484.42,187.67,468.93,187.67
468.66,161.16,484.18,161.16,484.18,188.06,468.66,188.06
468.07,161.52,483.61,161.52,483.61,188.46,468.07,188.46
466.53,161.1,482.15,161.1,482.15,188.17,466.53,188.17
466.4,161.41,481.88,161.41,481.88,188.25,466.4,188.25
465.9,162.07,481.48,162.07,481.48,189.07,465.9,189.07
464.73,161.55,480.19,161.55,480.19,188.35,464.73,188.35
464.44,162.02,480.26,162.02,480.26,189.45,464.44,189.45
464.02,161.91,480.01,161.91,480.01,189.62,464.02,189.62
462.24,161.73,478.15,161.73,478.15,189.29,462.24,189.29
462.08,161.57,478.05,161.57,478.05,189.25,462.08,189.25
461.25,161.61,477.3,161.61,477.3,189.43,461.25,189.43
460.98,162.19,476.98,162.19,476.98,189.91,460.98,189.91
459.67,162.08,476.07,162.08,476.07,190.5,459.67,190.5
459.53,162.29,476.03,162.29,476.03,190.9,459.53,190.9
459.25,162.34,476.3,162.34,476.3,191.89,459.25,191.89
457.49,161.87,474.66,161.87,474.66,191.63,457.49,191.63
457.36,162.77,474.65,162.77,474.65,192.74,457.36,192.74
455.65,162,472.99,162,472.99,192.05,455.65,192.05
455.29,162.29,472.65,162.29,472.65,192.39,455.29,192.39
455.02,162.16,472.45,162.16,472.45,192.37,455.02,192.37
453.93,162.62,471.25,162.62,471.25,192.64,453.93,192.64
454.09,162.63,471.24,162.63,471.24,192.34,454.09,192.34
453.96,163.29,471.26,163.29,471.26,193.26,453.96,193.26
452.17,162.73,469.38,162.73,469.38,192.57,452.17,192.57
452.24,163.35,469.37,163.35,469.37,193.05,452.24,193.05
451.57,163.42,468.84,163.42,468.84,193.34,451.57,193.34
451.01,163.24,468.33,163.24,468.33,193.24,451.01,193.24
450.41,162.71,467.6,162.71,467.6,192.5,450.41,192.5
449.94,163.7,467.21,163.7,467.21,193.62,449.94,193.62
449.74,163.82,467.03,163.82,467.03,193.79,449.74,193.79
448.33,163.94,465.47,163.94,465.47,193.65,448.33,193.65
448.34,164.3,465.6,164.3,465.6,194.23,448.34,194.23
447.77,164.56,465.08,164.56,465.08,194.57,447.77,194.57
446.78,164.16,464.12,164.16,464.12,194.21,446.78,194.21
446.04,164.5,463.36,164.5,463.36,194.52,446.04,194.52
444.79,164.46,462.22,164.46,462.22,194.67,444.79,194.67
444.61,164.43,462.01,164.43,462.01,194.59,444.61,194.59
444.41,164.28,461.87,164.28,461.87,194.53,444.41,194.53
443.71,164.13,461.21,164.13,461.21,194.46,443.71,194.46
443.81,164.56,461.28,164.56,461.28,194.82,443.81,194.82
443.5,164.62,460.97,164.62,460.97,194.91,443.5,194.91
443.13,164.68,460.61,164.68,460.61,194.97,443.13,194.97
442.5,164.89,459.87,164.89,459.87,194.99,442.5,194.99
441.66,164.57,459.09,164.57,459.09,194.77,441.66,194.77
441.28,164.77,458.64,164.77,458.64,194.87,441.28,194.87
440.89,164.88,458.24,164.88,458.24,194.95,440.89,194.95
440.93,164.95,458.12,164.95,458.12,194.73,440.93,194.73
441.03,165.29,458.31,165.29,458.31,195.23,441.03,195.23
440.02,165.27,457.32,165.27,457.32,195.26,440.02,195.26
438.7,165.33,455.93,165.33,455.93,195.21,438.7,195.21
438.55,165.84,456.06,165.84,456.06,196.17,438.55,196.17
437.89,166.1,455.44,166.1,455.44,196.52,437.89,196.52
437.59,166.19,455.11,166.19,455.11,196.56,437.59,196.56
437.21,166.25,454.79,166.25,454.79,196.73,437.21,196.73
436.64,166.5,454.19,166.5,454.19,196.91,436.64,196.91
435.87,166.5,453.77,166.5,453.77,197.53,435.87,197.53
435.2,166.85,453.27,166.85,453.27,198.17,435.2,198.17
433.73,166.25,451.46,166.25,451.46,196.99,433.73,196.99
433.47,166.55,451.31,166.55,451.31,197.48,433.47,197.48
433.38,167.12,451.23,167.12,451.23,198.05,433.38,198.05
432.61,167.18,450.34,167.18,450.34,197.92,432.61,197.92
431.61,166.88,449.29,166.88,449.29,197.53,431.61,197.53
430.95,166.94,448.62,166.94,448.62,197.56,430.95,197.56
430.34,167.34,447.97,167.34,447.97,197.88,430.34,197.88
429.81,167.56,447.66,167.56,447.66,198.5,429.81,198.5
429.39,167.99,447.31,167.99,447.31,199.05,429.39,199.05
428.86,167.91,446.82,167.91,446.82,199.03,428.86,199.03
427.92,168.23,445.81,168.23,445.81,199.24,427.92,199.24
427.75,168.36,445.62,168.36,445.62,199.35,427.75,199.35
427.05,168.46,444.95,168.46,444.95,199.48,427.05,199.48
426.42,168.55,444.22,168.55,444.22,199.4,426.42,199.4
422.21,168.89,439.96,168.89,439.96,199.64,422.21,199.64
420.02,169.22,437.64,169.22,437.64,199.77,420.02,199.77
420.24,169.77,437.76,169.77,437.76,200.13,420.24,200.13
419.93,169.75,437.6,169.75,437.6,200.37,419.93,200.37
418.57,169.87,435.95,169.87,435.95,199.99,418.57,199.99
418.01,170.07,435.22,170.07,435.22,199.89,418.01,199.89
417.89,170.25,435.32,170.25,435.32,200.45,417.89,200.45
416.75,170.09,434.21,170.09,434.21,200.36,416.75,200.36
416.14,170.6,433.64,170.6,433.64,200.92,416.14,200.92
415.58,170.88,433.46,170.88,433.46,201.87,415.58,201.87
414.31,170.69,432.43,170.69,432.43,202.1,414.31,202.1
413.37,170.57,431.71,170.57,431.71,202.35,413.37,202.35
412.98,170.22,431.49,170.22,431.49,202.3,412.98,202.3
412.47,170.5,431.08,170.5,431.08,202.77,412.47,202.77
412.11,170.62,430.83,170.62,430.83,203.08,412.11,203.08
411.03,169.74,429.83,169.74,429.83,202.32,411.03,202.32
410.22,170.18,429.02,170.18,429.02,202.77,410.22,202.77
409.79,170.34,428.58,170.34,428.58,202.91,409.79,202.91
409.29,170.21,427.98,170.21,427.98,202.61,409.29,202.61
409.13,170.52,427.78,170.52,427.78,202.85,409.13,202.85
408.56,170.71,427.74,170.71,427.74,203.95,408.56,203.95
407.59,170.43,426.7,170.43,426.7,203.57,407.59,203.57
407.13,170.34,426.17,170.34,426.17,203.34,407.13,203.34
406.28,170.43,425.62,170.43,425.62,203.95,406.28,203.95
406.17,170.97,425.72,170.97,425.72,204.86,406.17,204.86
405.79,170.7,425.82,170.7,425.82,205.43,405.79,205.43
405.32,170.73,425.46,170.73,425.46,205.65,405.32,205.65
404.69,170.58,424.62,170.58,424.62,205.11,404.69,205.11
404.64,171.18,424.7,171.18,424.7,205.95,404.64,205.95
403.43,171.3,423.32,171.3,423.32,205.78,403.43,205.78
403.24,171.74,423.3,171.74,423.3,206.51,403.24,206.51
402.86,171.75,422.8,171.75,422.8,206.32,402.86,206.32
402.65,171.9,422.51,171.9,422.51,206.34,402.65,206.34
402.15,172.05,421.62,172.05,421.62,205.81,402.15,205.81
401.25,172.33,420.5,172.33,420.5,205.7,401.25,205.7
401.3,173.04,420.41,173.04,420.41,206.17,401.3,206.17
400.4,172.96,419.34,172.96,419.34,205.8,400.4,205.8
400.34,173.57,419.13,173.57,419.13,206.14,400.34,206.14
398.88,173.69,417.43,173.69,417.43,205.84,398.88,205.84
398.89,173.92,417.65,173.92,417.65,206.43,398.89,206.43
397.51,173.84,416.28,173.84,416.28,206.38,397.51,206.38
397.03,174.02,415.73,174.02,415.73,206.44,397.03,206.44
396.31,174.18,414.88,174.18,414.88,206.38,396.31,206.38
395.9,174.76,414.73,174.76,414.73,207.4,395.9,207.4
394.69,174.9,413.25,174.9,413.25,207.07,394.69,207.07
394.38,175.5,413,175.5,413,207.78,394.38,207.78
393.76,175.5,412.87,175.5,412.87,208.63,393.76,208.63
391.65,175.37,410.65,175.37,410.65,208.31,391.65,208.31
391.15,175.74,410.26,175.74,410.26,208.86,391.15,208.86
386.28,175.96,405.28,175.96,405.28,208.89,386.28,208.89
384.28,176.67,403.12,176.67,403.12,209.33,384.28,209.33
383.38,176.64,402.51,176.64,402.51,209.79,383.38,209.79
381.49,176.43,400.76,176.43,400.76,209.81,381.49,209.81
381.26,177.01,400.52,177.01,400.52,210.39,381.26,210.39
380.17,177.04,399.76,177.04,399.76,210.99,380.17,210.99
379.14,177.15,398.99,177.15,398.99,211.56,379.14,211.56
378.5,176.88,398.03,176.88,398.03,210.74,378.5,210.74
377.09,177.28,396.36,177.28,396.36,210.69,377.09,210.69
377.06,177.76,396.48,177.76,396.48,211.43,377.06,211.43
375.02,177.52,394.5,177.52,394.5,211.28,375.02,211.28
374.85,177.48,394.34,177.48,394.34,211.27,374.85,211.27
374.5,177.61,394,177.61,394,211.39,374.5,211.39
373.54,177.88,392.94,177.88,392.94,211.51,373.54,211.51
372.75,177.9,392.11,177.9,392.11,211.45,372.75,211.45
372.01,178.38,391.7,178.38,391.7,212.5,372.01,212.5
371.31,178.27,391.12,178.27,391.12,212.62,371.31,212.62
370.09,177.89,390.04,177.89,390.04,212.47,370.09,212.47
369.64,178.39,389.66,178.39,389.66,213.08,369.64,213.08
368.49,178.35,388.87,178.35,388.87,213.69,368.49,213.69
367.79,178.15,388.51,178.15,388.51,214.06,367.79,214.06
366.87,178.21,387.86,178.21,387.86,214.58,366.87,214.58
366.08,178.32,387.05,178.32,387.05,214.67,366.08,214.67
364.59,178.53,385.48,178.53,385.48,214.74,364.59,214.74
363.86,178.56,384.54,178.56,384.54,214.4,363.86,214.4
363.39,179.2,383.92,179.2,383.92,214.78,363.39,214.78
362.54,179.04,382.92,179.04,382.92,214.36,362.54,214.36
361.28,179.17,382.03,179.17,382.03,215.15,361.28,215.15
360.38,179.22,381.33,179.22,381.33,215.52,360.38,215.52
359.92,179.26,380.95,179.26,380.95,215.71,359.92,215.71
358.96,179.39,379.86,179.39,379.86,215.63,358.96,215.63
352.16,180.8,373.07,180.8,373.07,217.04,352.16,217.04
349.23,181.08,370.24,181.08,370.24,217.5,349.23,217.5
347.54,181.28,369.15,181.28,369.15,218.73,347.54,218.73
346.17,181.25,367.96,181.25,367.96,219.01,346.17,219.01
345.39,181.57,367.35,181.57,367.35,219.64,345.39,219.64
344.14,181.27,366.01,181.27,366.01,219.2,344.14,219.2
342.36,181.77,364.11,181.77,364.11,219.47,342.36,219.47
341.65,182.29,363.76,182.29,363.76,220.62,341.65,220.62
341.16,182.15,363.33,182.15,363.33,220.58,341.16,220.58
338.48,182.05,360.31,182.05,360.31,219.89,338.48,219.89
337.84,182.23,359.74,182.23,359.74,220.18,337.84,220.18
337.18,182.29,358.98,182.29,358.98,220.07,337.18,220.07
336.94,183.14,358.61,183.14,358.61,220.69,336.94,220.69
334.66,183.35,356.46,183.35,356.46,221.15,334.66,221.15
333.68,183.31,355.5,183.31,355.5,221.12,333.68,221.12
332.96,183.33,354.74,183.33,354.74,221.08,332.96,221.08
331.74,184.03,353.32,184.03,353.32,221.43,331.74,221.43
330.33,184.06,351.82,184.06,351.82,221.32,330.33,221.32
329.79,184.21,351.2,184.21,351.2,221.31,329.79,221.31
329.08,184.7,350.7,184.7,350.7,222.18,329.08,222.18
327,184.95,348.76,184.95,348.76,222.65,327,222.65
326.51,185.02,348.38,185.02,348.38,222.94,326.51,222.94
323.86,184.96,345.75,184.96,345.75,222.9,323.86,222.9
323.04,185,345.29,185,345.29,223.57,323.04,223.57
322.15,184.92,344.47,184.92,344.47,223.62,322.15,223.62
321.75,185.36,344.19,185.36,344.19,224.26,321.75,224.26
320.12,185.53,342.84,185.53,342.84,224.9,320.12,224.9
319.26,185.54,342.1,185.54,342.1,225.13,319.26,225.13
318.08,185.33,340.66,185.33,340.66,224.47,318.08,224.47
317.47,185.64,339.81,185.64,339.81,224.35,317.47,224.35
316.22,186.25,338.83,186.25,338.83,225.44,316.22,225.44
315.06,185.87,337.85,185.87,337.85,225.36,315.06,225.36
310.56,186.98,333.87,186.98,333.87,227.38,310.56,227.38
307.22,186.98,330.64,186.98,330.64,227.58,307.22,227.58
306.33,187.6,330.08,187.6,330.08,228.77,306.33,228.77
304.68,187.88,328.5,187.88,328.5,229.16,304.68,229.16
303.93,188.03,327.78,188.03,327.78,229.37,303.93,229.37
303.21,188.27,326.97,188.27,326.97,229.46,303.21,229.46
301.85,188.55,325.38,188.55,325.38,229.34,301.85,229.34
301.01,188.46,324.72,188.46,324.72,229.55,301.01,229.55
299.86,188.23,323.28,188.23,323.28,228.81,299.86,228.81
298.97,189.2,322.37,189.2,322.37,229.76,298.97,229.76
298.31,189.55,321.55,189.55,321.55,229.83,298.31,229.83
297.27,189.42,320.45,189.42,320.45,229.6,297.27,229.6
296.16,189.92,319.59,189.92,319.59,230.55,296.16,230.55
294.46,190.29,317.94,190.29,317.94,230.99,294.46,230.99
293.49,190.25,317.45,190.25,317.45,231.77,293.49,231.77
292.5,189.96,316.4,189.96,316.4,231.39,292.5,231.39
290.79,190.39,314.55,190.39,314.55,231.58,290.79,231.58
290.26,190.92,314.06,190.92,314.06,232.17,290.26,232.17
289.64,191.35,313.42,191.35,313.42,232.57,289.64,232.57
288.87,191.17,312.93,191.17,312.93,232.87,288.87,232.87
286.46,191.15,310.55,191.15,310.55,232.9,286.46,232.9
286.28,191.82,310.37,191.82,310.37,233.57,286.28,233.57
285.45,192.05,309.44,192.05,309.44,233.65,285.45,233.65
283.58,192,307.37,192,307.37,233.23,283.58,233.23
282.56,192.28,306.74,192.28,306.74,234.19,282.56,234.19
282.03,192.35,306.35,192.35,306.35,234.51,282.03,234.51
280.86,192.2,305.05,192.2,305.05,234.13,280.86,234.13
279.72,193.07,303.77,193.07,303.77,234.76,279.72,234.76
278.65,193.06,302.49,193.06,302.49,234.39,278.65,234.39
278.14,193.31,302.25,193.31,302.25,235.08,278.14,235.08
276.55,193.63,300.59,193.63,300.59,235.31,276.55,235.31
275.02,193.45,299.12,193.45,299.12,235.23,275.02,235.23
273.92,194.05,297.91,194.05,297.91,235.63,273.92,235.63
272.8,193.84,296.66,193.84,296.66,235.2,272.8,235.2
272.02,194.26,296.16,194.26,296.16,236.12,272.02,236.12
270.99,194.4,295.31,194.4,295.31,236.55,270.99,236.55
269.11,194.37,293.34,194.37,293.34,236.36,269.11,236.36
268.33,195.06,292.45,195.06,292.45,236.87,268.33,236.87
267.13,194.82,291.63,194.82,291.63,237.29,267.13,237.29
266.2,195.11,290.79,195.11,290.79,237.74,266.2,237.74
265.01,195.06,289.54,195.06,289.54,237.57,265.01,237.57
263.77,195.74,288.48,195.74,288.48,238.56,263.77,238.56
262.34,195.63,287.17,195.63,287.17,238.69,262.34,238.69
261.54,196.12,286.4,196.12,286.4,239.21,261.54,239.21
260.08,196.27,284.89,196.27,284.89,239.28,260.08,239.28
259.01,196.32,284.17,196.32,284.17,239.92,259.01,239.92
258.69,196.23,283.86,196.23,283.86,239.86,258.69,239.86
257.67,196.53,282.42,196.53,282.42,239.44,257.67,239.44
257.06,196.82,281.62,196.82,281.62,239.38,257.06,239.38
256.21,197.23,280.48,197.23,280.48,239.3,256.21,239.3
248.59,199.18,272.64,199.18,272.64,240.87,248.59,240.87
245.36,199.85,269.02,199.85,269.02,240.87,245.36,240.87
244.51,200.79,267.78,200.79,267.78,241.14,244.51,241.14
243.5,201.01,266.86,201.01,266.86,241.5,243.5,241.5
242.04,201.68,265.8,201.68,265.8,242.87,242.04,242.87
240.85,201.72,264.86,201.72,264.86,243.34,240.85,243.34
239.4,201.53,263.57,201.53,263.57,243.43,239.4,243.43
238,201.94,262.27,201.94,262.27,244.02,238,244.02
236.01,202.01,260.17,202.01,260.17,243.89,236.01,243.89
234.92,202.36,259.53,202.36,259.53,245.02,234.92,245.02
233.73,202.03,258.5,202.03,258.5,244.97,233.73,244.97
231.99,202.44,257.26,202.44,257.26,246.24,231.99,246.24
230.21,202.1,255.77,202.1,255.77,246.41,230.21,246.41
229.18,202.71,255.14,202.71,255.14,247.7,229.18,247.7
227.85,202.98,253.89,202.98,253.89,248.12,227.85,248.12
226.02,203.49,251.93,203.49,251.93,248.41,226.02,248.41
225.09,203.93,251.3,203.93,251.3,249.37,225.09,249.37
224,203.84,250.76,203.84,250.76,250.22,224,250.22
221.19,203.98,247.91,203.98,247.91,250.3,221.19,250.3
220.66,204.13,247.35,204.13,247.35,250.38,220.66,250.38
219.69,204.3,246.36,204.3,246.36,250.54,219.69,250.54
217.14,204.63,243.75,204.63,243.75,250.76,217.14,250.76
216.2,204.67,243.4,204.67,243.4,251.82,216.2,251.82
215.54,204.89,242.82,204.89,242.82,252.18,215.54,252.18
213.65,205.03,240.87,205.03,240.87,252.21,213.65,252.21
212.9,205.48,239.83,205.48,239.83,252.15,212.9,252.15
211.1,205.91,237.65,205.91,237.65,251.94,211.1,251.94
209.87,206.2,236.36,206.2,236.36,252.11,209.87,252.11
208.41,207.29,234.52,207.29,234.52,252.54,208.41,252.54
207.09,207.42,232.98,207.42,232.98,252.3,207.09,252.3
205.9,208.15,232.12,208.15,232.12,253.59,205.9,253.59
204.33,208.25,231.1,208.25,231.1,254.64,204.33,254.64
201.21,208.46,227.91,208.46,227.91,254.75,201.21,254.75
201.01,208.92,227.58,208.92,227.58,254.97,201.01,254.97
199.65,209.46,226.26,209.46,226.26,255.58,199.65,255.58
198.54,210.05,224.91,210.05,224.91,255.77,198.54,255.77
197.13,209.74,223.5,209.74,223.5,255.45,197.13,255.45
195.27,210.09,221.41,210.09,221.41,255.41,195.27,255.41
193.87,210.86,220.24,210.86,220.24,256.57,193.87,256.57
192.42,211.12,218.79,211.12,218.79,256.85,192.42,256.85
191.42,211.17,218.02,211.17,218.02,257.29,191.42,257.29
190.98,211.94,217.49,211.94,217.49,257.89,190.98,257.89
189.31,212.06,216.19,212.06,216.19,258.66,189.31,258.66
188.36,212.27,215.14,212.27,215.14,258.68,188.36,258.68
187.3,212.06,213.99,212.06,213.99,258.33,187.3,258.33
186.38,212.85,212.9,212.85,212.9,258.82,186.38,258.82
185.3,213.52,212.23,213.52,212.23,260.2,185.3,260.2
184.34,213.9,211.67,213.9,211.67,261.27,184.34,261.27
183.2,213.7,211.3,213.7,211.3,262.41,183.2,262.41
181.2,213.77,209.37,213.77,209.37,262.61,181.2,262.61
180.05,214.54,208.12,214.54,208.12,263.21,180.05,263.21
178.47,214.72,206.74,214.72,206.74,263.74,178.47,263.74
177.68,214.93,206.62,214.93,206.62,265.1,177.68,265.1
176.17,215.63,204.99,215.63,204.99,265.59,176.17,265.59
175.14,215.36,204.09,215.36,204.09,265.55,175.14,265.55
174.75,216.15,203.41,216.15,203.41,265.82,174.75,265.82
173.39,216.45,202.48,216.45,202.48,266.87,173.39,266.87
172.44,216.24,201.44,216.24,201.44,266.52,172.44,266.52
171.29,217.23,200.38,217.23,200.38,267.65,171.29,267.65
170.4,217.4,199.29,217.4,199.29,267.49,170.4,267.49
169.19,217.47,197.85,217.47,197.85,267.15,169.19,267.15
168.49,218.65,197.28,218.65,197.28,268.55,168.49,268.55
167.34,218.69,196.12,218.69,196.12,268.58,167.34,268.58
165.54,219.43,194.47,219.43,194.47,269.58,165.54,269.58
164.74,220.24,193.8,220.24,193.8,270.61,164.74,270.61
163.39,220.4,192.53,220.4,192.53,270.91,163.39,270.91
162.32,220.5,191.47,220.5,191.47,271.02,162.32,271.02
160.86,220.72,190.26,220.72,190.26,271.67,160.86,271.67
160.02,221.25,189.45,221.25,189.45,272.27,160.02,272.27
159.04,221.6,188.88,221.6,188.88,273.33,159.04,273.33
157.61,221.22,187.74,221.22,187.74,273.44,157.61,273.44
157.14,221.97,187.49,221.97,187.49,274.57,157.14,274.57
156.13,222.52,186.46,222.52,186.46,275.09,156.13,275.09
155.56,222.98,185.55,222.98,185.55,274.98,155.56,274.98
155.11,223.15,185.25,223.15,185.25,275.38,155.11,275.38
154.3,223.26,184.22,223.26,184.22,275.11,154.3,275.11
153.3,223.72,183.67,223.72,183.67,276.37,153.3,276.37
153.76,224.56,184.05,224.56,184.05,277.06,153.76,277.06
152.78,224.69,183.43,224.69,183.43,277.81,152.78,277.81
152.18,225.15,182.85,225.15,182.85,278.3,152.18,278.3
152,225.88,183.23,225.88,183.23,280.01,152,280.01
151.3,226.27,182.71,226.27,182.71,280.72,151.3,280.72
150.91,226.56,182.63,226.56,182.63,281.55,150.91,281.55
150.49,226.95,182.38,226.95,182.38,282.22,150.49,282.22
148.94,227.29,181.11,227.29,181.11,283.04,148.94,283.04
149.12,227.57,181.57,227.57,181.57,283.82,149.12,283.82
148.21,228.86,180.61,228.86,180.61,285.02,148.21,285.02
147.75,229,179.95,229,179.95,284.82,147.75,284.82
147.02,229.49,179.61,229.49,179.61,285.98,147.02,285.98
146.29,229.15,178.78,229.15,178.78,285.46,146.29,285.46
146.15,229.64,178.91,229.64,178.91,286.43,146.15,286.43
145.51,230.04,178.38,230.04,178.38,287.01,145.51,287.01
144.64,230.31,177.61,230.31,177.61,287.46,144.64,287.46
143.38,230.62,176.75,230.62,176.75,288.47,143.38,288.47
142.39,230.93,176.23,230.93,176.23,289.59,142.39,289.59
142.07,231.19,176.21,231.19,176.21,290.37,142.07,290.37
141.16,231.91,175.93,231.91,175.93,292.17,141.16,292.17
140.54,231.94,175.64,231.94,175.64,292.78,140.54,292.78
139.62,232.25,174.91,232.25,174.91,293.42,139.62,293.42
138.99,232.82,174.71,232.82,174.71,294.73,138.99,294.73
138.34,232.89,174.36,232.89,174.36,295.33,138.34,295.33
137.69,232.87,174.17,232.87,174.17,296.1,137.69,296.1
137.18,232.85,173.7,232.85,173.7,296.14,137.18,296.14
137.01,233.86,173.59,233.86,173.59,297.26,137.01,297.26
137.05,234.83,173.78,234.83,173.78,298.49,137.05,298.49
136.78,235.38,173.57,235.38,173.57,299.15,136.78,299.15
136.09,235.31,173.04,235.31,173.04,299.35,136.09,299.35
135.81,236.43,172.82,236.43,172.82,300.59,135.81,300.59
135.1,237.15,172.36,237.15,172.36,301.73,135.1,301.73
135.02,238.78,172.11,238.78,172.11,303.07,135.02,303.07
134.55,238.81,171.8,238.81,171.8,303.39,134.55,303.39
134.11,238.79,171.55,238.79,171.55,303.68,134.11,303.68
133.44,239.33,170.9,239.33,170.9,304.25,133.44,304.25
132.59,240.16,170.29,240.16,170.29,305.5,132.59,305.5
132.89,240.69,170.87,240.69,170.87,306.53,132.89,306.53
132.06,241.36,170.41,241.36,170.41,307.84,132.06,307.84
131.32,242.17,169.88,242.17,169.88,309.01,131.32,309.01
130.78,242.38,169.48,242.38,169.48,309.46,130.78,309.46
129.99,242.95,168.71,242.95,168.71,310.07,129.99,310.07
129.2,244.05,167.98,244.05,167.98,311.28,129.2,311.28
128.6,244.92,167.54,244.92,167.54,312.43,128.6,312.43
127.7,245.37,166.71,245.37,166.71,312.99,127.7,312.99
127.19,245.64,166.41,245.64,166.41,313.63,127.19,313.63
126.38,246.63,165.5,246.63,165.5,314.43,126.38,314.43
125.99,247.63,165.23,247.63,165.23,315.65,125.99,315.65
124.99,248.53,164.57,248.53,164.57,317.15,124.99,317.15
124.39,249.02,164.06,249.02,164.06,317.78,124.39,317.78
123.01,249.44,163.02,249.44,163.02,318.78,123.01,318.78
122.21,250.16,162.19,250.16,162.19,319.45,122.21,319.45
121.06,250.87,161.17,250.87,161.17,320.4,121.06,320.4
119.99,252.22,160.41,252.22,160.41,322.29,119.99,322.29
119.44,252.69,160.03,252.69,160.03,323.05,119.44,323.05
118.59,253.56,159.27,253.56,159.27,324.06,118.59,324.06
117.52,254.02,158.35,254.02,158.35,324.8,117.52,324.8
117.17,255.07,158.09,255.07,158.09,326.01,117.17,326.01
116.29,255.71,157.02,255.71,157.02,326.3,116.29,326.3
115.3,256.72,156.06,256.72,156.06,327.36,115.3,327.36
115.02,257.45,155.91,257.45,155.91,328.33,115.02,328.33
114.31,258.5,155.25,258.5,155.25,329.46,114.31,329.46
113.67,258.92,154.92,258.92,154.92,330.43,113.67,330.43
112.84,260.06,154.25,260.06,154.25,331.82,112.84,331.82
112.4,260.58,153.96,260.58,153.96,332.62,112.4,332.62
111.87,262.02,153.78,262.02,153.78,334.67,111.87,334.67
111.47,262.46,153.75,262.46,153.75,335.74,111.47,335.74
111.37,263.21,153.78,263.21,153.78,336.71,111.37,336.71
110.4,263.85,153.12,263.85,153.12,337.9,110.4,337.9
109.9,264.02,152.95,264.02,152.95,338.64,109.9,338.64
109.25,264.61,152.56,264.61,152.56,339.68,109.25,339.68
109.25,265.37,152.8,265.37,152.8,340.86,109.25,340.86
108.81,266,152.28,266,152.28,341.35,108.81,341.35
108.43,267.24,152.14,267.24,152.14,343.01,108.43,343.01
107.69,268.78,151.57,268.78,151.57,344.83,107.69,344.83
107.74,269.64,152.12,269.64,152.12,346.56,107.74,346.56
107.69,271.31,152.17,271.31,152.17,348.41,107.69,348.41
107.28,272.23,151.65,272.23,151.65,349.14,107.28,349.14
107.07,273.15,151.84,273.15,151.84,350.75,107.07,350.75
106.09,273.49,151.25,273.49,151.25,351.75,106.09,351.75
105.84,274.14,151.31,274.14,151.31,352.95,105.84,352.95
105.35,275.7,150.82,275.7,150.82,354.53,105.35,354.53
104.81,275.94,150.53,275.94,150.53,355.19,104.81,355.19
104.52,277.54,150.61,277.54,150.61,357.43,104.52,357.43
