124.5,148.5,155.5,148.5,155.5,264.5,124.5,264.5
123.52,148.2,154.61,148.2,154.61,264.54,123.52,264.54
123.24,147.68,154.38,147.68,154.38,264.21,123.24,264.21
122.77,147.43,154.02,147.43,154.02,264.36,122.77,264.36
121.67,146.95,152.89,146.95,152.89,263.78,121.67,263.78
121.12,147,152.28,147,152.28,263.58,121.12,263.58
120.77,147.19,151.83,147.19,151.83,263.4,120.77,263.4
121.2,147.99,152.14,147.99,152.14,263.76,121.2,263.76
120.39,148.27,151.18,148.27,151.18,263.49,120.39,263.49
120.84,148.29,151.84,148.29,151.84,264.28,120.84,264.28
119.97,148.02,151.09,148.02,151.09,264.46,119.97,264.46
120.45,149.11,151.5,149.11,151.5,265.3,120.45,265.3
120.82,150.53,151.51,150.53,151.51,265.35,120.82,265.35
120.79,150.51,151.31,150.51,151.31,264.72,120.79,264.72
121.04,151.84,151.26,151.84,151.26,264.92,121.04,264.92
120.85,151.6,151.37,151.6,151.37,265.82,120.85,265.82
121.01,152.04,151.57,152.04,151.57,266.4,121.01,266.4
121.47,152.31,152.11,152.31,152.11,266.94,121.47,266.94
121.45,151.55,152.18,151.55,152.18,266.55,121.45,266.55
120.98,151.35,151.39,151.35,151.39,265.16,120.98,265.16
121.07,151.44,151.58,151.44,151.58,265.6,121.07,265.6
120.85,150.74,151.5,150.74,151.5,265.42,120.85,265.42
120.83,151.5,151.42,151.5,151.42,265.96,120.83,265.96
120.46,152.27,151.04,152.27,151.04,266.69,120.46,266.69
120.39,152.77,150.96,152.77,150.96,267.16,120.39,267.16
120.65,153.19,151.21,153.19,151.21,267.54,120.65,267.54
120.16,154.22,150.4,154.22,150.4,267.36,120.16,267.36
119.73,154.44,149.65,154.44,149.65,266.36,119.73,266.36
119.67,155.2,149.71,155.2,149.71,267.6,119.67,267.6
119.19,155.89,149.04,155.89,149.04,267.59,119.19,267.59
119.21,156.6,149.26,156.6,149.26,269.04,119.21,269.04
118.18,157.3,148.16,157.3,148.16,269.49,118.18,269.49
117.46,157.18,147.82,157.18,147.82,270.78,117.46,270.78
117.83,157.93,148.41,157.93,148.41,272.38,117.83,272.38
117.98,158.31,148.42,158.31,148.42,272.22,117.98,272.22
117.71,157.01,148.18,157.01,148.18,271.05,117.71,271.05
117.39,156.14,148.08,156.14,148.08,270.99,117.39,270.99
117.39,156.3,148.16,156.3,148.16,271.44,117.39,271.44
118.15,156.58,148.75,156.58,148.75,271.08,118.15,271.08
118.88,157.59,149.22,157.59,149.22,271.12,118.88,271.12
119.29,158.51,149.68,158.51,149.68,272.25,119.29,272.25
120.21,160.03,150.41,160.03,150.41,273.02,120.21,273.02
120.24,160.99,150.3,160.99,150.3,273.45,120.24,273.45
121.35,162.3,151.34,162.3,151.34,274.55,121.35,274.55
121.57,162.69,151.3,162.69,151.3,273.94,121.57,273.94
122.15,162.99,151.84,162.99,151.84,274.09,122.15,274.09
122.84,163.12,152.4,163.12,152.4,273.72,122.84,273.72
123.05,163.17,152.54,163.17,152.54,273.52,123.05,273.52
123.53,163.15,153.02,163.15,153.02,273.48,123.53,273.48
124.04,163.28,153.51,163.28,153.51,273.57,124.04,273.57
124.62,163.82,153.97,163.82,153.97,273.67,124.62,273.67
125.32,163.53,154.87,163.53,154.87,274.08,125.32,274.08
125.14,163.65,154.6,163.65,154.6,273.9,125.14,273.9
125.56,163.72,155.02,163.72,155.02,273.94,125.56,273.94
126.04,163.65,155.36,163.65,155.36,273.34,126.04,273.34
125.82,163.6,155.52,163.6,155.52,274.72,125.82,274.72
125.69,164.35,155.63,164.35,155.63,276.39,125.69,276.39
125.57,165.72,155.52,165.72,155.52,277.8,125.57,277.8
125.38,166.64,155.58,166.64,155.58,279.66,125.38,279.66
124.83,167.99,155.03,167.99,155.03,280.99,124.83,280.99
124.54,168.34,154.89,168.34,154.89,281.9,124.54,281.9
124.57,168.62,155.27,168.62,155.27,283.53,124.57,283.53
124.25,168.7,154.83,168.7,154.83,283.13,124.25,283.13
124.45,169.11,155.19,169.11,155.19,284.11,124.45,284.11
123.67,168.11,154.62,168.11,154.62,283.93,123.67,283.93
123.37,168.02,154.39,168.02,154.39,284.07,123.37,284.07
123.56,168.08,154.6,168.08,154.6,284.21,123.56,284.21
123.76,168.62,154.85,168.62,154.85,284.95,123.76,284.95
123.94,168.46,155.25,168.46,155.25,285.62,123.94,285.62
124.02,168.39,155.42,168.39,155.42,285.88,124.02,285.88
123.42,168.51,154.73,168.51,154.73,285.68,123.42,285.68
124.26,169.22,155.51,169.22,155.51,286.18,124.26,286.18
123.45,169.49,154.48,169.49,154.48,285.61,123.45,285.61
124.82,170.29,155.93,170.29,155.93,286.72,124.82,286.72
125.07,171.71,155.94,171.71,155.94,287.23,125.07,287.23
125.86,172.6,156.77,172.6,156.77,288.26,125.86,288.26
125.83,173.39,156.45,173.39,156.45,287.99,125.83,287.99
126.69,174.5,157.15,174.5,157.15,288.47,126.69,288.47
126.92,173.92,157.33,173.92,157.33,287.7,126.92,287.7
127.81,173.87,158.43,173.87,158.43,288.44,127.81,288.44
128.12,174.21,158.69,174.21,158.69,288.61,128.12,288.61
128.76,175.91,159.2,175.91,159.2,289.78,128.76,289.78
128.87,177.78,159.18,177.78,159.18,291.17,128.87,291.17
129.7,180.29,160.25,180.29,160.25,294.61,129.7,294.61
130.62,182.27,161.24,182.27,161.24,296.86,130.62,296.86
130.68,182.48,161.55,182.48,161.55,297.98,130.68,297.98
130.68,182.89,161.58,182.89,161.58,298.51,130.68,298.51
130.75,182.33,162.13,182.33,162.13,299.75,130.75,299.75
130.44,182.45,161.89,182.45,161.89,300.11,130.44,300.11
130.45,182.58,161.91,182.58,161.91,300.29,130.45,300.29
130.6,183.08,162.16,183.08,162.16,301.19,130.6,301.19
131.03,184.05,162.76,184.05,162.76,302.77,131.03,302.77
130.83,184.76,162.54,184.76,162.54,303.43,130.83,303.43
130.64,185.64,162.37,185.64,162.37,304.39,130.64,304.39
131.15,186.75,162.73,186.75,162.73,304.94,131.15,304.94
131.21,186.86,163.08,186.86,163.08,306.11,131.21,306.11
131.42,187.06,163.46,187.06,163.46,306.95,131.42,306.95
131.56,187.25,163.71,187.25,163.71,307.56,131.56,307.56
131.78,186.75,163.92,186.75,163.92,307.02,131.78,307.02
131.73,186.82,163.77,186.82,163.77,306.73,131.73,306.73
131.9,186.56,164.23,186.56,164.23,307.57,131.9,307.57
132.26,186.49,164.76,186.49,164.76,308.1,132.26,308.1
132.53,186.89,165,186.89,165,308.42,132.53,308.42
132.12,186.73,164.49,186.73,164.49,307.87,132.12,307.87
132.04,186.91,164.45,186.91,164.45,308.18,132.04,308.18
132.55,187.48,164.8,187.48,164.8,308.19,132.55,308.19
133.1,188.11,165.47,188.11,165.47,309.23,133.1,309.23
133.35,188.31,165.73,188.31,165.73,309.47,133.35,309.47
133.2,188.79,165.48,188.79,165.48,309.56,133.2,309.56
134.24,189.74,166.66,189.74,166.66,311.04,134.24,311.04
134.42,190.52,166.58,190.52,166.58,310.89,134.42,310.89
135.05,191.13,167.25,191.13,167.25,311.63,135.05,311.63
135.56,191.94,167.64,191.94,167.64,311.98,135.56,311.98
136.26,191.85,168.6,191.85,168.6,312.88,136.26,312.88
136.38,191.91,168.85,191.91,168.85,313.38,136.38,313.38
135.91,191.44,168.45,191.44,168.45,313.19,135.91,313.19
136.61,191.7,169.22,191.7,169.22,313.73,136.61,313.73
136.45,191.06,169.59,191.06,169.59,315.06,136.45,315.06
135.81,190.88,169.06,190.88,169.06,315.28,135.81,315.28
136.15,191.65,169.4,191.65,169.4,316.05,136.15,316.05
136.16,191.83,169.46,191.83,169.46,316.42,136.16,316.42
136.02,192.31,169.17,192.31,169.17,316.37,136.02,316.37
135.3,192.38,168.36,192.38,168.36,316.11,135.3,316.11
135.22,193.3,168.13,193.3,168.13,316.45,135.22,316.45
134.02,193.1,167.14,193.1,167.14,317.03,134.02,317.03
133.89,193.62,167.04,193.62,167.04,317.67,133.89,317.67
137.47,194.36,170.96,194.36,170.96,319.68,137.47,319.68
141.92,195.97,175.51,195.97,175.51,321.68,141.92,321.68
144.39,196.39,177.84,196.39,177.84,321.57,144.39,321.57
146.57,197,180.08,197,180.08,322.39,146.57,322.39
149.65,197.41,183.38,197.41,183.38,323.65,149.65,323.65
151.66,197.32,185.52,197.32,185.52,324.02,151.66,324.02
154.8,196.98,188.66,196.98,188.66,323.69,154.8,323.69
158.07,196.87,191.66,196.87,191.66,322.55,158.07,322.55
161.82,197.1,195.39,197.1,195.39,322.7,161.82,322.7
164.87,196.98,198.55,196.98,198.55,323,164.87,323
165.91,196.66,199.51,196.66,199.51,322.4,165.91,322.4
169.56,197.23,203.07,197.23,203.07,322.61,169.56,322.61
173.65,197.67,207.16,197.67,207.16,323.05,173.65,323.05
176.96,197.97,210.45,197.97,210.45,323.27,176.96,323.27
180.78,198.14,214.3,198.14,214.3,323.57,180.78,323.57
183.62,198.86,217.15,198.86,217.15,324.31,183.62,324.31
186.09,199.49,219.79,199.49,219.79,325.6,186.09,325.6
188.18,199.84,222.02,199.84,222.02,326.44,188.18,326.44
193.13,201.29,226.89,201.29,226.89,327.62,193.13,327.62
196.45,202.32,230.17,202.32,230.17,328.49,196.45,328.49
200.93,203.12,234.65,203.12,234.65,329.32,200.93,329.32
203.21,203.66,236.91,203.66,236.91,329.75,203.21,329.75
201.78,203.77,235.28,203.77,235.28,329.13,201.78,329.13
201.63,204.09,235.11,204.09,235.11,329.36,201.63,329.36
200.57,203.97,234,203.97,234,329.08,200.57,329.08
198.87,204.09,231.95,204.09,231.95,327.87,198.87,327.87
197.9,203.9,230.8,203.9,230.8,326.99,197.9,326.99
196.48,203.49,229.4,203.49,229.4,326.7,196.48,326.7
195.78,204.57,227.98,204.57,227.98,325.03,195.78,325.03
197.16,204.45,229.27,204.45,229.27,324.58,197.16,324.58
200.8,204.78,232.99,204.78,232.99,325.24,200.8,325.24
202.53,204.79,234.45,204.79,234.45,324.25,202.53,324.25
205.78,205.29,237.63,205.29,237.63,324.47,205.78,324.47
208.26,205.81,240.32,205.81,240.32,325.78,208.26,325.78
212.78,205.75,245.15,205.75,245.15,326.87,212.78,326.87
214.2,206.4,246.54,206.4,246.54,327.4,214.2,327.4
217.39,207.02,249.71,207.02,249.71,327.96,217.39,327.96
219.28,207.75,251.64,207.75,251.64,328.85,219.28,328.85
221.65,208.56,254.01,208.56,254.01,329.66,221.65,329.66
223.83,209.86,255.96,209.86,255.96,330.07,223.83,330.07
226.29,210.29,258.37,210.29,258.37,330.33,226.29,330.33
227.46,210.53,259.45,210.53,259.45,330.23,227.46,330.23
228.75,210.86,260.57,210.86,260.57,329.92,228.75,329.92
230.13,211.07,261.9,211.07,261.9,329.95,230.13,329.95
232.8,211.04,264.55,211.04,264.55,329.87,232.8,329.87
234.59,210.08,266.24,210.08,266.24,328.48,234.59,328.48
235.88,210.09,267.31,210.09,267.31,327.7,235.88,327.7
233.62,209.3,264.97,209.3,264.97,326.62,233.62,326.62
232.99,208.44,264.53,208.44,264.53,326.47,232.99,326.47
231.62,207.24,263.37,207.24,263.37,326.03,231.62,326.03
230.38,206.5,262.26,206.5,262.26,325.78,230.38,325.78
229.08,205.92,261.19,205.92,261.19,326.08,229.08,326.08
228.28,205.51,260.33,205.51,260.33,325.46,228.28,325.46
226.99,205.43,259.05,205.43,259.05,325.42,226.99,325.42
225.14,205.18,257.04,205.18,257.04,324.57,225.14,324.57
223.2,204.97,254.88,204.97,254.88,323.52,223.2,323.52
222.59,205.39,253.88,205.39,253.88,322.46,222.59,322.46
221.61,205.56,252.63,205.56,252.63,321.63,221.61,321.63
220.2,205.33,251.19,205.33,251.19,321.3,220.2,321.3
219.18,206.16,250.06,206.16,250.06,321.74,219.18,321.74
218.22,206.73,249.04,206.73,249.04,322.06,218.22,322.06
217.09,207.64,247.88,207.64,247.88,322.83,217.09,322.83
214.9,208.44,245.37,208.44,245.37,322.47,214.9,322.47
214.47,209.05,244.58,209.05,244.58,321.71,214.47,321.71
214.04,211.03,243.86,211.03,243.86,322.61,214.04,322.61
212.52,211.71,242.25,211.71,242.25,322.98,212.52,322.98
209.59,211.29,239.38,211.29,239.38,322.76,209.59,322.76
207.54,211.24,237.41,211.24,237.41,323.03,207.54,323.03
207.08,212.04,236.84,212.04,236.84,323.39,207.08,323.39
204.37,211.3,234.15,211.3,234.15,322.72,204.37,322.72
204.04,211.59,233.79,211.59,233.79,322.9,204.04,322.9
203.43,211.45,233.17,211.45,233.17,322.73,203.43,322.73
202.67,211.32,232.25,211.32,232.25,322.01,202.67,322.01
201.24,211.59,230.96,211.59,230.96,322.79,201.24,322.79
200.8,211.25,230.48,211.25,230.48,322.32,200.8,322.32
199.2,211.41,228.91,211.41,228.91,322.58,199.2,322.58
197.89,211.29,227.61,211.29,227.61,322.49,197.89,322.49
196.32,211.52,225.91,211.52,225.91,322.26,196.32,322.26
196.46,211.86,226.25,211.86,226.25,323.32,196.46,323.32
194.62,211.43,224.4,211.43,224.4,322.88,194.62,322.88
193.44,212.31,223.19,212.31,223.19,323.65,193.44,323.65
191.66,213.12,221.52,213.12,221.52,324.86,191.66,324.86
190.43,213.07,220.67,213.07,220.67,326.2,190.43,326.2
188.72,212.53,219,212.53,219,325.83,188.72,325.83
186.6,213.09,217,213.09,217,326.86,186.6,326.86
184.56,213.33,215.36,213.33,215.36,328.57,184.56,328.57
182.45,213.23,213.62,213.23,213.62,329.88,182.45,329.88
179.82,213.49,211.01,213.49,211.01,330.18,179.82,330.18
178.35,213.51,209.65,213.51,209.65,330.63,178.35,330.63
177.92,213.56,209.46,213.56,209.46,331.57,177.92,331.57
180.8,212.31,212.79,212.31,212.79,332.03,180.8,332.03
181.62,211.57,213.58,211.57,213.58,331.17,181.62,331.17
185.07,211.12,217.07,211.12,217.07,330.86,185.07,330.86
187.01,209.99,218.85,209.99,218.85,329.14,187.01,329.14
190.87,210.18,222.73,210.18,222.73,329.39,190.87,329.39
195.21,209.81,227.13,209.81,227.13,329.27,195.21,329.27
198.68,209.25,230.65,209.25,230.65,328.9,198.68,328.9
200.88,208.57,232.8,208.57,232.8,327.98,200.88,327.98
205.56,208.88,237.45,208.88,237.45,328.2,205.56,328.2
208.38,208.76,240.01,208.76,240.01,327.14,208.38,327.14
212.31,208.76,243.99,208.76,243.99,327.33,212.31,327.33
216.04,208.7,247.75,208.7,247.75,327.37,216.04,327.37
220.51,208.66,252.01,208.66,252.01,326.53,220.51,326.53
218.47,208.95,249.81,208.95,249.81,326.22,218.47,326.22
218.61,209.3,250.08,209.3,250.08,327.09,218.61,327.09
219.22,209.29,250.49,209.29,250.49,326.33,219.22,326.33
224.81,210.23,256.09,210.23,256.09,327.27,224.81,327.27
227.23,210.99,258.41,210.99,258.41,327.67,227.23,327.67
230.52,211.08,261.64,211.08,261.64,327.56,230.52,327.56
233.4,211.23,264.47,211.23,264.47,327.51,233.4,327.51
232.46,211.65,263.41,211.65,263.41,327.47,232.46,327.47
231.26,212.12,262.08,212.12,262.08,327.43,231.26,327.43
230.71,213,261.45,213,261.45,328.02,230.71,328.02
230,212.71,260.77,212.71,260.77,327.85,230,327.85
229.08,213.41,259.72,213.41,259.72,328.06,229.08,328.06
227.98,213.82,258.71,213.82,258.71,328.79,227.98,328.79
226.7,213.12,257.33,213.12,257.33,327.75,226.7,327.75
226.96,213.13,257.64,213.13,257.64,327.94,226.96,327.94
225.27,212.75,256.03,212.75,256.03,327.85,225.27,327.85
225.01,211.8,255.81,211.8,255.81,327.03,225.01,327.03
225.2,210.96,255.86,210.96,255.86,325.69,225.2,325.69
225.1,210.91,255.71,210.91,255.71,325.46,225.1,325.46
222.96,210.18,253.43,210.18,253.43,324.21,222.96,324.21
224.25,211.39,254.47,211.39,254.47,324.47,224.25,324.47
223.96,212.17,254.16,212.17,254.16,325.19,223.96,325.19
224.25,212.32,254.42,212.32,254.42,325.24,224.25,325.24
223.92,212.34,254.11,212.34,254.11,325.32,223.92,325.32
223.6,212.43,253.78,212.43,253.78,325.37,223.6,325.37
223.14,212.27,253.35,212.27,253.35,325.32,223.14,325.32
222.94,212.16,253.39,212.16,253.39,326.11,222.94,326.11
222.72,212.19,253.28,212.19,253.28,326.52,222.72,326.52
222.9,212.76,253.45,212.76,253.45,327.04,222.9,327.04
221.92,212.75,252.57,212.75,252.57,327.46,221.92,327.46
221.35,212.66,252.02,212.66,252.02,327.43,221.35,327.43
220.54,212.46,251.1,212.46,251.1,326.78,220.54,326.78
220.08,212.79,250.67,212.79,250.67,327.25,220.08,327.25
218.65,213.27,249.23,213.27,249.23,327.72,218.65,327.72
217.26,213.16,247.86,213.16,247.86,327.67,217.26,327.67
216.19,213.38,246.77,213.38,246.77,327.82,216.19,327.82
214.34,213.45,244.96,213.45,244.96,328.01,214.34,328.01
212.56,213.06,243.11,213.06,243.11,327.36,212.56,327.36
210.26,213.8,240.73,213.8,240.73,327.8,210.26,327.8
209.33,213.65,239.84,213.65,239.84,327.83,209.33,327.83
207.66,213.07,238.2,213.07,238.2,327.35,207.66,327.35
206.6,212.87,237.08,212.87,237.08,326.95,206.6,326.95
204.53,213.24,234.92,213.24,234.92,326.97,204.53,326.97
203.38,213.11,233.85,213.11,233.85,327.11,203.38,327.11
201.31,213.31,231.52,213.31,231.52,326.35,201.31,326.35
200.42,213.33,230.47,213.33,230.47,325.79,200.42,325.79
200.07,213.65,229.93,213.65,229.93,325.39,200.07,325.39
199.76,213.35,229.66,213.35,229.66,325.22,199.76,325.22
198.46,213.52,228.46,213.52,228.46,325.78,198.46,325.78
197.73,213.38,227.29,213.38,227.29,324.02,197.73,324.02
196.66,213.44,226.03,213.44,226.03,323.35,196.66,323.35
196.3,213.65,225.66,213.65,225.66,323.51,196.3,323.51
195.9,213.7,225.36,213.7,225.36,323.93,195.9,323.93
194.53,213.29,223.91,213.29,223.91,323.23,194.53,323.23
194.27,214.06,223.78,214.06,223.78,324.5,194.27,324.5
192.94,214.04,222.27,214.04,222.27,323.77,192.94,323.77
193.03,214.24,222.36,214.24,222.36,323.98,193.03,323.98
192.42,214.96,221.67,214.96,221.67,324.43,192.42,324.43
190.98,214.91,220.07,214.91,220.07,323.74,190.98,323.74
191.26,215.46,220.13,215.46,220.13,323.47,191.26,323.47
190.22,215.5,219.02,215.5,219.02,323.24,190.22,323.24
189.47,215.04,218.14,215.04,218.14,322.3,189.47,322.3
188.84,216.05,217.41,216.05,217.41,322.96,188.84,322.96
188.65,216.08,216.83,216.08,216.83,321.54,188.65,321.54
188.24,217.22,216.4,217.22,216.4,322.58,188.24,322.58
188.03,217.13,216.11,217.13,216.11,322.2,188.03,322.2
186.63,216.42,214.74,216.42,214.74,321.59,186.63,321.59
186.42,216.53,214.69,216.53,214.69,322.32,186.42,322.32
185.65,215.25,213.94,215.25,213.94,321.1,185.65,321.1
185.11,214.93,213.51,214.93,213.51,321.21,185.11,321.21
185.54,215.47,213.94,215.47,213.94,321.73,185.54,321.73
185.43,215.41,213.91,215.41,213.91,321.96,185.43,321.96
184.32,215.36,212.79,215.36,212.79,321.89,184.32,321.89
184.49,215.26,212.95,215.26,212.95,321.74,184.49,321.74
184.61,215.4,213.27,215.4,213.27,322.65,184.61,322.65
183.62,215.54,212.46,215.54,212.46,323.45,183.62,323.45
183.22,215.21,212.13,215.21,212.13,323.4,183.22,323.4
183.02,215.05,212.01,215.05,212.01,323.53,183.02,323.53
181.68,214.85,210.68,214.85,210.68,323.35,181.68,323.35
181.4,214.78,210.21,214.78,210.21,322.59,181.4,322.59
180.55,214.94,209.36,214.94,209.36,322.74,180.55,322.74
179.84,215.03,208.57,215.03,208.57,322.54,179.84,322.54
178.76,215.05,207.69,215.05,207.69,323.31,178.76,323.31
178.18,215.71,207.22,215.71,207.22,324.38,178.18,324.38
175.27,215.82,204.18,215.82,204.18,323.99,175.27,323.99
174.87,216.13,203.88,216.13,203.88,324.67,174.87,324.67
172.82,216.19,201.82,216.19,201.82,324.67,172.82,324.67
171.36,216.53,200.37,216.53,200.37,325.06,171.36,325.06
169.57,217.38,198.57,217.38,198.57,325.86,169.57,325.86
167.94,218.1,197,218.1,197,326.84,167.94,326.84
166.04,218.17,195.12,218.17,195.12,326.97,166.04,326.97
163.6,218.09,192.71,218.09,192.71,327.03,163.6,327.03
161.45,218.4,190.92,218.4,190.92,328.69,161.45,328.69
158.01,217.66,187.68,217.66,187.68,328.68,158.01,328.68
156.6,217.9,186.44,217.9,186.44,329.54,156.6,329.54
154.49,217.08,184.56,217.08,184.56,329.59,154.49,329.59
152.43,217.22,182.59,217.22,182.59,330.09,152.43,330.09
151.09,216.86,181.35,216.86,181.35,330.08,151.09,330.08
148.41,216.87,178.67,216.87,178.67,330.1,148.41,330.1
147.73,216.48,178.1,216.48,178.1,330.15,147.73,330.15
146.48,216.3,176.78,216.3,176.78,329.71,146.48,329.71
145.13,216.42,175.44,216.42,175.44,329.87,145.13,329.87
143.88,216.01,174.05,216.01,174.05,328.9,143.88,328.9
143.12,215.89,173.02,215.89,173.02,327.78,143.12,327.78
142.22,215.77,172.17,215.77,172.17,327.83,142.22,327.83
140.93,216.2,170.57,216.2,170.57,327.08,140.93,327.08
140.41,216.63,170.04,216.63,170.04,327.48,140.41,327.48
140.06,217.18,169.68,217.18,169.68,328.03,140.06,328.03
139.14,217.42,168.73,217.42,168.73,328.15,139.14,328.15
137.4,217.76,167.09,217.76,167.09,328.88,137.4,328.88
136.09,217.74,165.7,217.74,165.7,328.53,136.09,328.53
135.21,218.35,164.94,218.35,164.94,329.58,135.21,329.58
133.56,217.99,163.5,217.99,163.5,330.03,133.56,330.03
130.91,219.04,160.97,219.04,160.97,331.52,130.91,331.52
128.99,220.25,159.34,220.25,159.34,333.85,128.99,333.85
126.31,220.43,156.75,220.43,156.75,334.36,126.31,334.36
124.2,221.28,154.56,221.28,154.56,334.89,124.2,334.89
122.82,222.28,153,222.28,153,335.2,122.82,335.2
120.52,221.1,150.54,221.1,150.54,333.44,120.52,333.44
122.03,221.32,151.75,221.32,151.75,332.52,122.03,332.52
126.08,221.25,155.6,221.25,155.6,331.73,126.08,331.73
127.68,221.44,157.05,221.44,157.05,331.35,127.68,331.35
132.78,220.69,162.14,220.69,162.14,330.54,132.78,330.54
134.09,221.18,163.37,221.18,163.37,330.73,134.09,330.73
135.4,221.06,164.5,221.06,164.5,329.97,135.4,329.97
133.64,221.51,162.61,221.51,162.61,329.91,133.64,329.91
132.41,221.11,161.16,221.11,161.16,328.69,132.41,328.69
130.73,221.13,159.41,221.13,159.41,328.44,130.73,328.44
130.24,222.14,159,222.14,159,329.75,130.24,329.75
127.88,221.61,156.71,221.61,156.71,329.51,127.88,329.51
126.68,220.9,155.72,220.9,155.72,329.56,126.68,329.56
124.63,222.38,153.49,222.38,153.49,330.38,124.63,330.38
124.24,223.13,153.33,223.13,153.33,331.96,124.24,331.96
121.81,222.93,150.96,222.93,150.96,332,121.81,332
120.54,223.63,149.8,223.63,149.8,333.11,120.54,333.11
117.43,222.9,146.9,222.9,146.9,333.16,117.43,333.16
115.75,223.34,145.2,223.34,145.2,333.55,115.75,333.55
113.1,223.59,142.51,223.59,142.51,333.61,113.1,333.61
110.68,224.38,140.2,224.38,140.2,334.84,110.68,334.84
107.58,224.15,136.98,224.15,136.98,334.14,107.58,334.14
105.29,224.13,134.87,224.13,134.87,334.83,105.29,334.83
102.37,223.98,132.06,223.98,132.06,335.07,102.37,335.07
102.63,223.28,132.47,223.28,132.47,334.96,102.63,334.96
105.86,222.73,135.78,222.73,135.78,334.7,105.86,334.7
107.82,221.93,137.87,221.93,137.87,334.4,107.82,334.4
111.29,221.79,141.21,221.79,141.21,333.76,111.29,333.76
113.21,221.32,143.32,221.32,143.32,333.96,113.21,333.96
115.69,220.51,145.74,220.51,145.74,332.95,115.69,332.95
117.51,220.06,147.49,220.06,147.49,332.22,117.51,332.22
120.2,220.43,150.11,220.43,150.11,332.35,120.2,332.35
123.61,220.8,153.59,220.8,153.59,333.01,123.61,333.01
126.05,221.06,155.86,221.06,155.86,332.61,126.05,332.61
129.18,220.94,159.15,220.94,159.15,333.07,129.18,333.07
131.23,221.49,160.84,221.49,160.84,332.29,131.23,332.29
133.98,221.63,163.72,221.63,163.72,332.91,133.98,332.91
135.24,222.4,164.7,222.4,164.7,332.65,135.24,332.65
138.64,222.89,168.12,222.89,168.12,333.2,138.64,333.2
141.4,223.51,170.7,223.51,170.7,333.17,141.4,333.17
