395.5,321.5,500.5,321.5,500.5,455.5,395.5,455.5
396.7,319.65,502.37,319.65,502.37,454.5,396.7,454.5
399.04,318.12,503.46,318.12,503.46,451.39,399.04,451.39
399.7,315.19,504.54,315.19,504.54,448.99,399.7,448.99
403.58,315.63,507.06,315.63,507.06,447.7,403.58,447.7
404.63,312.89,507.6,312.89,507.6,444.3,404.63,444.3
407.33,312.51,510.47,312.51,510.47,444.13,407.33,444.13
410.24,312.01,512.17,312.01,512.17,442.08,410.24,442.08
410.54,308.92,512.68,308.92,512.68,439.28,410.54,439.28
413.94,308.88,515.04,308.88,515.04,437.9,413.94,437.9
414.9,306.95,515.25,306.95,515.25,435.01,414.9,435.01
417.08,305.36,516.65,305.36,516.65,432.44,417.08,432.44
419.1,304.07,518.17,304.07,518.17,430.51,419.1,430.51
421.91,304.05,520.9,304.05,520.9,430.37,421.91,430.37
424.23,303.22,522.12,303.22,522.12,428.15,424.23,428.15
425.65,300.75,522.92,300.75,522.92,424.88,425.65,424.88
428.68,300.89,525.3,300.89,525.3,424.19,428.68,424.19
430.48,299.46,526.59,299.46,526.59,422.1,430.48,422.1
431.67,297.37,526.79,297.37,526.79,418.76,431.67,418.76
433.9,296.78,527.71,296.78,527.71,416.5,433.9,416.5
436.65,296.04,530.3,296.04,530.3,415.55,436.65,415.55
437.87,294.45,530.4,294.45,530.4,412.54,437.87,412.54
440.81,293.92,533.6,293.92,533.6,412.34,440.81,412.34
442.26,292.59,534.66,292.59,534.66,410.5,442.26,410.5
444.2,291.86,536.45,291.86,536.45,409.59,444.2,409.59
445.4,290.14,537.67,290.14,537.67,407.9,445.4,407.9
447.29,288.92,538.88,288.92,538.88,405.81,447.29,405.81
449.3,287.85,540.6,287.85,540.6,404.36,449.3,404.36
450.96,287.03,542.14,287.03,542.14,403.4,450.96,403.4
453.23,286.29,543.31,286.29,543.31,401.25,453.23,401.25
454.9,285.43,544.43,285.43,544.43,399.7,454.9,399.7
456.72,284.45,545.91,284.45,545.91,398.27,456.72,398.27
458.18,283.37,547.27,283.37,547.27,397.08,458.18,397.08
460.28,282.51,548.52,282.51,548.52,395.12,460.28,395.12
461.61,281.28,549.69,281.28,549.69,393.69,461.61,393.69
462.99,279.96,550.04,279.96,550.04,391.05,462.99,391.05
464.89,279.23,551.82,279.23,551.82,390.16,464.89,390.16
466.01,277.91,552.71,277.91,552.71,388.55,466.01,388.55
468.13,277.74,554.2,277.74,554.2,387.58,468.13,387.58
469.26,276.34,555.18,276.34,555.18,385.98,469.26,385.98
470.53,275.66,556.22,275.66,556.22,385,470.53,385
472.06,274.84,557.17,274.84,557.17,383.46,472.06,383.46
473.59,273.9,557.97,273.9,557.97,381.58,473.59,381.58
474.81,272.66,559.15,272.66,559.15,380.29,474.81,380.29
476.27,271.73,560.27,271.73,560.27,378.93,476.27,378.93
477.42,270.51,561.36,270.51,561.36,377.64,477.42,377.64
473.2,269.88,556.68,269.88,556.68,376.41,473.2,376.41
459.07,269.74,541.34,269.74,541.34,374.73,459.07,374.73
450.99,268.16,532.42,268.16,532.42,372.09,450.99,372.09
441.31,268.74,522.1,268.74,522.1,371.84,441.31,371.84
431.42,268.18,511.93,268.18,511.93,370.93,431.42,370.93
419.96,266.03,500.2,266.03,500.2,368.43,419.96,368.43
409.57,266.24,489.6,266.24,489.6,368.37,409.57,368.37
399.25,265.88,478.85,265.88,478.85,367.48,399.25,367.48
389.75,264.55,468.77,264.55,468.77,365.4,389.75,365.4
377.36,264.6,455.9,264.6,455.9,364.83,377.36,364.83
370.16,263.53,448.51,263.53,448.51,363.52,370.16,363.52
358.15,263.65,435.45,263.65,435.45,362.3,358.15,362.3
362.77,261.2,439.6,261.2,439.6,359.25,362.77,359.25
364.11,262.35,440.31,262.35,440.31,359.59,364.11,359.59
364.32,260.88,440.71,260.88,440.71,358.36,364.32,358.36
364.78,258.88,440.97,258.88,440.97,356.11,364.78,356.11
366.11,259.65,442.43,259.65,442.43,357.04,366.11,357.04
366.49,258.1,442.61,258.1,442.61,355.25,366.49,355.25
367.11,257.43,443.71,257.43,443.71,355.18,367.11,355.18
368.29,257.27,445.11,257.27,445.11,355.31,368.29,355.31
369.13,256.29,444.81,256.29,444.81,352.87,369.13,352.87
370.21,255.62,445.48,255.62,445.48,351.68,370.21,351.68
371.04,254.97,446.46,254.97,446.46,351.22,371.04,351.22
372.2,253.76,446.79,253.76,446.79,348.95,372.2,348.95
372.62,253.16,446.84,253.16,446.84,347.87,372.62,347.87
373.86,253.05,447.78,253.05,447.78,347.39,373.86,347.39
374.29,251.78,447.2,251.78,447.2,344.83,374.29,344.83
375.31,251.03,447.83,251.03,447.83,343.57,375.31,343.57
376.41,251.22,448.7,251.22,448.7,343.47,376.41,343.47
377.02,249.85,448.71,249.85,448.71,341.34,377.02,341.34
377.66,249.33,449.72,249.33,449.72,341.3,377.66,341.3
378.38,248.98,450.51,248.98,450.51,341.04,378.38,341.04
378.31,247.83,449.99,247.83,449.99,339.3,378.31,339.3
378.8,247.41,450.48,247.41,450.48,338.88,378.8,338.88
380.31,247.47,451.39,247.47,451.39,338.18,380.31,338.18
380.21,246.17,450.85,246.17,450.85,336.32,380.21,336.32
380.96,245.74,451.36,245.74,451.36,335.59,380.96,335.59
381.93,245.56,452.21,245.56,452.21,335.25,381.93,335.25
382.3,244.8,452.52,244.8,452.52,334.41,382.3,334.41
382.5,243.46,452.31,243.46,452.31,332.55,382.5,332.55
382.77,243.48,452.63,243.48,452.63,332.64,382.77,332.64
383.72,243.22,453.53,243.22,453.53,332.31,383.72,332.31
383.66,241.74,453.18,241.74,453.18,330.46,383.66,330.46
384.83,242.08,454.18,242.08,454.18,330.59,384.83,330.59
384.6,240.46,453.33,240.46,453.33,328.17,384.6,328.17
385.78,240.51,454.4,240.51,454.4,328.08,385.78,328.08
385.96,240.52,454.3,240.52,454.3,327.73,385.96,327.73
386.29,239.58,454.27,239.58,454.27,326.34,386.29,326.34
386.81,239.2,453.87,239.2,453.87,324.78,386.81,324.78
387.2,239.38,454.52,239.38,454.52,325.3,387.2,325.3
387.17,238.01,453.98,238.01,453.98,323.27,387.17,323.27
387.56,237.5,454.59,237.5,454.59,323.04,387.56,323.04
388.05,237.26,455.27,237.26,455.27,323.05,388.05,323.05
387.99,236.18,454.65,236.18,454.65,321.25,387.99,321.25
388.55,236.01,455.18,236.01,455.18,321.05,388.55,321.05
388.87,235.55,455.55,235.55,455.55,320.65,388.87,320.65
389.32,234.73,455.88,234.73,455.88,319.67,389.32,319.67
389.37,234.57,455.54,234.57,455.54,319.01,389.37,319.01
389.93,234.36,456,234.36,456,318.68,389.93,318.68
389.7,233.44,454.66,233.44,454.66,316.34,389.7,316.34
390.25,233.33,455.18,233.33,455.18,316.2,390.25,316.2
390.53,232.77,455.61,232.77,455.61,315.83,390.53,315.83
390.5,231.69,455.33,231.69,455.33,314.42,390.5,314.42
391.13,231.59,455.75,231.59,455.75,314.06,391.13,314.06
391.42,231.26,455.92,231.26,455.92,313.57,391.42,313.57
392.08,230.5,456.43,230.5,456.43,312.63,392.08,312.63
391.97,230,455.6,230,455.6,311.2,391.97,311.2
391.75,229.95,456.08,229.95,456.08,312.06,391.75,312.06
392.26,229.23,455.73,229.23,455.73,310.23,392.26,310.23
392.78,228.72,456.4,228.72,456.4,309.91,392.78,309.91
409.09,227.77,471.93,227.77,471.93,307.96,409.09,307.96
418.89,228.17,481.94,228.17,481.94,308.65,418.89,308.65
429.3,226.89,492.35,226.89,492.35,307.35,429.3,307.35
442.82,225.97,505.76,225.97,505.76,306.3,442.82,306.3
453.07,226.82,515.65,226.82,515.65,306.69,453.07,306.69
454.76,225.5,517.08,225.5,517.08,305.03,454.76,305.03
453.99,225.35,515.8,225.35,515.8,304.23,453.99,304.23
454.99,224.78,516.06,224.78,516.06,302.71,454.99,302.71
454.82,224.94,515.93,224.94,515.93,302.92,454.82,302.92
455.33,223.73,516.37,223.73,516.37,301.63,455.33,301.63
454.74,223.54,514.97,223.54,514.97,300.4,454.74,300.4
455.9,223.5,515.9,223.5,515.9,300.07,455.9,300.07
455.68,222.94,516.17,222.94,516.17,300.13,455.68,300.13
455.97,222.18,515.75,222.18,515.75,298.48,455.97,298.48
455.95,222.21,515.12,222.21,515.12,297.73,455.95,297.73
455.88,221.9,515.6,221.9,515.6,298.12,455.88,298.12
456.12,221.44,515.39,221.44,515.39,297.08,456.12,297.08
456.15,220.91,514.6,220.91,514.6,295.5,456.15,295.5
456.01,221.1,513.33,221.1,513.33,294.25,456.01,294.25
457.51,221.67,514.2,221.67,514.2,294.02,457.51,294.02
456.77,221.04,512.89,221.04,512.89,292.67,456.77,292.67
457.49,222.23,512.24,222.23,512.24,292.1,457.49,292.1
457.9,221.75,511.86,221.75,511.86,290.61,457.9,290.61
457.53,220.76,511.28,220.76,511.28,289.37,457.53,289.37
457.26,221.38,510.51,221.38,510.51,289.34,457.26,289.34
457.32,220.34,510.71,220.34,510.71,288.48,457.32,288.48
457.2,220.07,510.43,220.07,510.43,288,457.2,288
456.99,220.42,509.75,220.42,509.75,287.76,456.99,287.76
457.48,220.35,510.15,220.35,510.15,287.56,457.48,287.56
456.47,219.32,509.17,219.32,509.17,286.58,456.47,286.58
456.55,218.5,509.54,218.5,509.54,286.14,456.55,286.14
456.42,217.94,509.4,217.94,509.4,285.56,456.42,285.56
455.22,217.22,508.18,217.22,508.18,284.82,455.22,284.82
455.17,216.11,508.27,216.11,508.27,283.88,455.17,283.88
455.07,216,508.1,216,508.1,283.67,455.07,283.67
454.6,215.85,507.41,215.85,507.41,283.24,454.6,283.24
455.4,216.55,507.9,216.55,507.9,283.55,455.4,283.55
454.78,216.07,507.04,216.07,507.04,282.77,454.78,282.77
454.06,215.57,506.33,215.57,506.33,282.28,454.06,282.28
453.91,215.22,506.22,215.22,506.22,281.98,453.91,281.98
454.47,214.99,506.83,214.99,506.83,281.82,454.47,281.82
454.64,214.07,507.24,214.07,507.24,281.19,454.64,281.19
452.85,213.08,505.52,213.08,505.52,280.3,452.85,280.3
452.41,212.87,505.12,212.87,505.12,280.13,452.41,280.13
454.13,213.14,507.13,213.14,507.13,280.78,454.13,280.78
452.56,213.11,505.5,213.11,505.5,280.67,452.56,280.67
452.5,212.67,505.36,212.67,505.36,280.12,452.5,280.12
453.62,211.28,506.56,211.28,506.56,278.84,453.62,278.84
452.47,209.92,505.16,209.92,505.16,277.17,452.47,277.17
452.24,208.44,504.75,208.44,504.75,275.44,452.24,275.44
451.82,208.27,504.58,208.27,504.58,275.6,451.82,275.6
451.83,208.09,504.65,208.09,504.65,275.5,451.83,275.5
452.01,208.21,504.92,208.21,504.92,275.74,452.01,275.74
451,207.66,504,207.66,504,275.3,451,275.3
449.86,207.38,502.78,207.38,502.78,274.91,449.86,274.91
449.68,207.6,502.65,207.6,502.65,275.21,449.68,275.21
448.87,206.35,501.64,206.35,501.64,273.7,448.87,273.7
448.84,206.1,501.57,206.1,501.57,273.4,448.84,273.4
448.93,204.78,501.51,204.78,501.51,271.88,448.93,271.88
447.87,203.85,500.29,203.85,500.29,270.75,447.87,270.75
447.83,204.5,500.49,204.5,500.49,271.71,447.83,271.71
446.77,203.85,499.28,203.85,499.28,270.86,446.77,270.86
446.12,203.37,498.27,203.37,498.27,269.92,446.12,269.92
446.15,203.77,497.91,203.77,497.91,269.82,446.15,269.82
446.08,203.43,498.03,203.43,498.03,269.73,446.08,269.73
445.68,202.49,497.52,202.49,497.52,268.64,445.68,268.64
444.66,201.89,496.31,201.89,496.31,267.8,444.66,267.8
444.34,202.16,496.55,202.16,496.55,268.8,444.34,268.8
443.41,200.79,495.56,200.79,495.56,267.35,443.41,267.35
442.88,200.81,494.46,200.81,494.46,266.63,442.88,266.63
442.6,200.96,494.44,200.96,494.44,267.12,442.6,267.12
442.13,200.26,493.1,200.26,493.1,265.3,442.13,265.3
441.82,199.62,492.81,199.62,492.81,264.69,441.82,264.69
440.72,200.05,491.57,200.05,491.57,264.94,440.72,264.94
440.15,198.8,490.87,198.8,490.87,263.53,440.15,263.53
440.08,199.51,490.8,199.51,490.8,264.23,440.08,264.23
439.55,198.82,490.65,198.82,490.65,264.03,439.55,264.03
439.37,198.56,490.76,198.56,490.76,264.14,439.37,264.14
438.55,197.57,489.38,197.57,489.38,262.44,438.55,262.44
438.23,198.32,489.5,198.32,489.5,263.76,438.23,263.76
437.91,196.3,488.83,196.3,488.83,261.29,437.91,261.29
437.08,196.67,487.83,196.67,487.83,261.43,437.08,261.43
436.57,197.06,487.32,197.06,487.32,261.83,436.57,261.83
435.92,196.37,486.54,196.37,486.54,260.97,435.92,260.97
435.58,195.94,485.7,195.94,485.7,259.91,435.58,259.91
434.55,195.76,484.47,195.76,484.47,259.47,434.55,259.47
433.63,195.14,483.7,195.14,483.7,259.04,433.63,259.04
432.77,194.94,482.51,194.94,482.51,258.42,432.77,258.42
431.76,194.69,481.43,194.69,481.43,258.08,431.76,258.08
430.67,193.95,480.09,193.95,480.09,257.02,430.67,257.02
430.21,194.44,479.57,194.44,479.57,257.44,430.21,257.44
429.66,193.6,478.94,193.6,478.94,256.5,429.66,256.5
428.68,193.27,477.6,193.27,477.6,255.7,428.68,255.7
427.83,192.96,476.62,192.96,476.62,255.22,427.83,255.22
427.24,192.22,475.85,192.22,475.85,254.26,427.24,254.26
426.95,192.15,475.54,192.15,475.54,254.17,426.95,254.17
426.51,191.75,475.02,191.75,475.02,253.66,426.51,253.66
425.27,191.2,473.66,191.2,473.66,252.96,425.27,252.96
424.88,191.21,472.93,191.21,472.93,252.52,424.88,252.52
424.01,190.73,472.16,190.73,472.16,252.17,424.01,252.17
423.78,190.75,472,190.75,472,252.29,423.78,252.29
422.81,190.53,471.15,190.53,471.15,252.22,422.81,252.22
421.8,189.59,469.91,189.59,469.91,250.98,421.8,250.98
420.84,189.39,468.96,189.39,468.96,250.8,420.84,250.8
420.43,189.08,468.44,189.08,468.44,250.34,420.43,250.34
419.41,188.67,467.29,188.67,467.29,249.77,419.41,249.77
419.29,189.07,467.17,189.07,467.17,250.17,419.29,250.17
418.44,188.63,466.39,188.63,466.39,249.83,418.44,249.83
417.61,188.03,465.34,188.03,465.34,248.93,417.61,248.93
417.07,188.4,464.69,188.4,464.69,249.18,417.07,249.18
416.24,187.34,463.74,187.34,463.74,247.95,416.24,247.95
415.44,187,462.74,187,462.74,247.36,415.44,247.36
414.51,186.86,462.04,186.86,462.04,247.51,414.51,247.51
414.24,186.25,461.45,186.25,461.45,246.51,414.24,246.51
413.44,185.9,460.32,185.9,460.32,245.74,413.44,245.74
413.24,186.42,460.15,186.42,460.15,246.28,413.24,246.28
412.45,186.41,459.47,186.41,459.47,246.42,412.45,246.42
411.65,185.9,458.85,185.9,458.85,246.13,411.65,246.13
410.62,185.04,457.34,185.04,457.34,244.66,410.62,244.66
410.23,184.8,456.74,184.8,456.74,244.16,410.23,244.16
409.74,184.87,456.19,184.87,456.19,244.15,409.74,244.15
408.83,184.14,454.98,184.14,454.98,243.04,408.83,243.04
408.67,184.49,454.76,184.49,454.76,243.3,408.67,243.3
408.18,184.13,454.08,184.13,454.08,242.71,408.18,242.71
407.34,183.84,453.02,183.84,453.02,242.14,407.34,242.14
406.86,183.86,452.74,183.86,452.74,242.42,406.86,242.42
405.88,183.39,451.56,183.39,451.56,241.68,405.88,241.68
405.53,183.58,451.15,183.58,451.15,241.8,405.53,241.8
404.58,182.85,450.44,182.85,450.44,241.38,404.58,241.38
403.89,181.97,449.21,181.97,449.21,239.79,403.89,239.79
403.56,182.01,449.3,182.01,449.3,240.37,403.56,240.37
403.11,182.06,448.3,182.06,448.3,239.73,403.11,239.73
402.18,181.51,447.22,181.51,447.22,238.98,402.18,238.98
401.69,181.58,446.71,181.58,446.71,239.04,401.69,239.04
400.99,181.4,445.77,181.4,445.77,238.56,400.99,238.56
400.42,181.3,445.67,181.3,445.67,239.05,400.42,239.05
399.91,180.63,445.15,180.63,445.15,238.37,399.91,238.37
399.15,180.28,444.53,180.28,444.53,238.19,399.15,238.19
398.61,179.74,443.82,179.74,443.82,237.43,398.61,237.43
397.77,179.73,443,179.73,443,237.46,397.77,237.46
397.03,179.48,442.22,179.48,442.22,237.15,397.03,237.15
396.58,178.97,441.23,178.97,441.23,235.95,396.58,235.95
395.96,179.7,440.18,179.7,440.18,236.13,395.96,236.13
395.29,179.12,439.37,179.12,439.37,235.39,395.29,235.39
394.95,179.08,439.23,179.08,439.23,235.59,394.95,235.59
394.3,178.29,438.35,178.29,438.35,234.5,394.3,234.5
393.96,178.11,438.08,178.11,438.08,234.41,393.96,234.41
393.58,178.07,437.32,178.07,437.32,233.89,393.58,233.89
392.62,177.58,436.43,177.58,436.43,233.5,392.62,233.5
392.34,177.34,436.14,177.34,436.14,233.23,392.34,233.23
391.83,177.63,435.58,177.63,435.58,233.46,391.83,233.46
391.29,177.22,435.03,177.22,435.03,233.04,391.29,233.04
390.8,177.08,434.32,177.08,434.32,232.62,390.8,232.62
390.19,176.51,433.74,176.51,433.74,232.1,390.19,232.1
389.51,176.07,433.32,176.07,433.32,231.98,389.51,231.98
388.66,175.61,432.24,175.61,432.24,231.22,388.66,231.22
388.56,176.27,431.94,176.27,431.94,231.63,388.56,231.63
387.6,175.48,430.87,175.48,430.87,230.7,387.6,230.7
387.65,176.33,430.73,176.33,430.73,231.31,387.65,231.31
386.71,175.63,429.68,175.63,429.68,230.48,386.71,230.48
386.42,175.64,428.94,175.64,428.94,229.91,386.42,229.91
385.8,175.29,428.31,175.29,428.31,229.53,385.8,229.53
385.14,174.76,427.52,174.76,427.52,228.84,385.14,228.84
385.18,175.15,427.47,175.15,427.47,229.11,385.18,229.11
384.46,174.51,426.86,174.51,426.86,228.62,384.46,228.62
384.27,174.68,426.49,174.68,426.49,228.55,384.27,228.55
383.12,174.2,425.5,174.2,425.5,228.28,383.12,228.28
383.34,174.46,425.52,174.46,425.52,228.3,383.34,228.3
382.45,173.97,424.51,173.97,424.51,227.65,382.45,227.65
382.33,174.01,424.34,174.01,424.34,227.63,382.33,227.63
381.66,173.4,423.71,173.4,423.71,227.07,381.66,227.07
381.13,173.17,423,173.17,423,226.6,381.13,226.6
380.54,172.87,422.39,172.87,422.39,226.28,380.54,226.28
379.56,172.56,421.2,172.56,421.2,225.7,379.56,225.7
379.6,172.95,421.01,172.95,421.01,225.79,379.6,225.79
378.73,172.59,419.59,172.59,419.59,224.72,378.73,224.72
378.41,172.71,418.94,172.71,418.94,224.43,378.41,224.43
377.68,172.44,418.44,172.44,418.44,224.46,377.68,224.46
377.77,172.54,418.36,172.54,418.36,224.34,377.77,224.34
376.67,171.89,417.4,171.89,417.4,223.87,376.67,223.87
376.88,171.97,417.33,171.97,417.33,223.6,376.88,223.6
375.74,171.33,416.43,171.33,416.43,223.25,375.74,223.25
375.7,171.48,416.37,171.48,416.37,223.38,375.7,223.38
375.33,171.35,415.94,171.35,415.94,223.18,375.33,223.18
374.98,171.4,415.58,171.4,415.58,223.21,374.98,223.21
374.12,170.76,414.55,170.76,414.55,222.36,374.12,222.36
373.4,170.48,413.87,170.48,413.87,222.12,373.4,222.12
373.14,170.25,413.37,170.25,413.37,221.58,373.14,221.58
373.24,170.43,413.4,170.43,413.4,221.67,373.24,221.67
372.33,169.94,412.33,169.94,412.33,220.99,372.33,220.99
371.63,169.71,411.58,169.71,411.58,220.7,371.63,220.7
371.64,169.77,411.59,169.77,411.59,220.76,371.64,220.76
371.28,169.69,411.24,169.69,411.24,220.69,371.28,220.69
370.88,169.56,410.55,169.56,410.55,220.19,370.88,220.19
370.06,169.13,409.81,169.13,409.81,219.86,370.06,219.86
369.21,168.64,409.02,168.64,409.02,219.43,369.21,219.43
369.31,168.88,408.96,168.88,408.96,219.49,369.31,219.49
368.69,168.57,408.04,168.57,408.04,218.79,368.69,218.79
367.94,168.53,407.08,168.53,407.08,218.47,367.94,218.47
367.92,168.36,407.08,168.36,407.08,218.34,367.92,218.34
367.41,167.85,406.36,167.85,406.36,217.56,367.41,217.56
367.3,168.08,406.4,168.08,406.4,217.97,367.3,217.97
367.09,168.08,406.02,168.08,406.02,217.77,367.09,217.77
365.94,167.47,404.7,167.47,404.7,216.94,365.94,216.94
365.48,166.96,404.35,166.96,404.35,216.57,365.48,216.57
365.18,167.1,403.87,167.1,403.87,216.47,365.18,216.47
365.34,167.36,403.92,167.36,403.92,216.59,365.34,216.59
364.94,167.25,403.3,167.25,403.3,216.2,364.94,216.2
363.9,166.69,402.45,166.69,402.45,215.89,363.9,215.89
363.78,166.54,402.29,166.54,402.29,215.68,363.78,215.68
363.17,166.35,401.32,166.35,401.32,215.04,363.17,215.04
363.15,166.64,401.22,166.64,401.22,215.22,363.15,215.22
362.54,166.45,400.52,166.45,400.52,214.93,362.54,214.93
361.83,166.13,399.89,166.13,399.89,214.7,361.83,214.7
361.3,165.73,399.37,165.73,399.37,214.33,361.3,214.33
360.97,165.35,398.96,165.35,398.96,213.83,360.97,213.83
360.56,165.27,398.34,165.27,398.34,213.49,360.56,213.49
360.55,165.32,398.2,165.32,398.2,213.37,360.55,213.37
359.9,164.95,397.39,164.95,397.39,212.79,359.9,212.79
359.51,164.82,396.88,164.82,396.88,212.51,359.51,212.51
359.55,165.32,396.88,165.32,396.88,212.96,359.55,212.96
359.1,165.06,396.34,165.06,396.34,212.58,359.1,212.58
358.4,164.41,395.6,164.41,395.6,211.88,358.4,211.88
357.98,164.28,395.02,164.28,395.02,211.56,357.98,211.56
357.8,164.4,394.83,164.4,394.83,211.65,357.8,211.65
357.64,164.25,394.52,164.25,394.52,211.31,357.64,211.31
357.05,163.92,394.03,163.92,394.03,211.11,357.05,211.11
356.69,163.73,393.64,163.73,393.64,210.89,356.69,210.89
356.32,163.61,393.34,163.61,393.34,210.87,356.32,210.87
356.02,163.66,392.99,163.66,392.99,210.83,356.02,210.83
355.79,163.65,392.36,163.65,392.36,210.32,355.79,210.32
355.36,163.59,391.82,163.59,391.82,210.12,355.36,210.12
354.87,163.28,391.32,163.28,391.32,209.79,354.87,209.79
354.24,162.82,390.78,162.82,390.78,209.46,354.24,209.46
354,162.58,390.37,162.58,390.37,208.98,354,208.98
352.88,162.07,389.14,162.07,389.14,208.33,352.88,208.33
352.55,161.85,388.93,161.85,388.93,208.28,352.55,208.28
352.29,161.88,388.56,161.88,388.56,208.16,352.29,208.16
351.92,161.97,388.16,161.97,388.16,208.22,351.92,208.22
351.49,161.95,387.5,161.95,387.5,207.9,351.49,207.9
350.92,161.65,386.92,161.65,386.92,207.6,350.92,207.6
350.48,161.35,386.66,161.35,386.66,207.52,350.48,207.52
350.45,161.13,386.58,161.13,386.58,207.25,350.45,207.25
350.06,160.95,386.34,160.95,386.34,207.25,350.06,207.25
349.28,160.4,385.24,160.4,385.24,206.3,349.28,206.3
348.74,160.6,384.62,160.6,384.62,206.39,348.74,206.39
348.56,160.41,384.38,160.41,384.38,206.12,348.56,206.12
348.18,160.44,383.9,160.44,383.9,206.03,348.18,206.03
348.34,160.94,383.91,160.94,383.91,206.33,348.34,206.33
347.23,159.63,382.6,159.63,382.6,204.78,347.23,204.78
347.33,160.2,382.67,160.2,382.67,205.31,347.33,205.31
346.89,159.91,382.24,159.91,382.24,205.03,346.89,205.03
346.66,159.68,382.07,159.68,382.07,204.88,346.66,204.88
345.9,159.49,380.95,159.49,380.95,204.21,345.9,204.21
345.29,159.55,380.49,159.55,380.49,204.47,345.29,204.47
345.54,159.59,380.84,159.59,380.84,204.65,345.54,204.65
345.2,152.56,380.4,152.56,380.4,197.48,345.2,197.48
345.15,137.97,380.22,137.97,380.22,182.72,345.15,182.72
343.07,117.55,378.19,117.55,378.19,162.36,343.07,162.36
342.62,116.09,377.45,116.09,377.45,160.55,342.62,160.55
343.18,116.76,377.95,116.76,377.95,161.14,343.18,161.14
342.55,116.31,377.45,116.31,377.45,160.84,342.55,160.84
342.32,116.52,377,116.52,377,160.78,342.32,160.78
341.53,116.36,376.29,116.36,376.29,160.73,341.53,160.73
341.09,115.89,375.87,115.89,375.87,160.28,341.09,160.28
340.86,116.08,375.65,116.08,375.65,160.48,340.86,160.48
341.06,116.07,375.93,116.07,375.93,160.57,341.06,160.57
340.36,115.41,374.89,115.41,374.89,159.49,340.36,159.49
339.99,115.46,374.46,115.46,374.46,159.44,339.99,159.44
339.87,115.46,374.21,115.46,374.21,159.28,339.87,159.28
339.28,115.28,373.28,115.28,373.28,158.67,339.28,158.67
339.41,115.36,373.6,115.36,373.6,158.99,339.41,158.99
338.61,114.92,372.67,114.92,372.67,158.38,338.61,158.38
338.68,114.87,372.75,114.87,372.75,158.36,338.68,158.36
338.31,114.82,372.41,114.82,372.41,158.35,338.31,158.35
337.98,114.85,372.09,114.85,372.09,158.38,337.98,158.38
337.18,114.18,371.48,114.18,371.48,157.96,337.18,157.96
336.61,113.5,370.68,113.5,370.68,156.99,336.61,156.99
336.83,114.29,370.59,114.29,370.59,157.37,336.83,157.37
336.19,113.64,369.59,113.64,369.59,156.27,336.19,156.27
335.97,113.73,369.23,113.73,369.23,156.19,335.97,156.19
336.2,114.62,369.51,114.62,369.51,157.12,336.2,157.12
335.42,113.27,368.64,113.27,368.64,155.66,335.42,155.66
335.55,113.62,368.84,113.62,368.84,156.1,335.55,156.1
335.13,113.35,368.46,113.35,368.46,155.88,335.13,155.88
334.17,112.45,367.38,112.45,367.38,154.83,334.17,154.83
334.21,112.74,367.68,112.74,367.68,155.45,334.21,155.45
333.63,112.2,366.76,112.2,366.76,154.49,333.63,154.49
333.86,112.52,366.96,112.52,366.96,154.76,333.86,154.76
333.82,112.92,366.68,112.92,366.68,154.86,333.82,154.86
333.5,112.76,366.25,112.76,366.25,154.55,333.5,154.55
333.29,112.57,366.02,112.57,366.02,154.35,333.29,154.35
332.96,112.43,365.73,112.43,365.73,154.25,332.96,154.25
332.63,112.11,365.26,112.11,365.26,153.75,332.63,153.75
331.61,111.36,364.17,111.36,364.17,152.91,331.61,152.91
331.56,111.45,363.68,111.45,363.68,152.45,331.56,152.45
331.24,111.58,363.55,111.58,363.55,152.81,331.24,152.81
331.52,111.59,363.93,111.59,363.93,152.94,331.52,152.94
331.18,111.73,363.66,111.73,363.66,153.18,331.18,153.18
330.73,111.23,362.97,111.23,362.97,152.38,330.73,152.38
330.26,110.85,362.37,110.85,362.37,151.82,330.26,151.82
330.06,110.72,362.27,110.72,362.27,151.82,330.06,151.82
329.88,110.48,361.82,110.48,361.82,151.24,329.88,151.24
329.86,110.62,361.79,110.62,361.79,151.37,329.86,151.37
329.5,110.49,361.81,110.49,361.81,151.73,329.5,151.73
329.46,110.33,361.61,110.33,361.61,151.37,329.46,151.37
328.87,109.95,360.87,109.95,360.87,150.79,328.87,150.79
329,110.18,361.02,110.18,361.02,151.03,329,151.03
328.64,117.14,360.9,117.14,360.9,158.31,328.64,158.31
328.46,132.41,360.85,132.41,360.85,173.75,328.46,173.75
328.98,149.63,361.21,149.63,361.21,190.76,328.98,190.76
328.5,166.23,360.55,166.23,360.55,207.13,328.5,207.13
328.02,172.08,360.03,172.08,360.03,212.93,328.02,212.93
328.38,190.12,360.46,190.12,360.46,231.07,328.38,231.07
328.12,203.6,360.15,203.6,360.15,244.48,328.12,244.48
328.04,201.36,360.21,201.36,360.21,242.42,328.04,242.42
327.67,201.01,359.63,201.01,359.63,241.79,327.67,241.79
327.85,201.68,359.83,201.68,359.83,242.49,327.85,242.49
327.52,201.23,359.39,201.23,359.39,241.91,327.52,241.91
327.3,201.06,359.09,201.06,359.09,241.63,327.3,241.63
326.57,200.49,358.03,200.49,358.03,240.64,326.57,240.64
327.07,200.99,358.3,200.99,358.3,240.85,327.07,240.85
326.47,200.59,357.54,200.59,357.54,240.26,326.47,240.26
326.59,200.97,357.58,200.97,357.58,240.51,326.59,240.51
326.02,200.65,356.94,200.65,356.94,240.11,326.02,240.11
325.72,200.55,356.72,200.55,356.72,240.11,325.72,240.11
325.48,200.23,356.21,200.23,356.21,239.45,325.48,239.45
325.51,200.87,356.34,200.87,356.34,240.22,325.51,240.22
324.82,200.07,355.53,200.07,355.53,239.26,324.82,239.26
325.04,200.09,355.83,200.09,355.83,239.38,325.04,239.38
324.74,200.19,355.45,200.19,355.45,239.38,324.74,239.38
324.35,199.79,355.1,199.79,355.1,239.03,324.35,239.03
324.05,199.9,354.83,199.9,354.83,239.17,324.05,239.17
324,199.64,354.78,199.64,354.78,238.92,324,238.92
323.57,199.6,354.44,199.6,354.44,239,323.57,239
323.05,199.03,353.61,199.03,353.61,238.03,323.05,238.03
322.6,198.93,353.05,198.93,353.05,237.79,322.6,237.79
322.31,198.66,352.79,198.66,352.79,237.56,322.31,237.56
322.09,198.5,352.29,198.5,352.29,237.03,322.09,237.03
322.12,198.71,352.44,198.71,352.44,237.4,322.12,237.4
321.84,198.57,352.39,198.57,352.39,237.56,321.84,237.56
321.16,198.22,351.42,198.22,351.42,236.84,321.16,236.84
321.31,198.73,351.68,198.73,351.68,237.49,321.31,237.49
321.02,198.45,351.25,198.45,351.25,237.04,321.02,237.04
320.64,198.49,350.83,198.49,350.83,237.02,320.64,237.02
320.16,198.17,350.38,198.17,350.38,236.74,320.16,236.74
319.8,197.75,350.14,197.75,350.14,236.47,319.8,236.47
319.28,197.59,349.78,197.59,349.78,236.52,319.28,236.52
318.77,197.09,348.94,197.09,348.94,235.6,318.77,235.6
319,197.72,349.1,197.72,349.1,236.12,319,236.12
318.12,197,348.21,197,348.21,235.39,318.12,235.39
317.81,196.87,347.87,196.87,347.87,235.24,317.81,235.24
317.55,196.87,347.65,196.87,347.65,235.29,317.55,235.29
