567.5,229.5,592.5,229.5,592.5,305.5,567.5,305.5
566.28,229.56,591.28,229.56,591.28,305.54,566.28,305.54
563.55,228.96,588.46,228.96,588.46,304.7,563.55,304.7
562.67,228.53,587.66,228.53,587.66,304.47,562.67,304.47
560.74,228.3,585.69,228.3,585.69,304.13,560.74,304.13
557.87,228.76,582.58,228.76,582.58,303.9,557.87,303.9
556.39,228.54,581.19,228.54,581.19,303.94,556.39,303.94
553.08,228.82,577.8,228.82,577.8,303.98,553.08,303.98
550.84,228.81,575.62,228.81,575.62,304.15,550.84,304.15
548.61,228.13,573.55,228.13,573.55,303.94,548.61,303.94
544.08,227.94,569.21,227.94,569.21,304.34,544.08,304.34
542.79,227.7,568.12,227.7,568.12,304.7,542.79,304.7
541.01,227.16,566.07,227.16,566.07,303.35,541.01,303.35
537.46,226.75,562.36,226.75,562.36,302.43,537.46,302.43
536.86,226.75,562.03,226.75,562.03,303.29,536.86,303.29
535.36,226.56,560.7,226.56,560.7,303.61,535.36,303.61
532.63,227.54,557.79,227.54,557.79,304,532.63,304
531.35,227.45,556.53,227.45,556.53,304,531.35,304
528.88,226.29,554.4,226.29,554.4,303.88,528.88,303.88
526.25,225.98,551.48,225.98,551.48,302.69,526.25,302.69
525.02,225.41,550.34,225.41,550.34,302.4,525.02,302.4
521.84,225.4,546.69,225.4,546.69,300.93,521.84,300.93
521.32,225.27,546.09,225.27,546.09,300.56,521.32,300.56
519.78,224.85,544.61,224.85,544.61,300.32,519.78,300.32
517.28,225.53,541.91,225.53,541.91,300.41,517.28,300.41
516.15,225.62,540.59,225.62,540.59,299.91,516.15,299.91
512.91,225.55,537.3,225.55,537.3,299.69,512.91,299.69
511.33,225.28,536.16,225.28,536.16,300.74,511.33,300.74
509.48,224.92,534.29,224.92,534.29,300.34,509.48,300.34
505.02,224.83,530.04,224.83,530.04,300.89,505.02,300.89
502.79,223.85,528.1,223.85,528.1,300.8,502.79,300.8
500.11,223.47,525.42,223.47,525.42,300.41,500.11,300.41
498.66,222.93,523.8,222.93,523.8,299.36,498.66,299.36
497.67,222.92,522.88,222.92,522.88,299.56,497.67,299.56
494.74,222.71,519.68,222.71,519.68,298.56,494.74,298.56
493.66,222.86,518.63,222.86,518.63,298.78,493.66,298.78
491.62,223,516.68,223,516.68,299.17,491.62,299.17
489.92,222.83,514.88,222.83,514.88,298.68,489.92,298.68
488.39,223.12,513.24,223.12,513.24,298.65,488.39,298.65
485.31,222.21,510.46,222.21,510.46,298.66,485.31,298.66
483.99,221.97,509.15,221.97,509.15,298.44,483.99,298.44
481.5,221.93,506.37,221.93,506.37,297.55,481.5,297.55
480.28,221.55,504.85,221.55,504.85,296.24,480.28,296.24
479.18,221.37,503.65,221.37,503.65,295.77,479.18,295.77
475.44,220.98,499.99,220.98,499.99,295.6,475.44,295.6
475.01,221.3,499.45,221.3,499.45,295.61,475.01,295.61
471.01,220.98,495.14,220.98,495.14,294.34,471.01,294.34
469.45,221.93,493.74,221.93,493.74,295.77,469.45,295.77
467.99,221.79,492.35,221.79,492.35,295.86,467.99,295.86
463.66,221.31,488.14,221.31,488.14,295.73,463.66,295.73
461.27,220.57,485.92,220.57,485.92,295.51,461.27,295.51
459,219.39,483.76,219.39,483.76,294.66,459,294.66
457.49,219.41,482.05,219.41,482.05,294.06,457.49,294.06
456.72,219.18,481.33,219.18,481.33,294,456.72,294
454.15,219.63,478.73,219.63,478.73,294.36,454.15,294.36
452.69,219.72,477.51,219.72,477.51,295.19,452.69,295.19
450.89,219.87,475.69,219.87,475.69,295.24,450.89,295.24
448.1,219.51,473.01,219.51,473.01,295.24,448.1,295.24
446.81,219.15,471.59,219.15,471.59,294.48,446.81,294.48
444.19,219.09,468.99,219.09,468.99,294.48,444.19,294.48
442.84,218.23,467.79,218.23,467.79,294.09,442.84,294.09
439.9,217.43,464.78,217.43,464.78,293.06,439.9,293.06
439.32,217.11,464.11,217.11,464.11,292.46,439.32,292.46
436.85,216.58,461.72,216.58,461.72,292.19,436.85,292.19
435.99,216.66,460.72,216.66,460.72,291.84,435.99,291.84
432.85,216.55,457.66,216.55,457.66,291.96,432.85,291.96
431.51,217.03,456.28,217.03,456.28,292.31,431.51,292.31
429.31,217.8,453.72,217.8,453.72,292,429.31,292
426,217.71,450.2,217.71,450.2,291.27,426,291.27
424.27,217.48,448.39,217.48,448.39,290.81,424.27,290.81
423.38,217.71,447.5,217.71,447.5,291.05,423.38,291.05
420.54,217.58,444.81,217.58,444.81,291.37,420.54,291.37
419.67,217.4,444.04,217.4,444.04,291.49,419.67,291.49
417.47,216.92,441.93,216.92,441.93,291.28,417.47,291.28
415.27,217.12,439.5,217.12,439.5,290.78,415.27,290.78
414,217.2,438.12,217.2,438.12,290.52,414,290.52
411.57,217.77,435.8,217.77,435.8,291.43,411.57,291.43
409.55,217.47,433.86,217.47,433.86,291.37,409.55,291.37
407.11,217.15,431.28,217.15,431.28,290.64,407.11,290.64
405.07,216.63,429.26,216.63,429.26,290.18,405.07,290.18
403.61,216.32,427.53,216.32,427.53,289.01,403.61,289.01
400.43,215.93,424.42,215.93,424.42,288.86,400.43,288.86
399.21,215.34,423.03,215.34,423.03,287.75,399.21,287.75
397.24,215.62,421.25,215.62,421.25,288.6,397.24,288.6
395.64,215.4,419.75,215.4,419.75,288.67,395.64,288.67
393.04,215.33,417.23,215.33,417.23,288.87,393.04,288.87
390.87,215.4,414.79,215.4,414.79,288.11,390.87,288.11
389.57,215.64,413.4,215.64,413.4,288.1,389.57,288.1
386.29,215.74,409.94,215.74,409.94,287.63,386.29,287.63
384.25,215.5,407.82,215.5,407.82,287.17,384.25,287.17
383.04,215.77,406.58,215.77,406.58,287.34,383.04,287.34
380.68,215.34,404.46,215.34,404.46,287.62,380.68,287.62
379.46,214.5,403.23,214.5,403.23,286.76,379.46,286.76
377.25,214.57,401.05,214.57,401.05,286.94,377.25,286.94
375.84,214.68,399.61,214.68,399.61,286.94,375.84,286.94
373.38,214.72,397.35,214.72,397.35,287.61,373.38,287.61
371.55,214.37,395.65,214.37,395.65,287.65,371.55,287.65
370.49,214.58,394.58,214.58,394.58,287.82,370.49,287.82
367.96,214.02,391.93,214.02,391.93,286.89,367.96,286.89
366.33,213.61,390.09,213.61,390.09,285.84,366.33,285.84
365.47,213.89,389.16,213.89,389.16,285.9,365.47,285.9
362.39,213.34,386.24,213.34,386.24,285.86,362.39,285.86
361.52,212.54,385.55,212.54,385.55,285.58,361.52,285.58
359.08,212.16,383.02,212.16,383.02,284.97,359.08,284.97
357.49,212.09,381.35,212.09,381.35,284.62,357.49,284.62
355.61,212.39,379.27,212.39,379.27,284.32,355.61,284.32
353.91,212.74,377.31,212.74,377.31,283.87,353.91,283.87
352.38,212.9,375.65,212.9,375.65,283.65,352.38,283.65
349.83,212.85,373.07,212.85,373.07,283.52,349.83,283.52
348.46,212.78,371.63,212.78,371.63,283.2,348.46,283.2
346.54,212.33,369.79,212.33,369.79,282.98,346.54,282.98
344.73,212.17,368.19,212.17,368.19,283.5,344.73,283.5
343.2,211.75,366.83,211.75,366.83,283.55,343.2,283.55
341.66,211.74,365.48,211.74,365.48,284.16,341.66,284.16
340.54,211.27,364.36,211.27,364.36,283.69,340.54,283.69
339.65,210.84,363.47,210.84,363.47,283.25,339.65,283.25
338,211.29,361.72,211.29,361.72,283.4,338,283.4
336.22,211.23,359.86,211.23,359.86,283.08,336.22,283.08
334.63,211.33,358.33,211.33,358.33,283.38,334.63,283.38
333.16,210.75,356.81,210.75,356.81,282.63,333.16,282.63
332.23,210.73,356.03,210.73,356.03,283.09,332.23,283.09
330.33,209.41,354.41,209.41,354.41,282.61,330.33,282.61
329.5,208.45,353.4,208.45,353.4,281.09,329.5,281.09
328.1,207.81,351.91,207.81,351.91,280.2,328.1,280.2
326.94,208.09,350.49,208.09,350.49,279.68,326.94,279.68
326.28,208.16,349.88,208.16,349.88,279.93,326.28,279.93
323.9,208.48,347.33,208.48,347.33,279.69,323.9,279.69
323.11,208.58,346.44,208.58,346.44,279.49,323.11,279.49
322.63,209.34,345.8,209.34,345.8,279.77,322.63,279.77
319.97,208.86,343.23,208.86,343.23,279.56,319.97,279.56
319.63,208.33,342.75,208.33,342.75,278.64,319.63,278.64
317.38,207.39,340.45,207.39,340.45,277.53,317.38,277.53
316.44,206.85,339.33,206.85,339.33,276.43,316.44,276.43
315.54,206.88,338.37,206.88,338.37,276.27,315.54,276.27
314.03,207.03,336.9,207.03,336.9,276.55,314.03,276.55
313.94,206.96,336.77,206.96,336.77,276.37,313.94,276.37
312.41,207.33,335.38,207.33,335.38,277.18,312.41,277.18
312.25,207.49,335.25,207.49,335.25,277.42,312.25,277.42
310.81,206.94,333.76,206.94,333.76,276.72,310.81,276.72
310.27,206.59,333.33,206.59,333.33,276.67,310.27,276.67
309.36,206.15,332.53,206.15,332.53,276.59,309.36,276.59
307.5,204.69,330.49,204.69,330.49,274.55,307.5,274.55
307.28,204.52,330.22,204.52,330.22,274.27,307.28,274.27
305.89,204.33,328.87,204.33,328.87,274.19,305.89,274.19
305.31,204.47,328.26,204.47,328.26,274.24,305.31,274.24
304.54,204.52,327.48,204.52,327.48,274.26,304.54,274.26
303.16,205.07,325.96,205.07,325.96,274.38,303.16,274.38
302.19,205.21,325.17,205.21,325.17,275.07,302.19,275.07
300.26,204.85,323.12,204.85,323.12,274.35,300.26,274.35
298.64,204.25,321.53,204.25,321.53,273.85,298.64,273.85
297.69,203.94,320.47,203.94,320.47,273.18,297.69,273.18
296.35,203.85,319.27,203.85,319.27,273.54,296.35,273.54
295.25,203.52,318.22,203.52,318.22,273.32,295.25,273.32
295.05,203.08,318.1,203.08,318.1,273.15,295.05,273.15
293.77,203.22,316.91,203.22,316.91,273.56,293.77,273.56
293.06,202.98,315.99,202.98,315.99,272.69,293.06,272.69
291.6,203.38,314.46,203.38,314.46,272.86,291.6,272.86
291.2,203.2,313.93,203.2,313.93,272.29,291.2,272.29
290.95,203.31,313.79,203.31,313.79,272.74,290.95,272.74
289.18,202.18,312.04,202.18,312.04,271.66,289.18,271.66
288.46,201.53,311.43,201.53,311.43,271.36,288.46,271.36
287.44,200.65,310.32,200.65,310.32,270.2,287.44,270.2
286.3,199.89,309.06,199.89,309.06,269.07,286.3,269.07
286.23,199.95,308.96,199.95,308.96,269.07,286.23,269.07
284.95,200.45,307.8,200.45,307.8,269.91,284.95,269.91
283.82,200.32,306.71,200.32,306.71,269.91,283.82,269.91
282.29,200.77,305.08,200.77,305.08,270.07,282.29,270.07
281.96,201.15,304.64,201.15,304.64,270.08,281.96,270.08
281.15,201,303.77,201,303.77,269.75,281.15,269.75
278.78,199.92,301.46,199.92,301.46,268.89,278.78,268.89
278.4,199.54,301.14,199.54,301.14,268.67,278.4,268.67
276.74,198.84,299.34,198.84,299.34,267.56,276.74,267.56
275.63,198.52,298.16,198.52,298.16,267.02,275.63,267.02
274.88,198.93,297.23,198.93,297.23,266.87,274.88,266.87
274.02,198.97,296.3,198.97,296.3,266.71,274.02,266.71
273.19,199.58,295.45,199.58,295.45,267.25,273.19,267.25
272.88,200.12,295.3,200.12,295.3,268.29,272.88,268.29
272.52,200.14,294.99,200.14,294.99,268.45,272.52,268.45
271.32,199.24,293.83,199.24,293.83,267.69,271.32,267.69
270.61,198.21,293.18,198.21,293.18,266.82,270.61,266.82
269.74,197.58,292.19,197.58,292.19,265.83,269.74,265.83
268.61,196.96,291.09,196.96,291.09,265.28,268.61,265.28
268.12,196.91,290.31,196.91,290.31,264.37,268.12,264.37
266.86,196.67,289.03,196.67,289.03,264.06,266.86,264.06
266.31,196.47,288.41,196.47,288.41,263.66,266.31,263.66
265.01,196.43,287.19,196.43,287.19,263.86,265.01,263.86
264.11,197.73,286.17,197.73,286.17,264.79,264.11,264.79
262.66,197.18,284.92,197.18,284.92,264.87,262.66,264.87
262.21,197.5,284.39,197.5,284.39,264.95,262.21,264.95
260.4,197.01,282.48,197.01,282.48,264.13,260.4,264.13
258.95,196.27,280.98,196.27,280.98,263.24,258.95,263.24
257.49,195.69,279.62,195.69,279.62,262.96,257.49,262.96
256.59,195.21,278.87,195.21,278.87,262.93,256.59,262.93
256.09,195.61,277.98,195.61,277.98,262.16,256.09,262.16
255.31,195.59,277.44,195.59,277.44,262.87,255.31,262.87
254.09,195.33,276.28,195.33,276.28,262.79,254.09,262.79
253.5,196.39,275.5,196.39,275.5,263.29,253.5,263.29
253.11,196.39,275.05,196.39,275.05,263.08,253.11,263.08
251.63,196.25,273.79,196.25,273.79,263.62,251.63,263.62
251.28,196.01,273.29,196.01,273.29,262.91,251.28,262.91
250.64,195.38,272.63,195.38,272.63,262.22,250.64,262.22
249.52,194.46,271.66,194.46,271.66,261.77,249.52,261.77
248.35,193.57,270.45,193.57,270.45,260.73,248.35,260.73
247.64,193.36,269.75,193.36,269.75,260.58,247.64,260.58
246.64,193.51,268.63,193.51,268.63,260.36,246.64,260.36
246.38,194.35,268.31,194.35,268.31,261.04,246.38,261.04
245.16,194.77,266.98,194.77,266.98,261.13,245.16,261.13
243.98,194.85,265.7,194.85,265.7,260.88,243.98,260.88
242.8,194.92,264.47,194.92,264.47,260.81,242.8,260.81
241.61,194.45,263.41,194.45,263.41,260.71,241.61,260.71
239.43,193.48,261.16,193.48,261.16,259.56,239.43,259.56
239.25,194.21,260.79,194.21,260.79,259.7,239.25,259.7
238.16,193.47,259.83,193.47,259.83,259.36,238.16,259.36
237.22,193.33,258.85,193.33,258.85,259.1,237.22,259.1
236.69,193.66,258.43,193.66,258.43,259.74,236.69,259.74
235.72,193.95,257.37,193.95,257.37,259.74,235.72,259.74
234.86,194.13,256.62,194.13,256.62,260.28,234.86,260.28
234.05,193.76,255.72,193.76,255.72,259.63,234.05,259.63
233.36,194.03,254.91,194.03,254.91,259.54,233.36,259.54
232.38,193.37,253.99,193.37,253.99,259.09,232.38,259.09
231.7,192.42,253.36,192.42,253.36,258.27,231.7,258.27
231.32,192.07,252.72,192.07,252.72,257.12,231.32,257.12
230.64,191.45,252.14,191.45,252.14,256.81,230.64,256.81
229.15,190.57,250.69,190.57,250.69,256.03,229.15,256.03
228.46,190.68,249.89,190.68,249.89,255.84,228.46,255.84
227.88,191.65,249.4,191.65,249.4,257.06,227.88,257.06
226.6,191.47,248.14,191.47,248.14,256.96,226.6,256.96
225.85,191.54,247.4,191.54,247.4,257.04,225.85,257.04
224.36,191.69,245.78,191.69,245.78,256.8,224.36,256.8
223.7,191.64,245.21,191.64,245.21,257.04,223.7,257.04
222.11,190.37,243.68,190.37,243.68,255.93,222.11,255.93
221.54,190.4,242.83,190.4,242.83,255.14,221.54,255.14
220.67,189.96,241.96,189.96,241.96,254.66,220.67,254.66
219.69,189.64,240.92,189.64,240.92,254.17,219.69,254.17
219.42,189.81,240.56,189.81,240.56,254.06,219.42,254.06
219.11,190.5,240.21,190.5,240.21,254.67,219.11,254.67
219.01,191.14,239.96,191.14,239.96,254.85,219.01,254.85
217.94,190.99,238.88,190.99,238.88,254.63,217.94,254.63
217.6,190.91,238.61,190.91,238.61,254.79,217.6,254.79
216.81,189.9,237.84,189.9,237.84,253.83,216.81,253.83
216.25,188.83,237.29,188.83,237.29,252.82,216.25,252.82
216.08,188.29,237.12,188.29,237.12,252.23,216.08,252.23
215.63,188.38,236.67,188.38,236.67,252.35,215.63,252.35
215.1,188.08,236,188.08,236,251.62,215.1,251.62
215.25,188.49,236.16,188.49,236.16,252.07,215.25,252.07
214.37,189.17,235.26,189.17,235.26,252.66,214.37,252.66
213.8,189.42,234.81,189.42,234.81,253.27,213.8,253.27
212.32,188.93,233.52,188.93,233.52,253.38,212.32,253.38
212.23,188.96,233.47,188.96,233.47,253.52,212.23,253.52
211.16,188.27,232.38,188.27,232.38,252.78,211.16,252.78
210.15,187.84,231.18,187.84,231.18,251.77,210.15,251.77
209.37,187.53,230.41,187.53,230.41,251.51,209.37,251.51
208.7,187.28,229.46,187.28,229.46,250.42,208.7,250.42
208.35,186.84,229.11,186.84,229.11,249.94,208.35,249.94
208.01,186.82,228.66,186.82,228.66,249.61,208.01,249.61
208.11,187.9,228.72,187.9,228.72,250.55,208.11,250.55
207.57,188.02,228.29,188.02,228.29,250.99,207.57,250.99
206.93,187.91,227.55,187.91,227.55,250.62,206.93,250.62
206.82,188.04,227.48,188.04,227.48,250.84,206.82,250.84
206.63,187.22,227.35,187.22,227.35,250.19,206.63,250.19
205.79,186.64,226.32,186.64,226.32,249.04,205.79,249.04
205.56,186.19,226.11,186.19,226.11,248.67,205.56,248.67
205.88,186.78,226.33,186.78,226.33,248.93,205.88,248.93
204.62,185.78,225.29,185.78,225.29,248.6,204.62,248.6
204.77,186.15,225.44,186.15,225.44,248.99,204.77,248.99
204.69,186.42,225.32,186.42,225.32,249.14,204.69,249.14
203.86,186.82,224.53,186.82,224.53,249.68,203.86,249.68
203.38,186.47,224.14,186.47,224.14,249.6,203.38,249.6
201.97,185.98,222.64,185.98,222.64,248.82,201.97,248.82
201.9,186.25,222.56,186.25,222.56,249.03,201.9,249.03
201.04,185.71,221.78,185.71,221.78,248.77,201.04,248.77
199.93,184.89,220.63,184.89,220.63,247.82,199.93,247.82
199.6,184.5,220.39,184.5,220.39,247.69,199.6,247.69
199.26,184.53,219.84,184.53,219.84,247.09,199.26,247.09
199.54,184.88,220.1,184.88,220.1,247.38,199.54,247.38
199.29,185.52,219.79,185.52,219.79,247.85,199.29,247.85
198.47,185.49,218.98,185.49,218.98,247.83,198.47,247.83
198.38,184.95,218.85,184.95,218.85,247.19,198.38,247.19
198.29,184.92,218.61,184.92,218.61,246.72,198.29,246.72
199.01,184.84,219.2,184.84,219.2,246.23,199.01,246.23
198.4,184.35,218.45,184.35,218.45,245.31,198.4,245.31
198.54,183.97,218.64,183.97,218.64,245.07,198.54,245.07
198.29,183.84,218.38,183.84,218.38,244.89,198.29,244.89
197.98,183.49,217.99,183.49,217.99,244.32,197.98,244.32
197.15,183.64,217.04,183.64,217.04,244.12,197.15,244.12
196.77,183.7,216.8,183.7,216.8,244.6,196.77,244.6
196.37,184.38,216.35,184.38,216.35,245.13,196.37,245.13
195.73,184.48,215.7,184.48,215.7,245.19,195.73,245.19
194.73,183.62,214.76,183.62,214.76,244.51,194.73,244.51
194.7,183.62,214.78,183.62,214.78,244.67,194.7,244.67
194.32,183.44,214.46,183.44,214.46,244.66,194.32,244.66
193.52,182.96,213.66,182.96,213.66,244.18,193.52,244.18
193.29,182.62,213.48,182.62,213.48,244.01,193.29,244.01
192.6,181.87,212.73,181.87,212.73,243.04,192.6,243.04
192.68,182.69,212.78,182.69,212.78,243.81,192.68,243.81
192.47,183.09,212.45,183.09,212.45,243.85,192.47,243.85
191.91,182.65,211.88,182.65,211.88,243.37,191.91,243.37
191.8,182.81,211.65,182.81,211.65,243.15,191.8,243.15
192.03,182.81,212,182.81,212,243.49,192.03,243.49
191.41,181.82,211.37,181.82,211.37,242.51,191.41,242.51
191.44,181.4,211.27,181.4,211.27,241.69,191.44,241.69
191.95,181.4,211.8,181.4,211.8,241.74,191.95,241.74
191.41,180.73,211.34,180.73,211.34,241.33,191.41,241.33
190.73,180.76,210.6,180.76,210.6,241.18,190.73,241.18
190.76,181.09,210.7,181.09,210.7,241.72,190.76,241.72
189.87,181.33,209.79,181.33,209.79,241.87,189.87,241.87
189.61,181.64,209.46,181.64,209.46,241.96,189.61,241.96
189.14,181.71,209.09,181.71,209.09,242.35,189.14,242.35
188.18,181.47,208.03,181.47,208.03,241.83,188.18,241.83
187.93,181.21,207.9,181.21,207.9,241.91,187.93,241.91
186.94,180.11,206.89,180.11,206.89,240.75,186.94,240.75
186.3,179.91,206.21,179.91,206.21,240.44,186.3,240.44
185.97,179.24,205.85,179.24,205.85,239.68,185.97,239.68
185.81,179.23,205.62,179.23,205.62,239.47,185.81,239.47
186.01,179.99,205.85,179.99,205.85,240.3,186.01,240.3
185.98,180.25,205.77,180.25,205.77,240.41,185.98,240.41
186.07,180.44,205.81,180.44,205.81,240.45,186.07,240.45
185.61,179.74,205.22,179.74,205.22,239.36,185.61,239.36
186.29,179.94,205.76,179.94,205.76,239.14,186.29,239.14
185.69,179.4,205.01,179.4,205.01,238.14,185.69,238.14
185.84,178.98,205.18,178.98,205.18,237.76,185.84,237.76
185.81,178.84,205.09,178.84,205.09,237.47,185.81,237.47
185.73,178.97,204.75,178.97,204.75,236.77,185.73,236.77
185.54,179.16,204.61,179.16,204.61,237.14,185.54,237.14
185.08,179.12,204.23,179.12,204.23,237.35,185.08,237.35
184.16,179.09,203.13,179.09,203.13,236.78,184.16,236.78
184.11,179.49,203.21,179.49,203.21,237.55,184.11,237.55
182.85,179.08,201.82,179.08,201.82,236.75,182.85,236.75
182.84,179.06,201.76,179.06,201.76,236.57,182.84,236.57
181.95,178.24,200.98,178.24,200.98,236.08,181.95,236.08
181.96,178.18,200.83,178.18,200.83,235.56,181.96,235.56
181.18,177.31,200.2,177.31,200.2,235.14,181.18,235.14
181.41,177.33,200.51,177.33,200.51,235.39,181.41,235.39
180.81,177.01,199.91,177.01,199.91,235.08,180.81,235.08
180.78,177.05,199.82,177.05,199.82,234.96,180.78,234.96
181.35,178.13,200.3,178.13,200.3,235.72,181.35,235.72
180.77,177.88,199.69,177.88,199.69,235.39,180.77,235.39
180.74,177.34,199.52,177.34,199.52,234.43,180.74,234.43
181.2,177.29,200.17,177.29,200.17,234.96,181.2,234.96
181.18,177.05,200.1,177.05,200.1,234.59,181.18,234.59
180.66,176.37,199.4,176.37,199.4,233.33,180.66,233.33
180.86,176.42,199.67,176.42,199.67,233.6,180.86,233.6
180.68,176.54,199.34,176.54,199.34,233.26,180.68,233.26
180.17,176.63,198.68,176.63,198.68,232.91,180.17,232.91
180.2,177.1,198.67,177.1,198.67,233.24,180.2,233.24
179.95,177.34,198.42,177.34,198.42,233.48,179.95,233.48
179.53,177.89,198.01,177.89,198.01,234.07,179.53,234.07
178.88,177.63,197.29,177.63,197.29,233.6,178.88,233.6
177.98,176.68,196.28,176.68,196.28,232.33,177.98,232.33
177.23,176.1,195.52,176.1,195.52,231.71,177.23,231.71
176.63,175.39,195.04,175.39,195.04,231.34,176.63,231.34
176.42,174.95,194.91,174.95,194.91,231.13,176.42,231.13
176.54,175.93,195,175.93,195,232.05,176.54,232.05
176.37,176.02,194.75,176.02,194.75,231.9,176.37,231.9
175.76,175.61,194.1,175.61,194.1,231.37,175.76,231.37
175.59,176.06,193.96,176.06,193.96,231.89,175.59,231.89
175.32,175.95,193.67,175.95,193.67,231.73,175.32,231.73
175.15,175.96,193.55,175.96,193.55,231.91,175.15,231.91
174.98,175.26,193.35,175.26,193.35,231.09,174.98,231.09
174.52,174.01,193.04,174.01,193.04,230.29,174.52,230.29
175.05,174.57,193.44,174.57,193.44,230.5,175.05,230.5
174.43,174.07,192.94,174.07,192.94,230.34,174.43,230.34
174.38,174.3,192.83,174.3,192.83,230.4,174.38,230.4
174.27,174.32,192.74,174.32,192.74,230.45,174.27,230.45
173.54,174.76,191.98,174.76,191.98,230.83,173.54,230.83
172.99,174.93,191.44,174.93,191.44,231.03,172.99,231.03
172.44,174.59,191.02,174.59,191.02,231.08,172.44,231.08
170.74,174.34,189.39,174.34,189.39,231.02,170.74,231.02
170.19,173.8,188.93,173.8,188.93,230.76,170.19,230.76
169.39,173.55,188.17,173.55,188.17,230.64,169.39,230.64
168.95,173.49,187.59,173.49,187.59,230.17,168.95,230.17
167.94,172.92,186.6,172.92,186.6,229.65,167.94,229.65
167.05,172.48,185.59,172.48,185.59,228.84,167.05,228.84
166.95,173,185.48,173,185.48,229.32,166.95,229.32
166.41,173.48,184.88,173.48,184.88,229.64,166.41,229.64
165.82,173.97,184.31,173.97,184.31,230.18,165.82,230.18
165.42,173.8,183.99,173.8,183.99,230.25,165.42,230.25
164.45,173.45,182.91,173.45,182.91,229.57,164.45,229.57
164.31,173.93,182.69,173.93,182.69,229.8,164.31,229.8
163.16,172.63,181.46,172.63,181.46,228.27,163.16,228.27
162.44,172.17,180.74,172.17,180.74,227.8,162.44,227.8
161.6,171.58,179.93,171.58,179.93,227.28,161.6,227.28
161.07,171.58,179.39,171.58,179.39,227.27,161.07,227.27
160.59,171.33,178.95,171.33,178.95,227.14,160.59,227.14
159.84,171.94,178.12,171.94,178.12,227.52,159.84,227.52
159.61,172.4,178.03,172.4,178.03,228.39,159.61,228.39
158.08,172.41,176.43,172.41,176.43,228.2,158.08,228.2
157.31,172.16,175.74,172.16,175.74,228.19,157.31,228.19
156.42,172.26,174.87,172.26,174.87,228.35,156.42,228.35
155.75,171.99,174.23,171.99,174.23,228.17,155.75,228.17
154.47,171.46,172.84,171.46,172.84,227.32,154.47,227.32
153.79,170.8,172.07,170.8,172.07,226.38,153.79,226.38
153.45,171.47,171.52,171.47,171.52,226.4,153.45,226.4
152.61,171.3,170.61,171.3,170.61,226.01,152.61,226.01
152.84,171.73,170.71,171.73,170.71,226.06,152.84,226.06
151.45,171.98,169.17,171.98,169.17,225.85,151.45,225.85
151.61,172.21,169.33,172.21,169.33,226.08,151.61,226.08
150.71,171.9,168.44,171.9,168.44,225.78,150.71,225.78
150.31,171.57,168.06,171.57,168.06,225.53,150.31,225.53
149.33,171.27,166.91,171.27,166.91,224.72,149.33,224.72
148.34,170.32,166.06,170.32,166.06,224.2,148.34,224.2
148.08,169.84,165.79,169.84,165.79,223.66,148.08,223.66
147.66,169.87,165.51,169.87,165.51,224.15,147.66,224.15
146.49,169.78,164.11,169.78,164.11,223.34,146.49,223.34
146.37,170.53,163.96,170.53,163.96,224.01,146.37,224.01
145.02,169.55,162.49,169.55,162.49,222.66,145.02,222.66
144.56,170.45,161.85,170.45,161.85,223.01,144.56,223.01
142.06,170.26,159.26,170.26,159.26,222.55,142.06,222.55
141.97,170.54,159.12,170.54,159.12,222.69,141.97,222.69
140.68,170.24,157.88,170.24,157.88,222.55,140.68,222.55
140.37,169.89,157.42,169.89,157.42,221.74,140.37,221.74
138.81,169.81,155.86,169.81,155.86,221.64,138.81,221.64
138.39,169.93,155.44,169.93,155.44,221.78,138.39,221.78
137.25,169.71,154.26,169.71,154.26,221.42,137.25,221.42
149.3,169.67,166.43,169.67,166.43,221.75,149.3,221.75
148.76,169.09,165.75,169.09,165.75,220.73,148.76,220.73
147.9,168.59,164.85,168.59,164.85,220.13,147.9,220.13
147.81,168.81,164.86,168.81,164.86,220.62,147.81,220.62
147.18,168.84,164.19,168.84,164.19,220.56,147.18,220.56
146.72,169.16,163.75,169.16,163.75,220.95,146.72,220.95
146.35,169.55,163.32,169.55,163.32,221.15,146.35,221.15
145.63,169.85,162.55,169.85,162.55,221.3,145.63,221.3
144.35,170.12,161.27,170.12,161.27,221.57,144.35,221.57
143.67,170.46,160.7,170.46,160.7,222.22,143.67,222.22
141.23,169.52,158.28,169.52,158.28,221.36,141.23,221.36
139.08,169.04,156.11,169.04,156.11,220.82,139.08,220.82
137.04,169.07,154.26,169.07,154.26,221.44,137.04,221.44
136.7,152,154.21,152,154.21,205.24,136.7,205.24
136.1,151.25,153.89,151.25,153.89,205.33,136.1,205.33
134.32,169.45,151.75,169.45,151.75,222.45,134.32,222.45
134.9,169.76,152.4,169.76,152.4,222.93,134.9,222.93
133.65,153.16,151.56,153.16,151.56,207.61,133.65,207.61
134.26,152.06,152.43,152.06,152.43,207.32,134.26,207.32
133.64,151.97,152.04,151.97,152.04,207.92,133.64,207.92
129.21,167.94,147.51,167.94,147.51,223.55,129.21,223.55
132.56,151.04,151.02,151.04,151.02,207.16,132.56,207.16
128.06,168.25,146.59,168.25,146.59,224.59,128.06,224.59
128.23,169.85,146.89,169.85,146.89,226.6,128.23,226.6
117.93,156.96,137.18,156.96,137.18,215.48,117.93,215.48
118.44,156.31,138.05,156.31,138.05,215.92,118.44,215.92
120.94,150.47,140.31,150.47,140.31,209.34,120.94,209.34
120.38,150.61,139.51,150.61,139.51,208.76,120.38,208.76
120.71,151.35,139.44,151.35,139.44,208.3,120.71,208.3
120.32,151.71,139,151.71,139,208.51,120.32,208.51
111.56,154.87,130.25,154.87,130.25,211.7,111.56,211.7
111.34,155.44,130.01,155.44,130.01,212.19,111.34,212.19
109.05,153.43,127.71,153.43,127.71,210.17,109.05,210.17
108.32,153.66,126.98,153.66,126.98,210.39,108.32,210.39
106.68,155.78,125.27,155.78,125.27,212.29,106.68,212.29
105.77,155.27,124.38,155.27,124.38,211.84,105.77,211.84
98.08,166.2,116.33,166.2,116.33,221.68,98.08,221.68
97.614,166.9,115.69,166.9,115.69,221.84,97.614,221.84
94.957,167.33,112.88,167.33,112.88,221.81,94.957,221.81
94.566,168.3,112.37,168.3,112.37,222.42,94.566,222.42
93.046,167.1,110.85,167.1,110.85,221.23,93.046,221.23
92.309,167.68,110.11,167.68,110.11,221.79,92.309,221.79
91.791,167.75,109.67,167.75,109.67,222.09,91.791,222.09
89.784,168.65,108.11,168.65,108.11,224.34,89.784,224.34
89.97,166.8,108.72,166.8,108.72,223.8,89.97,223.8
89.627,167.33,108.84,167.33,108.84,225.75,89.627,225.75
89.008,167.4,108.48,167.4,108.48,226.58,89.008,226.58
88.146,166.46,107.96,166.46,107.96,226.69,88.146,226.69
89.412,151.21,109.38,151.21,109.38,211.9,89.412,211.9
88.169,150.98,108.18,150.98,108.18,211.83,88.169,211.83
87.817,151.49,107.82,151.49,107.82,212.3,87.817,212.3
80.725,162.6,100.53,162.6,100.53,222.8,80.725,222.8
85.439,150.64,105.18,150.64,105.18,210.66,85.439,210.66
79.406,161.65,98.985,161.65,98.985,221.17,79.406,221.17
79.852,162.18,99.191,162.18,99.191,220.97,79.852,220.97
79.352,162.41,98.55,162.41,98.55,220.78,79.352,220.78
78.169,162.05,97.081,162.05,97.081,219.54,78.169,219.54
77.927,162.56,96.604,162.56,96.604,219.33,77.927,219.33
77.239,162.23,95.649,162.23,95.649,218.19,77.239,218.19
76.991,162.29,95.185,162.29,95.185,217.6,76.991,217.6
76.857,162.81,94.993,162.81,94.993,217.94,76.857,217.94
75.32,161.78,93.398,161.78,93.398,216.74,75.32,216.74
74.791,161.2,92.781,161.2,92.781,215.9,74.791,215.9
74.747,161.27,92.654,161.27,92.654,215.7,74.747,215.7
73.96,160.86,91.69,160.86,91.69,214.76,73.96,214.76
73.684,160.72,91.317,160.72,91.317,214.32,73.684,214.32
73.019,160.35,90.67,160.35,90.67,214.01,73.019,214.01
72.594,160.44,90.177,160.44,90.177,213.89,72.594,213.89
71.72,160.18,89.201,160.18,89.201,213.32,71.72,213.32
71.277,161.15,88.722,161.15,88.722,214.19,71.277,214.19
70.805,161.3,88.278,161.3,88.278,214.42,70.805,214.42
69.695,161.11,87.174,161.11,87.174,214.24,69.695,214.24
69.077,161.1,86.581,161.1,86.581,214.31,69.077,214.31
68.113,160.46,85.541,160.46,85.541,213.44,68.113,213.44
67.628,160.36,85.027,160.36,85.027,213.26,67.628,213.26
67.117,160.26,84.557,160.26,84.557,213.27,67.117,213.27
66.461,159.69,84.01,159.69,84.01,213.04,66.461,213.04
65.754,159.31,83.25,159.31,83.25,212.5,65.754,212.5
65.412,159.39,82.842,159.39,82.842,212.38,65.412,212.38
65.533,160.16,82.946,160.16,82.946,213.1,65.533,213.1
65.427,160.35,82.818,160.35,82.818,213.22,65.427,213.22
65.117,160.49,82.482,160.49,82.482,213.28,65.117,213.28
65.024,160.15,82.436,160.15,82.436,213.08,65.024,213.08
65.044,159.54,82.435,159.54,82.435,212.41,65.044,212.41
64.724,158.84,82.156,158.84,82.156,211.83,64.724,211.83
64.776,158.58,82.249,158.58,82.249,211.7,64.776,211.7
64.268,158.3,81.744,158.3,81.744,211.42,64.268,211.42
63.885,158.26,81.401,158.26,81.401,211.51,63.885,211.51
63.304,157.62,80.867,157.62,80.867,211.01,63.304,211.01
62.645,158.16,80.126,158.16,80.126,211.3,62.645,211.3
62.824,158.74,80.364,158.74,80.364,212.06,62.824,212.06
61.662,158.34,79.25,158.34,79.25,211.81,61.662,211.81
60.916,158.39,78.421,158.39,78.421,211.61,60.916,211.61
60.611,158.2,78.121,158.2,78.121,211.43,60.611,211.43
59.564,157.7,77.116,157.7,77.116,211.06,59.564,211.06
59.237,157.56,76.839,157.56,76.839,211.07,59.237,211.07
58.939,157.21,76.588,157.21,76.588,210.86,58.939,210.86
58.905,157.54,76.643,157.54,76.643,211.46,58.905,211.46
58.518,157.5,76.268,157.5,76.268,211.46,58.518,211.46
58.072,157.97,75.742,157.97,75.742,211.69,58.072,211.69
57.873,158.44,75.557,158.44,75.557,212.2,57.873,212.2
57.738,158.24,75.439,158.24,75.439,212.05,57.738,212.05
57.519,158.13,75.237,158.13,75.237,211.99,57.519,211.99
57.294,158.02,75.064,158.02,75.064,212.04,57.294,212.04
56.661,156.99,74.209,156.99,74.209,210.34,56.661,210.34
56.451,156.8,73.926,156.8,73.926,209.92,56.451,209.92
56.44,156.67,73.968,156.67,73.968,209.96,56.44,209.96
55.687,156.48,73.091,156.48,73.091,209.39,55.687,209.39
55.954,156.99,73.32,156.99,73.32,209.78,55.954,209.78
55.203,157.53,72.487,157.53,72.487,210.08,55.203,210.08
54.346,157.61,71.498,157.61,71.498,209.75,54.346,209.75
54.297,158.08,71.53,158.08,71.53,210.47,54.297,210.47
52.878,157.78,69.999,157.78,69.999,209.83,52.878,209.83
52.762,157.76,70.034,157.76,70.034,210.26,52.762,210.26
51.275,156.8,68.637,156.8,68.637,209.58,51.275,209.58
51.429,157.02,68.795,157.02,68.795,209.81,51.429,209.81
50.69,156.77,68.062,156.77,68.062,209.59,50.69,209.59
50.217,156.81,67.691,156.81,67.691,209.93,50.217,209.93
49.866,157.06,67.328,157.06,67.328,210.14,49.866,210.14
49.619,157.53,67.007,157.53,67.007,210.39,49.619,210.39
49.271,157.78,66.707,157.78,66.707,210.78,49.271,210.78
48.852,157.61,66.349,157.61,66.349,210.8,48.852,210.8
48.236,157.06,65.689,157.06,65.689,210.12,48.236,210.12
48.133,156.97,65.577,156.97,65.577,210,48.133,210
48.032,156.48,65.483,156.48,65.483,209.53,48.032,209.53
47.638,156.42,64.963,156.42,64.963,209.09,47.638,209.09
46.988,156.06,64.232,156.06,64.232,208.48,46.988,208.48
46.646,156.08,63.823,156.08,63.823,208.29,46.646,208.29
46.609,157.02,63.738,157.02,63.738,209.09,46.609,209.09
46.259,157.41,63.365,157.41,63.365,209.41,46.259,209.41
45.529,157.58,62.605,157.58,62.605,209.49,45.529,209.49
44.549,156.94,61.718,156.94,61.718,209.13,44.549,209.13
44.518,157.27,61.656,157.27,61.656,209.37,44.518,209.37
44.074,157.11,61.07,157.11,61.07,208.78,44.074,208.78
43.199,156.46,60.278,156.46,60.278,208.38,43.199,208.38
42.746,156.16,59.855,156.16,59.855,208.17,42.746,208.17
43.246,156.72,60.27,156.72,60.27,208.48,43.246,208.48
42.393,156.45,59.484,156.45,59.484,208.4,42.393,208.4
42.37,157.32,59.546,157.32,59.546,209.53,42.37,209.53
42.34,157.42,59.5,157.42,59.5,209.59,42.34,209.59
42.113,157.67,59.264,157.67,59.264,209.81,42.113,209.81
42,157.39,59.173,157.39,59.173,209.59,42,209.59
41.959,157.04,59.019,157.04,59.019,208.9,41.959,208.9
41.079,156.2,58.152,156.2,58.152,208.1,41.079,208.1
40.971,156.12,57.932,156.12,57.932,207.68,40.971,207.68
40.762,156.12,57.623,156.12,57.623,207.38,40.762,207.38
40.666,156.35,57.625,156.35,57.625,207.9,40.666,207.9
39.915,156.3,56.807,156.3,56.807,207.66,39.915,207.66
39.617,157.07,56.51,157.07,56.51,208.43,39.617,208.43
39.196,157.04,56.179,157.04,56.179,208.68,39.196,208.68
37.855,156.11,54.919,156.11,54.919,207.98,37.855,207.98
37.352,155.95,54.425,155.95,54.425,207.86,37.352,207.86
36.993,155.67,54.052,155.67,54.052,207.53,36.993,207.53
36.575,155.47,53.549,155.47,53.549,207.07,36.575,207.07
36.304,155.23,53.372,155.23,53.372,207.11,36.304,207.11
35.762,155.43,52.803,155.43,52.803,207.24,35.762,207.24
35.695,155.57,52.695,155.57,52.695,207.25,35.695,207.25
35.426,155.56,52.533,155.56,52.533,207.56,35.426,207.56
35.699,156.03,52.798,156.03,52.798,208.01,35.699,208.01
35.452,155.72,52.52,155.72,52.52,207.61,35.452,207.61
34.673,155.02,51.559,155.02,51.559,206.35,34.673,206.35
35.118,154.96,51.98,154.96,51.98,206.22,35.118,206.22
34.879,154.57,51.799,154.57,51.799,206.01,34.879,206.01
34.31,154.42,51.115,154.42,51.115,205.51,34.31,205.51
33.545,153.95,50.372,153.95,50.372,205.1,33.545,205.1
33.777,154.41,50.643,154.41,50.643,205.68,33.777,205.68
32.922,154.98,49.778,154.98,49.778,206.23,32.922,206.23
32.634,155.44,49.397,155.44,49.397,206.4,32.634,206.4
30.97,154.67,47.817,154.67,47.817,205.89,30.97,205.89
30.757,154.9,47.623,154.9,47.623,206.17,30.757,206.17
29.616,154.79,46.49,154.79,46.49,206.09,29.616,206.09
29.053,154.26,46.016,154.26,46.016,205.83,29.053,205.83
28.008,153.78,44.914,153.78,44.914,205.18,28.008,205.18
28.202,154.12,45.054,154.12,45.054,205.36,28.202,205.36
27.934,154.27,44.887,154.27,44.887,205.8,27.934,205.8
27.212,154.32,44.193,154.32,44.193,205.94,27.212,205.94
26.529,154.26,43.412,154.26,43.412,205.59,26.529,205.59
26.518,154.63,43.463,154.63,43.463,206.14,26.518,206.14
26.337,154.4,43.138,154.4,43.138,205.47,26.337,205.47
25.71,153.93,42.401,153.93,42.401,204.66,25.71,204.66
25.134,153.77,41.632,153.77,41.632,203.92,25.134,203.92
24.93,153.42,41.347,153.42,41.347,203.32,24.93,203.32
24.958,153.47,41.296,153.47,41.296,203.13,24.958,203.13
24.604,153.25,41.102,153.25,41.102,203.41,24.604,203.41
23.802,153.16,40.132,153.16,40.132,202.81,23.802,202.81
23.522,153.83,39.876,153.83,39.876,203.54,23.522,203.54
22.96,153.94,39.222,153.94,39.222,203.38,22.96,203.38
22.016,153.4,38.159,153.4,38.159,202.47,22.016,202.47
21.414,154.01,37.574,154.01,37.574,203.13,21.414,203.13
20.156,153.6,36.426,153.6,36.426,203.06,20.156,203.06
18.868,153.03,35.105,153.03,35.105,202.39,18.868,202.39
18.546,153.01,34.77,153.01,34.77,202.33,18.546,202.33
18.062,153.09,34.302,153.09,34.302,202.46,18.062,202.46
17.19,152.62,33.547,152.62,33.547,202.35,17.19,202.35
17.214,152.92,33.736,152.92,33.736,203.14,17.214,203.14
16.249,153.12,32.547,153.12,32.547,202.67,16.249,202.67
16.308,153.33,32.757,153.33,32.757,203.34,16.308,203.34
15.538,153.22,32.022,153.22,32.022,203.33,15.538,203.33
14.879,153.23,31.15,153.23,31.15,202.69,14.879,202.69
14.563,152.7,30.885,152.7,30.885,202.32,14.563,202.32
14.655,153,31.049,153,31.049,202.83,14.655,202.83
13.943,152.41,30.336,152.41,30.336,202.25,13.943,202.25
13.486,152.02,29.833,152.02,29.833,201.72,13.486,201.72
12.773,152.04,29.118,152.04,29.118,201.73,12.773,201.73
12.096,152.39,28.541,152.39,28.541,202.38,12.096,202.38
11.121,152.11,27.441,152.11,27.441,201.73,11.121,201.73
10.049,152.75,26.397,152.75,26.397,202.44,10.049,202.44
9.2652,152.82,25.657,152.82,25.657,202.65,9.2652,202.65
8.6116,152.71,25.006,152.71,25.006,202.55,8.6116,202.55
7.3021,152.43,23.756,152.43,23.756,202.45,7.3021,202.45
6.4956,152.13,22.793,152.13,22.793,201.67,6.4956,201.67
5.9054,152.32,22.191,152.32,22.191,201.82,5.9054,201.82
4.7927,151.57,21.069,151.57,21.069,201.05,4.7927,201.05
4.3152,151.28,20.581,151.28,20.581,200.73,4.3152,200.73
3.1774,151.13,19.361,151.13,19.361,200.33,3.1774,200.33
2.7339,151.25,18.868,151.25,18.868,200.29,2.7339,200.29
2.8634,152.46,18.925,152.46,18.925,201.29,2.8634,201.29
1.7498,152.94,17.75,152.94,17.75,201.59,1.7498,201.59
0.9219,152.58,16.918,152.58,16.918,201.21,0.9219,201.21
-0.22798,151.94,15.779,151.94,15.779,200.6,-0.22798,200.6
-0.8312,151.86,15.003,151.86,15.003,199.99,-0.8312,199.99
-1.2443,151.87,14.435,151.87,14.435,199.53,-1.2443,199.53
-2.0215,151.2,13.587,151.2,13.587,198.65,-2.0215,198.65
-2.0273,151.61,13.557,151.61,13.557,198.98,-2.0273,198.98
-3.1396,151.55,12.49,151.55,12.49,199.06,-3.1396,199.06
-4.1481,151.2,11.512,151.2,11.512,198.81,-4.1481,198.81
-4.2384,151.45,11.394,151.45,11.394,198.97,-4.2384,198.97
-5.4678,151.54,10.119,151.54,10.119,198.92,-5.4678,198.92
