188.5,247.5,201.5,247.5,201.5,275.5,188.5,275.5
188.48,247.44,201.45,247.44,201.45,275.37,188.48,275.37
188.45,247.23,201.5,247.23,201.5,275.34,188.45,275.34
187.96,246.85,200.94,246.85,200.94,274.8,187.96,274.8
188.21,247.27,201.29,247.27,201.29,275.44,188.21,275.44
187.97,247,201.01,247,201.01,275.1,187.97,275.1
187.8,247.09,200.8,247.09,200.8,275.1,187.8,275.1
188.31,247.82,201.38,247.82,201.38,275.96,188.31,275.96
188.04,247.34,201.05,247.34,201.05,275.36,188.04,275.36
188.42,247.7,201.4,247.7,201.4,275.64,188.42,275.64
188.42,247.44,201.46,247.44,201.46,275.51,188.42,275.51
188.04,246.98,201.09,246.98,201.09,275.09,188.04,275.09
188.05,247.03,201.07,247.03,201.07,275.07,188.05,275.07
188,247.09,201.01,247.09,201.01,275.11,188,275.11
188.59,247.63,201.62,247.63,201.62,275.69,188.59,275.69
188.06,247.05,201.09,247.05,201.09,275.1,188.06,275.1
187.99,247.14,200.96,247.14,200.96,275.09,187.99,275.09
188.18,247.51,201.24,247.51,201.24,275.64,188.18,275.64
188.22,246.78,201.23,246.78,201.23,274.79,188.22,274.79
188.15,246.27,201.2,246.27,201.2,274.38,188.15,274.38
188.17,247.09,201.22,247.09,201.22,275.19,188.17,275.19
187.93,246.86,200.96,246.86,200.96,274.93,187.93,274.93
187.83,247.15,200.87,247.15,200.87,275.24,187.83,275.24
187.83,246.91,200.86,246.91,200.86,274.98,187.83,274.98
187.35,246.36,200.49,246.36,200.49,274.66,187.35,274.66
187.17,246.2,200.29,246.2,200.29,274.47,187.17,274.47
187.15,246.44,200.15,246.44,200.15,274.44,187.15,274.44
187.38,246.5,200.4,246.5,200.4,274.54,187.38,274.54
187.56,246.53,200.45,246.53,200.45,274.29,187.56,274.29
188.58,247.02,201.71,247.02,201.71,275.3,188.58,275.3
188.07,246.83,201.15,246.83,201.15,275.02,188.07,275.02
188.3,246.56,201.34,246.56,201.34,274.65,188.3,274.65
188.3,246.66,201.3,246.66,201.3,274.66,188.3,274.66
188.86,247.18,201.9,247.18,201.9,275.26,188.86,275.26
188.33,246.51,201.33,246.51,201.33,274.51,188.33,274.51
188.58,247.04,201.61,247.04,201.61,275.12,188.58,275.12
188,246.77,201.02,246.77,201.02,274.81,188,274.81
188.04,246.75,201.03,246.75,201.03,274.73,188.04,274.73
188.43,247.17,201.5,247.17,201.5,275.32,188.43,275.32
187.97,246.76,201.01,246.76,201.01,274.84,187.97,274.84
187.86,246.74,200.91,246.74,200.91,274.85,187.86,274.85
187.86,246.8,200.93,246.8,200.93,274.96,187.86,274.96
187.93,246.81,200.99,246.81,200.99,274.92,187.93,274.92
187.92,246.78,200.95,246.78,200.95,274.84,187.92,274.84
187.91,246.77,200.91,246.77,200.91,274.75,187.91,274.75
188.31,247.13,201.45,247.13,201.45,275.44,188.31,275.44
188.04,246.76,201.16,246.76,201.16,275.02,188.04,275.02
188.02,246.84,201.08,246.84,201.08,274.97,188.02,274.97
188.06,246.78,201.13,246.78,201.13,274.94,188.06,274.94
188.05,246.91,201.15,246.91,201.15,275.11,188.05,275.11
187.97,246.84,201.03,246.84,201.03,274.98,187.97,274.98
187.94,246.85,200.99,246.85,200.99,274.96,187.94,274.96
187.91,246.95,200.9,246.95,200.9,274.94,187.91,274.94
188.36,247.36,201.49,247.36,201.49,275.64,188.36,275.64
188.02,246.96,201.17,246.96,201.17,275.29,188.02,275.29
187.99,246.81,201.13,246.81,201.13,275.11,187.99,275.11
187.96,246.81,201.11,246.81,201.11,275.12,187.96,275.12
188.06,246.79,201.23,246.79,201.23,275.17,188.06,275.17
188.36,247.21,201.56,247.21,201.56,275.63,188.36,275.63
188.38,247.11,201.6,247.11,201.6,275.58,188.38,275.58
188.37,247.22,201.57,247.22,201.57,275.65,188.37,275.65
188.37,247.22,201.54,247.22,201.54,275.6,188.37,275.6
188.52,247.29,201.61,247.29,201.61,275.48,188.52,275.48
188.04,246.8,201.13,246.8,201.13,274.99,188.04,274.99
187.99,246.71,201.08,246.71,201.08,274.91,187.99,274.91
188.07,246.88,201.13,246.88,201.13,275.01,188.07,275.01
188.01,246.77,201.09,246.77,201.09,274.93,188.01,274.93
188.08,246.77,201.12,246.77,201.12,274.86,188.08,274.86
188.02,246.72,201.09,246.72,201.09,274.87,188.02,274.87
188.02,246.73,201.12,246.73,201.12,274.95,188.02,274.95
188.01,246.76,201.09,246.76,201.09,274.92,188.01,274.92
188.03,246.69,201.12,246.69,201.12,274.89,188.03,274.89
188.06,246.92,201.08,246.92,201.08,274.98,188.06,274.98
188.04,246.92,201.06,246.92,201.06,274.96,188.04,274.96
188.04,246.72,201.11,246.72,201.11,274.86,188.04,274.86
188.09,246.9,201.15,246.9,201.15,275.03,188.09,275.03
188,246.83,201.05,246.83,201.05,274.94,188,274.94
188.04,246.68,201.11,246.68,201.11,274.84,188.04,274.84
188.07,246.79,201.16,246.79,201.16,275,188.07,275
187.92,246.8,201.02,246.8,201.02,275,187.92,275
187.93,246.82,201.02,246.82,201.02,275.02,187.93,275.02
187.92,246.8,200.99,246.8,200.99,274.97,187.92,274.97
187.91,246.7,200.98,246.7,200.98,274.85,187.91,274.85
187.93,246.88,201,246.88,201,275.04,187.93,275.04
187.86,246.8,200.96,246.8,200.96,275.02,187.86,275.02
187.94,246.72,201.03,246.72,201.03,274.92,187.94,274.92
187.92,246.75,200.99,246.75,200.99,274.89,187.92,274.89
187.89,246.81,200.98,246.81,200.98,274.99,187.89,274.99
187.94,246.89,201.05,246.89,201.05,275.14,187.94,275.14
187.81,246.83,200.96,246.83,200.96,275.15,187.81,275.15
187.87,246.78,201.03,246.78,201.03,275.12,187.87,275.12
187.9,246.69,201.06,246.69,201.06,275.03,187.9,275.03
187.81,246.72,200.97,246.72,200.97,275.06,187.81,275.06
187.94,246.76,201.06,246.76,201.06,275.01,187.94,275.01
188.02,246.68,201.12,246.68,201.12,274.9,188.02,274.9
187.97,246.73,201.04,246.73,201.04,274.88,187.97,274.88
188.1,246.82,201.13,246.82,201.13,274.87,188.1,274.87
188,246.82,201.02,246.82,201.02,274.87,188,274.87
188.07,246.9,201.09,246.9,201.09,274.96,188.07,274.96
187.9,246.94,200.97,246.94,200.97,275.1,187.9,275.1
187.83,246.85,200.91,246.85,200.91,275.02,187.83,275.02
188.04,246.89,201.07,246.89,201.07,274.95,188.04,274.95
187.96,246.45,201.03,246.45,201.03,274.62,187.96,274.62
187.51,245.96,200.6,245.96,200.6,274.15,187.51,274.15
187.17,245.59,200.25,245.59,200.25,273.77,187.17,273.77
194.18,241.42,206.83,241.42,206.83,268.67,194.18,268.67
190.76,235.86,203.43,235.86,203.43,263.15,190.76,263.15
186.58,239.15,199.54,239.15,199.54,267.06,186.58,267.06
194.88,245.4,207.72,245.4,207.72,273.06,194.88,273.06
210.69,246.82,223.63,246.82,223.63,274.68,210.69,274.68
208.41,246.86,221.54,246.86,221.54,275.14,208.41,275.14
208.22,244.5,221.2,244.5,221.2,272.45,208.22,272.45
212.39,234.8,225.3,234.8,225.3,262.62,212.39,262.62
210.38,233.98,223.34,233.98,223.34,261.9,210.38,261.9
210.08,234.15,223.09,234.15,223.09,262.18,210.08,262.18
209.63,235.17,222.63,235.17,222.63,263.17,209.63,263.17
208.81,236.21,221.95,236.21,221.95,264.51,208.81,264.51
211.99,231.12,225.2,231.12,225.2,259.57,211.99,259.57
211.92,231.81,225.18,231.81,225.18,260.38,211.92,260.38
211.16,231.65,224.53,231.65,224.53,260.45,211.16,260.45
209.97,231.27,223.37,231.27,223.37,260.15,209.97,260.15
209.28,231.18,222.75,231.18,222.75,260.18,209.28,260.18
208.22,231.3,221.72,231.3,221.72,260.39,208.22,260.39
204.52,236.18,217.97,236.18,217.97,265.14,204.52,265.14
188.07,246.71,201.44,246.71,201.44,275.51,188.07,275.51
188.26,246.62,201.61,246.62,201.61,275.36,188.26,275.36
188.12,246.96,201.46,246.96,201.46,275.68,188.12,275.68
187.98,247.53,201.22,247.53,201.22,276.06,187.98,276.06
188.34,247.68,201.67,247.68,201.67,276.39,188.34,276.39
187.63,247.67,200.93,247.67,200.93,276.32,187.63,276.32
188.3,247.48,201.53,247.48,201.53,275.99,188.3,275.99
187.78,247.75,200.97,247.75,200.97,276.15,187.78,276.15
188.34,247.64,201.47,247.64,201.47,275.92,188.34,275.92
187.8,246.93,200.89,246.93,200.89,275.12,187.8,275.12
187.48,247.38,200.55,247.38,200.55,275.52,187.48,275.52
187.94,246.76,200.93,246.76,200.93,274.73,187.94,274.73
189.12,247.7,201.97,247.7,201.97,275.38,189.12,275.38
187.64,244.39,200.46,244.39,200.46,272.01,187.64,272.01
197.21,226.42,210.16,226.42,210.16,254.3,197.21,254.3
196.35,229.77,209.28,229.77,209.28,257.6,196.35,257.6
192.74,239.22,205.73,239.22,205.73,267.2,192.74,267.2
192.86,239.33,205.87,239.33,205.87,267.35,192.86,267.35
194.43,231.38,207.34,231.38,207.34,259.19,194.43,259.19
193.07,231.16,206.08,231.16,206.08,259.17,193.07,259.17
192.62,230.92,205.64,230.92,205.64,258.95,192.62,258.95
191.03,230.68,204.02,230.68,204.02,258.65,191.03,258.65
191.72,231.23,204.63,231.23,204.63,259.04,191.72,259.04
191.58,230.98,204.47,230.98,204.47,258.75,191.58,258.75
190.88,225.8,203.98,225.8,203.98,254.02,190.88,254.02
188.53,228.62,201.62,228.62,201.62,256.82,188.53,256.82
189.08,228.57,202.1,228.57,202.1,256.61,189.08,256.61
188.86,229.48,201.87,229.48,201.87,257.49,188.86,257.49
190.38,230.16,203.48,230.16,203.48,258.39,190.38,258.39
188.93,229.63,202.14,229.63,202.14,258.08,188.93,258.08
189.78,232.34,202.98,232.34,202.98,260.77,189.78,260.77
187.22,243.52,200.16,243.52,200.16,271.4,187.22,271.4
192.91,248.05,205.84,248.05,205.84,275.89,192.91,275.89
189.77,247.66,202.64,247.66,202.64,275.4,189.77,275.4
189.25,247.36,202.13,247.36,202.13,275.09,189.25,275.09
189.24,247.2,202.22,247.2,202.22,275.17,189.24,275.17
188.65,247.29,201.66,247.29,201.66,275.31,188.65,275.31
188.71,247.52,201.7,247.52,201.7,275.5,188.71,275.5
189.04,247.35,202.05,247.35,202.05,275.36,189.04,275.36
188.93,247.27,201.93,247.27,201.93,275.28,188.93,275.28
188.6,247.19,201.6,247.19,201.6,275.19,188.6,275.19
188.46,247.18,201.55,247.18,201.55,275.36,188.46,275.36
188.15,246.59,201.18,246.59,201.18,274.63,188.15,274.63
188.07,246.92,201.1,246.92,201.1,275,188.07,275
188.3,246.98,201.33,246.98,201.33,275.05,188.3,275.05
188.19,246.75,201.19,246.75,201.19,274.75,188.19,274.75
188.63,247.3,201.61,247.3,201.61,275.24,188.63,275.24
188.71,247.35,201.68,247.35,201.68,275.29,188.71,275.29
188.43,247.1,201.51,247.1,201.51,275.26,188.43,275.26
188.3,246.81,201.36,246.81,201.36,274.95,188.3,274.95
188.17,246.9,201.14,246.9,201.14,274.84,188.17,274.84
188.77,247.36,201.81,247.36,201.81,275.44,188.77,275.44
188.31,246.98,201.33,246.98,201.33,275.02,188.31,275.02
188.19,246.9,201.14,246.9,201.14,274.79,188.19,274.79
188.7,247.28,201.79,247.28,201.79,275.47,188.7,275.47
188.09,246.91,201.21,246.91,201.21,275.16,188.09,275.16
188.02,246.97,201.17,246.97,201.17,275.29,188.02,275.29
188.09,246.85,201.24,246.85,201.24,275.19,188.09,275.19
188.06,246.77,201.19,246.77,201.19,275.04,188.06,275.04
188.13,246.83,201.25,246.83,201.25,275.09,188.13,275.09
188.08,246.85,201.16,246.85,201.16,275.02,188.08,275.02
188.12,246.98,201.21,246.98,201.21,275.18,188.12,275.18
188.12,246.95,201.18,246.95,201.18,275.09,188.12,275.09
188.09,246.96,201.19,246.96,201.19,275.18,188.09,275.18
188.12,246.84,201.18,246.84,201.18,274.98,188.12,274.98
188.12,246.84,201.14,246.84,201.14,274.88,188.12,274.88
188.1,247.07,201.17,247.07,201.17,275.22,188.1,275.22
188.47,246.91,201.45,246.91,201.45,274.86,188.47,274.86
188.75,247.14,201.83,247.14,201.83,275.32,188.75,275.32
188.03,246.84,201.19,246.84,201.19,275.18,188.03,275.18
188.13,246.8,201.22,246.8,201.22,275.01,188.13,275.01
188.27,246.83,201.3,246.83,201.3,274.89,188.27,274.89
188.08,247.02,201.02,247.02,201.02,274.89,188.08,274.89
188.25,247.33,201.43,247.33,201.43,275.72,188.25,275.72
188.3,247.67,201.62,247.67,201.62,276.36,188.3,276.36
188.44,247.59,201.68,247.59,201.68,276.1,188.44,276.1
188.58,247.41,201.79,247.41,201.79,275.85,188.58,275.85
188.44,247.56,201.62,247.56,201.62,275.95,188.44,275.95
188.33,247.41,201.53,247.41,201.53,275.83,188.33,275.83
188.55,247.34,201.73,247.34,201.73,275.73,188.55,275.73
188.57,247.31,201.76,247.31,201.76,275.72,188.57,275.72
188.49,247.25,201.66,247.25,201.66,275.62,188.49,275.62
188.39,247.26,201.61,247.26,201.61,275.74,188.39,275.74
188.44,247.29,201.64,247.29,201.64,275.71,188.44,275.71
188.4,247.23,201.6,247.23,201.6,275.66,188.4,275.66
188.36,247.25,201.62,247.25,201.62,275.81,188.36,275.81
188.58,247.22,201.85,247.22,201.85,275.79,188.58,275.79
188.29,247.04,201.57,247.04,201.57,275.64,188.29,275.64
188.26,246.91,201.55,246.91,201.55,275.54,188.26,275.54
188.32,246.92,201.64,246.92,201.64,275.62,188.32,275.62
187.85,246.75,201.21,246.75,201.21,275.52,187.85,275.52
187.86,246.61,201.18,246.61,201.18,275.31,187.86,275.31
187.84,246.64,201.2,246.64,201.2,275.42,187.84,275.42
187.8,246.58,201.16,246.58,201.16,275.34,187.8,275.34
187.82,246.68,201.17,246.68,201.17,275.44,187.82,275.44
187.76,246.65,201.14,246.65,201.14,275.47,187.76,275.47
187.66,246.66,201.06,246.66,201.06,275.51,187.66,275.51
187.71,246.6,201.12,246.6,201.12,275.47,187.71,275.47
187.61,246.52,201,246.52,201,275.36,187.61,275.36
187.74,246.58,201.08,246.58,201.08,275.32,187.74,275.32
187.87,246.6,201.15,246.6,201.15,275.21,187.87,275.21
188.37,247.14,201.68,247.14,201.68,275.81,188.37,275.81
188.39,247.17,201.7,247.17,201.7,275.85,188.39,275.85
188.32,247.11,201.64,247.11,201.64,275.81,188.32,275.81
187.78,246.69,201.11,246.69,201.11,275.39,187.78,275.39
187.72,246.69,200.98,246.69,200.98,275.25,187.72,275.25
188.28,246.99,201.58,246.99,201.58,275.63,188.28,275.63
188.26,246.97,201.56,246.97,201.56,275.6,188.26,275.6
188.28,247.1,201.52,247.1,201.52,275.62,188.28,275.62
188.15,247.19,201.39,247.19,201.39,275.71,188.15,275.71
188.24,247.28,201.41,247.28,201.41,275.66,188.24,275.66
188.43,246.79,201.55,246.79,201.55,275.05,188.43,275.05
187.47,247.12,200.57,247.12,200.57,275.34,187.47,275.34
187.36,245.45,200.37,245.45,200.37,273.49,187.36,273.49
187.11,242.72,200.1,242.72,200.1,270.68,187.11,270.68
187.5,242.83,200.55,242.83,200.55,270.94,187.5,270.94
186.82,238.87,199.78,238.87,199.78,266.77,186.82,266.77
187.3,247.81,200.48,247.81,200.48,276.19,187.3,276.19
181.43,261.62,194.81,261.62,194.81,290.43,181.43,290.43
176.65,271.02,190.08,271.02,190.08,299.95,176.65,299.95
174.71,272.06,188.18,272.06,188.18,301.07,174.71,301.07
173.46,272.39,186.97,272.39,186.97,301.48,173.46,301.48
172.01,274.37,185.32,274.37,185.32,303.02,172.01,303.02
151.32,281.51,164.44,281.51,164.44,309.77,151.32,309.77
146.07,284.18,159.19,284.18,159.19,312.45,146.07,312.45
138.76,282.5,151.92,282.5,151.92,310.84,138.76,310.84
146.89,276.91,160.03,276.91,160.03,305.21,146.89,305.21
140.9,274.77,153.95,274.77,153.95,302.89,140.9,302.89
145.96,277.75,158.96,277.75,158.96,305.76,145.96,305.76
151.71,281.45,164.67,281.45,164.67,309.35,151.71,309.35
151.88,281.86,164.78,281.86,164.78,309.65,151.88,309.65
145.9,285.85,158.83,285.85,158.83,313.69,145.9,313.69
145.57,285.65,158.55,285.65,158.55,313.6,145.57,313.6
151.73,282.04,164.58,282.04,164.58,309.7,151.73,309.7
143.44,277.36,156.51,277.36,156.51,305.51,143.44,305.51
141.96,277.67,155,277.67,155,305.76,141.96,305.76
150.45,276.7,163.4,276.7,163.4,304.58,150.45,304.58
150.36,276.82,163.39,276.82,163.39,304.89,150.36,304.89
148.58,276.93,161.53,276.93,161.53,304.82,148.58,304.82
147.64,277.61,160.76,277.61,160.76,305.86,147.64,305.86
139.09,280.46,152.06,280.46,152.06,308.39,139.09,308.39
125.97,271.76,139.05,271.76,139.05,299.92,125.97,299.92
124.64,272.32,137.77,272.32,137.77,300.6,124.64,300.6
124.14,257.04,137.28,257.04,137.28,285.35,124.14,285.35
123.8,273.23,136.89,273.23,136.89,301.44,123.8,301.44
113.51,278.84,126.54,278.84,126.54,306.91,113.51,306.91
109.78,277.98,122.78,277.98,122.78,305.99,109.78,305.99
101.13,266.31,114.18,266.31,114.18,294.42,101.13,294.42
99.668,266.97,112.77,266.97,112.77,295.2,99.668,295.2
97.895,267.64,110.9,267.64,110.9,295.65,97.895,295.65
95.73,269.01,108.79,269.01,108.79,297.14,95.73,297.14
93.652,268.45,106.68,268.45,106.68,296.52,93.652,296.52
92.175,268.53,105.23,268.53,105.23,296.65,92.175,296.65
88.378,268.93,101.45,268.93,101.45,297.07,88.378,297.07
88.146,267.62,101.14,267.62,101.14,295.61,88.146,295.61
87.885,267.79,100.9,267.79,100.9,295.83,87.885,295.83
85.313,268.01,98.339,268.01,98.339,296.06,85.313,296.06
84.572,268.87,97.549,268.87,97.549,296.82,84.572,296.82
84.483,268.96,97.517,268.96,97.517,297.04,84.483,297.04
81.212,271,94.241,271,94.241,299.07,81.212,299.07
80.434,271.43,93.388,271.43,93.388,299.33,80.434,299.33
79.804,271.82,92.807,271.82,92.807,299.82,79.804,299.82
77.276,271.86,90.244,271.86,90.244,299.79,77.276,299.79
75.849,271.19,88.922,271.19,88.922,299.35,75.849,299.35
72.645,270.72,85.689,270.72,85.689,298.81,72.645,298.81
71.16,271.17,84.222,271.17,84.222,299.3,71.16,299.3
69.533,271.62,82.493,271.62,82.493,299.54,69.533,299.54
67.173,273.15,80.251,273.15,80.251,301.32,67.173,301.32
65.391,273.43,78.46,273.43,78.46,301.58,65.391,301.58
62.633,273.63,75.671,273.63,75.671,301.72,62.633,301.72
58.83,272.94,71.803,272.94,71.803,300.88,58.83,300.88
58.383,273.25,71.447,273.25,71.447,301.39,58.383,301.39
56.294,272.57,69.296,272.57,69.296,300.58,56.294,300.58
54.554,272.85,67.523,272.85,67.523,300.78,54.554,300.78
54.104,272.96,67.124,272.96,67.124,301,54.104,301
51.778,273.81,64.824,273.81,64.824,301.91,51.778,301.91
50.556,274.69,63.586,274.69,63.586,302.76,50.556,302.76
49.803,275.11,62.843,275.11,62.843,303.2,49.803,303.2
47.373,275.55,60.395,275.55,60.395,303.6,47.373,303.6
46.447,275.46,59.504,275.46,59.504,303.58,46.447,303.58
45.047,275.33,58.099,275.33,58.099,303.44,45.047,303.44
42.43,274.35,55.497,274.35,55.497,302.49,42.43,302.49
41.043,273.98,54.094,273.98,54.094,302.09,41.043,302.09
38.171,274.13,51.228,274.13,51.228,302.25,38.171,302.25
36.55,274.86,49.56,274.86,49.56,302.88,36.55,302.88
35.053,275.5,48.062,275.5,48.062,303.52,35.053,303.52
32.129,277.18,45.145,277.18,45.145,305.21,32.129,305.21
29.57,277.21,42.562,277.21,42.562,305.19,29.57,305.19
27.526,277.14,40.709,277.14,40.709,305.53,27.526,305.53
25.734,276.98,38.952,276.98,38.952,305.45,25.734,305.45
22.392,276.82,35.65,276.82,35.65,305.37,22.392,305.37
20.792,276.01,34.058,276.01,34.058,304.58,20.792,304.58
18.191,275.41,31.43,275.41,31.43,303.93,18.191,303.93
18.355,275.69,31.645,275.69,31.645,304.31,18.355,304.31
16.211,275.61,29.595,275.61,29.595,304.43,16.211,304.43
13.131,277.52,26.484,277.52,26.484,306.28,13.131,306.28
12.567,277.83,25.966,277.83,25.966,306.69,12.567,306.69
11.561,277.85,25.101,277.85,25.101,307.01,11.561,307.01
-5.3046,288.37,8.1109,288.37,8.1109,317.26,-5.3046,317.26
-7.8729,288.41,5.6726,288.41,5.6726,317.59,-7.8729,317.59
-5.1272,288.61,8.4064,288.61,8.4064,317.76,-5.1272,317.76
4.1209,278.02,17.667,278.02,17.667,307.2,4.1209,307.2
2.7754,277.82,16.386,277.82,16.386,307.13,2.7754,307.13
-4.9128,288.49,8.6735,288.49,8.6735,317.75,-4.9128,317.75
0.4192,299.14,13.938,299.14,13.938,328.26,0.4192,328.26
-5.6466,289.13,7.8994,289.13,7.8994,318.31,-5.6466,318.31
-7.264,288.97,6.3994,288.97,6.3994,318.4,-7.264,318.4
1.2078,278.69,14.925,278.69,14.925,308.24,1.2078,308.24
1.1909,278.72,14.961,278.72,14.961,308.38,1.1909,308.38
-5.9464,287.92,7.6135,287.92,7.6135,317.13,-5.9464,317.13
-5.0534,288.71,8.4975,288.71,8.4975,317.89,-5.0534,317.89
-5.0506,288.54,8.3767,288.54,8.3767,317.46,-5.0506,317.46
-6.9066,288.23,6.5405,288.23,6.5405,317.19,-6.9066,317.19
-6.2299,288.26,7.2005,288.26,7.2005,317.19,-6.2299,317.19
-8.8508,288.46,4.646,288.46,4.646,317.54,-8.8508,317.54
-6.6816,288.75,6.9862,288.75,6.9862,318.19,-6.6816,318.19
-6.4722,288.14,7.0845,288.14,7.0845,317.34,-6.4722,317.34
-8.7832,289.29,4.9561,289.29,4.9561,318.89,-8.7832,318.89
-12.488,288.55,1.3238,288.55,1.3238,318.29,-12.488,318.29
-10.618,289.06,3.4049,289.06,3.4049,319.26,-10.618,319.26
-9.7852,288.61,4.1645,288.61,4.1645,318.66,-9.7852,318.66
-9.1627,288.6,4.75,288.6,4.75,318.56,-9.1627,318.56
-6.8223,288.64,7.1175,288.64,7.1175,318.66,-6.8223,318.66
-11.323,288.84,2.6247,288.84,2.6247,318.88,-11.323,318.88
-9.3121,288.63,4.5837,288.63,4.5837,318.56,-9.3121,318.56
-6.326,288.64,7.5165,288.64,7.5165,318.45,-6.326,318.45
-8.1701,288.92,5.8362,288.92,5.8362,319.08,-8.1701,319.08
-10.344,288.56,3.6258,288.56,3.6258,318.65,-10.344,318.65
-7.6435,288.37,6.2499,288.37,6.2499,318.3,-7.6435,318.3
-8,289.06,6.032,289.06,6.032,319.29,-8,319.29
-8.5499,288.54,5.4195,288.54,5.4195,318.62,-8.5499,318.62
-12.572,288.53,1.3541,288.53,1.3541,318.53,-12.572,318.53
-16.634,288.69,-2.6499,288.69,-2.6499,318.81,-16.634,318.81
-20.08,288.58,-6.199,288.58,-6.199,318.48,-20.08,318.48
-22.455,288.67,-8.5127,288.67,-8.5127,318.7,-22.455,318.7
-24.792,288.88,-10.972,288.88,-10.972,318.64,-24.792,318.64
-26.932,288.75,-13.054,288.75,-13.054,318.64,-26.932,318.64
-29.065,288.85,-15.162,288.85,-15.162,318.79,-29.065,318.79
-31.437,288.88,-17.521,288.88,-17.521,318.86,-31.437,318.86
-33.448,288.67,-19.456,288.67,-19.456,318.81,-33.448,318.81
-35.28,288.48,-21.375,288.48,-21.375,318.43,-35.28,318.43
-37.439,288.91,-23.334,288.91,-23.334,319.29,-37.439,319.29
-39.63,288.85,-25.662,288.85,-25.662,318.94,-39.63,318.94
-42.239,288.39,-28.309,288.39,-28.309,318.4,-42.239,318.4
-44.304,289.01,-30.274,289.01,-30.274,319.22,-44.304,319.22
-46.567,288.5,-32.619,288.5,-32.619,318.54,-46.567,318.54
-49.385,288.48,-35.473,288.48,-35.473,318.45,-49.385,318.45
-51.748,288.9,-37.648,288.9,-37.648,319.27,-51.748,319.27
-54.815,288.69,-40.588,288.69,-40.588,319.33,-54.815,319.33
-57.868,288.78,-43.774,288.78,-43.774,319.13,-57.868,319.13
-60.64,288.37,-46.671,288.37,-46.671,318.46,-60.64,318.46
-63.748,288.4,-49.779,288.4,-49.779,318.49,-63.748,318.49
-66.752,288.79,-52.92,288.79,-52.92,318.58,-66.752,318.58
-70.209,288.7,-56.369,288.7,-56.369,318.51,-70.209,318.51
-73.704,288.36,-59.738,288.36,-59.738,318.44,-73.704,318.44
-77.654,288.32,-63.782,288.32,-63.782,318.2,-77.654,318.2
-81.339,288.75,-67.425,288.75,-67.425,318.72,-81.339,318.72
-84.453,288.48,-70.494,288.48,-70.494,318.54,-84.453,318.54
-87.643,288.32,-73.684,288.32,-73.684,318.39,-87.643,318.39
-91.365,288.18,-77.475,288.18,-77.475,318.1,-91.365,318.1
-93.833,288.89,-79.876,288.89,-79.876,318.95,-93.833,318.95
-96.887,288.59,-83.03,288.59,-83.03,318.43,-96.887,318.43
-100.09,288.82,-86.135,288.82,-86.135,318.87,-100.09,318.87
-102.08,288.43,-88.117,288.43,-88.117,318.51,-102.08,318.51
-104.61,288.63,-90.741,288.63,-90.741,318.49,-104.61,318.49
-107.67,288.6,-93.701,288.6,-93.701,318.69,-107.67,318.69
-110.61,288.48,-96.734,288.48,-96.734,318.36,-110.61,318.36
-113.64,289.04,-99.811,289.04,-99.811,318.82,-113.64,318.82
-116.74,288.92,-102.88,288.92,-102.88,318.77,-116.74,318.77
-119.93,288.98,-106.05,288.98,-106.05,318.86,-119.93,318.86
-122.9,288.81,-108.92,288.81,-108.92,318.9,-122.9,318.9
-125.73,288.63,-111.89,288.63,-111.89,318.45,-125.73,318.45
-128.98,288.8,-115.14,288.8,-115.14,318.59,-128.98,318.59
-131.85,288.58,-117.96,288.58,-117.96,318.51,-131.85,318.51
-135.01,288.72,-121.07,288.72,-121.07,318.73,-135.01,318.73
-137.51,288.74,-123.66,288.74,-123.66,318.57,-137.51,318.57
-140.44,288.75,-126.54,288.75,-126.54,318.69,-140.44,318.69
-142.57,288.93,-128.73,288.93,-128.73,318.73,-142.57,318.73
-145.71,288.94,-131.97,288.94,-131.97,318.55,-145.71,318.55
-148.84,288.42,-135.11,288.42,-135.11,317.98,-148.84,317.98
-151.71,288.54,-138.43,288.54,-138.43,317.16,-151.71,317.16
-154.57,288.65,-141.04,288.65,-141.04,317.8,-154.57,317.8
-157.53,289.06,-143.94,289.06,-143.94,318.33,-157.53,318.33
-160.51,288.9,-146.86,288.9,-146.86,318.3,-160.51,318.3
-163.21,288.66,-149.51,288.66,-149.51,318.18,-163.21,318.18
-165.75,288.56,-152.01,288.56,-152.01,318.16,-165.75,318.16
-168.95,288.3,-155.14,288.3,-155.14,318.03,-168.95,318.03
-171.61,288.92,-157.55,288.92,-157.55,319.22,-171.61,319.22
-174.21,288.61,-160.38,288.61,-160.38,318.38,-174.21,318.38
-176.43,289.11,-162.61,289.11,-162.61,318.86,-176.43,318.86
-179.28,288.87,-165.47,288.87,-165.47,318.62,-179.28,318.62
-181.37,288.55,-167.45,288.55,-167.45,318.52,-181.37,318.52
-183.46,288.66,-169.5,288.66,-169.5,318.73,-183.46,318.73
-185.49,288.54,-171.66,288.54,-171.66,318.34,-185.49,318.34
-188.37,289.03,-174.51,289.03,-174.51,318.88,-188.37,318.88
-190.6,288.85,-176.75,288.85,-176.75,318.68,-190.6,318.68
-193.43,288.79,-179.6,288.79,-179.6,318.6,-193.43,318.6
-196.52,288.78,-182.62,288.78,-182.62,318.71,-196.52,318.71
-199.6,288.78,-185.65,288.78,-185.65,318.82,-199.6,318.82
-202.5,288.17,-188.47,288.17,-188.47,318.39,-202.5,318.39
-204.41,288.83,-190.59,288.83,-190.59,318.6,-204.41,318.6
-206.5,288.82,-192.68,288.82,-192.68,318.59,-206.5,318.59
-209.78,288.93,-195.96,288.93,-195.96,318.7,-209.78,318.7
-212.37,288.85,-198.52,288.85,-198.52,318.67,-212.37,318.67
-214.61,288.85,-200.74,288.85,-200.74,318.71,-214.61,318.71
-217.35,288.59,-203.42,288.59,-203.42,318.59,-217.35,318.59
-219.67,288.71,-205.69,288.71,-205.69,318.82,-219.67,318.82
-222.48,288.54,-208.66,288.54,-208.66,318.32,-222.48,318.32
-225.58,289.04,-211.73,289.04,-211.73,318.88,-225.58,318.88
-228.58,288.77,-214.69,288.77,-214.69,318.67,-228.58,318.67
-231.68,288.91,-217.83,288.91,-217.83,318.76,-231.68,318.76
-234.58,288.8,-220.67,288.8,-220.67,318.76,-234.58,318.76
-237.59,288.76,-223.66,288.76,-223.66,318.75,-237.59,318.75
-240.36,288.63,-226.41,288.63,-226.41,318.67,-240.36,318.67
-242.49,288.45,-228.6,288.45,-228.6,318.38,-242.49,318.38
-245.42,289,-231.5,289,-231.5,318.99,-245.42,318.99
-247.68,288.59,-233.68,288.59,-233.68,318.74,-247.68,318.74
-250.4,288.42,-236.46,288.42,-236.46,318.44,-250.4,318.44
-252.57,288.85,-238.4,288.85,-238.4,319.38,-252.57,319.38
-254.67,289.04,-240.8,289.04,-240.8,318.91,-254.67,318.91
-257.59,288.65,-243.64,288.65,-243.64,318.7,-257.59,318.7
-260.4,288.38,-246.48,288.38,-246.48,318.37,-260.4,318.37
-262.61,288.7,-248.37,288.7,-248.37,319.37,-262.61,319.37
-264.62,288.47,-250.15,288.47,-250.15,319.63,-264.62,319.63
-266.91,288.93,-252.56,288.93,-252.56,319.83,-266.91,319.83
-269.57,288.42,-255.5,288.42,-255.5,318.73,-269.57,318.73
-272.46,288.44,-258.56,288.44,-258.56,318.36,-272.46,318.36
-275.68,288.88,-261.72,288.88,-261.72,318.95,-275.68,318.95
-278.44,288.47,-264.54,288.47,-264.54,318.41,-278.44,318.41
-280.57,288.76,-266.36,288.76,-266.36,319.36,-280.57,319.36
-282.38,289.04,-268.52,289.04,-268.52,318.89,-282.38,318.89
-284.76,288.98,-270.93,288.98,-270.93,318.76,-284.76,318.76
-287.25,288.78,-273.43,288.78,-273.43,318.54,-287.25,318.54
-289.55,288.81,-275.71,288.81,-275.71,318.63,-289.55,318.63
-292.56,288.89,-278.73,288.89,-278.73,318.69,-292.56,318.69
-295.63,288.82,-281.81,288.82,-281.81,318.59,-295.63,318.59
-298.33,288.78,-284.54,288.78,-284.54,318.49,-298.33,318.49
-300.55,288.82,-286.75,288.82,-286.75,318.53,-300.55,318.53
-303.38,289,-289.61,289,-289.61,318.66,-303.38,318.66
-305.53,288.43,-291.76,288.43,-291.76,318.1,-305.53,318.1
-308.52,288.43,-294.73,288.43,-294.73,318.12,-308.52,318.12
-311.54,288.45,-297.72,288.45,-297.72,318.21,-311.54,318.21
-314.42,288.93,-300.34,288.93,-300.34,319.26,-314.42,319.26
-316.28,288.42,-302.44,288.42,-302.44,318.23,-316.28,318.23
-318.47,288.95,-304.56,288.95,-304.56,318.9,-318.47,318.9
-321.55,288.78,-307.64,288.78,-307.64,318.75,-321.55,318.75
-324.52,288.61,-310.52,288.61,-310.52,318.76,-324.52,318.76
-327.6,288.48,-313.73,288.48,-313.73,318.34,-327.6,318.34
-330.59,288.81,-316.45,288.81,-316.45,319.27,-330.59,319.27
-333.99,288.68,-319.64,288.68,-319.64,319.57,-333.99,319.57
-336.54,288.66,-322.64,288.66,-322.64,318.6,-336.54,318.6
-339.62,288.68,-325.7,288.68,-325.7,318.67,-339.62,318.67
-342.63,288.76,-328.74,288.76,-328.74,318.67,-342.63,318.67
-345.48,288.75,-331.58,288.75,-331.58,318.68,-345.48,318.68
-348.26,288.79,-334.32,288.79,-334.32,318.8,-348.26,318.8
-350.37,288.7,-336.38,288.7,-336.38,318.83,-350.37,318.83
-352.49,288.7,-338.69,288.7,-338.69,318.4,-352.49,318.4
-355.58,288.88,-341.74,288.88,-341.74,318.69,-355.58,318.69
-358.63,288.74,-344.76,288.74,-344.76,318.61,-358.63,318.61
-361.59,288.79,-347.65,288.79,-347.65,318.81,-361.59,318.81
-364.49,288.96,-350.77,288.96,-350.77,318.5,-364.49,318.5
-367.51,288.53,-353.77,288.53,-353.77,318.11,-367.51,318.11
-370.7,288.27,-356.82,288.27,-356.82,318.16,-370.7,318.16
-373.6,288.79,-359.43,288.79,-359.43,319.31,-373.6,319.31
-376.98,288.45,-362.52,288.45,-362.52,319.59,-376.98,319.59
-379.78,288.82,-365.36,288.82,-365.36,319.88,-379.78,319.88
-382.73,288.75,-368.2,288.75,-368.2,320.06,-382.73,320.06
-384.74,288.71,-370.31,288.71,-370.31,319.79,-384.74,319.79
-387.86,288.54,-373.4,288.54,-373.4,319.69,-387.86,319.69
-390.74,288.84,-376.34,288.84,-376.34,319.87,-390.74,319.87
-393.33,288.37,-379.23,288.37,-379.23,318.74,-393.33,318.74
-395.26,288.67,-381.47,288.67,-381.47,318.35,-395.26,318.35
-397.5,288.54,-383.75,288.54,-383.75,318.16,-397.5,318.16
-400.55,288.56,-386.86,288.56,-386.86,318.05,-400.55,318.05
-403.35,288.6,-389.66,288.6,-389.66,318.08,-403.35,318.08
-406.45,288.65,-392.78,288.65,-392.78,318.11,-406.45,318.11
-409.6,288.42,-395.9,288.42,-395.9,317.93,-409.6,317.93
-412.73,288.35,-398.99,288.35,-398.99,317.93,-412.73,317.93
-415.54,288.58,-401.85,288.58,-401.85,318.06,-415.54,318.06
-418.59,288.46,-404.9,288.46,-404.9,317.94,-418.59,317.94
-421.38,288.66,-407.68,288.66,-407.68,318.14,-421.38,318.14
-424.5,288.43,-410.77,288.43,-410.77,317.99,-424.5,317.99
-427.52,288.5,-413.77,288.5,-413.77,318.12,-427.52,318.12
-430.63,288.39,-416.89,288.39,-416.89,317.98,-430.63,317.98
-433.63,288.25,-419.89,288.25,-419.89,317.86,-433.63,317.86
-436.76,288.34,-422.97,288.34,-422.97,318.04,-436.76,318.04
-439.31,288.45,-425.46,288.45,-425.46,318.27,-439.31,318.27
-441.55,288.82,-427.41,288.82,-427.41,319.29,-441.55,319.29
-443.86,288.44,-429.37,288.44,-429.37,319.65,-443.86,319.65
-446.77,288.89,-432.35,288.89,-432.35,319.95,-446.77,319.95
-449.69,288.69,-435.17,288.69,-435.17,319.97,-449.69,319.97
-451.93,288.65,-437.38,288.65,-437.38,319.98,-451.93,319.98
-454.88,288.98,-440.4,288.98,-440.4,320.18,-454.88,320.18
-457.46,288.89,-443.05,288.89,-443.05,319.92,-457.46,319.92
-459.69,288.62,-445.67,288.62,-445.67,318.82,-459.69,318.82
-462.3,288.73,-448.57,288.73,-448.57,318.31,-462.3,318.31
-464.48,288.42,-450.74,288.42,-450.74,318.02,-464.48,318.02
-467.47,288.68,-453.79,288.68,-453.79,318.15,-467.47,318.15
-470.43,288.62,-456.77,288.62,-456.77,318.04,-470.43,318.04
-473.62,288.56,-459.96,288.56,-459.96,318,-473.62,318
-476.52,288.64,-462.9,288.64,-462.9,317.97,-476.52,317.97
-479.38,289.13,-465.74,289.13,-465.74,318.5,-479.38,318.5
-482.37,288.58,-468.71,288.58,-468.71,318,-482.37,318
-485.48,288.52,-471.82,288.52,-471.82,317.95,-485.48,317.95
-488.42,288.6,-474.76,288.6,-474.76,318.02,-488.42,318.02
-491.47,288.63,-477.83,288.63,-477.83,318.01,-491.47,318.01
-494.45,288.51,-480.79,288.51,-480.79,317.94,-494.45,317.94
-497.58,288.55,-483.87,288.55,-483.87,318.09,-497.58,318.09
-500.77,288.61,-487.11,288.61,-487.11,318.02,-500.77,318.02
-503.61,288.52,-489.96,288.52,-489.96,317.93,-503.61,317.93
-506.64,288.7,-493.01,288.7,-493.01,318.05,-506.64,318.05
-509.53,289.06,-495.81,289.06,-495.81,318.61,-509.53,318.61
-512.24,288.65,-498.57,288.65,-498.57,318.09,-512.24,318.09
-514.55,288.61,-500.86,288.61,-500.86,318.11,-514.55,318.11
-517.41,288.49,-503.73,288.49,-503.73,317.95,-517.41,317.95
-520.46,288.47,-506.74,288.47,-506.74,318.01,-520.46,318.01
-523.61,288.58,-509.9,288.58,-509.9,318.12,-523.61,318.12
-526.58,288.55,-512.88,288.55,-512.88,318.06,-526.58,318.06
-529.44,288.51,-515.7,288.51,-515.7,318.11,-529.44,318.11
-532.45,288.53,-518.71,288.53,-518.71,318.12,-532.45,318.12
-535.68,288.58,-521.96,288.58,-521.96,318.12,-535.68,318.12
-538.59,288.45,-524.89,288.45,-524.89,317.96,-538.59,317.96
-541.61,288.45,-527.88,288.45,-527.88,318.03,-541.61,318.03
-544.51,288.5,-530.8,288.5,-530.8,318.03,-544.51,318.03
-547.44,288.59,-533.76,288.59,-533.76,318.04,-547.44,318.04
-550.58,288.42,-536.87,288.42,-536.87,317.94,-550.58,317.94
-553.44,288.43,-539.72,288.43,-539.72,317.98,-553.44,317.98
-556.55,288.65,-542.86,288.65,-542.86,318.11,-556.55,318.11
-559.56,288.55,-545.89,288.55,-545.89,318.01,-559.56,318.01
-562.56,288.52,-548.86,288.52,-548.86,318.02,-562.56,318.02
-565.57,288.46,-551.86,288.46,-551.86,317.98,-565.57,317.98
-568.67,288.56,-554.96,288.56,-554.96,318.09,-568.67,318.09
-571.45,288.28,-557.74,288.28,-557.74,317.82,-571.45,317.82
-574.7,288.46,-561,288.46,-561,317.96,-574.7,317.96
-577.44,288.61,-563.73,288.61,-563.73,318.14,-577.44,318.14
-580.53,288.64,-566.85,288.64,-566.85,318.11,-580.53,318.11
-583.4,288.57,-569.71,288.57,-569.71,318.04,-583.4,318.04
-586.67,288.38,-572.92,288.38,-572.92,317.98,-586.67,317.98
-589.64,288.65,-575.91,288.65,-575.91,318.23,-589.64,318.23
-592.63,288.51,-578.9,288.51,-578.9,318.07,-592.63,318.07
-595.64,288.37,-581.92,288.37,-581.92,317.92,-595.64,317.92
-598.55,288.44,-584.82,288.44,-584.82,318.01,-598.55,318.01
-601.52,288.61,-587.81,288.61,-587.81,318.13,-601.52,318.13
-604.56,288.59,-590.86,288.59,-590.86,318.11,-604.56,318.11
-607.63,288.46,-593.86,288.46,-593.86,318.1,-607.63,318.1
-610.6,288.55,-596.84,288.55,-596.84,318.19,-610.6,318.19
-613.61,288.53,-599.87,288.53,-599.87,318.12,-613.61,318.12
-616.47,288.28,-602.71,288.28,-602.71,317.9,-616.47,317.9
-619.55,288.31,-605.75,288.31,-605.75,318.03,-619.55,318.03
-622.34,289.11,-608.51,289.11,-608.51,318.88,-622.34,318.88
-624.59,288.87,-610.72,288.87,-610.72,318.73,-624.59,318.73
-627.65,288.8,-613.73,288.8,-613.73,318.8,-627.65,318.8
-630.64,288.91,-616.74,288.91,-616.74,318.82,-630.64,318.82
-633.56,288.89,-619.7,288.89,-619.7,318.73,-633.56,318.73
-636.75,288.87,-622.93,288.87,-622.93,318.63,-636.75,318.63
-639.51,288.75,-625.63,288.75,-625.63,318.65,-639.51,318.65
-642.72,288.71,-628.8,288.71,-628.8,318.68,-642.72,318.68
-645.54,288.79,-631.64,288.79,-631.64,318.74,-645.54,318.74
-648.59,288.78,-634.62,288.78,-634.62,318.87,-648.59,318.87
-651.42,288.67,-637.63,288.67,-637.63,318.37,-651.42,318.37
-654.53,288.92,-640.74,288.92,-640.74,318.62,-654.53,318.62
-657.43,289.1,-643.67,289.1,-643.67,318.73,-657.43,318.73
-660.51,288.49,-646.74,288.49,-646.74,318.14,-660.51,318.14
-663.36,288.3,-649.6,288.3,-649.6,317.92,-663.36,317.92
-665.67,288.45,-651.94,288.45,-651.94,318.02,-665.67,318.02
-668.5,288.36,-654.79,288.36,-654.79,317.9,-668.5,317.9
-671.34,288.36,-657.59,288.36,-657.59,317.97,-671.34,317.97
-673.58,288.34,-659.84,288.34,-659.84,317.94,-673.58,317.94
-676.61,288.67,-662.89,288.67,-662.89,318.22,-676.61,318.22
-679.51,288.56,-665.8,288.56,-665.8,318.08,-679.51,318.08
-682.53,288.55,-668.86,288.55,-668.86,318,-682.53,318
-685.54,288.34,-671.86,288.34,-671.86,317.8,-685.54,317.8
-688.55,288.55,-674.83,288.55,-674.83,318.1,-688.55,318.1
-691.56,288.69,-677.88,288.69,-677.88,318.17,-691.56,318.17
-694.63,288.64,-680.96,288.64,-680.96,318.07,-694.63,318.07
-697.41,288.45,-683.72,288.45,-683.72,317.93,-697.41,317.93
-700.54,288.44,-686.85,288.44,-686.85,317.92,-700.54,317.92
-703.12,288.94,-690.09,288.94,-690.09,317,-703.12,317
-706.08,289.16,-693.33,289.16,-693.33,316.62,-706.08,316.62
-708.86,289,-696.17,289,-696.17,316.34,-708.86,316.34
-712.33,288.68,-698.88,288.68,-698.88,317.63,-712.33,317.63
-715.37,288.51,-701.83,288.51,-701.83,317.67,-715.37,317.67
-718.25,289.26,-704.71,289.26,-704.71,318.41,-718.25,318.41
-720.64,288.83,-707.08,288.83,-707.08,318.03,-720.64,318.03
-723.4,289.31,-709.82,289.31,-709.82,318.56,-723.4,318.56
-726.38,289.04,-712.81,289.04,-712.81,318.27,-726.38,318.27
-729.38,289.01,-715.8,289.01,-715.8,318.26,-729.38,318.26
-732.33,288.96,-718.74,288.96,-718.74,318.23,-732.33,318.23
-735.52,288.89,-721.9,288.89,-721.9,318.21,-735.52,318.21
-738.36,288.84,-724.75,288.84,-724.75,318.16,-738.36,318.16
-741.65,288.62,-727.32,288.62,-727.32,319.48,-741.65,319.48
-743.54,288.69,-729.62,288.69,-729.62,318.67,-743.54,318.67
-746.55,288.92,-732.64,288.92,-732.64,318.88,-746.55,318.88
-749.71,288.87,-735.78,288.87,-735.78,318.87,-749.71,318.87
-752.61,288.73,-738.7,288.73,-738.7,318.7,-752.61,318.7
-755.61,288.8,-741.66,288.8,-741.66,318.85,-755.61,318.85
-758.35,288.7,-744.64,288.7,-744.64,318.24,-758.35,318.24
-760.56,288.66,-746.87,288.66,-746.87,318.15,-760.56,318.15
-763.46,288.52,-749.79,288.52,-749.79,317.98,-763.46,317.98
-766.71,288.73,-753.07,288.73,-753.07,318.12,-766.71,318.12
