136.5,72.5,150.5,72.5,150.5,114.5,136.5,114.5
139.09,72.388,153.11,72.388,153.11,114.46,139.09,114.46
145.34,71.259,159.25,71.259,159.25,112.98,145.34,112.98
148.45,70.577,162.36,70.577,162.36,112.3,148.45,112.3
150.33,71.658,164.39,71.658,164.39,113.85,150.33,113.85
156.82,71.978,170.68,71.978,170.68,113.57,156.82,113.57
161.09,72.978,175.04,72.978,175.04,114.82,161.09,114.82
171.01,72.169,185.03,72.169,185.03,114.21,171.01,114.21
177.21,71.877,191.37,71.877,191.37,114.34,177.21,114.34
182.75,73.732,197.1,73.732,197.1,116.79,182.75,116.79
185.64,73.224,199.89,73.224,199.89,115.98,185.64,115.98
188.47,72.995,202.73,72.995,202.73,115.8,188.47,115.8
194.28,70.426,208.36,70.426,208.36,112.67,194.28,112.67
198.2,71.715,211.96,71.715,211.96,112.99,198.2,112.99
200.39,72.435,214.01,72.435,214.01,113.3,200.39,113.3
206.81,73.996,220.8,73.996,220.8,115.96,206.81,115.96
209.19,74.812,223.14,74.812,223.14,116.65,209.19,116.65
215.91,74.042,229.82,74.042,229.82,115.76,215.91,115.76
219.15,73.392,232.86,73.392,232.86,114.55,219.15,114.55
225.37,73.192,239.01,73.192,239.01,114.12,225.37,114.12
229.27,73.306,243,73.306,243,114.49,229.27,114.49
234.97,73.756,248.83,73.756,248.83,115.35,234.97,115.35
240.99,76.263,255.1,76.263,255.1,118.6,240.99,118.6
244.18,75.408,258.36,75.408,258.36,117.95,244.18,117.95
265.53,76.167,279.42,76.167,279.42,117.82,265.53,117.82
282.68,75.224,296.55,75.224,296.55,116.82,282.68,116.82
288.47,76.042,302.31,76.042,302.31,117.56,288.47,117.56
290.93,76.199,304.81,76.199,304.81,117.83,290.93,117.83
296.74,74.609,310.64,74.609,310.64,116.3,296.74,116.3
299.93,75.662,313.82,75.662,313.82,117.33,299.93,117.33
305.18,73.859,318.98,73.859,318.98,115.26,305.18,115.26
311.21,75.821,325.02,75.821,325.02,117.27,311.21,117.27
318.85,77.026,332.63,77.026,332.63,118.37,318.85,118.37
321.31,77.239,335.12,77.239,335.12,118.68,321.31,118.68
326.09,76.959,340.12,76.959,340.12,119.04,326.09,119.04
331.82,73.052,345.66,73.052,345.66,114.57,331.82,114.57
335.4,74.468,349.23,74.468,349.23,115.95,335.4,115.95
341.75,75.731,355.6,75.731,355.6,117.3,341.75,117.3
345.07,76.589,358.96,76.589,358.96,118.24,345.07,118.24
348.03,77.081,362.03,77.081,362.03,119.07,348.03,119.07
353.41,73.983,367.3,73.983,367.3,115.63,353.41,115.63
356.87,73.881,370.86,73.881,370.86,115.85,356.87,115.85
361.87,73.961,375.85,73.961,375.85,115.89,361.87,115.89
365.33,74.897,379.3,74.897,379.3,116.81,365.33,116.81
367.97,75.502,382.12,75.502,382.12,117.92,367.97,117.92
375.64,76.847,389.81,76.847,389.81,119.34,375.64,119.34
378.84,72.361,392.72,72.361,392.72,113.98,378.84,113.98
389.18,51.241,403,51.241,403,92.687,389.18,92.687
390.02,50.984,403.88,50.984,403.88,92.562,390.02,92.562
390.04,50.82,403.9,50.82,403.9,92.401,390.04,92.401
389.37,50.598,403.23,50.598,403.23,92.191,389.37,92.191
389.8,50.036,403.7,50.036,403.7,91.747,389.8,91.747
389.19,48.772,403.18,48.772,403.18,90.743,389.19,90.743
388.21,48.448,402.19,48.448,402.19,90.39,388.21,90.39
387.96,49.105,401.88,49.105,401.88,90.849,387.96,90.849
387.94,50.393,401.83,50.393,401.83,92.059,387.94,92.059
387.99,50.367,401.88,50.367,401.88,92.055,387.99,92.055
387.79,49.988,401.69,49.988,401.69,91.693,387.79,91.693
386.38,51.263,400.21,51.263,400.21,92.746,386.38,92.746
386.62,49.923,400.47,49.923,400.47,91.455,386.62,91.455
385.44,51.193,399.33,51.193,399.33,92.872,385.44,92.872
385.66,50.991,399.54,50.991,399.54,92.638,385.66,92.638
385.16,51.227,399.07,51.227,399.07,92.971,385.16,92.971
384.56,52,398.49,52,398.49,93.808,384.56,93.808
383.19,51.943,397.03,51.943,397.03,93.461,383.19,93.461
383.78,52.126,397.62,52.126,397.62,93.634,383.78,93.634
383.34,52.775,397.2,52.775,397.2,94.357,383.34,94.357
382.85,52.79,396.72,52.79,396.72,94.416,382.85,94.416
382.56,52.702,396.52,52.702,396.52,94.563,382.56,94.563
381.93,50.417,395.92,50.417,395.92,92.372,381.93,92.372
381.48,51.081,395.41,51.081,395.41,92.869,381.48,92.869
381.36,50.938,395.26,50.938,395.26,92.632,381.36,92.632
377.94,52.964,391.87,52.964,391.87,94.764,377.94,94.764
376.77,52.536,390.67,52.536,390.67,94.225,376.77,94.225
376.41,53.658,390.3,53.658,390.3,95.314,376.41,95.314
379.3,53.503,393.33,53.503,393.33,95.61,379.3,95.61
377.51,61.283,391.56,61.283,391.56,103.44,377.51,103.44
376.42,60.567,390.43,60.567,390.43,102.59,376.42,102.59
391.31,50.771,405.21,50.771,405.21,92.461,391.31,92.461
391.68,58.646,405.58,58.646,405.58,100.34,391.68,100.34
392.31,51.158,406.08,51.158,406.08,92.483,392.31,92.483
391.24,51.61,404.96,51.61,404.96,92.77,391.24,92.77
391.22,51.375,404.77,51.375,404.77,92.005,391.22,92.005
391.99,52.171,405.43,52.171,405.43,92.503,391.99,92.503
391.36,51.011,404.82,51.011,404.82,91.411,391.36,91.411
