380.5,93.5,410.5,93.5,410.5,164.5,380.5,164.5
380.66,93.514,410.44,93.514,410.44,163.99,380.66,163.99
380.81,93.489,410.66,93.489,410.66,164.13,380.81,164.13
380.75,92.924,410.6,92.924,410.6,163.56,380.75,163.56
380.65,92.439,410.54,92.439,410.54,163.17,380.65,163.17
380.6,92.338,410.33,92.338,410.33,162.7,380.6,162.7
379.85,91.185,409.47,91.185,409.47,161.28,379.85,161.28
379.93,90.661,409.35,90.661,409.35,160.28,379.93,160.28
379.9,90.528,409.12,90.528,409.12,159.68,379.9,159.68
380.3,90.464,409.45,90.464,409.45,159.44,380.3,159.44
380.01,90.247,409.29,90.247,409.29,159.54,380.01,159.54
379.76,89.288,409.21,89.288,409.21,158.98,379.76,158.98
379.44,88.909,408.8,88.909,408.8,158.38,379.44,158.38
378.69,88.072,408.05,88.072,408.05,157.55,378.69,157.55
378.85,87.777,407.97,87.777,407.97,156.7,378.85,156.7
378.4,87.644,407.08,87.644,407.08,155.51,378.4,155.51
378.15,87.328,406.62,87.328,406.62,154.73,378.15,154.73
377.75,86.674,406.33,86.674,406.33,154.31,377.75,154.31
377.89,86.588,406.5,86.588,406.5,154.29,377.89,154.29
377.15,85.812,406.34,85.812,406.34,154.9,377.15,154.9
377,85.339,406.14,85.339,406.14,154.31,377,154.31
376.12,84.831,405.51,84.831,405.51,154.4,376.12,154.4
375.05,84.095,404.1,84.095,404.1,152.86,375.05,152.86
374.38,83.279,403.8,83.279,403.8,152.91,374.38,152.91
373.48,82.722,403.05,82.722,403.05,152.72,373.48,152.72
373.02,82.485,402.67,82.485,402.67,152.64,373.02,152.64
370.05,77.869,399.87,77.869,399.87,148.43,370.05,148.43
368.33,78.653,397.85,78.653,397.85,148.51,368.33,148.51
367.25,79.203,396.27,79.203,396.27,147.9,367.25,147.9
366.02,77.534,394.76,77.534,394.76,145.55,366.02,145.55
365.63,77.595,394.24,77.595,394.24,145.3,365.63,145.3
365.55,76.87,394.33,76.87,394.33,144.99,365.55,144.99
364.54,76.915,393.1,76.915,393.1,144.52,364.54,144.52
364.65,76.439,393.26,76.439,393.26,144.16,364.65,144.16
364.03,76.032,392.73,76.032,392.73,143.95,364.03,143.95
362.91,75.306,391.47,75.306,391.47,142.89,362.91,142.89
362.79,75.064,391.56,75.064,391.56,143.13,362.79,143.13
362.1,75.239,390.49,75.239,390.49,142.43,362.1,142.43
361.47,74.336,389.76,74.336,389.76,141.28,361.47,141.28
361.35,74.396,389.64,74.396,389.64,141.36,361.35,141.36
360.41,73.329,389.05,73.329,389.05,141.13,360.41,141.13
359.73,72.059,388.52,72.059,388.52,140.19,359.73,140.19
359.1,71.493,387.75,71.493,387.75,139.29,359.1,139.29
358.14,71.222,386.69,71.222,386.69,138.77,358.14,138.77
358.57,71.53,387.21,71.53,387.21,139.3,358.57,139.3
357.56,71.001,386.47,71.001,386.47,139.43,357.56,139.43
357.26,71.077,385.84,71.077,385.84,138.73,357.26,138.73
357.2,71.088,385.42,71.088,385.42,137.87,357.2,137.87
356.85,71.035,384.68,71.035,384.68,136.9,356.85,136.9
356.19,71.22,383.41,71.22,383.41,135.63,356.19,135.63
356.18,70.912,383.32,70.912,383.32,135.12,356.18,135.12
355.48,70.357,382.3,70.357,382.3,133.83,355.48,133.83
355.18,69.974,381.86,69.974,381.86,133.13,355.18,133.13
355.05,69.769,381.89,69.769,381.89,133.29,355.05,133.29
354.34,69.78,381.04,69.78,381.04,132.96,354.34,132.96
354.25,70.152,380.9,70.152,380.9,133.22,354.25,133.22
353.66,69.814,380.03,69.814,380.03,132.22,353.66,132.22
351.62,68.807,378.24,68.807,378.24,131.81,351.62,131.81
352.27,67.459,379.16,67.459,379.16,131.1,352.27,131.1
351.93,67.303,378.56,67.303,378.56,130.35,351.93,130.35
351.81,67.252,378.26,67.252,378.26,129.84,351.81,129.84
351.09,67.45,377.57,67.45,377.57,130.13,351.09,130.13
350.47,67.497,376.72,67.497,376.72,129.61,350.47,129.61
349.18,67.427,375.49,67.427,375.49,129.7,349.18,129.7
349.19,67.388,375.49,67.388,375.49,129.63,349.19,129.63
348.73,66.46,374.88,66.46,374.88,128.35,348.73,128.35
349.02,62.796,374.98,62.796,374.98,124.23,349.02,124.23
346.98,66.349,372.97,66.349,372.97,127.87,346.98,127.87
345.89,65.832,371.9,65.832,371.9,127.4,345.89,127.4
345.75,66.221,371.77,66.221,371.77,127.82,345.75,127.82
344.73,66.427,371.04,66.427,371.04,128.7,344.73,128.7
343.5,65.634,369.82,65.634,369.82,127.9,343.5,127.9
343.61,62.276,369.7,62.276,369.7,124.02,343.61,124.02
342.31,63.035,368.21,63.035,368.21,124.33,342.31,124.33
341.6,63.824,367.49,63.824,367.49,125.11,341.6,125.11
341.21,63.012,366.99,63.012,366.99,124.03,341.21,124.03
340.12,62.04,366.18,62.04,366.18,123.7,340.12,123.7
339.91,62.504,365.96,62.504,365.96,124.14,339.91,124.14
339.29,62.112,365.33,62.112,365.33,123.74,339.29,123.74
338.1,61.766,364.01,61.766,364.01,123.1,338.1,123.1
336.81,60.556,362.52,60.556,362.52,121.39,336.81,121.39
337.57,60.286,363.23,60.286,363.23,121.01,337.57,121.01
337.2,58.952,362.6,58.952,362.6,119.07,337.2,119.07
336.49,59.864,361.89,59.864,361.89,119.98,336.49,119.98
335.51,60.029,360.76,60.029,360.76,119.8,335.51,119.8
334.49,59.444,359.79,59.444,359.79,119.33,334.49,119.33
334.49,59.212,359.86,59.212,359.86,119.26,334.49,119.26
334.03,59.22,359.18,59.22,359.18,118.74,334.03,118.74
333.04,58.547,358.2,58.547,358.2,118.09,333.04,118.09
332.57,58.147,357.64,58.147,357.64,117.47,332.57,117.47
332.18,57.989,357.28,57.989,357.28,117.38,332.18,117.38
331.48,57.669,356.62,57.669,356.62,117.17,331.48,117.17
330.43,56.775,355.48,56.775,355.48,116.05,330.43,116.05
325.07,57.29,350.2,57.29,350.2,116.77,325.07,116.77
321.03,56.201,345.99,56.201,345.99,115.29,321.03,115.29
316.31,56.175,341.07,56.175,341.07,114.77,316.31,114.77
306.43,56.415,331.1,56.415,331.1,114.8,306.43,114.8
297.27,56.536,321.99,56.536,321.99,115.04,297.27,115.04
292.42,56.255,317.2,56.255,317.2,114.91,292.42,114.91
288.34,56.022,313.15,56.022,313.15,114.74,288.34,114.74
278.86,55.7,303.48,55.7,303.48,113.98,278.86,113.98
269.88,54.974,294.36,54.974,294.36,112.92,269.88,112.92
270.93,55.052,295.64,55.052,295.64,113.51,270.93,113.51
269.79,54.715,294.43,54.715,294.43,113.02,269.79,113.02
269.2,54.293,293.8,54.293,293.8,112.52,269.2,112.52
268.55,53.694,293.01,53.694,293.01,111.59,268.55,111.59
268.93,53.443,293.43,53.443,293.43,111.43,268.93,111.43
268.26,52.454,292.6,52.454,292.6,110.07,268.26,110.07
268.37,52.423,292.59,52.423,292.59,109.75,268.37,109.75
267.74,52.482,291.78,52.482,291.78,109.37,267.74,109.37
267.86,52.655,291.92,52.655,291.92,109.6,267.86,109.6
267.96,52.686,291.8,52.686,291.8,109.1,267.96,109.1
267.65,52.222,291.43,52.222,291.43,108.5,267.65,108.5
267.42,51.838,291.28,51.838,291.28,108.3,267.42,108.3
266.97,51.482,290.64,51.482,290.64,107.5,266.97,107.5
266.48,51.044,290.25,51.044,290.25,107.28,266.48,107.28
267.04,50.984,290.72,50.984,290.72,107.02,267.04,107.02
266.05,50.521,289.7,50.521,289.7,106.49,266.05,106.49
265.73,50.213,289.39,50.213,289.39,106.19,265.73,106.19
265.41,49.934,289.14,49.934,289.14,106.09,265.41,106.09
265.79,50.897,289.41,50.897,289.41,106.78,265.79,106.78
265.24,52.66,288.79,52.66,288.79,108.39,265.24,108.39
265.06,55.26,288.71,55.26,288.71,111.24,265.06,111.24
264.66,60.043,288.23,60.043,288.23,115.83,264.66,115.83
264.54,65.177,287.87,65.177,287.87,120.38,264.54,120.38
264.46,70.046,287.72,70.046,287.72,125.09,264.46,125.09
264.17,75.36,287.61,75.36,287.61,130.84,264.17,130.84
264.54,77.888,287.87,77.888,287.87,133.09,264.54,133.09
264.12,81.196,287.3,81.196,287.3,136.04,264.12,136.04
264.32,85.812,287.57,85.812,287.57,140.84,264.32,140.84
263.81,88.083,287.02,88.083,287.02,143.01,263.81,143.01
264.14,93.359,287.5,93.359,287.5,148.65,264.14,148.65
263.52,96.31,286.7,96.31,286.7,151.16,263.52,151.16
263.84,98.572,287.06,98.572,287.06,153.53,263.84,153.53
263.18,97.972,286.22,97.972,286.22,152.5,263.18,152.5
263.2,98.033,285.85,98.033,285.85,151.66,263.2,151.66
263.12,97.807,285.69,97.807,285.69,151.23,263.12,151.23
263.67,97.992,286.31,97.992,286.31,151.56,263.67,151.56
263.02,97.455,285.72,97.455,285.72,151.17,263.02,151.17
263.03,99.226,285.74,99.226,285.74,152.97,263.03,152.97
263.25,104.26,285.98,104.26,285.98,158.06,263.25,158.06
263.06,110.35,285.74,110.35,285.74,164.03,263.06,164.03
263.57,114.78,286.22,114.78,286.22,168.38,263.57,168.38
263.75,114.88,286.26,114.88,286.26,168.16,263.75,168.16
264.36,115.16,286.75,115.16,286.75,168.14,264.36,168.14
264.13,114.74,286.5,114.74,286.5,167.7,264.13,167.7
264.38,114.65,286.55,114.65,286.55,167.1,264.38,167.1
265.08,114.64,287.21,114.64,287.21,167.01,265.08,167.01
265.02,114.86,287.07,114.86,287.07,167.05,265.02,167.05
264.87,116.73,286.78,116.73,286.78,168.58,264.87,168.58
265.44,121.84,287.27,121.84,287.27,173.5,265.44,173.5
265.52,126.98,287.58,126.98,287.58,179.18,265.52,179.18
265.28,128.82,287.11,128.82,287.11,180.48,265.28,180.48
265.84,133.98,287.72,133.98,287.72,185.75,265.84,185.75
265.59,140.27,287.64,140.27,287.64,192.47,265.59,192.47
265.33,144.66,287.09,144.66,287.09,196.16,265.33,196.16
265.62,149.4,287.24,149.4,287.24,200.55,265.62,200.55
266.01,155.02,287.64,155.02,287.64,206.21,266.01,206.21
265.6,157.23,287.13,157.23,287.13,208.17,265.6,208.17
268.79,166.87,290.29,166.87,290.29,217.74,268.79,217.74
305.11,157.22,327.35,157.22,327.35,209.84,305.11,209.84
304.32,165.09,326.65,165.09,326.65,217.93,304.32,217.93
303.83,166.1,326.23,166.1,326.23,219.11,303.83,219.11
303.88,169.96,326.54,169.96,326.54,223.57,303.88,223.57
304.08,170.37,326.86,170.37,326.86,224.29,304.08,224.29
303.48,173.07,326.06,173.07,326.06,226.52,303.48,226.52
304.78,168.52,327.48,168.52,327.48,222.23,304.78,222.23
303.83,168.08,326.62,168.08,326.62,222.01,303.83,222.01
305.03,167.37,328.05,167.37,328.05,221.84,305.03,221.84
305.19,168,328.3,168,328.3,222.69,305.19,222.69
304.47,170.31,327.67,170.31,327.67,225.22,304.47,225.22
303.76,169.93,327.19,169.93,327.19,225.4,303.76,225.4
303.42,168.26,326.96,168.26,326.96,223.97,303.42,223.97
304.62,166.64,328.3,166.64,328.3,222.67,304.62,222.67
304.03,167.59,327.64,167.59,327.64,223.47,304.03,223.47
304.31,168.85,327.94,168.85,327.94,224.78,304.31,224.78
304.23,168.39,327.72,168.39,327.72,223.97,304.23,223.97
305.81,183.56,329.1,183.56,329.1,238.67,305.81,238.67
304.9,169.84,328.46,169.84,328.46,225.59,304.9,225.59
304.33,168.95,327.93,168.95,327.93,224.79,304.33,224.79
304.1,167.13,327.51,167.13,327.51,222.53,304.1,222.53
304.58,169.06,328.13,169.06,328.13,224.79,304.58,224.79
303.76,168.55,327.34,168.55,327.34,224.36,303.76,224.36
304.47,167.76,328.03,167.76,328.03,223.52,304.47,223.52
304.56,167.45,328.16,167.45,328.16,223.3,304.56,223.3
304.18,167.33,327.75,167.33,327.75,223.1,304.18,223.1
303.41,168.7,326.98,168.7,326.98,224.49,303.41,224.49
304.48,166.94,328.22,166.94,328.22,223.13,304.48,223.13
305.27,167.66,329.18,167.66,329.18,224.23,305.27,224.23
305.16,166.97,329.12,166.97,329.12,223.69,305.16,223.69
304.31,167.53,328.37,167.53,328.37,224.49,304.31,224.49
305.34,167.1,329.49,167.1,329.49,224.25,305.34,224.25
304.91,167.31,329.26,167.31,329.26,224.93,304.91,224.93
303.96,168.84,328.34,168.84,328.34,226.54,303.96,226.54
304.17,168.1,328.67,168.1,328.67,226.08,304.17,226.08
304.47,167.19,328.72,167.19,328.72,224.61,304.47,224.61
306.64,166.11,330.83,166.11,330.83,223.34,306.64,223.34
326.71,192.21,351.53,192.21,351.53,250.96,326.71,250.96
327.38,189.57,352.68,189.57,352.68,249.45,327.38,249.45
325.05,165.97,350.25,165.97,350.25,225.61,325.05,225.61
324.74,165.67,349.88,165.67,349.88,225.15,324.74,225.15
321.99,152.79,347.14,152.79,347.14,212.32,321.99,212.32
321.37,152.23,346.34,152.23,346.34,211.33,321.37,211.33
324.5,166.57,349.43,166.57,349.43,225.57,324.5,225.57
323.66,167.15,348.53,167.15,348.53,225.99,323.66,225.99
304.9,165.68,329.65,165.68,329.65,224.25,304.9,224.25
304.82,166.67,329.57,166.67,329.57,225.26,304.82,225.26
303.87,182.56,328.83,182.56,328.83,241.64,303.87,241.64
304.74,165.55,329.55,165.55,329.55,224.27,304.74,224.27
304.44,167.22,329.09,167.22,329.09,225.56,304.44,225.56
304.4,166.18,328.92,166.18,328.92,224.23,304.4,224.23
304.1,166.99,328.46,166.99,328.46,224.63,304.1,224.63
305.5,166.3,329.94,166.3,329.94,224.14,305.5,224.14
304.1,168.22,328.6,168.22,328.6,226.21,304.1,226.21
322.64,166.03,347.06,166.03,347.06,223.83,322.64,223.83
304.5,167.59,328.84,167.59,328.84,225.2,304.5,225.2
304.32,167.18,328.61,167.18,328.61,224.66,304.32,224.66
302.84,165.63,326.85,165.63,326.85,222.46,302.84,222.46
303.39,168.65,327.51,168.65,327.51,225.74,303.39,225.74
304.26,167.22,328.32,167.22,328.32,224.16,304.26,224.16
303.12,168,327.21,168,327.21,225,303.12,225
303.72,168.38,327.83,168.38,327.83,225.44,303.72,225.44
303.36,169.19,327.73,169.19,327.73,226.86,303.36,226.86
303.42,167.62,327.75,167.62,327.75,225.19,303.42,225.19
303.72,166.41,327.89,166.41,327.89,223.6,303.72,223.6
303.47,168.66,327.6,168.66,327.6,225.76,303.47,225.76
303.95,167.36,327.85,167.36,327.85,223.92,303.95,223.92
303.2,168.19,327.14,168.19,327.14,224.85,303.2,224.85
302.05,168.77,325.98,168.77,325.98,225.41,302.05,225.41
303.65,166.52,327.45,166.52,327.45,222.85,303.65,222.85
302.97,168.31,326.78,168.31,326.78,224.67,302.97,224.67
304.55,165.56,328.16,165.56,328.16,221.43,304.55,221.43
302.82,168.62,326.51,168.62,326.51,224.68,302.82,224.68
302.54,168.02,326.21,168.02,326.21,224.03,302.54,224.03
322.41,193.38,346.4,193.38,346.4,250.15,322.41,250.15
321.49,194.94,345.51,194.94,345.51,251.78,321.49,251.78
322.5,193.84,346.5,193.84,346.5,250.64,322.5,250.64
322.33,193.16,346.38,193.16,346.38,250.07,322.33,250.07
322.5,194.66,346.62,194.66,346.62,251.74,322.5,251.74
340.09,191.17,364.32,191.17,364.32,248.52,340.09,248.52
351.52,198.47,375.92,198.47,375.92,256.22,351.52,256.22
366.83,226.22,391.25,226.22,391.25,284.02,366.83,284.02
367.77,226.89,392.1,226.89,392.1,284.48,367.77,284.48
367.43,226.89,391.68,226.89,391.68,284.29,367.43,284.29
367.87,226.31,391.97,226.31,391.97,283.35,367.87,283.35
369.43,226.62,393.44,226.62,393.44,283.45,369.43,283.45
368.83,227.27,392.7,227.27,392.7,283.76,368.83,283.76
367.2,229.91,391.11,229.91,391.11,286.49,367.2,286.49
342.44,233.01,365.98,233.01,365.98,288.7,342.44,288.7
342.86,233.94,366.25,233.94,366.25,289.29,342.86,289.29
343.85,234.55,367.31,234.55,367.31,290.08,343.85,290.08
342.95,234.31,366.3,234.31,366.3,289.55,342.95,289.55
355.61,228.84,378.89,228.84,378.89,283.93,355.61,283.93
345.95,232.72,369.11,232.72,369.11,287.52,345.95,287.52
346.71,233.38,369.62,233.38,369.62,287.59,346.71,287.59
347.15,232.6,369.78,232.6,369.78,286.14,347.15,286.14
334.02,234.71,356.63,234.71,356.63,288.2,334.02,288.2
333.89,234.57,356.43,234.57,356.43,287.9,333.89,287.9
334.66,234.3,357.05,234.3,357.05,287.29,334.66,287.29
329.73,234.91,352.02,234.91,352.02,287.66,329.73,287.66
306.21,234.98,328.45,234.98,328.45,287.61,306.21,287.61
297.35,226.01,319.62,226.01,319.62,278.71,297.35,278.71
296.94,234.66,319.13,234.66,319.13,287.18,296.94,287.18
288.39,235.57,310.4,235.57,310.4,287.67,288.39,287.67
283.51,239.26,305.31,239.26,305.31,290.85,283.51,290.85
300.22,231.14,321.85,231.14,321.85,282.35,300.22,282.35
295.59,234.15,317.24,234.15,317.24,285.39,295.59,285.39
288.18,233.84,309.87,233.84,309.87,285.16,288.18,285.16
281.93,232.59,303.61,232.59,303.61,283.88,281.93,283.88
297.33,232.5,319.19,232.5,319.19,284.23,297.33,284.23
289.74,231.71,311.52,231.71,311.52,283.26,289.74,283.26
277.67,232.01,299.36,232.01,299.36,283.33,277.67,283.33
278.99,237.91,300.83,237.91,300.83,289.61,278.99,289.61
275.63,233.06,297.53,233.06,297.53,284.88,275.63,284.88
282.64,229.36,304.44,229.36,304.44,280.97,282.64,280.97
274.05,234.42,295.66,234.42,295.66,285.57,274.05,285.57
259.28,233.25,280.91,233.25,280.91,284.42,259.28,284.42
254.26,232.59,275.82,232.59,275.82,283.63,254.26,283.63
248.53,238.05,270.32,238.05,270.32,289.64,248.53,289.64
242.08,237.48,264.07,237.48,264.07,289.53,242.08,289.53
245.19,230.1,266.99,230.1,266.99,281.7,245.19,281.7
260.53,218.89,281.93,218.89,281.93,269.55,260.53,269.55
255.78,219.56,276.83,219.56,276.83,269.37,255.78,269.37
265.11,229.06,286.05,229.06,286.05,278.61,265.11,278.61
261.59,234.07,282.28,234.07,282.28,283.05,261.59,283.05
253.08,232.3,273.91,232.3,273.91,281.6,253.08,281.6
266.92,215.26,287.68,215.26,287.68,264.41,266.92,264.41
272.62,216.79,293.4,216.79,293.4,265.98,272.62,265.98
265.66,212.81,286.33,212.81,286.33,261.72,265.66,261.72
248.55,214.84,268.88,214.84,268.88,262.95,248.55,262.95
255.1,215.29,275.27,215.29,275.27,263.04,255.1,263.04
240.76,214.86,260.84,214.86,260.84,262.39,240.76,262.39
239.06,215.23,259.06,215.23,259.06,262.57,239.06,262.57
237.35,216.59,257.29,216.59,257.29,263.79,237.35,263.79
239.63,215.96,259.61,215.96,259.61,263.23,239.63,263.23
242.5,237.16,262.35,237.16,262.35,284.14,242.5,284.14
247.9,266.95,267.52,266.95,267.52,313.4,247.9,313.4
247.67,268.14,267.13,268.14,267.13,314.22,247.67,314.22
247.78,267.05,267.08,267.05,267.08,312.73,247.78,312.73
247.3,267.05,266.4,267.05,266.4,312.24,247.3,312.24
246.56,265.95,265.43,265.95,265.43,310.62,246.56,310.62
246.88,265.16,265.68,265.16,265.68,309.65,246.88,309.65
247.73,265.15,266.5,265.15,266.5,309.58,247.73,309.58
247.75,265.38,266.59,265.38,266.59,309.96,247.75,309.96
246.61,265.4,265.23,265.4,265.23,309.47,246.61,309.47
247.67,265.2,266.28,265.2,266.28,309.23,247.67,309.23
248.03,265.07,266.67,265.07,266.67,309.19,248.03,309.19
247.53,265.67,266.16,265.67,266.16,309.77,247.53,309.77
247.92,264.73,266.52,264.73,266.52,308.76,247.92,308.76
247.57,265.96,266.14,265.96,266.14,309.92,247.57,309.92
247.14,263.79,265.79,263.79,265.79,307.92,247.14,307.92
257.41,261.76,275.99,261.76,275.99,305.74,257.41,305.74
247.12,264.53,265.75,264.53,265.75,308.63,247.12,308.63
247.18,264.6,265.75,264.6,265.75,308.56,247.18,308.56
256.6,260.5,275.12,260.5,275.12,304.34,256.6,304.34
255.24,230.57,273.85,230.57,273.85,274.61,255.24,274.61
255.89,230.7,274.65,230.7,274.65,275.1,255.89,275.1
255.49,230.25,274.48,230.25,274.48,275.18,255.49,275.18
243.11,228.35,262.09,228.35,262.09,273.27,243.11,273.27
242.88,228.19,261.88,228.19,261.88,273.17,242.88,273.17
242.56,227.66,261.61,227.66,261.61,272.75,242.56,272.75
242.64,227.1,261.66,227.1,261.66,272.11,242.64,272.11
242.64,227.49,261.66,227.49,261.66,272.51,242.64,272.51
242.9,228.1,261.88,228.1,261.88,273.04,242.9,273.04
243.11,228.33,262.02,228.33,262.02,273.09,243.11,273.09
243.37,228.51,262.26,228.51,262.26,273.21,243.37,273.21
242.84,228.1,261.76,228.1,261.76,272.88,242.84,272.88
243.32,227.94,262.33,227.94,262.33,272.93,243.32,272.93
243.49,227.8,262.59,227.8,262.59,273,243.49,273
242.75,227.34,262.13,227.34,262.13,273.21,242.75,273.21
242.34,243.41,261.88,243.41,261.88,289.66,242.34,289.66
242.48,241.97,261.97,241.97,261.97,288.09,242.48,288.09
243.11,242.02,262.47,242.02,262.47,287.84,243.11,287.84
235.23,231.75,254.61,231.75,254.61,277.62,235.23,277.62
243.52,227.51,262.95,227.51,262.95,273.49,243.52,273.49
243.47,227.37,262.94,227.37,262.94,273.46,243.47,273.46
243.65,226.66,262.92,226.66,262.92,272.27,243.65,272.27
244.41,227.12,263.61,227.12,263.61,272.58,244.41,272.58
243.76,226.55,263.01,226.55,263.01,272.09,243.76,272.09
244.58,226.15,264.03,226.15,264.03,272.18,244.58,272.18
244.06,226.23,263.56,226.23,263.56,272.39,244.06,272.39
244.05,226.03,263.45,226.03,263.45,271.95,244.05,271.95
244.1,226.26,263.52,226.26,263.52,272.23,244.1,272.23
244.35,226.04,263.61,226.04,263.61,271.62,244.35,271.62
244.77,226.41,264.13,226.41,264.13,272.25,244.77,272.25
237.28,229.41,256.92,229.41,256.92,275.9,237.28,275.9
244.82,226.79,264.42,226.79,264.42,273.17,244.82,273.17
244.47,226.91,264.15,226.91,264.15,273.48,244.47,273.48
244.56,226.64,264.19,226.64,264.19,273.1,244.56,273.1
254.2,224.53,273.84,224.53,273.84,271.02,254.2,271.02
244.84,225.86,264.73,225.86,264.73,272.94,244.84,272.94
243.45,225.1,263.7,225.1,263.7,273.04,243.45,273.04
240.29,225.79,261.19,225.79,261.19,275.26,240.29,275.26
237.63,221.39,258.51,221.39,258.51,270.81,237.63,270.81
236.91,220.64,257.82,220.64,257.82,270.11,236.91,270.11
245.04,225.19,265.83,225.19,265.83,274.41,245.04,274.41
236.53,219.77,257.31,219.77,257.31,268.94,236.53,268.94
239.22,220.23,259.89,220.23,259.89,269.15,239.22,269.15
247.05,223.8,267.53,223.8,267.53,272.26,247.05,272.26
240.66,219.41,260.94,219.41,260.94,267.4,240.66,267.4
248.08,223.95,268.33,223.95,268.33,271.87,248.08,271.87
247.66,223.78,267.77,223.78,267.77,271.37,247.66,271.37
247.47,223.71,267.54,223.71,267.54,271.22,247.47,271.22
247.61,224.09,267.65,224.09,267.65,271.52,247.61,271.52
248.03,224.46,267.97,224.46,267.97,271.65,248.03,271.65
248.84,224.96,268.71,224.96,268.71,271.98,248.84,271.98
248.76,225.06,268.62,225.06,268.62,272.07,248.76,272.07
240.63,218.2,260.56,218.2,260.56,265.37,240.63,265.37
242.92,219.43,262.85,219.43,262.85,266.58,242.92,266.58
238.32,211.43,257.96,211.43,257.96,257.91,238.32,257.91
243.35,219.63,262.87,219.63,262.87,265.82,243.35,265.82
238.01,210.3,257.35,210.3,257.35,256.07,238.01,256.07
238.62,210.48,257.64,210.48,257.64,255.5,238.62,255.5
250.73,210.52,269.73,210.52,269.73,255.48,250.73,255.48
253.37,224,272.51,224,272.51,269.3,253.37,269.3
260.12,228.86,279.27,228.86,279.27,274.19,260.12,274.19
250.19,224,269.74,224,269.74,270.28,250.19,270.28
263.1,224.09,282.62,224.09,282.62,270.27,263.1,270.27
255.33,236.83,274.87,236.83,274.87,283.06,255.33,283.06
