481.5,190.5,527.5,190.5,527.5,316.5,481.5,316.5
479.65,189.47,525.84,189.47,525.84,315.98,479.65,315.98
477.31,188.9,523.15,188.9,523.15,314.45,477.31,314.45
476.1,188.53,522.05,188.53,522.05,314.39,476.1,314.39
474.97,188.36,520.91,188.36,520.91,314.18,474.97,314.18
475.5,187.29,522.08,187.29,522.08,314.88,475.5,314.88
475.64,186.95,522.53,186.95,522.53,315.39,475.64,315.39
476.49,186.02,523.68,186.02,523.68,315.28,476.49,315.28
477.06,186.14,523.72,186.14,523.72,313.95,477.06,313.95
476.72,185.84,522.37,185.84,522.37,310.88,476.72,310.88
477.9,185.15,523.21,185.15,523.21,309.24,477.9,309.24
478.43,184.78,523.12,184.78,523.12,307.19,478.43,307.19
476.91,185.34,521.27,185.34,521.27,306.85,476.91,306.85
476.1,186.66,519.85,186.66,519.85,306.49,476.1,306.49
462.84,186.53,506.8,186.53,506.8,306.96,462.84,306.96
463.12,186.79,508.03,186.79,508.03,309.79,463.12,309.79
456.23,182.6,500.9,182.6,500.9,304.94,456.23,304.94
457.69,183.07,502.35,183.07,502.35,305.39,457.69,305.39
457.92,177.6,502.08,177.6,502.08,298.58,457.92,298.58
434.07,182.42,478.05,182.42,478.05,302.89,434.07,302.89
427.6,185.58,471.57,185.58,471.57,306.02,427.6,306.02
425.9,187.85,469.49,187.85,469.49,307.23,425.9,307.23
422.82,186.64,466.71,186.64,466.71,306.86,422.82,306.86
419.36,185.28,464.15,185.28,464.15,307.95,419.36,307.95
417.37,185.73,462.19,185.73,462.19,308.5,417.37,308.5
414.13,187.61,458.76,187.61,458.76,309.84,414.13,309.84
411.29,187.1,455.56,187.1,455.56,308.36,411.29,308.36
412.46,188.19,456.26,188.19,456.26,308.18,412.46,308.18
407.66,186.27,451.75,186.27,451.75,307.03,407.66,307.03
409.82,187.38,453.91,187.38,453.91,308.15,409.82,308.15
409.52,186.9,453.91,186.9,453.91,308.48,409.52,308.48
407.55,185.39,452.4,185.39,452.4,308.24,407.55,308.24
407.51,183.13,452.86,183.13,452.86,307.34,407.51,307.34
407.56,181.96,453.78,181.96,453.78,308.57,407.56,308.57
412.14,179.87,459.19,179.87,459.19,308.74,412.14,308.74
412.33,177.35,459.85,177.35,459.85,307.54,412.33,307.54
414.93,179.5,462.1,179.5,462.1,308.71,414.93,308.71
418.37,178.15,465.46,178.15,465.46,307.16,418.37,307.16
419.72,177.36,466.76,177.36,466.76,306.23,419.72,306.23
418.65,176.7,465.57,176.7,465.57,305.23,418.65,305.23
420.34,178.05,467.14,178.05,467.14,306.26,420.34,306.26
420.22,177.96,466.92,177.96,466.92,305.87,420.22,305.87
420.65,177.25,467.23,177.25,467.23,304.85,420.65,304.85
421.44,177.12,468.34,177.12,468.34,305.59,421.44,305.59
420.77,177.16,467.79,177.16,467.79,305.98,420.77,305.98
418.81,176.54,465.84,176.54,465.84,305.36,418.81,305.36
419.15,177.38,465.98,177.38,465.98,305.65,419.15,305.65
419.29,178.97,465.88,178.97,465.88,306.58,419.29,306.58
419.02,180.57,465.52,180.57,465.52,307.95,419.02,307.95
417.51,180.01,464.23,180.01,464.23,307.99,417.51,307.99
417.16,179.68,464.32,179.68,464.32,308.88,417.16,308.88
417.51,181.53,464.72,181.53,464.72,310.85,417.51,310.85
417.9,180.13,465.23,180.13,465.23,309.8,417.9,309.8
419.91,179.37,467.28,179.37,467.28,309.14,419.91,309.14
426.31,182.61,473.69,182.61,473.69,312.38,426.31,312.38
426.39,181.47,473.74,181.47,473.74,311.17,426.39,311.17
421.35,178.88,468.74,178.88,468.74,308.68,421.35,308.68
415.36,179.1,462.81,179.1,462.81,309.07,415.36,309.07
414.74,178.61,462.35,178.61,462.35,309.02,414.74,309.02
412.71,178.15,460.24,178.15,460.24,308.33,412.71,308.33
409.78,177.74,457.13,177.74,457.13,307.43,409.78,307.43
410.51,177.96,458.12,177.96,458.12,308.37,410.51,308.37
411.6,177.45,459.27,177.45,459.27,308.04,411.6,308.04
413.09,178.7,460.92,178.7,460.92,309.72,413.09,309.72
413.69,178.55,461.64,178.55,461.64,309.89,413.69,309.89
414.35,178.34,462.38,178.34,462.38,309.9,414.35,309.9
416.06,180.45,464.09,180.45,464.09,312.02,416.06,312.02
415.57,179.01,463.56,179.01,463.56,310.46,415.57,310.46
417.65,178.58,465.82,178.58,465.82,310.51,417.65,310.51
415.37,178.19,463.41,178.19,463.41,309.76,415.37,309.76
415.71,177.83,463.93,177.83,463.93,309.91,415.71,309.91
415.08,178.22,463.04,178.22,463.04,309.6,415.08,309.6
414.25,177.99,462.31,177.99,462.31,309.65,414.25,309.65
412.87,177.06,460.98,177.06,460.98,308.85,412.87,308.85
413.68,176.82,461.81,176.82,461.81,308.66,413.68,308.66
413.3,182.57,460.61,182.57,460.61,312.17,413.3,312.17
416.77,180.46,464.07,180.46,464.07,310.03,416.77,310.03
415.9,175.69,463.89,175.69,463.89,307.15,415.9,307.15
415.66,174.18,464.05,174.18,464.05,306.73,415.66,306.73
415.21,174.93,463.8,174.93,463.8,308.03,415.21,308.03
418.78,181.93,466.35,181.93,466.35,312.24,418.78,312.24
418.01,177.3,466.13,177.3,466.13,309.11,418.01,309.11
418.76,175.87,467.36,175.87,467.36,309.02,418.76,309.02
419.9,176.52,468.96,176.52,468.96,310.88,419.9,310.88
422.01,183.14,470.25,183.14,470.25,315.26,422.01,315.26
424.33,175.89,473.29,175.89,473.29,309.99,424.33,309.99
424.04,177.98,473.21,177.98,473.21,312.66,424.04,312.66
427.35,174.99,477.17,174.99,477.17,311.44,427.35,311.44
425.96,173.1,476.09,173.1,476.09,310.41,425.96,310.41
426.07,182.57,475.45,182.57,475.45,317.83,426.07,317.83
427.14,185.41,475.53,185.41,475.53,317.95,427.14,317.95
427.24,177.14,476.45,177.14,476.45,311.94,427.24,311.94
426.5,176.03,476.16,176.03,476.16,312.06,426.5,312.06
426.67,180.35,476.13,180.35,476.13,315.83,426.67,315.83
428.4,178.62,478.21,178.62,478.21,315.03,428.4,315.03
428.22,176.85,478.26,176.85,478.26,313.9,428.22,313.9
429.56,182.42,479.29,182.42,479.29,318.64,429.56,318.64
430.35,182.79,479.85,182.79,479.85,318.37,430.35,318.37
431.18,181.63,480.88,181.63,480.88,317.76,431.18,317.76
439.66,181.51,489.96,181.51,489.96,319.3,439.66,319.3
439.28,181.06,489.59,181.06,489.59,318.87,439.28,318.87
440.19,188.31,490.04,188.31,490.04,324.84,440.19,324.84
441,181.75,491.25,181.75,491.25,319.37,441,319.37
444.54,185.29,494.63,185.29,494.63,322.48,444.54,322.48
444.72,186.79,494.74,186.79,494.74,323.82,444.72,323.82
446.73,183.74,496.87,183.74,496.87,321.08,446.73,321.08
447.59,179.47,497.94,179.47,497.94,317.4,447.59,317.4
448.12,179.4,498.59,179.4,498.59,317.63,448.12,317.63
448.33,186.18,498.55,186.18,498.55,323.75,448.33,323.75
448.74,185.95,498.7,185.95,498.7,322.79,448.74,322.79
451.48,182.8,501.79,182.8,501.79,320.62,451.48,320.62
452.53,187.99,502.51,187.99,502.51,324.88,452.53,324.88
454.07,188.11,503.65,188.11,503.65,323.9,454.07,323.9
453.53,180.63,503.59,180.63,503.59,317.75,453.53,317.75
453.54,180.47,503.88,180.47,503.88,318.37,453.54,318.37
454.42,189.06,504.26,189.06,504.26,325.6,454.42,325.6
453.43,187.66,503.04,187.66,503.04,323.53,453.43,323.53
454.49,180.85,504.67,180.85,504.67,318.29,454.49,318.29
453.5,180.81,503.95,180.81,503.95,318.99,453.5,318.99
445.21,186.47,495.36,186.47,495.36,323.82,445.21,323.82
444.28,183.74,494.82,183.74,494.82,322.17,444.28,322.17
444.45,184.27,495.13,184.27,495.13,323.09,444.45,323.09
444.05,182.02,495.05,182.02,495.05,321.71,444.05,321.71
444.34,185.52,495.02,185.52,495.02,324.35,444.34,324.35
443.22,182.41,494.06,182.41,494.06,321.65,443.22,321.65
442.15,180.22,493.17,180.22,493.17,319.95,442.15,319.95
438.99,183.98,489.64,183.98,489.64,322.7,438.99,322.7
440.95,181.51,491.62,181.51,491.62,320.29,440.95,320.29
441.48,184.7,491.54,184.7,491.54,321.82,441.48,321.82
439.47,182.23,489.28,182.23,489.28,318.65,439.47,318.65
438.2,183.03,487.75,183.03,487.75,318.75,438.2,318.75
434.67,183.4,484.02,183.4,484.02,318.57,434.67,318.57
432.25,176.9,482.11,176.9,482.11,313.46,432.25,313.46
431.35,178.16,481.13,178.16,481.13,314.51,431.35,314.51
431.97,177.65,482.08,177.65,482.08,314.91,431.97,314.91
431.99,183.79,481.35,183.79,481.35,319.01,431.99,319.01
432.72,181.72,481.95,181.72,481.95,316.55,432.72,316.55
433.41,182.35,482.57,182.35,482.57,317,433.41,317
434.21,185.69,482.93,185.69,482.93,319.13,434.21,319.13
433.39,180.36,482.72,180.36,482.72,315.48,433.39,315.48
432.98,180.11,482.64,180.11,482.64,316.14,432.98,316.14
431.07,184.28,480.18,184.28,480.18,318.79,431.07,318.79
430.97,181.28,480.01,181.28,480.01,315.62,430.97,315.62
428.2,180.23,477.28,180.23,477.28,314.69,428.2,314.69
426.4,180.25,475.58,180.25,475.58,314.94,426.4,314.94
425.94,182.06,474.8,182.06,474.8,315.88,425.94,315.88
424.53,179.89,473.31,179.89,473.31,313.5,424.53,313.5
423.16,179.31,471.96,179.31,471.96,313.01,423.16,313.01
424.1,175.73,473.58,175.73,473.58,311.28,424.1,311.28
426.2,183.54,474.63,183.54,474.63,316.2,426.2,316.2
425.9,176.68,474.86,176.68,474.86,310.78,425.9,310.78
425.51,176.3,474.77,176.3,474.77,311.22,425.51,311.22
426.04,179.7,474.79,179.7,474.79,313.22,426.04,313.22
429.72,179.45,478.24,179.45,478.24,312.36,429.72,312.36
429.45,179.29,477.85,179.29,477.85,311.88,429.45,311.88
429.46,178.66,477.97,178.66,477.97,311.54,429.46,311.54
427.63,179.09,476.05,179.09,476.05,311.73,427.63,311.73
426.48,179.45,474.83,179.45,474.83,311.89,426.48,311.89
420.59,179.78,468.67,179.78,468.67,311.47,420.59,311.47
421.42,179.6,469.32,179.6,469.32,310.8,421.42,310.8
419.48,179.93,467.36,179.93,467.36,311.07,419.48,311.07
420.33,180.09,468.23,180.09,468.23,311.31,420.33,311.31
422.15,180.26,469.87,180.26,469.87,310.97,422.15,310.97
422.98,180.42,470.27,180.42,470.27,309.94,422.98,309.94
423.74,181.12,470.59,181.12,470.59,309.45,423.74,309.45
424.62,181.96,471.61,181.96,471.61,310.67,424.62,310.67
424.41,181.77,471.27,181.77,471.27,310.11,424.41,310.11
424.65,182.23,471.22,182.23,471.22,309.81,424.65,309.81
424.23,182.33,470.64,182.33,470.64,309.46,424.23,309.46
423.53,182.01,469.84,182.01,469.84,308.84,423.53,308.84
424.07,182.38,470.46,182.38,470.46,309.44,424.07,309.44
423.1,181.63,469.36,181.63,469.36,308.35,423.1,308.35
423.84,182.35,470.23,182.35,470.23,309.41,423.84,309.41
423.56,181.44,469.97,181.44,469.97,308.54,423.56,308.54
423.87,181.74,470.41,181.74,470.41,309.21,423.87,309.21
423.73,182.09,470.18,182.09,470.18,309.33,423.73,309.33
423.36,181.81,469.79,181.81,469.79,308.99,423.36,308.99
423.62,180.94,470.14,180.94,470.14,308.35,423.62,308.35
425.03,179.82,471.88,179.82,471.88,308.14,425.03,308.14
430.31,180.33,476.97,180.33,476.97,308.12,430.31,308.12
442.51,180.64,488.75,180.64,488.75,307.28,442.51,307.28
449.48,181.18,495.05,181.18,495.05,306.02,449.48,306.02
456.61,178.87,501.94,178.87,501.94,303.05,456.61,303.05
458.93,178.72,503.94,178.72,503.94,301.99,458.93,301.99
462.63,177.42,508.06,177.42,508.06,301.86,462.63,301.86
467.87,175.72,513.54,175.72,513.54,300.82,467.87,300.82
472.38,173.53,518.18,173.53,518.18,298.98,472.38,298.98
476.73,175.58,522.31,175.58,522.31,300.45,476.73,300.45
479.17,174.61,524.95,174.61,524.95,300.03,479.17,300.03
481.64,174.86,527.49,174.86,527.49,300.43,481.64,300.43
481.09,174.42,526.95,174.42,526.95,300.04,481.09,300.04
480.68,173.19,526.65,173.19,526.65,299.1,480.68,299.1
480.49,172.16,526.45,172.16,526.45,298.04,480.49,298.04
478.96,170.86,524.74,170.86,524.74,296.26,478.96,296.26
481.13,171.02,526.59,171.02,526.59,295.53,481.13,295.53
483.38,169.31,528.76,169.31,528.76,293.63,483.38,293.63
484.94,166.82,529.3,166.82,529.3,288.31,484.94,288.31
484.88,170.83,529.66,170.83,529.66,293.49,484.88,293.49
484.26,171.39,528.86,171.39,528.86,293.54,484.26,293.54
484.87,172.13,529.57,172.13,529.57,294.57,484.87,294.57
484.51,171.42,529.14,171.42,529.14,293.68,484.51,293.68
484.89,172.71,529.36,172.71,529.36,294.52,484.89,294.52
480.99,173.78,525.43,173.78,525.43,295.5,480.99,295.5
479.64,172.81,524,172.81,524,294.31,479.64,294.31
470.9,174.49,515.15,174.49,515.15,295.72,470.9,295.72
463.11,176.44,507.59,176.44,507.59,298.28,463.11,298.28
445.68,176.18,490.43,176.18,490.43,298.76,445.68,298.76
437.66,176.24,482.49,176.24,482.49,299.02,437.66,299.02
426.49,178.01,471.81,178.01,471.81,302.15,426.49,302.15
422.61,178.91,468.54,178.91,468.54,304.69,422.61,304.69
424.28,179.78,470.27,179.78,470.27,305.75,424.28,305.75
430.02,180.89,476.35,180.89,476.35,307.79,430.02,307.79
430.23,180.11,476.8,180.11,476.8,307.66,430.23,307.66
431.31,180.21,478.05,180.21,478.05,308.24,431.31,308.24
431.19,180.48,478.34,180.48,478.34,309.61,431.19,309.61
431.64,180.82,479.14,180.82,479.14,310.93,431.64,310.93
431.02,181.3,478.84,181.3,478.84,312.27,431.02,312.27
429.97,181.36,477.81,181.36,477.81,312.41,429.97,312.41
429.63,180.28,477.57,180.28,477.57,311.6,429.63,311.6
430.24,180.96,478.01,180.96,478.01,311.82,430.24,311.82
429.3,182.74,476.4,182.74,476.4,311.76,429.3,311.76
429.74,182.59,476.55,182.59,476.55,310.82,429.74,310.82
428.01,175.83,475.92,175.83,475.92,307.06,428.01,307.06
427.65,178.93,475.73,178.93,475.73,310.62,427.65,310.62
427.88,183.39,475.26,183.39,475.26,313.16,427.88,313.16
428.01,176.61,476.2,176.61,476.2,308.6,428.01,308.6
428.46,175.27,477.04,175.27,477.04,308.34,428.46,308.34
429.59,181.35,477.53,181.35,477.53,312.66,429.59,312.66
429.23,180.01,477.19,180.01,477.19,311.36,429.23,311.36
428.04,174.65,476.62,174.65,476.62,307.7,428.04,307.7
426.99,177.56,475.78,177.56,475.78,311.21,426.99,311.21
425.94,181.87,474.08,181.87,474.08,313.74,425.94,313.74
431.23,179.97,479.6,179.97,479.6,312.48,431.23,312.48
432.18,178.46,481.02,178.46,481.02,312.25,432.18,312.25
434.49,183.82,482.89,183.82,482.89,316.38,434.49,316.38
435.06,181.34,483.62,181.34,483.62,314.34,435.06,314.34
437.84,181.06,486.45,181.06,486.45,314.2,437.84,314.2
438.07,183.28,486.49,183.28,486.49,315.92,438.07,315.92
437.25,183.23,485.63,183.23,485.63,315.76,437.25,315.76
435.21,182.63,483.42,182.63,483.42,314.67,435.21,314.67
433.5,182.46,482.03,182.46,482.03,315.4,433.5,315.4
433.33,178.67,482.68,178.67,482.68,313.83,433.33,313.83
434.2,184.17,483.4,184.17,483.4,318.93,434.2,318.93
435.01,184.23,484,184.23,484,318.41,435.01,318.41
434.86,177.84,484.13,177.84,484.13,312.8,434.86,312.8
435.47,180.99,485.17,180.99,485.17,317.12,435.47,317.12
436.73,183.38,486.43,183.38,486.43,319.5,436.73,319.5
436.74,178.76,486.73,178.76,486.73,315.7,436.74,315.7
436.25,178.87,486.43,178.87,486.43,316.34,436.25,316.34
437.56,177.93,487.98,177.93,487.98,316.02,437.56,316.02
437.52,178.73,487.92,178.73,487.92,316.78,437.52,316.78
439.91,179.46,490.49,179.46,490.49,318.02,439.91,318.02
441,183.89,491.48,183.89,491.48,322.17,441,322.17
441.64,179.82,492.27,179.82,492.27,318.49,441.64,318.49
442.66,184.29,493.07,184.29,493.07,322.36,442.66,322.36
442.62,183.81,492.84,183.81,492.84,321.35,442.62,321.35
443.07,179.59,493.41,179.59,493.41,317.48,443.07,317.48
447.85,184.1,498.46,184.1,498.46,322.73,447.85,322.73
448.86,182.08,499.77,182.08,499.77,321.53,448.86,321.53
452.44,187.94,502.86,187.94,502.86,326.06,452.44,326.06
452.15,189,501.94,189,501.94,325.36,452.15,325.36
453.9,180.77,504.19,180.77,504.19,318.53,453.9,318.53
453.99,185.45,504.57,185.45,504.57,323.99,453.99,323.99
455.2,191.11,504.92,191.11,504.92,327.29,455.2,327.29
456.32,182.31,506.53,182.31,506.53,319.85,456.32,319.85
457.09,184.71,507.64,184.71,507.64,323.16,457.09,323.16
459.3,192.63,509.06,192.63,509.06,328.93,459.3,328.93
460.91,187.24,511.32,187.24,511.32,325.32,460.91,325.32
459.97,185.58,510.7,185.58,510.7,324.53,459.97,324.53
456.89,183.43,507.66,183.43,507.66,322.48,456.89,322.48
453.1,189.95,503.16,189.95,503.16,327.06,453.1,327.06
453.1,187.67,503.04,187.67,503.04,324.48,453.1,324.48
445.88,179.98,496.2,179.98,496.2,317.81,445.88,317.81
423.7,177.52,473.81,177.52,473.81,314.78,423.7,314.78
421.88,178.66,471.72,178.66,471.72,315.18,421.88,315.18
415.99,184.74,464.95,184.74,464.95,318.84,415.99,318.84
414.09,177.89,463.16,177.89,463.16,312.29,414.09,312.29
408.27,180.63,456.27,180.63,456.27,312.12,408.27,312.12
408.35,177.26,456.31,177.26,456.31,308.62,408.35,308.62
410.26,183.42,456.96,183.42,456.96,311.35,410.26,311.35
410.49,180.45,457.17,180.45,457.17,308.32,410.49,308.32
411.66,178.04,458.86,178.04,458.86,307.31,411.66,307.31
412.84,177.46,460.53,177.46,460.53,308.08,412.84,308.08
413.24,184.21,460.25,184.21,460.25,312.98,413.24,312.98
412.43,182.61,459.1,182.61,459.1,310.44,412.43,310.44
412.73,186.17,459.14,186.17,459.14,313.3,412.73,313.3
411.93,177.49,459.28,177.49,459.28,307.17,411.93,307.17
410.81,177.39,458.63,177.39,458.63,308.38,410.81,308.38
411.73,183.63,459.36,183.63,459.36,314.1,411.73,314.1
412.24,180.56,460.29,180.56,460.29,312.18,412.24,312.18
413.01,177.62,461.38,177.62,461.38,310.11,413.01,310.11
414.73,178.27,463.71,178.27,463.71,312.43,414.73,312.43
413.83,176.44,463.15,176.44,463.15,311.54,413.83,311.54
413.78,177.54,463.07,177.54,463.07,312.54,413.78,312.54
414.28,180.74,462.69,180.74,462.69,313.31,414.28,313.31
415.66,178.68,464.14,178.68,464.14,311.47,415.66,311.47
416.18,179.17,464.49,179.17,464.49,311.52,416.18,311.52
418.11,176.51,466.79,176.51,466.79,309.83,418.11,309.83
420.19,175.58,468.88,175.58,468.88,308.94,420.19,308.94
418.92,181.94,466.7,181.94,466.7,312.79,418.92,312.79
422.97,175.98,471.05,175.98,471.05,307.65,422.97,307.65
423.25,176.01,471.62,176.01,471.62,308.49,423.25,308.49
425.22,176.87,473.33,176.87,473.33,308.64,425.22,308.64
430.72,177,478.29,177,478.29,307.28,430.72,307.28
429.98,177.15,477.18,177.15,477.18,306.42,429.98,306.42
429.2,179.12,475.95,179.12,475.95,307.19,429.2,307.19
425.58,179.99,471.73,179.99,471.73,306.39,425.58,306.39
421.23,180.48,466.51,180.48,466.51,304.51,421.23,304.51
420.14,181.22,464.94,181.22,464.94,303.94,420.14,303.94
424.29,181.92,468.96,181.92,468.96,304.26,424.29,304.26
426.03,183.01,470.64,183.01,470.64,305.2,426.03,305.2
427.22,183.13,471.81,183.13,471.81,305.27,427.22,305.27
427.67,182.87,472.37,182.87,472.37,305.29,427.67,305.29
432.18,183.36,476.97,183.36,476.97,306.08,432.18,306.08
431.95,182.36,476.85,182.36,476.85,305.37,431.95,305.37
434.71,183.02,479.51,183.02,479.51,305.73,434.71,305.73
435.41,181.61,480.07,181.61,480.07,303.94,435.41,303.94
434.91,178.48,479.52,178.48,479.52,300.67,434.91,300.67
437.64,180.76,482.13,180.76,482.13,302.63,437.64,302.63
445.94,174.87,490.39,174.87,490.39,296.62,445.94,296.62
446.78,174.34,491.19,174.34,491.19,295.99,446.78,295.99
448.6,174.63,493.02,174.63,493.02,296.3,448.6,296.3
453.94,175.15,497.87,175.15,497.87,295.48,453.94,295.48
456.42,178.77,500.27,178.77,500.27,298.87,456.42,298.87
449.95,183.62,494.1,183.62,494.1,304.57,449.95,304.57
441.88,187.19,486.62,187.19,486.62,309.75,441.88,309.75
440.7,188.4,486,188.4,486,312.49,440.7,312.49
440.38,186.58,486.17,186.58,486.17,312.02,440.38,312.02
440.7,186.54,486.81,186.54,486.81,312.83,440.7,312.83
440.62,185.22,487.21,185.22,487.21,312.84,440.62,312.84
441.22,184.89,488.19,184.89,488.19,313.56,441.22,313.56
441.82,184.11,489.01,184.11,489.01,313.37,441.82,313.37
442.98,183.45,490.28,183.45,490.28,313.03,442.98,313.03
440.42,183,487.64,183,487.64,312.34,440.42,312.34
431.32,181.91,478.88,181.91,478.88,312.18,431.32,312.18
430.94,181.08,478.69,181.08,478.69,311.87,430.94,311.87
432.22,181.24,480.06,181.24,480.06,312.28,432.22,312.28
435.86,181.04,483.44,181.04,483.44,311.36,435.86,311.36
436.73,181.4,484.38,181.4,484.38,311.9,436.73,311.9
435.89,182.91,482.87,182.91,482.87,311.58,435.89,311.58
432.72,177.17,480.28,177.17,480.28,307.43,432.72,307.43
431.66,174.43,479.73,174.43,479.73,306.1,431.66,306.1
431.8,176.26,480.17,176.26,480.17,308.74,431.8,308.74
429.6,173.6,478.44,173.6,478.44,307.38,429.6,307.38
429.49,178.38,477.74,178.38,477.74,310.54,429.49,310.54
429.81,179.04,477.95,179.04,477.95,310.9,429.81,310.9
429.03,176.93,477.36,176.93,477.36,309.32,429.03,309.32
428.99,174.6,477.61,174.6,477.61,307.77,428.99,307.77
430.55,178.06,478.75,178.06,478.75,310.06,430.55,310.06
429.92,177.2,478.24,177.2,478.24,309.56,429.92,309.56
431.01,182.17,478.69,182.17,478.69,312.76,431.01,312.76
430.89,177.44,479.2,177.44,479.2,309.79,430.89,309.79
431.14,178.69,479.28,178.69,479.28,310.52,431.14,310.52
431.35,181.33,478.72,181.33,478.72,311.08,431.35,311.08
429.71,176.55,477.95,176.55,477.95,308.69,429.71,308.69
429.41,174.5,478.52,174.5,478.52,309.01,429.41,309.01
429.38,180.15,477.96,180.15,477.96,313.2,429.38,313.2
429.86,180.48,477.91,180.48,477.91,312.09,429.86,312.09
432.73,180.34,480.58,180.34,480.58,311.4,432.73,311.4
433.89,180.03,481.6,180.03,481.6,310.7,433.89,310.7
434.59,179.94,482.43,179.94,482.43,310.97,434.59,310.97
433.98,181.24,481.46,181.24,481.46,311.3,433.98,311.3
434.77,183.39,481.77,183.39,481.77,312.12,434.77,312.12
434.35,179.89,481.74,179.89,481.74,309.7,434.35,309.7
435.39,181.11,482.69,181.11,482.69,310.67,435.39,310.67
430.69,182.99,477.6,182.99,477.6,311.47,430.69,311.47
432.3,181.89,478.92,181.89,478.92,309.6,432.3,309.6
434.27,184.07,480.63,184.07,480.63,311.06,434.27,311.06
434.14,183.48,480.32,183.48,480.32,309.98,434.14,309.98
430.13,176.66,477.13,176.66,477.13,305.4,430.13,305.4
428.31,177.3,476.07,177.3,476.07,308.14,428.31,308.14
426.79,182.37,474.08,182.37,474.08,311.89,426.79,311.89
425.53,179.95,472.59,179.95,472.59,308.85,425.53,308.85
421.47,182.14,468.03,182.14,468.03,309.68,421.47,309.68
416.13,183.65,462.35,183.65,462.35,310.26,416.13,310.26
416.16,184.2,462.18,184.2,462.18,310.26,416.16,310.26
418.93,178.36,465.98,178.36,465.98,307.22,418.93,307.22
418.54,175.65,466.25,175.65,466.25,306.36,418.54,306.36
416.63,177.94,464.8,177.94,464.8,309.87,416.63,309.87
415.28,181.47,462.77,181.47,462.77,311.53,415.28,311.53
416.42,176.71,464.54,176.71,464.54,308.52,416.42,308.52
415.95,175.21,464.46,175.21,464.46,308.1,415.95,308.1
417.13,180.31,465.02,180.31,465.02,311.49,417.13,311.49
414.39,176.89,462.47,176.89,462.47,308.58,414.39,308.58
415.35,180.93,462.73,180.93,462.73,310.73,415.35,310.73
416.31,182.72,463.12,182.72,463.12,310.93,416.31,310.93
414.97,179.31,462,179.31,462,308.12,414.97,308.12
409.78,178.82,457.06,178.82,457.06,308.34,409.78,308.34
410.9,179.49,457.98,179.49,457.98,308.44,410.9,308.44
411.14,177.33,458.33,177.33,458.33,306.59,411.14,306.59
412.35,177.85,459.56,177.85,459.56,307.14,412.35,307.14
417.23,179.6,464.07,179.6,464.07,307.89,417.23,307.89
417.56,180,464.12,180,464.12,307.52,417.56,307.52
419.21,180.17,465.67,180.17,465.67,307.4,419.21,307.4
418.2,179.23,464.74,179.23,464.74,306.69,418.2,306.69
415.66,180.7,462.05,180.7,462.05,307.76,415.66,307.76
413.31,180,459.7,180,459.7,307.07,413.31,307.07
412.69,180.85,458.85,180.85,458.85,307.27,412.69,307.27
411.35,181.34,457.86,181.34,457.86,308.74,411.35,308.74
411.1,180.27,457.78,180.27,457.78,308.15,411.1,308.15
411.45,180.32,458.16,180.32,458.16,308.27,411.45,308.27
412.71,180.47,459.51,180.47,459.51,308.66,412.71,308.66
414.27,180.26,461.23,180.26,461.23,308.89,414.27,308.89
415.49,179.2,462.5,179.2,462.5,307.96,415.49,307.96
416.61,179.13,463.75,179.13,463.75,308.26,416.61,308.26
419.09,180.79,466.05,180.79,466.05,309.42,419.09,309.42
420.78,181.43,467.71,181.43,467.71,309.99,420.78,309.99
420.77,183.52,467.64,183.52,467.64,311.89,420.77,311.89
420.01,185.12,466.48,185.12,466.48,312.42,420.01,312.42
420.36,184.77,466.87,184.77,466.87,312.17,420.36,312.17
417.02,182.62,464.24,182.62,464.24,311.96,417.02,311.96
417,181.98,464.78,181.98,464.78,312.87,417,312.87
416.63,180.7,464.88,180.7,464.88,312.84,416.63,312.84
416.92,181.44,465.38,181.44,465.38,314.18,416.92,314.18
416.73,180.99,465.06,180.99,465.06,313.38,416.73,313.38
417.54,180.59,466.11,180.59,466.11,313.65,417.54,313.65
422.22,181.44,470.77,181.44,470.77,314.45,422.22,314.45
426.32,181.63,474.92,181.63,474.92,314.76,426.32,314.76
424.88,181.99,473.58,181.99,473.58,315.38,424.88,315.38
423.56,181.04,472.25,181.04,472.25,314.43,423.56,314.43
422.66,180.38,471.27,180.38,471.27,313.52,422.66,313.52
422.92,181.37,471.58,181.37,471.58,314.65,422.92,314.65
423.02,181.16,471.89,181.16,471.89,315.01,423.02,315.01
420.98,182.15,470.14,182.15,470.14,316.79,420.98,316.79
421.6,182.05,470.64,182.05,470.64,316.38,421.6,316.38
418.16,183.1,467.19,183.1,467.19,317.38,418.16,317.38
420.67,181.42,469.87,181.42,469.87,316.2,420.67,316.2
423.44,181.55,472.72,181.55,472.72,316.53,423.44,316.53
420.37,180.1,469.44,180.1,469.44,314.49,420.37,314.49
418.93,179.29,467.86,179.29,467.86,313.32,418.93,313.32
419.44,178.93,468.07,178.93,468.07,312.12,419.44,312.12
419.2,179.36,467.54,179.36,467.54,311.78,419.2,311.78
420.57,179.59,468.44,179.59,468.44,310.73,420.57,310.73
421.09,178.97,468.6,178.97,468.6,309.09,421.09,309.09
417.88,178.82,464.81,178.82,464.81,307.36,417.88,307.36
416.3,179.03,462.72,179.03,462.72,306.18,416.3,306.18
415.78,179.02,461.53,179.02,461.53,304.34,415.78,304.34
416.3,180.59,461.48,180.59,461.48,304.35,416.3,304.35
417.25,180.84,462.12,180.84,462.12,303.74,417.25,303.74
418.9,180.91,463.21,180.91,463.21,302.28,418.9,302.28
418.98,181.47,462.6,181.47,462.6,300.94,418.98,300.94
414.69,181.47,458.2,181.47,458.2,300.66,414.69,300.66
413.69,180.5,457.11,180.5,457.11,299.43,413.69,299.43
412.46,180.78,455.78,180.78,455.78,299.46,412.46,299.46
