548.5,29.5,606.5,29.5,606.5,72.5,548.5,72.5
548.08,29.547,606.08,29.547,606.08,72.547,548.08,72.547
547.54,29.822,604.96,29.822,604.96,72.397,547.54,72.397
546.61,29.999,604.04,29.999,604.04,72.573,546.61,72.573
544.95,30.181,601.81,30.181,601.81,72.334,544.95,72.334
543.34,30.647,600.77,30.647,600.77,73.221,543.34,73.221
540.74,31.41,598.16,31.41,598.16,73.985,540.74,73.985
537.85,30.881,597.02,30.881,597.02,74.745,537.85,74.745
536.46,30.789,597.42,30.789,597.42,75.983,536.46,75.983
534.2,30.964,595.16,30.964,595.16,76.157,534.2,76.157
530.35,31.13,591.92,31.13,591.92,76.776,530.35,76.776
527.42,32.763,587.18,32.763,587.18,77.066,527.42,77.066
525.58,33.159,585.34,33.159,585.34,77.462,525.58,77.462
523.93,33.513,583.69,33.513,583.69,77.816,523.93,77.816
522.81,33.987,583.77,33.987,583.77,79.181,522.81,79.181
520.97,34.544,580.73,34.544,580.73,78.847,520.97,78.847
518.86,34.254,580.43,34.254,580.43,79.899,518.86,79.899
516.79,33.822,579.59,33.822,579.59,80.385,516.79,80.385
516.24,34.717,577.81,34.717,577.81,80.363,516.24,80.363
513.91,34.772,577.34,34.772,577.34,81.801,513.91,81.801
512.95,35.648,576.38,35.648,576.38,82.676,512.95,82.676
510.82,36.174,574.25,36.174,574.25,83.202,510.82,83.202
509.88,36.594,573.31,36.594,573.31,83.622,509.88,83.622
507.89,36.784,571.33,36.784,571.33,83.813,507.89,83.813
506.54,36.754,569.35,36.754,569.35,83.317,506.54,83.317
504.54,37.246,568.61,37.246,568.61,84.745,504.54,84.745
503.95,37.98,567.39,37.98,567.39,85.008,503.95,85.008
501.48,38.296,564.29,38.296,564.29,84.859,501.48,84.859
500.25,38.453,564.32,38.453,564.32,85.952,500.25,85.952
499.66,38.861,563.09,38.861,563.09,85.889,499.66,85.889
497.38,39.24,560.18,39.24,560.18,85.803,497.38,85.803
495.11,39.697,559.82,39.697,559.82,87.67,495.11,87.67
493.7,39.92,558.41,39.92,558.41,87.893,493.7,87.893
493.18,40.243,557.25,40.243,557.25,87.742,493.18,87.742
491.1,40.902,554.53,40.902,554.53,87.931,491.1,87.931
488.52,40.904,553.23,40.904,553.23,88.877,488.52,88.877
487.68,41.655,551.75,41.655,551.75,89.154,487.68,89.154
484.02,41.099,550.02,41.099,550.02,90.037,484.02,90.037
481.63,41.346,548.97,41.346,548.97,91.268,481.63,91.268
480.55,41.728,546.56,41.728,546.56,90.666,480.55,90.666
479.66,42.049,545.67,42.049,545.67,90.987,479.66,90.987
477.77,43.107,543.13,43.107,543.13,91.56,477.77,91.56
476.1,42.778,542.77,42.778,542.77,92.206,476.1,92.206
473.86,43.088,541.2,43.088,541.2,93.01,473.86,93.01
472.18,43.143,540.87,43.143,540.87,94.068,472.18,94.068
471.35,43.996,539.35,43.996,539.35,94.417,471.35,94.417
469.25,44.352,537.26,44.352,537.26,94.773,469.25,94.773
466.36,44.819,535.05,44.819,535.05,95.744,466.36,95.744
465.95,45.475,533.29,45.475,533.29,95.397,465.95,95.397
463.76,45.044,533.14,45.044,533.14,96.478,463.76,96.478
462.15,46.124,530.16,46.124,530.16,96.544,462.15,96.544
458.89,45.883,528.96,45.883,528.96,97.832,458.89,97.832
457.16,47.172,525.85,47.172,525.85,98.097,457.16,98.097
454.07,46.98,524.84,46.98,524.84,99.449,454.07,99.449
452.18,47.801,521.56,47.801,521.56,99.236,452.18,99.236
449.1,48.035,519.87,48.035,519.87,100.5,449.1,100.5
445.99,48.125,517.47,48.125,517.47,101.12,445.99,101.12
445.6,49.417,516.37,49.417,516.37,101.88,445.6,101.88
443.16,49.787,513.93,49.787,513.93,102.26,443.16,102.26
440.95,50.349,511.72,50.349,511.72,102.82,440.95,102.82
439.65,51.075,510.43,51.075,510.43,103.54,439.65,103.54
434.95,50.873,507.14,50.873,507.14,104.4,434.95,104.4
433.89,52.353,504.66,52.353,504.66,104.82,433.89,104.82
431.33,51.359,504.25,51.359,504.25,105.42,431.33,105.42
428.16,51.245,502.54,51.245,502.54,106.39,428.16,106.39
425,51.63,500.88,51.63,500.88,107.88,425,107.88
423.3,52.644,498.43,52.644,498.43,108.34,423.3,108.34
421.22,52.429,497.85,52.429,497.85,109.24,421.22,109.24
418.22,53.621,494.1,53.621,494.1,109.87,418.22,109.87
416.69,53.977,493.32,53.977,493.32,110.79,416.69,110.79
414.33,54.149,491.73,54.149,491.73,111.53,414.33,111.53
413.36,54.596,490.76,54.596,490.76,111.98,413.36,111.98
411.93,55.566,487.8,55.566,487.8,111.82,411.93,111.82
409.67,55.451,487.07,55.451,487.07,112.83,409.67,112.83
407.19,55.841,485.36,55.841,485.36,113.8,407.19,113.8
406.02,57.52,481.9,57.52,481.9,113.77,406.02,113.77
403.19,58.004,479.82,58.004,479.82,114.82,403.19,114.82
399.17,57.653,478.12,57.653,478.12,116.19,399.17,116.19
396.11,58.377,475.86,58.377,475.86,117.5,396.11,117.5
392.84,58.846,475.01,58.846,475.01,119.76,392.84,119.76
389.05,60.878,468.8,60.878,468.8,120,389.05,120
386.29,60.955,467.64,60.955,467.64,121.27,386.29,121.27
385.02,62.146,464.76,62.146,464.76,121.27,385.02,121.27
382.51,62.754,463.05,62.754,463.05,122.47,382.51,122.47
381.04,63.065,462.39,63.065,462.39,123.38,381.04,123.38
379.24,63.629,460.59,63.629,460.59,123.94,379.24,123.94
377.58,64.116,460.56,64.116,460.56,125.64,377.58,125.64
376.54,65.036,458.71,65.036,458.71,125.95,376.54,125.95
374.79,64.476,458.6,64.476,458.6,126.61,374.79,126.61
372.24,64.162,458.6,64.162,458.6,128.18,372.24,128.18
369.63,65.056,455.98,65.056,455.98,129.08,369.63,129.08
367.55,65.719,454.77,65.719,454.77,130.38,367.55,130.38
365.82,66.737,452.18,66.737,452.18,130.76,365.82,130.76
363.29,67.205,452.26,67.205,452.26,133.17,363.29,133.17
361.94,68.152,449.16,68.152,449.16,132.81,361.94,132.81
360.75,68.233,448.84,68.233,448.84,133.54,360.75,133.54
359.31,69.403,446.53,69.403,446.53,134.06,359.31,134.06
360.01,71.495,444.66,71.495,444.66,134.25,360.01,134.25
356.8,71.087,444.02,71.087,444.02,135.75,356.8,135.75
355.11,71.883,444.08,71.883,444.08,137.84,355.11,137.84
351.96,72.77,440.94,72.77,440.94,138.73,351.96,138.73
349.1,72.521,440.77,72.521,440.77,140.48,349.1,140.48
348.68,73.472,440.34,73.472,440.34,141.43,348.68,141.43
344.25,78.311,435,78.311,435,145.6,344.25,145.6
339.65,78.447,432.24,78.447,432.24,147.09,339.65,147.09
338.61,78.699,434,78.699,434,149.42,338.61,149.42
337.31,79.119,433.65,79.119,433.65,150.55,337.31,150.55
335.71,79.885,433.99,79.885,433.99,152.75,335.71,152.75
333.84,79.794,435.1,79.794,435.1,154.86,333.84,154.86
332.82,79.95,435.09,79.95,435.09,155.77,332.82,155.77
333.24,81.866,433.49,81.866,433.49,156.19,333.24,156.19
329.84,86.895,433.13,86.895,433.13,163.47,329.84,163.47
328.46,86.664,434.88,86.664,434.88,165.56,328.46,165.56
326.79,86.18,436.44,86.18,436.44,167.47,326.79,167.47
327.35,87.427,437,87.427,437,168.72,327.35,168.72
328.14,88.745,435.62,88.745,435.62,168.43,328.14,168.43
326.2,88.483,436.95,88.483,436.95,170.59,326.2,170.59
325.36,88.456,438.33,88.456,438.33,172.21,325.36,172.21
324.97,88.239,440.21,88.239,440.21,173.68,324.97,173.68
326.58,90.558,438.43,90.558,438.43,173.48,326.58,173.48
325.93,90.472,440.03,90.472,440.03,175.06,325.93,175.06
324.96,89.848,442.52,89.848,442.52,177,324.96,177
325.46,91.36,440.7,91.36,440.7,176.8,325.46,176.8
327.47,93.207,440.44,93.207,440.44,176.96,327.47,176.96
327.22,93.328,443.61,93.328,443.61,179.62,327.22,179.62
327.82,94.659,443.06,94.659,443.06,180.1,327.82,180.1
328.6,95.99,443.84,95.99,443.84,181.43,328.6,181.43
331.14,98.113,447.53,98.113,447.53,184.4,331.14,184.4
332.04,100.04,448.43,100.04,448.43,186.33,332.04,186.33
330.96,99.555,450.88,99.555,450.88,188.46,330.96,188.46
330.74,99.194,454.3,99.194,454.3,190.79,330.74,190.79
330.61,100.46,455.4,100.46,455.4,192.98,330.61,192.98
330.8,100.35,459.37,100.35,459.37,195.67,330.8,195.67
332.17,101.87,459.46,101.87,459.46,196.24,332.17,196.24
332.83,102.38,461.4,102.38,461.4,197.69,332.83,197.69
333.24,104.08,461.81,104.08,461.81,199.39,333.24,199.39
335.8,105.96,461.84,105.96,461.84,199.4,335.8,199.4
334.11,105.7,463.96,105.7,463.96,201.97,334.11,201.97
334.64,106.31,467.11,106.31,467.11,204.52,334.64,204.52
335.76,108.57,465.62,108.57,465.62,204.84,335.76,204.84
336.45,108.37,470.24,108.37,470.24,207.56,336.45,207.56
340.37,112.25,470.22,112.25,470.22,208.52,340.37,208.52
338.97,111.63,472.76,111.63,472.76,210.82,338.97,210.82
340.88,113.44,473.35,113.44,473.35,211.65,340.88,211.65
340.72,113.38,475.84,113.38,475.84,213.56,340.72,213.56
340.88,113.05,478.72,113.05,478.72,215.24,340.88,215.24
343.17,115.61,482.4,115.61,482.4,218.83,343.17,218.83
344.64,116.71,483.86,116.71,483.86,219.93,344.64,219.93
345.34,118.53,481.82,118.53,481.82,219.71,345.34,219.71
346.71,119.19,484.55,119.19,484.55,221.39,346.71,221.39
347.4,121.51,486.62,121.51,486.62,224.73,347.4,224.73
348.02,122.27,488.64,122.27,488.64,226.52,348.02,226.52
347.93,122.21,491.37,122.21,491.37,228.55,347.93,228.55
349.02,123.75,493.9,123.75,493.9,231.16,349.02,231.16
350.71,125,495.59,125,495.59,232.41,350.71,232.41
352.46,127.21,495.91,127.21,495.91,233.56,352.46,233.56
351.56,127.79,497.88,127.79,497.88,236.27,351.56,236.27
354.71,130.1,498.15,130.1,498.15,236.45,354.71,236.45
354.59,130.48,502.38,130.48,502.38,240.04,354.59,240.04
356.02,131.35,503.81,131.35,503.81,240.92,356.02,240.92
356.8,131.22,509.06,131.22,509.06,244.1,356.8,244.1
357.28,132.98,509.55,132.98,509.55,245.87,357.28,245.87
357.06,133.01,512.39,133.01,512.39,248.16,357.06,248.16
360.08,135.37,513.87,135.37,513.87,249.39,360.08,249.39
362.87,138.58,513.63,138.58,513.63,250.34,362.87,250.34
362.61,138.6,517.93,138.6,517.93,253.75,362.61,253.75
364.99,140.54,520.31,140.54,520.31,255.69,364.99,255.69
364.41,140.64,524.44,140.64,524.44,259.29,364.41,259.29
366.26,141.11,529.5,141.11,529.5,262.14,366.26,262.14
367.52,144.47,529.15,144.47,529.15,264.3,367.52,264.3
371.32,146.32,531.35,146.32,531.35,264.96,371.32,264.96
373.29,148.71,534.93,148.71,534.93,268.54,373.29,268.54
374.37,149.12,540.91,149.12,540.91,272.59,374.37,272.59
374.18,148.5,545.75,148.5,545.75,275.7,374.18,275.7
375.54,150.8,547.12,150.8,547.12,278.01,375.54,278.01
379.64,153.32,547.83,153.32,547.83,278.02,379.64,278.02
380.28,154.07,553.57,154.07,553.57,282.55,380.28,282.55
382.46,156.2,557.49,156.2,557.49,285.96,382.46,285.96
383.5,156.13,563.83,156.13,563.83,289.82,383.5,289.82
382.9,157.87,563.23,157.87,563.23,291.56,382.9,291.56
388.63,162.21,565.41,162.21,565.41,293.27,388.63,293.27
393.24,164.81,566.54,164.81,566.54,293.29,393.24,293.29
396.03,167.27,574.57,167.27,574.57,299.64,396.03,299.64
395.67,167.76,577.8,167.76,577.8,302.79,395.67,302.79
398.3,169.2,584.09,169.2,584.09,306.94,398.3,306.94
401.91,172.4,589.56,172.4,589.56,311.52,401.91,311.52
401.31,171.29,594.65,171.29,594.65,314.63,401.31,314.63
415.26,184.31,602.91,184.31,602.91,323.43,415.26,323.43
418.59,186.49,604.38,186.49,604.38,324.24,418.59,324.24
419.24,184.75,610.66,184.75,610.66,326.67,419.24,326.67
423.23,187.96,620.45,187.96,620.45,334.18,423.23,334.18
425.34,189.69,626.52,189.69,626.52,338.85,425.34,338.85
427.85,191.63,631.05,191.63,631.05,342.28,427.85,342.28
433.35,195.02,634.54,195.02,634.54,344.18,433.35,344.18
435.42,195.51,640.65,195.51,640.65,347.66,435.42,347.66
439.85,196.97,647.14,196.97,647.14,350.65,439.85,350.65
452.99,207.68,658.22,207.68,658.22,359.84,452.99,359.84
454.44,208.32,663.79,208.32,663.79,363.53,454.44,363.53
454.98,209.02,668.54,209.02,668.54,367.35,454.98,367.35
