109.5,95.5,133.5,95.5,133.5,141.5,109.5,141.5
109.8,95.619,133.84,95.619,133.84,141.69,109.8,141.69
109.43,94.998,133.92,94.998,133.92,141.93,109.43,141.93
111.02,95.866,135.62,95.866,135.62,143.03,111.02,143.03
112.74,97.232,137.56,97.232,137.56,144.8,112.74,144.8
113.24,97.178,138.24,97.178,138.24,145.1,113.24,145.1
114.38,98.5,139.56,98.5,139.56,146.76,114.38,146.76
115.34,98.628,140.86,98.628,140.86,147.53,115.34,147.53
115.48,99.092,141.52,99.092,141.52,149.01,115.48,149.01
116.42,100.45,142.05,100.45,142.05,149.57,116.42,149.57
117.34,101.23,142.87,101.23,142.87,150.15,117.34,150.15
117.71,101.42,143.56,101.42,143.56,150.96,117.71,150.96
118.61,102.73,144.53,102.73,144.53,152.41,118.61,152.41
118.95,103,144.96,103,144.96,152.84,118.95,152.84
119.52,103.55,145.48,103.55,145.48,153.31,119.52,153.31
120.28,103.96,146.44,103.96,146.44,154.1,120.28,154.1
120.55,103.89,146.93,103.89,146.93,154.45,120.55,154.45
121.19,104.39,147.99,104.39,147.99,155.76,121.19,155.76
123.34,105.66,150.33,105.66,150.33,157.4,123.34,157.4
126.1,107.62,153.06,107.62,153.06,159.31,126.1,159.31
127.99,108.71,155.25,108.71,155.25,160.96,127.99,160.96
128.12,108.85,155.46,108.85,155.46,161.25,128.12,161.25
128.42,108.72,156.04,108.72,156.04,161.66,128.42,161.66
130.82,109.97,158.51,109.97,158.51,163.04,130.82,163.04
130.73,109.77,159.07,109.77,159.07,164.09,130.73,164.09
131.25,110.4,159.56,110.4,159.56,164.66,131.25,164.66
133.56,111.78,161.72,111.78,161.72,165.77,133.56,165.77
134.56,112.9,162.96,112.9,162.96,167.34,134.56,167.34
135.3,113.59,164.15,113.59,164.15,168.89,135.3,168.89
136.95,114.94,165.86,114.94,165.86,170.35,136.95,170.35
137.89,115.31,166.92,115.31,166.92,170.95,137.89,170.95
137.83,116.28,166.66,116.28,166.66,171.55,137.83,171.55
139.3,117.67,168.55,117.67,168.55,173.73,139.3,173.73
139.89,118.34,169.28,118.34,169.28,174.68,139.89,174.68
140.19,119.2,169.36,119.2,169.36,175.13,140.19,175.13
140.49,120.41,170.22,120.41,170.22,177.39,140.49,177.39
140.09,120.34,169.85,120.34,169.85,177.38,140.09,177.38
142.6,119.72,172.1,119.72,172.1,176.26,142.6,176.26
142.69,122.41,172.27,122.41,172.27,179.11,142.69,179.11
142.35,123.28,172.34,123.28,172.34,180.75,142.35,180.75
143.9,124.44,174.11,124.44,174.11,182.33,143.9,182.33
143.39,125.58,174.16,125.58,174.16,184.56,143.39,184.56
143.03,126.29,173.96,126.29,173.96,185.57,143.03,185.57
143.68,128.12,175.01,128.12,175.01,188.15,143.68,188.15
142.88,128.17,174.61,128.17,174.61,188.98,142.88,188.98
143.22,129.49,174.86,129.49,174.86,190.12,143.22,190.12
142.82,129.44,174.85,129.44,174.85,190.82,142.82,190.82
142.43,130.76,174.88,130.76,174.88,192.96,142.43,192.96
142.5,130.88,175.07,130.88,175.07,193.32,142.5,193.32
142.71,133.15,175.36,133.15,175.36,195.72,142.71,195.72
142.23,133.44,175.18,133.44,175.18,196.59,142.23,196.59
142.27,134.45,175.5,134.45,175.5,198.14,142.27,198.14
141.95,135.43,175.47,135.43,175.47,199.67,141.95,199.67
140.91,136.97,175.05,136.97,175.05,202.39,140.91,202.39
140.55,138.5,174.89,138.5,174.89,204.32,140.55,204.32
139.81,139.47,174.15,139.47,174.15,205.28,139.81,205.28
138.09,141.95,172.79,141.95,172.79,208.46,138.09,208.46
135.83,144.09,170.9,144.09,170.9,211.3,135.83,211.3
133.78,145.19,169.26,145.19,169.26,213.19,133.78,213.19
130.41,148.23,166.21,148.23,166.21,216.84,130.41,216.84
129.2,148.47,165.1,148.47,165.1,217.28,129.2,217.28
126.28,150.25,162.73,150.25,162.73,220.11,126.28,220.11
124.88,150.68,161.6,150.68,161.6,221.06,124.88,221.06
118.98,152.74,155.95,152.74,155.95,223.6,118.98,223.6
113.52,155.62,150.81,155.62,150.81,227.1,113.52,227.1
110.05,156.75,147.6,156.75,147.6,228.72,110.05,228.72
108.64,157.08,146.68,157.08,146.68,229.99,108.64,229.99
102.41,159.41,140.77,159.41,140.77,232.94,102.41,232.94
99.239,161.38,137.88,161.38,137.88,235.43,99.239,235.43
97.677,161.53,136.54,161.53,136.54,236.02,97.677,236.02
94.247,164.75,133.46,164.75,133.46,239.91,94.247,239.91
90.591,165.98,130.23,165.98,130.23,241.95,90.591,241.95
86.391,167,126.53,167,126.53,243.95,86.391,243.95
83.537,169.64,123.9,169.64,123.9,247,83.537,247
76.337,173.3,116.95,173.3,116.95,251.14,76.337,251.14
72.234,175.79,113.42,175.79,113.42,254.73,72.234,254.73
66.048,181.08,107.79,181.08,107.79,261.08,66.048,261.08
65.029,179.21,107.13,179.21,107.13,259.91,65.029,259.91
62.878,179.66,105.48,179.66,105.48,261.32,62.878,261.32
55.803,183.57,98.701,183.57,98.701,265.79,55.803,265.79
48.783,186.86,92.405,186.86,92.405,270.47,48.783,270.47
39.166,191.6,83.329,191.6,83.329,276.24,39.166,276.24
30.607,196.3,75.248,196.3,75.248,281.86,30.607,281.86
24.326,198.41,69.237,198.41,69.237,284.49,24.326,284.49
