258.5,118.5,305.5,118.5,305.5,208.5,258.5,208.5
259.72,119.64,305.94,119.64,305.94,208.14,259.72,208.14
260.73,119.89,307.36,119.89,307.36,209.18,260.73,209.18
260.83,119.97,307.6,119.97,307.6,209.53,260.83,209.53
261.49,120.37,308.22,120.37,308.22,209.84,261.49,209.84
261.84,120.4,308.9,120.4,308.9,210.49,261.84,210.49
262.77,120.96,309.86,120.96,309.86,211.14,262.77,211.14
263.33,121.15,310.63,121.15,310.63,211.73,263.33,211.73
264.19,121.75,311.53,121.75,311.53,212.42,264.19,212.42
264.86,121.41,313.13,121.41,313.13,213.85,264.86,213.85
266,122.55,314.14,122.55,314.14,214.74,266,214.74
267.01,123.18,315.02,123.18,315.02,215.11,267.01,215.11
267.44,123.52,315.66,123.52,315.66,215.85,267.44,215.85
268.87,125.2,316.82,125.2,316.82,217.03,268.87,217.03
269.75,125.58,317.72,125.58,317.72,217.45,269.75,217.45
270.34,125.98,318.48,125.98,318.48,218.16,270.34,218.16
270.71,126.01,319.21,126.01,319.21,218.9,270.71,218.9
271.97,126.86,320.66,126.86,320.66,220.1,271.97,220.1
271.99,126.49,321.24,126.49,321.24,220.81,271.99,220.81
274.15,128.48,322.88,128.48,322.88,221.77,274.15,221.77
274.83,128.77,323.48,128.77,323.48,221.94,274.83,221.94
275.9,129.63,324.69,129.63,324.69,223.07,275.9,223.07
276.12,129.47,325.08,129.47,325.08,223.22,276.12,223.22
277.12,130.16,326.1,130.16,326.1,223.94,277.12,223.94
278.05,131.63,326.56,131.63,326.56,224.53,278.05,224.53
278.59,131.37,327.5,131.37,327.5,225.02,278.59,225.02
279.06,131.87,328.15,131.87,328.15,225.88,279.06,225.88
279.2,131.73,328.37,131.73,328.37,225.88,279.2,225.88
278.95,131.65,328.56,131.65,328.56,226.64,278.95,226.64
279.31,132.55,328.63,132.55,328.63,226.99,279.31,226.99
279.76,133.32,329.1,133.32,329.1,227.82,279.76,227.82
279.21,134.2,327.95,134.2,327.95,227.52,279.21,227.52
279.7,134.23,328.64,134.23,328.64,227.96,279.7,227.96
280.95,135.41,329.63,135.41,329.63,228.62,280.95,228.62
281.52,135.37,330.4,135.37,330.4,228.98,281.52,228.98
283,136.86,331.6,136.86,331.6,229.91,283,229.91
284.06,137.63,332.89,137.63,332.89,231.12,284.06,231.12
284.15,137.29,333.21,137.29,333.21,231.24,284.15,231.24
285.44,138.35,334.4,138.35,334.4,232.1,285.44,232.1
286.16,138.92,335.18,138.92,335.18,232.78,286.16,232.78
287.46,139.42,336.81,139.42,336.81,233.92,287.46,233.92
288.03,140.1,337.39,140.1,337.39,234.62,288.03,234.62
289.02,141.11,338.48,141.11,338.48,235.82,289.02,235.82
290.21,141.25,340.12,141.25,340.12,236.84,290.21,236.84
291.33,142.34,341.27,142.34,341.27,237.96,291.33,237.96
292.19,143.18,341.91,143.18,341.91,238.38,292.19,238.38
293.46,143.52,343.28,143.52,343.28,238.92,293.46,238.92
293.92,143.76,343.68,143.76,343.68,239.04,293.92,239.04
295.53,144.59,345.56,144.59,345.56,240.38,295.53,240.38
296.01,145.02,346.02,145.02,346.02,240.79,296.01,240.79
297.83,145.93,347.97,145.93,347.97,241.94,297.83,241.94
298.15,146.2,348.28,146.2,348.28,242.2,298.15,242.2
299.02,146.82,348.97,146.82,348.97,242.47,299.02,242.47
301.15,148.84,350.87,148.84,350.87,244.04,301.15,244.04
301.04,148.93,350.96,148.93,350.96,244.53,301.04,244.53
302.76,149.97,352.84,149.97,352.84,245.87,302.76,245.87
303.34,150.1,353.52,150.1,353.52,246.2,303.34,246.2
304.01,150.42,354.25,150.42,354.25,246.63,304.01,246.63
305.38,151.66,355.65,151.66,355.65,247.92,305.38,247.92
306.71,152.71,357.14,152.71,357.14,249.28,306.71,249.28
306.87,152.85,357.4,152.85,357.4,249.62,306.87,249.62
308.3,153.72,359,153.72,359,250.81,308.3,250.81
308.47,153.98,359.52,153.98,359.52,251.74,308.47,251.74
309.07,154.04,360.11,154.04,360.11,251.77,309.07,251.77
310.36,155.4,361.34,155.4,361.34,253.03,310.36,253.03
310.73,155.92,361.95,155.92,361.95,254.01,310.73,254.01
311.62,156.84,362.82,156.84,362.82,254.89,311.62,254.89
311.81,156.59,363.13,156.59,363.13,254.85,311.81,254.85
312.94,157.49,364.31,157.49,364.31,255.85,312.94,255.85
313.48,158.31,365.08,158.31,365.08,257.12,313.48,257.12
314.12,159.08,365.93,159.08,365.93,258.28,314.12,258.28
314.13,159.62,365.98,159.62,365.98,258.9,314.13,258.9
314.8,159.88,367.05,159.88,367.05,259.93,314.8,259.93
315.66,160.63,368.23,160.63,368.23,261.3,315.66,261.3
316.02,161.32,368.47,161.32,368.47,261.77,316.02,261.77
316.69,162.38,369.2,162.38,369.2,262.92,316.69,262.92
317.53,163.3,370.17,163.3,370.17,264.09,317.53,264.09
318.73,164.86,371.4,164.86,371.4,265.73,318.73,265.73
318.96,165.33,371.81,165.33,371.81,266.52,318.96,266.52
319.13,166.1,372.22,166.1,372.22,267.75,319.13,267.75
320.58,167.39,373.53,167.39,373.53,268.78,320.58,268.78
321.83,168.68,375.03,168.68,375.03,270.55,321.83,270.55
322.06,168.97,375.58,168.97,375.58,271.44,322.06,271.44
323.43,169.82,377.03,169.82,377.03,272.46,323.43,272.46
324.03,170.3,377.88,170.3,377.88,273.41,324.03,273.41
325.15,171.77,379.02,171.77,379.02,274.92,325.15,274.92
325.77,172.15,380.07,172.15,380.07,276.12,325.77,276.12
327.22,173.72,381.34,173.72,381.34,277.35,327.22,277.35
328.14,174.51,382.61,174.51,382.61,278.83,328.14,278.83
328.66,175.02,383.38,175.02,383.38,279.81,328.66,279.81
330.15,176.55,384.86,176.55,384.86,281.32,330.15,281.32
331.47,177.73,386.13,177.73,386.13,282.4,331.47,282.4
332.62,178.68,387.19,178.68,387.19,283.17,332.62,283.17
333.81,179.37,388.42,179.37,388.42,283.93,333.81,283.93
334.66,179.71,389.52,179.71,389.52,284.76,334.66,284.76
336.22,180.37,391.12,180.37,391.12,285.5,336.22,285.5
337.23,181.05,392.15,181.05,392.15,286.22,337.23,286.22
338.66,181.68,393.78,181.68,393.78,287.22,338.66,287.22
340.39,182.35,395.86,182.35,395.86,288.55,340.39,288.55
341.77,182.88,397.29,182.88,397.29,289.19,341.77,289.19
343.63,183.51,399.19,183.51,399.19,289.91,343.63,289.91
345.12,183.7,400.91,183.7,400.91,290.53,345.12,290.53
347.16,184.93,402.98,184.93,402.98,291.82,347.16,291.82
348.64,185.2,404.68,185.2,404.68,292.5,348.64,292.5
351.25,186.54,407.52,186.54,407.52,294.29,351.25,294.29
352.79,186.51,409.07,186.51,409.07,294.27,352.79,294.27
354.3,186.76,410.72,186.76,410.72,294.8,354.3,294.8
356.91,187.53,413.53,187.53,413.53,295.96,356.91,295.96
358.86,188.59,415.11,188.59,415.11,296.29,358.86,296.29
362.68,190.53,418.87,190.53,418.87,298.13,362.68,298.13
364.42,190.68,420.78,190.68,420.78,298.62,364.42,298.62
367.24,191.89,423.57,191.89,423.57,299.75,367.24,299.75
368.84,192.3,425.25,192.3,425.25,300.32,368.84,300.32
371.67,193.16,428.23,193.16,428.23,301.48,371.67,301.48
373.11,193.67,429.86,193.67,429.86,302.35,373.11,302.35
376.39,194.65,433.4,194.65,433.4,303.81,376.39,303.81
377.49,194.37,434.71,194.37,434.71,303.95,377.49,303.95
379.1,194.31,436.49,194.31,436.49,304.22,379.1,304.22
383.19,195.4,440.56,195.4,440.56,305.25,383.19,305.25
386.11,195.99,443.63,195.99,443.63,306.12,386.11,306.12
384.72,196.49,442.18,196.49,442.18,306.51,384.72,306.51
377.86,197.45,435.22,197.45,435.22,307.3,377.86,307.3
371.5,197.58,428.94,197.58,428.94,307.57,371.5,307.57
366.02,198.51,423.41,198.51,423.41,308.41,366.02,308.41
358.49,198.54,416.1,198.54,416.1,308.87,358.49,308.87
352.58,199.8,409.95,199.8,409.95,309.66,352.58,309.66
345.82,201.53,403.33,201.53,403.33,311.65,345.82,311.65
340.99,201.86,398.23,201.86,398.23,311.48,340.99,311.48
336.16,202.3,393.34,202.3,393.34,311.8,336.16,311.8
330.71,202.82,387.88,202.82,387.88,312.29,330.71,312.29
325.14,203.97,382.28,203.97,382.28,313.38,325.14,313.38
319.93,205.24,376.7,205.24,376.7,313.94,319.93,313.94
317.69,205.84,374.54,205.84,374.54,314.71,317.69,314.71
311.32,205.52,368.39,205.52,368.39,314.8,311.32,314.8
306.23,206.33,363.15,206.33,363.15,315.33,306.23,315.33
303.08,206.66,359.94,206.66,359.94,315.54,303.08,315.54
298.47,207.13,355.62,207.13,355.62,316.57,298.47,316.57
292.38,208.5,349.5,208.5,349.5,317.88,292.38,317.88
290.39,209.39,347.48,209.39,347.48,318.73,290.39,318.73
285.67,209.92,342.35,209.92,342.35,318.45,285.67,318.45
278.84,210.83,335.46,210.83,335.46,319.25,278.84,319.25
274,210.01,330.95,210.01,330.95,319.06,274,319.06
270.04,212.12,326.31,212.12,326.31,319.87,270.04,319.87
269.45,213.21,325.45,213.21,325.45,320.45,269.45,320.45
262.04,214.53,318.19,214.53,318.19,322.05,262.04,322.05
257.27,214.45,313.39,214.45,313.39,321.93,257.27,321.93
252,215.49,308.21,215.49,308.21,323.13,252,323.13
246.6,216.1,302.97,216.1,302.97,324.05,246.6,324.05
242.56,217.35,298.99,217.35,298.99,325.41,242.56,325.41
239.26,217.29,295.61,217.29,295.61,325.21,239.26,325.21
233.47,217.59,289.95,217.59,289.95,325.73,233.47,325.73
231.93,218.69,288.51,218.69,288.51,327.02,231.93,327.02
227.33,217.66,283.9,217.66,283.9,325.97,227.33,325.97
220.57,217.83,277.3,217.83,277.3,326.45,220.57,326.45
218.68,218.68,275.78,218.68,275.78,328.01,218.68,328.01
217.56,219.82,274.82,219.82,274.82,329.45,217.56,329.45
211.7,218.89,269.06,218.89,269.06,328.72,211.7,328.72
210.97,219.92,268.45,219.92,268.45,330,210.97,330
204.84,218.96,262.49,218.96,262.49,329.37,204.84,329.37
204.03,218.79,261.84,218.79,261.84,329.49,204.03,329.49
202.03,220.71,259.6,220.71,259.6,330.94,202.03,330.94
197.18,220.41,255.05,220.41,255.05,331.22,197.18,331.22
195.66,220.3,253.69,220.3,253.69,331.41,195.66,331.41
193.61,219.74,252.02,219.74,252.02,331.58,193.61,331.58
189.18,224.06,247.35,224.06,247.35,335.45,189.18,335.45
187.54,220.54,245.9,220.54,245.9,332.3,187.54,332.3
185.82,218.07,244.5,218.07,244.5,330.43,185.82,330.43
180.14,222.9,238.34,222.9,238.34,334.34,180.14,334.34
178.69,221.53,236.99,221.53,236.99,333.17,178.69,333.17
175.84,221.51,234.27,221.51,234.27,333.39,175.84,333.39
172.57,223.44,230.76,223.44,230.76,334.86,172.57,334.86
170.56,223.29,228.66,223.29,228.66,334.55,170.56,334.55
168.68,224.19,226.75,224.19,226.75,335.37,168.68,335.37
165.63,223.53,223.74,223.53,223.74,334.81,165.63,334.81
162.17,225.16,220.23,225.16,220.23,336.34,162.17,336.34
160.65,224.1,218.95,224.1,218.95,335.72,160.65,335.72
158.13,223.83,216.71,223.83,216.71,336,158.13,336
157.2,224.19,215.94,224.19,215.94,336.67,157.2,336.67
154.66,223.86,213.5,223.86,213.5,336.52,154.66,336.52
153.05,224.51,212.01,224.51,212.01,337.41,153.05,337.41
151.46,224.11,210.48,224.11,210.48,337.13,151.46,337.13
147.54,224.47,206.75,224.47,206.75,337.85,147.54,337.85
147,225.01,206.34,225.01,206.34,338.66,147,338.66
143.53,225.89,202.7,225.89,202.7,339.21,143.53,339.21
140.98,226.53,199.99,226.53,199.99,339.52,140.98,339.52
135.04,226.94,193.91,226.94,193.91,339.67,135.04,339.67
132.55,227.23,191.53,227.23,191.53,340.17,132.55,340.17
130.69,226.91,189.55,226.91,189.55,339.62,130.69,339.62
131.81,227.92,190.42,227.92,190.42,340.14,131.81,340.14
140.39,226.9,199.26,226.9,199.26,339.63,140.39,339.63
143.87,226.53,202.82,226.53,202.82,339.41,143.87,339.41
148.64,226.05,207.58,226.05,207.58,338.91,148.64,338.91
155.99,226.35,215.03,226.35,215.03,339.41,155.99,339.41
161.74,225.89,220.44,225.89,220.44,338.29,161.74,338.29
169.66,227.16,228.05,227.16,228.05,338.96,169.66,338.96
175.28,226.63,233.5,226.63,233.5,338.13,175.28,338.13
179.77,226.55,237.73,226.55,237.73,337.56,179.77,337.56
187.34,225.91,245.51,225.91,245.51,337.29,187.34,337.29
193.1,226.7,251.05,226.7,251.05,337.66,193.1,337.66
195.82,225.88,253.91,225.88,253.91,337.1,195.82,337.1
206.87,226.84,264.47,226.84,264.47,337.12,206.87,337.12
209.18,226.87,266.45,226.87,266.45,336.53,209.18,336.53
217.33,226.13,274.46,226.13,274.46,335.52,217.33,335.52
224.22,226.08,281.01,226.08,281.01,334.82,224.22,334.82
233,226.04,289.63,226.04,289.63,334.48,233,334.48
235.23,224.72,292.05,224.72,292.05,333.53,235.23,333.53
241.43,225.41,298.18,225.41,298.18,334.09,241.43,334.09
249.28,223.54,306.24,223.54,306.24,332.62,249.28,332.62
252.02,222.74,309.28,222.74,309.28,332.39,252.02,332.39
258.24,221.61,316,221.61,316,332.22,258.24,332.22
263.03,222.08,320.55,222.08,320.55,332.22,263.03,332.22
265.59,221.14,323.46,221.14,323.46,331.95,265.59,331.95
271.42,218.43,330.24,218.43,330.24,331.05,271.42,331.05
270.96,218.91,329.79,218.91,329.79,331.57,270.96,331.57
266.31,217.76,325.4,217.76,325.4,330.9,266.31,330.9
264.03,216.8,323.71,216.8,323.71,331.08,264.03,331.08
260.43,216.37,320.27,216.37,320.27,330.94,260.43,330.94
258.14,216.57,317.85,216.57,317.85,330.9,258.14,330.9
255.32,216.38,314.81,216.38,314.81,330.3,255.32,330.3
252.26,217.1,311.1,217.1,311.1,329.77,252.26,329.77
250.69,216.66,309.49,216.66,309.49,329.26,250.69,329.26
246.25,215.36,305.37,215.36,305.37,328.56,246.25,328.56
243.9,216.1,302.3,216.1,302.3,327.95,243.9,327.95
239.98,215.67,298.04,215.67,298.04,326.83,239.98,326.83
236.5,215.32,294.24,215.32,294.24,325.89,236.5,325.89
235.53,215.46,293.17,215.46,293.17,325.83,235.53,325.83
231.53,214.3,289.13,214.3,289.13,324.59,231.53,324.59
228.07,214.49,285.54,214.49,285.54,324.54,228.07,324.54
225.48,214.73,282.6,214.73,282.6,324.1,225.48,324.1
222.48,214.94,279.13,214.94,279.13,323.43,222.48,323.43
215.67,213.7,272.17,213.7,272.17,321.89,215.67,321.89
215.46,214.64,271.82,214.64,271.82,322.57,215.46,322.57
209.72,213.43,265.96,213.43,265.96,321.12,209.72,321.12
209.02,212.67,265.69,212.67,265.69,321.18,209.02,321.18
203.84,211.33,260.56,211.33,260.56,319.95,203.84,319.95
201.89,212.03,258.33,212.03,258.33,320.1,201.89,320.1
199.45,211.92,255.71,211.92,255.71,319.65,199.45,319.65
193.25,210.43,249.27,210.43,249.27,317.72,193.25,317.72
191.81,211.39,247.5,211.39,247.5,318.03,191.81,318.03
188.8,209.74,244.44,209.74,244.44,316.28,188.8,316.28
184.35,209.4,239.78,209.4,239.78,315.53,184.35,315.53
182.91,209.98,238.04,209.98,238.04,315.54,182.91,315.54
177.6,209.08,232.72,209.08,232.72,314.63,177.6,314.63
177.71,209.11,232.58,209.11,232.58,314.17,177.71,314.17
170.52,207.75,225.19,207.75,225.19,312.42,170.52,312.42
168.2,207.87,222.78,207.87,222.78,312.39,168.2,312.39
171.05,206.02,226.35,206.02,226.35,311.91,171.05,311.91
172.93,204.68,228.27,204.68,228.27,310.64,172.93,310.64
179.8,204.79,234.91,204.79,234.91,310.32,179.8,310.32
181.34,204.1,236.59,204.1,236.59,309.88,181.34,309.88
186.85,201.57,242.59,201.57,242.59,308.31,186.85,308.31
189.83,202.19,245.26,202.19,245.26,308.33,189.83,308.33
196.28,201.9,251.34,201.9,251.34,307.34,196.28,307.34
199.42,201.85,253.96,201.85,253.96,306.3,199.42,306.3
204.61,201.03,259.39,201.03,259.39,305.92,204.61,305.92
207.69,200.45,262.46,200.45,262.46,305.34,207.69,305.34
214.04,199.18,268.91,199.18,268.91,304.26,214.04,304.26
216.71,199.07,271.18,199.07,271.18,303.37,216.71,303.37
222.63,197.97,277.5,197.97,277.5,303.04,222.63,303.04
225.2,196.73,280.73,196.73,280.73,303.06,225.2,303.06
232.69,196.51,287.9,196.51,287.9,302.24,232.69,302.24
234.92,195.83,290.19,195.83,290.19,301.66,234.92,301.66
241.85,194.91,297.28,194.91,297.28,301.05,241.85,301.05
244.85,194.76,300.27,194.76,300.27,300.88,244.85,300.88
250.38,195.73,305.09,195.73,305.09,300.49,250.38,300.49
253.66,194.86,308.69,194.86,308.69,300.24,253.66,300.24
259.56,195.03,314.12,195.03,314.12,299.51,259.56,299.51
261.82,193.72,316.97,193.72,316.97,299.33,261.82,299.33
267.88,193.34,322.89,193.34,322.89,298.68,267.88,298.68
271.94,194.15,326.66,194.15,326.66,298.92,271.94,298.92
274.65,194.28,329.04,194.28,329.04,298.43,274.65,298.43
281.14,193.72,335.66,193.72,335.66,298.13,281.14,298.13
284.61,193.11,339.09,193.11,339.09,297.43,284.61,297.43
290.38,192.2,344.87,192.2,344.87,296.55,290.38,296.55
293.76,191.83,348.34,191.83,348.34,296.33,293.76,296.33
299.29,191.94,353.91,191.94,353.91,296.54,299.29,296.54
302.33,192.26,356.97,192.26,356.97,296.89,302.33,296.89
309.18,192.3,363.59,192.3,363.59,296.49,309.18,296.49
312.41,192.82,366.38,192.82,366.38,296.16,312.41,296.16
316.1,193.31,369.43,193.31,369.43,295.44,316.1,295.44
322.48,192.75,375.89,192.75,375.89,295.01,322.48,295.01
326.84,194.07,379.52,194.07,379.52,294.93,326.84,294.93
333.83,193.81,386.33,193.81,386.33,294.35,333.83,294.35
336.65,193.06,389.67,193.06,389.67,294.58,336.65,294.58
344.46,192.95,397.31,192.95,397.31,294.16,344.46,294.16
347.39,191.94,400.56,191.94,400.56,293.77,347.39,293.77
357.73,191.51,411.2,191.51,411.2,293.9,357.73,293.9
364.82,191.15,418.43,191.15,418.43,293.82,364.82,293.82
376.25,191,430.13,191,430.13,294.16,376.25,294.16
382.61,190.05,436.77,190.05,436.77,293.78,382.61,293.78
395.02,190.05,449.38,190.05,449.38,294.15,395.02,294.15
407.09,190.58,461.48,190.58,461.48,294.74,407.09,294.74
414.95,191.39,469.16,191.39,469.16,295.18,414.95,295.18
425.89,190.12,480.39,190.12,480.39,294.48,425.89,294.48
428.27,189.42,483.13,189.42,483.13,294.47,428.27,294.47
427.37,189.72,482.09,189.72,482.09,294.49,427.37,294.49
425.82,190.58,480.5,190.58,480.5,295.27,425.82,295.27
421.21,190.08,476.16,190.08,476.16,295.3,421.21,295.3
419.58,188.8,475.02,188.8,475.02,294.97,419.58,294.97
418.81,187.87,474.58,187.87,474.58,294.67,418.81,294.67
415.38,187.79,471.08,187.79,471.08,294.45,415.38,294.45
415.62,187.31,471.56,187.31,471.56,294.43,415.62,294.43
421.58,186.87,477.66,186.87,477.66,294.25,421.58,294.25
425.75,186.86,481.91,186.86,481.91,294.4,425.75,294.4
431.74,186.47,487.9,186.47,487.9,294.01,431.74,294.01
437.09,186.9,493.25,186.9,493.25,294.43,437.09,294.43
443.71,186.89,499.87,186.89,499.87,294.43,443.71,294.43
447.64,186.32,503.77,186.32,503.77,293.81,447.64,293.81
451.49,186.62,507.72,186.62,507.72,294.29,451.49,294.29
459.04,186.39,515.08,186.39,515.08,293.7,459.04,293.7
463.19,187.17,519.08,187.17,519.08,294.19,463.19,294.19
469.62,186.14,525.86,186.14,525.86,293.83,469.62,293.83
477.29,186.86,533.03,186.86,533.03,293.59,477.29,293.59
478.66,187.5,534.52,187.5,534.52,294.47,478.66,294.47
476.25,187.58,531.67,187.58,531.67,293.72,476.25,293.72
477.91,188.48,532.88,188.48,532.88,293.74,477.91,293.74
475.13,188.26,530.02,188.26,530.02,293.36,475.13,293.36
472.24,187.36,527.16,187.36,527.16,292.52,472.24,292.52
471.72,187.09,526.55,187.09,526.55,292.07,471.72,292.07
469.56,186.93,524.16,186.93,524.16,291.48,469.56,291.48
467.66,186.51,522.44,186.51,522.44,291.41,467.66,291.41
465.91,187.5,520.24,187.5,520.24,291.53,465.91,291.53
464.19,187.52,518.17,187.52,518.17,290.87,464.19,290.87
470.2,186.91,524.36,186.91,524.36,290.61,470.2,290.61
472.2,186.75,526.31,186.75,526.31,290.36,472.2,290.36
475.91,186.33,530.23,186.33,530.23,290.35,475.91,290.35
480.4,186.45,534.57,186.45,534.57,290.19,480.4,290.19
482.06,185.37,536.53,185.37,536.53,289.68,482.06,289.68
486.25,185.05,540.76,185.05,540.76,289.43,486.25,289.43
491.28,185.14,545.82,185.14,545.82,289.58,491.28,289.58
493.23,185.25,547.58,185.25,547.58,289.31,493.23,289.31
490.16,184.64,544.7,184.64,544.7,289.06,490.16,289.06
487.8,184.23,542.42,184.23,542.42,288.82,487.8,288.82
482.44,184.08,536.97,184.08,536.97,288.5,482.44,288.5
481.46,183.96,535.88,183.96,535.88,288.16,481.46,288.16
478.51,184.47,532.81,184.47,532.81,288.44,478.51,288.44
474.62,184.54,528.37,184.54,528.37,287.48,474.62,287.48
468.14,184.09,521.85,184.09,521.85,286.94,468.14,286.94
458.47,184.27,512.18,184.27,512.18,287.12,458.47,287.12
453.22,184.24,507.01,184.24,507.01,287.26,453.22,287.26
447.41,183.3,501.25,183.3,501.25,286.39,447.41,286.39
439.9,182.98,493.61,182.98,493.61,285.82,439.9,285.82
432.91,183.38,486.54,183.38,486.54,286.06,432.91,286.06
430.76,184.01,484.05,184.01,484.05,286.04,430.76,286.04
421.14,184.36,474.22,184.36,474.22,286,421.14,286
418.16,183.82,471.16,183.82,471.16,285.31,418.16,285.31
410.17,183.79,463.27,183.79,463.27,285.48,410.17,285.48
405.11,182.52,458.7,182.52,458.7,285.13,405.11,285.13
406.02,182.39,459.72,182.39,459.72,285.2,406.02,285.2
407.05,182.3,460.8,182.3,460.8,285.23,407.05,285.23
407.13,182.04,461.03,182.04,461.03,285.24,407.13,285.24
407.15,181.2,460.84,181.2,460.84,284.01,407.15,284.01
407.05,181.24,460.73,181.24,460.73,284.03,407.05,284.03
407.13,181.32,460.72,181.32,460.72,283.94,407.13,283.94
406.93,180.49,460.43,180.49,460.43,282.92,406.93,282.92
405.89,180.52,459.3,180.52,459.3,282.79,405.89,282.79
405.64,180.96,458.66,180.96,458.66,282.5,405.64,282.5
405.66,181,458.55,181,458.55,282.28,405.66,282.28
404.74,180.33,457.6,180.33,457.6,281.55,404.74,281.55
404.7,180.61,457.46,180.61,457.46,281.64,404.7,281.64
404.56,180.82,457.36,180.82,457.36,281.93,404.56,281.93
404.73,180.35,457.57,180.35,457.57,281.53,404.73,281.53
404.78,180.39,457.62,180.39,457.62,281.58,404.78,281.58
405.31,179.86,458.5,179.86,458.5,281.71,405.31,281.71
405.3,179.59,458.59,179.59,458.59,281.62,405.3,281.62
406.81,180.7,459.81,180.7,459.81,282.2,406.81,282.2
406.34,180.52,459.37,180.52,459.37,282.06,406.34,282.06
406.4,180.83,459.6,180.83,459.6,282.71,406.4,282.71
407.07,180.19,460.27,180.19,460.27,282.06,407.07,282.06
406.68,179.94,459.71,179.94,459.71,281.49,406.68,281.49
408.67,180.16,461.64,180.16,461.64,281.59,408.67,281.59
409.88,179.88,462.75,179.88,462.75,281.11,409.88,281.11
410.68,179.59,463.41,179.59,463.41,280.56,410.68,280.56
410.9,179.93,463.63,179.93,463.63,280.91,410.9,280.91
411.98,180.11,464.62,180.11,464.62,280.92,411.98,280.92
413.49,180.44,465.76,180.44,465.76,280.53,413.49,280.53
414.98,180.37,467.15,180.37,467.15,280.26,414.98,280.26
415.7,179.49,467.94,179.49,467.94,279.52,415.7,279.52
417.67,179.61,469.85,179.61,469.85,279.53,417.67,279.53
419.15,179.18,471.23,179.18,471.23,278.91,419.15,278.91
420.99,179.02,473.07,179.02,473.07,278.75,420.99,278.75
422.55,179.67,474.22,179.67,474.22,278.61,422.55,278.61
423.73,180.27,474.94,180.27,474.94,278.33,423.73,278.33
423.91,179.58,475.2,179.58,475.2,277.79,423.91,277.79
425.54,179.94,476.72,179.94,476.72,277.95,425.54,277.95
425.49,179.86,476.75,179.86,476.75,278.03,425.49,278.03
427.42,180.32,478.36,180.32,478.36,277.87,427.42,277.87
427.38,180.48,478.16,180.48,478.16,277.73,427.38,277.73
427.13,179.52,478.11,179.52,478.11,277.15,427.13,277.15
427.67,179.89,478.73,179.89,478.73,277.66,427.67,277.66
427.42,179.21,478.72,179.21,478.72,277.45,427.42,277.45
428.48,179.71,479.56,179.71,479.56,277.52,428.48,277.52
427.81,178.51,479.43,178.51,479.43,277.36,427.81,277.36
428.95,179.39,480.37,179.39,480.37,277.86,428.95,277.86
428.98,179.19,480.28,179.19,480.28,277.42,428.98,277.42
430.24,180.31,481.19,180.31,481.19,277.87,430.24,277.87
430.76,181.39,481.03,181.39,481.03,277.65,430.76,277.65
422.85,181.82,472.66,181.82,472.66,277.21,422.85,277.21
414.71,181.02,464.49,181.02,464.49,276.35,414.71,276.35
407.27,181.27,456.88,181.27,456.88,276.28,407.27,276.28
403.94,182.25,453.2,182.25,453.2,276.57,403.94,276.57
394.5,181.41,443.77,181.41,443.77,275.76,394.5,275.76
390.8,180.88,440.36,180.88,440.36,275.79,390.8,275.79
382.62,179.74,432.57,179.74,432.57,275.39,382.62,275.39
375.2,177.76,425.48,177.76,425.48,274.03,375.2,274.03
370.4,177.25,421,177.25,421,274.14,370.4,274.14
364.92,175.86,415.95,175.86,415.95,273.57,364.92,273.57
361.17,175.36,412.32,175.36,412.32,273.3,361.17,273.3
352.75,173.23,404.19,173.23,404.19,271.73,352.75,271.73
348.4,173.19,399.97,173.19,399.97,271.95,348.4,271.95
342.74,172.78,394.2,172.78,394.2,271.32,342.74,271.32
337.58,172.23,389.42,172.23,389.42,271.5,337.58,271.5
330.85,170.64,382.79,170.64,382.79,270.11,330.85,270.11
328.1,172.01,379.69,172.01,379.69,270.79,328.1,270.79
321.38,171.95,372.9,171.95,372.9,270.62,321.38,270.62
317.78,170.85,369.49,170.85,369.49,269.87,317.78,269.87
311.1,170.92,362.72,170.92,362.72,269.76,311.1,269.76
302.83,170.09,354.52,170.09,354.52,269.06,302.83,269.06
295.54,169.39,347.23,169.39,347.23,268.37,295.54,268.37
288.21,169.82,340,169.82,340,269.01,288.21,269.01
280.14,169.39,332.05,169.39,332.05,268.79,280.14,268.79
272.88,169.6,324.69,169.6,324.69,268.81,272.88,268.81
268.34,169.79,320.18,169.79,320.18,269.05,268.34,269.05
261.3,169.14,313.17,169.14,313.17,268.47,261.3,268.47
255.88,168.72,307.64,168.72,307.64,267.85,255.88,267.85
249.76,168.48,301.57,168.48,301.57,267.68,249.76,267.68
246.79,167.71,298.75,167.71,298.75,267.21,246.79,267.21
241.51,168.74,293.37,168.74,293.37,268.03,241.51,268.03
237.18,166.92,289.38,166.92,289.38,266.89,237.18,266.89
230.86,167.86,282.77,167.86,282.77,267.26,230.86,267.26
229.08,168.05,280.92,168.05,280.92,267.32,229.08,267.32
221.04,166.67,272.74,166.67,272.74,265.68,221.04,265.68
217.42,166.17,269.43,166.17,269.43,265.76,217.42,265.76
211.09,166.76,263.04,166.76,263.04,266.25,211.09,266.25
204.23,166.54,256.11,166.54,256.11,265.88,204.23,265.88
202.32,167.04,253.88,167.04,253.88,265.77,202.32,265.77
197.59,167.49,249.08,167.49,249.08,266.09,197.59,266.09
191.15,167.57,242.76,167.57,242.76,266.39,191.15,266.39
189.05,168.7,240.74,168.7,240.74,267.67,189.05,267.67
182.9,169.64,234.72,169.64,234.72,268.86,182.9,268.86
179.21,168.52,231.1,168.52,231.1,267.89,179.21,267.89
173.53,169.34,225.42,169.34,225.42,268.71,173.53,268.71
169.63,169.89,221.45,169.89,221.45,269.12,169.63,269.12
166.05,171.01,217.7,171.01,217.7,269.92,166.05,269.92
166.92,172.62,218.74,172.62,218.74,271.84,166.92,271.84
172.83,170.65,224.53,170.65,224.53,269.66,172.83,269.66
177.6,170.34,228.84,170.34,228.84,268.45,177.6,268.45
178.19,172.17,229.43,172.17,229.43,270.29,178.19,270.29
180.48,170.64,231.54,170.64,231.54,268.42,180.48,268.42
180.96,171.45,231.93,171.45,231.93,269.04,180.96,269.04
181.1,172.88,232.58,172.88,232.58,271.46,181.1,271.46
183.02,172.67,234.47,172.67,234.47,271.2,183.02,271.2
183.89,172.77,235.59,172.77,235.59,271.78,183.89,271.78
184.14,173.63,236.34,173.63,236.34,273.58,184.14,273.58
184.95,172.61,237.32,172.61,237.32,272.9,184.95,272.9
189.66,172.21,242.1,172.21,242.1,272.61,189.66,272.61
190.28,173.2,242.62,173.2,242.62,273.42,190.28,273.42
190.2,176.46,243.08,176.46,243.08,277.72,190.2,277.72
190.24,178.3,243.35,178.3,243.35,280.01,190.24,280.01
195.62,179.29,249.1,179.29,249.1,281.7,195.62,281.7
200.81,180.32,254.52,180.32,254.52,283.17,200.81,283.17
208.08,179.68,261.75,179.68,261.75,282.46,208.08,282.46
214.26,181.83,268.15,181.83,268.15,285.03,214.26,285.03
227.04,177.47,280.62,177.47,280.62,280.07,227.04,280.07
235.05,177.96,288.26,177.96,288.26,279.86,235.05,279.86
228.33,183.59,281.55,183.59,281.55,285.5,228.33,285.5
233.66,184.69,286.71,184.69,286.71,286.29,233.66,286.29
244.33,182.92,297.23,182.92,297.23,284.22,244.33,284.22
243.5,185.82,296.5,185.82,296.5,287.3,243.5,287.3
248.57,185.14,301.73,185.14,301.73,286.94,248.57,286.94
249.37,185.69,302.5,185.69,302.5,287.43,249.37,287.43
250.75,186.1,303.91,186.1,303.91,287.9,250.75,287.9
255.73,185.4,308.93,185.4,308.93,287.28,255.73,287.28
258.89,184.83,311.96,184.83,311.96,286.45,258.89,286.45
262.78,186.65,315.76,186.65,315.76,288.09,262.78,288.09
265.71,186.76,318.8,186.76,318.8,288.42,265.71,288.42
266.51,187.53,319.79,187.53,319.79,289.57,266.51,289.57
271.75,188.08,325.25,188.08,325.25,290.52,271.75,290.52
277.66,187.6,331.08,187.6,331.08,289.89,277.66,289.89
282.08,188.68,335.36,188.68,335.36,290.71,282.08,290.71
283.93,190.37,337.14,190.37,337.14,292.26,283.93,292.26
285.71,190.36,339.21,190.36,339.21,292.79,285.71,292.79
289.75,190.94,343.22,190.94,343.22,293.32,289.75,293.32
294.75,190.84,348.29,190.84,348.29,293.38,294.75,293.38
296.8,191.79,350.24,191.79,350.24,294.13,296.8,294.13
301.24,192.91,354.82,192.91,354.82,295.52,301.24,295.52
302.94,193.56,356.43,193.56,356.43,295.98,302.94,295.98
307.38,193.94,360.97,193.94,360.97,296.54,307.38,296.54
312.07,195.23,365.78,195.23,365.78,298.07,312.07,298.07
316.03,195.06,369.95,195.06,369.95,298.32,316.03,298.32
311.9,194.81,366.13,194.81,366.13,298.65,311.9,298.65
309,195.11,363.37,195.11,363.37,299.22,309,299.22
307.42,195.77,361.94,195.77,361.94,300.15,307.42,300.15
305.22,196.13,359.78,196.13,359.78,300.61,305.22,300.61
302.84,196.78,357.4,196.78,357.4,301.26,302.84,301.26
299.51,198.09,353.96,198.09,353.96,302.36,299.51,302.36
298.11,198.48,352.62,198.48,352.62,302.87,298.11,302.87
294.39,198.36,349.02,198.36,349.02,302.97,294.39,302.97
293.34,199.15,348.33,199.15,348.33,304.46,293.34,304.46
287.93,200.96,342.77,200.96,342.77,305.97,287.93,305.97
284.67,201.08,339.73,201.08,339.73,306.52,284.67,306.52
282.24,201.75,337.35,201.75,337.35,307.29,282.24,307.29
279.03,202.98,334.09,202.98,334.09,308.41,279.03,308.41
275.43,203.74,330.51,203.74,330.51,309.22,275.43,309.22
271.46,204.5,326.58,204.5,326.58,310.06,271.46,310.06
269.74,204.87,325.03,204.87,325.03,310.74,269.74,310.74
265.55,205.05,320.94,205.05,320.94,311.13,265.55,311.13
264.33,206.63,319.58,206.63,319.58,312.43,264.33,312.43
263.01,206.1,318.37,206.1,318.37,312.1,263.01,312.1
260.84,207.48,316.26,207.48,316.26,313.6,260.84,313.6
256.62,208.11,312.12,208.11,312.12,314.38,256.62,314.38
254.93,207.67,310.59,207.67,310.59,314.26,254.93,314.26
253.85,208.53,309.65,208.53,309.65,315.38,253.85,315.38
251.38,209.46,307.23,209.46,307.23,316.4,251.38,316.4
249.81,209.46,305.78,209.46,305.78,316.62,249.81,316.62
246.3,209.95,302.32,209.95,302.32,317.23,246.3,317.23
245.94,210.87,302.06,210.87,302.06,318.33,245.94,318.33
245.19,210.56,301.46,210.56,301.46,318.31,245.19,318.31
241.6,210.83,297.99,210.83,297.99,318.82,241.6,318.82
241.19,212.01,297.56,212.01,297.56,319.95,241.19,319.95
237.37,212.64,293.77,212.64,293.77,320.64,237.37,320.64
235.82,212.57,292.5,212.57,292.5,321.1,235.82,321.1
232.71,212.99,289.2,212.99,289.2,321.17,232.71,321.17
231.02,213.3,287.2,213.3,287.2,320.88,231.02,320.88
225.76,213.58,282.51,213.58,282.51,322.25,225.76,322.25
224.93,214.35,281.87,214.35,281.87,323.39,224.93,323.39
222.21,214.91,279.25,214.91,279.25,324.14,222.21,324.14
220.22,215.9,277.07,215.9,277.07,324.76,220.22,324.76
216.04,215.82,273.2,215.82,273.2,325.28,216.04,325.28
214.21,216.8,271.22,216.8,271.22,325.97,214.21,325.97
210.95,218.11,268.07,218.11,268.07,327.49,210.95,327.49
208.16,218.83,265.14,218.83,265.14,327.94,208.16,327.94
204.18,218.32,261.9,218.32,261.9,328.84,204.18,328.84
204.22,218.33,262.11,218.33,262.11,329.18,204.22,329.18
202.23,218.75,260.38,218.75,260.38,330.1,202.23,330.1
200.38,219.64,258.58,219.64,258.58,331.08,200.38,331.08
197.58,221.03,255.81,221.03,255.81,332.55,197.58,332.55
194.92,220.58,253.44,220.58,253.44,332.65,194.92,332.65
193.27,221.82,251.76,221.82,251.76,333.82,193.27,333.82
192.29,222.29,250.78,222.29,250.78,334.28,192.29,334.28
190.72,223.27,249.07,223.27,249.07,335.01,190.72,335.01
188.41,223.74,246.76,223.74,246.76,335.49,188.41,335.49
186.6,224.28,244.99,224.28,244.99,336.08,186.6,336.08
184.73,225.94,242.95,225.94,242.95,337.44,184.73,337.44
183.04,226.01,241.1,226.01,241.1,337.2,183.04,337.2
180.53,227.81,238.53,227.81,238.53,338.86,180.53,338.86
178.42,228.39,236.44,228.39,236.44,339.49,178.42,339.49
175.24,228.42,233.55,228.42,233.55,340.07,175.24,340.07
173.01,228.62,231.42,228.62,231.42,340.47,173.01,340.47
171.08,230.1,229.65,230.1,229.65,342.26,171.08,342.26
170.01,229.89,228.86,229.89,228.86,342.59,170.01,342.59
168.01,231.4,226.86,231.4,226.86,344.11,168.01,344.11
165.28,231.71,224.16,231.71,224.16,344.46,165.28,344.46
162.37,233.19,221.22,233.19,221.22,345.88,162.37,345.88
161,233.19,219.98,233.19,219.98,346.13,161,346.13
157.43,234.34,216.55,234.34,216.55,347.55,157.43,347.55
156.35,235.51,215.55,235.51,215.55,348.86,156.35,348.86
155.19,235.78,214.36,235.78,214.36,349.09,155.19,349.09
154.09,235.51,213.31,235.51,213.31,348.9,154.09,348.9
152.74,236.36,212.13,236.36,212.13,350.08,152.74,350.08
150.07,237.1,209.32,237.1,209.32,350.56,150.07,350.56
155.51,237.59,214.83,237.59,214.83,351.19,155.51,351.19
160.02,237.31,219.37,237.31,219.37,350.96,160.02,350.96
165.37,238.1,224.87,238.1,224.87,352.03,165.37,352.03
170.01,238.8,229.58,238.8,229.58,352.89,170.01,352.89
171.03,238.64,230.6,238.64,230.6,352.71,171.03,352.71
176.83,239.38,236.63,239.38,236.63,353.89,176.83,353.89
180.83,241.13,240.61,241.13,240.61,355.59,180.83,355.59
186.73,240.54,246.63,240.54,246.63,355.23,186.73,355.23
189.8,241.32,249.87,241.32,249.87,356.35,189.8,356.35
195.92,241.47,255.84,241.47,255.84,356.2,195.92,356.2
201.4,242.03,261.54,242.03,261.54,357.18,201.4,357.18
205.58,243.35,265.78,243.35,265.78,358.62,205.58,358.62
211.74,244.93,271.91,244.93,271.91,360.14,211.74,360.14
215.03,245.36,275,245.36,275,360.19,215.03,360.19
218.39,245.12,278.25,245.12,278.25,359.76,218.39,359.76
225.33,246.16,285.06,246.16,285.06,360.54,225.33,360.54
230.86,246.99,290.88,246.99,290.88,361.91,230.86,361.91
235.78,247.72,295.7,247.72,295.7,362.45,235.78,362.45
242.9,249.04,302.75,249.04,302.75,363.63,242.9,363.63
248.29,249.33,308.18,249.33,308.18,364,248.29,364
254.23,249.97,314.04,249.97,314.04,364.51,254.23,364.51
258.24,249.87,318.43,249.87,318.43,365.13,258.24,365.13
260.67,250.13,320.88,250.13,320.88,365.44,260.67,365.44
267.44,251.46,327.71,251.46,327.71,366.86,267.44,366.86
270.62,251.56,330.77,251.56,330.77,366.74,270.62,366.74
278.19,253.32,338.07,253.32,338.07,367.99,278.19,367.99
282.11,252.76,342.03,252.76,342.03,367.51,282.11,367.51
288.49,252.06,348.75,252.06,348.75,367.44,288.49,367.44
292.5,252.81,352.71,252.81,352.71,368.1,292.5,368.1
300.22,253.85,360.65,253.85,360.65,369.57,300.22,369.57
304.32,254.63,364.57,254.63,364.57,370.01,304.32,370.01
309.93,254.89,370.22,254.89,370.22,370.34,309.93,370.34
313.68,255.98,373.9,255.98,373.9,371.3,313.68,371.3
320.7,256.66,380.79,256.66,380.79,371.71,320.7,371.71
324.85,257.01,384.9,257.01,384.9,372,324.85,372
322.19,257.53,382.3,257.53,382.3,372.64,322.19,372.64
322.67,258.15,382.94,258.15,382.94,373.56,322.67,373.56
321.12,258.66,381.65,258.66,381.65,374.56,321.12,374.56
321.49,259.6,381.95,259.6,381.95,375.38,321.49,375.38
319.3,260.82,379.48,260.82,379.48,376.05,319.3,376.05
318.68,261.4,378.87,261.4,378.87,376.66,318.68,376.66
318.32,261.21,378.64,261.21,378.64,376.73,318.32,376.73
316.89,261.67,377.48,261.67,377.48,377.68,316.89,377.68
315.29,262.66,376.2,262.66,376.2,379.3,315.29,379.3
316.41,263.14,377.32,263.14,377.32,379.8,316.41,379.8
316.19,263.61,377.11,263.61,377.11,380.26,316.19,380.26
315.66,264.26,376.62,264.26,376.62,381,315.66,381
314.04,264.29,375.23,264.29,375.23,381.47,314.04,381.47
311.43,265.66,372.66,265.66,372.66,382.9,311.43,382.9
310.41,266.06,371.87,266.06,371.87,383.75,310.41,383.75
310.51,266.57,372.09,266.57,372.09,384.48,310.51,384.48
309.64,267.35,371.2,267.35,371.2,385.22,309.64,385.22
308.58,267.31,370.49,267.31,370.49,385.86,308.58,385.86
307.6,268.22,369.77,268.22,369.77,387.29,307.6,387.29
306.73,268.76,368.88,268.76,368.88,387.78,306.73,387.78
304.63,268.95,366.97,268.95,366.97,388.32,304.63,388.32
302.39,268.59,364.96,268.59,364.96,388.42,302.39,388.42
302.29,270.29,364.79,270.29,364.79,389.97,302.29,389.97
302.83,270.85,365.48,270.85,365.48,390.8,302.83,390.8
300.63,271.33,363.35,271.33,363.35,391.43,300.63,391.43
299.42,272.06,361.87,272.06,361.87,391.64,299.42,391.64
298.92,273.47,361.26,273.47,361.26,392.86,298.92,392.86
298.62,272.92,361.24,272.92,361.24,392.84,298.62,392.84
297.43,275.03,359.89,275.03,359.89,394.62,297.43,394.62
295.79,274.95,358.25,274.95,358.25,394.54,295.79,394.54
293.65,275.57,356.29,275.57,356.29,395.51,293.65,395.51
293.75,275.3,356.47,275.3,356.47,395.4,293.75,395.4
293.19,276.26,355.81,276.26,355.81,396.17,293.19,396.17
292.44,277.38,355.22,277.38,355.22,397.59,292.44,397.59
291.3,277.1,354.68,277.1,354.68,398.47,291.3,398.47
291.06,278.69,354.07,278.69,354.07,399.35,291.06,399.35
291.38,279.2,354.24,279.2,354.24,399.57,291.38,399.57
290.52,280.03,353.22,280.03,353.22,400.1,290.52,400.1
288.71,280.24,351.52,280.24,351.52,400.53,288.71,400.53
290,281.16,352.74,281.16,352.74,401.29,290,401.29
297.02,281.49,360.18,281.49,360.18,402.44,297.02,402.44
301.92,283.18,364.51,283.18,364.51,403.05,301.92,403.05
308.42,283.9,371.08,283.9,371.08,403.89,308.42,403.89
312.4,283.71,375.16,283.71,375.16,403.91,312.4,403.91
320.12,283.61,383.03,283.61,383.03,404.08,320.12,404.08
325.08,284.41,388.06,284.41,388.06,405,325.08,405
332.31,285.27,395.06,285.27,395.06,405.44,332.31,405.44
336.94,285.93,399.56,285.93,399.56,405.84,336.94,405.84
337.59,286.89,400.13,286.89,400.13,406.65,337.59,406.65
335.94,287.8,398.46,287.8,398.46,407.51,335.94,407.51
334.92,288.39,397.37,288.39,397.37,407.98,334.92,407.98
334.75,287.78,397.61,287.78,397.61,408.14,334.75,408.14
335,288.93,397.8,288.93,397.8,409.2,335,409.2
332,289.43,394.69,289.43,394.69,409.46,332,409.46
330.96,289.33,394,289.33,394,410.06,330.96,410.06
329.8,290.04,392.99,290.04,392.99,411.05,329.8,411.05
330.91,291.37,393.75,291.37,393.75,411.69,330.91,411.69
329.12,291.46,391.99,291.46,391.99,411.84,329.12,411.84
328.55,292.01,391.45,292.01,391.45,412.44,328.55,412.44
328.54,292.99,391.28,292.99,391.28,413.13,328.54,413.13
326.69,293.48,389.54,293.48,389.54,413.82,326.69,413.82
325.56,294.69,388.2,294.69,388.2,414.65,325.56,414.65
324.94,294.43,387.84,294.43,387.84,414.87,324.94,414.87
325.22,295.45,388,295.45,388,415.67,325.22,415.67
324.83,296.12,387.38,296.12,387.38,415.9,324.83,415.9
334,297.41,396.46,297.41,396.46,417.01,334,417.01
338.09,297.36,400.6,297.36,400.6,417.06,338.09,417.06
346.75,298.98,409.32,298.98,409.32,418.78,346.75,418.78
352.64,300.03,415.1,300.03,415.1,419.63,352.64,419.63
361.01,299.63,423.64,299.63,423.64,419.56,361.01,419.56
369.43,301.37,431.79,301.37,431.79,420.79,369.43,420.79
373.97,301.5,436.53,301.5,436.53,421.29,373.97,421.29
382.82,302.94,444.97,302.94,444.97,421.94,382.82,421.94
391.58,302.95,453.74,302.95,453.74,421.99,391.58,421.99
395.68,303.05,458.15,303.05,458.15,422.68,395.68,422.68
404.27,303.79,466.85,303.79,466.85,423.62,404.27,423.62
408.76,304.69,470.95,304.69,470.95,423.77,408.76,423.77
416.44,304.71,479.1,304.71,479.1,424.69,416.44,424.69
422.2,305.38,484.89,305.38,484.89,425.43,422.2,425.43
420.08,305.33,483.09,305.33,483.09,425.99,420.08,425.99
420.65,306.53,483.47,306.53,483.47,426.82,420.65,426.82
