301.5,73.5,337.5,73.5,337.5,143.5,301.5,143.5
301.45,73.873,337.46,73.873,337.46,143.9,301.45,143.9
301.44,74.268,337.27,74.268,337.27,143.94,301.44,143.94
301.14,74.039,336.8,74.039,336.8,143.38,301.14,143.38
301.38,74.347,337.12,74.347,337.12,143.84,301.38,143.84
301.56,74.683,337.26,74.683,337.26,144.11,301.56,144.11
301.7,75.33,337.15,75.33,337.15,144.26,301.7,144.26
301.31,74.923,336.77,74.923,336.77,143.87,301.31,143.87
301.64,75.289,336.82,75.289,336.82,143.7,301.64,143.7
301.91,75.777,336.8,75.777,336.8,143.63,301.91,143.63
302.2,76.181,336.8,76.181,336.8,143.47,302.2,143.47
303.07,76.919,337.42,76.919,337.42,143.71,303.07,143.71
303.43,76.904,337.77,76.904,337.77,143.67,303.43,143.67
303.97,77.265,338.38,77.265,338.38,144.18,303.97,144.18
304.08,77.406,338.74,77.406,338.74,144.78,304.08,144.78
304.1,77.466,338.59,77.466,338.59,144.52,304.1,144.52
304.46,77.214,338.89,77.214,338.89,144.16,304.46,144.16
305.26,77.745,339.42,77.745,339.42,144.16,305.26,144.16
305.43,77.54,340.02,77.54,340.02,144.79,305.43,144.79
305.43,76.946,340.41,76.946,340.41,144.97,305.43,144.97
306.42,77.778,341.56,77.778,341.56,146.1,306.42,146.1
305.97,76.708,341.73,76.708,341.73,146.25,305.97,146.25
306.59,77.116,342.63,77.116,342.63,147.2,306.59,147.2
306.86,77.102,342.7,77.102,342.7,146.8,306.86,146.8
306.74,77.218,342.16,77.218,342.16,146.09,306.74,146.09
306.81,77.274,342.57,77.274,342.57,146.81,306.81,146.81
306.95,77.49,342.74,77.49,342.74,147.09,306.95,147.09
306.64,77.241,342.36,77.241,342.36,146.69,306.64,146.69
306.95,77.923,342.4,77.923,342.4,146.84,306.95,146.84
307.6,78.297,342.21,78.297,342.21,145.59,307.6,145.59
307.98,79.186,342.42,79.186,342.42,146.14,307.98,146.14
307.99,78.9,342.21,78.9,342.21,145.44,307.99,145.44
307.46,78.897,341.72,78.897,341.72,145.5,307.46,145.5
308.25,79.867,342.6,79.867,342.6,146.65,308.25,146.65
308.13,80.117,342.64,80.117,342.64,147.24,308.13,147.24
307.88,79.831,342.2,79.831,342.2,146.56,307.88,146.56
308.02,80.062,342.55,80.062,342.55,147.21,308.02,147.21
307.69,79.904,342.22,79.904,342.22,147.04,307.69,147.04
307.95,80.775,342.11,80.775,342.11,147.2,307.95,147.2
308.14,81.016,341.98,81.016,341.98,146.81,308.14,146.81
308.32,81.776,342.19,81.776,342.19,147.63,308.32,147.63
308.7,82.283,342.44,82.283,342.44,147.9,308.7,147.9
310.04,82.959,343.78,82.959,343.78,148.56,310.04,148.56
309.48,83.165,343.22,83.165,343.22,148.76,309.48,148.76
294.76,83.955,328.95,83.955,328.95,150.43,294.76,150.43
272.06,83.475,306.72,83.475,306.72,150.86,272.06,150.86
253.05,83.957,287.73,83.957,287.73,151.39,253.05,151.39
234.79,84.864,269.65,84.864,269.65,152.66,234.79,152.66
209.95,83.982,244.8,83.982,244.8,151.74,209.95,151.74
197.02,84.609,232.13,84.609,232.13,152.88,197.02,152.88
196.62,84.895,231.8,84.895,231.8,153.3,196.62,153.3
195.41,86.772,230.8,86.772,230.8,155.58,195.41,155.58
195.55,86.144,231.11,86.144,231.11,155.28,195.55,155.28
195.41,86.151,231.02,86.151,231.02,155.39,195.41,155.39
195.46,86.732,231.1,86.732,231.1,156.03,195.46,156.03
195.37,87.258,231.07,87.258,231.07,156.68,195.37,156.68
195.37,87.159,231.29,87.159,231.29,157,195.37,157
194.95,86.813,231.03,86.813,231.03,156.97,194.95,156.97
195.16,87.439,231.15,87.439,231.15,157.42,195.16,157.42
195.1,87.788,231.1,87.788,231.1,157.8,195.1,157.8
171.66,88.745,207.69,88.745,207.69,158.8,171.66,158.8
154.89,88.811,190.95,88.811,190.95,158.93,154.89,158.93
155.79,89.427,191.95,89.427,191.95,159.74,155.79,159.74
155.48,88.735,192.15,88.735,192.15,160.03,155.48,160.03
156.28,89.428,192.68,89.428,192.68,160.2,156.28,160.2
142.43,91.018,179,91.018,179,162.13,142.43,162.13
124.61,90.472,161.3,90.472,161.3,161.81,124.61,161.81
109.57,91.109,146.25,91.109,146.25,162.43,109.57,162.43
112.44,91.473,148.83,91.473,148.83,162.24,112.44,162.24
112.47,91.52,148.81,91.52,148.81,162.19,112.47,162.19
112.23,91.652,148.67,91.652,148.67,162.52,112.23,162.52
111.53,91.295,148.1,91.295,148.1,162.4,111.53,162.4
111.06,90.698,147.98,90.698,147.98,162.49,111.06,162.49
110.64,91.087,147.85,91.087,147.85,163.44,110.64,163.44
110.43,91.774,147.66,91.774,147.66,164.15,110.43,164.15
109.71,91.962,147.08,91.962,147.08,164.63,109.71,164.63
109.67,92.202,147.54,92.202,147.54,165.83,109.67,165.83
109.51,92.27,147.6,92.27,147.6,166.33,109.51,166.33
109.55,92.456,147.76,92.456,147.76,166.75,109.55,166.75
109.3,92.404,147.51,92.404,147.51,166.69,109.3,166.69
109.14,92.61,147.38,92.61,147.38,166.97,109.14,166.97
108.9,92.67,147.19,92.67,147.19,167.11,108.9,167.11
109.16,92.415,147.63,92.415,147.63,167.23,109.16,167.23
109.51,93.179,148.19,93.179,148.19,168.39,109.51,168.39
109.68,93.605,148.37,93.605,148.37,168.82,109.68,168.82
109.94,94.089,148.51,94.089,148.51,169.09,109.94,169.09
109.62,93.688,148.36,93.688,148.36,169.02,109.62,169.02
110.03,94.38,148.79,94.38,148.79,169.74,110.03,169.74
110.12,94.861,148.94,94.861,148.94,170.34,110.12,170.34
110.45,95.276,149.21,95.276,149.21,170.65,110.45,170.65
83.27,95.449,122.29,95.449,122.29,171.33,83.27,171.33
63.719,97.34,102.96,97.34,102.96,173.64,63.719,173.64
49.613,96.892,88.682,96.892,88.682,172.86,49.613,172.86
49.797,98.071,88.682,98.071,88.682,173.68,49.797,173.68
48.87,98.089,87.622,98.089,87.622,173.44,48.87,173.44
49.239,98.456,87.961,98.456,87.961,173.75,49.239,173.75
49.393,98.35,88.277,98.35,88.277,173.96,49.393,173.96
49.622,98.662,88.412,98.662,88.412,174.09,49.622,174.09
50.194,99.382,88.841,99.382,88.841,174.53,50.194,174.53
50.137,99.637,88.782,99.637,88.782,174.78,50.137,174.78
50.064,99.489,88.65,99.489,88.65,174.52,50.064,174.52
50.281,99.88,88.821,99.88,88.821,174.82,50.281,174.82
50.421,99.985,89.053,99.985,89.053,175.1,50.421,175.1
50.923,100.35,89.481,100.35,89.481,175.32,50.923,175.32
51.244,100.54,89.777,100.54,89.777,175.47,51.244,175.47
51.556,100.62,89.968,100.62,89.968,175.31,51.556,175.31
52.506,101.5,91.159,101.5,91.159,176.66,52.506,176.66
52.699,101.7,91.58,101.7,91.58,177.3,52.699,177.3
52.774,101.89,91.639,101.89,91.639,177.46,52.774,177.46
53.029,101.85,91.766,101.85,91.766,177.17,53.029,177.17
53.771,102.22,92.583,102.22,92.583,177.69,53.771,177.69
54.591,102.43,93.56,102.43,93.56,178.2,54.591,178.2
54.449,102.71,93.306,102.71,93.306,178.26,54.449,178.26
55.063,102.68,94.063,102.68,94.063,178.52,55.063,178.52
55.509,103.51,94.586,103.51,94.586,179.49,55.509,179.49
55.633,103.99,94.676,103.99,94.676,179.9,55.633,179.9
55.916,104.28,95.068,104.28,95.068,180.41,55.916,180.41
55.696,104.12,94.933,104.12,94.933,180.41,55.696,180.41
55.666,104.17,94.772,104.17,94.772,180.21,55.666,180.21
55.973,105.49,94.772,105.49,94.772,180.93,55.973,180.93
56.586,105.88,95.165,105.88,95.165,180.9,56.586,180.9
56.096,105.92,94.469,105.92,94.469,180.54,56.096,180.54
57.338,106.91,95.578,106.91,95.578,181.27,57.338,181.27
56.535,107.06,94.604,107.06,94.604,181.08,56.535,181.08
57.938,107.72,96.056,107.72,96.056,181.83,57.938,181.83
57.64,108.11,95.867,108.11,95.867,182.44,57.64,182.44
57.985,107.59,96.571,107.59,96.571,182.62,57.985,182.62
57.809,107.62,96.577,107.62,96.577,183.01,57.809,183.01
58.58,107.82,97.753,107.82,97.753,183.99,58.58,183.99
58.579,107.79,97.921,107.79,97.921,184.29,58.579,184.29
59.121,108.05,98.756,108.05,98.756,185.12,59.121,185.12
58.861,108.06,98.556,108.06,98.556,185.24,58.861,185.24
59.311,108.51,99.098,108.51,99.098,185.87,59.311,185.87
59.213,108.97,99.008,108.97,99.008,186.35,59.213,186.35
59.513,109.23,99.43,109.23,99.43,186.84,59.513,186.84
58.89,108.98,99.065,108.98,99.065,187.09,58.89,187.09
59.164,109.29,99.449,109.29,99.449,187.62,59.164,187.62
59.345,110.02,99.751,110.02,99.751,188.58,59.345,188.58
59.617,110.3,100.25,110.3,100.25,189.31,59.617,189.31
59.187,109.94,99.796,109.94,99.796,188.91,59.187,188.91
59.166,109.95,99.888,109.95,99.888,189.13,59.166,189.13
59.499,110.99,100.26,110.99,100.26,190.25,59.499,190.25
59.733,111.37,100.6,111.37,100.6,190.82,59.733,190.82
59.333,110.96,100.32,110.96,100.32,190.67,59.333,190.67
59.24,111.03,100.45,111.03,100.45,191.16,59.24,191.16
59.148,111.68,100.48,111.68,100.48,192.04,59.148,192.04
59.068,111.67,100.43,111.67,100.43,192.1,59.068,192.1
59.43,108.57,100.59,108.57,100.59,188.61,59.43,188.61
59.299,93.649,100.55,93.649,100.55,173.86,59.299,173.86
58.924,88.588,100.29,88.588,100.29,169.01,58.924,169.01
59.365,89.883,100.68,89.883,100.68,170.22,59.365,170.22
58.996,89.589,100.64,89.589,100.64,170.56,58.996,170.56
59.011,89.745,100.83,89.745,100.83,171.06,59.011,171.06
59.649,90.501,101.38,90.501,101.38,171.65,59.649,171.65
59.997,90.9,101.65,90.9,101.65,171.89,59.997,171.89
58.986,91.109,100.78,91.109,100.78,172.38,58.986,172.38
59.513,91.642,101.5,91.642,101.5,173.28,59.513,173.28
58.755,91.328,100.92,91.328,100.92,173.32,58.755,173.32
59.448,91.771,101.69,91.771,101.69,173.9,59.448,173.9
59.218,91.893,101.45,91.893,101.45,174.01,59.218,174.01
58.68,89.736,101.02,89.736,101.02,172.06,58.68,172.06
59.079,77.851,101.15,77.851,101.15,159.65,59.079,159.65
59.25,68.534,101.63,68.534,101.63,150.93,59.25,150.93
59.32,68.632,101.81,68.632,101.81,151.24,59.32,151.24
59.519,68.877,102.27,68.877,102.27,152.01,59.519,152.01
59.797,68.991,102.7,68.991,102.7,152.42,59.797,152.42
59.268,69.018,102.3,69.018,102.3,152.7,59.268,152.7
59.557,69.072,102.64,69.072,102.64,152.84,59.557,152.84
59.804,69.48,102.98,69.48,102.98,153.42,59.804,153.42
60.067,70.108,103.4,70.108,103.4,154.37,60.067,154.37
59.811,69.708,103.31,69.708,103.31,154.29,59.811,154.29
59.982,60.765,103.12,60.765,103.12,144.65,59.982,144.65
60.007,49.928,103.4,49.928,103.4,134.31,60.007,134.31
60.235,42.164,103.69,42.164,103.69,126.67,60.235,126.67
60.653,42.268,104.05,42.268,104.05,126.66,60.653,126.66
60.635,42.901,104.03,42.901,104.03,127.28,60.635,127.28
60.727,43.224,104.18,43.224,104.18,127.72,60.727,127.72
60.385,43.993,103.97,43.993,103.97,128.74,60.385,128.74
60.027,44.063,103.71,44.063,103.71,129.01,60.027,129.01
59.923,44.397,103.74,44.397,103.74,129.6,59.923,129.6
60.822,45.266,104.63,45.266,104.63,130.44,60.822,130.44
60.631,44.39,104.65,44.39,104.65,129.99,60.631,129.99
60.143,32.918,104.21,32.918,104.21,118.6,60.143,118.6
60.607,22.943,104.7,22.943,104.7,108.68,60.607,108.68
61.209,22.317,105.32,22.317,105.32,108.09,61.209,108.09
61.202,22.374,105.35,22.374,105.35,108.22,61.202,108.22
61,22.617,105.42,22.617,105.42,108.99,61,108.99
61.302,23.055,105.91,23.055,105.91,109.79,61.302,109.79
61.207,22.986,105.76,22.986,105.76,109.61,61.207,109.61
61.294,24.29,105.97,24.29,105.97,111.17,61.294,111.17
60.852,25.247,105.79,25.247,105.79,112.63,60.852,112.63
60.593,25.549,105.95,25.549,105.95,113.75,60.593,113.75
60.505,25.772,105.85,25.772,105.85,113.94,60.505,113.94
60.732,26.318,106.31,26.318,106.31,114.94,60.732,114.94
60.964,27.081,106.75,27.081,106.75,116.11,60.964,116.11
60.809,27.44,106.83,27.44,106.83,116.93,60.809,116.93
60.38,27.192,106.68,27.192,106.68,117.23,60.38,117.23
60.331,27.335,106.82,27.335,106.82,117.74,60.331,117.74
60.594,28.007,107.27,28.007,107.27,118.77,60.594,118.77
60.159,27.51,107.07,27.51,107.07,118.72,60.159,118.72
60.784,28.943,107.59,28.943,107.59,119.96,60.784,119.96
61.379,29.176,108.08,29.176,108.08,119.99,61.379,119.99
60.862,30.641,107.82,30.641,107.82,121.94,60.862,121.94
60.606,30.109,107.55,30.109,107.55,121.4,60.606,121.4
60.817,30.955,107.81,30.955,107.81,122.33,60.817,122.33
60.874,31.286,107.77,31.286,107.77,122.47,60.874,122.47
61.444,32.544,108.5,32.544,108.5,124.03,61.444,124.03
61.337,32.681,108.45,32.681,108.45,124.28,61.337,124.28
61.721,33.812,108.82,33.812,108.82,125.39,61.721,125.39
61.803,34.119,108.82,34.119,108.82,125.54,61.803,125.54
61.591,34.205,108.54,34.205,108.54,125.49,61.591,125.49
61.783,35.111,109.06,35.111,109.06,127.05,61.783,127.05
61.695,35.316,108.93,35.316,108.93,127.16,61.695,127.16
62.357,36.042,109.64,36.042,109.64,127.98,62.357,127.98
62.237,35.901,109.55,35.901,109.55,127.91,62.237,127.91
62.64,37.378,109.91,37.378,109.91,129.28,62.64,129.28
63.105,37.605,110.52,37.605,110.52,129.8,63.105,129.8
63.005,37.653,110.41,37.653,110.41,129.83,63.005,129.83
63.599,38.765,111.18,38.765,111.18,131.29,63.599,131.29
64.35,39.504,112.23,39.504,112.23,132.61,64.35,132.61
64.556,39.625,112.7,39.625,112.7,133.24,64.556,133.24
65.074,40.5,113.3,40.5,113.3,134.27,65.074,134.27
65.785,41.206,114,41.206,114,134.97,65.785,134.97
65.922,41.455,114.05,41.455,114.05,135.04,65.922,135.04
66.491,41.527,114.73,41.527,114.73,135.32,66.491,135.32
66.867,42.348,115.33,42.348,115.33,136.58,66.867,136.58
67.529,42.873,116.03,42.873,116.03,137.17,67.529,137.17
68.011,43.261,116.72,43.261,116.72,137.97,68.011,137.97
68.199,43.44,117.12,43.44,117.12,138.56,68.199,138.56
68.567,44.501,117.85,44.501,117.85,140.33,68.567,140.33
68.797,44.711,118.14,44.711,118.14,140.66,68.797,140.66
68.884,45.023,118.33,45.023,118.33,141.16,68.884,141.16
68.744,45.162,118.09,45.162,118.09,141.11,68.744,141.11
69.29,46.079,118.52,46.079,118.52,141.8,69.29,141.8
70.434,47.061,119.73,47.061,119.73,142.91,70.434,142.91
71.363,47.729,120.74,47.729,120.74,143.75,71.363,143.75
71.167,47.747,120.35,47.747,120.35,143.37,71.167,143.37
72.305,49.092,121.41,49.092,121.41,144.57,72.305,144.57
72.453,49.353,121.65,49.353,121.65,145.01,72.453,145.01
73.361,50.235,122.63,50.235,122.63,146.05,73.361,146.05
74.322,50.514,123.91,50.514,123.91,146.93,74.322,146.93
74.794,50.896,124.71,50.896,124.71,147.96,74.794,147.96
75.427,51.638,125.54,51.638,125.54,149.08,75.427,149.08
75.326,51.744,125.49,51.744,125.49,149.29,75.326,149.29
75.755,52.141,126.21,52.141,126.21,150.24,75.755,150.24
76.22,52.467,126.63,52.467,126.63,150.48,76.22,150.48
77.772,55.157,128.36,55.157,128.36,153.52,77.772,153.52
77.977,54.462,128.64,54.462,128.64,152.97,77.977,152.97
78.622,55.441,129.37,55.441,129.37,154.13,78.622,154.13
78.958,55.825,129.75,55.825,129.75,154.59,78.958,154.59
79.453,56.502,130.27,56.502,130.27,155.32,79.453,155.32
80.367,56.61,131.12,56.61,131.12,155.29,80.367,155.29
80.531,57.508,131.43,57.508,131.43,156.47,80.531,156.47
81.594,58.266,132.95,58.266,132.95,158.12,81.594,158.12
81.86,58.205,133.13,58.205,133.13,157.89,81.86,157.89
82.513,58.825,134.22,58.825,134.22,159.37,82.513,159.37
82.661,59.442,134.4,59.442,134.4,160.05,82.661,160.05
82.871,59.554,134.71,59.554,134.71,160.35,82.871,160.35
83.303,59.912,135.22,59.912,135.22,160.87,83.303,160.87
83.989,60.796,136.27,60.796,136.27,162.46,83.989,162.46
84,61.354,136.47,61.354,136.47,163.38,84,163.38
84.529,61.774,137.03,61.774,137.03,163.86,84.529,163.86
85.423,62.139,137.92,62.139,137.92,164.22,85.423,164.22
86.407,62.984,138.95,62.984,138.95,165.14,86.407,165.14
87.196,63.823,139.98,63.823,139.98,166.46,87.196,166.46
87.428,63.918,140.29,63.918,140.29,166.71,87.428,166.71
88.117,65.155,141.14,65.155,141.14,168.25,88.117,168.25
88.702,65.62,141.77,65.62,141.77,168.81,88.702,168.81
89.155,66.006,142.2,66.006,142.2,169.14,89.155,169.14
89.687,67.043,142.69,67.043,142.69,170.11,89.687,170.11
90.393,67.777,143.38,67.777,143.38,170.8,90.393,170.8
90.954,68.26,143.94,68.26,143.94,171.29,90.954,171.29
91.84,69.254,144.74,69.254,144.74,172.11,91.84,172.11
92.794,70.13,145.78,70.13,145.78,173.16,92.794,173.16
93.68,70.635,146.53,70.635,146.53,173.41,93.68,173.41
93.822,70.859,146.82,70.859,146.82,173.92,93.822,173.92
95.031,72.012,147.54,72.012,147.54,174.11,95.031,174.11
95.571,72.294,148.51,72.294,148.51,175.23,95.571,175.23
96.532,73.615,149.51,73.615,149.51,176.63,96.532,176.63
96.803,73.877,149.91,73.877,149.91,177.14,96.803,177.14
97.283,74.147,150.51,74.147,150.51,177.65,97.283,177.65
98.588,75.032,152.05,75.032,152.05,178.99,98.588,178.99
98.638,75.496,152.36,75.496,152.36,179.95,98.638,179.95
98.795,75.498,152.7,75.498,152.7,180.31,98.795,180.31
99.9,77.143,153.96,77.143,153.96,182.27,99.9,182.27
99.63,77.178,153.83,77.178,153.83,182.56,99.63,182.56
99.899,77.402,154.38,77.402,154.38,183.33,99.899,183.33
99.889,77.935,154.67,77.935,154.67,184.45,99.889,184.45
100.23,79.058,155.02,79.058,155.02,185.59,100.23,185.59
100.66,79.688,155.54,79.688,155.54,186.4,100.66,186.4
101.4,80.425,156.67,80.425,156.67,187.9,101.4,187.9
101.77,81.44,157.31,81.44,157.31,189.43,101.77,189.43
102.29,81.462,158.13,81.462,158.13,190.04,102.29,190.04
102.17,82.306,157.75,82.306,157.75,190.38,102.17,190.38
102.99,83.353,158.77,83.353,158.77,191.82,102.99,191.82
102.94,83.507,159.16,83.507,159.16,192.81,102.94,192.81
103.03,84.408,158.97,84.408,158.97,193.17,103.03,193.17
103.15,85.092,159.75,85.092,159.75,195.15,103.15,195.15
103.31,85.316,160.06,85.316,160.06,195.68,103.31,195.68
102.7,86.068,159.33,86.068,159.33,196.18,102.7,196.18
102.98,87.671,159.99,87.671,159.99,198.53,102.98,198.53
103.47,87.636,160.23,87.636,160.23,197.99,103.47,197.99
103.15,87.79,159.69,87.79,159.69,197.73,103.15,197.73
102.8,88.482,159.73,88.482,159.73,199.18,102.8,199.18
102.7,82.078,159.41,82.078,159.41,192.35,102.7,192.35
102.28,64.029,159.52,64.029,159.52,175.32,102.28,175.32
101.95,62.527,159.67,62.527,159.67,174.77,101.95,174.77
102.15,63.055,160.12,63.055,160.12,175.77,102.15,175.77
102.49,63.764,160.82,63.764,160.82,177.19,102.49,177.19
102.03,63.829,161.02,63.829,161.02,178.53,102.03,178.53
101.41,64.426,160.79,64.426,160.79,179.89,101.41,179.89
101.14,63.973,160.68,63.973,160.68,179.75,101.14,179.75
101.2,65.084,160.84,65.084,160.84,181.05,101.2,181.05
101.69,65.345,161.52,65.345,161.52,181.66,101.69,181.66
101.52,65.813,161.31,65.813,161.31,182.07,101.52,182.07
101.97,66.596,161.89,66.596,161.89,183.1,101.97,183.1
102.96,66.872,162.7,66.872,162.7,183.04,102.96,183.04
104.47,68.948,163.65,68.948,163.65,184.02,104.47,184.02
104.22,68.666,163.6,68.666,163.6,184.12,104.22,184.12
105.09,69.747,164.65,69.747,164.65,185.57,105.09,185.57
105.29,69.619,164.78,69.619,164.78,185.29,105.29,185.29
105.22,70.498,164.92,70.498,164.92,186.58,105.22,186.58
105.91,70.969,165.91,70.969,165.91,187.62,105.91,187.62
106.99,72.575,166.98,72.575,166.98,189.21,106.99,189.21
107.09,72.82,167.61,72.82,167.61,190.5,107.09,190.5
107.17,73.098,168.11,73.098,168.11,191.58,107.17,191.58
107.56,73.854,168.7,73.854,168.7,192.74,107.56,192.74
107.49,74.241,168.53,74.241,168.53,192.92,107.49,192.92
108.26,75.714,169.64,75.714,169.64,195.07,108.26,195.07
108.5,76.325,170.38,76.325,170.38,196.66,108.5,196.66
108.13,76.782,169.8,76.782,169.8,196.71,108.13,196.71
108.67,77.722,170.65,77.722,170.65,198.26,108.67,198.26
108.86,77.921,171.24,77.921,171.24,199.2,108.86,199.2
108.66,79.387,171.15,79.387,171.15,200.89,108.66,200.89
109.03,80.258,171.81,80.258,171.81,202.34,109.03,202.34
109.21,80.204,172.12,80.204,172.12,202.53,109.21,202.53
109.37,80.751,172.2,80.751,172.2,202.91,109.37,202.91
110.15,82.132,173.22,82.132,173.22,204.78,110.15,204.78
110.78,82.215,174.04,82.215,174.04,205.23,110.78,205.23
110.46,82.237,174.12,82.237,174.12,206.03,110.46,206.03
110.84,83.613,174.45,83.613,174.45,207.29,110.84,207.29
111.4,84.512,175.15,84.512,175.15,208.46,111.4,208.46
112.44,86.013,176.18,86.013,176.18,209.96,112.44,209.96
112.64,86.838,176.57,86.838,176.57,211.13,112.64,211.13
112.19,87.447,176.2,87.447,176.2,211.9,112.19,211.9
112.03,89.407,175.74,89.407,175.74,213.29,112.03,213.29
112.52,90.076,176.84,90.076,176.84,215.13,112.52,215.13
111.78,90.417,176.36,90.417,176.36,215.99,111.78,215.99
111.82,91.179,176.56,91.179,176.56,217.07,111.82,217.07
112.53,92.237,177.64,92.237,177.64,218.83,112.53,218.83
112.17,92.905,177.22,92.905,177.22,219.4,112.17,219.4
112.53,93.822,178.11,93.822,178.11,221.34,112.53,221.34
112.22,94.886,177.41,94.886,177.41,221.64,112.22,221.64
112.61,96.058,178,96.058,178,223.2,112.61,223.2
112.78,97.25,178.32,97.25,178.32,224.69,112.78,224.69
112.55,98.573,178.27,98.573,178.27,226.38,112.55,226.38
112.69,100.23,178.61,100.23,178.61,228.41,112.69,228.41
112.01,100.75,178.17,100.75,178.17,229.41,112.01,229.41
112.74,102.16,178.98,102.16,178.98,230.96,112.74,230.96
112.09,102.26,178.63,102.26,178.63,231.65,112.09,231.65
112.79,103.57,179.59,103.57,179.59,233.46,112.79,233.46
112.24,104.21,179.22,104.21,179.22,234.45,112.24,234.45
111.83,104.87,179.08,104.87,179.08,235.65,111.83,235.65
111.95,105.89,179.43,105.89,179.43,237.11,111.95,237.11
112.42,107.11,180.19,107.11,180.19,238.9,112.42,238.9
112.83,107.74,180.58,107.74,180.58,239.49,112.83,239.49
112.96,108.8,180.86,108.8,180.86,240.84,112.96,240.84
112.63,109.28,180.7,109.28,180.7,241.63,112.63,241.63
112.35,109.91,180.31,109.91,180.31,242.06,112.35,242.06
112.48,110.75,180.42,110.75,180.42,242.86,112.48,242.86
112.13,112.13,180.66,112.13,180.66,245.38,112.13,245.38
112.58,113.44,181.55,113.44,181.55,247.56,112.58,247.56
112.62,114.25,181.67,114.25,181.67,248.51,112.62,248.51
112.95,116.05,181.76,116.05,181.76,249.84,112.95,249.84
113.85,116.6,183.29,116.6,183.29,251.61,113.85,251.61
113.81,118.18,183.38,118.18,183.38,253.46,113.81,253.46
115.09,119.82,184.15,119.82,184.15,254.1,115.09,254.1
114.89,120.8,183.63,120.8,183.63,254.47,114.89,254.47
115.03,122.69,183.94,122.69,183.94,256.68,115.03,256.68
115.68,123.92,185.05,123.92,185.05,258.79,115.68,258.79
115.74,124.93,185.8,124.93,185.8,261.16,115.74,261.16
115.48,126.16,185.51,126.16,185.51,262.33,115.48,262.33
118.57,130.61,187.8,130.61,187.8,265.23,118.57,265.23
118.62,131.52,187.83,131.52,187.83,266.11,118.62,266.11
119.3,132.13,188.71,132.13,188.71,267.1,119.3,267.1
119.07,132.94,188.82,132.94,188.82,268.57,119.07,268.57
119.81,133.85,189.73,133.85,189.73,269.82,119.81,269.82
120.29,134.87,190.58,134.87,190.58,271.53,120.29,271.53
120.8,135.79,190.88,135.79,190.88,272.07,120.8,272.07
120.99,136.05,191.08,136.05,191.08,272.33,120.99,272.33
122.78,136.75,192.64,136.75,192.64,272.6,122.78,272.6
123.88,138.72,193.98,138.72,193.98,275.01,123.88,275.01
124.65,139.15,194.61,139.15,194.61,275.17,124.65,275.17
125.57,141.27,195.23,141.27,195.23,276.73,125.57,276.73
125.83,142.06,195.81,142.06,195.81,278.13,125.83,278.13
128.49,143.38,197.83,143.38,197.83,278.2,128.49,278.2
129.59,143.86,198.45,143.86,198.45,277.76,129.59,277.76
131,152.42,201.76,152.42,201.76,290.01,131,290.01
129.9,150.81,202.1,150.81,202.1,291.19,129.9,291.19
132,155.35,205.28,155.35,205.28,297.83,132,297.83
133.22,155.47,207.56,155.47,207.56,300.03,133.22,300.03
133.04,154.64,207.9,154.64,207.9,300.2,133.04,300.2
133.76,157.48,209.59,157.48,209.59,304.93,133.76,304.93
134.13,157.16,210.12,157.16,210.12,304.92,134.13,304.92
134.77,159.36,211.26,159.36,211.26,308.08,134.77,308.08
134.9,159.72,211.7,159.72,211.7,309.05,134.9,309.05
136.47,162.01,213.62,162.01,213.62,312.01,136.47,312.01
137.82,166.11,215.36,166.11,215.36,316.89,137.82,316.89
138.24,166.19,216.27,166.19,216.27,317.91,138.24,317.91
138.67,167.81,216.89,167.81,216.89,319.89,138.67,319.89
139.48,169.25,217.84,169.25,217.84,321.61,139.48,321.61
140.09,169.58,219,169.58,219,323.02,140.09,323.02
140.95,171.23,220.13,171.23,220.13,325.19,140.95,325.19
141.31,171,220.63,171,220.63,325.23,141.31,325.23
141.35,172.66,220.92,172.66,220.92,327.37,141.35,327.37
142.47,174.09,222.5,174.09,222.5,329.69,142.47,329.69
143.38,174.86,223.72,174.86,223.72,331.09,143.38,331.09
143.46,173.5,224.16,173.5,224.16,330.42,143.46,330.42
144.52,176.47,225.57,176.47,225.57,334.07,144.52,334.07
144.44,177.15,225.41,177.15,225.41,334.6,144.44,334.6
145.47,179.42,226.68,179.42,226.68,337.33,145.47,337.33
145.18,178.57,226.53,178.57,226.53,336.75,145.18,336.75
145.83,180.64,227.55,180.64,227.55,339.54,145.83,339.54
145.48,180.31,227.23,180.31,227.23,339.28,145.48,339.28
145.92,182.39,227.89,182.39,227.89,341.79,145.92,341.79
146.37,183.3,228.51,183.3,228.51,343,146.37,343
147.59,182.08,229.67,182.08,229.67,341.67,147.59,341.67
147.58,176.45,229.92,176.45,229.92,336.56,147.58,336.56
148.45,166.46,230.69,166.46,230.69,326.36,148.45,326.36
148.85,158.02,231.42,158.02,231.42,318.58,148.85,318.58
147.73,153.25,230.48,153.25,230.48,314.15,147.73,314.15
149.17,148.18,232.1,148.18,232.1,309.44,149.17,309.44
149.09,138.67,231.99,138.67,231.99,299.85,149.09,299.85
149.65,132.97,232.76,132.97,232.76,294.57,149.65,294.57
148.77,125.15,231.84,125.15,231.84,286.67,148.77,286.67
149.3,123.26,231.73,123.26,231.73,283.55,149.3,283.55
149.4,125.9,231.54,125.9,231.54,285.62,149.4,285.62
150.22,126.82,232.48,126.82,232.48,286.77,150.22,286.77
150.69,128.3,233.05,128.3,233.05,288.45,150.69,288.45
150.73,128.84,232.68,128.84,232.68,288.18,150.73,288.18
150.55,129.62,232.43,129.62,232.43,288.83,150.55,288.83
150.82,130.29,232.85,130.29,232.85,289.8,150.82,289.8
152.12,133.5,234.75,133.5,234.75,294.17,152.12,294.17
151.52,133.73,234.17,133.73,234.17,294.44,151.52,294.44
152.46,135.71,235.54,135.71,235.54,297.25,152.46,297.25
152.86,136.11,236.06,136.11,236.06,297.89,152.86,297.89
153.46,137.96,236.43,137.96,236.43,299.29,153.46,299.29
154.25,132.93,237.17,132.93,237.17,294.18,154.25,294.18
154.87,125.32,238.29,125.32,238.29,287.52,154.87,287.52
155.11,120.79,238.85,120.79,238.85,283.62,155.11,283.62
155.29,111.73,239.07,111.73,239.07,274.64,155.29,274.64
155.22,105.06,239.11,105.06,239.11,268.17,155.22,268.17
156.3,96.36,240.52,96.36,240.52,260.12,156.3,260.12
157.16,92.617,241.91,92.617,241.91,257.41,157.16,257.41
158.21,83.344,243.44,83.344,243.44,249.05,158.21,249.05
157.26,78.875,242.25,78.875,242.25,244.13,157.26,244.13
158.38,80.923,243.92,80.923,243.92,247.25,158.38,247.25
159.73,82.772,245.59,82.772,245.59,249.71,159.73,249.71
159.75,83.538,245.87,83.538,245.87,250.98,159.75,250.98
160.66,85.375,247.92,85.375,247.92,255.05,160.66,255.05
161.27,85.956,248.91,85.956,248.91,256.38,161.27,256.38
162.77,88.052,250.91,88.052,250.91,259.42,162.77,259.42
163.35,88.611,252.13,88.611,252.13,261.24,163.35,261.24
163.04,88.5,252.16,88.5,252.16,261.8,163.04,261.8
164.73,91.227,254.27,91.227,254.27,265.33,164.73,265.33
165.25,92.394,255.63,92.394,255.63,268.13,165.25,268.13
166.16,92.787,257,92.787,257,269.4,166.16,269.4
167.49,94.088,258.77,94.088,258.77,271.59,167.49,271.59
167.4,94.281,259.08,94.281,259.08,272.54,167.4,272.54
169.6,96.972,261.62,96.972,261.62,275.9,169.6,275.9
169.08,97.182,261.14,97.182,261.14,276.19,169.08,276.19
170.45,99.71,262.52,99.71,262.52,278.74,170.45,278.74
171.91,102.09,264.15,102.09,264.15,281.44,171.91,281.44
173.71,104.01,266.63,104.01,266.63,284.69,173.71,284.69
175.27,106.32,268.36,106.32,268.36,287.31,175.27,287.31
176.04,107.88,269.4,107.88,269.4,289.41,176.04,289.41
176.89,108.79,270.47,108.79,270.47,290.77,176.89,290.77
178.17,110.59,272.23,110.59,272.23,293.47,178.17,293.47
178.83,111.79,272.72,111.79,272.72,294.35,178.83,294.35
179.14,112.37,273.37,112.37,273.37,295.59,179.14,295.59
181.27,114.99,276.1,114.99,276.1,299.39,181.27,299.39
180.68,115.96,275.13,115.96,275.13,299.61,180.68,299.61
182.09,117.74,276.7,117.74,276.7,301.69,182.09,301.69
182.12,119.21,276.73,119.21,276.73,303.17,182.12,303.17
183.34,120.2,277.96,120.2,277.96,304.18,183.34,304.18
184.34,121.52,279.13,121.52,279.13,305.85,184.34,305.85
184.86,122.27,279.83,122.27,279.83,306.94,184.86,306.94
185.8,124.51,281,124.51,281,309.61,185.8,309.61
186.91,127.22,282.35,127.22,282.35,312.79,186.91,312.79
186.65,127.59,281.87,127.59,281.87,312.72,186.65,312.72
188.65,130.18,284,130.18,284,315.59,188.65,315.59
188.23,130.82,283.29,130.82,283.29,315.66,188.23,315.66
189.52,133.37,284.74,133.37,284.74,318.53,189.52,318.53
189.62,133.65,284.96,133.65,284.96,319.03,189.62,319.03
190.06,137.09,285.37,137.09,285.37,322.44,190.06,322.44
189.76,137.9,285.56,137.9,285.56,324.17,189.76,324.17
192,140.43,287.53,140.43,287.53,326.18,192,326.18
192.82,142.36,288.54,142.36,288.54,328.47,192.82,328.47
194.01,143.55,290,143.55,290,330.19,194.01,330.19
194.28,145.88,290.67,145.88,290.67,333.3,194.28,333.3
195.02,148.58,291.94,148.58,291.94,337.03,195.02,337.03
196.69,149.06,294,149.06,294,338.29,196.69,338.29
195.7,143.1,293.39,143.1,293.39,333.06,195.7,333.06
196.64,134.53,294.81,134.53,294.81,325.42,196.64,325.42
196.22,124.51,294.99,124.51,294.99,316.56,196.22,316.56
197.85,114.78,297.17,114.78,297.17,307.91,197.85,307.91
197.55,115.5,298.14,115.5,298.14,311.09,197.55,311.09
199.07,117.86,300.19,117.86,300.19,314.47,199.07,314.47
199.68,118.58,300.68,118.58,300.68,314.97,199.68,314.97
200.57,120.24,302.33,120.24,302.33,318.11,200.57,318.11
200.57,122.84,302.86,122.84,302.86,321.73,200.57,321.73
200.26,124.95,302.74,124.95,302.74,324.22,200.26,324.22
201.53,127.67,304.35,127.67,304.35,327.6,201.53,327.6
201.22,127.7,304.17,127.7,304.17,327.87,201.22,327.87
202.44,128.94,305.56,128.94,305.56,329.45,202.44,329.45
203.18,131.21,306.8,131.21,306.8,332.7,203.18,332.7
202.94,133.28,306.88,133.28,306.88,335.39,202.94,335.39
204.14,135.66,308.52,135.66,308.52,338.6,204.14,338.6
204.91,138.54,309.41,138.54,309.41,341.74,204.91,341.74
204.75,140.6,309.4,140.6,309.4,344.08,204.75,344.08
206.06,142.59,311.15,142.59,311.15,346.94,206.06,346.94
206.26,142.68,311.69,142.68,311.69,347.67,206.26,347.67
206.18,131.72,311.63,131.72,311.63,336.75,206.18,336.75
206.4,131.07,311.56,131.07,311.56,335.55,206.4,335.55
208.25,125.99,314.09,125.99,314.09,331.79,208.25,331.79
209.14,114.93,315.57,114.93,315.57,321.87,209.14,321.87
209.11,107.58,316.2,107.58,316.2,315.82,209.11,315.82
209.95,100.2,317.22,100.2,317.22,308.76,209.95,308.76
210.99,90.53,318.88,90.53,318.88,300.32,210.99,300.32
211.18,87.55,319.17,87.55,319.17,297.53,211.18,297.53
211.63,77.918,320.28,77.918,320.28,289.2,211.63,289.2
211.11,74.904,320.32,74.904,320.32,287.25,211.11,287.25
212.31,70.123,322.3,70.123,322.3,284,212.31,284
212.39,61.29,322.82,61.29,322.82,276.01,212.39,276.01
212.89,58.44,323.28,58.44,323.28,273.07,212.89,273.07
213.11,50.625,323.65,50.625,323.65,265.56,213.11,265.56
213.55,46.761,324.72,46.761,324.72,262.93,213.55,262.93
214.14,37.566,325.48,37.566,325.48,254.06,214.14,254.06
215.54,33.535,327.64,33.535,327.64,251.51,215.54,251.51
216.24,24.755,328.58,24.755,328.58,243.2,216.24,243.2
216.58,22.523,329.13,22.523,329.13,241.37,216.58,241.37
216.46,10.38,328.92,10.38,328.92,229.05,216.46,229.05
217.33,3.3797,329.88,3.3797,329.88,222.23,217.33,222.23
218.35,4.0029,331.37,4.0029,331.37,223.76,218.35,223.76
220.38,8.9028,334.38,8.9028,334.38,230.58,220.38,230.58
221.7,13.097,336.03,13.097,336.03,235.4,221.7,235.4
222.95,14.855,337.35,14.855,337.35,237.3,222.95,237.3
223.71,16.782,338.43,16.782,338.43,239.86,223.71,239.86
222.85,16.262,337.91,16.262,337.91,240.01,222.85,240.01
224.95,20.237,340.43,20.237,340.43,244.78,224.95,244.78
225.06,22.256,340.52,22.256,340.52,246.76,225.06,246.76
226.77,26.511,342.65,26.511,342.65,251.83,226.77,251.83
227.67,26.958,344.13,26.958,344.13,253.4,227.67,253.4
229.16,27.982,346.07,27.982,346.07,255.33,229.16,255.33
230.45,30.703,348.18,30.703,348.18,259.61,230.45,259.61
231.15,32.706,349.14,32.706,349.14,262.14,231.15,262.14
233.75,34.895,352.21,34.895,352.21,265.25,233.75,265.25
235.74,39.16,354.91,39.16,354.91,270.87,235.74,270.87
236.55,40.899,356.34,40.899,356.34,273.83,236.55,273.83
238.59,42.627,358.39,42.627,358.39,275.56,238.59,275.56
240.2,44.378,360.06,44.378,360.06,277.44,240.2,277.44
241.67,49.302,361.93,49.302,361.93,283.13,241.67,283.13
243.83,51.822,364.85,51.822,364.85,287.14,243.83,287.14
245.77,56.123,367.12,56.123,367.12,292.08,245.77,292.08
247,57.878,368.84,57.878,368.84,294.8,247,294.8
247.52,58.163,369.66,58.163,369.66,295.66,247.52,295.66
250.15,62.135,372.91,62.135,372.91,300.83,250.15,300.83
250.7,63.241,374.21,63.241,374.21,303.41,250.7,303.41
252.39,58.849,377.12,58.849,377.12,301.38,252.39,301.38
252.83,54.372,377.82,54.372,377.82,297.4,252.83,297.4
253.56,49.735,378.95,49.735,378.95,293.54,253.56,293.54
256.39,43.8,383.25,43.8,383.25,290.47,256.39,290.47
256.33,37.995,383.58,37.995,383.58,285.43,256.33,285.43
259.05,32.38,386.98,32.38,386.98,281.13,259.05,281.13
258.86,28.792,387.19,28.792,387.19,278.33,258.86,278.33
260.44,29.599,389.53,29.599,389.53,280.61,260.44,280.61
261.64,33.44,390.51,33.44,390.51,284.03,261.64,284.03
263.18,35.67,392,35.67,392,286.16,263.18,286.16
264.61,39.271,393.9,39.271,393.9,290.67,264.61,290.67
267.72,44.086,396.76,44.086,396.76,294.99,267.72,294.99
268.36,47.236,397.53,47.236,397.53,298.4,268.36,298.4
272,50.717,400.93,50.717,400.93,301.42,272,301.42
271.61,52.803,400.78,52.803,400.78,303.98,271.61,303.98
274.95,58.17,404.48,58.17,404.48,310.02,274.95,310.02
276.36,59.126,405.77,59.126,405.77,310.77,276.36,310.77
278.8,64.528,408.99,64.528,408.99,317.69,278.8,317.69
280,66.552,410.26,66.552,410.26,319.84,280,319.84
266.64,72.124,396.77,72.124,396.77,325.14,266.64,325.14
257.18,73.978,387.4,73.978,387.4,327.18,257.18,327.18
250.63,76.95,381.03,76.95,381.03,330.51,250.63,330.51
238.54,81.765,368.96,81.765,368.96,335.35,238.54,335.35
230.03,83.762,361.33,83.762,361.33,339.07,230.03,339.07
217.2,88.814,348.61,88.814,348.61,344.34,217.2,344.34
209.11,91.887,340.96,91.887,340.96,348.26,209.11,348.26
194.93,94.749,327.21,94.749,327.21,351.97,194.93,351.97
189.72,97.625,322.16,97.625,322.16,355.14,189.72,355.14
176.46,102.96,309.63,102.96,309.63,361.9,176.46,361.9
166.38,103.85,300.19,103.85,300.19,364.04,166.38,364.04
154.36,108.79,288.46,108.79,288.46,369.54,154.36,369.54
146.7,111.86,281.14,111.86,281.14,373.28,146.7,373.28
135.49,117.2,271.12,117.2,271.12,380.91,135.49,380.91
128.18,119.36,264.11,119.36,264.11,383.68,128.18,383.68
115.3,124.13,251.48,124.13,251.48,388.93,115.3,388.93
116.98,125.72,253.32,125.72,253.32,390.83,116.98,390.83
119.43,128.86,256.63,128.86,256.63,395.64,119.43,395.64
120.61,134.35,257.8,134.35,257.8,401.11,120.61,401.11
123.03,137.67,260.04,137.67,260.04,404.08,123.03,404.08
126.32,141.52,263.89,141.52,263.89,409.02,126.32,409.02
127.92,144.7,266.46,144.7,266.46,414.09,127.92,414.09
131.68,148.27,271.12,148.27,271.12,419.39,131.68,419.39
132.43,152.17,272.48,152.17,272.48,424.49,132.43,424.49
134.94,154.33,275.08,154.33,275.08,426.83,134.94,426.83
137.77,152.52,278.24,152.52,278.24,425.65,137.77,425.65
