302.5,248.5,324.5,248.5,324.5,284.5,302.5,284.5
302.5,249.19,324.49,249.19,324.49,285.17,302.5,285.17
301.91,249.5,323.81,249.5,323.81,285.33,301.91,285.33
300.58,248.55,322.37,248.55,322.37,284.19,300.58,284.19
299.39,248.42,321.11,248.42,321.11,283.95,299.39,283.95
298.76,249.87,320.55,249.87,320.55,285.52,298.76,285.52
295.81,250.05,317.39,250.05,317.39,285.37,295.81,285.37
294.34,252.23,315.49,252.23,315.49,286.85,294.34,286.85
291.37,250.57,312.96,250.57,312.96,285.9,291.37,285.9
290.61,250.61,312.39,250.61,312.39,286.25,290.61,286.25
288.58,251.01,310.05,251.01,310.05,286.14,288.58,286.14
287.49,252.44,309.19,252.44,309.19,287.94,287.49,287.94
287.21,253.17,308.95,253.17,308.95,288.74,287.21,288.74
285.89,253.69,307.37,253.69,307.37,288.84,285.89,288.84
284.05,252.73,305.58,252.73,305.58,287.96,284.05,287.96
283.68,252.49,305.3,252.49,305.3,287.87,283.68,287.87
282.66,252.65,304.38,252.65,304.38,288.19,282.66,288.19
280.7,252.91,302.64,252.91,302.64,288.81,280.7,288.81
280.27,255.31,301.8,255.31,301.8,290.53,280.27,290.53
277.28,255.74,298.78,255.74,298.78,290.92,277.28,290.92
277.33,256.25,298.79,256.25,298.79,291.35,277.33,291.35
273.6,256.43,294.83,256.43,294.83,291.17,273.6,291.17
272.59,256.45,293.8,256.45,293.8,291.16,272.59,291.16
271.25,256.03,292.62,256.03,292.62,290.99,271.25,290.99
269.26,255.82,290.91,255.82,290.91,291.24,269.26,291.24
269.38,256.87,291.08,256.87,291.08,292.39,269.38,292.39
268.4,258.2,289.79,258.2,289.79,293.2,268.4,293.2
266.92,258.2,288.39,258.2,288.39,293.34,266.92,293.34
266.46,258.28,287.93,258.28,287.93,293.42,266.46,293.42
266.12,258.4,287.44,258.4,287.44,293.28,266.12,293.28
265.61,258.41,286.85,258.41,286.85,293.16,265.61,293.16
264.36,257.85,285.78,257.85,285.78,292.91,264.36,292.91
262.26,257.97,283.81,257.97,283.81,293.23,262.26,293.23
261.13,259.78,282.91,259.78,282.91,295.42,261.13,295.42
258.41,260.52,280.24,260.52,280.24,296.25,258.41,296.25
257.24,260.84,278.9,260.84,278.9,296.29,257.24,296.29
256.62,261.34,278.34,261.34,278.34,296.89,256.62,296.89
254.83,260.1,276.77,260.1,276.77,296,254.83,296
253.96,259.52,276.14,259.52,276.14,295.8,253.96,295.8
252.56,258.49,274.73,258.49,274.73,294.77,252.56,294.77
251.52,259.3,273.71,259.3,273.71,295.61,251.52,295.61
251.16,260.06,273.33,260.06,273.33,296.35,251.16,296.35
249.8,261.64,272.39,261.64,272.39,298.6,249.8,298.6
248.94,262.09,271.43,262.09,271.43,298.9,248.94,298.9
248.11,262.6,270.81,262.6,270.81,299.75,248.11,299.75
248.19,263.12,271.08,263.12,271.08,300.57,248.19,300.57
247.05,261,269.8,261,269.8,298.23,247.05,298.23
246.38,260.58,269.39,260.58,269.39,298.23,246.38,298.23
245.98,261.29,269.26,261.29,269.26,299.37,245.98,299.37
244.73,261.71,267.65,261.71,267.65,299.23,244.73,299.23
244.49,262.1,267.49,262.1,267.49,299.73,244.49,299.73
244.68,264.76,267.78,264.76,267.78,302.57,244.68,302.57
241.55,264.55,264.68,264.55,264.68,302.39,241.55,302.39
242.05,264.49,265.12,264.49,265.12,302.24,242.05,302.24
241.67,264.33,264.69,264.33,264.69,301.99,241.67,301.99
241.37,264,264.49,264,264.49,301.83,241.37,301.83
240.58,263.24,263.82,263.24,263.82,301.27,240.58,301.27
238.55,262.95,261.72,262.95,261.72,300.86,238.55,300.86
239.1,265.22,262.29,265.22,262.29,303.17,239.1,303.17
239.75,267.37,263.08,267.37,263.08,305.55,239.75,305.55
239.5,266.75,262.71,266.75,262.71,304.74,239.5,304.74
239.41,266.34,262.75,266.34,262.75,304.54,239.41,304.54
238.83,265.36,262.19,265.36,262.19,303.59,238.83,303.59
238.4,265.03,261.94,265.03,261.94,303.55,238.4,303.55
237.45,264.71,260.82,264.71,260.82,302.95,237.45,302.95
237.26,267.21,260.61,267.21,260.61,305.42,237.26,305.42
236.59,269.62,260.06,269.62,260.06,308.04,236.59,308.04
236.21,268.73,259.8,268.73,259.8,307.34,236.21,307.34
235.72,268.64,259.28,268.64,259.28,307.19,235.72,307.19
235.37,267.47,258.93,267.47,258.93,306.03,235.37,306.03
235.02,267.27,258.54,267.27,258.54,305.75,235.02,305.75
234.65,268.57,258.21,268.57,258.21,307.12,234.65,307.12
234.59,269.65,258.11,269.65,258.11,308.13,234.59,308.13
239.78,273.65,263.37,273.65,263.37,312.25,239.78,312.25
240.94,273.87,264.66,273.87,264.66,312.68,240.94,312.68
238.47,279.31,262.41,279.31,262.41,318.47,238.47,318.47
234.81,281.04,258.97,281.04,258.97,320.59,234.81,320.59
235.36,282.23,259.91,282.23,259.91,322.4,235.36,322.4
234.8,286.35,259.65,286.35,259.65,327.01,234.8,327.01
232.35,285.69,257.6,285.69,257.6,327.02,232.35,327.02
232.73,286.04,258.15,286.04,258.15,327.64,232.73,327.64
232.33,284.18,257.86,284.18,257.86,325.95,232.33,325.95
232.31,288.36,258.01,288.36,258.01,330.42,232.31,330.42
228.68,288.24,254.65,288.24,254.65,330.74,228.68,330.74
227.8,291.28,253.77,291.28,253.77,333.78,227.8,333.78
227.19,292.84,253.4,292.84,253.4,335.73,227.19,335.73
225.67,293.64,251.73,293.64,251.73,336.29,225.67,336.29
224.43,293.91,250.42,293.91,250.42,336.44,224.43,336.44
220.33,296.31,246.49,296.31,246.49,339.13,220.33,339.13
219.31,295.76,245.68,295.76,245.68,338.9,219.31,338.9
217.8,298.15,244.09,298.15,244.09,341.17,217.8,341.17
215.58,300.98,242.06,300.98,242.06,344.3,215.58,344.3
212.23,299.29,238.78,299.29,238.78,342.74,212.23,342.74
209.9,301.24,236.63,301.24,236.63,344.99,209.9,344.99
206.19,303.48,232.93,303.48,232.93,347.24,206.19,347.24
202.74,304.41,229.45,304.41,229.45,348.13,202.74,348.13
201.94,304.3,228.83,304.3,228.83,348.29,201.94,348.29
200.24,303.28,227.26,303.28,227.26,347.49,200.24,347.49
199.41,306.29,226.58,306.29,226.58,350.75,199.41,350.75
194.49,308.42,221.81,308.42,221.81,353.12,194.49,353.12
192.73,307.75,220.25,307.75,220.25,352.79,192.73,352.79
189.88,306.59,217.72,306.59,217.72,352.13,189.88,352.13
186.22,308.77,214.22,308.77,214.22,354.59,186.22,354.59
182.9,311.72,210.82,311.72,210.82,357.41,182.9,357.41
179.3,312.05,207.08,312.05,207.08,357.5,179.3,357.5
178.18,311.52,206.12,311.52,206.12,357.22,178.18,357.22
175.59,311.24,203.6,311.24,203.6,357.06,175.59,357.06
174.84,313.53,202.8,313.53,202.8,359.29,174.84,359.29
174.03,314.38,201.99,314.38,201.99,360.15,174.03,360.15
171.34,316.79,199.14,316.79,199.14,362.28,171.34,362.28
169.47,316.75,197.13,316.75,197.13,362.01,169.47,362.01
168.61,316.64,196.47,316.64,196.47,362.23,168.61,362.23
165.52,315.76,193.37,315.76,193.37,361.33,165.52,361.33
162.12,318.19,189.89,318.19,189.89,363.63,162.12,363.63
158.76,321.48,186.49,321.48,186.49,366.85,158.76,366.85
155.53,322.54,182.85,322.54,182.85,367.26,155.53,367.26
154.14,322.09,181.61,322.09,181.61,367.04,154.14,367.04
151.33,320.09,178.86,320.09,178.86,365.13,151.33,365.13
149.61,320.45,177.44,320.45,177.44,365.99,149.61,365.99
147.84,322.75,176.17,322.75,176.17,369.12,147.84,369.12
144.5,325.54,173.23,325.54,173.23,372.56,144.5,372.56
141.78,326.08,171.06,326.08,171.06,373.98,141.78,373.98
137.88,324.9,167.42,324.9,167.42,373.24,137.88,373.24
136.47,323.75,166.02,323.75,166.02,372.1,136.47,372.1
131.91,325.37,161.67,325.37,161.67,374.08,131.91,374.08
125.31,330.08,155.11,330.08,155.11,378.85,125.31,378.85
122.33,330.21,152.16,330.21,152.16,379.01,122.33,379.01
119.66,329.53,149.7,329.53,149.7,378.7,119.66,378.7
114.88,327.74,145.21,327.74,145.21,377.37,114.88,377.37
112.24,328.16,142.74,328.16,142.74,378.07,112.24,378.07
108.43,333.1,139.15,333.1,139.15,383.38,108.43,383.38
105.41,333.2,136.26,333.2,136.26,383.69,105.41,383.69
102.24,332.98,133.35,332.98,133.35,383.89,102.24,383.89
97.645,332.6,129.07,332.6,129.07,384.02,97.645,384.02
94.819,333.53,126.37,333.53,126.37,385.15,94.819,385.15
90.881,336.53,122.36,336.53,122.36,388.04,90.881,388.04
86.818,338.9,118.2,338.9,118.2,390.25,86.818,390.25
84.389,339.04,115.63,339.04,115.63,390.17,84.389,390.17
81.775,338.54,112.96,338.54,112.96,389.58,81.775,389.58
78.352,337.5,109.45,337.5,109.45,388.38,78.352,388.38
77.197,336.58,108.36,336.58,108.36,387.58,77.197,387.58
75.046,337.56,106.12,337.56,106.12,388.4,75.046,388.4
72.526,340.06,103.54,340.06,103.54,390.82,72.526,390.82
66.465,342.97,97.19,342.97,97.19,393.25,66.465,393.25
63.524,343.21,94.299,343.21,94.299,393.57,63.524,393.57
60.238,341.74,91.112,341.74,91.112,392.27,60.238,392.27
59.03,342.39,89.979,342.39,89.979,393.03,59.03,393.03
54.962,345.41,85.931,345.41,85.931,396.09,54.962,396.09
54.201,346.52,85.085,346.52,85.085,397.06,54.201,397.06
49.274,348.04,80.341,348.04,80.341,398.88,49.274,398.88
47.33,348.55,78.463,348.55,78.463,399.5,47.33,399.5
42.238,348.38,73.206,348.38,73.206,399.05,42.238,399.05
39.42,349.9,70.708,349.9,70.708,401.09,39.42,401.09
37.815,348.42,69.351,348.42,69.351,400.03,37.815,400.03
35.615,347.34,67.322,347.34,67.322,399.23,35.615,399.23
33.243,348.12,65.05,348.12,65.05,400.17,33.243,400.17
29.632,352.34,61.49,352.34,61.49,404.48,29.632,404.48
24.344,355.3,56.202,355.3,56.202,407.43,24.344,407.43
