476.5,261.5,512.5,261.5,512.5,363.5,476.5,363.5
475.27,261.6,510.78,261.6,510.78,362.23,475.27,362.23
473.43,260.46,509.3,260.46,509.3,362.08,473.43,362.08
469.68,260.22,505.22,260.22,505.22,360.91,469.68,360.91
466.99,260.39,502.63,260.39,502.63,361.37,466.99,361.37
465.53,260.27,501.09,260.27,501.09,361.02,465.53,361.02
463.85,260.86,498.9,260.86,498.9,360.15,463.85,360.15
463.07,260.41,498,260.41,498,359.36,463.07,359.36
461.73,256.44,496.89,256.44,496.89,356.07,461.73,356.07
459.97,255.21,495.2,255.21,495.2,355.02,459.97,355.02
458.59,255.51,493.06,255.51,493.06,353.19,458.59,353.19
457.54,254.9,491.87,254.9,491.87,352.16,457.54,352.16
456.48,255.33,491.37,255.33,491.37,354.18,456.48,354.18
455.13,255.31,490.11,255.31,490.11,354.43,455.13,354.43
454.78,254.4,489.68,254.4,489.68,353.3,454.78,353.3
450.53,252.74,485.41,252.74,485.41,351.55,450.53,351.55
449.12,250.74,484.58,250.74,484.58,351.21,449.12,351.21
448.17,249,483.55,249,483.55,349.24,448.17,349.24
446.05,246.54,482.29,246.54,482.29,349.21,446.05,349.21
456.61,254.64,492.55,254.64,492.55,356.48,456.61,356.48
456.37,254.53,492.59,254.53,492.59,357.17,456.37,357.17
456.39,254.54,492.79,254.54,492.79,357.66,456.39,357.66
455.44,254.72,491.47,254.72,491.47,356.8,455.44,356.8
456.66,254.67,492.67,254.67,492.67,356.68,456.66,356.68
456.32,254.39,492.57,254.39,492.57,357.1,456.32,357.1
456.13,254.73,492.3,254.73,492.3,357.23,456.13,357.23
455.53,253.8,491.92,253.8,491.92,356.89,455.53,356.89
456.14,254.35,492.31,254.35,492.31,356.84,456.14,356.84
455.94,254.3,492.1,254.3,492.1,356.74,455.94,356.74
455.84,254.44,491.86,254.44,491.86,356.51,455.84,356.51
456.58,255.73,492.11,255.73,492.11,356.41,456.58,356.41
455.97,254.53,491.92,254.53,491.92,356.39,455.97,356.39
456.35,254.46,492.62,254.46,492.62,357.23,456.35,357.23
456.43,254.89,492.6,254.89,492.6,357.37,456.43,357.37
455.94,253.89,492.12,253.89,492.12,356.42,455.94,356.42
455.36,253.81,491.57,253.81,491.57,356.4,455.36,356.4
449.66,226.47,485.41,226.47,485.41,327.74,449.66,327.74
450.85,228.64,486.36,228.64,486.36,329.25,450.85,329.25
451.49,226.25,487.1,226.25,487.1,327.15,451.49,327.15
450.34,226.39,485.48,226.39,485.48,325.95,450.34,325.95
453.42,223.68,488.84,223.68,488.84,324.03,453.42,324.03
455.04,220.46,490.35,220.46,490.35,320.5,455.04,320.5
490.46,211.06,525.06,211.06,525.06,309.08,490.46,309.08
490.74,211.73,525.37,211.73,525.37,309.85,490.74,309.85
490.91,212.52,525.51,212.52,525.51,310.57,490.91,310.57
489.93,211.28,524.35,211.28,524.35,308.79,489.93,308.79
489.48,210.39,523.84,210.39,523.84,307.76,489.48,307.76
491.04,209.67,525.36,209.67,525.36,306.92,491.04,306.92
491.6,209.38,525.63,209.38,525.63,305.82,491.6,305.82
492.2,208.98,525.75,208.98,525.75,304.04,492.2,304.04
493.03,209.07,526.51,209.07,526.51,303.91,493.03,303.91
494.09,207.34,527.54,207.34,527.54,302.12,494.09,302.12
495.04,208.82,528.09,208.82,528.09,302.47,495.04,302.47
496.06,205.62,528.73,205.62,528.73,298.22,496.06,298.22
495.32,207.76,528.16,207.76,528.16,300.82,495.32,300.82
498.24,199.79,530.82,199.79,530.82,292.1,498.24,292.1
500.49,196.26,532.84,196.26,532.84,287.93,500.49,287.93
500.7,197.93,532.9,197.93,532.9,289.18,500.7,289.18
500.54,196.95,532.57,196.95,532.57,287.7,500.54,287.7
500.47,197.21,532.18,197.21,532.18,287.03,500.47,287.03
500.51,195.68,532.14,195.68,532.14,285.31,500.51,285.31
501.28,193.59,532.92,193.59,532.92,283.23,501.28,283.23
501.19,191.66,532.76,191.66,532.76,281.1,501.19,281.1
501.21,190.96,532.48,190.96,532.48,279.54,501.21,279.54
502.26,191.36,533.3,191.36,533.3,279.31,502.26,279.31
501.46,189.64,532.53,189.64,532.53,277.68,501.46,277.68
503.01,191.1,534.14,191.1,534.14,279.3,503.01,279.3
501.53,189.16,532.62,189.16,532.62,277.25,501.53,277.25
502.83,187.91,534.07,187.91,534.07,276.43,502.83,276.43
502.36,187.03,533.84,187.03,533.84,276.22,502.36,276.22
501.25,182.54,532.9,182.54,532.9,272.21,501.25,272.21
501.6,181.05,532.99,181.05,532.99,270.02,501.6,270.02
501.61,180.44,532.74,180.44,532.74,268.64,501.61,268.64
501.64,179.41,532.87,179.41,532.87,267.9,501.64,267.9
502.47,180.3,533.72,180.3,533.72,268.86,502.47,268.86
503.1,178.28,534.5,178.28,534.5,267.25,503.1,267.25
503.24,177.08,534.88,177.08,534.88,266.74,503.24,266.74
503.17,175.61,534.87,175.61,534.87,265.43,503.17,265.43
503.79,174.81,535.5,174.81,535.5,264.64,503.79,264.64
503.92,172.97,535.47,172.97,535.47,262.35,503.92,262.35
504.12,172.98,535.55,172.98,535.55,262.03,504.12,262.03
504.25,172.75,535.65,172.75,535.65,261.7,504.25,261.7
506.06,172.18,537.37,172.18,537.37,260.9,506.06,260.9
507.45,171.62,538.75,171.62,538.75,260.3,507.45,260.3
508.45,169.81,540,169.81,540,259.2,508.45,259.2
509.25,167.23,541.01,167.23,541.01,257.22,509.25,257.22
509.78,164.15,541.64,164.15,541.64,254.43,509.78,254.43
509.87,162.36,541.71,162.36,541.71,252.57,509.87,252.57
510.17,162.13,542,162.13,542,252.31,510.17,252.31
510.5,161.95,542.35,161.95,542.35,252.19,510.5,252.19
510.65,161.89,542.55,161.89,542.55,252.28,510.65,252.28
510.96,160.88,542.76,160.88,542.76,250.98,510.96,250.98
511.55,160.53,543.22,160.53,543.22,250.27,511.55,250.27
511.69,158.58,543.45,158.58,543.45,248.56,511.69,248.56
511.63,156.95,543.57,156.95,543.57,247.43,511.63,247.43
511.83,154.27,543.83,154.27,543.83,244.93,511.83,244.93
512.11,152.7,544.21,152.7,544.21,243.65,512.11,243.65
512.51,152.52,544.64,152.52,544.64,243.54,512.51,243.54
512.51,152.84,544.6,152.84,544.6,243.77,512.51,243.77
513.68,152.03,545.7,152.03,545.7,242.74,513.68,242.74
514.15,151.26,546.17,151.26,546.17,242,514.15,242
516.16,148.9,548.18,148.9,548.18,239.61,516.16,239.61
516.48,145.69,548.28,145.69,548.28,235.82,516.48,235.82
517.24,145.04,549.03,145.04,549.03,235.11,517.24,235.11
518.49,143.72,550.1,143.72,550.1,233.28,518.49,233.28
518.51,142.88,549.96,142.88,549.96,231.99,518.51,231.99
518.69,142.48,549.9,142.48,549.9,230.9,518.69,230.9
519.43,144.38,550.55,144.38,550.55,232.55,519.43,232.55
519.57,144.43,550.61,144.43,550.61,232.37,519.57,232.37
519.23,144.91,550.14,144.91,550.14,232.48,519.23,232.48
519.79,145.04,550.88,145.04,550.88,233.14,519.79,233.14
518.99,143.47,550.04,143.47,550.04,231.43,518.99,231.43
517.14,141.55,548.15,141.55,548.15,229.4,517.14,229.4
517.32,142.22,548.27,142.22,548.27,229.91,517.32,229.91
517.79,142.12,548.72,142.12,548.72,229.76,517.79,229.76
517.46,141.92,548.3,141.92,548.3,229.29,517.46,229.29
517.17,141.74,547.79,141.74,547.79,228.52,517.17,228.52
517.6,142.2,548.13,142.2,548.13,228.7,517.6,228.7
518.1,139.45,548.6,139.45,548.6,225.85,518.1,225.85
518.38,138.1,548.83,138.1,548.83,224.37,518.38,224.37
518.82,135.04,549.24,135.04,549.24,221.23,518.82,221.23
518.72,134.45,549.03,134.45,549.03,220.33,518.72,220.33
518.26,131.59,548.48,131.59,548.48,217.23,518.26,217.23
518.02,132.58,548.16,132.58,548.16,217.96,518.02,217.96
517.88,132.32,547.87,132.32,547.87,217.28,517.88,217.28
517.24,130.91,547.32,130.91,547.32,216.12,517.24,216.12
516.55,130.69,546.66,130.69,546.66,216.01,516.55,216.01
514.44,129.73,544.65,129.73,544.65,215.32,514.44,215.32
514.29,127.86,544.53,127.86,544.53,213.54,514.29,213.54
513.56,125.51,543.66,125.51,543.66,210.79,513.56,210.79
512.59,125.38,542.74,125.38,542.74,210.79,512.59,210.79
511.9,125.07,541.89,125.07,541.89,210.04,511.9,210.04
510.91,124.72,540.77,124.72,540.77,209.32,510.91,209.32
511.21,124.88,540.82,124.88,540.82,208.8,511.21,208.8
511.02,123.98,540.44,123.98,540.44,207.32,511.02,207.32
510.87,122.66,540.18,122.66,540.18,205.68,510.87,205.68
510.88,119.66,540.27,119.66,540.27,202.93,510.88,202.93
510.37,117.57,539.74,117.57,539.74,200.8,510.37,200.8
510.44,116.25,539.99,116.25,539.99,199.99,510.44,199.99
510.45,115.72,539.97,115.72,539.97,199.35,510.45,199.35
510.21,115.36,539.72,115.36,539.72,198.95,510.21,198.95
509.87,114.95,539.3,114.95,539.3,198.32,509.87,198.32
507.51,112.87,536.73,112.87,536.73,195.66,507.51,195.66
507.81,113.65,536.97,113.65,536.97,196.29,507.81,196.29
506.69,110.92,535.85,110.92,535.85,193.54,506.69,193.54
505.97,109.73,535.13,109.73,535.13,192.34,505.97,192.34
505.46,108.01,534.58,108.01,534.58,190.51,505.46,190.51
504.83,107.61,533.85,107.61,533.85,189.84,504.83,189.84
504.59,108.25,533.48,108.25,533.48,190.11,504.59,190.11
504.4,107.6,533.15,107.6,533.15,189.06,504.4,189.06
504.56,107.59,533.38,107.59,533.38,189.24,504.56,189.24
504.15,106.35,533.06,106.35,533.06,188.25,504.15,188.25
504.36,104.44,533.25,104.44,533.25,186.3,504.36,186.3
504.41,101.4,533.43,101.4,533.43,183.62,504.41,183.62
504.88,100.76,533.83,100.76,533.83,182.79,504.88,182.79
504.74,99.543,533.66,99.543,533.66,181.47,504.74,181.47
504.55,99.029,533.4,99.029,533.4,180.77,504.55,180.77
504.2,98.791,532.82,98.791,532.82,179.88,504.2,179.88
503.48,98.693,531.82,98.693,531.82,178.99,503.48,178.99
503.01,98.637,531.19,98.637,531.19,178.47,503.01,178.47
502.84,98.044,531.01,98.044,531.01,177.85,502.84,177.85
502.33,96.714,530.53,96.714,530.53,176.6,502.33,176.6
501.26,94.38,529.58,94.38,529.58,174.61,501.26,174.61
500.41,92.974,528.66,92.974,528.66,173.03,500.41,173.03
500.28,92.322,528.49,92.322,528.49,172.25,500.28,172.25
499.68,92.073,527.99,92.073,527.99,172.28,499.68,172.28
499.19,91.664,527.44,91.664,527.44,171.72,499.19,171.72
498.96,91.248,527.12,91.248,527.12,171.02,498.96,171.02
498.95,91.683,527.06,91.683,527.06,171.33,498.95,171.33
499.05,91.275,527.19,91.275,527.19,171.01,499.05,171.01
498.96,89.934,527.09,89.934,527.09,169.65,498.96,169.65
499.12,88.913,527.24,88.913,527.24,168.57,499.12,168.57
499.03,86.01,526.92,86.01,526.92,165.03,499.03,165.03
499.16,85.135,527.01,85.135,527.01,164.04,499.16,164.04
498.85,84.686,526.77,84.686,526.77,163.79,498.85,163.79
498.47,84.462,526.18,84.462,526.18,162.95,498.47,162.95
497.62,83.838,525.18,83.838,525.18,161.92,497.62,161.92
497.42,84.336,524.94,84.336,524.94,162.3,497.42,162.3
496.77,83.451,524.21,83.451,524.21,161.18,496.77,161.18
495.37,82.356,522.76,82.356,522.76,159.96,495.37,159.96
495.35,82.655,522.65,82.655,522.65,159.99,495.35,159.99
494.61,80.605,521.79,80.605,521.79,157.6,494.61,157.6
492.94,78.56,520.12,78.56,520.12,155.58,492.94,155.58
492.56,76.774,519.5,76.774,519.5,153.11,492.56,153.11
491.27,76.884,518.14,76.884,518.14,153.02,491.27,153.02
490.64,76.769,517.44,76.769,517.44,152.68,490.64,152.68
488.89,77.316,515.71,77.316,515.71,153.33,488.89,153.33
488.47,76.88,515.38,76.88,515.38,153.14,488.47,153.14
488.32,75.762,515.23,75.762,515.23,152,488.32,152
488.85,74.212,515.78,74.212,515.78,150.49,488.85,150.49
488.82,72.754,515.93,72.754,515.93,149.56,488.82,149.56
489.2,71.845,516.41,71.845,516.41,148.94,489.2,148.94
488.28,68.901,515.44,68.901,515.44,145.86,488.28,145.86
487.61,68.683,514.58,68.683,514.58,145.1,487.61,145.1
487.02,68.789,514.03,68.789,514.03,145.3,487.02,145.3
486.11,70.15,513.16,70.15,513.16,146.79,486.11,146.79
482.75,70.367,510.06,70.367,510.06,147.74,482.75,147.74
482.18,69.294,509.63,69.294,509.63,147.08,482.18,147.08
479.94,67.697,507.47,67.697,507.47,145.68,479.94,145.68
479.33,66.84,507.06,66.84,507.06,145.4,479.33,145.4
478.06,62.962,505.69,62.962,505.69,141.24,478.06,141.24
476.71,62.859,504.4,62.859,504.4,141.32,476.71,141.32
475.97,60.257,503.41,60.257,503.41,138.01,475.97,138.01
475.17,60.138,502.48,60.138,502.48,137.51,475.17,137.51
475.31,60.733,502.51,60.733,502.51,137.79,475.31,137.79
474.56,60.747,501.55,60.747,501.55,137.23,474.56,137.23
474.64,61.374,501.6,61.374,501.6,137.77,474.64,137.77
473.59,61.628,500.47,61.628,500.47,137.78,473.59,137.78
473.18,61.063,500.01,61.063,500.01,137.09,473.18,137.09
473.36,60.909,500.49,60.909,500.49,137.76,473.36,137.76
472.26,59,499.53,59,499.53,136.26,472.26,136.26
468,55.181,495.34,55.181,495.34,132.64,468,132.64
468.14,54.843,495.47,54.843,495.47,132.29,468.14,132.29
466.06,52.792,493.26,52.792,493.26,129.88,466.06,129.88
465.69,52.191,492.67,52.191,492.67,128.63,465.69,128.63
465.15,53.814,492,53.814,492,129.87,465.15,129.87
464.64,54.25,491.28,54.25,491.28,129.73,464.64,129.73
454.92,53.746,481.33,53.746,481.33,128.58,454.92,128.58
448.43,53.972,474.76,53.972,474.76,128.59,448.43,128.59
451.32,54.384,477.64,54.384,477.64,128.93,451.32,128.93
451.83,53.56,478.14,53.56,478.14,128.1,451.83,128.1
451.9,52.707,478.25,52.707,478.25,127.34,451.9,127.34
449.35,53.028,475.75,53.028,475.75,127.81,449.35,127.81
449.52,52.668,475.89,52.668,475.89,127.38,449.52,127.38
448.83,53.072,475.12,53.072,475.12,127.54,448.83,127.54
445.32,56.3,471.6,56.3,471.6,130.78,445.32,130.78
441.35,63.125,467.86,63.125,467.86,138.21,441.35,138.21
444.55,56.651,471.07,56.651,471.07,131.77,444.55,131.77
443.98,55.753,470.57,55.753,470.57,131.09,443.98,131.09
443.9,54.233,470.51,54.233,470.51,129.64,443.9,129.64
444.25,53.277,470.79,53.277,470.79,128.49,444.25,128.49
442.03,53.384,468.45,53.384,468.45,128.24,442.03,128.24
415.79,56.011,442.29,56.011,442.29,131.11,415.79,131.11
442.99,52.641,469.38,52.641,469.38,127.42,442.99,127.42
463.95,66.337,490.12,66.337,490.12,140.48,463.95,140.48
475.6,76.142,501.49,76.142,501.49,149.51,475.6,149.51
492.63,73.181,518.65,73.181,518.65,146.91,492.63,146.91
492.34,72.581,518.55,72.581,518.55,146.84,492.34,146.84
478.39,60.207,504.45,60.207,504.45,134.02,478.39,134.02
461.43,66.661,487.32,66.661,487.32,140.02,461.43,140.02
482.95,76.525,508.71,76.525,508.71,149.52,482.95,149.52
477.12,63.316,502.72,63.316,502.72,135.86,477.12,135.86
475.16,64.338,500.64,64.338,500.64,136.52,475.16,136.52
484.64,63.49,510.1,63.49,510.1,135.63,484.64,135.63
476.1,63.216,501.61,63.216,501.61,135.51,476.1,135.51
475.14,63.851,500.57,63.851,500.57,135.92,475.14,135.92
483.95,64.909,509.31,64.909,509.31,136.78,483.95,136.78
475.8,66.168,501.08,66.168,501.08,137.79,475.8,137.79
461.11,67.359,486.33,67.359,486.33,138.83,461.11,138.83
415.89,53.056,441.38,53.056,441.38,125.28,415.89,125.28
413.68,52.619,439.3,52.619,439.3,125.21,413.68,125.21
412.81,52.317,438.54,52.317,438.54,125.22,412.81,125.22
410.38,51.643,436.26,51.643,436.26,124.97,410.38,124.97
392.75,54.323,418.5,54.323,418.5,127.27,392.75,127.27
