282,351,38,54
279.88,348.64,38.764,55.085
275.63,347.54,38.38,54.54
271.32,347.2,37.251,52.936
270.58,346.71,37.624,53.465
271.51,344.79,38.764,55.085
279.49,343.03,37.624,53.465
285.56,341.92,36.517,51.893
291.18,337.57,36.882,52.412
293.4,334.35,36.882,52.412
296.02,331.52,35.798,50.87
297.23,327.83,35.443,50.367
299.93,323.78,35.798,50.87
304.87,320.16,35.092,49.868
311.46,317.33,35.443,50.367
317.71,314.82,35.443,50.367
320.98,311.16,35.443,50.367
323.7,306.65,35.092,49.868
328.07,303.1,34.06,48.401
331.35,297.9,34.745,49.374
337.83,296.22,34.06,48.401
344.55,296.09,33.723,47.922
349.5,296.73,33.059,46.978
355.96,297.78,32.407,46.052
361.19,299.36,33.389,47.448
365.64,298.88,34.06,48.401
370.2,297.8,34.06,48.401
374.69,294.58,34.06,48.401
377.4,288.61,35.092,49.868
379.77,284.27,34.401,48.885
380.75,283.39,34.06,48.401
380.78,281.84,33.723,47.922
380.4,279.47,34.06,48.401
379.93,278.12,33.389,47.448
380.1,275.01,32.731,46.513
381.41,272.05,33.723,47.922
384.5,268.29,33.723,47.922
387.66,263.93,33.389,47.448
388.76,259.5,33.059,46.978
392.81,253.82,32.086,45.596
394.68,249.58,32.086,45.596
396.97,246.43,31.454,44.698
400.05,245.59,31.143,44.255
406.3,246.98,30.834,43.817
412.5,247.71,29.928,42.529
419.96,250.3,29.928,42.529
425.49,251.36,30.834,43.817
428.47,251.35,30.227,42.954
431.71,252.64,30.529,43.383
434.85,254.32,29.631,42.107
437.59,255.54,29.047,41.278
438.55,255.81,29.928,42.529
439.2,257.16,29.928,42.529
439.42,260.82,29.338,41.691
434.85,261.44,29.338,41.691
431.52,262.98,30.227,42.954
427.75,264.07,30.529,43.383
425.03,265.41,29.631,42.107
422.04,265.8,29.631,42.107
413.33,271.66,29.928,42.529
408.74,275.03,29.047,41.278
404.31,277.91,28.76,40.869
401.2,280.96,29.047,41.278
396.73,283.63,28.76,40.869
390.79,286.62,28.475,40.464
382.01,289.77,29.047,41.278
376.43,297.02,28.193,40.064
373.48,301.6,28.193,40.064
373.12,303.2,27.638,39.274
371.17,304.61,28.193,40.064
368.4,300.68,29.047,41.278
368.31,296.47,28.475,40.464
368.33,291.6,28.193,40.064
367.69,290.29,28.475,40.464
359.08,293.42,28.475,40.464
345.43,301.39,29.047,41.278
343.89,305.16,29.631,42.107
330.32,318.99,29.631,42.107
330.42,320.58,28.76,40.869
318.46,326.8,29.631,42.107
310.9,328.14,29.047,41.278
307.2,329.63,28.76,40.869
299.22,336.63,29.047,41.278
311.21,326.55,28.76,40.869
301.26,339.27,29.338,41.691
298.06,344.98,30.227,42.954
295.62,348.22,30.834,43.817
295.95,347.79,31.769,45.145
297.54,345.57,31.454,44.698
294.42,345.51,30.834,43.817
288.24,346.91,30.834,43.817
284.55,353.4,30.834,43.817
279.45,360.49,31.454,44.698
274.07,367.52,31.454,44.698
252.5,392.57,30.834,43.817
254.03,392.52,29.928,42.529
254.49,392.7,29.047,41.278
251.4,393.84,28.193,40.064
245.16,395.77,27.364,38.886
236.28,398.5,27.638,39.274
224.45,402.95,28.475,40.464
211.95,410.8,27.638,39.274
201.54,417.68,26.825,38.119
196.43,419.66,26.559,37.742
189.04,418.71,27.093,38.501
180.19,418.28,27.638,39.274
167.67,419.56,27.638,39.274
157.68,422.08,27.093,38.501
155.92,422.97,27.638,39.274
155.68,423.93,27.093,38.501
154.05,427.11,26.825,38.119
146.68,433.61,27.093,38.501
136.65,438.83,27.638,39.274
127.37,439.55,28.475,40.464
125.31,437.01,29.338,41.691
120.91,433.09,29.928,42.529
112.23,435.02,30.834,43.817
98.949,437.72,31.769,45.145
91.801,441.42,32.407,46.052
81.822,447.22,32.086,45.596
79.756,447.24,33.059,46.978
82.736,447.3,33.723,47.922
79.808,446.7,34.401,48.885
82.318,444.23,34.745,49.374
81.051,443.58,34.401,48.885
83.264,442.72,35.443,50.367
85.099,443.33,34.745,49.374
87.01,444.79,34.745,49.374
86.217,448.03,35.092,49.868
96.315,431.33,34.401,48.885
97.145,434.69,33.389,47.448
98.095,434.76,32.407,46.052
100.02,434.64,31.769,45.145
98.688,433.07,31.143,44.255
98.376,431.29,30.227,42.954
96.591,429.12,29.338,41.691
94.318,426.98,28.475,40.464
94.991,421.36,27.914,39.667
99.829,416.47,27.093,38.501
104.26,410.9,26.296,37.368
105.97,406.91,26.559,37.742
104.79,403.24,26.036,36.998
102.52,400.1,25.27,35.91
101.08,397.7,25.02,35.555
101.83,395.41,24.284,34.509
105.48,393.92,23.57,33.494
108.78,391.51,23.337,33.162
113.84,389.51,23.337,33.162
119.79,387.93,22.877,32.509
124.93,385.62,23.337,33.162
126.54,385.15,23.105,32.834
129.7,385.32,23.337,33.162
130.79,385.22,23.337,33.162
131.51,384.92,24.044,34.167
131.88,384.22,23.57,33.494
131.19,383.12,23.105,32.834
129.14,380.89,23.806,33.829
127.92,381.5,23.57,33.494
130.14,378.38,24.044,34.167
134.72,373.86,24.772,35.203
140.39,371.93,24.284,34.509
147.64,371.67,24.284,34.509
153.92,387.46,25.02,35.555
164.86,370.06,24.284,34.509
171.6,370.65,24.527,34.854
175.35,371.53,24.284,34.509
178.46,372.33,24.044,34.167
181.29,373.2,24.284,34.509
185.9,373.62,24.284,34.509
209.14,377.73,23.806,33.829
209.36,376.73,24.284,34.509
225.13,377.55,24.527,34.854
225.27,385.83,24.044,34.167
229.58,386.4,23.57,33.494
213.49,378.5,22.877,32.509
231.13,372.33,22.204,31.553
228.2,356.63,22.877,32.509
225.09,341.31,23.337,33.162
229.9,341.31,23.806,33.829
237.36,342.5,23.806,33.829
245.28,343.13,23.57,33.494
252.05,342.69,22.877,32.509
257.08,340,22.65,32.187
261.81,337.12,22.426,31.868
265.92,332.62,21.766,30.931
268.88,328.69,22.426,31.868
271.06,326.02,22.204,31.553
273.7,324,22.204,31.553
277.61,322.85,21.551,30.625
281.87,321.05,20.917,29.724
287.98,319.33,20.917,29.724
293.18,317.06,21.338,30.322
298.17,316.97,21.984,31.241
302.61,317.49,21.551,30.625
307.57,317.7,21.766,30.931
316.95,318.61,21.126,30.022
328.17,317.45,20.917,29.724
338.04,315.84,21.551,30.625
349.33,316.05,20.917,29.724
354.26,316.01,21.338,30.322
358.61,318.46,21.551,30.625
360.61,319.76,21.766,30.931
364.42,321.73,21.338,30.322
367.12,322.13,21.766,30.931
370.36,322.22,22.204,31.553
373.07,322.55,21.766,30.931
375.12,323.53,21.126,30.022
376.34,323.54,21.126,30.022
376.83,323.8,21.126,30.022
376.47,323.69,21.551,30.625
376.05,323.45,21.984,31.241
375.6,324.3,21.984,31.241
375.39,325.71,21.551,30.625
375.05,326.66,21.766,30.931
374.18,328.99,22.204,31.553
372.02,331.44,22.204,31.553
368.77,334.29,21.984,31.241
365.36,336.28,21.551,30.625
361.29,336.28,21.984,31.241
357.5,336.58,21.551,30.625
353.44,335.74,21.126,30.022
349.65,334.84,20.917,29.724
346.63,333.3,21.551,30.625
345.31,332.1,21.126,30.022
343.52,331.08,21.338,30.322
343.67,330.95,21.984,31.241
343.97,330.4,22.426,31.868
345,329.88,21.766,30.931
346.53,329.64,22.426,31.868
347.65,330.07,21.984,31.241
347.87,330.28,21.984,31.241
347.08,331.17,21.766,30.931
347.28,333.06,21.984,31.241
347.24,334.04,21.766,30.931
348.18,335.82,21.338,30.322
347.88,336.42,21.338,30.322
346.86,337.22,21.338,30.322
345.49,337.73,21.551,30.625
343.06,338.06,21.551,30.625
341.4,338.76,20.917,29.724
339.15,338.75,21.126,30.022
336.43,338.9,21.551,30.625
334.08,339.46,21.984,31.241
333.29,341.08,21.551,30.625
332.72,342.33,21.984,31.241
332.99,343.28,21.766,30.931
332.91,343.66,22.204,31.553
332.77,344.86,21.766,30.931
329.98,345.82,21.766,30.931
327.45,346.88,21.338,30.322
325.2,347.55,21.766,30.931
325.44,348.5,21.984,31.241
327.29,348.85,22.204,31.553
329.19,349.1,22.65,32.187
331.11,350.31,21.984,31.241
331.33,350.28,21.984,31.241
331.03,349.99,21.984,31.241
330.94,350.05,21.551,30.625
330.64,349.69,21.984,31.241
331.51,350.28,21.551,30.625
332.22,350.5,21.551,30.625
332.47,350.6,21.551,30.625
334.04,350.67,21.551,30.625
336.41,350.29,21.984,31.241
337.76,350.45,21.984,31.241
338.2,351.14,21.551,30.625
336.93,350.98,21.766,30.931
336.09,351,22.204,31.553
336.41,351.27,21.766,30.931
336.5,350.85,21.766,30.931
336.86,350.75,21.338,30.322
337.72,351.07,21.126,30.022
336.85,350.72,21.338,30.322
336.45,351.51,21.338,30.322
336.57,352.3,21.766,30.931
337.01,353.41,21.766,30.931
337.69,354.15,21.338,30.322
338.34,354.68,21.551,30.625
338.99,354.21,21.551,30.625
339.35,353.41,21.984,31.241
339.64,352.83,21.766,30.931
340.85,353.35,21.551,30.625
340.99,353.01,21.984,31.241
341.6,353.09,21.551,30.625
341.62,352.89,21.551,30.625
341.21,352.32,21.338,30.322
341.41,352.25,21.984,31.241
341.93,352.28,21.984,31.241
342.35,352.15,22.426,31.868
343,353.42,21.984,31.241
343.52,354.64,21.551,30.625
342.6,355.49,21.766,30.931
342.04,355.97,21.766,30.931
341.44,356.77,21.766,30.931
341.52,357.16,21.984,31.241
341.3,356.79,21.766,30.931
341.89,356.52,22.426,31.868
342.86,356.46,22.426,31.868
343.6,356.7,21.984,31.241
343.47,356.33,22.426,31.868
343.35,356.29,21.984,31.241
342.84,356.2,21.551,30.625
341.74,355.53,21.338,30.322
340.98,355.18,21.766,30.931
341.19,355.71,21.551,30.625
341.08,355.78,21.551,30.625
340.65,355.37,21.984,31.241
341.14,355.53,21.551,30.625
341.52,355.23,21.551,30.625
341.47,353.73,22.204,31.553
343.59,354.29,21.551,30.625
344.07,353.52,21.984,31.241
343.4,352.23,22.204,31.553
343.64,353.18,21.551,30.625
342.54,352.98,21.984,31.241
341.81,353.28,21.984,31.241
341.17,353.34,21.766,30.931
341.82,353.68,21.338,30.322
342.6,353.85,21.766,30.931
343.24,354.17,22.204,31.553
343.95,354.83,21.766,30.931
343.78,355.24,21.984,31.241
343.23,355.11,21.984,31.241
343.31,354.86,21.984,31.241
344.19,355.15,21.551,30.625
345.1,354.96,21.984,31.241
346.24,355.09,21.766,30.931
346.44,355.77,22.204,31.553
346.48,355.89,22.65,32.187
346.89,356.57,22.204,31.553
347.31,357.18,21.766,30.931
347.03,357.69,21.766,30.931
347.12,358.58,21.338,30.322
347.41,359.22,21.338,30.322
347.37,359.39,21.766,30.931
347.38,359.37,21.766,30.931
347.46,359.55,21.551,30.625
346.69,359.5,21.551,30.625
346.24,359.79,21.126,30.022
345.65,359.64,21.551,30.625
345.14,359.69,21.338,30.322
345.18,360.16,21.338,30.322
345.15,360.5,21.338,30.322
345.15,360.75,21.338,30.322
345.07,360.68,21.338,30.322
345.4,360.63,21.551,30.625
345.52,360.39,21.551,30.625
345.94,360.51,21.126,30.022
345.73,360.14,21.551,30.625
345.39,359.78,21.984,31.241
344.91,359.61,22.426,31.868
344.92,360.11,21.766,30.931
345.3,361.41,21.338,30.322
345.46,361.93,21.338,30.322
345.56,362.36,21.338,30.322
345.24,362.07,21.766,30.931
346.05,362.6,21.551,30.625
345.94,361.78,21.551,30.625
344.9,360.37,21.766,30.931
344.89,359.99,21.766,30.931
345.13,360.03,21.338,30.322
344.74,359.63,21.766,30.931
345.12,359.9,21.984,31.241
345.47,360.18,21.551,30.625
345.41,360.13,21.551,30.625
345.32,360.04,21.551,30.625
345.53,360.28,21.126,30.022
345.24,359.93,21.551,30.625
345.22,359.85,21.551,30.625
345.09,359.87,21.551,30.625
344.99,360,21.551,30.625
345.02,360.01,21.551,30.625
345.12,359.65,21.551,30.625
344.55,358.12,21.766,30.931
344.87,357.73,21.338,30.322
345.16,357.17,21.551,30.625
344.64,356.29,21.984,31.241
344.98,356.19,21.551,30.625
344.41,354.91,21.766,30.931
345.33,354.56,21.338,30.322
346.74,353.69,21.766,30.931
349.83,353.31,22.204,31.553
351.97,353.48,22.65,32.187
353.95,355.13,22.204,31.553
355.18,356.83,22.426,31.868
355.78,358.85,21.984,31.241
355.95,359.85,21.338,30.322
356.1,361.24,21.338,30.322
356.44,362.41,21.338,30.322
357.14,362.92,21.766,30.931
358.76,364.69,21.551,30.625
359.1,365.44,21.551,30.625
358.92,365.59,21.338,30.322
359,366.06,21.338,30.322
358.72,365.72,21.766,30.931
359.68,365.8,21.551,30.625
359.56,364.11,21.338,30.322
359.49,362.86,21.338,30.322
359.87,362.9,20.917,29.724
359.41,362.34,21.126,30.022
358.51,360.68,21.766,30.931
359.6,361.5,21.126,30.022
359.64,361.5,21.126,30.022
359.61,361.46,21.126,30.022
359.4,361.17,21.551,30.625
359.73,361.44,21.126,30.022
359.92,361.21,21.126,30.022
359.14,359.84,21.766,30.931
359.71,360.02,21.551,30.625
359.07,358.45,21.766,30.931
359.58,357.85,21.766,30.931
360.75,357.95,21.984,31.241
361.48,358.29,21.551,30.625
360.81,358.69,21.338,30.322
360.59,359.87,21.984,31.241
360.5,361.34,21.338,30.322
360.84,362.6,21.551,30.625
360.25,362.32,21.766,30.931
360.41,362.44,21.338,30.322
360.15,362.16,21.551,30.625
359.41,360.37,21.338,30.322
359.5,359.33,21.551,30.625
358.72,356.66,21.766,30.931
359.1,354.95,21.984,31.241
359.13,352.9,21.338,30.322
