776,125,165,153
764.95,125.26,165.69,153.64
755,127.47,164.86,152.87
746.49,127.72,163.72,151.81
738.52,128.13,164.16,152.22
732.48,129.21,164.12,152.19
726.26,129.31,163.88,151.96
719.76,129.17,162.28,150.48
710.6,129.79,162.55,150.73
710.12,129.2,161.96,150.18
698.63,135.08,162.02,150.24
691.13,135.37,162.46,150.65
689.4,133.7,162.98,151.13
687.07,132.86,164.35,152.4
679.26,133.2,166.53,154.42
668.89,131.64,169.38,157.06
666.05,130.69,170.3,157.91
661.51,137.62,166.89,154.76
655.28,137.22,167.23,155.07
650.27,135.85,170.6,158.19
639.08,136.25,170.29,157.9
634.9,138.01,168.92,156.63
631.29,137.77,168.62,156.36
625.25,137.77,168.35,156.11
620.98,137.6,169.84,157.49
616.48,138.97,169.66,157.32
610.28,139.93,169.44,157.12
608.7,139.38,170.11,157.74
606.7,139.72,171.61,159.13
603.63,141.1,171.49,159.01
599.88,141.15,171.53,159.06
597.6,140.46,172.78,160.22
595.37,140.22,172.66,160.11
593.36,140.5,173.26,160.66
590.22,139.26,174.21,161.54
588.47,141.43,173.93,161.28
587.27,142.53,173.82,161.18
585.79,142.27,174.85,162.14
585.38,143.84,173.97,161.32
586.15,145.92,174.28,161.6
586.59,148.58,173.77,161.13
587.28,149.07,174.32,161.65
589.86,150.43,175.29,162.54
590.02,150.28,175.46,162.7
591.72,151.69,176.62,163.78
592.7,151.37,178.03,165.08
595.13,151.85,179.26,166.23
595.59,153.46,179.55,166.49
599.51,155.88,179.46,166.41
603.36,158.43,179.55,166.49
609.54,166.03,182.03,168.79
609.25,166.55,182.73,169.44
610.65,168.17,183.89,170.52
614.72,167.38,185.1,171.64
618.97,166,186.76,173.18
624.32,163.92,188.67,174.95
626.6,162.19,188.99,175.24
633.69,163.22,188.48,174.77
641.26,165.54,187.87,174.2
646.46,166.16,186.82,173.23
654.82,167.8,187.02,173.41
663.68,166.26,186.96,173.36
663.7,165.02,188.08,174.4
670.98,162.54,188.08,174.4
674.05,162.73,188.07,174.39
676.07,161.76,188.1,174.42
678.74,163.2,188.45,174.75
680.65,163.84,188.49,174.78
686.66,164.38,188.32,174.62
693.16,165.03,188.79,175.06
726.6,183.35,190.71,176.84
703.31,167.62,190.63,176.77
735.37,179.8,189.53,175.74
715.89,170.14,188.87,175.13
717.34,170.77,188.38,174.68
748.46,187.91,188.91,175.17
742.26,172.74,189.05,175.3
732.36,173.23,191.08,177.18
739.06,173.17,193.32,179.26
757.17,194.35,193.2,179.15
765.84,194.78,193.46,179.39
773.5,198.5,191.38,177.46
780.49,199.83,191.46,177.53
790.22,200.1,191.53,177.6
794.62,200.18,190.67,176.8
800.42,202.47,190,176.18
802.91,202.89,191.32,177.41
804.47,203.05,192.53,178.53
804.14,201.96,193.42,179.35
800.5,200.57,193.87,179.77
802.29,201.88,192.76,178.74
801.71,206.94,193.75,179.66
799.88,206.58,194.76,180.6
797.88,205.49,195.66,181.43
800.37,203.04,193.69,179.6
790.98,206.2,194.68,180.53
788.89,204.17,194.42,180.28
782.55,203.5,194.21,180.08
784.42,214.44,194.77,180.6
781.13,213.4,195.77,181.53
772.08,203.05,195.43,181.22
772.93,207.59,194.11,180
772.03,208.84,192.8,178.78
766.48,209.11,193.01,178.97
762.66,213.28,192.24,178.26
758.01,213.52,192.47,178.47
755.69,214.57,192.85,178.82
755.75,215.27,192.72,178.7
759.78,219.6,193.03,178.99
766.91,221.71,193.13,179.08
772.93,224.25,192.45,178.46
787.1,232.42,192.25,178.26
793.5,239.28,192.42,178.43
802.74,240.37,192.45,178.45
808.03,243.41,192.75,178.73
808.49,240.71,194.7,180.54
815.43,237.34,195,180.82
817.84,243.29,195.85,181.6
789.06,211.69,197.56,183.19
812.07,222.49,197.96,183.56
780.68,287.79,198.03,183.63
792.43,276.16,197.94,183.55
781.68,273.4,198.91,184.45
790.47,216.6,199.47,184.97
780.08,323.57,200.36,185.79
814.43,275.35,198.8,184.34
829.96,277.08,197.94,183.54
826.77,278.62,197.76,183.38
771.61,319.95,200.15,185.59
772.53,316.35,201.05,186.42
799.23,267.84,199.95,185.41
842.91,210.6,200.3,185.74
824.75,207.13,199.61,185.09
803.56,211.98,199.48,184.97
783.62,211.68,199.52,185.01
759.49,210.19,200.49,185.91
736.24,212.08,201.83,187.15
722.8,211.98,201.16,186.53
709.86,214.48,202.21,187.5
701.53,215,202.89,188.13
691.42,214.84,203.29,188.51
679.85,215.75,203.34,188.55
668.13,214.75,203.73,188.91
655.9,213.4,201.96,187.27
638.84,215.88,201.98,187.29
623.26,214.99,200.9,186.29
600.27,214.17,201.49,186.83
579.92,212.4,201.47,186.82
568.61,207.58,199.3,184.8
550.78,210.35,197.97,183.57
536.44,210.38,196.85,182.53
510.91,211.5,196.44,182.15
503.23,209.99,195.52,181.3
496.92,210,194.31,180.18
490.13,207.83,193.6,179.52
486.47,205.56,192.67,178.66
477.04,204.75,191.36,177.44
463.41,206.03,191.71,177.77
452.91,206.29,191.33,177.42
446.93,207.08,190.65,176.78
434.93,207.28,190.71,176.84
430.03,206.1,191.4,177.48
422.06,206.6,190.59,176.73
419.11,205.51,190.96,177.07
417.63,206.51,190.71,176.84
415.7,207.07,190.23,176.39
411.24,208.37,187.8,174.14
409.84,210.14,185.92,172.4
404.2,211.86,186.26,172.72
401.87,211.78,186.16,172.62
398.87,211.94,185.55,172.05
396.91,213.02,186.01,172.48
394.04,210.86,184.96,171.51
386.06,210.62,184.62,171.19
379.33,209.99,184.36,170.95
375.64,208.04,184.51,171.09
364.29,206.33,184.39,170.98
356.06,205.81,183.98,170.6
348.23,206.77,183.74,170.38
341.96,208.78,184.09,170.71
334.26,209.33,184.86,171.41
326.73,209.67,184.65,171.22
319.41,209.36,184.29,170.89
316.7,211.37,185.09,171.63
307.35,209.46,184.9,171.45
299.88,208.57,185.98,172.45
288.8,207.16,186.49,172.93
279.73,207.73,187.86,174.2
267.51,207.32,189.31,175.55
258.18,208.44,190.13,176.3
246.44,205.96,190.91,177.03
238.62,205.8,191.98,178.02
230.52,204.04,193.2,179.15
223.91,203.63,193.86,179.76
218.67,204.35,194.46,180.32
211.73,202.42,194.93,180.75
209.09,203.32,194.92,180.74
206.1,203.67,194.44,180.3
201.32,202.75,194.06,179.95
197.91,203.4,193.06,179.02
194.87,202.29,191.73,177.78
193.78,201.06,190.7,176.83
191.64,201.89,189.19,175.44
186.54,201.05,187.58,173.93
180.76,201.01,187.02,173.41
174.89,201.95,186.49,172.92
165.82,199.8,185.89,172.37
155.75,198.33,185.26,171.79
147.79,196.86,185.25,171.77
139.03,195.28,185.23,171.75
130.74,193.94,185.19,171.72
123.88,192.83,186.01,172.49
118.43,192.11,185.27,171.79
114.67,192.92,185.43,171.94
111.81,193.61,184.49,171.07
110.73,192.82,183.1,169.78
110.19,192.43,182.28,169.02
109.32,191.11,181.68,168.47
110.44,191.46,179.53,166.47
112.41,192,179.21,166.17
117.74,189.82,177.32,164.43
120.78,190.85,176.29,163.47
123.79,188.56,175.05,162.32
128.32,187.95,174.43,161.74
134.5,188.57,172.56,160.01
139.27,189.49,171.39,158.92
144.83,189.7,170.42,158.02
150.69,188.51,169.48,157.15
155.79,188.72,169.39,157.07
162.95,187.18,168.83,156.55
172.06,186.82,168.76,156.49
180.97,186.07,168.3,156.06
187.67,185.27,168.04,155.82
190.08,183.5,168.56,156.3
193.83,182.92,169.03,156.74
195.44,180.2,168.04,155.82
195.74,178.67,167.37,155.2
199.38,178.3,166.17,154.08
205.94,178.92,165.63,153.58
213.66,175.97,165.47,153.44
220.9,172.15,165.13,153.12
226.91,168.88,164.35,152.4
229.46,166.86,164.36,152.41
228.17,165.42,163.86,151.95
226.56,164.5,162.45,150.64
227.16,166.38,161.19,149.47
237.73,166.48,160,148.37
251.05,166.57,159.24,147.66
261.53,165.19,158.2,146.69
272.83,169.04,156.09,144.74
285.28,173.84,153.91,142.72
295.23,176.28,152.58,141.49
305.36,176.76,151.53,140.51
316.04,178.13,150.62,139.67
323.49,179.12,149.49,138.61
331.12,180.78,149.34,138.48
335.22,182,149.6,138.72
338.42,181.41,149.57,138.69
341.44,182.13,149.19,138.34
341.24,181.55,149.78,138.88
340.29,178.51,150.39,139.45
337.92,176.41,151.33,140.33
336.74,175.92,152.03,140.97
335.25,174.45,152.01,140.95
333.93,172.8,149.86,138.96
331.96,171.39,148.44,137.64
330.47,170.68,147.12,136.42
329.34,171.24,145.62,135.03
329.75,171.91,144.81,134.28
335.87,173.19,144.1,133.62
344.89,176.1,143.45,133.02
353.49,177.92,142.81,132.42
359.26,178.61,141.94,131.62
362.55,178.33,141.89,131.57
366.16,178.79,141.21,130.94
368.39,179.01,139.86,129.69
369.37,178.37,139.44,129.3
368.27,177.45,139.06,128.95
364.8,176.25,138.14,128.09
362.01,176.45,136.48,126.56
357.28,175.06,136.23,126.32
353.26,174.51,136.85,126.9
351.39,173.07,137.94,127.9
348.86,172.6,138.82,128.72
345.23,173.02,140.47,130.25
338.47,174.01,141.53,131.24
332.24,174.08,141.76,131.45
329.59,173.39,142.49,132.13
328.34,173.63,142.76,132.37
328.01,174.4,141.83,131.52
329.24,175.46,140.55,130.33
331.06,176.05,137.83,127.81
331.05,176.65,137.38,127.39
333.18,177.64,136.04,126.15
334.73,178.53,134.84,125.03
337.52,179.72,133.43,123.73
339.27,180,132.08,122.47
339.99,180.29,130.72,121.21
337.4,178.46,131.17,121.63
335.88,180.07,130.48,120.99
333.24,181.02,129.65,120.22
330.2,180.88,128.78,119.41
329.41,179.8,128.04,118.73
327.57,179.9,127.4,118.14
327.22,180.72,126.35,117.16
326.25,182.25,125.52,116.39
324.77,182.07,125.2,116.09
322.13,182.04,124.49,115.43
320.04,182.19,124.07,115.05
320.28,182.77,123.66,114.67
321.28,183.02,123.06,114.11
320.44,183.12,122.73,113.81
321.57,183.59,121.9,113.03
322.8,181.69,121.15,112.34
325.55,181.56,120.37,111.62
332.38,178.83,120.22,111.48
339.83,176.24,119.45,110.76
344.4,176.94,118.97,110.31
350.46,176.27,118.21,109.61
355.23,178.14,117.85,109.28
358.42,178.96,117.66,109.1
360.91,177.15,115.83,107.4
363.31,179.33,114.18,105.88
364.33,181.82,113.16,104.93
369.33,179.22,111.99,103.85
373.11,176.66,111.09,103.01
373.1,176.78,110.22,102.2
413.62,184.5,109.28,101.33
414.68,186.2,108.43,100.55
414.74,182.8,107.55,99.727
414.36,184.1,106.75,98.987
414.8,184.72,105.89,98.19
467.54,175.8,104.79,97.171
445.43,158.16,104.01,96.442
416.04,184.25,102.88,95.394
418.03,183.32,101.38,94.01
454.06,148.98,101.54,94.159
450.52,162.29,99.997,92.724
476.95,162.76,98.558,91.39
478.73,162.5,97.366,90.285
484.85,168.34,95.792,88.826
486.53,164.18,94.734,87.844
492.3,164.85,93.755,86.937
497.68,164.18,92.402,85.682
507.8,152.1,90.921,84.308
512.93,156.01,90.021,83.474
543.61,161.93,88.891,82.426
556.48,167.27,88.611,82.167
556.1,166.05,88.01,81.609
561.35,117.33,88.656,82.208
556.3,116.93,88.62,82.175
560.71,86.314,89.073,82.595
575.27,90.529,89.29,82.796
582.94,92.02,89.516,83.006
587.52,90.484,89.379,82.879
591.19,88.929,89.349,82.851
591.28,82.885,90.616,84.026
592.38,72.861,91.174,84.543
592.32,73.975,92.215,85.508
593.43,65.813,93.442,86.646
598.73,63.177,94.6,87.72
595.59,58.726,95.028,88.117
599.09,58.341,96.247,89.247
598.39,55.21,96.985,89.931
610.65,42.186,97.285,90.21
625.19,41.713,98.402,91.245
596.59,38.182,98.578,91.408
654.02,54.665,99.546,92.307
655.66,64.766,99.97,92.7
649.71,71.175,100.42,93.116
637.93,71.172,100.37,93.068
632.6,69.152,100.14,92.855
624.16,69.055,99.788,92.531
625.04,66.438,99.577,92.335
626.33,64.276,99.694,92.443
628.67,64.291,99.774,92.517
631.01,66.066,100.31,93.014
631.3,66.354,100.79,93.463
632.35,62.92,100.91,93.57
639.78,54.891,101.58,94.195
657.52,46.341,101.85,94.442
691.39,41.696,101.44,94.059
710.68,45.172,101.73,94.328
728.09,52.407,102.52,95.063
740.98,58.488,103.19,95.687
750.73,65.617,103.99,96.424
756.49,72.938,104.91,97.277
763.98,80.637,104.52,96.918
774.97,86.148,104.9,97.267
786.54,87.555,104.65,97.037
797.9,88.098,107,99.216
806.41,88.923,108.63,100.73
815.32,89.085,108.57,100.67
824.89,88.775,109.43,101.47
838.25,84.339,110.69,102.64
849.84,81.293,112.48,104.3
857.18,81.334,113.22,104.98
860.8,81.81,115.36,106.97
871.02,78.177,114.92,106.57
880.3,71.848,114.39,106.07
887.88,69.261,116.21,107.76
886.75,66.774,117.2,108.68
873.63,64.475,117.24,108.71
856.07,63.774,117.22,108.69
842.97,65.89,116.15,107.7
836.21,66.21,115.33,106.94
835.51,64.967,114.84,106.49
834.46,61.198,114.74,106.4
833.33,56.677,113.7,105.43
834.35,53.17,114.23,105.93
834.54,49.936,114.47,106.15
834.49,48.379,114.87,106.52
833.41,47.137,114.22,105.91
831.66,46.698,114.6,106.27
831.03,46.82,114.75,106.4
830.57,46.283,115.01,106.65
828.96,47.878,114.98,106.62
819.76,50.241,115.49,107.09
806.49,51.732,113.69,105.42
786.13,56.485,111.92,103.78
764.26,59.667,110.14,102.13
739.58,61.109,107.79,99.953
723.26,60.15,105.78,98.085
710.76,58.044,104.56,96.96
704.37,56.943,104.11,96.541
697.72,55.845,102.91,95.43
688.77,57.099,101.86,94.454
677.84,58.931,101.19,93.828
666.67,60.188,99.544,92.304
655.12,60.91,99.493,92.257
646.1,60.045,97.746,90.637
638.34,58.8,97.818,90.704
634.33,57.626,97.1,90.039
634.21,57.839,95.363,88.428
635.2,58.699,94.448,87.579
635.04,58.33,93.839,87.014
636.3,58.19,92.741,85.996
637.24,57.916,92.781,86.033
637.62,57.88,92.775,86.027
638.78,57.946,91.777,85.103
640.47,57.87,91.593,84.932
643.74,58.288,91.597,84.936
646.73,59.32,91.225,84.591
648.02,62.063,90.897,84.286
647.56,64.667,90.099,83.547
647.5,67.32,89.863,83.328
648.42,69.024,89.319,82.823
647.56,68.482,91.045,84.424
647.55,67.782,91.493,84.839
647.61,66.105,93.014,86.249
647.41,64.041,93.757,86.938
647.92,63.667,93.846,87.021
648.96,63.093,94.134,87.288
651.26,63.795,93.991,87.156
652.51,63.723,94.324,87.464
655,62.289,94.739,87.849
657.56,60.282,97.694,90.589
660.1,58.115,98.73,91.549
660.75,56.893,99.12,91.912
661.86,55.764,101.03,93.682
662.67,55.44,101.7,94.301
665.88,56.968,99.835,92.575
670.59,58.617,98.808,91.622
676.53,58.27,99.205,91.99
682.68,57.706,100.97,93.627
692.82,59.237,101.2,93.844
702.45,61.904,100.34,93.041
714.07,65.857,99.937,92.669
729.93,69.133,99.45,92.217
746.75,71.227,100.56,93.25
766.4,71.503,103.18,95.678
781.14,69.668,106.23,98.505
792.23,71.419,105.44,97.776
800.65,76.956,105.77,98.081
803.59,83.652,105.86,98.165
804.24,87.885,107.57,99.743
804.4,90.074,108.09,100.23
803.79,96.726,107.07,99.283
800.62,101.98,107.52,99.704
798.13,105.18,108.18,100.31
794.39,108.25,106.08,98.365
787.51,107.34,108.35,100.47
786.11,106.04,108.06,100.2
791.27,101.65,110.38,102.35
802.87,99.143,111.72,103.6
814.76,96.98,113.17,104.93
818.13,93.347,115.94,107.5
817.66,89.414,117.09,108.57
816.61,85.822,116.6,108.12
815.4,86.029,116.6,108.12
815.41,90.434,114.38,106.06
815.84,96.059,113.2,104.97
816.92,101.29,111.59,103.47
817.59,102.54,111.6,103.49
816.26,100.92,113.68,105.41
813.83,97.258,114.08,105.78
812.55,95.029,113.1,104.87
814.33,94.355,113.15,104.93
821.84,99.871,114.76,106.41
829.52,111.56,114.89,106.53
834.51,121.38,115.99,107.56
842.35,131.65,115.11,106.74
849.81,137.33,113.45,105.2
852.05,137.38,111.83,103.7
851.15,135.62,112.08,103.93
841.66,134.51,111.19,103.1
831.91,133.57,111.45,103.34
826.67,132.88,112.63,104.44
824.5,130.81,114.03,105.74
826.59,127.01,115.59,107.19
832.49,123.64,115.51,107.11
836.01,121.86,116.76,108.27
840.03,123.53,113.74,105.47
841.77,124.65,113.6,105.34
840.07,126.93,112.65,104.46
831.68,128.55,112.3,104.13
825.5,128.73,112.52,104.34
820.24,126.28,113.11,104.88
820.88,121.87,115.01,106.64
827.1,115.04,117.26,108.73
838.72,108.1,120.34,111.59
852.16,102.49,123.29,114.32
862.3,101.09,123.86,114.86
867.17,102.85,119.66,110.96
869.29,103.89,118.21,109.61
872.36,106.11,116.41,107.94
884.23,109.82,117.91,109.33
901.38,110.79,119.9,111.18
885.23,110.61,118.29,109.69
874.52,135.47,111.93,103.79
895.43,134.98,109.9,101.91
929.31,132.73,110.93,102.87
903.52,149.28,110.67,102.62
877.23,119.98,107.7,99.87
879.94,120.82,107.1,99.315
901.38,148.84,105.98,98.277
888.84,123.36,103.89,96.33
882.21,102.5,105.29,97.631
884.16,99.104,103.78,96.228
883.55,99.85,103.8,96.247
882.56,97.592,105.45,97.781
885.5,97.202,104.56,96.958
829.82,70.009,104.79,97.171
838.19,93.162,104.61,97.005
860.45,65.131,105.17,97.522
865.03,65.751,106.71,98.95
867.41,64.72,108.02,100.16
867.59,55.374,110.69,102.64
859.89,44.227,112.43,104.25
850.71,-9.5591,114.93,106.57
848.5,-14.106,118.81,110.17
851.42,-18.524,120.33,111.58
852.71,-18.278,120.12,111.39
851.32,11.142,122.46,113.55
857.57,17.121,126.55,117.34
856.73,-14.792,127.28,118.02
864.44,-17.826,127.37,118.11
864.95,-16.312,127.5,118.23
868.38,-18.804,127.8,118.51
871.99,-18.972,127.52,118.25
865.78,-20.242,128.35,119.01
863.19,-18.92,129.14,119.75
850.42,-17.982,128.54,119.19
843.45,-19.287,128.77,119.4
830.59,-19.278,130.5,121.01
823.18,-20.296,131.85,122.26
820.5,-20.007,132.22,122.6
819.36,-21.535,132.45,122.82
819.07,-21.049,133.01,123.34
822.29,-21.1,132.12,122.52
831.36,-21.135,129.97,120.52
840.58,-25.729,132.36,122.74
848.36,-27.619,129.29,119.89
850.67,-21.539,125.37,116.25
848.14,-19.943,127.65,118.37
843.89,-20.322,132.09,122.48
832.59,-19.955,136.39,126.47
823.82,-20.198,140.67,130.44
816.77,-21.508,142.32,131.97
815.94,-22.457,142.44,132.08
817.54,-22.416,139.52,129.38
811.23,-23.028,135.37,125.53
799.57,-27.459,136.16,126.25
791.59,-26.375,133.29,123.6
788.06,-27.253,133.29,123.6
781.9,-27.053,135.16,125.33
772.44,-27.131,138.77,128.68
759.81,-27.861,140.29,130.08
743.78,-34.792,141.91,131.59
733.2,-43.827,140.89,130.64
723.35,-49.779,137.75,127.73
696.2,-27.357,137.61,127.61
676.32,-28.734,140.97,130.72
642.47,-16.368,137.95,127.92
655.62,-21.357,143.48,133.04
643.16,-22.467,143.36,132.94
686.55,-53.014,142.04,131.71
639.68,-24.024,137.17,127.2
635.4,-22.579,132.84,123.18
636.48,-21.666,130.91,121.39
630.21,-26.577,135.45,125.6
613.89,-21.03,128.97,119.59
615.13,-26.3,135.42,125.57
551.47,-20.972,132.33,122.71
562.45,30.572,133.98,124.24
561.72,21.187,133.06,123.38
560.54,26.136,132.16,122.55
561.14,30.837,131.42,121.87
561.31,23.963,130.38,120.9
563.15,31.72,131.16,121.62
569.4,31.024,129.72,120.29
575.07,30.686,131.56,121.99
573.97,36.06,131.64,122.07
573.43,45.323,132.96,123.29
572.63,38.078,133.89,124.16
569.94,45.325,134.81,125.01
565.18,40.873,134.96,125.14
554.95,42.938,134.11,124.36
555.58,50.442,135.55,125.69
552.93,46.901,136.7,126.76
551.09,47.937,138.24,128.19
549.77,48.182,138.29,128.23
549.79,48.114,138.4,128.34
550.03,48.099,136.65,126.71
551.77,51.946,135.16,125.33
552.07,51.18,133.13,123.45
552.61,51.078,131.8,122.22
553.82,52.392,131.45,121.89
554.16,50.139,132.46,122.83
553.7,50.715,134.52,124.73
551.83,49.845,135.31,125.47
552.01,50.362,136.83,126.88
551.21,51.443,137.6,127.59
547.7,51.634,139.83,129.66
541.47,55.701,140.47,130.25
538.9,55.974,138.96,128.86
536.97,57.548,139.65,129.5
536.53,60.308,137.49,127.49
537.15,57.212,135.96,126.07
536.32,58.338,136.56,126.63
535.75,61.194,134.39,124.61
535.67,61.22,133.58,123.87
535.09,60.436,134.65,124.85
534.99,63.886,135.11,125.29
536.03,63.12,133.43,123.72
541.07,59.143,134.9,125.09
541.5,62.541,132.84,123.18
545.36,65.273,133.19,123.5
547.7,72.582,131.54,121.97
547.87,69.58,132.03,122.43
548.4,76.009,131.46,121.9
549.23,71.071,132.88,123.21
549.03,71.292,133.62,123.9
546.04,71.873,134.67,124.87
543.48,71.603,135.26,125.42
537.69,71.496,135.46,125.6
537.51,70.143,136.43,126.51
532.96,70.334,135.98,126.09
532.76,72.439,136.12,126.22
532.46,73.511,135.35,125.51
532.2,74.235,134.47,124.69
530.39,74.472,133.72,123.99
529.53,74.529,133.83,124.1
527.98,74.498,133.85,124.12
528.43,76.912,133.66,123.94
528.41,73.835,134.37,124.6
528.13,76.113,133.55,123.83
528.68,78.329,131.62,122.04
532.17,79.935,129.58,120.16
537.01,79.931,130.22,120.75
548.84,67.578,132.52,122.88
546.4,87.369,132.6,122.96
549.52,88.175,129.83,120.39
554.34,85.312,129.57,120.15
560.56,77.384,131.85,122.26
566.47,91.175,131.82,122.24
573.23,94.868,132.19,122.58
581.24,92.735,134.42,124.64
588.76,86.666,137.74,127.72
590.06,82.895,136.65,126.71
594.09,85.309,134.81,125
599.09,83.337,134.72,124.92
600.94,80.736,134.94,125.12
601.99,81.632,134.84,125.03
603.58,82.25,134.41,124.64
606.16,82.557,131.55,121.99
609.54,83.669,130.72,121.22
612.15,85.133,130.87,121.35
614.55,88.166,131.04,121.51
615.78,86.399,132.39,122.76
615.79,86.489,133.62,123.9
616.8,87.609,134.02,124.27
617.86,89.899,134.05,124.3
618.34,90.239,133.75,124.02
619.36,88.528,132.95,123.28
624.86,90.137,132.77,123.11
629,91.066,132.79,123.13
629.8,86.954,131.87,122.28
632.39,87.271,132.44,122.8
634.77,88.351,131.28,121.74
636.01,88.216,130.19,120.72
637.44,88.362,127.7,118.41
642.25,84.398,128.17,118.85
644.77,84.31,127.79,118.49
647.62,83.612,128,118.69
644.56,77.86,125.35,116.23
646.96,80.67,124.39,115.34
651.01,82.921,125.93,116.77
643.08,82.762,126.1,116.92
641.21,79.611,126.81,117.59
637.65,61.952,124.18,115.15
651.03,53.595,123.79,114.78
657.1,49.378,125.86,116.7
656.66,51.876,126.43,117.23
655.68,50.078,128.27,118.94
646.61,48.379,126.35,117.16
633.63,47.265,126.11,116.94
618.84,51.754,122.16,113.27
606.1,56.592,122.43,113.53
604.19,75.787,122.41,113.51
598.81,63.51,121.95,113.08
605.14,65.839,118.75,110.11
619.17,68.688,117.08,108.56
634.77,75.544,117.06,108.55
643,71.144,116.25,107.8
650.65,73.478,117.14,108.62
652.75,75.82,118.03,109.44
653.28,73.294,118.37,109.76
655.07,75.578,117.42,108.88
666.4,58.279,118.93,110.28
679.46,51.405,120.02,111.29
698.1,48.849,122.02,113.14
709.66,43.372,123.45,114.48
710.57,43.912,123.84,114.83
709.23,47.036,126.05,116.88
708.59,57.344,124.54,115.49
710.56,59.181,122.53,113.62
718.06,63.752,121.13,112.32
730.39,62.125,122.24,113.35
742.88,59.986,124.13,115.1
748.12,56.875,124.2,115.17
756.3,59.86,123.36,114.39
767.77,65.554,121.56,112.72
777.8,67.435,121.81,112.95
782.44,67.111,120.9,112.11
785.92,67.522,120.74,111.96
788.14,65.998,119.93,111.2
789.6,62.896,120.23,111.49
790.19,62.358,119.54,110.85
791.85,60.742,117.51,108.96
794.39,62.833,116.72,108.23
792.92,62.885,115.36,106.97
791.3,62.624,114.22,105.92
790.27,61.264,114.19,105.89
790.88,62.757,113.35,105.11
793.3,63.134,111.47,103.36
802.57,65.568,109.87,101.88
811.83,65.834,108.71,100.81
820.26,62.076,108.48,100.59
827.16,64.838,107.77,99.93
832.41,66.211,108.29,100.42
832.44,67.096,108.59,100.7
832.11,68.864,108.63,100.73
828.92,72.43,108.42,100.53
827.93,72.978,108.44,100.55
827.21,75.607,108.57,100.68
827.36,76.381,108.56,100.67
833.66,77.678,107.99,100.14
837.48,77.771,108.41,100.53
837.55,79.598,108.56,100.66
836.61,80.267,109.1,101.16
835.37,80.271,109.21,101.27
836.11,80.745,109.56,101.59
838.69,80.833,109.18,101.24
836.86,79.5,109.64,101.67
829.22,74.565,108.95,101.03
824.56,67.02,109.9,101.91
829.96,77.347,109.45,101.49
817.28,40.417,108.07,100.21
794.56,40.769,107.26,99.462
777.31,46.363,107.67,99.842
777.89,49.053,107.31,99.503
780.02,49.608,108.07,100.21
780.4,45.377,105.73,98.038
782.25,46.819,103.98,96.416
790.04,43.048,104.81,97.191
796.39,43.782,104.53,96.924
802.52,44.705,103.87,96.312
805.98,43.871,105.83,98.132
808.18,44.298,106.69,98.927
815.99,45.816,106.44,98.696
822.44,44.411,106.7,98.935
828.08,41.863,106.14,98.418
834.98,39.612,105.47,97.798
843,36.805,105.81,98.116
850.91,34.427,105.37,97.707
855.67,31.482,104.18,96.601
862.56,34.783,103.75,96.201
868.92,33.679,103.08,95.58
876.39,33.203,102.29,94.85
883.49,33.783,101.53,94.144
889.44,34.041,99.833,92.572
895.98,32.704,98.883,91.691
904.18,32.033,98.395,91.239
914.07,31.64,96.198,89.202
927.73,30.749,96.734,89.699
931.8,31.873,97.623,90.523
903.25,-7.6184,96.089,89.101
902.97,-7.2734,95.563,88.613
930.64,32.091,96.586,89.561
928.74,31.897,98.312,91.162
928.2,30.775,99.771,92.515
929.3,28.845,100.51,93.196
929.26,27.645,101.28,93.917
929.52,27.964,102.31,94.87
928.69,26.371,102.51,95.058
929.29,26.367,102.14,94.709
929.26,26.38,102.76,95.284
928.98,25.487,103.12,95.623
928.78,24.974,104.92,97.285
928.94,23.154,105.21,97.556
928.69,22.079,106.66,98.907
927.68,21.113,106.48,98.732
926.46,20.739,106.1,98.383
926.41,20.307,105.37,97.707
925.92,19.169,104.81,97.189
