325,113,24,57
322.82,113.55,23.762,56.436
318.89,114.72,23.762,56.436
317.82,115.78,23.064,54.776
313.17,116.44,22.609,53.697
309.35,117.14,22.385,53.165
303.02,116.89,22.609,53.697
299.81,117.49,21.944,52.117
296.18,118.54,21.944,52.117
290.91,120.48,21.727,51.601
308.36,120.1,22.164,52.639
334.64,118.68,21.727,51.601
370.3,118.36,21.944,52.117
395.54,118.39,22.385,53.165
399.94,118.35,21.944,52.117
395.83,119.24,21.299,50.585
391.96,120.43,21.088,50.084
389.24,121.82,20.468,48.611
384.73,121.7,20.468,48.611
380.8,121.59,20.672,49.097
375.38,122.15,20.672,49.097
370.65,122.16,20.672,49.097
366.43,122.22,20.265,48.13
361.25,122.76,19.866,47.181
357.78,123.9,19.474,46.252
352.3,124.41,19.282,45.794
348.04,126.15,18.902,44.891
341.32,124.98,19.282,45.794
336.93,127.56,19.091,45.34
331.8,128.02,18.902,44.891
327.46,128.04,18.529,44.007
324.47,127.41,18.902,44.891
319.68,127.74,19.474,46.252
315.45,142.76,19.866,47.181
309.01,127.61,20.265,48.13
302.89,127.32,20.879,49.588
296.02,127.46,21.088,50.084
290.43,125.47,20.468,48.611
289.83,125,21.088,50.084
290.33,125.5,20.468,48.611
290.86,126.76,19.866,47.181
290.9,126.82,19.866,47.181
290.94,126.71,19.866,47.181
293.51,129.74,19.474,46.252
293.5,129.68,19.091,45.34
293.55,129.6,19.091,45.34
293.86,129.7,18.902,44.891
293.95,129.88,18.902,44.891
293.95,129.6,18.902,44.891
294.08,129.39,18.902,44.891
293.65,128.8,19.282,45.794
293.75,128.27,19.866,47.181
293.73,128.03,19.866,47.181
293.86,128.1,19.866,47.181
294.2,128.21,19.282,45.794
293.95,127.86,19.866,47.181
294.24,128.37,19.282,45.794
294.22,128.5,19.866,47.181
295.01,129.13,19.282,45.794
295.05,129.07,19.282,45.794
295.14,128.85,19.282,45.794
295.09,128.64,19.282,45.794
295.37,128.54,19.282,45.794
295.91,128.82,19.474,46.252
295.79,128.8,19.282,45.794
296.11,129.13,18.714,44.447
295.94,128.58,19.282,45.794
296.29,128.97,18.714,44.447
296.09,128.3,19.282,45.794
296.01,127.97,19.282,45.794
295.94,127.48,19.866,47.181
296.41,128.02,19.282,45.794
296.65,127.69,19.866,47.181
287.42,134.72,19.282,45.794
288.24,144.98,19.091,45.34
294.5,139.17,18.714,44.447
298.73,122.47,19.282,45.794
326.34,115.82,19.474,46.252
326.23,116.05,18.902,44.891
325.93,111.53,19.474,46.252
324.96,116.83,19.282,45.794
326.14,114.61,18.714,44.447
326.58,120.26,18.529,44.007
326.73,120.26,18.346,43.571
326.56,111.3,18.529,44.007
326.68,109.86,18.529,44.007
326.72,111.23,18.902,44.891
326.56,112.53,18.529,44.007
325.47,118.42,17.984,42.713
326.18,111.16,17.455,41.456
324.49,118.78,17.984,42.713
323.66,118.89,17.984,42.713
324.4,117.33,17.63,41.871
324.21,118.08,17.282,41.046
323.56,117.02,17.806,42.29
