318,190,25,56
317.77,189.34,25.758,57.697
317.68,189.59,25.758,57.697
317.07,190.27,25.25,56.56
317.07,190.91,24.752,55.446
317.62,191.65,24.265,54.353
316.78,191.27,24.507,54.897
317.36,192.99,24.265,54.353
317.76,193.84,23.787,53.282
317.17,193.21,24.265,54.353
317.18,194.27,23.551,52.755
315.9,194.36,24.265,54.353
315.72,194.29,24.265,54.353
315.57,194.77,23.787,53.282
314.87,196.02,23.318,52.232
315.26,197.04,23.087,51.715
314.77,195.98,23.787,53.282
314.13,195.79,24.265,54.353
313.77,196.89,23.787,53.282
313.57,198.24,23.087,51.715
313.53,198.04,23.551,52.755
312.95,197.12,24.265,54.353
313.36,199.15,23.551,52.755
313.45,198.92,24.265,54.353
312.96,198.29,25,56
312.31,198.26,25.503,57.126
311.83,198.83,25.25,56.56
311.99,199.66,25,56
311.54,199.41,25,56
310.4,200.45,24.752,55.446
310.05,201.52,24.752,55.446
309.16,201.07,25.503,57.126
308.03,200.46,26.015,58.274
306.6,202.12,25.25,56.56
305.61,202.73,25.503,57.126
305.19,202.52,25.758,57.697
304.83,203.27,25,56
303.25,203.79,25.503,57.126
302.54,203.75,26.015,58.274
302.07,203.31,26.275,58.857
301.79,204.05,26.015,58.274
301.09,204.58,26.275,58.857
300.37,203.99,27.071,60.64
300.57,205,26.538,59.445
300.11,205.97,26.275,58.857
300.46,206.74,26.015,58.274
300.14,206.22,26.275,58.857
299.74,205.71,26.803,60.04
299.31,207.12,27.616,61.859
298.97,206.88,28.452,63.733
298.42,206.52,28.452,63.733
297.99,206.71,28.452,63.733
297.36,208.09,27.892,62.477
298.13,209.32,27.342,61.246
297.46,208.43,27.892,62.477
297.39,210.04,27.342,61.246
297.29,210.59,27.616,61.859
296.84,210.05,28.452,63.733
297.03,210.51,27.616,61.859
296.92,211.64,27.342,61.246
297.44,213.38,26.538,59.445
297.59,212.87,27.342,61.246
297.83,212.68,27.616,61.859
297.39,212.48,28.171,63.102
297.44,212.83,28.737,64.371
298.3,213.23,28.171,63.102
299.47,213.58,27.892,62.477
300.05,214.19,28.737,64.371
301.75,214.22,29.608,66.321
301.79,213.78,29.314,65.664
302.32,214.43,28.737,64.371
302.51,216.13,28.171,63.102
302.44,216.64,28.171,63.102
302.5,216.55,28.171,63.102
302.94,218.64,27.342,61.246
301.7,218.92,27.892,62.477
300.99,218.96,28.452,63.733
299.64,218.64,29.024,65.014
299.07,219.56,29.608,66.321
298.36,220.18,29.608,66.321
297.99,220.25,29.608,66.321
297.55,220.6,29.608,66.321
297.31,222.49,28.737,64.371
297.3,222.75,28.737,64.371
296.86,222.59,28.737,64.371
296.97,224.23,28.171,63.102
296.95,225.48,27.892,62.477
296.61,224.43,28.737,64.371
296.57,224.72,28.737,64.371
296.42,226.6,29.024,65.014
297.07,226.66,29.608,66.321
297.23,226.44,29.608,66.321
297.63,228.07,29.608,66.321
297.49,228.74,29.608,66.321
297.76,226.44,29.904,66.984
297.74,223.64,29.314,65.664
298.18,222.54,29.904,66.984
298.75,195.78,29.024,65.014
298.2,150.24,29.608,66.321
297.58,108.01,29.904,66.984
297.46,105.41,29.314,65.664
297.83,104.93,29.904,66.984
297.83,105.96,29.904,66.984
297.24,106.49,30.505,68.331
298.2,107.17,30.505,68.331
298.33,107.33,30.505,68.331
299.05,107.87,30.505,68.331
299.55,109.52,30.505,68.331
299.82,109.58,30.505,68.331
300.32,110.02,30.505,68.331
300.49,112.2,30.505,68.331
301.13,111.92,31.429,70.401
301.01,112.42,31.429,70.401
300.79,113.53,31.429,70.401
300.28,115.49,30.505,68.331
300.32,115.19,31.429,70.401
299.6,116.04,32.061,71.816
299.81,117.31,31.743,71.105
299.73,116.87,32.381,72.534
299.5,117.73,32.381,72.534
299.29,119.32,32.381,72.534
298.7,119.3,33.363,74.732
298.12,118.49,34.033,76.234
297.39,120.39,33.696,75.48
297.02,120.8,34.717,77.767
296.86,120.54,35.064,78.544
296.48,122.44,34.717,77.767
296.32,124.06,34.033,76.234
295.71,123.83,34.717,77.767
295.71,124.84,34.374,76.997
295.37,125.97,34.033,76.234
294.7,126.95,34.717,77.767
295.06,127.88,34.374,76.997
294.43,127.73,34.717,77.767
294.41,130.22,34.033,76.234
294.8,132.3,33.363,74.732
293.77,130.84,34.374,76.997
293.8,131.87,34.374,76.997
294.52,134.92,33.363,74.732
295.36,136.2,33.032,73.992
295.31,136.53,33.032,73.992
294.58,136.72,33.696,75.48
293.83,136.84,34.717,77.767
293.63,137.17,35.769,80.123
293,136.66,36.488,81.734
293.27,139.11,35.415,79.33
293.04,141.84,34.374,76.997
293.01,141.68,35.415,79.33
291.57,141.29,36.488,81.734
290.76,143.01,36.488,81.734
290.04,145.22,35.415,79.33
288.73,144.14,36.488,81.734
287.63,144.86,36.853,82.551
286.87,148.05,35.769,80.123
286.35,148.49,36.127,80.924
285.22,147.77,36.853,82.551
284.57,149.91,36.127,80.924
282.96,152.64,35.064,78.544
281.6,152.75,36.127,80.924
280.87,151.97,37.222,83.376
280.52,154.67,36.488,81.734
280.02,156.11,37.222,83.376
279.98,155.4,38.349,85.903
279.17,154.55,39.511,88.506
279.21,158.02,38.349,85.903
278.87,159.29,38.349,85.903
277.73,158.5,39.511,88.506
277.03,158.76,39.907,89.391
276.4,162.01,39.511,88.506
275.63,162.82,39.907,89.391
274.08,162.32,41.116,92.099
273.54,164.57,39.907,89.391
272.65,167.83,38.733,86.762
271.23,169.27,38.733,86.762
269.74,168.1,39.907,89.391
267.98,169.64,41.116,92.099
267.42,172.87,39.907,89.391
266.75,173.34,39.907,89.391
264.56,172.75,41.116,92.099
262.86,175.9,40.306,90.285
259.59,176.2,41.527,93.02
256.19,175.45,42.785,95.839
255.11,178.39,41.527,93.02
252.3,181.57,41.527,93.02
249.73,182.66,41.116,92.099
247.75,185.53,39.907,89.391
244.68,188.5,39.511,88.506
241.64,188.44,40.306,90.285
237.79,188.28,40.709,91.188
232.32,188.76,41.942,93.951
228.45,192.5,41.116,92.099
223.95,192.59,41.527,93.02
217.35,191.63,42.785,95.839
210.67,193.58,43.213,96.797
238.79,195.74,41.942,93.951
265.93,196.2,41.527,93.02
287.12,195.97,42.362,94.89
279.59,198.33,43.213,96.797
270.28,199.74,44.082,98.743
260.57,199.47,44.968,100.73
252.68,199.18,46.33,103.78
242.89,201.12,46.33,103.78
235.23,203.14,45.417,101.74
226.07,202.37,45.872,102.75
217.7,203.09,46.33,103.78
208.51,208.12,44.968,100.73
234.63,205.79,46.33,103.78
260.62,206.21,46.33,103.78
285.52,210.3,44.968,100.73
309.65,210,44.968,100.73
334.81,208.32,46.33,103.78
359.46,206.84,46.794,104.82
384.15,210.12,45.872,102.75
408.06,211.57,45.417,101.74
406.9,210.95,46.794,104.82
397.37,210.91,46.794,104.82
387.41,213.17,45.872,102.75
374.35,212.27,47.262,105.87
362.73,211.09,48.694,109.07
352.63,211.29,48.694,109.07
341.73,213.65,47.734,106.92
329.28,217.27,46.794,104.82
319.49,216.32,45.872,102.75
305.26,217.43,45.872,102.75
299.63,219.07,47.262,105.87
281.96,220.21,45.872,102.75
273.11,218.29,45.417,101.74
260.54,220.35,44.082,98.743
248.28,222.05,44.082,98.743
234.95,222.93,44.082,98.743
222.87,223.36,43.645,97.765
214.24,226.08,43.213,96.797
203.15,227.16,41.942,93.951
191.67,228.83,41.116,92.099
178.45,227.62,40.709,91.188
166.86,229.12,40.709,91.188
178.28,229.86,40.306,90.285
202.4,226.07,39.907,89.391
226.49,224.49,41.116,92.099
250.06,223.63,41.527,93.02
273.82,221.58,40.306,90.285
291.52,220.97,40.306,90.285
317.61,221.36,39.12,87.629
340.76,220.86,39.511,88.506
367.83,218.64,40.306,90.285
378.01,214.39,39.511,88.506
377.08,211.39,38.349,85.903
428.9,218.42,38.349,85.903
420.16,214.5,37.97,85.052
415.22,213.03,36.853,82.551
406.1,214.56,36.853,82.551
395.67,211.98,37.97,85.052
387.7,210.72,37.222,83.376
380.07,208.64,37.97,85.052
372.99,207.69,37.222,83.376
365.25,206.04,36.853,82.551
358.13,200.19,37.594,84.21
349.76,199.21,38.733,86.762
340.98,197.72,39.12,87.629
331.23,197.26,39.511,88.506
326.68,195.05,40.709,91.188
338.18,197.17,39.511,88.506
369.62,194.57,39.907,89.391
402.75,188.93,41.116,92.099
432.11,190.58,39.907,89.391
461.29,189.88,39.511,88.506
477.2,191.56,38.349,85.903
477.17,190.27,37.222,83.376
472.94,187.31,38.349,85.903
465.43,184.98,39.12,87.629
459.23,182.6,37.97,85.052
451.1,179.97,39.12,87.629
444.72,179.5,38.733,86.762
437.53,177.49,39.511,88.506
431.43,171,40.709,91.188
425.08,173.8,39.907,89.391
419.99,173.22,38.733,86.762
416.13,170.34,37.594,84.21
413.88,171.46,36.488,81.734
406.2,171.24,36.853,82.551
399.6,169.79,37.222,83.376
394.05,167.06,36.127,80.924
388.52,167.69,35.064,78.544
384.55,166.8,34.033,76.234
384.36,167.09,33.032,73.992
382.6,168.16,32.705,73.26
410.59,167.99,33.696,75.48
441.01,169.44,33.363,74.732
473.86,167.92,34.374,76.997
506.09,169.01,34.717,77.767
533.07,168.34,35.415,79.33
534.09,157.96,34.374,76.997
529.84,155.02,35.415,79.33
526.95,155.17,35.769,80.123
521.7,155.13,35.064,78.544
517.1,154.99,34.033,76.234
513.64,151.4,34.717,77.767
509.63,148.99,34.717,77.767
507.94,148.98,33.696,75.48
505.49,147.87,33.696,75.48
499.26,145.77,34.717,77.767
491.27,151.79,33.696,75.48
486.49,150.53,33.696,75.48
482.52,150.31,33.363,74.732
481.33,150.05,32.705,73.26
476.02,139.8,32.061,71.816
472.5,139.57,33.032,73.992
467.15,144.25,32.061,71.816
463.2,142.89,33.032,73.992
462.78,117.67,33.696,75.48
446.31,123.62,33.363,74.732
447.44,124.1,33.696,75.48
