68,336,375,144
40.77,328.53,378.75,145.44
12.974,320.68,367.61,141.16
-7.7665,320.06,360.37,138.38
-5.6292,314.28,349.77,134.31
-10.923,310.19,360.37,138.38
-12.773,306.67,356.8,137.01
-3.0377,306.13,346.31,132.98
1.6465,302.25,342.88,131.66
12.361,298.59,332.79,127.79
19.618,293.73,326.24,125.27
31.6,293.46,316.64,121.59
49.356,290.87,307.33,118.01
63.751,289.95,298.29,114.54
77.18,284.31,292.41,112.29
84.939,281.83,289.52,111.17
104.36,278.96,283.81,108.98
118.66,275.48,278.22,106.84
132.33,275.46,272.74,104.73
124.13,272.26,267.36,102.67
101.83,267.55,267.36,102.67
86.175,268.61,262.1,100.65
64.067,265.26,267.36,102.67
44.194,262.82,275.47,105.78
27.232,260.59,275.47,105.78
37.438,258.56,270.04,103.69
57.729,255.59,262.1,100.65
79.762,253.08,256.93,98.662
105.47,250.52,249.38,95.76
123.98,249.04,246.91,94.812
143.15,248.71,244.46,93.874
136.45,245.91,249.38,95.76
124.88,245.65,244.46,93.874
112.29,243.09,239.65,92.024
104.95,241.68,239.65,92.024
120.37,239.41,234.92,90.211
141.24,236.03,232.6,89.317
161.39,232.75,234.92,90.211
184.74,230.8,230.29,88.433
189.31,224.42,232.6,89.317
175.39,222.13,228.01,87.558
162.1,220.69,225.76,86.691
148.27,219.84,219.12,84.141
130.57,217.5,216.95,83.308
146.93,207.9,219.12,84.141
97.147,205.07,216.95,83.308
81.099,200.64,219.12,84.141
69.771,199.3,212.67,81.667
60.004,196.76,206.42,79.265
41.51,192.85,212.67,81.667
33.829,190.45,208.48,80.057
15.899,186.34,212.67,81.667
2.7415,183.64,212.67,81.667
-6.6794,181.93,206.42,79.265
13.977,200.13,204.37,78.48
45.278,239.47,202.35,77.703
40.633,235.74,202.35,77.703
