233,296,180,185
233.7,298.34,174.71,179.56
236.84,296.57,174.71,179.56
239.67,291.24,180,185
262.51,268.44,176.45,181.35
273.75,260.23,178.22,183.17
289.91,248.57,180,185
296.41,263.89,176.45,181.35
274.07,258.85,181.8,186.85
318.07,278.54,178.22,183.17
313.18,279.62,176.45,181.35
320.2,281.76,174.71,179.56
325.53,291.09,169.57,174.28
331.8,299,166.23,170.84
349.46,284.49,161.34,165.82
344.05,273.27,164.58,169.15
378.52,257.76,162.95,167.48
384.01,256.67,159.74,164.18
410.47,256.49,162.95,167.48
439.88,284.8,158.16,162.55
451.45,295.66,153.51,157.77
460.65,295.46,158.16,162.55
468.16,302.51,153.51,157.77
467.51,301.07,155.04,159.35
468.31,304.33,153.51,157.77
500.44,292,158.16,162.55
511.24,293.25,153.51,157.77
520.75,301.04,158.16,162.55
528.77,302.93,155.04,159.35
528.13,300.39,156.59,160.94
527.75,300.07,158.16,162.55
521.63,298.58,162.95,167.48
518.44,298.61,158.16,162.55
507.8,298.58,158.16,162.55
488.28,294.78,162.95,167.48
472.83,286.08,167.89,172.55
469.22,276.37,167.89,172.55
463.02,264.94,172.98,177.78
463,257.34,174.71,179.56
429.36,254.64,172.98,177.78
455.72,256.81,171.26,176.02
465.99,250.54,176.45,181.35
468.3,247.33,180,185
465.6,240.61,183.62,188.72
460.23,247.78,181.8,186.85
455.46,247.63,185.45,190.61
447.11,243.61,189.18,194.44
443.24,254.32,183.62,188.72
439.17,263.48,178.22,183.17
438.51,269.12,172.98,177.78
440.9,274.46,167.89,172.55
437.94,265.27,171.26,176.02
444.39,256.42,176.45,181.35
446.78,244.06,181.8,186.85
450.34,242.16,176.45,181.35
450.44,240.6,171.26,176.02
453.08,251.31,169.57,174.28
444.6,240.85,166.23,170.84
439.28,241,171.26,176.02
435.19,248.32,171.26,176.02
434.04,250.54,172.98,177.78
428.23,247.91,176.45,181.35
422.78,247.71,178.22,183.17
423.33,253.13,172.98,177.78
420.46,250.54,174.71,179.56
419.2,251.34,172.98,177.78
420.55,252.85,174.71,179.56
418.54,253.72,178.22,183.17
421.46,259.21,172.98,177.78
422.17,261.95,171.26,176.02
419.79,262.54,172.98,177.78
410.85,262.8,178.22,183.17
405.76,266.97,174.71,179.56
397.45,263.03,180,185
388.61,266.85,174.71,179.56
372.22,261.84,180,185
352.62,255.72,183.62,188.72
338.48,254.27,185.45,190.61
322.61,252.11,183.62,188.72
289.48,254.66,181.8,186.85
273.68,255.23,180,185
255.37,250.61,183.62,188.72
244.59,253.39,181.8,186.85
235.55,256.26,180,185
233.52,251.32,185.45,190.61
225.78,249.25,187.31,192.51
220.77,253.08,185.45,190.61
216.37,248.85,183.62,188.72
214.99,249.42,185.45,190.61
214.9,244.41,181.8,186.85
214.13,245.52,183.62,188.72
214.18,243.22,183.62,188.72
215.65,244.44,183.62,188.72
215.62,244.37,185.45,190.61
214.2,246.48,180,185
211.16,244.95,185.45,190.61
208.69,243.53,187.31,192.51
208.43,243.99,189.18,194.44
207.66,243.22,192.98,198.35
207.07,248.44,192.98,198.35
213.4,244.49,198.83,204.36
209.93,244.16,202.83,208.46
211.69,247.82,198.83,204.36
214.98,247.58,194.91,200.33
215.55,245.68,196.86,202.33
217.13,245.34,196.86,202.33
219.23,242.86,202.83,208.46
219.79,239.32,206.91,212.65
218.03,236,211.06,216.93
217.79,233.66,215.31,221.29
216.32,236.64,211.06,216.93
215.47,241.14,204.86,210.55
211.42,246.25,204.86,210.55
204.99,243.77,211.06,216.93
204.07,246.71,208.97,214.78
205.86,246.04,208.97,214.78
197.79,248.03,211.06,216.93
179.72,252.7,204.86,210.55
173.32,250.2,200.82,206.4
173.79,252.45,200.82,206.4
217.03,244.42,200.82,206.4
175.78,245.6,206.91,212.65
171.29,242.68,211.06,216.93
170.35,238.82,217.46,223.5
167.7,230.52,221.83,227.99
165.57,226.35,226.29,232.58
159.41,218.41,230.84,237.25
159.08,219.38,228.55,234.9
154.33,217.39,230.84,237.25
150.62,213.57,237.83,244.44
157.2,208.24,235.48,242.02
154.98,218.78,228.55,234.9
149.02,215.26,233.15,239.62
152.92,212.1,237.83,244.44
151.39,215.89,233.15,239.62
157.45,215.86,237.83,244.44
162.43,211.28,245.04,251.85
171.02,211.75,240.21,246.88
178.02,211.72,237.83,244.44
181.78,214.13,233.15,239.62
185.72,216.14,235.48,242.02
186.98,228.95,237.83,244.44
188.01,231.85,233.15,239.62
182.47,239.05,226.29,232.58
168.66,236.65,233.15,239.62
139.95,241.21,233.15,239.62
118.03,250.68,240.21,246.88
100.41,254.71,245.04,251.85
95.397,256.77,249.96,256.91
81.795,253.3,252.46,259.48
79.102,251.18,245.04,251.85
77.072,242.44,247.49,254.36
73.082,236.07,254.99,262.07
70.938,229.7,262.71,270.01
64.442,227.22,268,275.44
57.924,225.8,270.68,278.19
48.321,217.31,278.88,286.62
43.155,219.19,273.38,280.98
37.256,223.07,268,275.44
26.665,225.07,270.68,278.19
18.362,224.59,276.12,283.79
12.724,223.9,276.12,283.79
7.9804,225.91,273.38,280.98
7.6951,226.34,276.12,283.79
3.0534,222.25,273.38,280.98
5.1986,222.56,268,275.44
6.7911,225.13,268,275.44
2.2965,218.79,273.38,280.98
2.4802,212.83,281.67,289.49
-0.95995,209.44,281.67,289.49
-11.154,202,290.2,298.26
-23.989,202.83,293.1,301.24
-43.296,205.81,301.98,310.37
-23.308,201.03,298.99,307.3
-50.891,204.31,293.1,301.24
-43.491,207.2,287.33,295.31
-49.661,212.71,278.88,286.62
-57.542,218.83,276.12,283.79
-63.42,205.97,284.48,292.38
-70.638,205.82,281.67,289.49
-84.317,202.63,284.48,292.38
-97.916,195.58,290.2,298.26
