140,282,60,120
141.89,281.18,60.325,120.65
145.39,281.2,60.567,121.13
148.38,281.71,60.416,120.83
148.37,280.78,60.73,121.46
147.97,279.9,60.845,121.69
147.46,279.06,60.91,121.82
146.13,276.89,60.977,121.95
146.35,275.44,60.701,121.4
147.91,274.07,60.05,120.1
150.02,274.35,59.167,118.33
153.65,273.44,59.254,118.51
162.9,272.4,59.099,118.2
168.69,272.25,58.592,117.18
175.34,270.57,58.872,117.74
180.21,269.38,58.312,116.62
183.46,265.9,58.153,116.31
188.35,258.84,59.154,118.31
192.55,255.25,58.81,117.62
196.57,251.86,58.783,117.57
202.87,249.87,58.692,117.38
210.8,247.8,58.95,117.9
228.05,247.35,58.888,117.78
238.8,246.19,58.343,116.69
250.47,245.59,58.112,116.22
263.26,244.31,58.091,116.18
273.7,241.53,58.125,116.25
282.76,238.79,58.692,117.38
284.24,238.05,58.855,117.71
284.58,239.07,58.575,117.15
283.74,239.86,58.585,117.17
280.07,239.69,58.622,117.24
273.53,237.32,58.726,117.45
266.89,236.56,58.391,116.78
259.63,234.8,58.336,116.67
253.15,233.43,58.238,116.48
249.97,228.87,58.515,117.03
248.81,223.52,58.745,117.49
248.88,221.63,58.759,117.52
250.1,220.11,58.502,117
255.09,219.67,58.316,116.63
259.92,218.03,58.074,116.15
268.42,216.74,58.325,116.65
274.66,213.83,58.554,117.11
281.71,212.22,58.618,117.24
286.88,209.98,58.483,116.97
289.89,205.67,58.155,116.31
293.89,197.09,58.595,117.19
294.52,193.07,58.568,117.14
294.92,191,58.487,116.97
294.97,189.27,58.78,117.56
293.81,189.15,58.897,117.79
293.85,189.51,58.851,117.7
293.9,189.84,58.821,117.64
293.74,190.69,58.673,117.35
293.01,190.67,58.776,117.55
292.95,191.74,58.796,117.59
292.91,193.63,58.618,117.24
292.13,194.58,58.564,117.13
291.35,195.6,58.501,117
290.45,196.53,58.503,117.01
290.11,197.96,58.489,116.98
288.97,198.57,58.591,117.18
288.6,200.35,58.375,116.75
287.38,201.48,58.103,116.21
287.66,203.49,57.855,115.71
287.76,205.02,57.519,115.04
287.49,207.07,57.386,114.77
287.38,208.69,56.995,113.99
287.61,210.14,56.468,112.94
288.42,211.64,56.406,112.81
288.84,212.94,56.387,112.77
290.93,213.98,56.373,112.75
292.21,214.46,56.371,112.74
293.48,214.5,56.606,113.21
295.33,215.7,56.521,113.04
296.96,217.53,56.326,112.65
297.11,217.73,56.585,113.17
297.84,218.56,56.46,112.92
297.96,219.41,56.385,112.77
296.39,218.57,56.919,113.84
295.92,218.78,56.969,113.94
293.53,219.68,56.858,113.72
292.04,219.99,57.22,114.44
291,220.91,57.41,114.82
289.05,221.54,57.528,115.06
288.18,223.03,57.161,114.32
287.07,224.26,56.643,113.29
285.85,224.74,56.267,112.53
286.24,225.94,55.901,111.8
287.41,225.02,55.856,111.71
287.75,225.67,55.759,111.52
290.26,223.16,56.135,112.27
291.61,223.04,56.412,112.82
292.6,221.06,56.87,113.74
294.35,220.78,56.793,113.59
295.02,219.39,56.85,113.7
294.79,215.19,57.224,114.45
293.21,214.16,57.643,115.29
289.86,212.04,58.437,116.87
283.44,211.58,58.628,117.26
277.01,210.31,58.337,116.67
268.39,210.43,58.358,116.72
262.69,213.02,58.186,116.37
259.48,215.71,57.858,115.72
259.66,218.59,57.872,115.74
260.71,220.96,57.694,115.39
265.84,222.47,57.178,114.36
269.97,223.88,56.848,113.7
273.12,224.47,56.965,113.93
273.61,225.05,57.261,114.52
274.23,225.8,57.323,114.65
273.36,223.61,58.329,116.66
275,224.17,58.496,116.99
275.35,224.21,58.529,117.06
275.06,224.29,58.51,117.02
274.85,224.32,58.694,117.39
274.28,223.98,58.806,117.61
274.34,225.67,58.587,117.17
272.8,226.14,58.556,117.11
270.95,227.43,58.244,116.49
269.02,228.1,57.937,115.87
264.85,226.92,57.667,115.33
261.81,224.95,57.863,115.73
260.2,224.51,57.956,115.91
257.69,222.97,58.149,116.3
257.94,224.16,57.946,115.89
257.99,224.19,57.873,115.75
258.9,224.64,57.885,115.77
259.88,224.2,58.02,116.04
261.39,224.49,58.094,116.19
263.79,224.46,58.098,116.2
266.72,225.44,58.036,116.07
268.63,225.92,58.003,116.01
270.66,228.29,58.053,116.11
272.69,229.39,58.047,116.09
274.82,230.5,58.025,116.05
276.81,231.77,58.094,116.19
278.2,231.71,58.442,116.88
279.61,232.66,58.419,116.84
281.11,231.75,58.596,117.19
283.93,231.98,58.282,116.56
285.41,230.63,58.317,116.63
288.81,229.33,58.448,116.9
291.76,227.61,58.552,117.1
295.24,228.49,58.272,116.54
298.54,228.13,58.198,116.4
301.32,227.53,58.301,116.6
304,226.12,58.478,116.96
306.5,225.4,58.47,116.94
308.43,225.31,58.411,116.82
308.84,222.25,58.802,117.6
309.9,222.36,58.524,117.05
309.79,221.37,58.269,116.54
308.76,220.33,58.308,116.62
306.99,220.07,58.545,117.09
305.97,221.27,58.454,116.91
303.8,222.68,58.396,116.79
299.51,224.41,58.629,117.26
297.11,227.14,58.568,117.14
294.28,230.3,58.39,116.78
290.97,231.86,58.464,116.93
288.09,233.35,58.538,117.08
283.5,234.14,58.386,116.77
280.31,233.61,58.582,117.16
277.99,234.89,58.594,117.19
275.62,235.92,58.639,117.28
273.01,236.26,59.107,118.21
271.5,239.5,59.051,118.1
269.92,239.53,59.504,119.01
270.39,240.66,59.477,118.95
269.95,240.53,59.705,119.41
269.14,239.5,59.649,119.3
271.51,238.71,59.486,118.97
275.79,238.75,58.821,117.64
280.26,235.15,58.615,117.23
288.55,233.16,58.486,116.97
357.32,234.47,58.317,116.63
358.45,233.26,58.502,117
361.49,234.56,57.972,115.94
360.53,232.63,58.113,116.23
360.24,230.38,58.572,117.14
359.86,228.14,58.782,117.56
360.2,227.34,58.707,117.41
360.05,226.94,58.345,116.69
360.35,225.21,58.522,117.04
358.48,223.99,58.64,117.28
359.26,222.72,58.922,117.84
362.2,224.84,58.933,117.87
361.1,226.52,58.257,116.51
359.85,221.92,57.794,115.59
359.01,218.93,57.832,115.66
359.33,218.64,57.586,115.17
356.37,216.89,57.402,114.8
355.36,211.18,57.598,115.2
351.91,213.37,58.198,116.4
354.3,237.19,57.093,114.19
348.11,237.4,56.506,113.01
342.06,235.05,57.124,114.25
286.23,245.37,55.399,110.8
285.79,245.95,54.691,109.38
285.17,247.37,54.334,108.67
282.87,245.67,54.948,109.9
283.15,247.31,54.551,109.1
282,245.94,54.598,109.2
281.43,243.05,55.483,110.97
280.91,241.65,56.151,112.3
278.14,237.74,57.347,114.69
269.51,237.83,58.086,116.17
266.51,236.2,58.986,117.97
287.85,239.07,57.464,114.93
288.4,240.53,56.836,113.67
283.43,241.01,56.478,112.96
276.58,237.84,57.552,115.1
276.61,238.24,57.771,115.54
282.85,233.92,58.983,117.97
277.39,235.05,59.261,118.52
243.63,234.92,59.155,118.31
238.48,240.98,58.599,117.2
241.76,255.6,57.314,114.63
237.62,245.94,56.748,113.5
237.87,249.73,56.077,112.15
237.83,245.43,56.309,112.62
236.24,240.82,57.139,114.28
234.64,242.73,57.518,115.04
234.15,242.17,57.782,115.56
233.79,242.89,57.746,115.49
233.37,239.74,58.403,116.81
235.06,237.79,59.195,118.39
235.42,237.57,59.576,119.15
235.2,237.12,59.792,119.58
234.26,236.78,59.87,119.74
233.87,236.22,60.02,120.04
232.61,236.89,59.82,119.64
232.57,238.33,59.445,118.89
232.35,238.43,59.296,118.59
231.99,239.78,58.858,117.72
232.07,240.64,58.691,117.38
231.28,239.46,58.915,117.83
231.61,240.73,58.646,117.29
231.51,240.27,58.794,117.59
232.17,242.18,58.327,116.65
231.51,241.31,58.537,117.07
231.83,243.62,58.394,116.79
231.67,242.61,58.614,117.23
231.93,243.39,58.615,117.23
232.3,243.38,58.637,117.27
231.35,242.41,58.877,117.75
231.18,242.37,58.758,117.52
229.76,241.67,58.822,117.64
229.02,242.08,58.634,117.27
227,241.13,58.952,117.9
226.64,241.93,58.634,117.27
224.48,241,58.89,117.78
223.64,240.95,59.023,118.05
221.76,240.61,59.304,118.61
219.48,239.61,59.476,118.95
218.84,239.4,59.611,119.22
217.81,238.96,59.604,119.21
216.63,238.67,59.555,119.11
215.66,238.57,59.446,118.89
214.31,238.59,59.456,118.91
214.56,240.63,59.01,118.02
211.91,241.31,59.097,118.19
210.81,241.88,59.318,118.64
209.88,242.25,59.279,118.56
210.23,242.97,59.179,118.36
209.94,242.66,59.162,118.32
210.32,242.31,59.156,118.31
210.68,242.33,59.133,118.27
211.17,242.65,58.928,117.86
212.34,243.89,58.734,117.47
213.56,245.23,58.822,117.64
216.33,249.34,58.99,117.98
216.56,250.17,59.256,118.51
217.52,251.45,59.288,118.58
217.19,250.71,59.298,118.6
216.9,249,59.269,118.54
217.2,247.32,58.928,117.86
217.81,245.7,58.729,117.46
218.29,243.54,58.458,116.92
220.1,241.95,58.473,116.95
222.42,240.88,58.293,116.59
227.07,239.84,58.02,116.04
231.37,239.1,58.391,116.78
234.79,238.82,58.595,117.19
239.64,239.34,58.276,116.55
243.27,239.58,58.332,116.66
246.47,238.75,58.596,117.19
248.02,239.86,58.28,116.56
248.18,239.68,58.32,116.64
247.02,238.63,58.378,116.76
245.75,238.61,58.128,116.26
242.9,237.5,58.147,116.29
239.83,236.8,58.189,116.38
237.52,236.41,58.171,116.34
234.88,236.68,58.178,116.36
231.97,237.02,58.428,116.86
228.51,239.15,58.426,116.85
226.2,241,58.49,116.98
224.57,241.88,58.63,117.26
222.32,241.78,58.848,117.7
222.04,241.85,58.886,117.77
221.93,241.72,58.815,117.63
222.9,241.01,58.856,117.71
224.57,239.7,58.863,117.73
226.94,239.05,58.881,117.76
229.89,238.59,58.872,117.74
233.27,238.3,58.504,117.01
235.77,236.83,58.657,117.31
237.93,235.85,58.85,117.7
242.01,237.02,58.723,117.45
244.51,236.93,58.616,117.23
247.64,237.92,58.738,117.48
249.9,239.13,58.537,117.07
251.93,241.11,58.455,116.91
253.77,241.98,58.703,117.41
254.86,242.71,59.141,118.28
257.64,245.28,59.176,118.35
259.68,248.01,58.952,117.9
261.87,250.4,58.841,117.68
264.28,253.01,58.545,117.09
266.81,254.64,58.563,117.13
269.35,255.54,58.725,117.45
273.33,256.52,58.693,117.39
276.23,257.24,58.706,117.41
280.5,257.14,58.787,117.57
284.68,257.69,58.654,117.31
287.8,256.63,58.744,117.49
289.86,256.38,58.658,117.32
290.62,255.27,58.799,117.6
292.8,255.74,58.25,116.5
292.62,254.34,58.072,116.14
292.39,252.65,57.861,115.72
291.82,251.2,57.971,115.94
289.85,249.58,57.827,115.65
288.89,248.71,57.676,115.35
286.86,248.3,57.602,115.2
283.66,248.4,57.215,114.43
277.93,248.84,57.149,114.3
271.65,248.73,56.956,113.91
263.38,247.41,56.575,113.15
255.87,245.84,56.301,112.6
246.26,243.68,56.277,112.55
239.83,242.59,56.587,113.17
233.06,242.14,56.959,113.92
226.05,243.12,57.136,114.27
220.48,246.25,57.352,114.7
211.16,248.57,57.857,115.71
202.5,254.35,57.428,114.86
192.98,256.33,57.193,114.39
190.48,259.55,57.147,114.29
182.5,260.88,57.09,114.18
176.53,260.49,57.013,114.03
162.68,260.9,55.891,111.78
162.45,262.73,55.665,111.33
162.68,260.45,54.906,109.81
164.47,262.6,54.902,109.8
166.36,263.51,54.46,108.92
173.96,265.11,54.345,108.69
179.89,263.58,54.691,109.38
190.73,263.19,55.021,110.04
199.72,264.26,55.955,111.91
215.83,266.77,55.978,111.96
228.95,264.46,56.763,113.53
236.06,265.9,57.139,114.28
246.65,265.07,57.298,114.6
258.57,265.23,57.158,114.32
267.83,265.41,57.333,114.67
278.18,262.92,57.912,115.82
288.29,262.24,58.293,116.59
295.58,262.56,58.566,117.13
301.57,263.43,58.805,117.61
305.38,263.52,58.812,117.62
306.79,262.6,58.698,117.4
303.69,258.83,58.888,117.78
302.14,257.41,58.801,117.6
300.64,257.32,58.595,117.19
298.73,255.12,58.812,117.62
295.01,250.87,58.843,117.69
293.36,250.73,58.864,117.73
292.69,251.05,58.862,117.72
292.54,253.84,58.76,117.52
294.22,257.34,58.749,117.5
294.29,260.27,59.11,118.22
296.41,262.47,58.941,117.88
298.05,265.36,58.663,117.33
300.58,262.35,58.003,116.01
303.36,256.39,57.55,115.1
307.96,247.24,57.172,114.34
310.88,240.18,57.297,114.59
313.96,235.36,57.585,115.17
317.24,235.08,57.562,115.12
319.05,234.54,57.619,115.24
320.92,232.63,57.739,115.48
320.96,230.75,57.506,115.01
323.7,229.22,57.05,114.1
323.6,226.29,56.748,113.5
322.99,222.4,56.946,113.89
321.35,219.2,56.844,113.69
319.93,219.11,56.176,112.35
316.56,218.26,56.05,112.1
313.53,216.81,56.352,112.7
311.68,216.64,56.2,112.4
312.19,216.65,55.912,111.82
312.6,216.16,55.663,111.33
313.82,214.32,55.715,111.43
315.59,212.81,55.681,111.36
319.02,210.56,55.051,110.1
324.13,207.57,55.078,110.16
329.24,205.02,55.428,110.86
334.41,202,55.837,111.67
340.11,203.07,55.891,111.78
344.58,206.27,55.642,111.28
348.73,209.38,55.749,111.5
352.69,210.59,56.094,112.19
351.87,212.44,56.274,112.55
351.3,212.96,56.498,113
348.41,213.79,55.918,111.84
338.07,210.51,55.031,110.06
326.17,204.5,54.492,108.98
313.82,198.1,54.209,108.42
299.36,189.87,54.228,108.46
284.35,183.91,54.308,108.62
262.26,176.51,54.911,109.82
249.15,174.94,55.102,110.2
234.99,171.65,55.566,111.13
222.11,170.66,55.709,111.42
212.86,168.97,55.748,111.5
203.06,167.92,55.61,111.22
199.03,167.45,55.701,111.4
197.19,164.68,55.715,111.43
196.76,161.37,55.509,111.02
195.28,158.61,55.129,110.26
197.22,149.29,54.875,109.75
198.72,142.02,54.726,109.45
196.91,136.26,54.618,109.24
196.89,128.93,55.328,110.66
195.2,123.34,55.605,111.21
193.28,117.66,55.401,110.8
189.63,114.52,55.644,111.29
188.06,112.89,55.977,111.95
184.05,112.98,56.424,112.85
179.37,113.73,56.617,113.23
173.97,115.36,56.346,112.69
169.21,115.85,56.247,112.49
165.69,117.14,56.277,112.55
163.14,116.96,56.239,112.48
160.5,117.52,55.99,111.98
159.76,116.7,56.111,112.22
160.42,117.42,56.248,112.5
161.75,118.66,56.696,113.39
162.56,121.44,56.601,113.2
165.81,124.83,56.25,112.5
168.7,124.94,56.048,112.1
170.37,124.4,55.869,111.74
173.01,123.03,55.898,111.8
175.89,121.01,56.101,112.2
177.94,120.83,56.103,112.21
179.55,121.64,55.934,111.87
184.39,123.75,55.527,111.05
188.85,122.54,55.731,111.46
190.36,122.53,55.69,111.38
193.91,122.11,55.517,111.03
194.73,122.73,55.279,110.56
195.41,122.98,55.38,110.76
195.92,122.63,55.79,111.58
197.82,124.45,55.443,110.89
198.5,126.54,55.675,111.35
201.17,130.53,55.633,111.27
203.68,133.69,55.473,110.95
206.91,136.61,55.333,110.67
209.19,137.58,55.261,110.52
211.93,138.08,55.25,110.5
214.9,138.15,55.293,110.59
216.12,137.96,55.31,110.62
217.97,138.45,55.462,110.92
220.14,140.16,55.422,110.84
220.74,141.28,55.437,110.87
222.18,142.99,55.625,111.25
224.21,144.61,55.48,110.96
227.11,146.74,55.474,110.95
229.53,148.54,55.336,110.67
232.33,148.53,55.516,111.03
236.11,149.88,55.514,111.03
238.92,150.28,55.505,111.01
240.93,151.48,55.163,110.33
243.41,151.16,55.496,110.99
245.91,151.3,55.884,111.77
246.54,151.92,55.924,111.85
246.58,152.66,55.919,111.84
245.69,153.14,55.858,111.72
244.8,152.55,55.91,111.82
243.27,152.31,55.79,111.58
241.68,151.25,55.584,111.17
239.31,149.51,55.614,111.23
237.09,148.32,55.561,111.12
234.94,147.25,55.745,111.49
232.49,146.08,55.815,111.63
231.74,146.26,55.815,111.63
230.81,146.16,55.631,111.26
228.53,145.17,55.779,111.56
225.82,144.33,55.912,111.82
223.31,144.23,55.463,110.93
232.8,144.45,55.338,110.68
229.63,142.6,54.714,109.43
228.3,141.36,54.468,108.94
228.62,140.4,54.485,108.97
229.66,139.57,54.376,108.75
228.36,138.79,54.789,109.58
226.11,137.95,54.848,109.7
229.78,139.59,54.268,108.54
230.19,138.05,54.502,109
231.68,138.45,54.639,109.28
234.18,137.94,54.556,109.11
237.02,138.01,54.654,109.31
240.46,136.26,54.557,109.11
243.66,136.16,54.541,109.08
247.91,135.69,54.523,109.05
249.99,135.56,54.57,109.14
255.21,136,54.597,109.19
257.88,136.62,54.793,109.59
260.9,137.57,54.974,109.95
265.14,137.33,54.933,109.87
270.16,137.83,54.905,109.81
270.63,138.02,54.837,109.67
271.7,137.02,54.743,109.49
271.83,135.46,54.818,109.64
272.12,135.29,54.894,109.79
269.88,135.28,55.018,110.04
268.93,135.36,55.134,110.27
268.76,135.67,55.265,110.53
266.19,135.78,55.392,110.78
264.82,134.54,55.833,111.67
263.61,135.07,55.604,111.21
263.76,134.63,55.64,111.28
263.48,135.13,55.109,110.22
265.93,134.95,54.836,109.67
267.13,135.42,54.978,109.96
268.07,135.5,54.876,109.75
273.09,136.4,55.02,110.04
273.42,136.32,55.082,110.16
277.5,136.36,55.227,110.45
278.35,136.33,55.548,111.1
281.73,136.25,55.692,111.38
283.44,135.99,55.8,111.6
285.17,136.05,55.855,111.71
285.93,135.98,55.864,111.73
285.95,135.83,55.878,111.76
286.74,135.98,56.042,112.08
288.02,135.65,56.18,112.36
290.26,137.33,56.084,112.17
290.9,138.42,56.285,112.57
293.72,140.21,56.209,112.42
294.48,142.84,56.412,112.82
298.88,145.35,56.738,113.48
302.2,147.95,56.701,113.4
304.25,150.05,56.551,113.1
306.9,151.99,56.295,112.59
308.24,152.73,56.316,112.63
310.46,153.21,56.298,112.6
310.66,153.8,56.26,112.52
312.96,154.4,56.141,112.28
313.93,154.27,56.171,112.34
314.1,154.16,56.201,112.4
315.07,154.46,56.157,112.31
315.93,154.47,56.086,112.17
315.44,153.58,56.072,112.14
316.2,153.15,56.013,112.03
315.59,151.96,55.852,111.7
316.28,151.3,55.585,111.17
315.6,150.29,55.574,111.15
314.37,149.07,55.704,111.41
312.3,147.29,55.638,111.28
311.79,145.94,55.57,111.14
311.24,144.43,55.559,111.12
310.71,142.92,55.635,111.27
310.26,141.21,55.39,110.78
310.81,140.42,55.478,110.96
311.68,140.21,55.698,111.4
313.52,139.73,55.601,111.2
315.71,140.43,55.522,111.04
317.8,140.01,55.792,111.58
320.05,140.12,55.898,111.8
322.13,140.96,55.668,111.34
326.64,141.92,55.684,111.37
329.92,143.14,55.54,111.08
333.4,144.23,55.851,111.7
337.47,145.02,56.105,112.21
340.49,146.73,56.407,112.81
343.99,150.26,56.316,112.63
346.93,151.41,56.846,113.69
350.45,151.66,57.684,115.37
354.36,152.46,57.813,115.63
357.84,153.87,57.572,115.14
359.8,155.49,57.549,115.1
361.21,155.09,57.805,115.61
362.53,155.99,57.846,115.69
363.35,156.05,58.107,116.21
361.69,157.03,58.18,116.36
361.1,157.92,57.927,115.85
359.91,157.94,57.588,115.18
357.47,157.34,57.496,114.99
355.31,155.14,57.524,115.05
350.52,152.59,57.671,115.34
344.65,148.22,57.546,115.09
339.98,147.35,57.558,115.12
335.15,145.75,57.664,115.33
328.87,144.2,57.769,115.54
322.67,144.69,57.622,115.24
313.91,145.19,57.583,115.17
307.91,145.64,57.4,114.8
301.25,143.66,57.733,115.47
296.04,142.71,57.746,115.49
291.4,140.46,57.903,115.81
286.57,139.65,56.873,113.75
282.56,138.67,56.542,113.08
279.36,138.11,56.605,113.21
275.47,137.51,56.964,113.93
273.1,137.7,57.063,114.13
270.25,139.3,57.504,115.01
269.52,142.02,57.561,115.12
268.2,144.15,57.505,115.01
268.36,145.73,57.687,115.37
268.01,146.93,57.595,115.19
269.21,148.43,57.86,115.72
270.8,149.46,57.776,115.55
271.96,150.46,57.7,115.4
275.18,151.41,57.963,115.93
278.69,152.85,57.744,115.49
282.63,153.12,58.118,116.24
286.04,153.73,58.442,116.88
289.3,153.76,58.389,116.78
290.99,153.19,58.287,116.57
292.68,151.55,58.476,116.95
292.87,149.56,58.318,116.64
291.09,148.19,58.221,116.44
290.89,147.64,58.487,116.97
290.18,147.4,58.796,117.59
289.91,148.1,58.772,117.54
289.25,147.65,57.949,115.9
289.07,146.74,56.98,113.96
287.77,143.77,56.979,113.96
287.95,143.67,56.709,113.42
288.7,142.16,56.443,112.89
289.5,137.07,56.336,112.67
290.29,136.27,56.255,112.51
291.54,130.5,56.612,113.22
284.39,152.25,57.108,114.22
282.34,155.1,58.103,116.21
286.64,151.87,58.774,117.55
289.38,148.76,59.577,119.15
292.15,147.31,60.164,120.33
294.31,149.39,60.235,120.47
296.29,150.98,59.999,120
299.62,151.57,59.568,119.14
302.82,150.78,59.54,119.08
303.18,150.69,59.301,118.6
303.99,146.1,59.491,118.98
305.42,144.62,58.959,117.92
304.42,142.34,58.384,116.77
301.46,139.97,57.629,115.26
298.58,136.43,57.824,115.65
295.12,135.36,57.979,115.96
291.25,134.2,58.233,116.47
289.13,134.82,58.07,116.14
284.42,135.97,58.081,116.16
284.27,134.94,58.541,117.08
283.71,135.19,58.639,117.28
281.67,135.07,58.702,117.4
281.9,131.94,58.638,117.28
281.54,126.46,58.446,116.89
280.98,121.78,58.629,117.26
279.79,118.22,58.413,116.83
278.24,115.93,58.285,116.57
277.82,112.31,58.125,116.25
275.98,108.67,57.781,115.56
274.56,105.23,57.599,115.2
274.84,103.76,57.76,115.52
274.11,102.77,57.863,115.73
274.48,103.02,57.845,115.69
274.11,102.19,57.882,115.76
274.54,101.41,57.911,115.82
274.11,101.25,58.015,116.03
274.3,100.28,58.042,116.08
275.26,100.54,58.022,116.04
276.82,102.12,57.899,115.8
278.02,104.03,57.817,115.63
279.5,105.51,57.742,115.48
279.04,106.82,57.857,115.71
280.25,109.51,57.885,115.77
281.54,112.57,57.596,115.19
281.01,115.22,57.574,115.15
280.47,118.51,57.581,115.16
280.05,121.42,57.68,115.36
278.24,123.54,57.694,115.39
275.99,126.23,58.162,116.32
275.14,128.67,57.882,115.76
272.57,129.82,57.959,115.92
267.66,131.19,58.077,116.15
264.3,132.85,58.209,116.42
259.2,137.76,57.98,115.96
255.51,141.71,57.928,115.86
251.73,146.89,57.753,115.51
247.78,150.68,57.989,115.98
245.17,155.31,58.056,116.11
242.74,159.8,57.954,115.91
241.87,161.29,58.046,116.09
241.38,161.15,57.808,115.62
240.97,161.51,57.421,114.84
239.75,161.2,57.546,115.09
239.18,162.13,57.498,115
237.25,164.12,57.557,115.11
236.27,166.06,57.839,115.68
234.9,168.99,57.68,115.36
231.09,169.5,57.797,115.59
227.2,170.41,57.407,114.81
222.49,168.25,57.492,114.98
218.28,167.36,57.806,115.61
213.99,167.23,57.817,115.63
210.22,169.48,57.902,115.8
204.55,174.07,58.127,116.25
201.73,177.36,58.301,116.6
199.7,179.36,58.213,116.43
199.9,178.97,58.486,116.97
201.98,175.81,58.466,116.93
204.94,174.47,58.162,116.32
210.44,173.6,57.91,115.82
216.6,173.19,58.202,116.4
224.43,174.07,58.342,116.68
232.1,175.43,58.709,117.42
241.78,178.82,59.177,118.35
251.73,184.26,58.848,117.7
260.31,186.15,58.696,117.39
266.7,184.02,59.114,118.23
271.32,180.26,58.894,117.79
273.9,176.09,58.528,117.06
273.51,172.77,58.97,117.94
271.3,168.91,59.424,118.85
270.09,165.29,59.581,119.16
269.13,163.22,59.731,119.46
267.11,161.12,60.105,120.21
266.34,160.9,59.968,119.94
265.27,160.21,59.949,119.9
264.71,160.28,59.803,119.61
262.94,159.32,59.726,119.45
258.01,155.73,60.382,120.76
253.27,153.67,60.458,120.92
250.04,151.14,60.132,120.26
247.25,149.32,59.459,118.92
244.59,146.15,59.293,118.59
228.87,143.19,59.776,119.55
222.41,145.85,59.515,119.03
220.86,147.39,58.912,117.82
217.63,149.59,58.271,116.54
211.94,149.71,58.656,117.31
206.69,150.24,58.858,117.72
203.22,151.62,58.862,117.72
200.39,152.74,58.875,117.75
196.52,154.79,58.865,117.73
192.91,157.95,58.827,117.65
186.98,161.47,59.245,118.49
185.17,166.4,59.632,119.26
183.13,172.03,59.57,119.14
183.25,177.93,59.047,118.09
184.2,181,58.968,117.94
188.33,183.07,58.957,117.91
192.06,183.16,58.954,117.91
195.25,182.41,59.039,118.08
199.35,180.77,59.015,118.03
203.06,176.98,59.282,118.56
208.41,171.97,59.215,118.43
212.6,169.75,58.935,117.87
215.41,167.28,59.125,118.25
217.41,165.61,59.688,119.38
220.46,165.35,59.981,119.96
225.01,166.89,60.005,120.01
228.36,167.81,59.799,119.6
232.33,166.98,59.568,119.14
235.22,165.36,59.576,119.15
237.43,162.85,59.471,118.94
240.71,156.87,59.54,119.08
241.31,154.48,59.068,118.14
239.95,151.49,59.227,118.45
238.45,151.75,59.28,118.56
232.93,154.5,58.309,116.62
214.05,153.2,59.008,118.02
201.92,153.6,59.125,118.25
189.51,154.93,59.12,118.24
177.44,155.81,59.238,118.48
167.33,156.46,59.071,118.14
152.95,155.75,59.715,119.43
145.31,155.26,59.988,119.98
139.35,155.26,60.181,120.36
133.31,155.09,60.337,120.67
127.21,154.72,60.533,121.07
120.13,155.54,60.824,121.65
113.57,157.13,60.817,121.63
105.7,158.51,60.958,121.92
98.945,160.91,60.595,121.19
93.589,166.26,60.353,120.71
89.579,168.52,59.981,119.96
88.408,168.47,59.51,119.02
90.992,168.99,59.135,118.27
96.447,168.51,58.567,117.13
103.86,169.3,58.108,116.22
114.57,159.97,58.578,117.16
118.9,154.66,59.845,119.69
126.09,153.71,60.159,120.32
131.33,151.74,60.569,121.14
137.51,151.22,60.564,121.13
141.14,148.14,60.879,121.76
143.03,146.62,60.822,121.64
145.53,148.68,59.646,119.29
146.84,152.23,58.439,116.88
144.81,144.96,59.502,119
144.87,153.36,58.852,117.7
145.23,155.99,58.241,116.48
144.17,158.94,57.987,115.97
143.24,161.24,57.946,115.89
140.61,160.77,58.475,116.95
137.29,163.33,58.348,116.7
133.88,163.58,58.234,116.47
133.4,164.88,58.064,116.13
130,163.87,58.207,116.41
129.72,164.19,58.183,116.37
129.97,166.26,58.01,116.02
129.93,166.54,57.885,115.77
132.05,164.16,58.239,116.48
136.24,160.97,58.895,117.79
139.3,159.46,59.092,118.18
144.93,155.04,59.806,119.61
149.86,153.7,59.642,119.28
156.06,150.62,59.296,118.59
163.04,156.71,58.728,117.46
167.89,159.22,58.485,116.97
173.09,162.14,58.295,116.59
174.97,163.43,58.105,116.21
174.83,164.48,58.215,116.43
173.7,166.23,58.106,116.21
169,163.5,58.646,117.29
164.47,163.23,58.784,117.57
156.12,160.69,59.411,118.82
149.28,161.85,59.428,118.86
144.33,161.57,59.222,118.44
144.24,164.5,57.989,115.98
154.11,134.78,56.438,112.88
127,161.7,57.681,115.36
126.19,161.38,57.531,115.06
129.06,161.95,57.284,114.57
130.47,164.24,56.648,113.3
132.18,157.25,59,118
138.06,159.42,60.019,120.04
144.35,160.54,60.361,120.72
152.19,163.09,60.421,120.84
159.26,166.61,60.459,120.92
165.71,168.28,60.61,121.22
173.14,172.77,60.361,120.72
177.13,174.38,60.637,121.27
180.43,176.2,60.921,121.84
183.49,176.3,61.04,122.08
185.59,171.33,61.448,122.9
187.01,166.23,61.822,123.64
188.99,163.27,61.404,122.81
189.99,157.59,61.274,122.55
190.8,154.85,60.879,121.76
190.59,147.91,61.65,123.3
189.46,147.52,61.611,123.22
189.05,147.16,61.134,122.27
187.87,146.32,61.013,122.03
185.31,145.92,61.527,123.05
183.94,145.96,61.495,122.99
182.52,147.8,61.319,122.64
181.3,147.26,61.557,123.11
181.47,146.94,61.651,123.3
182.39,144.67,61.825,123.65
183.25,142.41,61.582,123.16
183.38,137.46,62.032,124.06
180.86,134.03,62.348,124.7
179.44,133.63,61.812,123.62
176.78,132.31,61.928,123.86
173.97,133.59,61.75,123.5
170.9,135.72,61.514,123.03
169.08,136.55,61.708,123.42
168.07,136.43,62.013,124.03
168.85,136.51,61.896,123.79
171.93,136.43,61.65,123.3
174.98,137.42,61.472,122.94
178.81,138.26,61.602,123.2
182.05,139.6,61.204,122.41
185.18,139.9,60.881,121.76
188.63,140.06,60.93,121.86
191.67,142.27,60.419,120.84
193.93,144.82,60.48,120.96
196.35,150.05,60.485,120.97
197.26,151.69,60.978,121.96
196.73,153.29,61.468,122.94
197.27,155.34,61.17,122.34
197.59,156.68,61.055,122.11
197,157.85,61.361,122.72
197.27,159.41,61.527,123.05
198.13,161.61,61.583,123.17
200.03,162.37,61.724,123.45
200.26,161.55,61.865,123.73
202.09,161.02,62.004,124.01
203.38,160.05,62.13,124.26
206.28,161.05,61.703,123.41
207.76,161.76,61.711,123.42
208.8,162.86,61.663,123.33
209.21,163.47,61.971,123.94
208.9,162.69,62.022,124.04
208.14,160.97,62.216,124.43
207.2,154.58,62.367,124.73
205.12,147.67,62.334,124.67
203.56,141.81,62.247,124.49
203.19,138.5,61.85,123.7
201.37,138.12,62.054,124.11
197.52,141.79,61.789,123.58
195.33,145.58,61.606,123.21
193.58,147.29,61.949,123.9
191.63,148.03,62.178,124.36
189.5,148.14,61.987,123.97
186.59,146.53,62.217,124.43
185,146.31,62.196,124.39
183.56,147.07,62.132,124.26
181.26,148.17,62.226,124.45
179.4,149.8,62.279,124.56
177.37,152.03,62.31,124.62
176.33,151.92,62.7,125.4
176.62,152.59,63.043,126.09
176.66,152.56,63.084,126.17
177.18,152.19,63.1,126.2
178.72,151.17,63.299,126.6
178.93,149.81,63.618,127.24
179.93,149.16,63.396,126.79
179.91,147.12,63.449,126.9
179.82,145.77,63.564,127.13
179.39,145.13,63.954,127.91
178.29,145.85,64.145,128.29
176.63,146.38,64.281,128.56
175.02,147.95,64.418,128.84
171.76,148.07,64.72,129.44
167.38,149.05,65.01,130.02
163.49,149.28,65.156,130.31
160.17,149.86,65.338,130.68
155.43,149.39,65.528,131.06
151.51,150.29,65.68,131.36
146.47,150.75,65.821,131.64
143.6,151.02,66.156,132.31
141.31,150.95,66.198,132.4
138.55,150.17,66.055,132.11
136.05,148.62,66.197,132.39
133.58,147.46,66.268,132.54
130.12,145.4,66.67,133.34
127.22,144.03,66.91,133.82
124.38,143.77,67.085,134.17
121.29,143.23,67.142,134.28
119.36,142.36,67.261,134.52
118.37,141.38,67.273,134.55
117.82,139.88,67.281,134.56
117.83,137.6,67.493,134.99
117.97,136.86,67.638,135.28
117.73,135.42,67.923,135.85
118.29,137.29,67.755,135.51
116.62,137.66,67.961,135.92
116.2,139.99,67.883,135.77
117.95,143.53,67.124,134.25
116.61,143.66,67.217,134.43
116.3,142.27,68.158,136.32
114.11,143.82,67.597,135.19
112.51,141.63,68.162,136.32
111.95,142.89,68.437,136.87
108.62,142.62,68.895,137.79
106.12,144.93,68.963,137.93
101.43,146.52,69.433,138.87
95.712,148.75,69.685,139.37
91.008,151.42,69.631,139.26
85.368,151.25,69.583,139.17
82.225,154,68.935,137.87
79.513,155.93,68.019,136.04
78.91,155.87,67.244,134.49
77.795,157.27,66.331,132.66
78.015,154.87,67.025,134.05
77.46,155.94,67.436,134.87
77.976,156.14,67.469,134.94
78.241,157.76,67.472,134.94
77.32,159.92,67.345,134.69
72.285,159.59,67.753,135.51
69.961,157.88,68.357,136.71
66.392,157.34,68.299,136.6
62.271,155.6,68.462,136.92
59.815,155.4,68.462,136.92
60.661,157.19,66.906,133.81
61.507,157.15,65.659,131.32
62.148,154.8,66.061,132.12
64.629,153.81,66.186,132.37
70.042,153.4,65.409,130.82
76.667,147.39,65.572,131.14
85.646,143.08,65.137,130.27
96.017,137.88,64.736,129.47
106.34,134.06,64.574,129.15
118.04,132.89,64.482,128.96
132.26,134.03,64.091,128.18
141.17,135.58,64.031,128.06
149.1,139,63.64,127.28
156.09,141.63,63.487,126.97
161.89,144.94,62.92,125.84
164.63,148.21,62.371,124.74
165.83,152.63,62.028,124.06
164.89,155.42,62.389,124.78
163.64,158.16,62.53,125.06
161.07,160.28,62.672,125.34
157.81,159.21,62.973,125.95
153.11,157.94,63.025,126.05
150.53,155.27,62.982,125.96
148.18,154.89,62.865,125.73
146.92,157.94,62.036,124.07
145.26,161.57,62.03,124.06
143.59,168.29,61.988,123.98
143.5,173.87,61.945,123.89
143.91,177.51,62.324,124.65
144.37,179.18,62.393,124.79
144.99,179.46,62.414,124.83
146.65,179.43,62.234,124.47
147.68,182.24,61.999,124
147.49,185.13,62.186,124.37
148.2,193.24,62.097,124.19
148.93,199.68,62.032,124.06
148.7,202.4,62.662,125.32
148.96,200.95,63.219,126.44
150.21,200.44,62.489,124.98
152.6,196.8,62.122,124.24
154.06,192.17,61.714,123.43
156.08,185.63,62.197,124.39
159.17,183.22,61.729,123.46
160.95,177.56,62.142,124.28
164.23,176.24,61.753,123.51
165.43,174.56,61.989,123.98
166.1,174.37,62.174,124.35
166.13,174.93,62.216,124.43
165.48,174.23,62.193,124.39
165.84,172.87,61.992,123.98
164.13,170.19,62.292,124.58
163.24,167.7,62.466,124.93
162.7,167.2,62.272,124.54
162.71,165.74,62.328,124.66
162.74,163.99,62.458,124.92
163.6,162.11,62.545,125.09
164.65,160.42,62.298,124.6
166.17,156.73,62.098,124.2
169.01,155.07,61.908,123.82
170.57,154.81,62.139,124.28
171.25,154.16,61.994,123.99
170.58,152.8,62.093,124.19
170.46,152.45,61.905,123.81
169.32,152.13,62.133,124.27
168.1,152.37,61.808,123.62
166.49,152.88,61.842,123.68
163.86,154.42,61.804,123.61
161.14,156.39,61.409,122.82
156.92,156.46,61.623,123.25
152.56,156.95,61.744,123.49
148.76,156.87,61.759,123.52
145.37,157.31,61.789,123.58
143.63,158.08,61.504,123.01
141.59,158.65,61.554,123.11
140.67,158.81,61.462,122.92
140.96,158.46,61.392,122.78
140.43,158,61.249,122.5
142.9,157.19,61.161,122.32
144.79,156.06,60.806,121.61
147.13,154.56,60.79,121.58
148.17,154.59,60.453,120.91
149.96,152.99,60.811,121.62
152.23,154.52,60.395,120.79
153.58,154.57,60.345,120.69
156.63,155.54,60.362,120.72
159.1,156.38,60.246,120.49
162.86,159.09,59.869,119.74
165.44,160.39,59.907,119.81
167.22,162.63,59.869,119.74
168.39,165.24,59.69,119.38
169.07,167.64,59.727,119.45
169.33,172.69,59.328,118.66
169.58,175.8,59.272,118.54
169.52,178.49,59.26,118.52
169.09,180,59.246,118.49
168.12,179.64,59.305,118.61
167.21,178.53,59.431,118.86
167.45,177,59.375,118.75
168.08,175.52,59.071,118.14
169.1,173.94,59.093,118.19
170.22,171.57,59.022,118.04
171.69,170.58,58.787,117.57
172.8,169.37,58.932,117.86
173.31,169.2,58.683,117.37
173.5,168.97,58.906,117.81
174.23,171.05,58.66,117.32
174.33,171.33,59.103,118.21
174.91,170.84,59.088,118.18
175.54,170.16,58.86,117.72
176.42,167.91,58.326,116.65
175.55,162.99,58.447,116.89
175.23,158.8,58.529,117.06
174.8,158.46,57.877,115.75
173.4,157.26,57.999,116
170.64,156.58,57.935,115.87
167.86,157.1,57.748,115.5
161.95,155.58,58.014,116.03
155.74,154.87,57.961,115.92
150.89,154.99,57.525,115.05
145.87,154.35,57.759,115.52
140.21,154.25,58.144,116.29
136.37,159.25,57.509,115.02
133.07,164.96,56.857,113.71
130.62,169.98,56.779,113.56
128.56,176.8,56.719,113.44
127.69,183.05,56.886,113.77
128.2,188.1,56.81,113.62
128.54,190.31,57.177,114.35
129.85,190.91,57.384,114.77
130.55,190.32,57.397,114.79
132.17,189.84,57.446,114.89
135.41,189.29,57.549,115.1
137.7,191.46,57.422,114.84
140.28,192.16,57.531,115.06
143.62,192.31,57.615,115.23
148.39,192.68,56.988,113.98
153.43,190.8,57.716,115.43
159.49,191.59,57.942,115.88
166.92,193.45,57.274,114.55
171.91,192.17,57.321,114.64
175.14,189.57,57.2,114.4
180.93,186.72,57.098,114.2
183.56,183.07,57.384,114.77
187.74,180.83,56.924,113.85
191.68,179.35,57.019,114.04
194.05,176.88,57.173,114.35
196.36,175.57,57.226,114.45
200.37,174.16,56.484,112.97
203.25,173.14,56.474,112.95
204.73,174.12,55.918,111.84
205.74,170.01,56.495,112.99
204.97,168.18,56.768,113.54
204.48,165.47,56.903,113.81
204.6,166.12,56.309,112.62
205.1,163.97,56.611,113.22
205.94,164.49,56.825,113.65
209.51,165.78,56.587,113.17
212.63,166.28,56.421,112.84
217.47,165.33,56.785,113.57
225.97,166.74,56.164,112.33
232.82,165.89,56.525,113.05
244.82,160.95,58.126,116.25
245.67,160.3,58.319,116.64
246.26,159.21,58.613,117.23
247.43,160.46,58.461,116.92
247.79,159.35,58.527,117.05
249.32,158.41,58.91,117.82
251.61,158.58,58.824,117.65
252.42,158.27,59.028,118.06
253.02,159.46,58.968,117.94
254.18,159.87,59.013,118.03
255.07,162.25,58.781,117.56
256.16,162.95,58.727,117.45
255.12,163.04,58.849,117.7
255.67,164.28,58.568,117.14
256.27,163.66,58.218,116.44
255.24,162.1,58.386,116.77
254.79,160.67,58.413,116.83
254.07,161.66,58.207,116.41
255.73,163.17,57.681,115.36
255.34,163.15,57.915,115.83
256.74,166.19,57.378,114.76
256.8,166.68,57.415,114.83
256.52,166.59,57.557,115.11
255.89,167.09,57.408,114.82
254.29,165.78,57.441,114.88
252.07,165.5,57.1,114.2
249.57,164.46,56.997,113.99
246.15,165.37,56.258,112.52
243.2,164.48,56.449,112.9
239.41,163.37,56.757,113.51
235.79,161.85,56.918,113.84
234.57,159.33,56.624,113.25
231.26,153.03,57.225,114.45
229.21,148.83,57.014,114.03
227.86,147.71,55.842,111.68
228.39,148.5,55.179,110.36
228.27,150.36,55.534,111.07
229.73,155.98,55.41,110.82
230.6,157.54,55.737,111.47
233.88,159.79,55.583,111.17
238.07,162.6,55.323,110.65
243.01,165.34,55.525,111.05
249.69,170.07,55.222,110.44
254.37,173.8,55.078,110.16
259.18,176.7,55.031,110.06
265.33,177.76,54.798,109.6
271.62,176.92,54.935,109.87
278.07,173.79,54.835,109.67
284.57,169.22,54.828,109.66
290.36,164.74,54.988,109.98
295.41,160.4,55.369,110.74
300.88,156.23,55.4,110.8
304.29,154.44,55.217,110.43
306.59,152.08,54.9,109.8
306.66,150.17,54.626,109.25
305.62,147.74,55.101,110.2
304.59,146.47,55.603,111.21
302.83,147.96,55.901,111.8
301.13,150.41,55.848,111.7
299.11,152.94,55.816,111.63
297.78,156.26,55.495,110.99
295.71,157.43,56.094,112.19
293.89,159.19,56.369,112.74
293.11,160.65,56.604,113.21
293.23,163.84,56.524,113.05
293.57,165.13,56.591,113.18
293.45,168.67,56.685,113.37
292.84,170.44,57.132,114.26
293.63,174.47,56.897,113.79
293.47,176.42,56.925,113.85
293.14,178.86,56.836,113.67
292.28,180.08,57.043,114.09
291.79,181.19,57.082,114.16
292.19,182.79,57.163,114.33
293.21,185.21,57.282,114.56
293.6,186.93,57.322,114.64
293.35,186.99,57.461,114.92
293.91,187.53,57.413,114.83
293.23,186.57,57.271,114.54
293.49,185.05,57.133,114.27
292.1,183.24,56.858,113.72
289.97,179.06,56.457,112.91
286.05,175.2,56.499,113
282.42,172.54,56.423,112.85
277,169.55,56.507,113.01
271.9,167.72,56.54,113.08
264.53,166.88,56.457,112.91
258.48,166.22,56.365,112.73
250.55,165.57,56.471,112.94
245.38,164.99,56.577,113.15
239.84,165.08,56.681,113.36
234.79,163.77,56.579,113.16
232.24,163.03,56.505,113.01
228.93,162.26,56.496,112.99
225.76,162.36,56.689,113.38
223.27,161.82,56.776,113.55
220.93,162.65,56.766,113.53
219.49,163.36,56.92,113.84
218.44,165.7,56.982,113.96
216.59,167.86,57,114
214.47,170.81,57.039,114.08
213.98,172.74,57.021,114.04
212.47,173.51,57.174,114.35
211.91,174.81,56.95,113.9
210.54,174.4,56.897,113.79
209.12,173.83,56.727,113.45
206.6,171.58,56.62,113.24
204.82,170.45,56.639,113.28
202.4,168.91,57.297,114.59
199.78,168.77,57.418,114.84
195.35,169.32,57.443,114.89
187.96,170.3,57.365,114.73
180.88,170.3,57.632,115.26
173.69,170.31,57.694,115.39
167.46,170,57.711,115.42
162.35,169.82,57.592,115.18
160.68,167.73,57.486,114.97
161.51,165.38,57.217,114.43
163.68,163.53,57.025,114.05
168.11,163,57.055,114.11
174.02,162.39,57.31,114.62
183.7,164.13,57.432,114.86
191.35,165.26,57.932,115.86
200.6,169.22,57.101,114.2
208.63,170.09,56.673,113.35
217.52,170.15,56.673,113.35
227.62,170.43,56.831,113.66
235.91,171.3,56.962,113.92
244.77,173.57,56.913,113.83
255.76,178,56.3,112.6
265.43,179.8,56.094,112.19
285.53,181.78,56.339,112.68
298.32,183.14,56.391,112.78
310.66,184.67,56.114,112.23
325.78,183.88,56.095,112.19
335.47,183.03,55.995,111.99
352.1,180.63,55.914,111.83
362.43,179.12,55.838,111.68
372.74,176.92,55.631,111.26
382.33,174.7,55.406,110.81
391.59,172.54,55.684,111.37
406.23,170.7,55.713,111.43
414.94,166.58,56.648,113.3
415.71,165.07,56.721,113.44
414.78,162.89,56.685,113.37
413.79,161.98,55.981,111.96
410.27,160.8,55.593,111.19
403.14,160.37,55.161,110.32
395.64,162.59,54.861,109.72
385.72,164.67,54.409,108.82
375.71,166.17,54.19,108.38
360.25,167.64,53.552,107.1
350.87,167.37,53.054,106.11
339.28,163.24,52.718,105.44
329.42,159.96,52.468,104.94
320.03,156.38,52.326,104.65
304.03,154.7,51.838,103.68
296.39,154.7,51.554,103.11
290.26,155.1,51.057,102.11
282.61,153.5,51.286,102.57
275.7,152.3,51.715,103.43
267.59,152.1,51.596,103.19
263.37,154.06,50.906,101.81
259.49,155.48,50.886,101.77
253.67,159.15,50.926,101.85
247.19,164.67,51.206,102.41
236.44,181.64,51.055,102.11
230.88,187.63,51.043,102.09
225.12,192.61,51.34,102.68
221.17,195.9,51.63,103.26
217.55,197.23,51.573,103.15
210.76,197.05,51.291,102.58
204.77,195.44,51.206,102.41
200.17,194.68,51.728,103.46
193.72,194.27,51.708,103.42
191.72,195.54,51.659,103.32
179.05,198.28,51.566,103.13
172.52,199.91,51.585,103.17
167.44,200.6,51.89,103.78
163.15,201.32,51.723,103.45
159.07,200.66,52.26,104.52
149.34,202.9,51.784,103.57
145.8,202.58,51.605,103.21
141.29,202.33,51.668,103.34
137.11,201.69,51.875,103.75
133.93,202.83,51.912,103.82
130.03,204.12,52.239,104.48
125.8,206.81,52.53,105.06
122.62,210.67,52.443,104.89
118.01,213.21,52.721,105.44
112.45,214.83,53.181,106.36
107.31,215.97,53.252,106.5
101.66,216.71,52.895,105.79
98.269,216.37,52.682,105.36
92.945,216.17,52.727,105.45
88.334,218.41,52.466,104.93
83.307,220.61,52.061,104.12
77.857,221.75,52.198,104.4
74.729,222.7,52.062,104.12
71.645,221.04,52.464,104.93
72.6,220.98,51.979,103.96
72.539,215.32,52.201,104.4
76.011,213.35,51.777,103.55
80.953,208.37,52.116,104.23
87.835,208.53,52.428,104.86
98.147,211.18,52.374,104.75
111.53,213.35,53.116,106.23
144.24,215.62,52.929,105.86
168.59,218.48,52.084,104.17
197.06,216.33,52.699,105.4
226.5,214.9,52.926,105.85
269.5,214.83,52.048,104.1
315.27,207.67,52.842,105.68
345.05,205.7,53.715,107.43
370.04,196.07,54.524,109.05
395.17,192.48,53.268,106.54
419.52,194.88,52.323,104.65
449.78,192.59,53.508,107.02
467.91,198.66,53.395,106.79
478.64,201.07,54.273,108.55
487.18,204.95,54.244,108.49
493.52,204.89,54.203,108.41
498.07,204.32,54.241,108.48
500.67,201.22,54.534,109.07
503.06,194.37,55.013,110.03
502.18,187.97,55.286,110.57
502.61,183.4,55.193,110.39
503.92,182.11,54.582,109.16
503.28,180.61,53.989,107.98
500.3,176.58,54.354,108.71
493.46,173.47,54.306,108.61
484.83,168.84,54.388,108.78
473.75,163.71,54.052,108.1
462.12,158.04,54.136,108.27
448.85,153.81,53.878,107.76
437.55,150.12,53.611,107.22
423.8,149.6,53.049,106.1
408.33,148.65,53.633,107.27
395.93,151.61,53.165,106.33
382.82,154.27,53.308,106.62
369.86,156.62,53.768,107.54
357.76,160.5,53.941,107.88
345.5,166.5,53.203,106.41
335.57,169.23,53.013,106.03
325.46,169.92,53.411,106.82
317.8,170.65,53.186,106.37
312.25,171.64,53.008,106.02
305.09,171.36,52.923,105.85
300.98,171.92,52.817,105.63
296.96,171.97,52.799,105.6
293.37,172.61,52.775,105.55
290.64,171.35,52.869,105.74
288.68,171.04,52.744,105.49
286.79,169.16,52.933,105.87
285.7,168.83,52.726,105.45
284.83,167.08,52.695,105.39
284.08,166.69,52.742,105.48
281.72,166.61,52.837,105.67
