638,257,22,27
634.55,256.54,22.667,27.818
631.2,256.42,22.667,27.818
629.34,256.82,22,27
627.11,257.04,22,27
624.18,256.81,22.667,27.818
623.04,257.26,22.667,27.818
621.58,257.7,22.667,27.818
619.99,258.03,22.22,27.27
618.06,258.1,22.667,27.818
617.07,258.93,22.442,27.543
614.62,259.41,21.782,26.733
612.37,259.9,21.142,25.946
610.91,261,20.52,25.183
608.67,261.43,20.52,25.183
606.85,262.34,20.115,24.687
605.05,262.96,19.719,24.201
604.46,262.85,19.719,24.201
602.31,263.14,20.317,24.934
601.94,263.33,20.52,25.183
600.13,264.31,20.52,25.183
598.04,264.98,20.52,25.183
595.19,265.1,20.52,25.183
592.36,265.13,20.115,24.687
590.13,264.98,19.719,24.201
588.17,265.47,20.115,24.687
585.81,265.35,20.317,24.934
584.7,265.59,20.115,24.687
583.3,265.45,20.115,24.687
581.69,266.26,19.719,24.201
578.93,266.51,19.331,23.724
576.67,268.84,18.762,23.026
570.63,269.65,18.576,22.798
565.89,271.24,18.21,22.349
563.73,273.76,18.392,22.572
558.63,273.35,18.762,23.026
550.48,271.15,19.139,23.489
547.62,271.35,18.95,23.256
544.12,272.04,19.331,23.724
540.75,271.16,19.524,23.961
539.96,272.94,20.115,24.687
535.01,273.37,20.725,25.435
529.95,273.64,20.317,24.934
524.89,271.92,20.52,25.183
521.95,272.99,20.52,25.183
518.09,273.54,20.725,25.435
513.92,273.6,21.353,26.206
509.9,273.01,21.353,26.206
506.82,273.13,20.725,25.435
503.8,274.44,21.353,26.206
499.14,275.56,20.932,25.69
493.94,274.09,21.567,26.468
489.48,274.65,20.932,25.69
485.75,274.04,20.725,25.435
483.01,274.48,20.52,25.183
479.48,275.21,19.916,24.443
476.53,276.52,20.115,24.687
472.02,275.44,20.317,24.934
469.44,275.9,20.52,25.183
465.57,275.47,19.916,24.443
462.07,276.78,20.52,25.183
457.29,276.62,20.317,24.934
454.51,276.95,19.719,24.201
449.99,276.63,19.719,24.201
445.95,276.26,20.317,24.934
442.2,276.56,20.932,25.69
438.34,278.03,20.52,25.183
434.39,277.05,19.916,24.443
430.72,277.64,20.52,25.183
425.55,276.41,20.725,25.435
421.01,277.59,21.142,25.946
416.9,278.96,20.725,25.435
411.81,277.8,20.725,25.435
406.28,277.22,20.317,24.934
403.81,278.11,20.932,25.69
399.55,277.56,20.317,24.934
395.43,279.79,20.115,24.687
390.15,279.25,20.52,25.183
384.62,278.2,20.725,25.435
379.98,277.55,20.317,24.934
375.57,279.06,20.52,25.183
370.49,280.15,20.52,25.183
364.85,279.58,20.317,24.934
358.72,279.26,20.725,25.435
354.64,278.14,20.725,25.435
350.78,279.53,21.353,26.206
345.4,280.32,21.353,26.206
339.39,280.06,21.142,25.946
334.39,280.65,21.142,25.946
329.6,280.86,21.142,25.946
323.53,279.79,21.567,26.468
318.53,280.66,21.567,26.468
313.65,281.91,20.932,25.69
307.78,280.95,20.52,25.183
303,280.74,19.916,24.443
297.98,281.59,20.52,25.183
294.2,281.22,20.725,25.435
288.35,282.2,21.353,26.206
282.17,281.19,21.567,26.468
277.91,282.01,21.353,26.206
272.54,282.07,21.567,26.468
267.1,282.22,21.142,25.946
262.52,283.56,20.52,25.183
255.07,282.52,21.142,25.946
249.59,281.34,21.782,26.733
244.7,282.31,22,27
239.33,283.12,21.567,26.468
235.41,282.91,22.22,27.27
231.56,283.93,22.893,28.096
225.93,283.13,22.667,27.818
231.83,282.39,23.353,28.661
232.57,281.8,22.667,27.818
232.44,282.88,23.353,28.661
232.09,282.05,23.823,29.237
232.19,281.93,23.122,28.377
232.35,281.62,23.122,28.377
231.88,282.21,23.823,29.237
232.25,281.68,23.122,28.377
232.54,283.1,22.893,28.096
232.61,282.1,23.353,28.661
232.52,281.98,22.667,27.818
232.45,282.34,23.353,28.661
231.69,281.49,23.587,28.948
232.17,281.63,24.061,29.53
231.74,281.2,23.587,28.948
231.99,282.24,23.823,29.237
232.03,281.71,23.122,28.377
232.77,282.83,22.893,28.096
232.22,281.58,23.122,28.377
232.23,282.29,23.823,29.237
232.04,281.67,23.122,28.377
232.29,282.39,23.353,28.661
232.69,282.39,22.667,27.818
232.76,282.26,22.667,27.818
232.28,281.69,23.122,28.377
232.18,282.15,23.823,29.237
231.57,281.37,23.587,28.948
231.95,282.08,23.823,29.237
232.12,281.76,23.122,28.377
232.4,282.34,23.353,28.661
232.61,282.3,22.667,27.818
232.35,281.89,23.122,28.377
232.1,281.79,23.122,28.377
232.75,282.93,22.893,28.096
232.69,282.44,22.667,27.818
232.52,282.09,22.667,27.818
232.66,282.64,23.353,28.661
232.37,281.96,23.122,28.377
232.43,281.89,23.122,28.377
232.2,282.01,23.122,28.377
232.09,281.99,23.122,28.377
