25,220,76,50
24.59,219.07,78.303,51.515
29.281,222.45,80.676,53.076
29.994,223,80.676,53.076
37.918,230.01,79.877,52.551
41.371,233.36,80.676,53.076
54.365,249.53,81.482,53.607
60.654,249.65,80.676,53.076
59.777,248.76,79.877,52.551
65.55,230.66,78.303,51.515
67.705,229.66,79.877,52.551
54.158,273.6,78.303,51.515
84.364,235.61,78.303,51.515
88.484,228.88,76.76,50.5
104.06,200.47,76,50
109.79,187.97,73.765,48.53
111.22,183.54,74.503,49.015
107.63,182.95,74.503,49.015
106.45,190.74,76.76,50.5
95.379,188.57,76,50
98.294,183.86,76.76,50.5
102.9,169.67,75.248,49.505
76.355,153.45,76.76,50.5
84.834,148.09,78.303,51.515
119.69,131.87,79.086,52.03
153.37,91.679,76.76,50.5
157.6,91.374,76.76,50.5
160.21,91.736,76,50
158.23,89.921,73.765,48.53
159.34,90.204,75.248,49.505
152.37,87.31,74.503,49.015
157.32,89.572,72.311,47.573
158.78,89.435,70.185,46.174
158.71,88.599,69.49,45.717
158.91,87.488,70.887,46.636
156.06,88.711,70.887,46.636
156.51,88.497,70.185,46.174
157.04,87.923,69.49,45.717
158.14,87.273,69.49,45.717
158.65,87.502,69.49,45.717
160.52,87.23,67.446,44.372
160.08,87.89,66.117,43.498
161.54,88.139,64.814,42.641
160.45,87.182,66.117,43.498
159.5,86.508,68.121,44.816
159.47,86.693,69.49,45.717
159.15,86.818,69.49,45.717
156.81,85.178,71.595,47.102
156.89,84.976,70.887,46.636
158.53,86.066,68.802,45.264
158.14,86.127,69.49,45.717
158.59,85.118,68.802,45.264
157.79,83.782,70.185,46.174
157.32,81.842,68.121,44.816
158.45,80.693,66.778,43.933
156.18,82.783,68.121,44.816
158.51,80.643,70.185,46.174
156.64,81.229,70.185,46.174
155.98,80.878,69.49,45.717
155.61,81.065,70.185,46.174
156.45,80.897,69.49,45.717
157.14,81.39,68.802,45.264
157.07,80.815,68.121,44.816
157.89,81.046,69.49,45.717
157.62,80.931,71.595,47.102
157.46,80.527,71.595,47.102
158.48,80.977,73.035,48.049
159.19,82.309,72.311,47.573
160.44,83.735,70.185,46.174
158.6,82.998,71.595,47.102
158.02,83.765,72.311,47.573
156.31,83.157,73.765,48.53
155.01,83.415,73.765,48.53
153.5,83.11,74.503,49.015
152.07,83.182,76.76,50.5
151.18,83.287,78.303,51.515
151.21,83.654,77.528,51.005
151.63,84.043,75.248,49.505
149.95,82.871,76.76,50.5
148.66,82.03,76.76,50.5
148.52,81.794,74.503,49.015
148.65,82.569,73.765,48.53
148.73,83.433,74.503,49.015
148.42,83.914,76.76,50.5
149.87,85.067,75.248,49.505
149.53,85.084,76,50
149.14,84.858,76.76,50.5
150.84,85.744,75.248,49.505
150.28,85.228,77.528,51.005
150.67,84.807,76.76,50.5
152.02,85.547,74.503,49.015
153.99,86.54,72.311,47.573
153.84,86.34,71.595,47.102
153.96,85.886,71.595,47.102
153.35,85.427,73.765,48.53
153.09,84.837,73.765,48.53
152.36,84.665,74.503,49.015
152.51,84.902,73.765,48.53
151.01,84.714,76,50
150.29,84.679,76,50
148.03,83.923,78.303,51.515
147.22,83.618,78.303,51.515
147.19,83.65,77.528,51.005
145.46,82.699,79.086,52.03
146.16,83.418,77.528,51.005
145.04,82.378,79.877,52.551
145.66,82.047,78.303,51.515
145.54,81.426,78.303,51.515
146.49,81.544,76,50
145.3,80.779,78.303,51.515
145.07,80.009,79.086,52.03
144.97,79.677,80.676,53.076
145.23,79.696,79.086,52.03
146.75,80.504,77.528,51.005
148.08,80.879,76,50
148.09,80.113,78.303,51.515
149.63,80.66,77.528,51.005
151.96,81.582,75.248,49.505
152.95,80.983,73.765,48.53
154.14,80.811,73.765,48.53
156.2,81.535,72.311,47.573
156.33,81.061,71.595,47.102
156.66,81.385,73.035,48.049
156.88,81.629,70.887,46.636
156.64,81.837,72.311,47.573
156.11,82.133,71.595,47.102
155.86,82.156,71.595,47.102
154.53,81.96,73.765,48.53
155.62,82.781,72.311,47.573
155.41,82.666,72.311,47.573
154.75,82.402,73.035,48.049
153.97,81.997,75.248,49.505
154.97,82.527,73.035,48.049
155.4,82.86,72.311,47.573
155.55,82.797,71.595,47.102
156.26,82.926,72.311,47.573
155.77,82.48,73.765,48.53
157.74,83.371,72.311,47.573
158.5,83.42,72.311,47.573
160.59,84.14,70.185,46.174
161.55,84.228,70.185,46.174
163.05,84.455,69.49,45.717
164.57,84.78,68.802,45.264
164.99,84.749,69.49,45.717
165.62,84.365,70.185,46.174
167.13,84.773,68.802,45.264
168.43,84.808,66.778,43.933
171.31,85.611,64.814,42.641
172.8,85.57,62.908,41.387
174.07,86.371,61.058,40.17
176.52,87.001,59.262,38.988
177.75,86.922,59.855,39.378
170.37,85.557,61.669,40.572
169.83,85.262,62.908,41.387
169.38,85.677,63.537,41.801
169.9,84.846,63.537,41.801
170.1,84.383,62.908,41.387
183.26,89.303,63.537,41.801
188.52,87.938,65.463,43.067
173.73,87.735,67.446,44.372
206.93,111.34,65.463,43.067
190.19,124.79,64.173,42.219
179.16,91.643,64.814,42.641
179.97,93.573,64.173,42.219
180,84.472,63.537,41.801
184.52,77.204,61.669,40.572
187.62,81.932,59.855,39.378
205.91,103.09,58.095,38.22
193.85,87.203,58.676,38.602
208.68,86.756,59.855,39.378
213.46,90.846,58.095,38.22
216.63,94.852,58.676,38.602
219.02,99.106,60.454,39.772
218.58,98.591,62.285,40.977
218.59,98.673,63.537,41.801
218.96,98.247,63.537,41.801
218.6,97.746,63.537,41.801
217.3,96.554,64.814,42.641
217.26,96.321,63.537,41.801
215.56,95.262,65.463,43.067
213.19,94.224,66.778,43.933
211.53,93.873,68.802,45.264
203.87,93.614,68.802,45.264
195.66,92.765,70.185,46.174
187.93,92.672,70.185,46.174
187.75,92.666,70.185,46.174
186.34,91.82,71.595,47.102
187.49,92.701,69.49,45.717
187.09,92.577,70.185,46.174
185.57,92.036,72.311,47.573
184.95,91.679,73.035,48.049
183.47,90.653,74.503,49.015
183.22,90.802,74.503,49.015
