357,236,56,111
364.02,237.38,56.388,111.77
375.02,237.77,56.953,112.89
380.64,234.56,57.79,114.55
389.57,235.11,58.797,116.54
398.12,238,58.887,116.72
404.21,240.06,59.845,118.62
412.16,236.33,61.746,122.39
391.62,237.75,62.147,123.18
365.94,238.5,62.61,124.1
337.96,243.74,61.799,122.5
307.49,241.91,61.614,122.13
279.83,242.36,61.614,122.13
251.36,245.46,61.804,122.5
226.86,247.12,61.648,122.19
202.59,230.39,62.334,123.55
167.06,249.11,62.476,123.84
141.25,250.64,62.767,124.41
118.33,252.61,62.996,124.87
109.51,225.9,63.52,125.91
105.37,237.75,63.177,125.23
100.85,253.44,62.958,124.79
111.06,255.97,62.382,123.65
122.79,257.35,62.757,124.39
129.2,254.88,62.798,124.47
136.27,256.46,63.689,126.24
143.28,256.96,63.483,125.83
152.02,260.81,62.614,124.11
164.3,261.37,62.42,123.73
173.18,258.05,62.364,123.61
182.4,258.24,62.299,123.49
186.5,258.62,62.391,123.67
196.6,260.13,61.891,122.68
206.31,260.85,61.412,121.73
215.07,261.9,61.248,121.4
224.74,260.21,61.253,121.41
233.45,261.9,61.878,122.65
246.26,262.48,61.93,122.75
256.28,260.41,62.543,123.97
264.6,260.94,63.134,125.14
272.1,259.77,63.158,125.19
278.68,262.08,63.235,125.34
290.14,262.76,63.34,125.55
295,261.01,63.586,126.04
301.93,261.46,63.731,126.32
313.68,263.14,64.185,127.22
323.84,264.49,63.489,125.84
330.78,261.75,64.281,127.41
337.13,262,64.598,128.04
345.24,263.43,64.494,127.84
353.82,265.08,64.701,128.25
362.99,263.38,64.779,128.4
369.93,264.61,64.866,128.57
356.17,266.03,64.904,128.65
330.3,267.72,64.407,127.66
305.63,268.67,63.877,126.61
282.07,268.16,63.499,125.86
252.93,268.9,63.2,125.27
226.52,271.66,62.829,124.54
204.49,272.45,62.3,123.49
178.74,273.98,61.692,122.28
152.62,273.09,62.003,122.9
126.81,276.25,61.771,122.44
103.35,277.84,61.624,122.15
89.238,276.59,61.805,122.51
70.998,278.29,61.711,122.32
76.555,278.79,61.83,122.56
83.772,280.41,62.242,123.37
95.05,280.41,63.109,125.09
102.63,283.4,63.704,126.27
105.1,286.06,64.749,128.34
106.67,284.74,64.967,128.77
110.23,286.13,65.264,129.36
108.79,285.34,65.288,129.41
106.8,287.48,64.912,128.66
118.24,280.88,64.735,128.31
106.17,286.45,64.533,127.91
119.77,283.18,63.876,126.61
121.8,284,63.669,126.2
106.63,285.37,63.437,125.74
106.33,286.34,63.605,126.07
107.16,283.66,63.524,125.91
107.86,281.93,63.475,125.82
110.13,287.69,63.519,125.9
122.66,283.77,63.258,125.39
122.18,284.81,63.141,125.15
122.82,284.92,63.039,124.95
109.98,288.73,63.488,125.84
108.93,287.05,63.522,125.91
122.62,283.76,63.121,125.12
109.07,286.64,63.053,124.98
121.82,285.25,62.972,124.82
117.96,285.62,62.71,124.3
110.21,287.46,62.78,124.44
123.02,285.13,62.576,124.03
117.64,285.62,62.439,123.76
109.89,287.97,62.42,123.73
115.91,287.64,62.421,123.73
110.29,288.55,62.457,123.8
111.29,288.75,62.561,124
110.99,288.5,62.508,123.9
111.81,288.69,62.694,124.27
112.24,288.37,62.557,124
111.95,289.16,62.664,124.21
112.9,289.16,62.736,124.35
111.61,288.54,62.727,124.33
111.97,288.36,62.585,124.05
113.8,288.86,62.487,123.86
112.06,288.2,62.618,124.12
115.69,288.88,62.746,124.37
114.52,289.64,62.734,124.35
113.7,289.28,62.652,124.18
115.1,290.26,62.714,124.31
113.88,289.64,62.906,124.69
113.01,288.36,63.096,125.07
114.05,289.01,63.048,124.97
112.54,288.97,63.165,125.2
113.95,288.88,63.205,125.28
113.96,288.73,63.094,125.06
113.8,288.49,63.353,125.57
113.08,288.09,63.597,126.06
112.71,287.66,63.461,125.79
112.4,286.01,63.612,126.09
108.88,285.09,64.23,127.31
107.68,283.84,64.426,127.7
109.08,283.94,64.661,128.17
109.42,286.25,64.977,128.79
109.69,287.41,65.068,128.97
111.25,285.9,64.959,128.76
109.59,285.11,65.088,129.01
111.4,287.03,64.878,128.6
108.82,286.44,64.831,128.5
109.33,286.28,65.031,128.9
109.87,284.54,65.27,129.37
108.44,283.2,65.382,129.6
108.61,284.13,65.434,129.7
108.27,284.21,65.625,130.08
108.46,284.87,65.778,130.38
108.02,284.65,65.887,130.6
103.97,278.8,65.946,130.71
106.98,283.54,66.237,131.29
108.01,282.15,66.253,131.32
106.91,280.85,66.55,131.91
108.36,281.4,66.436,131.69
109.97,282.29,66.693,132.19
108.78,281.66,66.495,131.8
108.87,281.49,66.356,131.53
108.06,282.85,66.299,131.41
109.9,282.19,66.41,131.63
109.67,281.55,66.363,131.54
109.89,283.13,66.244,131.3
109.88,282.09,66.217,131.25
110.47,282.51,66.246,131.31
110.29,282.48,66.226,131.27
109.68,282.07,66.14,131.1
110.66,283.02,66.078,130.98
110.94,282.45,66.117,131.05
110.97,282.31,66.121,131.06
110.66,283.87,66.068,130.96
110.67,283.16,65.916,130.65
111.47,282.56,66.026,130.87
111.26,283.44,65.924,130.67
111.25,283.84,65.969,130.76
110.87,282.07,65.915,130.65
111.54,282.86,66.131,131.08
110.09,283.23,66.145,131.11
110.22,282.43,65.978,130.78
111.4,283.92,65.937,130.7
111.86,283.52,65.84,130.5
111.39,282.12,65.961,130.74
111.19,283.99,66.069,130.96
110.9,283.01,65.962,130.75
112.15,283.74,65.864,130.55
111.19,283.9,66.052,130.92
111.77,284.16,65.663,130.15
110.86,283.33,65.777,130.38
111.16,283.73,65.913,130.65
111.06,283.74,65.848,130.52
111.36,283.25,66.013,130.85
111.89,283,65.797,130.42
111.47,282.93,65.963,130.75
112.22,283.53,66.038,130.9
112.85,283.19,65.894,130.61
113.09,284.21,65.686,130.2
112.21,283.32,66.04,130.9
113.15,283.45,65.851,130.53
113.07,283.54,65.776,130.38
113.62,283.8,65.779,130.38
112.84,282.65,65.839,130.5
112.43,283.6,66.106,131.03
112.82,284.32,65.476,129.78
112.57,283.27,65.771,130.37
112.22,283.6,65.872,130.57
112.57,283.73,65.854,130.53
111.5,282.54,66.07,130.96
111.36,282.16,66.519,131.85
111.36,281.87,66.417,131.65
112.63,283.04,66.046,130.91
112.74,283.57,65.916,130.66
112.41,282.53,66.035,130.89
112.82,283.08,65.976,130.77
113.58,283.83,65.836,130.5
113.12,283.24,65.786,130.4
114.17,283.8,65.505,129.84
114.34,285.21,65.412,129.66
114,283.89,65.247,129.33
114.37,284.06,65.285,129.41
114.31,284.94,65.338,129.51
114.52,284.73,65.229,129.29
115.18,284.83,65.009,128.86
115.27,284.57,64.646,128.14
114.74,285.14,64.99,128.82
114.33,284.44,65.339,129.51
115.02,284.23,65.022,128.88
114.86,285.21,65.044,128.93
114.72,285.21,65.466,129.76
115.17,284.67,65.256,129.35
114.5,284.5,65.441,129.71
115.05,285.3,65.403,129.64
114,283.85,65.555,129.94
114.53,284.64,65.574,129.98
114.2,284.61,65.679,130.18
113.07,282.56,66.272,131.36
113.84,283.19,66.163,131.14
114.19,283.28,65.987,130.8
114.91,284.49,65.681,130.19
114.82,283.77,65.753,130.33
114.77,283.6,65.722,130.27
115,284,65.636,130.1
115.24,284.7,65.55,129.93
115.27,284.17,65.502,129.83
115.7,284.75,65.553,129.94
115.37,284.86,65.482,129.79
115.63,284.87,65.491,129.81
115.24,284.9,65.622,130.07
114.9,283.93,65.643,130.11
115,284.15,65.88,130.58
115.1,283.71,65.943,130.71
114.87,283.6,65.962,130.75
114.95,283.75,65.979,130.78
115.35,283.78,66.024,130.87
115.28,283.82,65.95,130.72
115.23,284.38,65.993,130.81
115.32,284.27,66.021,130.86
115.33,284.38,66.007,130.84
115.82,284.69,65.692,130.21
115.21,282.9,66.008,130.84
115.85,284.28,65.794,130.41
114.87,283.1,66.183,131.18
115.55,283.68,65.924,130.67
115.99,284.53,65.989,130.8
115.79,284.66,65.922,130.67
115.77,283.97,65.884,130.59
116.79,285.16,65.439,129.71
116.59,284.18,65.789,130.4
115.93,283.9,65.647,130.12
116.03,284.5,65.644,130.12
116.55,284.51,65.675,130.18
116.31,283.78,65.723,130.27
117.01,284.21,65.598,130.02
117.48,284.11,65.491,129.81
117.5,284.99,65.487,129.8
117.89,285.11,65.294,129.42
117.55,283.44,65.793,130.41
117.91,283.97,65.582,129.99
118.64,284.95,65.537,129.9
118.92,285.03,65.176,129.19
119.82,285.46,65.274,129.38
119.62,285.34,65.398,129.63
119.18,284.6,65.106,129.05
119.95,285.28,65.201,129.24
120.44,285.23,65.416,129.66
119.77,285.33,65.078,128.99
120.36,287.49,64.711,128.27
120.32,285.58,65.105,129.05
120.46,285.71,64.741,128.33
120.56,286.58,64.615,128.08
120.89,286.51,64.568,127.98
119.97,286.34,64.414,127.68
120.11,286.82,64.447,127.74
119.57,285.81,64.804,128.45
120.18,286.1,64.772,128.39
121.09,286.49,64.688,128.22
121.97,287.56,64.261,127.37
121.13,286.67,64.346,127.54
120.02,285.49,64.875,128.59
119.11,285.03,65.027,128.89
122.06,286.94,64.191,127.23
121.22,287.33,64.122,127.1
120.21,286.18,64.157,127.17
121.03,286.44,64.497,127.84
120.7,286.1,64.369,127.59
121.44,287.39,64.072,127
121.48,287.62,63.782,126.43
122.42,288.08,63.331,125.53
122.62,287.87,63.438,125.74
122.81,288.08,63.366,125.6
122.79,288.1,63.391,125.65
123.31,288.32,63.255,125.38
122.79,286.87,63.553,125.97
123.02,287.34,63.598,126.06
122.55,288.1,63.397,125.66
123.65,287.4,63.404,125.67
123.58,288.5,63.143,125.16
124.49,288.96,62.757,124.39
123.41,288.27,62.919,124.71
122.55,287.88,63.343,125.55
121.26,286.97,63.945,126.75
121.93,287.78,63.621,126.11
122.23,287.3,63.561,125.99
121.92,287.19,63.609,126.08
122.1,287.64,63.463,125.79
122.62,287.64,63.466,125.8
122.58,288.19,63.454,125.78
122.72,287.95,63.42,125.71
122.71,287.87,63.163,125.2
122.42,287.62,63.472,125.81
123.18,287.8,63.172,125.21
123.38,287.74,63.173,125.22
123.28,287.65,63.237,125.35
123.53,287.48,63.248,125.37
138.32,286.67,63.369,125.61
172.03,286.52,63.548,125.96
208.77,285.91,63.386,125.64
244.55,285.42,63.037,124.95
280.16,284.23,62.636,124.15
310.78,284.42,62.78,124.44
338.23,284.53,62.825,124.53
368.26,284.4,62.496,123.88
402.18,284.42,62.141,123.17
431.96,285.01,61.748,122.39
450.92,286.26,61.462,121.83
451.96,286.49,61.81,122.52
451.83,286.05,62.169,123.23
451.92,285.57,62.27,123.43
451.82,285.7,62.613,124.11
451.43,285.63,62.789,124.46
450.55,284.21,63.051,124.98
451.43,285.43,63.281,125.43
451.55,284.3,63.263,125.4
451.58,284.14,63.363,125.59
452.31,285.05,63.284,125.44
452.24,284.91,63.042,124.96
452.44,285.13,63.338,125.55
452.58,284.54,63.654,126.17
453.19,284.52,63.211,125.29
455.31,284.87,62.915,124.71
505.2,284.22,62.906,124.69
541.32,285.27,62.592,124.07
586.48,284.78,62.312,123.51
566.13,275.1,61.667,122.23
569.98,323.35,61.924,122.74
578.29,306.82,62.779,124.44
595.69,258.21,61.854,122.6
583.51,269.17,61.521,121.94
541.77,269.24,61.476,121.85
559.28,268.76,61.599,122.1
556.45,271.62,61.918,122.73
557.18,270.17,62.144,123.18
557.52,268.67,61.919,122.73
557.63,268.86,62.624,124.13
558.21,268.68,62.534,123.95
558.92,269.5,62.91,124.7
557.92,268.37,63.314,125.5
557.67,267.77,63.335,125.54
558.95,267.39,63.694,126.25
557.9,268.17,63.532,125.93
559.56,268.66,63.722,126.31
558.35,267.65,63.738,126.34
558.97,267.17,63.109,125.09
560.33,268.18,63.352,125.57
560.14,267.9,63.486,125.84
559.76,267.94,64.222,127.3
588.59,268.47,64.192,127.24
549.18,256.63,64.172,127.2
551.04,295.24,64.138,127.13
562.19,260.64,65.133,129.1
599.22,295.23,65.266,129.37
572.58,347.68,65.941,130.71
542.35,345.75,66.602,132.01
483.92,337.42,66.931,132.67
479.62,336.03,67.514,133.82
484.11,337.32,67.663,134.12
482.9,336.18,67.844,134.48
483.79,335.66,68.096,134.98
480.68,336.71,68.448,135.67
483.92,337.17,68.493,135.76
489.65,337.93,68.666,136.11
487.63,334.66,68.686,136.15
483.07,335.87,68.965,136.7
487.67,336.9,68.797,136.37
482.37,332.33,68.795,136.36
488.63,337.68,68.789,136.35
490.65,336.57,68.514,135.81
489.4,336.71,68.349,135.48
487.18,336.1,68.509,135.8
493.98,337.73,68.167,135.12
488.62,337.52,68.218,135.22
488.86,335.86,68.567,135.91
490.22,335.65,68.754,136.28
489.89,335.22,68.798,136.37
489.67,335.43,68.693,136.16
490.87,335.11,68.647,136.07
490.26,335.26,68.705,136.18
491.86,336.11,68.52,135.82
490.95,336.42,68.71,136.19
489.87,334.3,69.01,136.79
490.23,334.52,69.181,137.13
491.45,336.25,68.821,136.41
491.4,335.29,68.793,136.36
492.88,335.78,68.553,135.88
494.81,337.66,68.164,135.11
491.75,335.72,68.784,136.34
493.91,336.14,68.352,135.48
493.87,335.37,68.299,135.38
493.34,336.03,68.433,135.64
493.78,336.38,68.423,135.62
495.11,335.95,67.752,134.29
493.47,336.36,68.246,135.27
494.01,335.46,68.705,136.18
493.99,335.28,68.879,136.53
496.61,336.55,67.924,134.63
495.16,335.39,68.444,135.67
496.26,336.48,68.345,135.47
495.82,335.23,68.258,135.3
495.32,335.17,68.58,135.93
495.29,335.22,68.867,136.5
496.43,336.34,68.397,135.57
496.88,336.72,68.38,135.54
497.88,337.72,67.802,134.39
497.62,335.73,67.922,134.63
498.44,336.59,67.936,134.66
497.6,336.63,68.269,135.32
497.89,336.15,68.401,135.58
498.21,335.88,68.306,135.39
498.97,335.6,68.114,135.01
499.54,337.27,67.844,134.48
499.09,336.08,68.039,134.86
498.99,336.46,68.234,135.25
498.91,335.34,68.46,135.7
500.99,338.11,67.32,133.44
501.83,337.93,67.08,132.96
499.49,335.62,68.055,134.89
500.83,336.36,67.732,134.25
501.36,336.59,67.799,134.39
500.82,336,68.047,134.88
501.01,336.41,68.115,135.01
500.72,335.68,68.244,135.27
500.63,335.65,68.398,135.58
501.19,335.92,68.542,135.86
502.27,336.68,67.73,134.25
503.26,337.88,66.863,132.53
502.18,336.88,67.773,134.34
503,336.68,67.706,134.2
502.53,336.72,67.984,134.75
502.87,336.65,68.269,135.32
503.72,336.42,67.766,134.32
504.51,336.79,67.898,134.58
504.41,336.68,67.996,134.78
503.75,336.44,68.417,135.61
504.83,336.41,68.167,135.12
503.77,335.42,68.797,136.37
506.05,337.11,67.385,133.57
505.16,335.78,68.181,135.15
505.02,334.76,68.568,135.91
505.93,336.64,67.831,134.45
506.01,336.74,67.787,134.36
506.12,335.83,67.982,134.75
508.37,337.89,66.573,131.96
507.31,337.21,67.186,133.17
508.37,338.02,66.755,132.32
507.5,337.21,67.768,134.33
506.79,335.99,68.191,135.16
507.5,335.83,68.072,134.93
509.1,337.92,66.814,132.43
508.02,337.15,67.836,134.46
508.26,336.55,68.215,135.21
485.42,336.71,67.624,134.04
452.86,338.19,67.537,133.87
416.38,337.39,67.662,134.11
383.81,337.26,67.565,133.92
369.38,336.25,67.401,133.6
406.97,335.62,67.55,133.89
438.77,338.13,67.087,132.98
477.18,337.04,67.49,133.78
463.44,337.25,66.817,132.44
423.44,337.8,67.097,133
393.87,338.52,67.035,132.87
368.51,338.03,67.269,133.34
355.52,337.2,67.433,133.66
389.62,336.9,67.423,133.64
424.4,336.63,67.697,134.19
455.3,337.41,67.813,134.41
482.01,335.83,68.493,135.76
443.02,336.9,67.917,134.62
415.24,335.74,67.707,134.21
391.84,336.91,67.428,133.65
368.12,336.29,67.695,134.18
361.7,336.44,67.519,133.83
388.18,336.03,67.73,134.25
416.26,337.28,67.504,133.8
431.46,334.94,68.414,135.61
459.7,336.42,68.745,136.26
441.92,336.48,68.129,135.04
409.15,336.57,68.638,136.05
378.26,335.9,68.893,136.56
339.74,336.78,68.135,135.05
365.69,338.15,67.778,134.34
407.45,337.12,67.999,134.78
439.11,337.66,67.976,134.74
482.55,337.2,68.158,135.1
451.59,336.83,67.801,134.39
420.61,338.62,67.225,133.25
385.91,338.26,67.066,132.94
354.73,338.34,66.92,132.65
340.51,336.9,67.263,133.32
379.74,337.41,67.314,133.43
418.31,337.33,67.424,133.64
472.77,337.5,67.766,134.32
460.09,337.4,67.479,133.75
423.25,336.6,67.997,134.78
398.23,338.73,67.378,133.55
367.55,337.75,67.441,133.68
340.05,337.08,67.995,134.78
367.75,337.68,68.048,134.88
399.14,338,67.714,134.22
430.43,337.4,67.626,134.05
465.14,337.25,67.355,133.51
443.22,335.94,67.632,134.06
407.39,338.31,67.132,133.06
367.87,338.47,66.937,132.68
351.23,337.21,67.562,133.92
377.31,338.03,67.148,133.1
402.69,337.25,67.1,133
438.06,337.13,67.418,133.63
457.41,337.01,67.737,134.26
413.39,338.33,67.135,133.07
374.62,338.73,66.984,132.77
354.67,337.74,67.366,133.53
360.43,336.15,67.706,134.2
391.84,336.73,67.425,133.65
420.92,336.54,67.553,133.9
449.01,337.95,67.118,133.04
473.12,337.91,67.184,133.17
429.72,337.99,67.09,132.98
399.35,337.43,67.38,133.56
370.46,337.2,67.898,134.58
340.62,337.23,67.796,134.38
378.73,337.58,67.661,134.11
408.16,337.72,67.749,134.29
435.86,335.97,67.892,134.57
466.73,337.12,67.603,134
484.44,337.84,67.409,133.61
482.48,336.87,67.559,133.91
482.71,337.47,67.633,134.06
483.19,337.51,67.459,133.71
482.94,337.22,67.476,133.75
482.93,337.88,67.516,133.83
482.82,337.23,67.439,133.67
482.41,336.49,68.11,135
483.14,337.79,67.609,134.01
483.08,337.42,67.196,133.19
483.57,338.42,67.196,133.19
483.11,337.61,67.327,133.45
482.2,336.47,67.905,134.6
483.2,336.95,67.476,133.75
482.78,336.92,67.577,133.95
483.34,337.08,67.574,133.94
483.58,337.78,67.486,133.77
483.01,337.19,67.408,133.61
482.82,336.83,67.46,133.72
483.45,336.5,67.621,134.03
483.26,338.03,67.392,133.58
483.13,337.43,67.561,133.92
482.78,337.27,67.513,133.82
482.94,336.82,67.566,133.93
483.09,337.17,67.545,133.88
483.42,337.41,67.379,133.55
483.21,336.75,67.501,133.8
482.2,335.86,68.304,135.39
481.94,335.68,68.595,135.96
481.96,335.23,68.774,136.32
481.88,335.71,68.636,136.05
481.86,335.55,68.677,136.13
481.5,335.54,68.692,136.16
481.92,335.2,68.638,136.05
482.92,336.51,67.759,134.31
482.19,335.46,68.247,135.28
482.7,336.53,67.781,134.35
482.95,336.87,67.409,133.62
482.94,336.46,67.517,133.83
483.12,337.04,67.541,133.88
483.4,337.11,67.494,133.78
482.16,335.17,68.541,135.86
483.2,337.3,67.762,134.31
482.92,337.12,67.277,133.35
483.37,337.26,67.274,133.35
483.39,337.56,67.338,133.47
483.13,337.4,67.18,133.16
483.73,337.88,67.153,133.11
483.55,338.32,67.027,132.86
482.51,336.84,67.894,134.57
482.04,337.1,68.09,134.96
483.03,337.41,67.367,133.53
483.16,337.32,67.301,133.4
482.97,337.16,67.287,133.37
483.28,337.61,67.261,133.32
483.49,337.4,67.23,133.26
483.75,337.79,67.261,133.32
483.25,338.16,67.005,132.81
482.38,336.03,68.058,134.9
483.22,337.7,67.258,133.31
483.21,337.73,67.177,133.15
483.14,337.55,67.049,132.9
483.43,337.53,66.981,132.77
482.96,336.89,67.309,133.42
483.54,337.41,67.324,133.45
463.61,337.34,67.445,133.69
428.76,337.6,67.408,133.61
391.69,337.78,67.46,133.72
359.11,336.99,67.193,133.19
337.54,338.82,66.903,132.61
342.78,339.49,66.091,131
341.47,339.24,66.671,132.15
341.76,338.35,66.743,132.29
342.54,339.2,66.169,131.16
341.38,337.91,67.031,132.86
341.13,337.98,67.016,132.83
341.26,338.02,67.123,133.05
341.58,338.41,67.004,132.81
341.58,337.75,67.239,133.28
343.47,339.79,66.087,130.99
340.64,338.26,67.63,134.05
340.98,337.74,67.219,133.24
341.51,338.64,67.113,133.03
321.55,339.75,66.446,131.71
288.49,340.67,65.712,130.25
241.27,340.22,66.059,130.94
204,342.27,65.961,130.74
170.73,340.62,66.663,132.14
143.54,340.26,67.717,134.22
101.06,342.3,66.612,132.03
62.81,342.43,66.832,132.47
29.649,344.04,67.494,133.78
-5.9463,343.69,67.207,133.21
-31.815,345.93,66.848,132.5
-29.131,345.53,66.941,132.69
-30.286,345.12,67.459,133.71
-30.436,345.4,67.728,134.25
-29.736,346.21,66.979,132.76
-29.498,346.06,66.712,132.23
-29.134,346.31,66.716,132.24
-28.998,345.75,66.692,132.19
-29.177,345.94,66.849,132.5
-28.456,347.55,66.035,130.89
-36.849,348.37,65.781,130.39
-21.183,344.65,65.853,130.53
-28.734,352.94,65.771,130.37
33.546,360.64,66.13,131.08
-0.94125,358.83,65.697,130.22
-1.4675,394.78,65.621,130.07
0.65357,418.71,66.047,130.91
17.187,432.66,69.891,138.53
15.893,428.18,69.893,138.54
48.473,433.09,71.837,142.39
22.063,433.42,72.666,144.04
12.059,430.36,72.662,144.03
29.843,434.88,73.372,145.43
47.137,407.11,73.825,146.33
36.308,431.5,75.829,150.3
-6.8055,431.38,76.897,152.42
8.21,430.73,78.132,154.87
49.775,426.17,80.725,160.01
18.642,429.73,81.916,162.37
12.447,429.81,83.546,165.6
-7.9141,424.49,85.432,169.34
-8.7118,423.1,86.835,172.12
9.4629,419.86,87.677,173.79
13.068,418.27,87.808,174.05
16.088,415.37,87.926,174.28
-2.7673,421.84,89.707,177.81
13.362,432.73,91.553,181.47
11.274,417.26,91.798,181.96
9.5863,415.58,91.753,181.87
34.623,413.13,90.835,180.05
23.841,418.86,92.472,183.29
44.99,362.18,92.105,182.57
15.33,362.19,91.959,182.28
12.318,362.49,91.653,181.67
10.331,363.68,92.215,182.78
8.8887,359.51,90.856,180.09
9.4815,361.58,89.909,178.21
11.274,363.68,90.596,179.57
9.5168,363.04,90.989,180.35
8.8689,362.45,91.296,180.96
11.821,362.42,90.874,180.13
