235,233,58,98
233,237.86,56.294,95.118
229.78,244.44,54.639,92.32
229.39,251.08,53.032,89.605
234.78,258.58,54.639,92.32
239.65,258.98,54.639,92.32
244.5,258.62,55.737,94.176
223.57,255.9,55.737,94.176
221.51,256.81,55.737,94.176
226.69,256.88,54.639,92.32
224.38,257.15,54.639,92.32
220.28,255.34,55.737,94.176
209.79,253.54,56.857,96.069
197.77,251.84,58,98
185.51,250.25,58.58,98.98
176.62,245.44,59.757,100.97
165.76,234.81,61.568,104.03
148.91,232.57,62.184,105.07
136.1,225.59,61.568,104.03
124.33,225.79,62.184,105.07
115.17,231.74,60.355,101.98
107.76,239.22,58.58,98.98
104.49,248.79,58,98
102.17,253.56,59.166,99.97
95.826,257,59.166,99.97
88.529,260.51,58,98
73.745,258.59,58.58,98.98
57.454,257.14,60.355,101.98
43.727,255.1,61.568,104.03
31.124,254.42,62.806,106.12
18.89,256.04,61.568,104.03
2.64,254.33,63.434,107.18
-11.356,253.22,63.434,107.18
-24.797,251.68,63.434,107.18
-15.224,226.23,63.434,107.18
-50.948,249.71,62.184,105.07
-62.79,251.31,60.355,101.98
-20.464,279.53,60.959,103
-7.6431,291.09,60.355,101.98
-8.445,302.74,59.757,100.97
-25.453,272.03,61.568,104.03
-7.6785,258.6,63.434,107.18
-18.984,254.15,62.184,105.07
-13.121,272.96,62.184,105.07
-14.998,273.61,60.355,101.98
-13.591,267.74,60.355,101.98
6.8378,277.02,59.166,99.97
5.9913,277.36,59.166,99.97
-3.517,275.38,58.58,98.98
-28.551,265.05,59.757,100.97
-15.435,262.69,60.355,101.98
-10.246,260.63,60.355,101.98
-10.181,251.09,61.568,104.03
-2.0025,256.21,61.568,104.03
2.2058,255.48,63.434,107.18
7.2133,250.68,64.068,108.25
10.253,249.34,63.434,107.18
9.2143,244.56,65.356,110.43
13.611,245.57,66.67,112.65
21.31,249.72,68.69,116.06
31.76,253.47,68.01,114.91
39.303,256.1,70.07,118.39
48.665,258.99,70.771,119.58
58.964,262.95,71.479,120.77
68.57,263.2,72.194,121.98
71.777,265.18,72.915,123.2
73.033,269.29,72.194,121.98
75.293,272.23,70.07,118.39
80.544,274.72,70.771,119.58
81.276,275.7,71.479,120.77
83.809,277.13,70.07,118.39
85.416,279.35,68.01,114.91
84.805,280.41,69.377,117.22
84.654,282.89,70.771,119.58
83.775,287.87,70.771,119.58
80.397,293.05,72.915,123.2
75.099,301.17,71.479,120.77
68.097,309.29,69.377,117.22
60.838,312.46,70.07,118.39
60.744,312.78,72.194,121.98
64.572,312.02,72.194,121.98
72.019,308.18,72.194,121.98
76.14,301.32,72.194,121.98
73.924,293.5,73.645,124.43
70.953,287.27,75.125,126.94
68.52,286.56,74.381,125.68
66.952,284.22,75.125,126.94
70.234,284.65,72.915,123.2
72.366,284.3,72.194,121.98
71.004,281.61,73.645,124.43
67.375,279.22,74.381,125.68
64.182,280.25,72.915,123.2
59.461,282.66,71.479,120.77
53.697,284.68,72.915,123.2
48.35,286.46,72.915,123.2
45.177,290.24,70.771,119.58
42.432,290.71,72.194,121.98
40.874,291.64,72.915,123.2
38.383,292.92,72.194,121.98
35.419,292.06,74.381,125.68
32.404,291.88,75.125,126.94
32.334,293.66,73.645,124.43
32.365,295.9,73.645,124.43
32.453,299.46,72.194,121.98
29.479,299.9,73.645,124.43
26.941,300.69,75.876,128.2
24.176,302.35,75.125,126.94
22.376,304.75,73.645,124.43
20.518,306.75,72.915,123.2
16.284,306.63,74.381,125.68
11.386,307.58,73.645,124.43
5.7412,307.83,73.645,124.43
1.4036,306.95,74.381,125.68
-2.7046,306.51,73.645,124.43
-6.473,305.68,73.645,124.43
-11,304.97,73.645,124.43
-14.863,302.36,74.381,125.68
-20.619,298.67,75.125,126.94
-23.8,298.6,74.381,125.68
-30.289,298.93,75.125,126.94
-34.684,301.66,73.645,124.43
-41.49,301.79,75.876,128.2
-45.248,303.13,75.876,128.2
-51.705,302.57,75.125,126.94
-61.562,301.32,76.635,129.49
-67.544,303.36,75.125,126.94
-31.53,313.65,73.645,124.43
-16.938,302.41,71.479,120.77
8.4232,312.33,69.377,117.22
3.189,311.69,70.07,118.39
29.847,287.94,69.377,117.22
26.301,293.31,68.69,116.06
20.832,297.16,66.67,112.65
16.267,293.92,66.67,112.65
22.564,328.32,67.336,113.77
20.056,328.86,67.336,113.77
23.749,330.66,66.67,112.65
26.171,331.41,66.67,112.65
-6.5482,322.41,68.69,116.06
4.1767,319.16,67.336,113.77
-1.421,301.31,65.356,110.43
30.347,316.36,67.336,113.77
40.803,311.73,68.69,116.06
44.135,310.64,66.67,112.65
43.388,309.22,67.336,113.77
41.194,309.34,68.69,116.06
36.306,309.78,70.07,118.39
31.765,314.08,70.771,119.58
25.61,316.86,71.479,120.77
19.557,322.72,69.377,117.22
