576,211,99,96
576.69,211.82,98.02,95.05
576.25,211.43,99,96
576.59,211.91,98.02,95.05
576.06,212.09,98.02,95.05
575.21,211.41,99,96
573.52,210.95,99.99,96.96
583.3,211.97,97.049,94.108
582.38,210.25,99.99,96.96
585.73,211.06,97.049,94.108
586.48,209.66,99.99,96.96
586.56,208.7,100.99,97.93
588.01,208.77,100.99,97.93
589,208.49,102,98.909
590.48,208.26,104.05,100.9
593.61,209.8,102,98.909
593.78,209.67,104.05,100.9
595.75,210.34,102,98.909
597.11,210.02,100.99,97.93
601,210.86,98.02,95.05
600.48,208.47,100.99,97.93
600.78,207.82,100.99,97.93
601.07,207.09,100.99,97.93
600.09,206.54,103.02,99.898
600,208.11,100.99,97.93
600,209.51,99,96
598.28,208.42,100.99,97.93
598.78,209.15,99.99,96.96
598.94,210.1,99,96
594.87,208.68,102,98.909
595.28,208.49,102,98.909
593.82,207.24,104.05,100.9
589.75,205.92,107.2,103.95
591.52,207.38,106.14,102.92
591.88,208.4,103.02,99.898
592.13,208.02,106.14,102.92
588.46,209.29,104.05,100.9
589.77,210.24,104.05,100.9
590.52,211.12,103.02,99.898
591.27,212.87,99.99,96.96
589.66,213.24,98.02,95.05
577.38,210.67,99,96
576.02,209.96,99.99,96.96
577.46,211.1,98.02,95.05
575.71,210.34,99,96
574.68,210.02,99,96
570.33,211.47,96.088,93.177
569.29,211.81,97.049,94.108
568.48,212.25,97.049,94.108
566.73,211.4,99,96
566.67,211.97,99,96
574.79,210.05,99.99,96.96
575.92,210.36,99.99,96.96
576.92,211.03,99,96
578.11,213.35,96.088,93.177
576.2,211.55,99,96
575.74,211.54,99,96
575.06,211.18,99.99,96.96
574.35,211.09,99.99,96.96
573.64,210.92,99.99,96.96
571.96,210.51,99.99,96.96
572.6,210.93,99,96
570.68,209.26,100.99,97.93
570.65,210.65,99.99,96.96
571.16,211.79,99,96
570.66,212.16,99,96
572.82,212.6,98.02,95.05
574.01,213.12,97.049,94.108
572.84,212.53,99,96
572.81,212.26,99,96
573.5,212.63,98.02,95.05
573.12,212.27,98.02,95.05
571.95,212.29,98.02,95.05
571.61,211.67,99,96
573.81,212.22,98.02,95.05
572.4,211.63,99,96
572.34,210.55,99.99,96.96
572.51,212.08,98.02,95.05
571.89,211.79,99,96
573.18,211.82,98.02,95.05
573.56,212.46,97.049,94.108
573.87,212.86,97.049,94.108
574.02,212.63,97.049,94.108
572.33,211.84,98.02,95.05
572.71,211.86,98.02,95.05
572.77,212.21,98.02,95.05
572.42,210.95,99.99,96.96
572.39,211.43,99,96
572.32,211.34,99,96
572.05,211.36,99,96
572.22,211.33,99,96
572.57,210.82,99.99,96.96
572.66,210.96,99,96
574.17,211.06,98.02,95.05
576.14,212.49,96.088,93.177
574.92,212.27,97.049,94.108
573.53,211.5,99,96
572.49,211.06,99.99,96.96
573.92,212.97,97.049,94.108
572.57,211.69,99,96
574.11,212.59,96.088,93.177
573.18,212.02,97.049,94.108
572.76,210.98,99,96
574.48,211.87,97.049,94.108
574.08,212.04,97.049,94.108
574.54,212.94,96.088,93.177
574.57,213.37,96.088,93.177
574.42,213.08,96.088,93.177
572.19,211.2,99,96
572.11,211.24,98.02,95.05
570.08,208.74,100.99,97.93
571.14,209.97,99,96
571.03,210.18,99,96
570.67,210.05,99.99,96.96
570.23,208.93,100.99,97.93
571.41,210.03,99,96
570.37,208.9,100.99,97.93
572.12,210.31,99,96
571.5,208.75,100.99,97.93
573.29,210.45,99,96
574.65,211.05,98.02,95.05
575.29,210.95,98.02,95.05
576.66,211.78,97.049,94.108
575.75,211.45,98.02,95.05
574.39,209.13,100.99,97.93
573.16,209.39,100.99,97.93
573.49,211.66,98.02,95.05
571.94,211.64,99,96
571.94,212.34,97.049,94.108
571.47,211.42,99,96
571.34,211.4,99,96
571.36,211.42,99,96
571.65,211.47,99,96
572.08,211.36,99,96
573.02,211.6,99,96
572.93,211.52,99,96
573.99,212.11,98.02,95.05
573.9,211.91,98.02,95.05
573.14,211.45,99,96
572.65,211.24,99,96
572.97,210.96,99,96
573.75,211.47,98.02,95.05
573.47,210.11,99.99,96.96
573.95,211.24,98.02,95.05
572.62,208.93,100.99,97.93
573.95,210.55,99,96
573.28,209.09,100.99,97.93
573.75,211.12,99,96
573.02,210.88,99.99,96.96
573.07,211.4,99,96
572.81,211.48,99,96
572.61,211.5,99,96
571.84,211.08,99.99,96.96
572.85,212.34,98.02,95.05
572.43,211.8,99,96
572.09,212.01,99,96
571.51,211.96,99,96
571.63,211.87,99,96
571.73,211.43,99,96
571.77,211.43,99,96
571.61,211.51,99,96
571.88,212.24,98.02,95.05
571.85,211.92,99,96
572.52,212.23,98.02,95.05
572.05,211.7,99,96
571.55,211.37,99,96
571.55,211.09,99,96
570.95,211.87,99,96
570.01,212.33,98.02,95.05
570.92,213.75,96.088,93.177
570.81,211,99,96
570.5,210.37,99.99,96.96
571.32,211.71,98.02,95.05
570.71,210.53,99.99,96.96
570.52,210.15,99.99,96.96
571.24,211.34,98.02,95.05
570.71,211.72,98.02,95.05
569.84,210.46,99.99,96.96
571,211.81,98.02,95.05
570.68,211.53,99,96
569.78,211.05,99.99,96.96
570.07,211.65,99,96
571.32,213.72,96.088,93.177
570.62,213.44,96.088,93.177
569.63,212.47,98.02,95.05
569.84,211.43,99,96
570.14,211.74,99,96
569.4,210.83,99.99,96.96
569.6,211.58,99,96
568.9,211.07,99.99,96.96
568.92,212.27,98.02,95.05
568.94,211.64,99,96
568.48,211.66,99,96
568.74,211.46,99,96
567.96,210.97,99.99,96.96
567.66,211.53,99,96
567.78,211.45,99,96
567.88,211.7,99,96
568.43,211.64,99,96
568.99,212.72,97.049,94.108
567.9,211.32,99,96
567.58,211.82,98.02,95.05
567.73,211.04,99,96
567.67,211.41,99,96
567.5,211.41,99,96
567.55,211.44,99,96
567.66,211.59,99,96
567.07,211.74,99,96
566.9,211.72,99,96
567.53,213.16,97.049,94.108
567.05,212.41,98.02,95.05
567.02,212.25,98.02,95.05
566.99,212.34,98.02,95.05
567.3,213.03,97.049,94.108
567.37,213.65,96.088,93.177
567.22,213.6,96.088,93.177
565.7,211.84,99,96
567.16,213.65,96.088,93.177
565.94,211.93,99,96
565.95,211.68,99,96
565.96,212.11,98.02,95.05
565.4,211.84,99,96
565.44,211.75,99,96
565.63,212.13,98.02,95.05
565.81,212.99,97.049,94.108
564.86,212.05,99,96
564.78,211.91,99,96
565.02,211.55,99,96
565.39,212.5,97.049,94.108
564.53,211.4,99,96
565.69,213.3,96.088,93.177
564.44,211.55,99,96
564.21,211.74,99,96
564.14,211.72,99,96
564.19,211.57,99,96
564.11,211.49,99,96
563.79,211.44,99,96
563.42,210.95,99.99,96.96
563.96,211.47,99,96
564.8,213.25,96.088,93.177
563.34,211.53,99,96
563.39,211.6,99,96
563.4,211.62,99,96
563.26,211.56,99,96
563.28,211.63,99,96
563.14,211.73,99,96
563.18,211.57,99,96
563.05,211.57,99,96
562.89,211.75,99,96
562.89,211.82,99,96
562.72,211.65,99,96
563.77,213.53,96.088,93.177
562.4,211.9,99,96
562.54,211.82,99,96
563.21,212.99,97.049,94.108
561.86,211.5,99.99,96.96
562.13,211.69,99,96
562.12,211.59,99,96
561.63,210.9,99.99,96.96
562.03,211.57,99,96
561.58,210.8,99.99,96.96
561.68,210.95,99.99,96.96
561.65,210.76,99.99,96.96
562.17,211.32,99,96
561.8,210.63,99.99,96.96
561.77,210.45,99.99,96.96
560.94,209.31,100.99,97.93
561.84,210.89,99,96
561.95,211.48,98.02,95.05
561.54,211.21,99,96
561.69,211.23,99,96
563.23,213.32,96.088,93.177
562.36,211.37,99,96
561.84,210.8,99.99,96.96
562.98,212.62,97.049,94.108
563.31,212.79,96.088,93.177
562.92,212.36,97.049,94.108
562.39,211.35,99,96
562.26,211.34,99,96
562.53,211.27,99,96
562.94,211.33,99,96
563.06,211.26,99,96
563.04,211.22,99,96
562.8,211.07,99,96
562.62,211.16,99,96
562.66,210.97,99,96
561.77,208.94,100.99,97.93
562.78,210.37,99,96
563.72,211.91,97.049,94.108
563.87,212.13,97.049,94.108
563.08,211.38,99,96
563.14,211.39,99,96
563.03,211.28,99,96
562.92,211.47,99,96
563.37,211.37,99,96
563.39,211.19,99,96
563.51,211.17,99,96
564.31,212.39,97.049,94.108
563.86,211.71,98.02,95.05
564.04,212.5,97.049,94.108
563.85,212.62,97.049,94.108
564.08,212.52,97.049,94.108
564.11,212.49,97.049,94.108
564.28,212.39,97.049,94.108
565.17,213.13,96.088,93.177
564.41,211.37,99,96
564.48,211.23,99,96
564.52,211.18,99,96
564.32,210.68,99.99,96.96
564.8,211.28,99,96
565.03,211.32,99,96
565.04,211.27,99,96
564.94,211.47,99,96
565.09,211.55,99,96
564.62,210.99,99.99,96.96
565.18,211.36,99,96
565.08,211.46,99,96
565.22,211.44,99,96
565.32,211.43,99,96
565.3,211.35,99,96
565.42,211.45,99,96
565.4,211.41,99,96
565.87,212.03,98.02,95.05
565.76,211.91,98.02,95.05
565.64,211.36,99,96
565.96,211.36,99,96
566.03,211.4,99,96
566.02,211.4,99,96
566.16,211.37,99,96
566.61,212.15,98.02,95.05
566.24,211.48,99,96
566.68,211.96,98.02,95.05
566.33,211.47,99,96
566.43,211.36,99,96
566.51,211.38,99,96
566.98,211.73,98.02,95.05
567.03,211.79,98.02,95.05
565.48,209.6,100.99,97.93
567.03,211.29,98.02,95.05
565.7,209.53,100.99,97.93
567.22,211.26,98.02,95.05
567.29,211.42,98.02,95.05
565.89,209.42,100.99,97.93
566.45,210.37,99.99,96.96
567.4,211.4,98.02,95.05
567.41,211.51,98.02,95.05
567.45,211.68,98.02,95.05
567.26,211.77,98.02,95.05
566.65,211.21,99,96
566.96,211.45,99,96
567.18,211.39,99,96
566.85,211.44,99,96
565.99,210.06,100.99,97.93
566.19,210.3,100.99,97.93
567.43,211.85,99,96
566.24,210.19,100.99,97.93
565.97,209.95,100.99,97.93
567,211.04,99.99,96.96
567.15,210.96,99.99,96.96
567.29,211.39,99,96
567.07,211.58,99,96
567.14,211.57,99,96
567.62,211.93,98.02,95.05
567.2,211.44,99,96
566.4,209.51,102,98.909
567.59,209.65,100.99,97.93
568.11,209.56,100.99,97.93
567.9,209.36,100.99,97.93
567.56,209.54,100.99,97.93
567.52,209.57,100.99,97.93
568.29,210.84,99.99,96.96
568.55,211.7,99,96
568.22,211.61,99,96
566.67,209.56,102,98.909
568.03,211.48,99,96
568.12,211.39,99,96
567.94,211.17,99.99,96.96
568.3,211.55,99,96
567.28,209.85,100.99,97.93
565.95,208.49,103.02,99.898
566.06,208.56,103.02,99.898
566.21,208.66,103.02,99.898
567.4,209.48,100.99,97.93
568.06,210.55,99.99,96.96
568.56,211.3,99,96
569.31,211.8,98.02,95.05
568.73,211.38,99,96
568.66,211.21,99,96
567.51,209.92,100.99,97.93
567.56,209.92,100.99,97.93
567.57,209.95,100.99,97.93
567.37,209.78,100.99,97.93
567.54,209.87,100.99,97.93
568.55,211.2,99.99,96.96
568.72,211.81,99,96
568.87,211.62,99,96
569.07,211.64,99,96
568.9,211.96,99,96
569.06,211.77,99,96
568.68,211.77,99,96
568.48,211.75,99,96
567.93,211.85,99,96
567.82,211.61,99,96
567.7,211.49,99,96
567.58,211.51,99,96
567.47,211.66,99,96
567.24,211.68,99,96
567.13,211.71,99,96
566.87,211.69,99,96
567.15,212.11,99,96
566.87,212.15,99,96
566.84,212.18,99,96
566.94,212.46,98.02,95.05
566.39,211.94,99,96
566.79,211.99,99,96
567.18,211.85,99,96
566.94,211.85,99,96
567.02,211.89,99,96
567.2,211.7,99,96
567.32,211.64,99,96
567.02,211.76,99,96
567.21,211.91,99,96
567.47,211.82,99,96
567.28,211.73,99,96
565.84,210.39,100.99,97.93
567.19,211.96,99,96
567.22,211.97,99,96
565.91,210.41,100.99,97.93
565.82,210.41,100.99,97.93
565.88,210.49,100.99,97.93
567.17,211.76,99,96
567.09,211.64,99,96
567.03,211.7,99,96
567.15,211.75,99,96
567.16,211.73,99,96
567.12,211.62,99,96
567.1,211.66,99,96
567.19,211.68,99,96
567.35,211.63,99,96
567.44,211.6,99,96
567.37,211.56,99,96
567.39,211.71,99,96
567.43,211.49,99,96
567.26,211.61,99,96
567.18,211.62,99,96
567.28,211.69,99,96
567.24,211.63,99,96
567.23,211.58,99,96
567.17,211.69,99,96
567.35,211.72,99,96
567.38,211.56,99,96
567.11,211.61,99,96
567.29,211.69,99,96
567.62,211.63,99,96
567.73,211.71,99,96
568.01,212.21,98.02,95.05
567.82,211.6,99,96
567.76,211.69,99,96
567.44,210.94,99.99,96.96
567.85,211.39,99,96
567.42,210.67,99.99,96.96
568.1,211.54,99,96
568.5,212.1,98.02,95.05
568.4,211.86,98.02,95.05
566.82,209.85,100.99,97.93
566.76,209.78,100.99,97.93
566.82,209.73,100.99,97.93
566.65,209.66,100.99,97.93
566.67,209.6,100.99,97.93
566.8,209.72,100.99,97.93
567.58,210.85,99.99,96.96
568.84,212.52,97.049,94.108
568.81,212.55,97.049,94.108
568.85,212.51,97.049,94.108
568.48,212.12,98.02,95.05
568.14,211.48,99,96
568.11,211.45,99,96
568.14,211.53,99,96
568.51,212.26,98.02,95.05
568.06,211.54,99,96
568.55,212.2,98.02,95.05
567.74,211.01,99.99,96.96
567.84,211,99.99,96.96
566.82,209.41,102,98.909
566.96,209.71,100.99,97.93
566.39,209.35,102,98.909
566.39,209.32,102,98.909
566.38,209.16,102,98.909
566.33,209.28,102,98.909
566.41,209.38,102,98.909
567.06,209.79,100.99,97.93
566.32,209.27,102,98.909
566.21,209.38,102,98.909
566.3,209.49,102,98.909
566.29,209.32,102,98.909
566.2,209.26,102,98.909
566.2,209.27,102,98.909
566.3,209.43,102,98.909
566.28,209.41,102,98.909
567.42,210.81,99.99,96.96
567.5,210.91,99.99,96.96
567.61,210.98,99.99,96.96
568.46,212.27,98.02,95.05
567.56,210.86,99.99,96.96
568.44,212.27,98.02,95.05
567.56,211.06,99.99,96.96
567.74,210.97,99.99,96.96
568.11,211.6,99,96
568.01,211.56,99,96
567.57,211.07,99.99,96.96
567.82,211.04,99.99,96.96
567.54,210.93,99.99,96.96
568.02,211.7,99,96
567.68,211.08,99.99,96.96
567.8,211.16,99.99,96.96
568.4,212.38,98.02,95.05
567.95,211.7,99,96
566.73,210.21,100.99,97.93
567.57,211.07,99.99,96.96
567.52,210.87,99.99,96.96
567.56,210.94,99.99,96.96
567.58,211.11,99.99,96.96
567.78,211.07,99.99,96.96
567.64,210.98,99.99,96.96
568.05,211.83,99,96
567.62,211.14,99.99,96.96
567.74,211.07,99.99,96.96
567.51,211,99.99,96.96
567.52,211.06,99.99,96.96
567.63,211.11,99.99,96.96
567.7,211.08,99.99,96.96
567.7,211.01,99.99,96.96
567.64,211.06,99.99,96.96
567.69,211.12,99.99,96.96
567.8,211.07,99.99,96.96
567.74,210.95,99.99,96.96
568.08,211.77,99,96
567.75,211.14,99.99,96.96
567.73,211.15,99.99,96.96
567.72,211,99.99,96.96
567.66,211.09,99.99,96.96
567.78,211.27,99.99,96.96
567.97,211.23,99.99,96.96
567.72,211.09,99.99,96.96
567.6,211.13,99.99,96.96
567.74,211.16,99.99,96.96
567.87,211.3,99.99,96.96
567.67,211.18,99.99,96.96
568.15,211.82,99,96
