112,264,25,28
112.49,264.55,23.965,26.841
113.1,264.99,23.999,26.878
113.37,265.2,23.512,26.334
113.46,264.43,23.531,26.354
113.02,264.22,23.042,25.807
112.96,264.17,22.342,25.023
112.29,263.91,21.905,24.534
111.69,264.15,22.203,24.867
110.39,264.52,21.619,24.214
108.95,262.74,21.908,24.537
108.39,263.23,22.179,24.841
107.81,261.65,22.558,25.265
108.06,261.87,22.262,24.933
105.61,268.37,22.215,24.88
113.34,266.37,22.702,25.426
124.57,259.09,22.303,24.979
137.4,264.97,21.641,24.238
150.47,262.5,21.61,24.203
163.09,262.7,21.476,24.054
175.49,265.05,21.214,23.76
183.98,267.61,20.323,22.762
184.57,272.61,19.902,22.29
186.41,283.82,19.073,21.361
171.67,290.98,18.884,21.15
171.8,308.15,18.962,21.238
171.54,311.51,18.505,20.726
174.55,329.21,18.307,20.504
153.32,325.87,17.531,19.635
149.78,329.18,17.553,19.66
147.58,335.73,17.324,19.403
151.55,331.31,17.665,19.785
132.14,330.87,17.394,19.481
135.81,320.61,17.219,19.285
131.78,314.64,17.238,19.306
124.62,319.88,17.323,19.402
130.83,314.4,17.532,19.636
136.65,314.58,17.249,19.319
149.68,318.34,16.985,19.023
156.96,330.91,16.897,18.925
151.93,325.32,16.856,18.879
149.59,324.17,16.892,18.919
148.05,325.7,16.908,18.937
138.44,322.62,16.838,18.858
140.72,334.01,16.658,18.657
139.4,334.14,16.775,18.788
132.36,324.7,16.348,18.31
121.63,330.32,16.229,18.176
111.96,337.52,16.381,18.346
123.65,326.68,16.418,18.388
134.14,328.38,16.627,18.623
135.39,332.14,16.591,18.582
130.83,346.78,16.749,18.759
132.87,332.4,16.633,18.629
133.88,325.58,16.716,18.722
143.92,325.21,16.644,18.641
145.05,317.14,16.62,18.615
139.38,312.6,16.824,18.843
131.89,325.21,16.813,18.83
131.61,312.45,16.739,18.748
128.61,312.2,16.769,18.781
132.61,308.63,17.107,19.16
145.1,307.41,17.056,19.103
141.01,306.83,17.273,19.345
147.36,307.13,17.288,19.362
157.52,302.63,17.295,19.37
155.53,302.34,17.174,19.235
163.78,276.81,16.948,18.982
165.96,273.89,16.985,19.024
168.72,274.84,17.013,19.054
172.42,275.21,17.283,19.357
175.74,274.65,17.234,19.303
179.54,275.05,17.315,19.393
182.46,273.5,17.378,19.463
185.3,270.45,17.465,19.561
188.14,268.3,17.511,19.612
190.28,266.12,17.768,19.9
191.68,266.13,17.593,19.704
193.06,266.39,17.743,19.872
195.05,266.63,17.527,19.63
197.38,264.46,17.509,19.61
201.97,265.22,17.58,19.69
199.99,270.62,17.419,19.509
190.03,280.77,17.347,19.429
202.06,286.42,17.433,19.525
214.04,281.37,17.381,19.467
222.31,269.15,17.29,19.365
220.39,266.57,16.885,18.911
231.46,284.84,16.387,18.354
222.59,287.54,15.968,17.885
226.17,290.02,15.891,17.798
231.39,282.88,15.854,17.757
237.04,263.3,15.67,17.55
232.81,253.08,15.496,17.356
228.04,238.45,15.554,17.42
220.7,242.09,15.478,17.335
224.23,241.81,15.52,17.383
222.47,243.88,15.472,17.328
221.02,254.2,15.493,17.352
224.22,256.6,15.521,17.384
229.68,257.97,15.465,17.32
238.25,258.98,15.431,17.283
247.59,255.3,15.399,17.247
259.21,250.16,15.449,17.303
266.03,245.28,15.404,17.252
265.79,248.34,15.421,17.272
264.23,249.79,15.392,17.239
253.09,254.23,15.424,17.275
249.28,255.55,15.319,17.157
245.04,259.16,15.373,17.218
250.96,261.49,15.339,17.179
250.73,272.22,15.521,17.383
246.97,275.31,15.596,17.468
246.55,280.81,15.591,17.461
242.1,273.92,15.713,17.598
232.68,272.91,15.919,17.83
230.96,274.31,15.899,17.807
236.11,267.19,15.889,17.796
235.55,277.59,15.914,17.824
245.85,268.47,15.945,17.858
256.77,268.18,16.05,17.976
263.36,284.89,16.181,18.123
259.04,287.55,16.483,18.461
259.4,270.9,16.503,18.484
267.98,275.77,16.499,18.479
256.83,265.42,16.357,18.319
268.24,253.77,16.571,18.559
268,253.76,16.655,18.653
268.53,254.02,16.782,18.796
269.35,253.37,16.795,18.81
271.21,253.4,16.777,18.791
277.78,253.32,16.654,18.653
286.21,251.41,16.73,18.738
284.05,247.3,16.937,18.969
291.65,243.16,16.992,19.031
300.36,240.68,17.046,19.091
289.89,234.91,17.108,19.161
293.12,234.4,17.182,19.244
305.36,223.2,16.995,19.034
299.56,224.73,16.767,18.779
313.47,228.79,16.604,18.597
307.68,225.57,16.395,18.362
301.07,223.42,16.499,18.479
310.35,224.75,16.543,18.529
314.51,219.37,16.513,18.495
309.55,223.07,16.324,18.283
309.71,217.45,16.287,18.241
324.18,224.37,16.32,18.278
333.84,224.19,16.309,18.267
334.58,222.86,16.397,18.365
335.83,221.27,16.327,18.287
340.55,218.92,16.263,18.215
340.55,219.3,16.233,18.181
339.97,215.45,16.32,18.278
346.85,204.47,16.291,18.246
347.73,204.76,16.263,18.215
343.98,195.35,16.595,18.587
338.16,184.01,16.523,18.505
340.33,183.53,16.354,18.316
340.26,182.42,16.31,18.268
339.82,181.95,16.084,18.014
339.7,182.39,16.13,18.066
341.26,184.66,16.205,18.15
340.7,187.01,16.223,18.17
347.56,188.53,16.17,18.11
338.05,186.74,16.143,18.081
343.17,184.68,16.111,18.044
340.77,182.52,16.027,17.95
335.5,179.91,16.022,17.944
339.64,177.8,15.956,17.871
347.51,175.94,15.861,17.765
351.59,172.07,15.81,17.707
349.83,168.39,15.778,17.672
340.36,164.26,15.705,17.59
340.23,163.41,15.739,17.627
349.18,163.27,15.775,17.667
359.85,163.29,15.787,17.682
361.68,161.93,15.637,17.513
369.52,160.36,15.617,17.491
377.25,159.52,15.589,17.46
381.77,158.14,15.63,17.505
387.94,155.9,15.706,17.59
405.91,153.55,15.72,17.607
408.9,153.73,15.758,17.649
411.14,151.92,15.651,17.529
412.96,151.36,15.571,17.439
415.59,149.55,15.577,17.446
415.17,148.65,15.602,17.474
416.21,148.38,15.625,17.5
415,147.63,15.678,17.56
414.24,149.28,15.54,17.405
420.09,139.75,15.583,17.453
425.36,138.38,15.593,17.464
430.91,135.45,15.627,17.503
