16,306,42,91
27.329,305.52,42,91
38.453,303.62,41.584,90.099
46.978,303.56,42,91
55.188,302.03,43.273,93.757
62.816,300.58,44.142,95.642
73.835,299.73,44.584,96.598
80.722,297.8,43.705,94.695
88.82,299,42.844,92.829
92.871,298.09,42.844,92.829
101.24,299.59,41.584,90.099
115.35,300.67,40.361,87.449
125.02,299.79,40.765,88.324
135.18,299.43,40.361,87.449
143.88,298.38,39.566,85.726
152.41,299.82,38.402,83.205
161.61,294.88,39.174,84.877
167.32,295.11,39.174,84.877
171.45,290.71,40.361,87.449
175.38,289.55,40.765,88.324
182.08,289.82,39.566,85.726
189.77,287.54,39.566,85.726
192.84,289.2,39.174,84.877
195.66,286.08,39.174,84.877
201.24,287.47,38.402,83.205
210.43,286.52,37.646,81.565
218.94,284.16,36.538,79.167
223.51,286.09,36.177,78.383
229.61,286.32,35.464,76.838
235.71,285.36,34.421,74.579
249.25,284.76,34.421,74.579
250.42,283.9,33.409,72.385
257.35,283.22,33.743,73.109
261.16,281.84,32.75,70.959
270.51,282.38,32.426,70.256
278.88,277.26,33.409,72.385
285.82,276.38,34.08,73.84
292.7,276.08,33.078,71.669
299.05,275.29,33.078,71.669
308.59,272.41,34.08,73.84
317.15,268.24,34.765,75.324
322.74,268.73,35.818,77.607
328.37,266.41,35.464,76.838
335,266.24,35.818,77.607
342.29,264.27,35.113,76.078
346.41,262.18,36.177,78.383
350.39,263.55,35.464,76.838
353.29,264.23,34.421,74.579
355.88,262.52,35.113,76.078
358.45,262.38,34.421,74.579
361.46,261.23,35.113,76.078
365.95,262.15,34.421,74.579
372.52,260.36,35.464,76.838
375.7,259.28,35.464,76.838
378.26,258.65,35.113,76.078
380.76,258.81,35.113,76.078
383.66,259.31,34.421,74.579
384.97,257.79,34.765,75.324
387.37,257.41,34.421,74.579
389.76,256.76,34.421,74.579
393.45,257.07,34.421,74.579
397.99,257.08,34.08,73.84
402.84,257.21,33.409,72.385
405.04,256.32,34.08,73.84
408.02,256.48,33.743,73.109
410.29,255.75,33.078,71.669
412.28,255.01,33.078,71.669
415.38,254.13,34.08,73.84
418.7,254.74,33.078,71.669
424,255.65,32.426,70.256
428.31,254.56,32.426,70.256
431.01,252.61,33.078,71.669
435.42,252.74,33.409,72.385
438.58,252.45,32.75,70.959
441.97,253.07,32.426,70.256
444.68,253.04,32.105,69.561
447.07,253.4,31.472,68.19
450.94,252.73,32.105,69.561
453.96,250.64,33.078,71.669
457.6,249.69,33.743,73.109
460.14,249.69,33.078,71.669
463.04,251.59,32.426,70.256
465.76,250.03,33.409,72.385
468.09,248.73,33.078,71.669
470.86,249.41,32.426,70.256
473.76,250.08,31.787,68.872
478.4,249.38,32.426,70.256
481.04,246.91,33.409,72.385
483.41,247.19,33.078,71.669
485.7,247.59,33.409,72.385
487.99,247.19,33.409,72.385
488.56,245.25,32.75,70.959
490.61,245.82,32.426,70.256
492.83,245.58,33.409,72.385
495.29,244.76,32.75,70.959
498.04,244.18,32.75,70.959
501.08,244.19,32.426,70.256
502.7,244.65,32.426,70.256
504.2,245.37,31.472,68.19
505.08,244.3,31.787,68.872
506.63,244.17,31.161,67.515
507.47,242.5,31.472,68.19
509.43,243.9,32.105,69.561
511.89,242.41,31.787,68.872
513.85,241.82,31.472,68.19
516.17,242.35,31.161,67.515
517.78,242.49,30.852,66.847
517.98,241.63,31.472,68.19
518.93,241.14,31.161,67.515
519.69,239.71,32.105,69.561
521.03,240.2,32.105,69.561
523.34,240.57,31.161,67.515
524.91,239.83,30.852,66.847
527.72,240.12,30.244,65.529
528.65,239.44,30.852,66.847
529.58,239.22,30.852,66.847
529.88,238.5,30.547,66.185
529.52,236.98,30.547,66.185
512.74,236.51,30.547,66.185
494.58,237.82,31.472,68.19
479.52,237.84,30.547,66.185
463.86,236.39,30.547,66.185
449.36,235.76,31.161,67.515
431.39,236.09,30.852,66.847
415.6,236.82,30.244,65.529
412.44,235.96,29.945,64.881
413.94,234.53,30.244,65.529
415.29,234.46,29.648,64.238
417.23,234.09,30.547,66.185
420.92,233.53,30.547,66.185
423.47,232.44,30.547,66.185
426.73,232.54,29.648,64.238
429.6,233.7,29.064,62.972
431.99,233.29,28.776,62.349
434.29,232.18,28.776,62.349
435.99,230.69,28.209,61.12
437.53,229.54,28.492,61.732
440.04,230.66,28.209,61.12
442.13,230.04,28.209,61.12
444.69,228.6,29.064,62.972
447.43,227.41,28.776,62.349
449.45,227.18,29.064,62.972
451.25,227.86,29.064,62.972
452.65,227.23,29.945,64.881
454.27,226.52,29.064,62.972
454.91,225.25,28.776,62.349
455.84,224.31,29.648,64.238
458.24,226.21,29.064,62.972
459.76,225.62,28.492,61.732
462.49,225.1,28.209,61.12
463.27,223.39,28.776,62.349
464.83,224.49,29.064,62.972
465.72,223.55,29.945,64.881
466.77,223.37,29.064,62.972
467.18,222.42,28.492,61.732
468.97,223.39,28.209,61.12
469.73,222.67,29.064,62.972
471.68,222.94,28.209,61.12
472.58,221.28,29.064,62.972
472.99,220.24,29.945,64.881
473.67,220.02,29.945,64.881
473.82,220.6,30.244,65.529
473.16,219.61,29.648,64.238
473.84,219.65,29.064,62.972
473.56,219.52,28.492,61.732
474.5,219.94,27.93,60.515
475.25,219.98,27.93,60.515
476.82,219.32,28.209,61.12
477.83,219.21,27.38,59.323
477.84,218.75,27.654,59.916
478.4,218.69,28.209,61.12
478.08,218.6,28.209,61.12
476.9,217.06,28.492,61.732
477.86,217.27,27.93,60.515
478.57,217.89,27.654,59.916
479.83,217.94,27.654,59.916
481.85,217.97,27.38,59.323
483.26,217.51,26.84,58.154
482.91,215.91,27.654,59.916
483.34,216.01,27.93,60.515
483.67,216.28,27.93,60.515
483.82,215.78,28.209,61.12
482.72,214.58,28.492,61.732
467.46,215.35,27.654,59.916
449.34,214.42,28.492,61.732
448.15,215.16,28.776,62.349
451.33,214.99,28.209,61.12
452.19,215.85,27.38,59.323
452.27,215.49,27.109,58.736
453.68,217.13,26.84,58.154
453.18,216.01,27.38,59.323
453.4,215.67,26.84,58.154
454.64,215.87,26.051,56.444
455.25,215.74,26.575,57.578
456.03,216.72,26.051,56.444
456.81,214.66,26.311,57.008
457.74,214.5,26.84,58.154
458.21,215.11,26.575,57.578
457.59,214.44,27.109,58.736
458.37,215.12,26.311,57.008
458.65,215.06,25.538,55.332
458.61,214.21,25.793,55.885
459.43,213.94,26.311,57.008
461.13,214.35,26.051,56.444
461.55,213.94,25.538,55.332
462.9,213.69,26.051,56.444
463.26,213.03,26.84,58.154
463.79,214.31,26.051,56.444
463.46,211.75,26.84,58.154
463.39,210.85,27.38,59.323
463.92,211.55,26.84,58.154
463.93,210.91,27.38,59.323
464.3,210.81,27.109,58.736
465.44,209.64,27.38,59.323
465.3,209.55,27.109,58.736
465.22,209.96,27.38,59.323
465.44,210.2,26.84,58.154
464.37,210.09,26.84,58.154
464.08,210.33,26.575,57.578
464.06,210.21,26.84,58.154
464.07,210.29,26.575,57.578
463.78,209.04,27.109,58.736
464.33,209.14,27.38,59.323
464.31,208.27,27.109,58.736
464.79,208.52,26.311,57.008
464.31,209.1,26.575,57.578
463.73,208.13,26.051,56.444
463.7,208.82,25.285,54.784
463.48,208.55,25.285,54.784
463.29,207.81,25.538,55.332
463.3,209.09,25.285,54.784
463.54,206.83,25.034,54.241
464.39,206.51,24.541,53.173
464.61,207.85,23.819,51.609
465.47,208.42,23.584,51.098
466.12,207.75,23.119,50.091
466.87,207.14,22.663,49.104
462.01,209.98,22.217,48.136
460.77,208.76,22.89,49.595
460.61,208.51,23.35,50.592
460.86,207.84,23.584,51.098
460.73,207.38,23.584,51.098
458.8,206.89,23.819,51.609
458.21,206.1,23.819,51.609
454.05,213.21,23.584,51.098
454.12,206.45,23.35,50.592
454.34,206.27,23.35,50.592
452.54,207.87,23.119,50.091
450.99,210.13,22.663,49.104
437.73,212.14,22.663,49.104
435.31,212.43,22.439,48.618
434.39,211.76,21.997,47.66
434.29,212.15,21.563,46.721
434.79,212.03,20.929,45.347
433.92,213.66,20.517,44.453
432.99,212.62,19.913,43.146
432.07,212.75,20.113,43.577
430.79,211.44,20.517,44.453
428.01,211.42,20.314,44.013
426.48,210.88,20.722,44.898
426.31,211.57,20.113,43.577
426.29,212.11,19.521,42.296
426.59,212.41,18.947,41.052
424.36,211.12,19.521,42.296
424.18,209.87,19.136,41.462
422.46,209.17,19.521,42.296
440.86,205.48,20.113,43.577
441.73,204.7,20.517,44.453
441.87,203.54,20.929,45.347
441,203.48,21.139,45.8
440.03,203.39,21.139,45.8
439.53,203.02,21.35,46.258
438.98,202.02,21.139,45.8
438.36,202.47,21.139,45.8
439.42,202.72,20.517,44.453
438.39,202.34,20.929,45.347
437.75,200.61,21.139,45.8
437.09,200.77,21.779,47.188
436.33,201.5,22.217,48.136
434.71,200.36,22.663,49.104
433.51,199.75,21.997,47.66
434.17,199.32,21.779,47.188
433.21,199.56,21.139,45.8
432.69,199.73,21.139,45.8
432.18,198.98,21.139,45.8
433.28,198.46,20.517,44.453
432.94,197.79,20.314,44.013
431.81,198.98,20.929,45.347
429.74,198.78,21.563,46.721
429.09,197.3,22.217,48.136
428.58,196.92,22.663,49.104
428.2,195.51,21.997,47.66
428.2,196.07,22.217,48.136
428.85,195.74,21.779,47.188
428.21,194.95,21.139,45.8
428.54,194.81,21.779,47.188
428.07,194.75,21.139,45.8
428.34,196.02,20.929,45.347
427.4,194.85,20.929,45.347
427.55,193.89,20.929,45.347
427.02,193.83,21.35,46.258
427.76,194.09,20.929,45.347
428.55,193.75,20.517,44.453
428.72,193.29,20.929,45.347
428.44,192.45,20.314,44.013
428.94,192.93,20.314,44.013
428.75,193.49,20.929,45.347
428.22,192.66,21.35,46.258
427.62,192.36,20.722,44.898
428.17,192.65,20.517,44.453
427.87,192.88,19.913,43.146
428.23,193.18,20.517,44.453
428.4,192.8,20.113,43.577
428.23,192.37,20.113,43.577
428.14,192.52,19.716,42.719
428.28,193.2,20.113,43.577
428.26,192.98,19.716,42.719
427.85,192.21,19.716,42.719
426.96,191.55,20.314,44.013
427.56,192.26,20.113,43.577
427.1,191.75,19.913,43.146
427.21,190.8,20.314,44.013
427.26,190.25,20.314,44.013
428.13,191.28,19.716,42.719
427.14,190.39,20.314,44.013
427,190.49,19.913,43.146
426.59,189.74,20.314,44.013
427.4,190.16,20.517,44.453
427.28,190.3,20.314,44.013
428.14,190.29,19.913,43.146
428.75,188.8,20.314,44.013
428.58,188.51,20.314,44.013
429.74,188.79,20.517,44.453
428.8,188.8,20.722,44.898
428.73,188.22,20.722,44.898
428.7,187.72,20.314,44.013
428.86,187.96,20.929,45.347
428.56,188.42,20.929,45.347
428,188.22,20.722,44.898
428.41,188.25,20.113,43.577
428.28,187.52,19.716,42.719
427.94,187.46,20.113,43.577
427.64,188.03,19.716,42.719
426.84,187.45,19.328,41.877
426.11,186.02,19.913,43.146
426.26,186.1,20.517,44.453
427.06,187.34,20.113,43.577
426.75,185.72,20.722,44.898
427.85,185.22,20.314,44.013
428.72,185.16,20.113,43.577
428.48,184.62,20.722,44.898
428.33,186.07,21.35,46.258
428.63,185.42,21.35,46.258
