285,111,41,31
282.98,111.31,41,31
279.49,112.05,42.242,31.939
274.93,112.05,43.522,32.907
271.64,113.58,42.665,32.259
268.38,114.58,42.665,32.259
265.22,116.36,43.958,33.236
261.08,117.29,42.665,32.259
257.51,118.64,43.522,32.907
253.57,120.71,42.665,32.259
250.11,121.79,43.958,33.236
244.12,121.99,45.29,34.243
238.11,123.95,45.29,34.243
233,126.51,43.958,33.236
227.21,128.9,44.397,33.569
221.58,128.91,45.742,34.586
216.18,130.85,45.742,34.586
210.67,132.21,46.2,34.932
205.2,133.74,46.2,34.932
200.23,135.33,46.2,34.932
194.15,137.11,46.2,34.932
188.61,139.15,47.128,35.634
183.4,140.26,48.556,36.713
175.01,140.67,50.028,37.826
170.62,142.1,50.528,38.204
166.53,144.52,52.059,39.362
155.85,144.76,53.637,40.554
150.85,145.12,53.637,40.554
148.9,150.84,54.715,41.37
140.21,151.43,54.173,40.96
139.05,155.96,54.715,41.37
131.9,157.25,56.373,42.623
121.74,157.43,56.373,42.623
121.88,161.91,56.936,43.049
118.13,163.7,58.662,44.354
108.16,160.05,60.439,45.698
109.49,167.93,61.654,46.616
107.66,171.17,62.893,47.553
102.5,174.06,64.799,48.994
99.042,173.92,64.799,48.994
96.209,180.65,66.101,49.979
92.253,180.23,67.43,50.984
89.474,186.61,67.43,50.984
87.183,190.67,68.785,52.008
84.901,193.92,70.87,53.584
82.065,195.18,73.017,55.208
80.348,200.29,75.229,56.881
76.989,201.35,77.509,58.604
64.383,199.95,79.067,59.782
76.442,208.59,79.858,60.38
75.133,213.75,81.463,61.594
74.609,217.52,83.1,62.832
73.01,221.69,84.77,64.095
74.12,226.97,85.618,64.736
77.262,231.24,88.212,66.697
77.327,235.62,89.985,68.038
78.048,236.44,92.712,70.099
84.215,243.6,90.885,68.718
90.507,250.47,92.712,70.099
95.351,255.98,95.521,72.223
105.87,264.9,96.477,72.946
112.75,271.65,99.4,75.156
120.06,278.16,101.4,76.667
137.01,287.57,102.41,77.433
152.21,293.71,103.44,78.208
162.93,301.59,105.52,79.78
178.34,307.96,107.64,81.383
197.2,316.85,105.52,79.78
212.17,324.37,106.57,80.577
243.03,337.85,106.57,80.577
