5,88,35,109
6.3435,88.84,35.019,109.06
8.2998,88.166,35.3,109.94
10.562,86.996,35.963,112
15.24,84.232,35.957,111.98
17.357,83.933,36.048,112.26
19.277,84.822,35.754,111.35
20.12,85.099,35.649,111.02
23.894,87.048,35.144,109.45
28.153,86.109,34.788,108.34
27.27,86.014,34.769,108.28
32.33,86.2,34.489,107.41
36.493,84.975,35.055,109.17
42.005,84.982,35.689,111.15
44.831,89.613,35.258,109.8
46.148,89.428,35.214,109.67
46.864,89.107,35.229,109.71
48.923,88.289,35.077,109.24
51.458,88.034,34.72,108.13
56.314,87.96,34.945,108.83
60.391,87.264,35.358,110.11
55.476,81.326,35.938,111.92
48.496,74.699,35.834,111.6
61.813,86.095,36.229,112.83
62.809,85.568,36.534,113.78
63.108,83.583,37.423,116.55
65.114,84.159,38.03,118.44
66.581,83.274,38.128,118.74
69.976,85.247,38.359,119.46
72.147,86.416,38.261,119.16
73.173,84.907,38.385,119.54
75.441,82.75,37.921,118.1
79.459,83.345,37.441,116.6
84.184,83.436,37.369,116.38
87.996,83.167,37.282,116.11
87.683,84.488,37.533,116.89
87.669,87.111,37.344,116.3
91.758,84.752,38.148,118.8
96.956,84.257,37.822,117.79
99.712,83.902,38.444,119.73
101.03,83.642,38.426,119.67
103.11,84.568,38.349,119.43
105.63,85.993,38.448,119.74
107.74,87.369,38.314,119.32
107.41,84.215,38.468,119.8
106.61,79.961,38.888,121.11
110.44,83.014,39.45,122.86
110.55,79.213,39.567,123.22
113.28,82.384,39.873,124.18
114.9,80.546,40.336,125.62
117.12,81.22,40.928,127.46
118.84,82.21,41.063,127.88
121.67,83.362,40.973,127.6
124.54,84.971,40.715,126.8
128.05,86.581,40.468,126.03
131.71,88.767,40.221,125.26
136.05,89.79,40.474,126.05
140.51,91.012,40.338,125.62
144.79,91.945,40.48,126.07
145.85,91.109,40.806,127.08
145.53,90.558,41.207,128.33
152.01,86.833,41.346,128.76
153.07,85.15,41.553,129.41
155.36,85.752,42.339,131.86
156.2,86.051,42.078,131.04
157.99,86.614,42.048,130.95
159.26,87.598,41.97,130.71
160.6,88.28,41.87,130.4
161.92,88.012,42.154,131.28
165.26,91.728,42.238,131.54
156.53,88.388,42.333,131.84
161.84,90.399,42.362,131.93
167.06,92.141,42.498,132.35
170.22,92.137,43.559,135.66
170.93,91.455,43.937,136.83
173.19,89.758,44.033,137.13
175,89.415,43.985,136.98
177.6,89.905,43.69,136.06
180.65,90.137,43.633,135.89
183.02,93.789,43.292,134.82
187.51,98.048,43.314,134.89
196.78,97.091,43.891,136.69
199.24,96.988,43.892,136.69
200.94,97.106,44.209,137.68
202.8,97.574,44.163,137.53
204.06,97.684,44.646,139.04
208.59,96.066,45.276,141
211.06,91.306,45.496,141.69
213.19,94.275,45.764,142.52
214.18,96.411,45.9,142.95
218.19,97.206,46.068,143.47
220.49,97.829,45.775,142.56
223.4,99.265,45.89,142.91
226.7,100.31,46.246,144.02
230.5,101.31,46.685,145.39
233.11,103.73,47.068,146.58
235.71,103.01,47.495,147.91
238.82,101.15,48.027,149.57
241.32,100.65,48.238,150.23
243.73,99.689,48.068,149.7
247.23,100.9,48.08,149.74
250.49,102.54,47.934,149.28
254.32,103.64,47.959,149.36
257.98,104.49,48.288,150.38
261.69,105.14,48.077,149.73
266.16,106.13,48.198,150.1
268.93,106.73,48.186,150.07
273.25,106.69,48.689,151.63
278.08,107.66,48.573,151.27
285.04,110.03,48.626,151.43
286.22,108.13,48.791,151.95
287.91,106.62,48.998,152.59
288.93,105.27,48.886,152.25
291.38,104.2,49.306,153.55
301.67,102.84,49.742,154.91
305.85,106.74,49.8,155.09
309.83,110.23,49.989,155.68
311.74,112.14,50.066,155.92
314.67,113.7,50.635,157.69
316.21,111.83,51.174,159.37
317.17,110.54,51.416,160.12
322.87,109.65,51.517,160.44
328.28,108.42,51.73,161.1
332.08,109.09,51.769,161.22
336.53,110.81,51.837,161.44
340.64,111.48,52.027,162.03
344.78,112.35,51.892,161.61
356.44,110.6,51.955,161.8
361.62,112.79,52.096,162.24
366.5,114.48,52.182,162.51
370.42,116.63,52.597,163.8
373.55,116.98,52.786,164.39
379.57,117.01,52.894,164.73
384.49,115.97,52.888,164.71
388.67,114.71,53.063,165.25
393.23,114.61,53.093,165.35
397.28,114.68,53.093,165.35
400.8,113.89,53.749,167.39
405.06,114.43,53.823,167.62
410.63,117.69,53.657,167.1
417.17,121.43,54.003,168.18
422.47,124.57,54.214,168.84
426.14,124.87,54.585,169.99
430.04,123.43,55.098,171.59
434.65,123.03,55.253,172.07
438.9,122.13,55.722,173.53
443.46,122.01,55.932,174.19
448.23,122.6,55.7,173.47
454.01,121.27,55.599,173.15
461.13,123.91,55.533,172.95
468.04,125.55,55.602,173.16
476.91,128.42,55.559,173.03
483.95,129.75,55.731,173.56
492.64,131.04,55.919,174.15
499.33,131.42,56.272,175.25
504.42,130.65,56.845,177.03
511,130.81,56.757,176.76
515.96,130.67,56.826,176.97
520.5,131.4,56.799,176.89
525.58,133.18,56.562,176.15
530.75,135.41,56.673,176.5
535.68,136.27,56.849,177.05
540.82,136.74,57.066,177.72
547.08,138.27,57.094,177.81
552.16,138.77,57.792,179.98
555.69,140.15,57.997,180.62
559.01,140.12,58.645,182.64
561.57,139.04,60.059,187.04
570.93,138.48,60.587,188.69
580.19,138.39,60.613,188.77
590.02,137.79,60.706,189.06
595.14,139.1,60.719,189.1
599.8,140.88,60.685,188.99
604.87,142.26,60.644,188.86
