256,243,68,74
248.46,242.81,68.457,74.497
237.31,242.74,68.62,74.675
228.84,241.17,69.727,75.88
222.7,241.85,68.876,74.953
214.91,240.94,70.172,76.364
209.15,239.64,70.645,76.878
204.58,238.67,69.904,76.072
200.85,239.7,68.426,74.464
195.79,237.81,70.215,76.411
191.7,238.08,69.726,75.878
191.29,239.85,69.589,75.729
186.92,238.79,69.487,75.619
182.45,238.79,69.937,76.108
178.6,238.23,70.385,76.595
175.69,238.65,69.59,75.73
172.14,237.79,70.65,76.884
167.38,237.29,70.63,76.862
162.09,237.31,70.345,76.552
157.55,238.06,70.013,76.19
150.67,237.62,69.52,75.654
145.97,238.19,68.57,74.621
137.64,238.31,68.281,74.306
133.77,238.44,68.482,74.524
128.14,238.08,68.674,74.734
123.58,238.4,68.687,74.748
117.6,239.77,67.806,73.789
114.86,241.22,67.805,73.788
111.65,241.41,67.891,73.881
108.63,241.18,68.075,74.081
107.02,242.37,68.147,74.16
104.99,242.88,68.298,74.324
102.4,242.22,68.689,74.75
102.69,242.56,68.012,74.013
103.35,242.46,67.788,73.769
105.75,243.24,67.334,73.275
106.85,244.09,67.524,73.482
107.97,244.05,66.907,72.811
109.76,244.6,67.774,73.754
110.64,244.47,67.763,73.742
113.11,245.45,67.975,73.973
114.64,245.73,68.402,74.437
118.34,245.96,68.326,74.355
121.63,247.2,68.413,74.45
125.38,247.12,68.855,74.93
128.54,246.53,68.729,74.794
131.42,246.07,68.711,74.774
133.84,246.65,68.43,74.468
139.41,246.9,68.269,74.293
145.69,248.36,67.748,73.726
150.71,249.46,67.827,73.812
172.17,246.52,67.56,73.522
163.48,251.43,67.679,73.65
166.78,251.55,68.5,74.544
175.41,250.21,68.918,74.999
179.6,249.91,69.107,75.205
187.28,250.01,68.75,74.816
193.48,250.96,68.539,74.587
200.64,251.1,68.471,74.513
207.65,251,68.167,74.182
215.22,251.59,68.143,74.155
221.59,251.96,68.28,74.304
229.77,253.1,68.317,74.345
237.69,253.49,68.463,74.504
247.12,253.55,67.662,73.632
253.39,254.42,67.553,73.514
257.87,255.12,67.774,73.754
264.29,255.37,68.318,74.346
269.9,255.58,68.748,74.814
277.58,255.88,68.848,74.923
283.7,256.73,68.906,74.986
289.53,257.49,69.096,75.193
294.17,258.07,69.316,75.433
298.42,257.93,69.277,75.39
302.13,258.1,69.235,75.344
305.59,258.99,69.135,75.235
307.47,258.72,69.263,75.375
310.7,260.66,69.31,75.426
315.06,261.86,69.351,75.47
318.25,263.04,69.763,75.918
321.56,264.47,69.75,75.904
323.42,264.87,69.838,76
324.46,264.96,69.792,75.95
325.23,265.94,69.868,76.033
324.94,266.65,69.547,75.684
325.94,267.82,68.85,74.925
325.7,268.32,68.697,74.759
323.84,269,67.937,73.932
321.67,270.8,68.076,74.083
319.69,271.82,68.085,74.093
316.31,273.79,67.969,73.966
311.5,272.67,67.86,73.848
307.83,274.53,67.955,73.951
306.08,278.04,69.019,75.109
302.09,280.34,69.944,76.115
294.65,279.31,70.794,77.04
295.5,284.1,70.698,76.936
289.58,283.7,70.713,76.953
282.49,285.13,70.915,77.172
272.35,286.1,71.135,77.412
262.89,286.66,71.265,77.553
254.05,285.91,71.969,78.319
244.86,286.08,72.76,79.18
237.02,287.5,72.906,79.339
227.77,287.28,73.212,79.671
219.53,287.71,73.394,79.87
211.82,288,73.983,80.511
205.47,287.79,74.483,81.055
195.6,287.02,74.95,81.563
186.18,287.43,75.304,81.948
177.08,288.45,75.456,82.114
167.57,289.13,75.71,82.39
158.04,287.97,76.296,83.028
148.01,289.88,77.558,84.402
139.52,288.83,77.496,84.334
127.53,289.25,77.297,84.117
118.58,290.42,77.076,83.876
111.87,290.38,76.808,83.586
105.16,291.02,76.617,83.377
96.862,292.28,76.408,83.15
89.129,291.76,76.491,83.24
81.373,293.26,76.034,82.743
74.209,294.73,76.033,82.741
67.206,295.68,75.64,82.314
61.198,296.54,75.515,82.179
53.548,297.6,75.815,82.504
50.291,298.11,75.605,82.277
49.434,298.38,75.799,82.487
46.043,299.69,75.102,81.728
44.277,299.45,74.682,81.271
45.694,301.77,73.81,80.323
42.973,302.23,73.386,79.861
44.998,303.4,73.325,79.794
45.571,304.64,73.352,79.824
47.582,305.77,73.463,79.945
48.332,307.46,73.961,80.487
50.973,307.28,74.285,80.839
52.671,307.24,74.434,81.002
54.946,307.59,74.741,81.335
57.793,308.66,75.647,82.321
59.409,308.54,76.44,83.185
62.426,308.85,77.633,84.483
67.997,309.43,78.478,85.403
72.791,311.24,79.523,86.54
80.098,311.99,79.997,87.056
88.218,312.9,80.257,87.338
97.522,313.69,80.69,87.809
103.1,314.14,81.611,88.812
108.41,313.86,82.044,89.283
116.75,313.6,82.481,89.759
126.98,313.56,82.975,90.297
134.19,312.87,83.871,91.272
142.39,311.71,83.96,91.368
150.07,310.25,84.314,91.754
159.49,310.31,84.267,91.703
167.82,310.21,84.007,91.419
175.25,309.07,84.41,91.858
182.18,309.33,84.865,92.354
189.41,308.94,84.784,92.265
195.51,307.97,84.99,92.489
201.14,306.9,85.605,93.159
203.67,305.85,86.316,93.932
205.8,304.98,87.411,95.124
208.54,303.42,87.72,95.46
214.29,301.88,87.358,95.066
214.96,301.64,87.457,95.173
218.05,301.34,87.804,95.551
219.55,300.49,88.362,96.159
220.33,300.22,89.032,96.888
222.59,298.75,88.777,96.611
225.76,298.8,87.583,95.311
227.02,297.24,87.007,94.684
227.36,297.17,86.704,94.354
228.3,295.45,85.691,93.252
230.16,294.16,85.101,92.61
230.97,293.4,84.565,92.026
231.15,292.83,83.913,91.317
231.16,291.96,83.375,90.732
230.44,290.96,83.87,91.27
230.93,290.56,83.91,91.313
228.02,288.99,84.192,91.621
228.83,287.45,82.547,89.831
227.96,288,82.132,89.378
225.36,287.42,82.067,89.308
224.55,286.61,82.008,89.244
223.01,286.03,82.178,89.429
222.7,284.78,81.862,89.086
221.99,284.76,81.854,89.076
221.02,283.84,82.11,89.355
219.84,281.81,82.449,89.724
219.96,282.39,82.573,89.859
219.84,281.35,83.207,90.548
220.36,281.21,83.173,90.511
220.61,279.74,83.25,90.595
220.87,279.02,82.989,90.312
222.52,278.8,83.193,90.534
223.11,277.48,83.31,90.661
223.96,276.05,82.949,90.268
224.98,275.34,82.707,90.005
225.99,274.4,82.55,89.834
226.92,273.39,82.5,89.779
228,272.93,81.763,88.977
229.67,272.15,80.98,88.125
229.11,271.73,80.264,87.347
228.83,271.02,79.448,86.458
228.61,270.56,79.125,86.106
227.21,270.33,79.476,86.488
224.72,268.53,78.665,85.606
222.6,268.22,78.226,85.128
218.88,266.85,78.555,85.487
216.72,266.69,78.93,85.894
213.63,264.88,78.338,85.25
209.34,264.18,77.778,84.641
204.73,264.63,76.922,83.709
200.56,264.38,76.37,83.108
196.12,264.1,75.962,82.664
191.82,264.03,75.763,82.448
187.11,262.82,75.65,82.325
182.24,262.4,75.625,82.297
178.35,262.17,75.661,82.337
173.65,262.04,76.211,82.935
169.69,261.43,76.508,83.259
165.75,260.82,76.877,83.66
161.13,260.52,76.761,83.534
154.4,259.56,77.263,84.08
148.92,259.48,76.883,83.666
143.52,258.62,77.432,84.265
138.94,258.63,77.274,84.092
133.13,259.05,77.211,84.024
126.94,258.85,77.052,83.851
120.01,257.73,77.295,84.115
112.26,257.7,77.519,84.359
107.24,256.87,77.367,84.194
101.09,256.63,77.343,84.167
95.069,256.92,77.355,84.18
89.535,256.58,77.352,84.177
83.926,256.85,77.101,83.904
77.692,255.83,76.507,83.257
71.911,256.36,76.631,83.392
64.667,256.3,75.927,82.626
59.554,256.12,75.459,82.117
54.414,256,75.179,81.813
48.179,255.34,74.902,81.51
