68,342,43,72
71.912,341.4,42.574,71.287
76.322,340.75,42.153,70.581
81.177,341.79,41.322,69.191
87.558,343.79,40.107,67.156
93.216,339.1,39.71,66.491
95.965,339.29,40.913,68.506
96.121,341.09,40.107,67.156
103.15,341.14,40.913,68.506
120.46,343.54,41.322,69.191
124.32,345.53,40.107,67.156
129.45,344.09,41.322,69.191
129.3,344.4,41.735,69.882
141.76,348.67,40.913,68.506
152.08,349.27,40.107,67.156
159.43,348.26,40.508,67.827
167.78,345.9,41.322,69.191
175.99,346.05,40.913,68.506
183.63,347.33,40.107,67.156
191.58,349.25,40.508,67.827
199.04,346.47,39.317,65.832
202.74,351.56,38.542,64.535
213.81,351.62,39.71,66.491
224.91,349.68,39.71,66.491
239.96,348.57,39.71,66.491
246.16,347.8,39.317,65.832
255.61,350.22,38.927,65.181
266.19,352.04,39.71,66.491
274.21,351.96,40.508,67.827
288.18,349.84,41.322,69.191
299.59,345.99,41.735,69.882
307.59,348.28,42.574,71.287
316.78,347.93,42.574,71.287
324.72,352.46,42.574,71.287
342.48,354.39,41.322,69.191
353.42,351.79,42.153,70.581
365.01,350.85,43.43,72.72
370.9,346.99,44.746,74.923
383.53,347.34,43.43,72.72
398.36,350.93,42.153,70.581
410.13,354.9,41.322,69.191
422.17,355.01,41.322,69.191
430.98,353.53,41.322,69.191
437.56,350.96,41.735,69.882
443.94,333.53,40.508,67.827
448.95,332.31,41.735,69.882
456.65,333.43,41.322,69.191
461.78,335.11,40.107,67.156
461.21,338.18,40.913,68.506
463.11,335.98,42.153,70.581
469.63,335.07,41.322,69.191
471.55,332.04,41.735,69.882
470.21,324.46,42.574,71.287
478.29,329.94,41.735,69.882
480.49,328.54,41.735,69.882
484.07,332.09,41.735,69.882
488.71,333.37,42.574,71.287
500.69,332.56,43.43,72.72
495.89,329.88,43,72
504.13,329.56,42.574,71.287
520.84,337.43,43.43,72.72
524.62,336.42,42.153,70.581
529.15,331.66,43.43,72.72
508.72,323.47,43.864,73.447
513.03,323.72,43.864,73.447
517.78,325.09,42.574,71.287
524.93,328.87,41.322,69.191
530.41,330.12,40.107,67.156
534.02,331.37,40.107,67.156
538.62,330.37,41.322,69.191
544.14,331.49,40.107,67.156
548.22,330.75,38.927,65.181
550.39,331.65,38.16,63.896
553.37,332.2,39.317,65.832
554.49,330,39.71,66.491
555.73,328.24,40.913,68.506
562.33,326.97,41.322,69.191
562.15,325.14,42.574,71.287
560.81,319.03,43.864,73.447
566.9,323.69,44.303,74.182
566.47,326.56,44.746,74.923
568.68,328.1,44.303,74.182
572.34,328.03,43.43,72.72
574.61,325.64,43.864,73.447
577.31,324.67,44.303,74.182
579.3,323.82,45.645,76.429
583.13,322.89,45.645,76.429
585.47,322.87,45.193,75.673
587.31,324.79,46.563,77.966
589.16,323.96,46.102,77.194
592.55,325.41,44.746,74.923
590.56,322.18,46.102,77.194
594.11,320.31,44.746,74.923
584.84,305.8,43.43,72.72
583.2,308.23,42.153,70.581
582.87,309.78,41.735,69.882
580.58,309.38,41.735,69.882
580.66,312.23,41.735,69.882
580.47,313.61,40.508,67.827
577.81,310.22,39.71,66.491
576.32,306.54,39.317,65.832
576.41,308.53,38.16,63.896
574.59,308.56,37.782,63.264
567.92,308.16,36.671,61.403
568.35,309.04,35.593,59.597
568.48,309.96,34.546,57.845
568.88,311.06,33.865,56.705
566.38,311.32,34.546,57.845
565.03,314.81,34.546,57.845
561.6,309.26,35.593,59.597
561.46,311.56,36.308,60.795
559.32,309,36.671,61.403
559.51,310.84,35.949,60.193
557.96,311.02,35.24,59.007
556.94,312.8,36.308,60.795
555.36,312.45,35.593,59.597
553.15,309.81,36.671,61.403
553.28,311.78,36.308,60.795
549.28,308.42,36.671,61.403
547.82,309.16,37.782,63.264
544.29,307.87,37.782,63.264
546.87,307.84,37.782,63.264
541.96,308.16,37.782,63.264
544.29,307.93,37.782,63.264
541.93,307.39,37.038,62.017
540.79,310.41,36.308,60.795
539.71,309.24,35.949,60.193
538.57,309.89,34.891,58.423
537.2,308.8,33.865,56.705
537.57,310.8,33.198,55.587
537.44,313.52,32.222,53.953
535.67,312.57,31.587,52.89
535.77,314.56,30.658,51.334
534.73,313.76,31.274,52.366
533.4,312.65,30.354,50.826
530.71,310.58,30.658,51.334
525.54,311.05,31.587,52.89
526.44,310.48,32.222,53.953
525.71,310.52,31.903,53.418
524.36,313.2,30.964,51.847
523.72,313.25,31.274,52.366
523.43,313.17,30.354,50.826
522.62,312.65,30.354,50.826
520.78,313.04,30.054,50.323
518.56,311.62,30.658,51.334
518.31,312.12,30.054,50.323
516.49,312.09,29.756,49.824
515.89,311.78,29.756,49.824
