419,129,20,38
416.92,128.14,20.606,39.151
416.61,128.77,20.402,38.764
415.43,128.54,21.02,39.938
414.38,129.15,20.812,39.543
413.79,128.84,20.812,39.543
412.67,128.92,20.402,38.764
411.62,129.33,20,38
410.58,129.85,19.606,37.251
410.01,131.03,19.412,36.882
408.5,130.37,20,38
407.31,129.58,20.2,38.38
407.37,130.74,19.802,37.624
406.95,131.07,19.802,37.624
405.48,130.38,20.402,38.764
404.82,130.98,20,38
403.06,130.32,20.2,38.38
402.29,130.89,20.402,38.764
401.27,131.14,20.2,38.38
401.29,131.75,19.802,37.624
401.31,132.25,19.412,36.882
400.87,131.88,19.802,37.624
400.7,131.73,20.402,38.764
400.17,131.67,20.2,38.38
400.54,131.25,20.812,39.543
399.93,131.01,20.606,39.151
399.93,131.75,20.2,38.38
399.81,132.26,20.2,38.38
399.71,133.26,19.606,37.251
400.25,133.73,19.412,36.882
399.36,133.41,19.22,36.517
399.02,133.41,19.606,37.251
399.36,133.48,19.802,37.624
398.58,133.47,19.22,36.517
399.26,133.35,19.802,37.624
398.21,133.81,19.606,37.251
397.86,134.35,19.802,37.624
397.09,134.64,19.22,36.517
396.84,134.13,19.606,37.251
397,134.32,20,38
396.61,134.45,20,38
396.14,135.42,19.412,36.882
395.34,134.5,19.22,36.517
395.46,134.66,19.802,37.624
394.62,134.69,19.802,37.624
393.24,134.74,20.2,38.38
392.12,135.09,20.2,38.38
391.52,135.92,19.802,37.624
390.87,135.64,20,38
389.74,135.63,20.402,38.764
389.01,135.78,21.02,39.938
388.99,135.19,21.02,39.938
387.49,135.4,20.812,39.543
385.95,135.48,20.812,39.543
385.04,135.89,21.02,39.938
383.74,135.66,21.657,41.149
381.9,135.25,21.874,41.56
381.83,136.06,21.443,40.741
380.35,136.08,21.23,40.338
379.8,136.31,21.23,40.338
379.5,136.35,21.23,40.338
379.28,135.9,21.23,40.338
379.18,136.51,20.606,39.151
378.2,137.38,20.606,39.151
378.02,138.83,20,38
376.38,138.14,20.606,39.151
375.52,137.23,21.23,40.338
374.89,138.02,21.657,41.149
374.27,138.35,21.443,40.741
373.68,137.81,21.657,41.149
372.81,137.01,22.092,41.976
371.87,137.52,21.657,41.149
370.6,138.37,21.23,40.338
370.09,139.7,20.812,39.543
369.02,139.24,20.2,38.38
368.36,139.54,20.812,39.543
367.29,139.85,21.02,39.938
366.35,140.21,20.606,39.151
365.93,139.82,20.812,39.543
365.4,139.59,20.606,39.151
365.31,140.06,21.02,39.938
364.39,141.49,20.402,38.764
363.55,141.33,20.2,38.38
362.9,141.66,19.606,37.251
362.43,141.92,19.412,36.882
361.8,142.55,19.802,37.624
361.1,142.53,20,38
360.73,141.28,20.402,38.764
359.87,140.67,21.02,39.938
359.44,140.84,20.812,39.543
358.45,142.4,20.812,39.543
357.01,142.71,20.2,38.38
356.24,142.26,20.812,39.543
355.67,141.24,21.23,40.338
355.24,141.95,21.657,41.149
353.5,142.12,21.23,40.338
353,141.73,21.874,41.56
352.65,141.85,21.443,40.741
352.06,143.13,21.02,39.938
350.64,142.82,21.23,40.338
349.51,143.19,21.657,41.149
347.95,143.04,21.23,40.338
347.41,143.18,21.657,41.149
346.62,143.22,22.313,42.395
345.5,142.53,22.989,43.68
344.85,142.77,22.762,43.248
344.51,142.92,22.092,41.976
343.09,142.68,22.762,43.248
342.69,144.33,22.313,42.395
339.99,143.77,22.537,42.819
339.75,144.54,22.092,41.976
338.37,143.9,22.762,43.248
336.27,144.51,22.762,43.248
334.75,144.56,22.989,43.68
333.75,144.98,22.313,42.395
332.64,143.67,22.989,43.68
330.76,144.65,23.452,44.558
328.78,146.13,22.762,43.248
327.09,145.97,22.537,42.819
326.56,146.52,22.092,41.976
325.1,145.58,22.762,43.248
323.85,145.45,23.452,44.558
323.34,146.81,22.762,43.248
322.45,145.49,23.219,44.117
322.58,146.32,22.537,42.819
322.04,145.88,22.989,43.68
321.01,145.87,23.219,44.117
320.4,145.85,23.923,45.454
319.74,145.44,24.162,45.908
320.07,147.08,23.686,45.004
318.94,147.63,23.219,44.117
319.66,148.17,22.537,42.819
319.47,148.25,22.762,43.248
317.83,147.68,22.537,42.819
317.34,147.56,23.219,44.117
317.53,149.21,22.989,43.68
316.51,149.19,22.762,43.248
316.02,148.33,23.452,44.558
315.35,147.22,23.923,45.454
315.9,148.79,23.219,44.117
316.16,148.85,23.686,45.004
315.87,149.19,23.452,44.558
315.68,148.22,23.686,45.004
314.56,148.53,23.923,45.454
314.77,150.21,23.452,44.558
313.78,149.56,23.923,45.454
313.05,150.26,23.219,44.117
313.75,150.57,23.452,44.558
312.89,153.21,22.989,43.68
311.82,152,22.989,43.68
310.07,150.96,23.686,45.004
309.77,150.8,23.219,44.117
309.54,153.48,23.219,44.117
308.43,152,23.686,45.004
306.4,151.67,23.923,45.454
305.49,150.84,23.923,45.454
305.41,150.96,24.162,45.908
305.87,151.97,23.686,45.004
305.16,151.12,24.162,45.908
304.66,151.72,23.923,45.454
305.52,153.38,23.452,44.558
303.26,152.63,23.219,44.117
303.01,152.81,23.923,45.454
301.32,152.5,24.162,45.908
301.72,153.19,24.162,45.908
300.75,152.77,24.162,45.908
301.38,153.4,24.162,45.908
300.61,156.53,23.923,45.454
300.93,155.78,23.686,45.004
300.82,155.1,23.452,44.558
300.09,155.24,23.219,44.117
299.32,155.67,23.686,45.004
298.87,155.93,24.404,46.367
297.58,154.97,24.894,47.299
297.54,153.3,25.649,48.732
297.61,154.78,25.649,48.732
297.34,154.2,25.905,49.22
298.06,155.15,25.143,47.772
297.78,153.38,25.905,49.22
298.13,153.3,26.69,50.711
298.22,156.03,26.69,50.711
297.29,155.65,25.905,49.22
297.84,154.93,25.905,49.22
298.45,156.46,25.143,47.772
298.09,156.57,25.143,47.772
298.4,156.1,25.905,49.22
298.15,157.17,25.143,47.772
298.48,156.69,25.143,47.772
296.7,156.67,25.905,49.22
297.87,157.87,25.649,48.732
297.24,158.42,25.143,47.772
297.42,158.22,25.143,47.772
296.34,157.48,25.905,49.22
296.08,157.81,25.905,49.22
294.91,157.74,25.905,49.22
295.52,157.87,26.69,50.711
294.27,157.98,25.905,49.22
294.36,159.67,25.395,48.25
293.56,160.17,25.143,47.772
291.81,159.73,25.905,49.22
291.84,159.44,26.164,49.712
290.55,159.55,25.905,49.22
290.32,161.18,25.143,47.772
289.88,161.33,25.143,47.772
288.44,160.19,25.905,49.22
287.4,160.09,25.905,49.22
287.86,160.22,25.905,49.22
287.4,161.81,26.164,49.712
286.03,161.6,25.905,49.22
284.86,160.84,26.164,49.712
284.21,161.77,25.905,49.22
282.82,161.45,26.69,50.711
282.3,162.51,25.905,49.22
281.52,161.48,26.164,49.712
280.46,161.17,26.957,51.218
280.93,162.63,26.957,51.218
280.68,164.35,26.426,50.209
278.85,163.75,26.164,49.712
277.98,163.93,26.69,50.711
276.65,164.68,25.905,49.22
276.52,165.04,26.69,50.711
275.39,163.13,27.499,52.248
275.52,164.55,26.957,51.218
273.8,164.35,27.227,51.73
273.5,165.61,26.957,51.218
272.5,164.56,27.499,52.248
271.78,163.88,28.052,53.298
270.34,163.06,28.902,54.913
272.16,166.24,28.615,54.369
271.78,165.83,28.332,53.831
271.57,165.53,27.499,52.248
271.88,164.85,27.499,52.248
271.67,167.23,26.957,51.218
272.15,167.21,27.774,52.77
271.3,166.56,28.615,54.369
270.09,165.94,28.615,54.369
270.25,166.25,28.902,54.913
269.83,166.79,28.615,54.369
270.86,169.49,27.774,52.77
270.38,168.93,27.499,52.248
271.16,169.52,26.957,51.218
270.54,170.29,26.164,49.712
270.89,170.87,26.957,51.218
270.23,171.52,26.957,51.218
268.58,170.17,27.774,52.77
267.26,168.8,28.615,54.369
267.35,171.44,27.774,52.77
266.82,171.39,27.774,52.77
266.8,172.43,26.957,51.218
266.81,172.36,26.957,51.218
266.82,173.11,26.69,50.711
264.79,172.21,27.499,52.248
264.44,172.21,28.052,53.298
263.46,173.37,27.774,52.77
262.68,174.33,26.957,51.218
262.1,175.67,26.426,50.209
262.16,177.05,25.649,48.732
261.14,175.68,26.164,49.712
261.17,174.72,26.957,51.218
260.72,175.88,26.69,50.711
259.69,177.02,26.957,51.218
258.86,176.44,27.774,52.77
257.55,176.13,27.774,52.77
256.35,175.34,28.332,53.831
254.2,176.92,27.499,52.248
253.53,177,28.332,53.831
251.71,175.86,28.615,54.369
250.77,175.1,28.615,54.369
249.89,177.53,28.902,54.913
247.68,177.17,29.777,56.577
247.16,176.88,29.777,56.577
245.87,177.49,30.075,57.143
245.11,178.02,30.075,57.143
243.55,178.29,29.777,56.577
243.1,177.94,29.777,56.577
242.12,177.52,29.777,56.577
241.73,178.08,29.777,56.577
241.66,179.71,29.482,56.017
241.21,179.48,29.777,56.577
239.73,179.85,30.075,57.143
238.87,180.25,30.075,57.143
239.15,181.63,30.075,57.143
238.56,181.22,30.986,58.874
238,181.51,30.075,57.143
238.03,181.54,30.075,57.143
236.88,181.09,30.68,58.291
236.04,183.29,29.777,56.577
235.99,184.01,30.376,57.714
236.37,183.64,29.777,56.577
236.46,184.33,30.376,57.714
237.25,184.63,31.296,59.463
237.98,184.68,31.296,59.463
237.65,182.71,31.925,60.658
238.83,182.96,31.925,60.658
239.28,186.47,30.986,58.874
239.43,184.46,31.925,60.658
241.08,185.95,31.609,60.057
242.03,186.67,30.986,58.874
242.82,187.42,30.68,58.291
243.51,187.3,30.986,58.874
243.68,187.96,30.075,57.143
243.45,189.31,30.68,58.291
243.37,189.19,30.986,58.874
243.12,190.66,30.075,57.143
242.78,189.76,30.986,58.874
242.98,190.81,30.68,58.291
242.68,191.14,30.376,57.714
241.44,190.84,29.777,56.577
242.01,191.36,30.376,57.714
241,191.83,30.68,58.291
240.26,192.63,30.986,58.874
240.07,192.24,31.296,59.463
238.93,192.62,31.296,59.463
238.71,193.1,31.609,60.057
237.73,191.38,32.567,61.877
237.92,193.11,31.609,60.057
236.74,192.59,32.245,61.265
236.36,192.56,33.222,63.121
236.49,193.93,32.567,61.877
236.05,194.15,31.925,60.658
235.92,195.3,32.245,61.265
236.09,195.3,32.245,61.265
236.18,195.78,31.925,60.658
235.39,195.56,32.567,61.877
234.59,196.36,32.245,61.265
234.34,197.77,32.567,61.877
232.75,197.81,33.554,63.752
231.29,197.2,33.889,64.39
231.14,196.01,34.916,66.341
231.4,197.55,35.265,67.004
231.07,197.55,34.916,66.341
231.12,197.5,34.916,66.341
232.24,197.95,35.265,67.004
230.84,199.4,35.265,67.004
229.95,200.03,35.618,67.674
230.07,200.58,35.265,67.004
229.05,200.21,35.265,67.004
228.51,200.08,35.974,68.351
228.21,201.36,35.974,68.351
227.56,201.74,35.974,68.351
226.72,200.38,37.064,70.422
227.3,202.23,35.974,68.351
225.86,202.7,36.334,69.034
224.73,204.04,35.974,68.351
223.53,202.94,37.064,70.422
223.17,203.37,37.064,70.422
222.63,203.12,37.435,71.126
223.01,205.27,36.697,69.725
222.45,204.09,37.435,71.126
222.35,203.69,38.569,73.281
221.95,204.81,38.187,72.556
222.71,207.8,37.064,70.422
221.14,206.15,38.187,72.556
221.43,205.8,38.569,73.281
220.23,206.38,38.187,72.556
221.31,208.03,37.435,71.126
221.62,207.87,37.435,71.126
223.22,208.48,37.064,70.422
221.9,207.4,38.187,72.556
221.74,208.84,39.344,74.754
221.52,210.83,38.569,73.281
220.46,210.33,38.955,74.014
220.64,210.93,38.187,72.556
220.08,211.72,38.569,73.281
220.2,211.66,38.569,73.281
219.53,211.48,38.955,74.014
219.34,211.82,37.809,71.838
220.23,213.58,37.064,70.422
217.66,214.51,37.435,71.126
217.92,216.2,36.697,69.725
216.31,217.5,35.618,67.674
215.67,217.68,35.618,67.674
214.01,218.46,35.618,67.674
213.42,219.6,34.916,66.341
213.52,219.32,35.618,67.674
213.58,218.77,35.974,68.351
212.47,218.62,36.697,69.725
210.51,219.67,36.697,69.725
208.1,219.84,37.809,71.838
205.34,220.02,37.435,71.126
203.73,219.55,38.569,73.281
201.66,220.38,38.955,74.014
198.83,220.52,40.135,76.257
198.23,220.12,41.351,78.568
197.61,220.09,40.942,77.79
196.55,221.71,39.738,75.502
194.74,222.76,40.135,76.257
192.71,223.73,40.135,76.257
193,224.93,38.955,74.014
191.54,225.66,37.809,71.838
190.51,226.41,38.187,72.556
190.78,225.94,39.344,74.754
190.39,224.95,40.537,77.02
190.16,226.87,39.344,74.754
188.46,226.82,39.738,75.502
187.96,228.68,39.344,74.754
184.95,228.07,40.135,76.257
184.79,229.49,39.344,74.754
181.65,229.1,40.537,77.02
182.1,230.47,39.738,75.502
181.7,231.31,39.738,75.502
182.56,230.44,40.942,77.79
182.06,230.24,40.942,77.79
181.09,231.23,40.135,76.257
181.64,234.71,38.955,74.014
180.66,234.82,39.344,74.754
179.7,235.86,39.344,74.754
180.18,236.63,38.569,73.281
180.14,238.79,37.435,71.126
181.52,239.23,37.435,71.126
181.84,239.21,38.569,73.281
180.93,237.39,39.738,75.502
181.64,236.4,40.942,77.79
181.14,238.59,40.537,77.02
181.51,240.08,40.537,77.02
181.32,239.71,40.537,77.02
182.27,240.38,41.351,78.568
182.63,241.21,40.537,77.02
183.38,242.77,40.135,76.257
185.5,243.8,40.942,77.79
185.88,243.95,40.537,77.02
187.02,241.64,41.765,79.353
187.34,242.23,42.183,80.147
187.26,242.26,43.461,82.575
186.87,242.11,44.778,85.078
185.76,241,46.134,87.655
185.81,241.14,46.134,87.655
186.15,241.3,46.596,88.532
185.76,242.17,46.134,87.655
188.66,242.23,47.532,90.312
190.09,242.85,46.596,88.532
192.08,239.17,48.008,91.215
192.82,240.53,48.973,93.048
194.36,244.12,48.488,92.127
196.14,247.27,47.532,90.312
194.77,244.84,48.488,92.127
195.36,247.77,47.062,89.417
197.09,249.55,47.062,89.417
199.15,250.43,47.062,89.417
199.58,248.77,48.008,91.215
201.11,250.49,47.062,89.417
202.09,253.38,46.134,87.655
203.69,256.62,44.778,85.078
203.14,255.28,46.134,87.655
202.89,254.2,47.062,89.417
203.69,256.33,47.062,89.417
204.26,259.69,46.596,88.532
204.04,259.94,46.596,88.532
204.03,260.03,46.134,87.655
205.43,259.6,47.532,90.312
204.82,258.31,48.488,92.127
204.37,258.99,49.957,94.918
204.05,261.36,49.462,93.979
203.96,260.97,49.957,94.918
204.59,261.63,49.957,94.918
205.81,263.92,48.973,93.048
206.91,266.58,48.488,92.127
207.79,267.07,48.488,92.127
209.82,266.94,48.008,91.215
209.71,265.21,49.462,93.979
210.18,265.24,50.457,95.867
210.41,268.34,49.957,94.918
209.62,267.89,50.457,95.867
209.12,267.12,51.471,97.794
209.64,267.36,53.03,100.76
210.67,270.32,51.471,97.794
210.05,268.19,53.03,100.76
211.23,269.38,53.03,100.76
212.24,270.15,52.505,99.76
211.87,270.87,53.03,100.76
211.78,273.99,52.505,99.76
212.29,274.86,51.471,97.794
213.22,274.84,51.471,97.794
214.45,276.98,50.961,96.826
214.84,278.75,50.457,95.867
214.33,279.11,51.471,97.794
214.73,280.84,50.961,96.826
214.14,279.28,51.471,97.794
213.29,281.52,51.985,98.772
212.75,282.55,53.561,101.77
212.08,283.88,53.561,101.77
211.56,283.36,54.096,102.78
211.28,285.2,54.637,103.81
209.64,284.89,56.293,106.96
207.16,282.86,57.999,110.2
205.25,284.2,56.293,106.96
204.12,284.14,57.424,109.11
200.02,286.35,56.293,106.96
198.32,289.55,54.637,103.81
192.36,292.1,53.03,100.76
190.24,293.04,52.505,99.76
187.47,293.56,52.505,99.76
184.74,298.25,50.961,96.826
180.64,299.17,50.961,96.826
175.82,296.61,51.471,97.794
174.83,300.97,49.957,94.918
169.51,300.9,50.457,95.867
165.33,301.85,51.985,98.772
161.86,299.76,53.561,101.77
155.34,298.07,55.184,104.85
150.06,302.24,53.561,101.77
143.37,305.01,53.03,100.76
138.98,306.83,52.505,99.76
133.72,306.72,51.985,98.772
129.02,303.95,53.561,101.77
128.67,311.78,52.505,99.76
114.62,309.87,51.471,97.794
107.92,310.18,51.471,97.794
99.503,310.6,53.03,100.76
90.034,315.44,54.637,103.81
88.945,306.01,55.735,105.9
75.879,301.61,57.424,109.11
66.763,298.46,59.164,112.41
62.243,299.52,58.579,111.3
52.738,311.12,57.424,109.11
42.807,308.29,57.999,110.2
47.514,311.35,57.424,109.11
75.685,309.18,59.164,112.41
102.74,310.96,59.756,113.54
123.09,320.31,58.579,111.3
156.92,299.92,57.424,109.11
184.02,304.25,58.579,111.3
177.31,316.63,56.856,108.03
171.74,313.29,55.184,104.85
163.31,320.73,54.637,103.81
155.71,337.14,55.184,104.85
164.46,311.37,56.293,106.96
162.37,374.48,55.184,104.85
114.22,333.65,56.293,106.96
123.88,341.23,55.735,105.9
91.062,326.45,56.856,108.03
108.54,334.87,58.579,111.3
105.46,338.34,57.424,109.11
97.57,342.8,58.579,111.3
117.13,344.61,56.856,108.03
99.766,319.57,56.856,108.03
119.81,323.22,58.579,111.3
108.42,326.03,56.856,108.03
96.5,313.91,57.999,110.2
13.92,319.38,57.999,110.2
39.003,315.23,59.164,112.41
66.859,316.18,59.756,113.54
99.465,318.22,58.579,111.3
97.672,321.33,57.999,110.2
96.388,321.19,57.424,109.11
96.32,319.28,57.424,109.11
96.658,321.26,57.424,109.11
97.228,319.61,56.856,108.03
97.64,321.71,56.856,108.03
96.793,317.4,57.424,109.11
96.219,321.98,56.293,106.96
96.227,319.23,57.424,109.11
95.895,320.12,57.999,110.2
94.792,316.23,59.164,112.41
113.35,319.02,59.756,113.54
152.24,317.9,60.354,114.67
186.77,317.05,61.567,116.98
220.5,315.96,62.182,118.15
257.61,316.04,60.957,115.82
292.46,315.31,59.164,112.41
292.85,329.17,60.957,115.82
326.77,327.01,62.804,119.33
347.12,329.7,60.957,115.82
382.5,305.89,59.756,113.54
376.27,309.55,59.756,113.54
374.31,310,57.999,110.2
362.54,312.27,56.293,106.96
324.05,327.27,57.999,110.2
318.82,322.8,59.164,112.41
308.65,325.83,59.756,113.54
302.51,323.34,58.579,111.3
330.4,304.99,57.424,109.11
288.13,319.08,58.579,111.3
285.19,310.48,59.164,112.41
271.95,315.3,59.164,112.41
267.34,317.92,57.424,109.11
261.62,312.44,57.424,109.11
257.15,313.34,57.424,109.11
251.64,311.59,57.999,110.2
245.3,313.19,57.424,109.11
239.49,307.94,57.424,109.11
233.05,304.93,59.164,112.41
225.8,303.22,60.957,115.82
220.69,299.07,60.354,114.67
213.74,301.97,58.579,111.3
208.02,306.12,57.424,109.11
204.1,299.51,58.579,111.3
200.89,306.59,58.579,111.3
195.46,298.15,59.164,112.41
189.43,298.83,57.999,110.2
186.11,293.35,57.424,109.11
184.03,292.8,58.579,111.3
174.73,296.96,59.756,113.54
169.95,299.94,57.999,110.2
161.21,301.17,56.293,106.96
156.47,293.11,56.856,108.03
155.97,289.94,55.184,104.85
151.91,298.42,56.856,108.03
145.76,292.59,58.579,111.3
143.55,289.43,56.856,108.03
140.74,287.27,57.424,109.11
136.28,290.98,56.856,108.03
126.56,289.48,57.424,109.11
122.41,290.88,57.999,110.2
151.53,277.37,57.999,110.2
109.72,285.87,57.999,110.2
110.73,284.98,57.424,109.11
99.605,290.89,56.293,106.96
137.32,276.4,54.637,103.81
133.48,278.92,53.03,100.76
128.79,278.44,51.471,97.794
123.94,277.87,49.957,94.918
120.6,277.93,48.973,93.048
