15,351,64,108
19.003,352.89,62.118,104.82
22.812,352.77,63.366,106.93
25.433,354.83,61.503,103.79
30.196,355.81,61.503,103.79
34.976,356.1,59.694,100.73
36.543,353.9,61.503,103.79
39.11,354.74,60.291,101.74
40.587,353.8,60.291,101.74
42.197,352.08,62.118,104.82
47.89,352.1,62.118,104.82
48.845,350.14,64,108
50.772,348.75,65.286,110.17
53.694,348.5,66.599,112.39
55.14,349.02,65.286,110.17
62.394,351.75,64.64,109.08
65.893,352.89,63.366,106.93
69.386,355.32,61.503,103.79
72.915,355.1,60.894,102.76
76.345,354.88,61.503,103.79
81.007,357,59.694,100.73
82.976,354.81,60.894,102.76
86.217,355.66,59.103,99.736
90.355,356.45,57.938,97.771
91.616,355.06,59.103,99.736
95.914,355.42,59.694,100.73
97.274,354.53,60.894,102.76
100.22,354.11,62.118,104.82
104.8,356.2,60.291,101.74
109.22,358.52,58.518,98.749
113.87,360.42,57.938,97.771
118.25,362.95,56.234,94.896
121.92,363.97,56.234,94.896
125.08,364.2,57.938,97.771
127.56,365.08,56.234,94.896
131.83,361.64,56.797,95.845
132.74,359.03,58.518,98.749
135.43,357.51,59.103,99.736
139.85,358.8,57.938,97.771
141.37,358.1,58.518,98.749
145.06,357.44,59.694,100.73
150.74,358.25,59.103,99.736
154.3,359.66,58.518,98.749
159.09,360.65,57.938,97.771
161.82,359.96,56.797,95.845
167.12,361.56,55.126,93.026
171.14,362.52,55.678,93.956
172.8,360.29,56.234,94.896
175.67,359.17,56.797,95.845
178.5,358.25,57.938,97.771
180.14,356.6,59.103,99.736
185.42,357.98,57.938,97.771
187.57,356.95,59.694,100.73
190.44,356.13,60.894,102.76
194.91,356.73,60.291,101.74
199.66,357.9,59.103,99.736
204.4,359.28,59.103,99.736
209.45,361.53,57.365,96.803
212.83,361.36,57.938,97.771
214.85,358.68,59.694,100.73
218.82,358.65,60.291,101.74
222.51,357.72,59.103,99.736
225.37,358.6,58.518,98.749
229.31,360.11,56.797,95.845
231.51,361.23,55.678,93.956
235.67,361.75,55.126,93.026
238.25,359.15,56.234,94.896
241.85,358.61,56.234,94.896
245.98,359.36,56.797,95.845
249.68,360.4,56.797,95.845
253.04,360.15,57.938,97.771
255.63,358.69,56.797,95.845
258.71,356.66,58.518,98.749
262.28,354.98,60.291,101.74
264.37,353.99,60.291,101.74
268.8,352.82,61.503,103.79
269.16,351.71,62.739,105.87
272.99,353.58,60.894,102.76
274.87,351.54,62.739,105.87
277.45,351.98,62.118,104.82
282.46,352.67,62.118,104.82
285.6,353.14,62.118,104.82
290.79,356.22,60.291,101.74
293.35,355.8,61.503,103.79
296.97,356.09,61.503,103.79
297.22,350.36,63.366,106.93
298.45,346.79,65.286,110.17
301.01,347.34,65.286,110.17
303.26,343.64,67.265,113.51
305.46,344.52,66.599,112.39
309.55,346.46,65.939,111.27
311.79,347.84,64,108
313.81,348.73,63.366,106.93
315.32,347.17,64,108
318.47,348.73,62.118,104.82
324.36,350.66,60.291,101.74
327.73,350.35,61.503,103.79
330.76,350.93,60.894,102.76
332.82,352,59.103,99.736
334.52,351.61,59.103,99.736
337.75,352.82,57.938,97.771
342.71,353.48,56.234,94.896
345.75,356.58,55.126,93.026
348.11,355.75,54.04,91.193
350.25,354.71,55.678,93.956
353.09,361.96,56.797,95.845
356.2,360.21,57.938,97.771
357.39,360.92,59.694,100.73
359.29,360.8,59.103,99.736
362.13,361.54,58.518,98.749
363.87,357.67,59.103,99.736
367.45,357.68,59.694,100.73
368.28,355.25,59.694,100.73
371.09,357.48,58.518,98.749
373.07,357.1,59.694,100.73
374.58,357.71,60.291,101.74
378.36,359.76,59.694,100.73
380.82,361.94,57.938,97.771
384.41,362.32,56.797,95.845
387.75,361.86,57.938,97.771
391.69,361.43,57.938,97.771
395.99,359.96,59.694,100.73
401.35,358.91,59.694,100.73
405.85,357.73,60.291,101.74
409.7,355.63,62.118,104.82
414.02,355.32,62.739,105.87
417.95,356.18,62.118,104.82
420.89,355.53,63.366,106.93
423.2,354.71,65.286,110.17
428.52,380.27,64,108
434.24,379.8,65.286,110.17
432.16,393.77,64.64,109.08
441.28,354.22,66.599,112.39
446.4,355.12,65.286,110.17
451.49,356.78,64,108
456.56,355.54,65.286,110.17
464.08,358.56,63.366,106.93
470.12,357.48,62.739,105.87
476.55,357.18,64.64,109.08
479.27,356.39,64.64,109.08
485.77,356.85,63.366,106.93
491.71,358.35,61.503,103.79
495.82,357.5,63.366,106.93
500.29,359.4,63.366,106.93
504.81,358.8,65.286,110.17
511.87,363.5,64,108
521.94,364.81,62.118,104.82
529.71,364.63,61.503,103.79
537.78,362.81,61.503,103.79
545.35,358.73,62.739,105.87
552.2,358.89,61.503,103.79
556.85,356.97,63.366,106.93
564.44,358.66,61.503,103.79
570.48,360.66,61.503,103.79
577.97,363.43,60.291,101.74
584.87,365.57,60.894,102.76
592.75,366.79,62.118,104.82
601.39,368.23,62.118,104.82
608.38,366.18,64,108
616.6,366.59,64,108
624.64,363.91,65.286,110.17
629.29,363.11,65.286,110.17
635.77,364.52,63.366,106.93
640.29,365.64,65.286,110.17
645.97,365.94,64.64,109.08
650.3,366.22,65.939,111.27
656.48,368.08,64,108
663.29,369.35,62.118,104.82
670.18,370.88,62.739,105.87
676,371.27,62.118,104.82
680.74,369.62,64,108
687.41,369.67,64.64,109.08
693.25,369.21,64,108
698.89,371.88,65.939,111.27
702.61,370.12,66.599,112.39
708.56,372.7,64.64,109.08
712.94,375.43,64.64,109.08
715.55,374.43,66.599,112.39
721.15,376.07,65.939,111.27
720.99,371.56,67.265,113.51
724.02,372.3,65.286,110.17
730.38,374.32,64.64,109.08
735.33,376.57,63.366,106.93
738.19,370.49,62.739,105.87
742.76,378.17,63.366,106.93
747.33,380.83,62.739,105.87
746.54,375.07,64.64,109.08
746.03,372.63,66.599,112.39
746.95,373.87,66.599,112.39
754.37,368.11,65.286,110.17
765.71,368.24,66.599,112.39
775.9,369.69,68.617,115.79
781.82,367.79,69.996,118.12
785.3,370.74,69.303,116.95
784.61,369,69.303,116.95
783.62,405.33,70.696,119.3
781.24,372.53,72.838,122.91
755.86,347.96,75.045,126.64
756.9,349.03,77.319,130.48
759.97,343.34,76.553,129.18
765.82,364.63,78.092,131.78
765.14,363.38,78.092,131.78
743.66,342.84,80.458,135.77
744.58,345.72,79.662,134.43
744.06,350.37,79.662,134.43
787.7,341.51,77.319,130.48
793.59,339.22,75.795,127.9
798.6,360.2,74.302,125.38
804.67,359.49,74.302,125.38
812.14,359.75,72.117,121.7
817.23,361.21,70.696,119.3
820.81,361.15,69.996,118.12
824.59,358.54,68.617,115.79
824.32,346.32,67.937,114.64
823.57,340.36,68.617,115.79
827.94,341.81,67.265,113.51
831.81,343.23,67.937,114.64
837.62,342.74,67.937,114.64
837.56,340.48,69.996,118.12
841.52,341.75,70.696,119.3
841.95,342.78,72.117,121.7
847.06,345.78,72.117,121.7
859.78,354.12,69.996,118.12
862.11,353.86,69.996,118.12
860.43,349.96,72.117,121.7
858.57,343.05,73.566,124.14
863.84,350.46,71.403,120.49
858.27,338.61,69.996,118.12
858.88,337.73,69.303,116.95
859.38,337.54,67.265,113.51
860.12,338.25,65.286,110.17
871.34,355.67,65.286,110.17
871.44,354.72,64,108
871.42,354.8,65.286,110.17
870.8,353.73,64,108
868.99,353.22,65.939,111.27
869.66,353.91,65.939,111.27
858,333.01,65.286,110.17
856.93,331.52,64,108
860.05,333.86,63.366,106.93
859.69,332.75,62.739,105.87
863.71,333.8,63.366,106.93
874.57,356.9,64.64,109.08
872.25,354.97,64,108
873.4,353.12,63.366,106.93
872.1,352.5,62.118,104.82
870.23,354,60.291,101.74
868.44,353.41,59.694,100.73
864.47,351.93,60.894,102.76
866.06,353.69,59.694,100.73
866.23,353.59,59.103,99.736
831.91,353.13,60.291,101.74
834.04,350.71,60.894,102.76
835.03,349.13,61.503,103.79
836.11,348.2,61.503,103.79
866.53,353.73,59.694,100.73
863.05,351.88,60.894,102.76
860.81,352.41,60.894,102.76
859.72,349.78,62.739,105.87
860.46,350.69,62.118,104.82
861.09,351.69,61.503,103.79
864.09,351.76,60.291,101.74
865.86,353.51,59.694,100.73
863.78,352.9,60.291,101.74
863.01,353.95,61.503,103.79
863.66,352.53,63.366,106.93
863.88,350.61,64,108
864.44,349.32,63.366,106.93
865.87,347.46,62.118,104.82
867.68,348.06,61.503,103.79
868.1,348.09,59.694,100.73
869.1,347.49,59.103,99.736
871.92,348.88,57.938,97.771
871.78,350.32,59.694,100.73
873.5,352.11,57.938,97.771
870.9,351.78,59.103,99.736
871.25,351.64,58.518,98.749
870.72,351.45,58.518,98.749
869.29,349.12,58.518,98.749
869.3,347.58,58.518,98.749
857.57,360.75,59.694,100.73
861.41,356.41,61.503,103.79
861.73,352.4,63.366,106.93
866.33,348.11,64,108
869.2,349.48,62.739,105.87
870.79,348.63,64,108
866.92,349.24,64,108
852.65,349.15,65.286,110.17
838.45,348.62,67.265,113.51
834.8,347.21,67.265,113.51
836.87,346.09,67.937,114.64
802.79,347.8,68.617,115.79
805.96,349.44,66.599,112.39
806.4,347.33,67.265,113.51
808.48,345.58,67.265,113.51
811.46,345.54,65.939,111.27
850.17,351.2,64,108
822.65,354.62,65.286,110.17
822.41,354.47,65.286,110.17
823.64,350.89,67.265,113.51
824.07,347.12,67.937,114.64
825.18,347.32,67.265,113.51
826.03,345.04,68.617,115.79
829.54,345.38,69.303,116.95
828.26,345.05,69.996,118.12
832.39,348.34,68.617,115.79
833.64,348.42,67.265,113.51
858.73,345.49,66.599,112.39
856.06,345.8,66.599,112.39
855.37,344.62,66.599,112.39
854.45,344.76,65.286,110.17
855.51,346.17,64.64,109.08
850.39,346.5,63.366,106.93
837.73,347.34,62.118,104.82
823.84,347.16,60.894,102.76
809.1,347.49,61.503,103.79
797.52,343.68,62.118,104.82
788.25,342.62,63.366,106.93
785.44,342.12,61.503,103.79
785.54,339.54,62.739,105.87
787.14,340.85,60.894,102.76
789.59,342.81,60.291,101.74
788.77,327.74,58.518,98.749
789.94,345.33,59.103,99.736
792.84,346.25,58.518,98.749
790.9,328.88,57.365,96.803
791.16,346.06,58.518,98.749
777.71,357.14,56.797,95.845
778.48,357.37,57.938,97.771
780.28,356.69,57.938,97.771
784.01,356.86,57.365,96.803
788.59,352.33,57.365,96.803
785.52,351.62,57.365,96.803
787.37,345.75,58.518,98.749
788.14,348.72,59.694,100.73
787.14,345.74,60.291,101.74
789.72,340.36,60.894,102.76
789.15,342.44,59.103,99.736
787.66,345.32,60.291,101.74
786.2,346.16,60.291,101.74
786.32,344.14,62.118,104.82
787.04,342.99,62.739,105.87
789.66,344.23,61.503,103.79
790.91,344.73,60.291,101.74
767.31,365.46,59.103,99.736
769.34,365.77,59.694,100.73
770.37,361.01,61.503,103.79
772.87,361.29,59.694,100.73
774.15,359.84,58.518,98.749
775.07,358.38,59.103,99.736
775.48,358.39,59.694,100.73
776.1,354.54,60.291,101.74
780.93,357.81,59.694,100.73
782.94,360.94,59.103,99.736
787.41,361.09,59.694,100.73
788.02,359.44,59.694,100.73
791.55,359.88,58.518,98.749
794.71,358.82,57.365,96.803
798.84,355.62,56.234,94.896
799.73,357.14,56.234,94.896
799.4,357.92,57.365,96.803
802.45,359.1,57.365,96.803
804.32,360.91,56.797,95.845
807.73,361.7,55.126,93.026
808.42,360.78,55.678,93.956
808.75,359.15,57.365,96.803
811.05,358.14,55.678,93.956
813.11,355.06,57.365,96.803
812.99,352.56,58.518,98.749
814.99,352.24,58.518,98.749
815.4,353.04,58.518,98.749
818.23,354.15,56.797,95.845
821.99,357.43,55.126,93.026
820.99,355.24,56.234,94.896
822.13,355.79,55.126,93.026
821.28,354.2,55.126,93.026
817.11,352.19,56.234,94.896
814.77,353.72,55.126,93.026
812.82,353.2,55.678,93.956
809.92,351.87,57.365,96.803
810.68,352.71,57.365,96.803
809.21,351.21,59.103,99.736
809.1,351.22,59.103,99.736
809.3,350.19,59.103,99.736
810.39,348.77,59.103,99.736
812.81,348.72,57.365,96.803
813.36,347.71,57.938,97.771
813.92,347.18,56.797,95.845
814.26,347.11,56.797,95.845
816.72,348.65,55.678,93.956
817.67,348.66,55.678,93.956
818.15,348.2,56.234,94.896
818.66,347.61,56.234,94.896
819.08,347.21,56.234,94.896
819.95,348.47,55.678,93.956
819.74,347.82,55.678,93.956
820.72,347.81,54.581,92.105
821.31,347.64,53.505,90.29
820.82,347.15,53.505,90.29
820.99,347.01,54.04,91.193
819.98,346.08,55.678,93.956
820.73,347.01,54.581,92.105
823.04,348.38,52.975,89.396
821.85,347.52,54.04,91.193
822.45,347.32,54.581,92.105
822.83,347.46,53.505,90.29
822.51,346.94,54.581,92.105
823.31,347.27,52.975,89.396
822.04,345.94,54.581,92.105
823.94,346.41,52.975,89.396
822.5,344.82,54.581,92.105
822.6,345.27,54.581,92.105
821.86,343.77,55.678,93.956
823.12,344.55,54.581,92.105
822.25,344.79,54.581,92.105
823.53,345.35,52.975,89.396
821.06,345.43,52.975,89.396
820.94,344.66,54.581,92.105
818.78,342.91,56.234,94.896
819.04,342.84,56.234,94.896
817.15,341.78,56.234,94.896
816.02,341.04,57.365,96.803
815.18,341.46,56.234,94.896
816.74,342.35,55.126,93.026
814.17,340.61,55.678,93.956
812.79,339.3,56.234,94.896
811.61,337.91,57.938,97.771
811.67,337.89,59.694,100.73
812.25,338.08,58.518,98.749
812.82,339.13,57.938,97.771
811.68,338.19,59.694,100.73
812.41,338,57.938,97.771
811.03,336.33,58.518,98.749
811.91,336.22,59.103,99.736
810.79,335.49,60.291,101.74
812.22,336.01,59.694,100.73
811.35,335.81,59.103,99.736
811.12,335.43,60.291,101.74
811.26,334.57,60.894,102.76
811.08,334.3,60.894,102.76
809.01,332.76,62.118,104.82
810.86,333.4,60.291,101.74
812.34,334.51,58.518,98.749
811.09,332.71,59.103,99.736
809.79,331.86,60.291,101.74
808.99,332.03,60.894,102.76
809.21,331.61,61.503,103.79
808.63,331.85,60.894,102.76
807.49,331.32,62.739,105.87
806.67,330.45,63.366,106.93
805.15,329.97,64.64,109.08
802.79,327.26,65.939,111.27
800.41,326.45,67.265,113.51
800.23,323.81,67.265,113.51
798.78,321.65,68.617,115.79
801.18,325.79,66.599,112.39
802.49,325.81,65.286,110.17
806.5,326.73,64,108
790.3,307.87,65.286,110.17
805.16,328.7,64,108
803.1,327.71,62.739,105.87
802.86,328.98,60.894,102.76
800.27,326.28,62.739,105.87
799.47,326.05,64,108
798.64,325.71,64,108
799.05,327.11,62.739,105.87
796.73,325.42,64.64,109.08
797.82,326.03,64.64,109.08
797.97,326.09,64.64,109.08
796.79,325.07,62.739,105.87
801.5,328.96,64.64,109.08
802.43,328.87,62.739,105.87
804.24,329.16,60.894,102.76
803.2,328.81,62.118,104.82
802.4,328.29,62.739,105.87
803.82,328.46,60.894,102.76
804.74,329.2,59.103,99.736
804.6,329.64,59.103,99.736
804.85,330.12,59.103,99.736
803.37,327.95,59.103,99.736
803.67,327.26,60.894,102.76
804.95,326.66,61.503,103.79
805.42,327.48,60.894,102.76
803.83,326.42,62.118,104.82
804.3,326.17,61.503,103.79
803.01,326.4,62.739,105.87
803.03,326.75,60.894,102.76
802.98,325.53,60.894,102.76
802.09,325.11,61.503,103.79
800.59,324.11,63.366,106.93
798.61,321.44,65.286,110.17
801.78,320.21,65.939,111.27
802.71,317.68,66.599,112.39
805.91,317.74,64.64,109.08
809.67,318.95,64.64,109.08
814.4,322.02,62.739,105.87
819.19,324.61,60.894,102.76
824.43,324.96,60.291,101.74
832.27,327.39,59.694,100.73
838.06,327.42,59.103,99.736
817.78,327.74,57.938,97.771
818.65,328.54,56.797,95.845
819.91,329.19,55.678,93.956
819.8,328.58,55.678,93.956
819.08,327.77,55.678,93.956
819.48,328.7,54.581,92.105
819.52,328.95,52.975,89.396
840.57,330.3,51.417,86.767
838.86,329.7,50.908,85.908
838.55,329.93,52.451,88.511
836.74,329.83,50.908,85.908
835.63,329.96,50.908,85.908
834.46,329.41,51.932,87.634
832.47,328.58,52.975,89.396
831.85,329.47,51.932,87.634
830.28,328.92,51.932,87.634
829.7,329.42,50.404,85.057
828.83,329.86,51.417,86.767
827.77,329.38,50.404,85.057
808.98,329.04,51.932,87.634
824.68,329.15,51.932,87.634
823.6,328.87,52.451,88.511
820.92,328.54,52.975,89.396
818.55,327.71,54.04,91.193
817.15,327.81,52.451,88.511
816.03,326.39,52.975,89.396
815.79,328.34,51.417,86.767
814.6,326.97,52.451,88.511
812.85,326.08,52.975,89.396
812.05,326.1,52.975,89.396
811.39,325.94,51.932,87.634
811.43,325.91,51.417,86.767
810.98,327.11,49.905,84.215
810.28,327.8,49.411,83.381
809.25,326.96,50.404,85.057
807.38,326.7,50.404,85.057
805.76,327.72,49.411,83.381
804,328.45,49.411,83.381
802.88,327.97,48.922,82.556
802.44,327.95,47.958,80.929
802.61,328.48,46.547,78.549
803.42,329.03,45.179,76.239
802.21,327.84,45.63,77.001
801.6,345.98,44.731,75.484
786.75,356.6,45.63,77.001
783.82,356.41,47.013,79.334
796.55,343.54,48.437,81.738
794.93,342.92,49.411,83.381
788.65,329.01,49.905,84.215
788.34,328.9,51.417,86.767
787.75,325.67,52.975,89.396
797.32,343.41,54.581,92.105
797.32,340.13,55.126,93.026
797.17,342.58,56.797,95.845
800.28,342.04,58.518,98.749
800.12,342.85,60.291,101.74
800.88,338.99,62.118,104.82
802.97,336.37,61.503,103.79
803.54,335.06,62.739,105.87
805.65,336.73,61.503,103.79
807.52,336.61,59.694,100.73
809.17,337.8,57.938,97.771
810.22,338.48,56.234,94.896
811.86,338.29,57.365,96.803
812.72,339.62,56.797,95.845
814.33,338.01,56.797,95.845
815.75,338.75,56.234,94.896
816.69,338.37,56.797,95.845
817.92,338,57.365,96.803
819,338.14,57.938,97.771
817.94,335.97,59.103,99.736
819.39,335,59.103,99.736
821.39,334.94,57.365,96.803
821.95,334.5,57.938,97.771
822,335.48,56.797,95.845
823.08,335.34,56.797,95.845
824.29,335.05,57.365,96.803
825.72,332.96,56.234,94.896
825.41,332.96,57.938,97.771
799.63,336.76,59.694,100.73
801.82,337.52,57.938,97.771
825.42,330.61,59.694,100.73
824.06,328.11,59.103,99.736
824.04,329.37,57.365,96.803
824.21,327.85,57.365,96.803
822.4,325.55,59.103,99.736
823.68,324.65,57.938,97.771
825.15,324.44,56.234,94.896
825.46,323.23,55.126,93.026
825.54,323.68,56.797,95.845
824.71,325.69,58.518,98.749
826.25,328.21,57.365,96.803
826.19,329.4,58.518,98.749
828.47,330.26,56.797,95.845
829.67,329.32,56.234,94.896
832.26,328.42,55.678,93.956
831.6,328.02,55.126,93.026
832.38,326.03,54.581,92.105
831.29,324.4,56.234,94.896
829.63,325.67,57.938,97.771
833.02,326.28,56.234,94.896
835.33,329.1,55.678,93.956
836.09,330.39,54.04,91.193
837.27,330.39,54.04,91.193
839.77,329.65,54.581,92.105
837.44,329.65,55.678,93.956
838.51,330.64,54.581,92.105
838.81,328.69,55.678,93.956
837.98,328.07,55.126,93.026
838.57,329.25,54.04,91.193
839.07,330.07,53.505,90.29
839.22,327.12,53.505,90.29
836.32,329.56,54.581,92.105
834.38,329.47,55.678,93.956
832.81,328.94,56.797,95.845
831.34,326.87,58.518,98.749
831.72,324.87,60.291,101.74
831.68,326.48,60.894,102.76
833.44,329.11,59.694,100.73
831.29,328.91,60.894,102.76
831.07,330.04,60.291,101.74
832.98,327.29,59.103,99.736
833.42,326.18,59.694,100.73
830.18,324.04,60.894,102.76
831.65,323.28,61.503,103.79
830.49,325.55,61.503,103.79
828.81,328.88,60.291,101.74
830.88,331.2,60.291,101.74
830.97,333.55,59.694,100.73
830.08,332.44,61.503,103.79
830.49,331.88,61.503,103.79
832.02,333.04,59.694,100.73
832.86,332.83,59.694,100.73
831.22,331.95,61.503,103.79
830.66,330.42,63.366,106.93
831.6,333.42,61.503,103.79
833.17,332.25,60.291,101.74
835.47,333.67,58.518,98.749
837.32,334.5,57.365,96.803
836.77,334.98,57.938,97.771
836.5,333.36,59.103,99.736
836.39,332.07,60.291,101.74
835.98,331.94,60.291,101.74
837.16,332.11,59.694,100.73
836.93,331.8,58.518,98.749
836.76,331.93,59.103,99.736
835.86,331.53,60.291,101.74
837.2,333.27,58.518,98.749
835.68,331.53,60.291,101.74
836.47,333.26,58.518,98.749
836.16,332.23,59.694,100.73
837.36,332.76,57.938,97.771
836.7,331.14,58.518,98.749
837.38,331.17,56.797,95.845
838.7,330.76,57.938,97.771
837.86,327.15,59.694,100.73
833.49,326.93,61.503,103.79
831.6,324.9,62.739,105.87
832.43,326.15,64,108
830.75,324.32,64.64,109.08
828.68,323.04,65.286,110.17
826.84,322.77,66.599,112.39
828.42,323.59,64.64,109.08
829.57,324.62,64.64,109.08
829.09,322.83,63.366,106.93
828.86,323.1,64.64,109.08
824.26,320.13,65.286,110.17
822.01,318.97,65.286,110.17
821.95,321.93,63.366,106.93
817.53,321.78,63.366,106.93
813.59,321.88,64.64,109.08
811.25,320.95,66.599,112.39
811.38,320.93,66.599,112.39
811.87,321,65.286,110.17
813.65,323.56,63.366,106.93
813.09,321.11,65.286,110.17
817.05,323.04,63.366,106.93
816.53,321.71,64.64,109.08
818.29,323.1,62.739,105.87
818.78,323.84,62.118,104.82
820.5,326.79,60.894,102.76
821.62,329.89,59.103,99.736
822.23,330.91,59.694,100.73
821.8,328.77,60.894,102.76
823.55,330.13,59.694,100.73
823.28,329.91,60.291,101.74
823.51,329.41,60.291,101.74
822.76,329.12,61.503,103.79
824.76,329.36,60.291,101.74
822.71,327.41,62.118,104.82
822.14,325.82,64,108
824.48,327.13,62.739,105.87
826.17,328.03,62.118,104.82
826.2,327.93,62.739,105.87
825.75,327.11,62.739,105.87
828.29,328.71,60.894,102.76
830.17,330.38,59.103,99.736
831.45,330.3,58.518,98.749
832.18,329.97,58.518,98.749
829.41,331.3,59.103,99.736
831.44,331.03,58.518,98.749
833.38,331.82,57.365,96.803
834.56,333.06,56.234,94.896
834.43,333.18,57.938,97.771
833.95,331.86,59.103,99.736
832.84,331.34,59.103,99.736
833.03,330.94,60.894,102.76
831.51,333.14,61.503,103.79
831.26,333.62,60.291,101.74
829.9,332.91,60.894,102.76
832.34,333.24,59.103,99.736
833.72,333.64,58.518,98.749
833.42,332.96,59.103,99.736
832.24,332.76,60.291,101.74
832.43,330.01,60.291,101.74
831.83,328.86,61.503,103.79
833.31,329.71,62.118,104.82
833.39,329.42,64,108
835.62,331.25,63.366,106.93
837.11,331.76,62.118,104.82
839.8,332.35,61.503,103.79
841.73,333.85,59.694,100.73
842.97,335.07,57.938,97.771
844.79,335.3,56.234,94.896
847.94,338.5,54.581,92.105
847.35,337.33,55.678,93.956
848.37,338.44,54.581,92.105
848.99,338.8,53.505,90.29
848.63,338.62,54.04,91.193
849.91,337.49,55.126,93.026
847.91,335.48,56.797,95.845
845.86,333.42,58.518,98.749
846.31,331.45,59.103,99.736
845.86,332.48,59.103,99.736
848.08,333.59,57.365,96.803
847.48,334.21,56.797,95.845
845.97,331.47,58.518,98.749
844.95,332.45,59.694,100.73
844.31,331.54,60.291,101.74
846.17,334.48,58.518,98.749
847.7,335.66,57.938,97.771
848.91,336.74,57.365,96.803
849.3,336.86,55.678,93.956
848.47,336.07,56.234,94.896
