644,474,44,98
645.09,471.9,43.544,96.984
646.47,470.85,41.89,93.3
647.47,467.69,43.127,96.055
647.52,463.73,42.849,95.436
648.57,463.04,42.416,94.473
648.22,461.03,42.923,95.601
648.92,459.73,42.217,94.03
648.57,456.97,42.118,93.809
650.75,452.06,42.09,93.747
651.53,450.85,42.005,93.556
652.38,450.72,42.471,94.595
654.65,449.89,42.657,95.008
655.7,449.59,41.942,93.415
658.33,447.21,41.889,93.298
658.64,446.43,41.754,92.998
658.97,445.83,41.048,91.424
659.21,447.23,40.259,89.668
658.48,445.63,41.153,91.659
658.09,442.6,41.51,92.454
658.01,440.99,42.145,93.869
657.02,439.55,42.244,94.09
656.91,438.73,41.854,93.219
656.65,436.11,42.42,94.481
655.57,429.2,42.968,95.703
654.68,426.26,43.16,96.129
655.34,423.7,42.833,95.402
655.66,422.34,42.679,95.057
655.26,419.55,42.565,94.805
655.81,416.42,42.506,94.673
656.02,415.68,42.658,95.01
655.27,415,42.729,95.17
654.61,416.08,42.298,94.209
651.33,416.7,42.149,93.876
641.14,419.66,42.328,94.275
637.8,421.91,42.97,95.707
632.83,424.68,42.738,95.19
629.82,428.96,42.713,95.133
626.11,431.35,42.681,95.062
623.4,436.14,42.202,93.996
622.72,435.7,42.234,94.068
620.82,433.14,42.531,94.729
619.56,429.33,42.869,95.48
618.9,424.75,43.391,96.644
618.07,419.56,44.083,98.184
617.98,410.42,43.415,96.698
617.93,409.12,43.243,96.313
617.52,407.91,43.158,96.125
614.46,407.66,42.722,95.153
613.34,406.54,43.366,96.588
605.63,402.41,43.191,96.198
605.62,401.19,42.858,95.456
606.02,399.72,42.929,95.616
608.1,395.99,42.907,95.567
610.33,391.46,43.446,96.766
611.24,386.23,43.31,96.464
610.27,382.15,43.354,96.562
605.07,377.46,43.676,97.278
598.98,373.12,43.519,96.929
595.8,371.08,43.676,97.278
596.45,370.49,43.699,97.33
599.28,369.67,44.018,98.041
602.51,366.95,43.927,97.838
606.98,362.63,44.228,98.507
610.32,357.96,44.509,99.133
611.6,353.73,44.67,99.493
612.15,352.48,44.901,100.01
611.31,349.24,44.794,99.768
609.91,349.32,44.738,99.644
604.14,344.86,44.777,99.731
598.71,343.25,44.494,99.099
594.76,341.33,44.273,98.609
593.92,339.6,43.958,97.906
594.09,338.35,43.579,97.063
595.47,336.92,42.919,95.592
598.27,336.17,43.025,95.829
600.15,334.91,42.44,94.525
601.44,333.69,42.442,94.531
601.92,331.1,42.292,94.197
599.89,330.3,42.346,94.315
598.29,329.05,42.178,93.941
596.24,328.48,42.179,93.945
594.43,327.38,41.899,93.321
593.37,325.86,42.296,94.206
591.59,325.28,42.573,94.822
590.87,324.02,42.799,95.324
591.36,322.72,43.013,95.803
590.49,319.36,43.153,96.114
591.01,317.13,43.19,96.195
591.32,315.61,43.542,96.979
590.09,313.24,43.513,96.915
589.96,312.8,43.87,97.71
588.08,312.3,43.76,97.466
586.64,312.72,43.698,97.326
585.54,313.17,43.775,97.498
584.46,312.27,43.475,96.831
583.72,311.73,43.152,96.11
583.16,310.22,42.591,94.861
583.62,310.14,42.435,94.515
583.95,309.87,42.262,94.129
582.61,309.86,42.077,93.716
579.61,311.01,42.001,93.547
577.46,312.86,42.079,93.721
575.89,312.18,42.112,93.794
575.75,309.52,42.354,94.334
576.14,306.02,42.333,94.287
577.69,303.33,42.595,94.87
577.66,301.95,42.657,95.009
578.52,301.97,42.538,94.744
578.74,302.33,42.677,95.053
578.93,302.41,42.732,95.176
580.89,300.6,42.894,95.537
584.01,298.49,42.742,95.197
588.4,296.03,42.769,95.257
592.61,294.19,42.756,95.23
594.96,292.16,42.889,95.525
597.44,292.43,42.96,95.684
597.37,290.68,42.994,95.759
593.99,282.72,43.172,96.157
591.53,277.38,43.311,96.466
590.4,272.3,43.242,96.312
589.55,268.53,43.145,96.095
588.56,266.32,42.836,95.407
588.47,265.73,42.405,94.448
589.52,266.1,42.099,93.766
589.09,266.48,42.046,93.647
589.28,267.71,42.282,94.173
590.16,270.22,42.203,93.997
590,270.33,42.058,93.675
593.35,268.67,42.089,93.743
598.73,267.02,42.053,93.663
604.95,264.97,41.646,92.758
610.71,263.2,41.249,91.873
613.79,262.31,40.932,91.166
617.24,261.28,41.127,91.601
619.22,258.54,41.189,91.739
623.39,253.54,41.007,91.333
626.64,249.14,41.047,91.423
629.28,245.22,40.993,91.303
631.9,243.48,40.913,91.125
633.67,243.04,41.071,91.477
634.79,242.57,40.988,91.292
635.84,242.49,40.8,90.873
635.79,241.95,40.499,90.203
636.2,242.71,40.298,89.754
634.03,242.02,39.992,89.072
633.64,241.99,39.795,88.634
631.91,240.43,39.656,88.325
631.62,240.3,39.812,88.673
630.77,238.8,39.858,88.774
630.83,238.12,39.626,88.257
631.27,237.2,39.341,87.623
630.93,235.52,38.794,86.405
632.08,233.76,38.719,86.238
632.92,231.96,38.75,86.307
633.34,230.09,38.648,86.08
635.51,229.18,38.658,86.102
638.14,228.59,38.657,86.099
642.3,227.64,38.612,85.999
646.83,226.2,38.349,85.414
650.8,224.74,38.065,84.782
654.72,225.1,37.852,84.306
656.73,224.63,37.725,84.025
658.59,225.16,37.504,83.532
659.69,225.35,37,82.41
661.17,225.94,36.81,81.985
662.95,226.92,36.882,82.147
663.74,226.28,36.915,82.219
664.61,226.24,37.131,82.7
666.7,226.18,37.353,83.194
667.04,226.19,37.329,83.142
668.18,229.25,37.31,83.099
666.5,234.51,37.233,82.929
664.64,239.55,37.03,82.476
662.21,243.81,37.176,82.8
660.91,248.92,37.462,83.439
660.02,254.07,37.872,84.351
658.8,261.19,38.258,85.211
657.73,267.95,38.833,86.492
655.37,272.98,39.077,87.036
654.75,276.78,39.129,87.15
653.26,278.36,39.486,87.945
651.33,282.56,39.408,87.773
648.41,287.64,38.939,86.727
645.33,294.1,38.538,85.835
643.14,300.12,38.162,84.996
640.96,304.08,37.714,83.999
638.85,306.59,37.285,83.044
635.01,308.07,36.973,82.349
630.27,308.76,36.947,82.291
625.58,309,37.098,82.627
622.58,311.21,37.078,82.583
623.54,342.21,36.74,81.83
623.66,344.67,36.522,81.345
625.7,345.35,36.332,80.92
625.02,348.2,36.127,80.464
621.05,330.21,35.855,79.858
621.71,332.86,35.543,79.164
619.8,334.7,35.304,78.632
