560,375,57,142
559.44,375.18,57,142
559.03,375.42,56.436,140.59
559.29,375.23,56.436,140.59
559.41,376.49,55.877,139.2
558.67,375.09,57.57,143.42
559.28,376.71,57,142
558.88,377.36,56.436,140.59
559.33,378.59,55.877,139.2
559.31,378.28,56.436,140.59
558.81,375.92,58.146,144.85
561.71,373.75,59.314,147.77
559.64,376.36,58.146,144.85
560.7,378.05,57.57,143.42
561.49,380.04,57,142
564.12,379,58.146,144.85
564.41,380.83,57,142
567.53,378.36,58.727,146.3
564.22,378.09,57.57,143.42
564.6,376.45,58.146,144.85
564.19,374.44,59.314,147.77
564.39,376.97,57.57,143.42
565.19,378.66,57,142
567.02,380.19,56.436,140.59
570.03,384.96,54.776,136.46
574.49,387.15,53.697,133.77
576.57,387,54.234,135.11
578.83,390.18,52.639,131.13
579.21,391.67,52.117,129.84
579.47,391.06,51.601,128.55
580.83,393.41,50.084,124.77
581.01,391.77,50.585,126.02
580.41,389.92,51.601,128.55
580.44,389.16,52.117,129.84
580.08,389.15,51.601,128.55
580.18,389.91,51.601,128.55
578.07,390.26,51.601,128.55
586.44,389.09,52.117,129.84
575.4,389.56,52.639,131.13
576.45,391.47,51.09,127.28
576.69,391.89,50.585,126.02
578.28,393.38,49.097,122.31
579.18,394.62,48.611,121.1
581.84,392.53,50.084,124.77
577.07,390.94,50.585,126.02
580.89,389.77,51.09,127.28
576.54,386.71,52.639,131.13
578.57,390.52,51.09,127.28
577.63,390.53,51.09,127.28
577.17,390.7,51.09,127.28
578.89,391.22,51.09,127.28
576.66,389.47,52.639,131.13
576.08,390.66,51.601,128.55
577.87,391.68,51.09,127.28
577.18,391.43,51.09,127.28
576.25,390.13,51.601,128.55
575.72,389.54,52.117,129.84
575.44,389.35,52.117,129.84
575.29,388.67,53.165,132.45
576.3,388.48,53.165,132.45
574.93,389.91,51.601,128.55
575.64,389.7,51.601,128.55
575.74,387.95,53.165,132.45
575.53,389.28,52.117,129.84
576.62,389.78,52.639,131.13
575.3,388.58,53.697,133.77
575.5,388.34,54.234,135.11
576.01,388.74,54.234,135.11
576.95,392.04,52.639,131.13
577.14,392.26,52.117,129.84
579.74,394.25,50.585,126.02
580.46,393.25,51.09,127.28
582.44,394.29,49.588,123.53
579.57,393.94,49.588,123.53
579.85,391.58,51.09,127.28
577.91,390.54,52.639,131.13
579.38,390.75,52.117,129.84
597.74,397.78,50.585,126.02
581.21,392.68,51.601,128.55
582.72,391.62,52.117,129.84
581.43,390.52,53.165,132.45
579.97,389.37,54.234,135.11
580.57,389.79,53.697,133.77
580.78,388.78,54.234,135.11
582.75,391.3,53.165,132.45
581.97,392.87,52.117,129.84
584.54,395.45,51.09,127.28
582.05,394.54,52.117,129.84
581.92,393.11,53.165,132.45
582,393.56,53.165,132.45
581.75,394.12,52.639,131.13
580.3,391.09,54.234,135.11
582.7,392.41,53.165,132.45
581.81,392.27,53.165,132.45
582.8,393.18,52.639,131.13
580.35,390.55,53.697,133.77
583.02,393.74,52.117,129.84
581.86,393.22,52.639,131.13
580.13,390.74,53.697,133.77
581.16,391.45,53.697,133.77
578.22,390.45,54.776,136.46
580.42,392.95,53.165,132.45
581.23,393.54,52.117,129.84
580.31,392.75,52.117,129.84
580.18,392.19,52.117,129.84
579.8,391.75,52.117,129.84
581.82,392.09,52.639,131.13
578.46,389.55,53.697,133.77
578.83,390.27,53.697,133.77
578.77,390.37,53.697,133.77
579.05,389.13,54.776,136.46
579.3,389.79,54.234,135.11
580.19,392.48,52.639,131.13
580.4,392.91,52.639,131.13
579.27,390.67,53.697,133.77
579.11,389.53,54.234,135.11
578.33,389.74,54.234,135.11
578.73,389.76,54.234,135.11
580.57,392.65,52.639,131.13
579.15,392.41,53.165,132.45
578.87,390.62,54.776,136.46
577.48,388.62,55.877,139.2
579.12,391.39,54.234,135.11
578.81,392.19,53.697,133.77
578.49,390.19,55.324,137.82
578.99,390.04,55.324,137.82
579.54,390.23,54.776,136.46
580.95,391.98,53.165,132.45
579.81,391.14,53.697,133.77
581.07,392.48,53.165,132.45
581.07,392,53.165,132.45
580.71,392.23,53.165,132.45
578.76,390.59,54.234,135.11
580.29,392.26,53.165,132.45
580.04,392.38,53.165,132.45
580.53,393.22,52.117,129.84
580.66,393.14,52.117,129.84
579.84,393.35,52.117,129.84
580.43,394.31,51.601,128.55
579.8,393.43,52.117,129.84
580,393.33,52.117,129.84
579.72,391.93,53.697,133.77
580.11,391.96,53.697,133.77
581.84,393.86,52.639,131.13
580.8,392.59,53.697,133.77
581.43,394.72,52.639,131.13
581.5,394.99,52.117,129.84
581.76,394.9,52.117,129.84
580.58,392.43,53.697,133.77
580.3,391.84,54.234,135.11
580.9,392.51,53.697,133.77
580.91,392.5,53.697,133.77
581.33,392.17,53.697,133.77
581.53,391.43,54.776,136.46
581.64,391.84,54.234,135.11
582,392.54,53.697,133.77
582.14,391.07,55.324,137.82
582.41,392.38,54.234,135.11
582.83,392.37,54.776,136.46
582.93,393.95,53.697,133.77
583.49,393.83,53.697,133.77
582.7,393.89,53.697,133.77
583.81,394.81,53.165,132.45
583.86,394.46,53.165,132.45
584.26,394.49,52.639,131.13
583.74,393.76,53.165,132.45
582.36,391.82,54.234,135.11
582.46,391.8,54.234,135.11
583.34,393.98,53.165,132.45
583.44,394.98,53.165,132.45
583.27,396.36,52.117,129.84
583.3,396.65,52.639,131.13
582.34,395.04,53.697,133.77
582.28,395.04,53.697,133.77
583.14,396.61,52.639,131.13
582.95,395.66,53.165,132.45
582.48,395.47,52.117,129.84
582.76,393.93,53.165,132.45
582.46,393.59,53.165,132.45
582.69,394.18,52.117,129.84
582.4,394.46,52.117,129.84
582.23,394.48,52.117,129.84
583.32,396.87,51.09,127.28
582.47,394.92,52.117,129.84
583.23,396.57,51.09,127.28
582.56,394.72,52.117,129.84
582.85,395.24,51.601,128.55
582.69,394.63,52.117,129.84
583,395.38,51.601,128.55
583.51,394.93,52.639,131.13
582.34,393.35,53.697,133.77
583.36,395.04,53.165,132.45
583.21,396.2,52.117,129.84
583.23,396.14,52.117,129.84
582.3,394.15,53.697,133.77
582.45,393.25,54.234,135.11
583.47,395.02,52.639,131.13
582.49,393,53.697,133.77
583.29,394.71,52.117,129.84
583.57,394.97,52.117,129.84
583.91,395.55,51.601,128.55
583.56,395.01,52.117,129.84
583.63,395.18,52.639,131.13
582.85,393.77,53.697,133.77
582.19,393.79,53.697,133.77
582.09,393.22,54.234,135.11
582.44,393.59,53.697,133.77
583.8,395.64,52.117,129.84
582.84,393.46,53.697,133.77
584.17,395.23,52.639,131.13
582.88,393.03,54.234,135.11
583.46,394.41,53.697,133.77
583.02,393.95,54.234,135.11
584.66,396.42,52.639,131.13
584.29,396.37,52.639,131.13
584.83,397.45,51.601,128.55
584.61,396.58,52.117,129.84
583.7,394.31,53.697,133.77
583.81,394.06,53.697,133.77
583.82,393.2,54.776,136.46
583.98,393.44,54.234,135.11
584.09,394.06,53.697,133.77
583.71,393.22,54.234,135.11
583.63,393.26,54.234,135.11
584.06,393.33,54.234,135.11
584.59,393.25,54.234,135.11
583.31,390.85,55.877,139.2
584.1,392.75,54.234,135.11
584.7,393.66,53.697,133.77
584.69,393.07,54.234,135.11
586.14,395.43,52.639,131.13
586.24,395.48,52.117,129.84
586.24,395.94,52.117,129.84
585.8,394.63,53.697,133.77
585.61,394.44,53.697,133.77
585.28,393.64,54.234,135.11
585.63,393.41,54.234,135.11
585.86,394.07,53.697,133.77
586.95,395,53.165,132.45
587.02,393.15,54.776,136.46
587.19,394.2,53.697,133.77
587.19,393.68,54.234,135.11
587.98,394.93,53.697,133.77
589.07,397.31,52.117,129.84
589.17,396.39,53.165,132.45
588.88,395,53.697,133.77
589.99,396.74,52.117,129.84
590.59,397.77,51.601,128.55
590.7,397.3,52.117,129.84
590.86,396.96,52.639,131.13
590.12,395.24,53.697,133.77
590.66,397.5,52.117,129.84
590.69,395.93,53.697,133.77
591.32,396.07,53.697,133.77
592.78,398.6,52.117,129.84
593.65,397.98,53.165,132.45
592.97,396.64,54.234,135.11
593.48,397.47,53.697,133.77
595.35,399.19,52.117,129.84
596.34,399.68,51.601,128.55
596.78,399.27,51.601,128.55
598.06,400.43,51.09,127.28
597.91,398.9,52.117,129.84
599.03,399.67,51.601,128.55
600.54,401.18,51.09,127.28
600.61,400.54,51.601,128.55
602.75,402.62,50.585,126.02
602.23,402.09,51.09,127.28
601.65,401.15,51.601,128.55
601.5,401.41,51.601,128.55
602.27,402.85,50.585,126.02
600.35,400.16,52.117,129.84
599.53,400.45,51.601,128.55
600.15,402.03,50.084,124.77
598.15,398.59,51.601,128.55
598.22,400.11,50.585,126.02
596.39,398.51,51.601,128.55
595.28,397.81,52.639,131.13
594.47,398,52.639,131.13
592.79,395.84,53.697,133.77
592.68,396.79,53.165,132.45
592.21,397.06,52.639,131.13
591.81,395.95,53.165,132.45
591.76,395.41,53.165,132.45
589.81,392.78,54.776,136.46
590.07,394.34,53.165,132.45
589.4,392.75,54.776,136.46
588.5,390.38,55.877,139.2
588.98,391.46,54.776,136.46
588.12,389.25,56.436,140.59
589.42,390.88,55.324,137.82
590.54,391.7,54.776,136.46
591.02,391.94,54.776,136.46
591.59,393.24,53.165,132.45
592.09,393.82,52.639,131.13
591.36,391.91,54.234,135.11
591.58,391.62,55.324,137.82
591.54,391.48,55.324,137.82
592.08,392.87,54.234,135.11
593.49,395.25,53.165,132.45
594.05,396.59,52.117,129.84
593.73,396.04,53.165,132.45
