175,298,43,113
186.29,298.08,43,113
199.08,297.57,43,113
209.96,296.2,41.735,109.68
220.47,294.56,43,113
230.9,294.64,43.43,114.13
241.55,293.06,43.43,114.13
253.95,289.66,43,113
263.61,289.8,43,113
275.25,289.41,43.43,114.13
284.76,287.12,42.574,111.88
290.6,285.17,42.574,111.88
301.6,285.86,43.43,114.13
309.67,283.67,44.746,117.59
321.28,281.46,43.43,114.13
329.31,278.66,43,113
337.64,279.96,42.574,111.88
350.01,280.27,42.153,110.77
359.83,280.04,40.913,107.52
368.63,281.88,40.107,105.4
374.1,280.47,41.322,108.59
382.82,277.83,40.508,106.45
389.4,276.34,41.735,109.68
395.6,275.14,43,113
404.85,276.68,41.735,109.68
407.17,274.22,42.574,111.88
412.7,273.03,41.322,108.59
417.77,273.69,41.735,109.68
422.59,272.99,42.153,110.77
431.21,272.93,41.322,108.59
434.44,273.79,40.107,105.4
436.99,274.11,40.107,105.4
438.21,273.9,40.107,105.4
437.53,272.83,38.927,102.3
438.92,273.84,38.16,100.28
438.17,272.13,39.317,103.32
434.84,270.29,40.107,105.4
424.95,269.28,40.508,106.45
442.69,247.36,40.913,107.52
442.65,245.75,41.735,109.68
439.37,244.53,43,113
440.06,245.43,43,113
478.65,245.86,43.43,114.13
479.39,246.04,42.153,110.77
505.43,252.39,41.322,108.59
506.07,253.9,40.107,105.4
506.56,253.96,40.107,105.4
528.63,249.62,39.71,104.35
532.46,253.47,39.71,104.35
551.76,252.67,40.913,107.52
550.3,251.44,41.322,108.59
546.88,252.08,41.322,108.59
548.43,252.61,41.322,108.59
547.56,252.16,41.322,108.59
547.48,250.46,42.574,111.88
547.87,252,41.735,109.68
548.28,251.83,41.735,109.68
548.72,252.27,40.913,107.52
548.55,251.59,41.322,108.59
547.65,251.42,41.735,109.68
548.31,251.96,41.735,109.68
549.97,253.49,40.508,106.45
548.83,251.61,41.735,109.68
549.01,251.94,41.735,109.68
548.83,251.8,41.735,109.68
549.73,252.89,40.913,107.52
550.06,252.66,41.322,108.59
549.15,252.51,41.322,108.59
549.17,252.97,40.913,107.52
548.92,252.29,41.322,108.59
548.71,252.22,41.322,108.59
549.94,253.41,40.508,106.45
549.06,253.03,40.913,107.52
549.61,253.02,40.913,107.52
549.71,252.94,40.913,107.52
548.95,252.4,41.322,108.59
548.48,252.12,41.735,109.68
548.23,252.39,41.322,108.59
548.7,252.19,41.322,108.59
548.91,253.26,40.508,106.45
548.11,252.77,40.913,107.52
548.08,251.91,41.735,109.68
547.93,252.24,41.322,108.59
548.33,252.34,41.322,108.59
548.94,253.19,40.508,106.45
548.52,252.09,41.322,108.59
548.75,252.24,41.322,108.59
548.02,253.15,40.107,105.4
549.03,252.6,40.913,107.52
548.74,252.19,41.322,108.59
548.54,253,40.913,107.52
547.18,251.61,41.735,109.68
547.69,252.28,41.322,108.59
547.78,252.88,40.913,107.52
547.85,253.55,40.107,105.4
547.83,253.43,40.107,105.4
547.69,252.44,40.913,107.52
547.45,252.22,40.913,107.52
546.48,252.04,41.322,108.59
546.61,251.73,41.735,109.68
546.8,251.79,41.735,109.68
546.39,251.88,41.735,109.68
546.2,251.83,41.735,109.68
546.61,253.04,40.913,107.52
546.74,252.91,40.913,107.52
546.8,252.65,40.913,107.52
546.8,253.77,40.107,105.4
546.56,252.85,40.913,107.52
547.28,252.34,41.322,108.59
547.46,252.32,41.322,108.59
547.64,252.41,41.322,108.59
547.51,252.27,41.322,108.59
547.79,253.26,40.508,106.45
547.21,252.29,41.322,108.59
547.01,252.22,41.322,108.59
547.21,252.19,41.322,108.59
548.05,252.69,40.913,107.52
547.83,253.32,40.508,106.45
547.94,253.3,40.508,106.45
547.97,252.8,40.913,107.52
547.8,253.04,40.913,107.52
547.19,252.35,41.322,108.59
547.46,252.69,40.913,107.52
