279,260,33,36
279.2,260.13,33,36
279.58,260.42,32.673,35.644
279.74,260.29,33,36
280.22,260.29,33,36
280.39,260.5,33,36
280.63,260.39,33,36
281.55,260.55,33.33,36.36
281.23,259.83,33.663,36.724
281.86,260.09,34,37.091
279.48,260.54,33,36
284.03,259.33,33.663,36.724
285.67,259.73,33.33,36.36
286.53,259.34,34,37.091
285.25,258.36,35.03,38.215
285.98,258.83,34.34,37.462
286.29,259.24,33.663,36.724
286.87,259.01,34.34,37.462
288.17,260.75,33.33,36.36
287.68,259.41,34.34,37.462
286.86,258.94,35.03,38.215
287.06,259.01,35.38,38.597
286.31,258.52,36.453,39.766
286.98,258.3,36.453,39.766
287.3,258.23,36.453,39.766
286.85,257.67,37.185,40.566
288.61,256.75,38.312,41.795
286.61,255.94,38.695,42.213
287.69,255.5,39.473,43.061
286.67,255.2,40.669,44.366
285.73,255.05,40.669,44.366
286.01,255.16,40.669,44.366
284.49,255.09,40.669,44.366
284.76,254.96,40.669,44.366
285.02,254.62,41.901,45.71
285.46,255.43,40.669,44.366
285.52,254.96,41.901,45.71
285.15,254.15,43.171,47.096
284.78,254.58,41.901,45.71
285.31,254.7,41.901,45.71
285.32,254.73,41.901,45.71
284.9,254.11,43.171,47.096
285.22,254.01,43.171,47.096
285.31,254.41,41.901,45.71
285.53,254.7,41.901,45.71
285.5,254.67,41.901,45.71
286,255.01,40.669,44.366
286.04,255,40.669,44.366
285.56,254.59,41.901,45.71
285.55,254.59,41.901,45.71
285.57,254.59,41.901,45.71
285.9,254.99,40.669,44.366
285.94,255.22,40.669,44.366
285.69,254.47,41.901,45.71
286.08,255.08,40.669,44.366
285.8,254.47,41.901,45.71
286.1,254.89,40.669,44.366
286.2,254.99,40.669,44.366
285.69,254.37,41.901,45.71
285.77,254.34,41.901,45.71
286.16,254.99,40.669,44.366
286.37,255.02,40.669,44.366
286.29,255,40.669,44.366
286,254.4,41.901,45.71
285.97,254.37,41.901,45.71
286.13,254.43,41.901,45.71
286.59,255.12,40.669,44.366
286.72,254.96,40.669,44.366
286.36,254.27,41.901,45.71
286.28,253.64,43.171,47.096
286.79,254.41,42.32,46.168
286.99,254.36,42.32,46.168
287.09,254.84,41.486,45.258
286.95,254.93,40.669,44.366
286.94,254.84,40.669,44.366
287.06,254.87,40.669,44.366
286.74,254.23,41.901,45.71
286.69,254.19,41.901,45.71
286.83,254.22,41.901,45.71
286.26,253.54,43.171,47.096
286.76,254.19,41.901,45.71
286.76,254.29,41.901,45.71
286.31,253.46,43.171,47.096
287.01,254.32,41.901,45.71
286.98,254.26,41.901,45.71
286.88,254.12,41.901,45.71
286.45,253.16,43.171,47.096
286.86,253.22,43.171,47.096
286.84,253.17,43.171,47.096
287.63,254.13,42.32,46.168
287.99,254.74,41.486,45.258
287.61,254.37,42.32,46.168
287.61,254.21,42.32,46.168
287.27,254.18,41.901,45.71
287.64,254.22,42.32,46.168
287.71,254.29,42.32,46.168
287.66,254.25,42.32,46.168
287.71,254.27,42.32,46.168
287.75,254.33,42.32,46.168
287.56,254.2,41.901,45.71
287.69,254.12,42.743,46.629
287.69,254.08,42.743,46.629
287.99,254.21,42.32,46.168
287.95,254.06,42.743,46.629
287.58,253.55,43.603,47.566
287.55,253.53,43.603,47.566
287.66,253.51,43.603,47.566
288.09,254.16,42.32,46.168
288.2,254.15,42.32,46.168
287.61,253.53,43.603,47.566
287.63,253.52,43.603,47.566
287.77,253.49,43.603,47.566
288.2,254.16,42.32,46.168
288.55,254.71,41.486,45.258
288.69,254.72,41.486,45.258
288.11,254.15,41.901,45.71
287.72,253.41,43.171,47.096
287.14,252.36,44.479,48.523
287.06,252.36,44.479,48.523
287.56,253.26,43.171,47.096
287.69,253.11,43.171,47.096
287.78,253.21,43.171,47.096
287.66,253.16,43.171,47.096
287.38,252.52,44.479,48.523
287.91,253.2,43.171,47.096
287.79,253.24,43.171,47.096
287.83,253.18,43.171,47.096
287.83,253.08,43.171,47.096
287.92,253.2,43.171,47.096
287.96,253.19,43.171,47.096
287.92,253.16,43.171,47.096
287.89,253.15,43.171,47.096
287.91,253.1,43.171,47.096
288.05,253.13,43.171,47.096
288.05,253.13,43.171,47.096
288.01,253.17,43.171,47.096
287.54,252.38,44.479,48.523
288.1,253.13,43.171,47.096
287.55,252.38,44.479,48.523
288.12,253.14,43.171,47.096
288.11,253.13,43.171,47.096
288.14,253.09,43.171,47.096
288.12,253.09,43.171,47.096
287.49,252.36,44.479,48.523
287.56,252.27,44.479,48.523
287.62,252.41,44.479,48.523
287.52,252.36,44.479,48.523
287.67,252.41,44.479,48.523
287.64,252.35,44.479,48.523
287.54,252.39,44.479,48.523
287.54,252.41,44.479,48.523
287.51,252.33,44.479,48.523
287.51,252.43,44.479,48.523
288.15,253.2,43.171,47.096
288.15,253.36,43.171,47.096
288.12,253.32,43.171,47.096
287.72,252.5,44.479,48.523
287.47,252.15,44.924,49.008
287.65,252.45,44.479,48.523
288.25,253.29,43.171,47.096
288.41,253.22,43.171,47.096
288.57,253.37,43.171,47.096
288,252.45,44.479,48.523
288.14,252.42,44.479,48.523
288.78,253.07,44.039,48.042
288.85,253.26,44.039,48.042
288.88,253.25,44.039,48.042
288.51,253.46,43.171,47.096
288.62,253.24,44.039,48.042
288.63,253.22,44.039,48.042
288.64,253.12,44.039,48.042
289.23,253.87,42.743,46.629
289.18,253.94,42.743,46.629
288.71,253.46,43.603,47.566
288.67,253.48,43.603,47.566
288.61,253.57,43.603,47.566
288.58,253.22,44.039,48.042
288.81,253.61,43.603,47.566
288.67,253.26,44.039,48.042
288.68,253.24,44.039,48.042
288.79,253.26,44.039,48.042
288.71,253.27,44.039,48.042
288.63,253.2,44.039,48.042
288.9,253.42,43.603,47.566
289.45,254.22,42.32,46.168
289.35,254.22,41.901,45.71
289.25,254.24,41.901,45.71
289.25,254.02,42.743,46.629
289.46,254.23,41.901,45.71
289.4,254.16,41.901,45.71
289.43,254.15,41.901,45.71
289.5,253.96,42.743,46.629
289.47,254.03,42.743,46.629
289.48,253.99,42.743,46.629
289.39,254,42.743,46.629
288.93,253.2,44.039,48.042
289.01,253.55,43.171,47.096
289,253.6,43.171,47.096
288.54,252.63,44.479,48.523
288.5,252.44,44.479,48.523
289.08,253.08,43.171,47.096
289.13,253.18,43.171,47.096
289.09,253.19,43.171,47.096
288.57,252.55,44.479,48.523
288.64,252.42,44.479,48.523
288.64,252.4,44.479,48.523
288.45,252.15,44.924,49.008
288.67,252.42,44.479,48.523
289.16,253.08,43.171,47.096
289.2,253.16,43.171,47.096
288.65,252.32,44.479,48.523
288.47,252.11,44.924,49.008
288.84,252.37,44.479,48.523
289.12,252.54,44.479,48.523
289.78,253.11,43.171,47.096
289.69,253.1,43.171,47.096
289.3,252.46,44.479,48.523
289.38,252.5,44.479,48.523
289.35,252.44,44.479,48.523
289.84,253.14,43.171,47.096
289.33,252.36,44.479,48.523
289.32,252.44,44.479,48.523
289.35,252.39,44.479,48.523
289.37,252.38,44.479,48.523
290.03,253.09,43.171,47.096
289.97,253.15,43.171,47.096
289.41,252.4,44.479,48.523
289.45,252.44,44.479,48.523
289.46,252.42,44.479,48.523
289.49,252.47,44.479,48.523
289.47,252.4,44.479,48.523
289.99,253.03,43.171,47.096
289.99,253.09,43.171,47.096
289.52,252.4,44.479,48.523
289.47,252.45,44.479,48.523
289.6,252.44,44.479,48.523
289.62,252.42,44.479,48.523
289.61,252.38,44.479,48.523
289.57,252.4,44.479,48.523
289.59,252.42,44.479,48.523
289.62,252.36,44.479,48.523
289.69,252.39,44.479,48.523
289.65,252.39,44.479,48.523
289.75,252.38,44.479,48.523
289.71,252.37,44.479,48.523
289.66,252.28,44.479,48.523
289.68,252.3,44.479,48.523
289.75,252.28,44.479,48.523
289.67,252.29,44.479,48.523
289.64,252.09,44.924,49.008
290.12,252.3,44.479,48.523
290.83,253.06,43.171,47.096
290.25,252.44,44.479,48.523
290.86,253.15,43.171,47.096
290.29,252.3,44.479,48.523
290.29,252.4,44.479,48.523
290.33,252.35,44.479,48.523
290.42,252.42,44.479,48.523
291.09,253.15,43.171,47.096
291.12,253.1,43.171,47.096
290.51,252.3,44.479,48.523
290.58,252.4,44.479,48.523
290.64,252.38,44.479,48.523
290.76,252.26,44.479,48.523
290.84,252.37,44.479,48.523
291.19,252.27,44.479,48.523
291.23,252.09,45.373,49.498
291.44,252.69,44.479,48.523
291.98,253.41,43.171,47.096
291.95,253.38,43.171,47.096
291.91,253.37,43.171,47.096
291.96,253.51,43.171,47.096
291.95,253.45,44.039,48.042
292.09,253.54,44.039,48.042
293.06,254.27,42.743,46.629
292.37,253.41,44.039,48.042
292.18,253.8,43.171,47.096
292.61,254.32,42.743,46.629
292.19,253.79,43.171,47.096
292.24,253.78,43.171,47.096
292.24,253.79,43.171,47.096
292.23,253.78,43.171,47.096
292.26,253.76,43.171,47.096
292.39,253.7,43.171,47.096
292.46,253.73,43.171,47.096
293.41,254.26,42.743,46.629
292.65,253.43,44.039,48.042
292.88,253.47,44.039,48.042
292.94,253.69,43.603,47.566
292.98,253.58,43.603,47.566
292.67,253.72,43.171,47.096
293.47,254.29,42.743,46.629
293.5,254.23,42.743,46.629
292.88,253.56,44.039,48.042
293.09,253.85,43.171,47.096
293.18,253.89,43.171,47.096
293.24,253.9,43.171,47.096
293.14,253.78,43.171,47.096
293.16,253.8,43.171,47.096
293.19,253.72,43.171,47.096
293.25,253.78,43.171,47.096
293.39,253.67,43.171,47.096
293.26,253.66,43.171,47.096
293.44,253.77,43.171,47.096
294.39,254.24,42.743,46.629
293.83,253.52,44.039,48.042
293.78,253.37,44.039,48.042
293.91,253.39,44.039,48.042
294.51,254.06,42.743,46.629
294.44,254.06,42.743,46.629
293.27,253.82,43.171,47.096
292.44,252.86,44.479,48.523
293.71,253.57,44.039,48.042
293.43,252.79,45.373,49.498
293.4,252.82,45.373,49.498
294.16,253.42,44.039,48.042
295.01,254.07,42.743,46.629
294.28,253.34,44.039,48.042
295,254.08,42.743,46.629
294.26,253.42,44.039,48.042
294.2,253.58,44.039,48.042
294.41,253.55,44.039,48.042
294.21,253.74,44.039,48.042
294.35,253.7,44.039,48.042
294.51,253.51,44.039,48.042
295.05,254.28,42.743,46.629
294.68,253.41,44.039,48.042
294.75,253.42,44.039,48.042
294.52,253.55,44.039,48.042
294.88,253.58,44.039,48.042
294.82,253.65,44.039,48.042
294.87,253.58,44.039,48.042
295.43,254.19,42.743,46.629
294.97,253.6,44.039,48.042
295.29,253.79,43.603,47.566
294.43,252.87,44.924,49.008
294.4,252.99,44.924,49.008
294.5,252.92,44.924,49.008
295.44,253.74,43.603,47.566
295.42,253.48,44.039,48.042
295.5,253.34,44.039,48.042
295.6,253.71,44.039,48.042
295.55,253.78,44.039,48.042
294.89,252.95,45.373,49.498
294.66,252.94,45.827,49.993
295.03,253.02,45.373,49.498
295.18,252.75,45.373,49.498
295.25,253.08,45.373,49.498
295.14,252.79,45.373,49.498
295.25,253.05,45.373,49.498
294.68,252.18,46.748,50.998
295.87,252.88,45.373,49.498
295.7,252.84,45.373,49.498
295.24,252.92,45.827,49.993
295.68,253.09,45.373,49.498
294.66,252.32,46.748,50.998
295.73,252.7,45.827,49.993
295.4,252.74,45.827,49.993
295.58,252.71,45.827,49.993
296.05,252.82,45.373,49.498
295.29,252.28,46.748,50.998
295.6,252.55,45.827,49.993
295.88,252.48,45.827,49.993
295.73,252.34,45.827,49.993
295.83,252.59,45.373,49.498
295.92,252.51,45.373,49.498
296.23,252.64,45.373,49.498
295.53,252.45,45.827,49.993
295.58,252.58,45.373,49.498
295.76,252.69,45.373,49.498
295.53,252.66,45.373,49.498
295.5,252.78,45.373,49.498
295.61,252.83,45.373,49.498
295.25,252.8,44.924,49.008
295.61,253.61,44.039,48.042
295.36,252.98,45.373,49.498
294.86,252.39,46.285,50.493
295.15,253.24,44.924,49.008
295.33,253.3,45.373,49.498
295.42,253.65,45.373,49.498
295.13,252.96,46.748,50.998
295.75,253.82,45.373,49.498
295.44,254.02,45.373,49.498
296.19,254.57,44.039,48.042
295.75,253.78,45.373,49.498
295.58,253.69,45.373,49.498
296.15,254.46,44.039,48.042
295.96,254.27,44.039,48.042
295.16,253.22,44.924,49.008
295.36,252.98,45.373,49.498
295.52,252.93,45.373,49.498
295.56,252.93,45.373,49.498
295.5,252.84,45.373,49.498
295.39,252.85,45.373,49.498
296.01,253.54,44.039,48.042
295.53,252.78,45.373,49.498
295.51,252.83,45.373,49.498
295.51,252.77,45.373,49.498
295.48,252.77,45.373,49.498
295.56,252.8,45.373,49.498
295.87,253.5,44.039,48.042
295.64,253.49,44.039,48.042
296.17,254.25,42.743,46.629
296.25,254.13,42.743,46.629
296.2,254.18,42.743,46.629
295.81,253.78,43.171,47.096
295.79,253.69,43.171,47.096
295.96,253.7,44.039,48.042
295.41,253.01,44.924,49.008
295.35,253.18,44.924,49.008
295.32,252.81,45.827,49.993
295.78,252.96,45.373,49.498
295.82,253.09,45.373,49.498
295.62,252.82,45.827,49.993
295.73,252.73,45.827,49.993
295.78,253.08,45.373,49.498
295.83,253.05,45.373,49.498
296.15,253.53,44.039,48.042
295.68,252.8,45.373,49.498
296.11,253.53,44.039,48.042
295.69,252.87,45.373,49.498
295.62,252.86,45.373,49.498
295.7,252.93,45.373,49.498
295.64,253.11,45.373,49.498
296.24,253.8,44.039,48.042
295.71,253,45.373,49.498
295.7,253,45.373,49.498
295.74,253,45.373,49.498
295.68,252.93,45.373,49.498
295.69,252.81,45.373,49.498
295.71,252.89,45.373,49.498
295.67,252.93,45.373,49.498
295.47,253.04,45.373,49.498
291.71,253.5,44.039,48.042
286.2,253.6,43.171,47.096
281.43,253.31,44.039,48.042
278,252.79,45.373,49.498
277.79,252.58,45.827,49.993
277.69,252.5,45.827,49.993
277.48,252.52,45.827,49.993
277.82,252.69,45.373,49.498
277.57,252.5,45.827,49.993
277.79,252.8,45.373,49.498
277.84,252.74,45.373,49.498
277.81,252.78,45.373,49.498
277.89,252.86,45.373,49.498
277.83,252.84,45.373,49.498
277.81,252.87,45.373,49.498
277.75,252.71,45.827,49.993
277.81,252.79,45.373,49.498
277.88,252.81,45.373,49.498
277.33,252.82,45.373,49.498
277.44,252.8,45.373,49.498
277.54,252.93,45.373,49.498
277.54,252.91,45.373,49.498
277.53,252.99,45.373,49.498
277.56,253.06,45.373,49.498
277.45,253.05,45.373,49.498
277.51,253.05,45.373,49.498
277.56,253.06,45.373,49.498
277.5,253.03,45.373,49.498
277.55,253.07,45.373,49.498
277.61,253.13,45.373,49.498
277.41,252.92,45.827,49.993
277.55,253.13,45.373,49.498
277.65,253.14,45.373,49.498
277.62,253.13,45.373,49.498
277.71,252.91,45.373,49.498
277.59,252.65,45.827,49.993
277.61,252.62,45.827,49.993
277.66,252.71,45.827,49.993
277.63,252.58,45.827,49.993
277.66,252.63,45.827,49.993
277.26,252.33,46.748,50.998
277.58,252.7,45.827,49.993
277.56,252.75,45.827,49.993
277.57,252.78,45.827,49.993
277.63,252.64,45.827,49.993
277.55,252.61,45.827,49.993
277.62,252.69,45.827,49.993
277.28,252.16,46.748,50.998
277.67,252.62,45.827,49.993
277.67,252.59,45.827,49.993
277.74,252.88,45.827,49.993
277.7,252.7,45.827,49.993
277.27,252.21,46.748,50.998
277.48,252.79,45.827,49.993
277.49,252.7,45.827,49.993
277.56,252.68,45.827,49.993
277.5,252.78,45.827,49.993
277.51,253.03,45.827,49.993
277.02,252.55,47.215,51.508
277.23,253.15,45.827,49.993
276.78,252.22,46.748,50.998
277.02,252.58,45.373,49.498
276.32,252.07,46.748,50.998
276.26,251.96,46.748,50.998
276.46,251.99,46.748,50.998
276.64,252.01,46.748,50.998
277.11,252.52,45.827,49.993
277.34,252.64,45.827,49.993
277.42,252.54,45.827,49.993
277.55,252.74,45.373,49.498
276.99,252.22,46.748,50.998
277.16,252.17,46.748,50.998
277.1,252.39,46.748,50.998
277.17,252.37,46.748,50.998
277.48,252.78,45.827,49.993
277.21,252.38,46.748,50.998
277.21,252.39,46.748,50.998
277.23,252.39,46.748,50.998
277.17,252.27,46.748,50.998
277.24,252.31,46.748,50.998
277.44,252.19,46.748,50.998
277.66,252.6,45.827,49.993
277.29,252.18,46.748,50.998
277.6,253.1,45.373,49.498
276.97,252.24,46.748,50.998
277.23,252.78,45.827,49.993
277.08,252.52,46.748,50.998
277.43,253.26,45.373,49.498
277.34,253.22,45.373,49.498
277.4,253.07,45.373,49.498
277.45,252.88,45.827,49.993
276.97,252.49,46.748,50.998
276.95,252.54,46.748,50.998
277.11,253.17,45.373,49.498
277.15,253.13,45.373,49.498
276.58,252.43,46.748,50.998
276.7,252.55,46.748,50.998
276.86,252.78,46.748,50.998
277.43,253.22,45.827,49.993
277.18,252.89,46.748,50.998
277.08,252.66,46.748,50.998
277.22,252.72,46.748,50.998
277.2,252.61,46.748,50.998
277.18,252.76,46.748,50.998
277.08,252.76,46.748,50.998
277.09,252.79,46.748,50.998
277.12,252.72,46.748,50.998
276.87,252.58,47.215,51.508
276.93,252.58,47.215,51.508
276.97,252.65,46.748,50.998
276.84,252.53,47.215,51.508
276.85,252.7,46.748,50.998
276.99,252.61,46.748,50.998
276.87,252.68,46.748,50.998
276.88,252.54,46.748,50.998
276.79,252.61,46.748,50.998
277.34,253.42,45.373,49.498
276.71,252.53,46.748,50.998
276.79,252.54,46.748,50.998
276.75,252.66,46.748,50.998
276.72,252.72,46.748,50.998
276.73,252.78,46.748,50.998
276.72,252.79,46.748,50.998
276.5,252.83,46.748,50.998
276.97,253.55,45.373,49.498
277.02,253.65,45.373,49.498
275.59,253.18,45.827,49.993
273.48,252.78,46.748,50.998
273.07,253.41,45.373,49.498
271.6,252.86,46.748,50.998
271.73,253.26,45.827,49.993
271.23,252.67,47.215,51.508
271.88,253.19,45.827,49.993
270.96,252.57,47.215,51.508
271.43,253.27,45.827,49.993
271.51,253.41,45.827,49.993
271.41,253.43,45.827,49.993
271.3,253.38,45.827,49.993
271.41,253.68,45.373,49.498
271.47,253.4,45.827,49.993
270.96,252.94,46.748,50.998
270.97,252.99,46.748,50.998
271,252.82,46.748,50.998
270.77,252.83,46.748,50.998
269.04,253.52,45.373,49.498
265.09,252.7,46.748,50.998
260.49,252.68,46.285,50.493
255.36,252.19,46.285,50.493
251.71,252.09,47.215,51.508
248.21,251.44,47.688,52.023
246.19,252.25,46.285,50.493
244.47,252.18,46.285,50.493
244.15,252.12,47.215,51.508
242.72,252.19,47.215,51.508
240.78,253.27,45.827,49.993
237.08,252.77,47.215,51.508
231.87,251.8,47.688,52.023
227.91,252.59,47.215,51.508
224.45,252.93,47.215,51.508
223.86,253.92,45.827,49.993
223.42,253.38,46.748,50.998
223.57,253.74,45.827,49.993
223.38,253.44,45.827,49.993
223.22,253.01,47.215,51.508
222.89,253.51,46.748,50.998
220.91,254.21,45.827,49.993
218.13,254.46,45.827,49.993
212.78,254.59,45.827,49.993
206.56,254.55,45.827,49.993
202.51,253.8,47.215,51.508
202.95,253.7,47.215,51.508
203,254.09,46.748,50.998
202.75,253.78,47.215,51.508
202.64,253.91,47.215,51.508
202.6,253.95,47.215,51.508
202.65,253.86,47.215,51.508
202.84,254.17,46.748,50.998
202.8,253.82,47.215,51.508
202.83,254.17,46.748,50.998
202.82,254.09,46.748,50.998
202.75,253.92,47.215,51.508
202.77,253.93,47.215,51.508
202.79,253.97,47.215,51.508
202.73,253.97,47.215,51.508
202.67,253.95,47.215,51.508
202.73,253.91,47.215,51.508
202.66,253.88,47.215,51.508
202.69,253.9,47.215,51.508
202.71,254.13,46.748,50.998
203.03,255.01,45.373,49.498
203.18,255.13,45.373,49.498
202.71,254.29,46.748,50.998
202.75,253.99,47.215,51.508
202.68,253.96,47.215,51.508
202.63,253.92,47.215,51.508
202.62,253.99,47.215,51.508
202.53,253.98,47.215,51.508
202.5,254.01,47.215,51.508
202.79,254.24,46.748,50.998
202.81,254.29,46.748,50.998
202.56,253.93,47.215,51.508
202.74,254.3,46.748,50.998
202.57,254.01,47.215,51.508
202.72,254.3,46.748,50.998
203.04,254.84,45.827,49.993
202.89,254.86,45.827,49.993
202.37,254.05,47.215,51.508
202.35,254.12,47.215,51.508
202.34,254.03,47.215,51.508
202.52,254.41,46.748,50.998
202.53,254.45,46.748,50.998
202.48,254.42,46.748,50.998
202.23,254.11,47.215,51.508
202.45,254.37,46.748,50.998
202.42,254.3,46.748,50.998
202.41,254.33,46.748,50.998
202.18,254.11,47.215,51.508
202.39,254.4,46.748,50.998
202.16,254.14,47.215,51.508
202.18,254.12,47.215,51.508
202.15,254.15,47.215,51.508
202.41,254.27,46.748,50.998
202.17,254.17,47.215,51.508
202.19,254.05,47.215,51.508
202.37,254.28,46.748,50.998
202.29,254.16,47.215,51.508
202.28,254.08,47.215,51.508
202.3,254.1,47.215,51.508
202.27,254.1,47.215,51.508
202.26,254.12,47.215,51.508
202.26,254.18,47.215,51.508
202.32,254.13,47.215,51.508
202.23,254.19,47.215,51.508
202.15,254.15,47.215,51.508
202.32,254.05,47.215,51.508
201.71,253.36,47.688,52.023
202.25,254.37,46.748,50.998
202.36,254.43,46.748,50.998
202.15,254.15,47.215,51.508
202.28,254.55,46.748,50.998
202.28,254.79,46.748,50.998
202.87,255.51,45.373,49.498
202.77,255.2,45.827,49.993
202.73,255.3,45.827,49.993
202.77,255.22,45.827,49.993
202.72,255.25,45.827,49.993
202.9,255.59,45.373,49.498
202.27,254.77,46.748,50.998
202.26,254.79,46.748,50.998
202.76,255.24,45.827,49.993
202.78,255.23,45.827,49.993
202.73,255.23,45.827,49.993
202.67,255.26,45.827,49.993
202.28,254.8,46.748,50.998
202.77,255.29,45.827,49.993
202.74,255.26,45.827,49.993
202.66,255.3,45.827,49.993
202.64,255.36,45.827,49.993
202.75,255.23,45.827,49.993
202.68,255.27,45.827,49.993
202.19,254.81,46.748,50.998
202.24,254.83,46.748,50.998
202.7,255.27,45.827,49.993
202.22,254.81,46.748,50.998
202.62,255.3,45.827,49.993
202.67,255.36,45.827,49.993
202.66,255.34,45.827,49.993
202.66,255.41,45.827,49.993
202.15,254.91,46.748,50.998
202.61,255.33,45.827,49.993
202.1,254.9,46.748,50.998
202.12,254.81,46.748,50.998
202.52,255.35,45.827,49.993
202.06,254.99,46.748,50.998
202.12,254.89,46.748,50.998
202.56,255.36,45.827,49.993
202.52,255.37,45.827,49.993
202.53,255.31,45.827,49.993
202.56,255.33,45.827,49.993
202.61,255.27,45.827,49.993
202.23,254.89,46.748,50.998
202.32,254.93,46.748,50.998
202.21,254.9,46.748,50.998
202.22,255.01,46.748,50.998
202.27,254.9,46.748,50.998
202.24,254.91,46.748,50.998
202.59,255.48,45.827,49.993
202.24,254.98,46.748,50.998
202.28,254.94,46.748,50.998
202.09,254.57,47.215,51.508
202.13,254.78,46.748,50.998
202.03,254.59,47.215,51.508
202.14,254.58,47.215,51.508
202.42,255.34,45.827,49.993
201.84,254.74,47.215,51.508
202.23,255.32,45.827,49.993
201.88,254.94,46.748,50.998
201.98,254.95,46.748,50.998
201.96,254.54,47.215,51.508
202.19,254.55,47.215,51.508
202.24,254.71,46.748,50.998
202.28,254.66,46.748,50.998
202.36,254.61,46.748,50.998
202.19,254.42,47.215,51.508
202.23,254.66,46.748,50.998
202.64,255.14,45.827,49.993
202.16,254.77,46.748,50.998
201.99,254.55,47.215,51.508
202.14,254.85,46.748,50.998
202.32,255.32,45.827,49.993
201.97,254.8,46.748,50.998
202.16,254.77,46.748,50.998
202.25,254.44,47.215,51.508
202.43,254.59,46.748,50.998
202.28,254.48,47.215,51.508
202.45,254.85,46.748,50.998
201.25,253.99,47.688,52.023
202.12,254.86,46.748,50.998
202.15,254.68,47.215,51.508
202.63,254.81,47.215,51.508
202.84,254.73,47.215,51.508
202.84,254.38,47.215,51.508
202.51,254.12,47.215,51.508
202.14,253.79,47.215,51.508
201.97,253.85,47.215,51.508
201.69,253.35,47.688,52.023
201.4,252.93,48.164,52.543
201.68,253.18,48.164,52.543
202.3,253.46,47.688,52.023
203.11,254.43,47.215,51.508
203.14,254.75,46.748,50.998
203.49,255.38,45.827,49.993
203.11,254.61,47.215,51.508
203.11,254.59,47.215,51.508
202.86,254.52,47.215,51.508
202.78,254.51,47.215,51.508
202.89,254.6,47.215,51.508
202.94,254.67,47.215,51.508
202.96,254.74,47.215,51.508
202.96,254.81,47.215,51.508
202.98,254.88,47.215,51.508
202.99,254.91,47.215,51.508
202.99,254.97,47.215,51.508
203.01,254.79,47.215,51.508
203.11,254.61,47.215,51.508
203.15,254.57,47.215,51.508
203.82,255.49,45.827,49.993
203.92,255.53,45.827,49.993
203.3,254.67,47.215,51.508
203.49,255.06,46.748,50.998
203.38,254.77,47.215,51.508
204.03,255.54,45.827,49.993
203.95,255.49,45.827,49.993
203.92,255.43,45.827,49.993
203.3,254.46,47.215,51.508
204.03,255.45,45.827,49.993
203.98,255.37,45.827,49.993
204.08,255.43,45.373,49.498
203.77,254.73,46.748,50.998
204.34,255.26,45.827,49.993
203.79,254.43,47.215,51.508
204.44,255.49,45.827,49.993
203.95,254.93,47.215,51.508
204.32,255.3,46.748,50.998
204.85,255.68,45.827,49.993
204.12,254.96,47.215,51.508
204.99,256.02,45.827,49.993
204.83,255.85,45.827,49.993
204.35,254.99,46.748,50.998
204.02,254.89,47.215,51.508
204.73,255.99,45.827,49.993
204.59,255.69,45.827,49.993
203.83,255.18,47.215,51.508
204.22,255.15,47.215,51.508
204.8,255.17,46.748,50.998
205.76,255.95,45.827,49.993
205.79,255.93,45.827,49.993
204.92,255.01,47.215,51.508
205.39,254.94,47.215,51.508
206.12,255.99,45.827,49.993
205.9,255.49,46.748,50.998
205.72,255.4,46.748,50.998
205.12,254.97,47.215,51.508
205.1,254.98,47.215,51.508
205.52,255.74,45.827,49.993
204.71,254.94,47.215,51.508
204.52,254.84,47.215,51.508
205.1,255.44,45.827,49.993
204.6,254.68,47.215,51.508
205.08,255.31,45.827,49.993
204.41,254.61,47.215,51.508
204.7,254.68,47.215,51.508
204.91,255.11,46.748,50.998
205.09,255.17,46.748,50.998
204.98,255.18,46.748,50.998
205.09,255.2,46.748,50.998
205.02,255.04,47.215,51.508
204.83,255,47.215,51.508
204.95,254.98,46.748,50.998
204.86,254.65,46.748,50.998
204.84,254.43,47.215,51.508
204.93,254.87,46.748,50.998
204.82,254.89,46.748,50.998
204.86,254.66,47.215,51.508
205.09,254.8,46.748,50.998
205.03,255.03,46.748,50.998
205.1,254.95,46.748,50.998
205.15,255.02,46.748,50.998
204.96,254.91,47.215,51.508
205.03,254.77,47.215,51.508
205.17,255.17,46.748,50.998
205.15,255.16,46.748,50.998
205.21,255.43,46.748,50.998
204.84,254.75,47.215,51.508
205.6,255.46,45.827,49.993
205.7,255.72,45.373,49.498
205.65,255.19,45.827,49.993
205.62,255.32,45.827,49.993
205.16,254.38,47.215,51.508
205.74,255.15,45.827,49.993
205.65,255.26,45.827,49.993
204.94,254.38,47.215,51.508
205,254.46,47.215,51.508
205.09,254.36,47.215,51.508
205.33,254.38,46.748,50.998
205.58,254.73,45.827,49.993
205.53,254.73,45.827,49.993
205.64,254.65,45.827,49.993
205.19,253.91,47.215,51.508
205.69,254.62,45.827,49.993
205.84,254.9,45.373,49.498
205.87,254.91,45.373,49.498
205.46,254.28,46.285,50.493
205.49,254.31,46.285,50.493
206.1,254.87,45.827,49.993
205.9,254.46,46.748,50.998
205.95,254.31,46.748,50.998
206.07,254.32,46.748,50.998
206.48,254.76,45.827,49.993
206.41,254.66,45.827,49.993
206.02,254.3,46.748,50.998
206.15,254.34,46.748,50.998
206.13,254.31,46.748,50.998
206.01,254.05,47.215,51.508
206.52,254.9,45.827,49.993
206.49,254.99,45.827,49.993
206.46,254.97,45.827,49.993
205.98,254.58,46.748,50.998
206.58,255.39,45.827,49.993
205.96,254.36,47.215,51.508
206.52,255.26,45.827,49.993
205.94,254.37,47.215,51.508
206.66,255.2,45.827,49.993
206.71,255.32,45.827,49.993
206.86,255.38,45.827,49.993
206.81,255.37,45.827,49.993
206.22,254.54,47.215,51.508
206.17,254.55,47.215,51.508
206.31,254.4,47.215,51.508
206.35,254.32,47.215,51.508
206.44,254.8,46.748,50.998
206.23,254.43,47.215,51.508
206.21,254.36,47.215,51.508
206.48,254.38,46.748,50.998
206.49,254.31,46.748,50.998
207.15,254.19,46.285,50.493
215.61,255.03,45.373,49.498
226.7,254.6,44.924,49.008
240.51,254.41,45.373,49.498
265.92,253.17,46.748,50.998
278.01,252.37,47.688,52.023
292.95,253.5,46.748,50.998
290.87,253.5,46.285,50.493
291.84,254.09,45.373,49.498
291.29,253.05,46.748,50.998
290.74,253.56,45.373,49.498
286.87,253.07,45.827,49.993
283.54,253.06,45.827,49.993
283.24,252.46,46.748,50.998
283.28,252.71,45.827,49.993
283,252.68,45.827,49.993
282.75,252.76,45.827,49.993
282.79,253,45.827,49.993
282.4,252.38,46.748,50.998
282.28,252.48,46.748,50.998
282.34,252.46,46.748,50.998
282.66,253.11,45.827,49.993
282.61,252.86,46.748,50.998
282.48,252.73,46.748,50.998
282.32,252.85,46.748,50.998
282.43,252.77,46.748,50.998
282.36,252.79,46.748,50.998
282.39,252.92,46.748,50.998
282.07,252.64,47.215,51.508
282.12,252.54,47.215,51.508
282.06,252.57,47.215,51.508
282.23,252.57,47.215,51.508
282.35,252.95,46.748,50.998
282.35,252.81,46.748,50.998
282.52,252.78,46.748,50.998
282.53,252.9,46.748,50.998
282.34,252.51,47.215,51.508
282.26,252.5,47.215,51.508
282.67,252.71,46.748,50.998
282.88,252.7,46.748,50.998
282.83,252.7,46.748,50.998
282.91,252.76,46.748,50.998
283.25,253.31,45.827,49.993
282.84,252.35,47.215,51.508
283.29,253.36,45.827,49.993
283.38,253.34,45.827,49.993
283.33,253.2,45.827,49.993
282.83,252.71,47.215,51.508
282.88,252.73,47.215,51.508
283.06,252.93,46.748,50.998
283.52,253.57,45.373,49.498
283.08,252.93,46.748,50.998
282.91,252.64,47.215,51.508
283.05,252.93,46.748,50.998
283.53,253.44,45.827,49.993
283.12,253.04,46.748,50.998
283.11,252.87,46.748,50.998
282.97,252.63,47.215,51.508
283.19,252.86,46.748,50.998
283.29,253.06,46.748,50.998
283.24,252.82,46.748,50.998
283.13,252.78,47.215,51.508
283.18,253.01,46.748,50.998
283.31,253.04,46.748,50.998
283.13,252.8,47.215,51.508
283.4,253.12,46.748,50.998
283.24,252.74,47.215,51.508
283.23,252.81,47.215,51.508
283.22,253.19,46.748,50.998
283.19,253.21,47.215,51.508
283.39,253.49,46.748,50.998
283.38,253.48,46.748,50.998
283.84,254.2,45.827,49.993
283.81,254.27,45.827,49.993
283.85,254.25,45.827,49.993
283.88,254.3,45.827,49.993
283.92,254.26,45.827,49.993
283.89,254.3,45.827,49.993
284.04,254.26,45.827,49.993
283.98,254.28,45.827,49.993
283.95,254.25,45.827,49.993
283.53,253.66,46.748,50.998
284.05,254.31,45.827,49.993
284.22,254.64,45.373,49.498
284.22,254.57,45.373,49.498
284.18,254.56,45.373,49.498
284.25,254.55,45.373,49.498
284.14,254.28,45.827,49.993
283.92,253.33,47.215,51.508
284.54,254.13,45.827,49.993
284.65,254.11,45.827,49.993
284.64,254.14,45.827,49.993
284.88,254.44,45.373,49.498
284.92,254.44,45.373,49.498
284.75,254.26,45.827,49.993
284.39,253.57,46.748,50.998
284.31,253.56,46.748,50.998
284.25,253.68,46.748,50.998
284.64,254.25,45.827,49.993
284.65,254.19,45.827,49.993
284.7,254.19,45.827,49.993
284.8,254.21,45.827,49.993
284.95,254.51,45.373,49.498
284.78,254.28,45.827,49.993
284.78,254.24,45.827,49.993
284.72,254.18,45.827,49.993
284.99,254.53,45.373,49.498
284.77,254.22,45.827,49.993
284.78,254.2,45.827,49.993
284.82,254.18,45.827,49.993
284.82,254.29,45.827,49.993
285.04,254.57,45.373,49.498
284.8,254.2,45.827,49.993
285,254.51,45.373,49.498
284.75,254.17,45.827,49.993
284.7,254.15,45.827,49.993
284.92,254.5,45.373,49.498
284.95,254.49,45.373,49.498
284.93,254.52,45.373,49.498
284.99,254.46,45.373,49.498
284.71,254.15,45.827,49.993
284.65,254.23,45.827,49.993
284.7,254.25,45.827,49.993
284.73,254.15,45.827,49.993
284.71,254.16,45.827,49.993
284.96,254.53,45.373,49.498
284.97,254.54,45.373,49.498
284.95,254.52,45.373,49.498
284.99,254.48,45.373,49.498
284.99,254.49,45.373,49.498
284.92,254.53,45.373,49.498
284.96,254.48,45.373,49.498
285,254.51,45.373,49.498
284.96,254.52,45.373,49.498
284.96,254.54,45.373,49.498
284.99,254.48,45.373,49.498
284.99,254.45,45.373,49.498
284.66,254.21,45.827,49.993
284.94,254.48,45.373,49.498
284.94,254.43,45.373,49.498
284.91,254.45,45.373,49.498
284.68,254.23,45.827,49.993
284.87,254.5,45.373,49.498
284.74,254.21,45.827,49.993
284.94,254.47,45.373,49.498
284.72,254.23,45.827,49.993
284.88,254.52,45.373,49.498
284.72,254.21,45.827,49.993
284.69,254.23,45.827,49.993
284.94,254.56,45.373,49.498
284.91,254.58,45.373,49.498
284.74,254.25,45.827,49.993
284.73,254.28,45.827,49.993
284.72,254.31,45.827,49.993
284.95,254.58,45.373,49.498
284.82,254.26,45.827,49.993
284.96,254.57,45.373,49.498
284.72,254.36,45.827,49.993
284.91,254.6,45.373,49.498
284.96,254.57,45.373,49.498
284.95,254.55,45.373,49.498
284.74,254.3,45.827,49.993
284.93,254.59,45.373,49.498
284.76,254.27,45.827,49.993
284.75,254.24,45.827,49.993
284.95,254.59,45.373,49.498
284.92,254.6,45.373,49.498
284.77,254.23,45.827,49.993
284.95,254.51,45.373,49.498
284.91,255.09,45.373,49.498
284.77,254.76,45.827,49.993
284.97,255.1,45.373,49.498
284.75,254.75,45.827,49.993
284.94,254.99,45.373,49.498
284.98,255.11,45.373,49.498
285,255.12,45.373,49.498
284.98,255.15,45.373,49.498
284.96,255.11,45.373,49.498
284.97,255.2,45.373,49.498
284.96,255.17,45.373,49.498
285,255.19,45.373,49.498
285.06,255.09,45.373,49.498
284.97,255.15,45.373,49.498
284.96,255.18,45.373,49.498
284.96,255.12,45.373,49.498
284.97,255.05,45.373,49.498
285,255.14,45.373,49.498
284.97,255.07,45.373,49.498
284.98,255.04,45.373,49.498
284.94,254.99,45.373,49.498
284.96,255.08,45.373,49.498
284.72,254.76,45.827,49.993
285,255.06,45.373,49.498
284.74,254.71,45.827,49.993
284.98,255.05,45.373,49.498
285.03,255.03,45.373,49.498
284.99,255.04,45.373,49.498
285.02,254.96,45.373,49.498
284.98,255.03,45.373,49.498
284.95,255.01,45.373,49.498
284.97,255,45.373,49.498
284.94,255,45.373,49.498
284.99,255.06,45.373,49.498
284.98,255.06,45.373,49.498
285.03,255.1,45.373,49.498
284.98,254.99,45.373,49.498
284.97,254.93,45.373,49.498
284.98,254.87,45.373,49.498
284.79,254.43,45.827,49.993
284.77,254.6,45.827,49.993
285.05,254.8,45.373,49.498
284.94,254.79,45.373,49.498
284.9,254.8,45.373,49.498
284.95,254.85,45.373,49.498
284.98,254.72,45.373,49.498
284.92,254.77,45.373,49.498
284.99,254.69,45.373,49.498
284.9,254.73,45.373,49.498
285.45,255.45,44.039,48.042
285.57,255.47,44.039,48.042
285.5,255.49,44.039,48.042
285.57,255.52,44.039,48.042
285.5,255.52,44.039,48.042
285,254.63,45.373,49.498
284.94,254.76,45.373,49.498
284.71,254.34,45.827,49.993
285.01,254.7,45.373,49.498
285.67,255.5,44.039,48.042
285,254.71,45.373,49.498
285.61,255.45,44.039,48.042
285.6,255.43,44.039,48.042
285,254.55,45.373,49.498
284.8,254.12,45.827,49.993
284.8,254.09,45.827,49.993
285.04,254.43,45.373,49.498
285.58,255.28,44.039,48.042
284.95,254.48,45.373,49.498
284.98,254.4,45.373,49.498
284.93,254.36,45.373,49.498
284.86,254.38,45.373,49.498
284.91,254.35,45.373,49.498
284.9,254.31,45.373,49.498
284.91,254.29,45.373,49.498
284.99,254.28,45.373,49.498
284.6,253.9,45.827,49.993
284.74,253.74,45.827,49.993
284.95,254.08,45.373,49.498
284.72,253.65,45.827,49.993
284.75,253.7,45.827,49.993
284.69,253.75,45.827,49.993
284.01,252.84,47.215,51.508
284.68,253.8,45.827,49.993
284.8,254.05,45.373,49.498
284.84,254.04,45.373,49.498
285.47,254.98,44.039,48.042
284.83,254,45.373,49.498
285.33,254.98,44.039,48.042
284.73,254,45.373,49.498
284.58,253.67,45.827,49.993
284.78,254.01,45.373,49.498
284.81,254.02,45.373,49.498
284.81,253.98,45.373,49.498
284.87,253.99,45.373,49.498
284.83,254.01,45.373,49.498
284.75,253.98,45.373,49.498
285.23,254.84,44.039,48.042
284.63,254.1,45.373,49.498
284.51,254.05,45.373,49.498
284.97,254.81,44.039,48.042
284.55,255.02,44.039,48.042
284.56,255.38,44.039,48.042
284.05,254.32,45.373,49.498
284.61,255.27,44.039,48.042
283.93,254.13,45.373,49.498
284.04,254.08,45.373,49.498
283.93,253.82,45.373,49.498
283.72,253.5,45.827,49.993
282.98,253.36,45.827,49.993
279.53,253.36,45.827,49.993
274.11,253.5,45.373,49.498
265.73,253.15,45.827,49.993
259.54,253.67,45.373,49.498
259.48,253.17,45.827,49.993
259.28,253.25,45.827,49.993
258.57,252.39,47.215,51.508
253.99,252.83,45.827,49.993
244.36,252.26,44.924,49.008
235.79,251.79,45.827,49.993
221.29,251.39,46.285,50.493
202.6,251.53,46.748,50.998
184.45,251.32,47.215,51.508
172.11,251.17,46.285,50.493
162.5,251.31,46.285,50.493
155.13,251.11,47.215,51.508
148.99,251.4,46.285,50.493
145.26,249.71,47.688,52.023
143.59,250.37,46.748,50.998
142.51,249.33,47.215,51.508
139.41,246.32,47.688,52.023
140.24,243.03,47.215,51.508
139.9,235.5,47.215,51.508
137.02,220.98,46.748,50.998
133.83,215.12,46.285,50.493
128.78,211.79,47.688,52.023
123.83,210.95,49.133,53.599
118.96,209.92,50.621,55.223
118.86,215.04,49.624,54.135
118.76,218.63,49.133,53.599
118.04,221.95,49.133,53.599
115.86,225.41,47.688,52.023
114.58,230.11,46.285,50.493
111.57,233.72,46.748,50.998
108.25,237.56,46.748,50.998
106.04,238.22,47.688,52.023
106,237.57,48.646,53.068
108.11,236.86,47.688,52.023
110.13,234.61,48.646,53.068
110.55,232.47,48.646,53.068
111.25,233.61,47.688,52.023
112.12,234.06,47.215,51.508
111.99,234.27,47.688,52.023
112.25,238.42,47.688,52.023
112.73,241.61,48.646,53.068
113.05,244.92,49.624,54.135
113.02,247.93,50.12,54.676
114.84,253.13,48.646,53.068
118.87,253.57,49.133,53.599
121.43,254.14,47.688,52.023
122.03,253.73,49.133,53.599
122.46,253.63,49.133,53.599
122.64,253.4,49.133,53.599
122.79,253.89,49.133,53.599
122.79,253.94,49.133,53.599
122.57,253.34,49.624,54.135
122.66,253.7,49.133,53.599
122.49,253.29,49.624,54.135
122.7,253.41,49.624,54.135
122.58,253.51,49.624,54.135
122.53,253.54,49.624,54.135
122.81,253.81,49.133,53.599
122.71,253.74,49.133,53.599
122.46,253.42,49.624,54.135
122.35,253.52,49.624,54.135
122.54,253.71,49.624,54.135
121.88,252.94,50.12,54.676
121.58,252.91,50.12,54.676
121.63,253.05,50.12,54.676
121.8,253.18,50.12,54.676
123.14,254.2,48.646,53.068
124.32,255.02,47.688,52.023
124.95,255.17,47.688,52.023
124.9,255.07,47.688,52.023
124.99,254.99,47.688,52.023
125.09,255.07,47.688,52.023
125.41,254.98,47.688,52.023
125.58,254.4,47.688,52.023
125.73,254.52,47.688,52.023
125.73,254.49,47.688,52.023
125.59,254.22,48.164,52.543
125.73,253.94,49.133,53.599
126.02,253.97,49.133,53.599
126,253.82,49.133,53.599
125.97,253.85,49.133,53.599
126.16,253.82,49.133,53.599
126.21,253.76,49.133,53.599
127.27,254.44,47.688,52.023
127.56,253.73,48.646,53.068
128.03,253.99,48.164,52.543
128.31,253.79,49.133,53.599
128.45,254.34,48.646,53.068
129.3,255.54,47.215,51.508
129.38,255.82,47.215,51.508
128.67,254.96,47.688,52.023
129.36,255.51,47.215,51.508
129.95,256.7,45.827,49.993
129.43,255.72,47.215,51.508
128.97,254.83,47.688,52.023
128.99,254.85,47.688,52.023
129.45,255.69,46.748,50.998
129.49,256.1,46.748,50.998
129.54,256.14,46.748,50.998
129.4,255.73,47.215,51.508
129.53,255.79,47.215,51.508
129.77,256.02,46.748,50.998
129.78,256.05,46.748,50.998
129.84,256.01,46.748,50.998
129.05,254.75,47.688,52.023
129.43,255.42,47.215,51.508
130.15,255.71,46.748,50.998
132.67,255.15,47.215,51.508
139.15,255.7,45.827,49.993
144.22,255.71,45.827,49.993
148.64,256.18,45.373,49.498
150.66,255.64,45.827,49.993
152.63,255.98,45.373,49.498
154.76,255.85,45.827,49.993
158.01,255.19,46.748,50.998
162.72,255.42,45.827,49.993
169.12,254.6,47.215,51.508
177.18,255.44,45.827,49.993
182.7,255.01,46.748,50.998
188.27,255.61,45.373,49.498
193.51,254.93,46.748,50.998
199.35,254.7,46.748,50.998
204.18,254.96,45.827,49.993
207.64,255.1,45.827,49.993
208.9,254.58,46.748,50.998
209.65,255.17,45.827,49.993
209.13,254.25,47.215,51.508
209.67,255.17,45.827,49.993
210.04,255.36,45.373,49.498
210.37,255.1,44.924,49.008
211.48,254.34,46.285,50.493
212.49,255.12,44.924,49.008
212.13,254.25,46.285,50.493
212.82,254.53,46.748,50.998
213.01,254.28,47.215,51.508
213.11,254.48,46.748,50.998
213.21,254.48,46.748,50.998
213.71,255.15,45.373,49.498
213.54,254.81,45.827,49.993
213.15,254.38,46.748,50.998
213.06,254.18,46.748,50.998
213.05,254.2,46.748,50.998
212.93,254.12,47.215,51.508
213.52,254.71,45.827,49.993
213.94,254.55,45.827,49.993
214.92,254.6,45.827,49.993
214.6,253.99,46.285,50.493
215.36,253.92,46.748,50.998
216.47,254.74,45.373,49.498
217.01,254.7,44.924,49.008
217.84,255.76,43.603,47.566
217.39,254.8,44.479,48.523
217.42,254.99,44.479,48.523
218.17,254.88,44.479,48.523
219.62,254.37,45.827,49.993
220.15,253.63,46.285,50.493
223.53,253.45,46.285,50.493
227,253.38,46.285,50.493
231.13,253.43,46.285,50.493
237.91,252.55,47.688,52.023
248.39,253.54,46.748,50.998
255.98,254.4,45.373,49.498
260.87,254.04,45.827,49.993
261.01,253.18,46.285,50.493
261.96,253.15,46.285,50.493
262.73,253.86,44.924,49.008
262.72,253.68,45.373,49.498
262.05,252.92,46.285,50.493
262.69,253.34,45.827,49.993
262.78,253.8,45.373,49.498
262.75,253.45,45.827,49.993
262.87,253.48,45.827,49.993
263.7,253.68,45.373,49.498
273.72,253.37,45.373,49.498
294.87,253.5,45.373,49.498
302.33,254.45,44.039,48.042
309.23,254.9,43.603,47.566
309.61,253.47,44.924,49.008
310.93,253.59,44.479,48.523
311.54,253.41,44.479,48.523
311.54,253.54,44.479,48.523
311.47,253.34,44.924,49.008
311.53,253.73,44.479,48.523
311.42,253.36,44.924,49.008
311.3,253.55,44.924,49.008
311.34,253.91,44.924,49.008
310.75,252.95,46.285,50.493
311.42,254.04,44.924,49.008
310.54,254,45.827,49.993
306.06,252.99,47.215,51.508
303.07,254.03,45.827,49.993
299.39,254.66,45.373,49.498
297.93,255.6,44.039,48.042
296.57,254.48,45.373,49.498
295.77,253.29,46.748,50.998
295.68,252.89,47.215,51.508
295.4,252.92,47.215,51.508
293.35,253.39,46.748,50.998
290.79,253.72,45.827,49.993
289.83,254.15,45.373,49.498
289.03,253.26,46.748,50.998
289.54,254.2,45.373,49.498
288.03,253.26,46.748,50.998
283.54,251.94,48.164,52.543
279.21,251.13,49.624,54.135
275.35,250.48,51.127,55.775
273.41,251.41,49.624,54.135
272.9,252,49.133,53.599
271.77,252.41,47.688,52.023
272.12,253.3,47.215,51.508
271.63,253.57,46.748,50.998
270.32,253.82,45.827,49.993
269.03,253.22,46.748,50.998
267.77,253.72,45.827,49.993
266.65,253.13,47.215,51.508
266.01,253.03,47.215,51.508
265.71,253.05,47.215,51.508
265.78,252.96,47.215,51.508
265.76,252.86,47.215,51.508
265.73,252.94,47.215,51.508
265.73,253.07,47.215,51.508
265.66,252.95,47.215,51.508
265.69,252.94,47.215,51.508
265.66,252.92,47.215,51.508
265.27,252.89,47.215,51.508
264.88,252.95,47.215,51.508
264.37,252.88,47.215,51.508
263.13,251.93,48.164,52.543
263.71,253.07,47.215,51.508
262.73,252.06,48.164,52.543
263.52,253.32,46.748,50.998
263.48,253.37,46.748,50.998
263.28,253.29,46.285,50.493
263.45,253.32,46.748,50.998
263.23,253.24,46.285,50.493
263.13,253.14,46.285,50.493
262.57,252.39,47.688,52.023
263.08,253.27,46.285,50.493
262.56,252.38,47.688,52.023
263.17,253.2,46.285,50.493
262.85,253.01,47.215,51.508
263.02,253.42,46.748,50.998
262.94,253.11,47.215,51.508
262.92,253.05,47.215,51.508
262.96,253.01,47.215,51.508
262.32,252.28,47.688,52.023
262.29,252.28,47.688,52.023
262.39,252.3,47.688,52.023
262.08,251.94,48.164,52.543
262.94,253.41,46.748,50.998
262.76,253.19,47.215,51.508
262.77,253.05,47.215,51.508
263.29,253.84,45.827,49.993
263.29,253.78,45.827,49.993
263.33,253.73,45.827,49.993
263.19,253.82,45.827,49.993
262.82,253.29,46.748,50.998
262.83,253.31,46.748,50.998
262.99,253.81,45.827,49.993
261.71,253,47.215,51.508
262.18,253.88,45.827,49.993
261.75,253.89,45.827,49.993
261.53,253.85,45.827,49.993
261.39,253.99,45.827,49.993
261.09,253.94,45.827,49.993
260.91,253.9,45.827,49.993
260.18,253.43,46.748,50.998
260.02,253.39,46.748,50.998
259.81,253.28,47.215,51.508
259.83,253.53,46.748,50.998
259.38,253.26,47.215,51.508
259.27,253.65,46.748,50.998
259.31,253.66,46.748,50.998
259.25,253.73,46.748,50.998
259.17,253.67,46.748,50.998
259.63,254.06,45.827,49.993
258.93,253.29,47.215,51.508
259.14,253.69,46.748,50.998
259.62,254.17,45.827,49.993
259.72,254.51,45.373,49.498
259.47,254.17,45.827,49.993
259.45,254.2,45.827,49.993
258.99,253.61,46.748,50.998
259.02,253.62,46.748,50.998
258.85,253.31,47.215,51.508
259.06,253.59,46.748,50.998
259,253.66,46.748,50.998
258.66,253.89,47.215,51.508
258.54,253.88,47.215,51.508
258.59,253.7,47.215,51.508
258.54,253.77,47.215,51.508
258.44,253.89,47.215,51.508
258.13,254.02,46.285,50.493
259.03,255.04,45.373,49.498
258.26,254.15,46.748,50.998
258.33,254.12,46.748,50.998
258.97,255.02,45.373,49.498
258.35,254.21,46.748,50.998
258.65,254.64,45.827,49.993
257.98,253.95,47.215,51.508
257.91,253.95,47.215,51.508
257.88,253.88,47.215,51.508
257.75,253.81,47.215,51.508
257.59,253.73,47.215,51.508
257.53,253.76,47.215,51.508
257.68,254.04,46.748,50.998
257.42,253.68,47.215,51.508
257.47,254.18,46.748,50.998
257.99,254.91,45.373,49.498
257.78,254.77,45.373,49.498
257.53,254.6,45.827,49.993
256.79,253.67,47.215,51.508
257.28,254.55,45.827,49.993
256.57,253.78,47.215,51.508
256.48,253.64,47.215,51.508
256.44,253.72,47.215,51.508
256.49,254.12,46.748,50.998
256.63,254.55,45.827,49.993
255.9,253.66,47.215,51.508
255.87,253.74,47.215,51.508
256.02,253.93,46.748,50.998
255.9,253.94,46.748,50.998
255.58,253.63,47.215,51.508
256.23,254.64,45.827,49.993
256.02,254.9,45.373,49.498
255.64,254.61,45.827,49.993
255.34,254.71,45.827,49.993
255.46,254.97,45.373,49.498
255.1,254.66,45.827,49.993
255.08,254.56,45.827,49.993
254.34,253.93,46.748,50.998
254.23,254.01,46.748,50.998
254.19,254,46.748,50.998
253.97,254.88,45.373,49.498
253.16,254.37,45.827,49.993
252.48,254.39,45.827,49.993
251.83,253.44,47.215,51.508
250.98,252.01,48.646,53.068
251.76,253.41,47.215,51.508
251.62,253.69,47.215,51.508
251.88,253.99,46.748,50.998
251.84,253.98,46.748,50.998
251.76,254.06,46.748,50.998
251.51,253.75,47.215,51.508
251.73,254.08,46.748,50.998
251.22,254,47.215,51.508
251.5,254.67,45.827,49.993
251.56,254.68,45.827,49.993
251.16,254.15,46.748,50.998
251.01,253.82,47.215,51.508
250.96,253.92,47.215,51.508
251.2,254.22,46.748,50.998
251.03,253.79,47.215,51.508
250.95,253.81,47.215,51.508
250.89,253.73,47.215,51.508
250.94,253.8,47.215,51.508
251.04,254.17,46.748,50.998
250.94,253.86,47.215,51.508
250.9,253.82,47.215,51.508
250.86,253.9,47.215,51.508
250.77,253.98,47.215,51.508
250.74,254.08,47.215,51.508
250.74,254,47.215,51.508
250.75,254.08,47.215,51.508
250.05,253.37,47.688,52.023
250.35,254.19,47.215,51.508
250.41,254.14,47.215,51.508
250.69,254.24,47.215,51.508
250.7,254.25,47.215,51.508
251.16,255.12,45.827,49.993
250.81,254.53,46.748,50.998
251.19,255.16,45.827,49.993
250.61,254.37,47.215,51.508
250.77,254.56,46.748,50.998
251.22,255.53,45.373,49.498
250.89,255.26,45.827,49.993
250.49,254.63,46.748,50.998
251.01,255.59,45.373,49.498
250.43,254.9,46.748,50.998
251.09,255.81,45.373,49.498
250.94,255.64,45.373,49.498
250.31,254.88,46.748,50.998
250.95,255.8,45.373,49.498
250.92,255.91,45.373,49.498
250.59,255.97,45.373,49.498
250.42,255.65,45.827,49.993
250.59,256.01,45.373,49.498
250.43,255.86,45.827,49.993
250.07,255.32,46.748,50.998
250.36,255.79,45.827,49.993
250.03,255.36,46.748,50.998
250.37,255.86,45.827,49.993
249.92,255.39,46.748,50.998
250.39,256.1,45.373,49.498
249.85,255.26,46.748,50.998
249.82,255.14,46.748,50.998
250.12,255.67,45.827,49.993
249.8,255.23,46.748,50.998
249.66,255.15,46.748,50.998
250,255.02,46.748,50.998
249.76,254.73,47.215,51.508
249.79,255.06,46.748,50.998
249.76,254.84,47.215,51.508
249.86,255.24,46.748,50.998
249.64,255.31,46.748,50.998
249.97,256.27,45.373,49.498
249.7,255.65,45.827,49.993
249.42,255.03,46.748,50.998
249.33,255.17,46.748,50.998
249.65,256.07,45.373,49.498
249.75,256.67,45.373,49.498
249.39,256.13,46.748,50.998
249.88,256.98,45.827,49.993
246.79,257.24,44.479,48.523
236.83,254.49,44.479,48.523
237.94,255.18,43.171,47.096
236.14,258.97,42.32,46.168
212.59,258.13,42.743,46.629
212.55,259.41,41.486,45.258
212.4,258.34,41.901,45.71
213.05,259.46,41.076,44.81
212.75,259.14,41.486,45.258
212.41,258.37,42.743,46.629
212.03,257.48,43.171,47.096
212.03,257.94,43.603,47.566
211.87,257.82,44.039,48.042
211.87,258.12,43.603,47.566
210.89,257.08,44.924,49.008
211.09,257.83,44.039,48.042
210.84,258.63,44.039,48.042
209.44,258.36,44.039,48.042
206.97,257.47,44.479,48.523
204.07,256.62,45.373,49.498
198.21,254.35,46.285,50.493
173.71,254.61,47.688,52.023
174.04,256.15,46.748,50.998
174.68,257.11,45.373,49.498
174.56,257.16,45.373,49.498
174.18,257.44,45.373,49.498
174.01,257.18,44.924,49.008
174.08,257.92,45.373,49.498
173.57,256.95,44.924,49.008
173.87,259.05,44.039,48.042
168.96,257.22,45.373,49.498
177.23,262.59,46.748,50.998
163.72,271.55,48.164,52.543
137.52,256.26,47.215,51.508
138.78,256.81,45.827,49.993
138.94,257.41,44.479,48.523
139.48,258.43,43.171,47.096
143.39,260.14,41.901,45.71
148.73,260.36,42.32,46.168
146.16,258.92,41.486,45.258
153.64,259.72,41.486,45.258
157.96,276.43,41.076,44.81
162.81,276.68,39.868,43.492
161.24,278.98,39.082,42.635
173.2,262.15,39.082,42.635
174.59,264.12,37.933,41.381
173.06,257.77,39.082,42.635
183.45,268.81,39.868,43.492
181.7,276.65,39.868,43.492
179.63,276.41,38.695,42.213
173.08,278.13,39.082,42.635
173.22,278.45,38.312,41.795
172.97,278.01,37.557,40.971
169.09,278.71,36.453,39.766
167.33,276.94,36.817,40.164
156.52,279.03,37.933,41.381
147.65,264.73,38.312,41.795
146.84,264.07,39.082,42.635
146.51,263.57,40.266,43.927
146.11,263.24,41.076,44.81
137.17,263.18,42.32,46.168
134.01,266.91,42.743,46.629
135.65,265.08,41.486,45.258
133.87,264.69,40.669,44.366
135.52,266.56,39.868,43.492
135.03,265.91,38.695,42.213
135.63,267.32,38.312,41.795
135.56,267.06,39.082,42.635
134.21,267.08,38.695,42.213
135.03,268.06,37.933,41.381
134.01,268.74,36.817,40.164
134.52,268.77,36.453,39.766
134.15,268.93,36.453,39.766
133.93,269.15,37.185,40.566
133.45,272.52,38.312,41.795
130.86,270.22,37.557,40.971
120.26,266.88,37.933,41.381
108.18,267.63,39.082,42.635
107.81,267.95,39.868,43.492
106.97,267.73,41.076,44.81
106.82,271.82,41.076,44.81
98.66,267.97,41.486,45.258
97.526,274.87,41.901,45.71
87.569,275.76,41.486,45.258
83.273,275.07,42.32,46.168
76.634,275.82,41.076,44.81
73.292,275.56,42.32,46.168
67.076,274.39,42.743,46.629
55.714,275.91,41.901,45.71
56.118,277.05,40.669,44.366
53.552,278.88,39.473,43.061
60.623,288.9,38.695,42.213
56.555,289.75,38.312,41.795
55.73,290.19,37.933,41.381
56.032,291.39,37.185,40.566
50.928,292.28,36.092,39.373
45.505,292.78,35.38,38.597
54.32,295.85,35.38,38.597
55.38,293.4,34.683,37.836
34.886,291.54,35.03,38.215
33.796,292.04,35.734,38.983
28.356,292.43,34.683,37.836
25.025,293.22,34.683,37.836
36.353,303.86,34.34,37.462
35.419,304.37,33.663,36.724
23.16,300.44,34.34,37.462
26.345,295.21,35.03,38.215
18.664,293.34,35.38,38.597
14.118,260.33,35.38,38.597
13.931,258.67,36.453,39.766
14.305,258.47,36.453,39.766
13.268,258.17,35.734,38.983
13.835,257.73,36.453,39.766
12.774,257.82,35.734,38.983
13.2,257.96,35.734,38.983
13.788,258.47,36.453,39.766
12.738,258.33,35.734,38.983
13.782,259.29,34.683,37.836
13.961,258.9,35.38,38.597
13.547,257.9,36.453,39.766
12.907,257.52,36.817,40.164
12.982,257.42,37.933,41.381
12.968,257.21,38.312,41.795
12.297,257.09,37.933,41.381
12.708,256.92,37.933,41.381
12.603,256.41,38.312,41.795
12.667,256.11,38.312,41.795
12.165,256.06,38.312,41.795
12.266,255.88,38.312,41.795
12.323,256.22,38.312,41.795
10.964,256.56,37.557,40.971
13.125,257.18,36.453,39.766
15.495,256.76,36.092,39.373
12.261,257.26,36.453,39.766
17.978,257.08,35.38,38.597
18.257,257.35,35.03,38.215
18.813,257.5,34,37.091
15.135,257.2,34.34,37.462
18.327,257.69,33.33,36.36
14.96,256.42,34,37.091
16.562,257.95,33,36
17.211,258.47,33,36
17.176,258.6,34,37.091
17.06,258.56,34.683,37.836
16.785,258.18,35.38,38.597
16.24,257.6,36.453,39.766
15.853,257.19,37.185,40.566
15.638,256.8,37.933,41.381
15.572,257.02,37.933,41.381
15.611,256.85,37.933,41.381
15.777,257.08,37.185,40.566
15.47,256.89,37.933,41.381
15.248,256.51,38.312,41.795
14.97,256.11,39.082,42.635
15.267,256.61,37.933,41.381
14.921,255.98,39.082,42.635
14.926,255.97,39.082,42.635
14.79,255.83,39.082,42.635
14.311,255.13,40.266,43.927
13.947,254.82,41.076,44.81
14.159,255.11,40.266,43.927
14.449,255.78,39.082,42.635
14.54,256.32,37.933,41.381
14.591,256.23,37.933,41.381
14.406,255.97,38.312,41.795
14.487,255.92,38.312,41.795
14.45,256.15,37.933,41.381
14.354,255.94,38.312,41.795
14.372,255.96,38.312,41.795
14.253,255.79,38.312,41.795
14.221,255.78,38.312,41.795
14.262,255.98,37.933,41.381
14.135,255.96,37.933,41.381
14.029,255.95,37.933,41.381
14.798,256.31,37.185,40.566
14.997,255.62,38.312,41.795
13.928,255.77,37.557,40.971
14.054,255.56,38.695,42.213
15.074,256.81,38.312,41.795
15.608,256.97,38.312,41.795
16.156,257.39,38.312,41.795
15.682,257.24,38.695,42.213
16.38,257.3,39.473,43.061
17.558,258.23,39.473,43.061
18.648,257.91,40.669,44.366
20.659,259.01,39.868,43.492
22.015,259.11,39.473,43.061
25.673,261.1,38.312,41.795
27.907,261.43,38.312,41.795
32.266,259.38,37.557,40.971
36.546,257.51,37.185,40.566
40.77,253.79,38.312,41.795
43.586,254.88,37.557,40.971
47.803,257.35,37.185,40.566
53.748,257.23,37.933,41.381
60.541,257.53,36.817,40.164
69.96,257.71,37.557,40.971
85.056,258.98,36.453,39.766
100.17,258.99,35.734,38.983
117.29,258.73,36.453,39.766
129,258.13,36.817,40.164
138.23,257.7,37.933,41.381
144.1,257.72,37.933,41.381
148.4,258.24,36.817,40.164
152.6,258.65,35.734,38.983
157.41,259.59,34.683,37.836
163.39,259.64,33.663,36.724
172.88,261.02,33,36
186.32,262.36,33.663,36.724
199.63,258.28,32.673,35.644
198.54,250.68,32.029,34.941
195.94,269.33,33,36
199.61,271.57,32.35,35.291
192.07,280.27,32.35,35.291
171.71,291.49,33.33,36.36
173.25,291.07,34,37.091
170.65,287.77,35.03,38.215
171.22,283.56,35.734,38.983
171.82,283.48,36.453,39.766
171.38,283.99,36.092,39.373
170.81,283.22,37.185,40.566
170.24,282.44,38.312,41.795
169.68,282.84,37.933,41.381
168.74,281.71,38.695,42.213
169,282.3,38.312,41.795
168.72,282.56,37.933,41.381
168.28,282.29,38.312,41.795
167.69,281.86,39.082,42.635
167.14,281.05,40.266,43.927
166.7,280.63,41.486,45.258
166.2,280.37,42.32,46.168
166,280.53,42.32,46.168
165.76,280.73,42.32,46.168
165.26,280.49,42.32,46.168
164.75,280.19,42.743,46.629
163.67,280.44,41.901,45.71
163.9,281.19,40.669,44.366
163.07,280.63,41.901,45.71
163.11,280.59,42.32,46.168
162.73,280.27,42.743,46.629
162.05,279.79,43.603,47.566
161.93,280.64,42.32,46.168
161.62,280.75,42.32,46.168
161.1,280.43,42.743,46.629
160.88,280.26,42.743,46.629
160.41,279.93,43.603,47.566
159.96,279.77,43.603,47.566
159.52,279.93,43.603,47.566
159,279.61,44.039,48.042
157.92,278.85,45.373,49.498
157.34,278.48,45.827,49.993
156.98,278.06,46.748,50.998
156.5,277.79,47.215,51.508
155.34,276.85,48.646,53.068
155.57,278.13,47.215,51.508
155.54,278.28,47.215,51.508
155.42,278.46,47.215,51.508
154.96,278.48,47.215,51.508
154.53,278.45,47.215,51.508
154.17,278.47,47.215,51.508
154.09,278.48,47.215,51.508
153.71,278.38,47.215,51.508
153.37,278.77,46.748,50.998
152.75,278.41,47.215,51.508
152.38,278.34,47.215,51.508
151.77,278.42,47.215,51.508
151.69,278.24,47.215,51.508
150.99,276.53,48.646,53.068
154.73,276.93,48.164,52.543
162,278.27,46.748,50.998
169.04,277.44,47.688,52.023
176.9,278.13,46.748,50.998
184.27,278.1,46.285,50.493
190.28,278.06,46.748,50.998
194.11,278.83,45.373,49.498
197.45,278.63,45.373,49.498
197.35,276.05,46.285,50.493
198.93,276.74,45.373,49.498
201.72,278.18,45.373,49.498
203.36,279.17,44.039,48.042
204.01,279.82,44.039,48.042
205.55,280.77,42.743,46.629
207.1,280.1,44.039,48.042
207.74,279.25,44.479,48.523
210.33,278.37,45.827,49.993
210.52,278.01,45.827,49.993
210.74,278.48,44.479,48.523
210.93,279.44,43.603,47.566
210.9,279.85,42.743,46.629
210.9,280.24,42.32,46.168
216.56,280.85,42.32,46.168
226.16,280.36,42.743,46.629
237.69,280.63,42.743,46.629
247.68,279.75,41.901,45.71
251.42,280.32,41.076,44.81
252.01,280.02,40.669,44.366
254.22,280.18,41.076,44.81
257.06,279.93,41.486,45.258
262.62,280.46,40.266,43.927
268.08,280.68,39.473,43.061
273.69,280.33,39.473,43.061
278.84,280.91,39.868,43.492
278.72,280.87,38.695,42.213
283.94,280.33,39.473,43.061
291.66,280.63,39.473,43.061
304.81,280.08,39.868,43.492
320.91,278.14,40.669,44.366
324.95,279.26,40.669,44.366
340.9,278.96,41.901,45.71
355.67,280.34,41.486,45.258
365.4,280.41,41.076,44.81
371.96,281.01,39.868,43.492
374.82,282.16,39.082,42.635
374.64,282.39,37.933,41.381
371.29,282.58,36.817,40.164
373.41,284,36.092,39.373
375.9,283.42,36.092,39.373
392.1,283.56,35.38,38.597
409.61,283.51,35.03,38.215
420.79,284.23,35.38,38.597
429.38,284.37,36.453,39.766
430.89,282.43,37.185,40.566
426.21,281.8,36.817,40.164
