453,93,20,30
450.89,93.581,19.606,29.409
447.03,93.141,20.2,30.3
444.69,94.522,19.802,29.703
441.56,94.82,19.802,29.703
438.91,96.036,19.802,29.703
435.92,96.696,20.2,30.3
433.98,97.371,19.802,29.703
432.02,98.827,19.412,29.118
429.02,99.561,19.412,29.118
425.65,99.62,19.802,29.703
422.96,101.06,19.802,29.703
420.29,101.49,19.412,29.118
417.86,103.11,19.606,29.409
413.75,103.63,19.802,29.703
411.7,105.66,19.22,28.829
409.24,107.14,19.22,28.829
406.53,106.46,19.802,29.703
404.58,108.5,19.22,28.829
401.86,109.32,19.412,29.118
399.44,110.47,19.029,28.544
397.21,111.76,18.654,27.982
396.18,114.23,18.106,27.159
393.14,114.08,18.287,27.43
391.94,115.83,18.106,27.159
388.99,115.64,18.654,27.982
387.29,116.71,18.654,27.982
386.48,117.92,19.22,28.829
383.96,117.76,19.412,29.118
382.44,119.36,19.029,28.544
381.22,120.92,19.606,29.409
379.12,121.17,19.412,29.118
378.21,123.28,19.606,29.409
375.94,123.65,19.802,29.703
374.73,124.63,20,30
372.54,125.45,20.2,30.3
371.75,126.91,20.402,30.603
369.75,127.77,20.812,31.218
367.11,129.09,21.443,32.164
365.52,128.89,21.657,32.486
364.53,131.67,21.443,32.164
361.46,131.51,22.092,33.139
359.14,132.54,22.092,33.139
356.97,134.54,22.313,33.47
355.04,135.78,22.092,33.139
352.78,137.32,22.092,33.139
350.19,139.05,22.537,33.805
346.94,139.05,23.219,34.829
344.64,141.43,22.989,34.484
342.14,142.79,22.989,34.484
338.94,142.67,23.452,35.177
336.6,145.05,22.762,34.143
332.89,146.09,23.219,34.829
329.64,147.86,23.686,35.529
325.68,149.69,24.162,36.243
321.27,150.23,24.648,36.972
317.47,152.35,24.894,37.341
313.36,153.52,25.649,38.473
308.06,153.82,26.164,39.246
304.46,156.67,25.905,38.858
302.14,157.76,25.905,38.858
296.74,158.16,26.426,39.639
291.98,160.33,27.227,40.84
288.03,162.72,27.227,40.84
284.73,165.53,26.69,40.035
281.52,168.21,26.69,40.035
278.12,169.5,26.69,40.035
274.18,171.32,27.499,41.248
270.26,172.76,28.052,42.077
266.38,174.58,28.332,42.498
262.55,177.21,29.191,43.786
259.5,179.3,29.482,44.224
257.75,181.13,29.191,43.786
255.29,185.23,30.075,45.113
250.33,186.82,30.986,46.48
248.36,189.97,31.296,46.944
245.77,193.25,31.296,46.944
244.12,196.59,31.925,47.888
240.94,199.14,32.893,49.339
239.05,202.46,33.554,50.331
237.53,205.75,34.57,51.856
236.42,210.4,34.228,51.342
234.15,213.32,33.889,50.834
233.81,216.26,34.57,51.856
232.24,221.17,34.916,52.374
231.49,225.5,34.57,51.856
230.61,230.26,34.57,51.856
228.9,233.38,35.618,53.427
228.08,237.56,35.618,53.427
227.44,241.87,35.974,53.961
226.62,247.45,35.618,53.427
225.95,252.64,35.265,52.898
223.7,256.35,36.334,54.501
222.12,258.89,36.697,55.046
219.62,264.26,36.697,55.046
216.18,268.55,37.435,56.152
211.4,272.55,37.809,56.714
205.56,277.28,38.955,58.432
204.6,282.14,39.738,59.607
209.45,287.84,39.344,59.017
215.77,293.38,39.344,59.017
217.87,297.75,40.537,60.805
218.94,302.43,40.135,60.203
216.57,307.29,40.537,60.805
213.33,307.94,41.765,62.647
209.25,314.57,40.537,60.805
199.3,319.61,39.738,59.607
190.75,320.35,40.942,61.413
173.64,325.84,40.135,60.203
161.03,328.33,38.955,58.432
162.1,331.3,38.955,58.432
130.72,329.75,40.135,60.203
135.3,333.85,40.942,61.413
99.79,330.83,40.537,60.805
89.514,331.43,39.344,59.017
73.402,333.42,39.738,59.607
53.056,329.36,40.942,61.413
41.428,327.34,39.738,59.607
29.147,322.84,40.537,60.805
20.295,319.33,39.344,59.017
9.0279,320.07,38.187,57.281
29.8,306.81,37.809,56.714
