100,198,32,92
102.52,199.73,31.683,91.089
105.04,198.96,32.32,92.92
107.02,199.46,32,92
108.76,200.79,32.32,92.92
111.31,203.56,31.683,91.089
114.59,204.54,31.683,91.089
117.59,204.04,32,92
121.17,204.13,31.683,91.089
124.77,207.08,31.683,91.089
128.66,209.65,30.751,88.41
129.94,207.43,31.683,91.089
132.85,206.95,32.643,93.849
136.02,209.24,32.32,92.92
140.53,211,32.97,94.788
145.73,212.1,32,92
151.04,212.97,31.059,89.294
154.61,213.58,30.447,87.535
158.64,215.81,30.751,88.41
161.43,215.29,31.683,91.089
165.14,215.87,31.369,90.187
167.87,215.25,31.683,91.089
171.35,216.69,32.32,92.92
175.81,216.9,32.32,92.92
182.84,218.75,31.683,91.089
187.03,218.62,32.32,92.92
191.54,217.6,33.299,95.736
195.94,220.68,32.32,92.92
201.24,222.3,32.32,92.92
206.15,221.88,32.97,94.788
210.01,222.02,32.32,92.92
214.89,223.88,32.643,93.849
219.61,226.91,32.32,92.92
226.25,229.12,31.683,91.089
232.68,227.77,32.643,93.849
237.87,226.62,32.32,92.92
241.89,226.51,33.299,95.736
248.08,230.34,32.643,93.849
254.36,231.46,32.32,92.92
260.15,232,31.369,90.187
266.21,231.68,32.32,92.92
271.05,232.93,32.97,94.788
276.65,234.06,33.969,97.66
283.03,233.49,34.998,100.62
288.77,231.16,35.701,102.64
294.63,231.67,34.998,100.62
300.41,234.9,34.651,99.623
306.07,235.74,34.998,100.62
311.6,235.41,36.058,103.67
316.79,235.39,36.058,103.67
323.56,237.39,35.701,102.64
330.7,241.59,34.651,99.623
339.86,245.3,33.632,96.693
346.57,242.91,34.651,99.623
352.53,241.16,34.651,99.623
360,245.01,33.632,96.693
367.22,247.22,33.299,95.736
375.43,244.83,34.308,98.636
381.13,233.56,34.998,100.62
386.95,230.79,34.651,99.623
400.63,243.77,34.308,98.636
410.35,248.85,34.651,99.623
418.05,250.44,34.308,98.636
425.05,247.86,34.651,99.623
433.07,249.77,34.651,99.623
443.22,254.1,33.632,96.693
453.76,255.01,33.299,95.736
448.74,254.85,33.299,95.736
424.12,254.48,33.969,97.66
396.96,255.79,34.651,99.623
371.16,256.97,35.348,101.63
348.08,255.62,35.348,101.63
320.44,252.62,36.419,104.7
295.6,251.5,35.701,102.64
307.7,254.5,34.651,99.623
320.07,255.78,33.632,96.693
329.87,256.15,32.97,94.788
337.93,256.04,32.32,92.92
347.46,258.23,32.32,92.92
357.83,259.05,33.299,95.736
365.97,258.78,33.632,96.693
376.68,258.34,32.643,93.849
385.38,257.76,31.683,91.089
395.68,258.13,32.643,93.849
408.7,258.58,31.683,91.089
422.91,257.99,31.683,91.089
422.83,248.94,30.751,88.41
414.89,217.64,30.145,86.668
413.69,217.26,30.145,86.668
414.8,218.6,29.551,84.96
413.69,218.03,29.259,84.119
415.08,219.22,29.259,84.119
413.6,218,29.259,84.119
414.59,219.16,29.259,84.119
404.79,220.65,29.259,84.119
383.11,220.46,28.398,81.645
414.88,201.93,29.259,84.119
412.31,191.34,28.398,81.645
414.75,181.16,28.682,82.462
390.76,174.37,27.839,80.037
399.79,153.86,27.563,79.244
408.63,149.97,27.563,79.244
402.89,152.47,27.02,77.683
405.42,145.16,26.753,76.914
415.39,149.63,26.225,75.398
435.03,112.6,26.488,76.152
437.21,105.77,26.225,75.398
433.83,114.11,26.488,76.152
434.5,114.82,26.753,76.914
434.1,114.57,26.225,75.398
431.8,115.37,25.709,73.912
430.99,115.59,25.966,74.652
430.34,118.34,25.202,72.456
430.34,120.27,24.461,70.325
430.19,119.94,23.979,68.939
430.51,119.64,23.979,68.939
430.35,120.65,24.461,70.325
430.17,120.38,23.979,68.939
430.57,123.13,23.274,66.912
429,120.82,23.979,68.939
428.1,121.5,24.461,70.325
408.65,121.96,24.461,70.325
411.3,145.18,23.979,68.939
417.63,146.45,23.979,68.939
403.96,144.92,24.219,69.629
412.55,159.46,24.219,69.629
420.42,148.06,23.979,68.939
416.39,117.62,24.461,70.325
414.61,115.99,24.219,69.629
424.26,127.31,23.506,67.581
429.39,115.52,23.506,67.581
414.85,110.05,23.506,67.581
420.56,110.36,24.219,69.629
418.49,109.82,24.706,71.028
415.05,118.29,23.979,68.939
428.87,109.43,24.219,69.629
424.44,96.523,24.706,71.028
440.82,86.538,24.953,71.739
441.94,85.536,25.454,73.181
444.97,84.992,25.454,73.181
452.45,83.959,24.953,71.739
440.98,86.907,25.202,72.456
440.71,86.457,24.953,71.739
452.94,93.248,25.202,72.456
443.2,85.02,25.966,74.652
440.82,84.269,26.488,76.152
443.67,82.717,27.29,78.46
440.62,82.666,27.563,79.244
441.96,83.027,27.29,78.46
441.72,83.017,27.29,78.46
443.47,82.492,27.839,80.037
438.05,85.363,27.839,80.037
440.06,96.509,28.398,81.645
446.75,114.59,28.398,81.645
438.33,146.84,28.398,81.645
451.84,119.49,28.117,80.837
442.78,126.5,28.969,83.286
461.45,125.59,29.847,85.81
464.77,131.75,28.969,83.286
463.7,123.96,28.969,83.286
464.43,131.46,28.117,80.837
464.3,131.16,28.398,81.645
463.75,129.68,28.969,83.286
463.65,129.91,28.682,82.462
464.34,130.42,28.117,80.837
464.48,132.39,27.29,78.46
443.36,147.72,27.839,80.037
437.78,141.86,28.398,81.645
420.84,153.09,28.398,81.645
421.35,180.45,28.969,83.286
394.05,181.02,29.551,84.96
395.97,179.32,29.847,85.81
381.45,163.64,29.551,84.96
361.49,180.3,28.682,82.462
363.16,178.37,29.551,84.96
363.53,178.09,28.969,83.286
341.44,179.46,29.551,84.96
348.62,178.37,28.969,83.286
355.73,184.25,28.398,81.645
362.74,181.33,27.563,79.244
371.03,182.56,26.753,76.914
378.11,183.11,26.225,75.398
371.93,193.18,25.709,73.912
386.49,222.77,26.488,76.152
391.56,224.93,25.709,73.912
398.03,226.28,25.454,73.181
416.27,223.93,25.709,73.912
413.93,219.52,26.225,75.398
418.3,216.99,26.753,76.914
421.99,214.14,27.563,79.244
426.55,213.77,28.398,81.645
430.93,211.81,28.969,83.286
434.98,208.91,29.847,85.81
437.04,206.27,30.447,87.535
440.94,205.14,30.447,87.535
446.25,207.06,30.145,86.668
449.9,205.51,30.447,87.535
454.09,203.6,30.447,87.535
457.53,201.25,30.447,87.535
460.45,200.1,30.447,87.535
463.9,201.26,30.447,87.535
467.18,199.92,30.447,87.535
471.33,197.4,30.447,87.535
474.18,195.47,30.447,87.535
477.07,194.38,31.369,90.187
480.83,194.14,32.32,92.92
485.67,192.34,32.32,92.92
489.09,190.92,32.32,92.92
492.82,189.88,31.683,91.089
496.76,189.36,31.683,91.089
501.62,191.48,30.751,88.41
499.35,192.49,30.751,88.41
467.28,189.82,31.059,89.294
437.13,186.9,31.369,90.187
406.33,183.78,32,92
376.06,184.58,32.97,94.788
347.14,183.21,33.299,95.736
318.63,180.52,33.969,97.66
312.93,186.23,33.969,97.66
317.79,187.26,32.97,94.788
324.66,189.74,32.32,92.92
333.1,188.34,32,92
339.8,186.28,31.683,91.089
343.59,184.3,31.683,91.089
350.62,185.5,31.369,90.187
357.77,187.65,30.447,87.535
365.86,187.82,29.847,85.81
373.67,187.41,28.969,83.286
383.28,187.49,28.398,81.645
390.52,189.57,28.117,80.837
397.73,190.28,28.117,80.837
406.57,188.9,28.398,81.645
414.24,188.31,27.563,79.244
420.76,187.08,27.02,77.683
427.66,188.05,27.02,77.683
434.1,188.47,27.563,79.244
442.44,185.96,28.398,81.645
449.98,186.03,27.563,79.244
454.79,187.74,26.753,76.914
454.22,188.61,26.488,76.152
414.97,189.86,27.02,77.683
383.15,190.38,26.225,75.398
353.55,190.48,25.709,73.912
321.3,187.91,26.225,75.398
284.39,188.18,27.02,77.683
261.56,178.55,27.839,80.037
267.37,177.57,27.29,78.46
275.27,178.99,27.02,77.683
285.54,180.08,26.753,76.914
292.63,181.04,27.02,77.683
301.23,179.14,27.29,78.46
309.66,177.19,27.563,79.244
317.21,175.44,27.29,78.46
324.3,178.04,26.753,76.914
332.46,180.18,25.966,74.652
340.77,178.4,25.966,74.652
347.14,177.71,25.454,73.181
353.88,177.85,26.225,75.398
362.73,179.1,25.966,74.652
370.44,179.44,26.225,75.398
378.2,176.79,27.02,77.683
385.32,174.85,27.02,77.683
390.97,172.44,27.29,78.46
398.52,174.9,26.488,76.152
408.29,177.19,25.709,73.912
415.27,176.35,25.709,73.912
422.63,176.17,24.953,71.739
429.13,176.5,25.202,72.456
436.12,176.48,25.966,74.652
440.89,176.84,26.225,75.398
449.29,177.05,25.709,73.912
458.22,174.48,26.488,76.152
465.19,173.59,25.709,73.912
472.91,174.55,24.953,71.739
481.05,175.24,25.709,73.912
492.02,175.33,24.953,71.739
503.08,172.47,25.709,73.912
509.89,172.48,25.454,73.181
520.33,172.82,26.225,75.398
527.64,176.24,25.966,74.652
540.92,173.88,26.225,75.398
544.9,171.63,25.966,74.652
555.62,146.36,25.709,73.912
555.29,149.65,25.709,73.912
552.25,134.89,26.225,75.398
540.64,113.5,26.225,75.398
529.06,110.48,25.709,73.912
525.98,132.72,25.202,72.456
533.04,143.71,24.461,70.325
528.51,145.58,23.742,68.257
527.51,147.13,23.043,66.249
526.53,145.51,23.506,67.581
526.28,146.28,22.815,65.594
527.11,146.45,23.274,66.912
526.86,146.24,22.815,65.594
527.9,146.4,23.043,66.249
527.58,146.61,23.043,66.249
526.74,147.55,22.589,64.944
526.81,147.22,22.144,63.664
527.96,148.91,21.493,61.792
527.29,147.19,22.144,63.664
528.02,147.11,22.589,64.944
527.28,147.41,22.589,64.944
527.16,146.19,22.815,65.594
527.37,147.42,22.144,63.664
526.92,146.34,22.815,65.594
527.94,147.45,22.589,64.944
528.56,147.02,22.144,63.664
513.84,148.36,22.589,64.944
516.53,162.05,22.144,63.664
533.22,159.85,21.493,61.792
523.98,172.66,20.861,59.975
528.15,190.43,20.45,58.793
525.65,190.38,21.069,60.575
536.03,179.45,21.493,61.792
542.28,152.17,21.708,62.41
544.5,145.05,21.069,60.575
555.36,169.04,21.069,60.575
562.85,186.2,20.45,58.793
544.68,179.9,21.069,60.575
563.8,185.91,20.45,58.793
563.31,186.32,19.848,57.064
564.58,187.48,19.652,56.499
564.19,186.63,19.848,57.064
564.41,185.83,20.247,58.211
564.36,185.99,20.861,59.975
562.76,185.65,20.247,58.211
565.66,186.39,20.45,58.793
563.55,186.21,19.848,57.064
564.17,187.34,19.652,56.499
563.51,186.76,19.457,55.94
564.19,187.53,19.265,55.386
564.32,187.6,19.074,54.837
564.03,187.27,19.074,54.837
564.69,188.3,18.885,54.294
564.29,187.96,18.698,53.757
564.73,188.31,18.885,54.294
564.12,187.41,19.074,54.837
564.37,188.16,18.885,54.294
564.16,186.71,19.457,55.94
545.94,187.3,19.652,56.499
538.16,184.45,19.457,55.94
529.67,189.39,20.047,57.635
518.31,173.52,20.45,58.793
534.39,156.95,20.247,58.211
545.98,161.4,20.861,59.975
542.06,183.67,20.45,58.793
521.2,176.97,20.861,59.975
520.45,182.32,21.28,61.18
520.59,176.11,21.069,60.575
520.24,176.35,20.861,59.975
510.2,180.13,21.493,61.792
510.52,180.41,21.069,60.575
510.17,180.22,20.654,59.381
510.97,180.72,21.069,60.575
510.23,197.2,20.861,59.975
510.03,198.33,21.069,60.575
509.49,197.41,21.493,61.792
519.12,214.61,20.861,59.975
515.09,214.79,21.069,60.575
517.05,213.49,21.28,61.18
521.02,216.27,21.069,60.575
519.12,215.43,20.45,58.793
520.09,216.28,20.45,58.793
515.63,216.64,20.047,57.635
512.45,217.66,20.654,59.381
504.16,219.08,21.28,61.18
500.11,213.36,21.925,63.034
493.57,215.8,22.366,64.301
492.55,217.13,21.925,63.034
485.93,233.13,22.366,64.301
492.77,230.15,22.589,64.944
487.54,230.66,21.925,63.034
487.37,232.88,22.589,64.944
484.77,229.72,22.815,65.594
491.1,232.76,23.274,66.912
473.58,232.11,23.979,68.939
477.29,246.96,23.274,66.912
477.29,260.3,23.274,66.912
501.89,259.6,23.506,67.581
512.13,250.56,24.219,69.629
531.61,253.29,23.979,68.939
542.87,261.87,23.742,68.257
532.24,262.05,23.274,66.912
512.23,250.86,23.274,66.912
507.1,250.97,23.043,66.249
508.29,251.71,22.366,64.301
509.16,253.14,21.708,62.41
510,254.33,21.069,60.575
509.5,253.48,21.493,61.792
508.53,252.8,21.28,61.18
509.82,253.84,21.069,60.575
509.18,252.61,20.654,59.381
509.98,254.33,20.247,58.211
510.58,255.5,19.652,56.499
510.04,254.78,19.848,57.064
510.37,255.49,19.457,55.94
510.12,255.1,20.047,57.635
510.59,255.44,19.457,55.94
510.22,255.55,19.652,56.499
509.95,254.77,20.247,58.211
509.79,254.18,20.861,59.975
510.07,254.41,20.247,58.211
510.53,255.02,20.047,57.635
509.88,255.2,19.848,57.064
509.74,254.34,20.247,58.211
509.72,254.1,20.861,59.975
508.82,252.69,21.28,61.18
509.87,254.02,20.654,59.381
510.22,254.63,20.45,58.793
510.09,254.83,19.848,57.064
510.29,255.31,20.047,57.635
510.69,255.37,19.652,56.499
510.53,255.18,20.047,57.635
510.11,254.7,20.45,58.793
510.22,254.74,19.848,57.064
508.04,264.96,19.652,56.499
492.52,269.59,19.265,55.386
492.53,262.89,19.457,55.94
484.46,255.52,20.047,57.635
487.33,243.22,19.652,56.499
490.26,241.1,19.265,55.386
481.73,234.86,19.457,55.94
489.34,230.12,20.047,57.635
496.85,250.27,19.457,55.94
493.2,270.94,19.848,57.064
493.57,272.36,19.265,55.386
493.49,271.67,19.652,56.499
493.41,272.22,19.265,55.386
493.55,272.43,19.265,55.386
493.87,272.98,18.885,54.294
493.34,272.38,19.265,55.386
492.95,271.25,19.457,55.94
493.36,273.04,18.885,54.294
493.29,272.68,18.698,53.757
494.18,274.2,18.148,52.176
493.96,273.1,17.968,51.659
493.7,273.55,18.513,53.225
493.29,272.04,19.074,54.837
493.51,273.05,18.885,54.294
493.71,273.13,18.33,52.698
494.25,274.61,17.791,51.148
493.54,272.63,18.33,52.698
493.26,272.55,18.698,53.757
493.4,272.46,19.265,55.386
493.54,271.86,19.074,54.837
493.99,273.05,18.885,54.294
494.08,272.97,18.885,54.294
494.4,273.53,18.513,53.225
494.55,274.15,18.148,52.176
494.21,273.54,18.513,53.225
493.95,272.61,18.698,53.757
494.36,274.04,18.148,52.176
494.1,273.71,17.968,51.659
494.19,273.6,18.513,53.225
493.93,272.93,18.33,52.698
493.91,272.88,18.698,53.757
494.1,273.58,18.513,53.225
494.08,272.91,18.33,52.698
494.4,273.61,18.513,53.225
493.79,272.6,18.698,53.757
494.66,274.04,18.148,52.176
494,272.5,18.698,53.757
494.63,273.53,18.513,53.225
494.23,272.1,19.074,54.837
494.98,273.58,18.513,53.225
494.78,272.45,18.698,53.757
493.19,273.85,18.148,52.176
503.16,261.83,17.614,50.641
497.13,252.9,17.791,51.148
491.38,242.09,17.614,50.641
499.16,235.35,17.44,50.14
484.75,239.3,16.927,48.665
491.03,238.38,16.429,47.234
498.13,257.73,16.759,48.184
501.67,238.56,16.594,47.706
501,230.95,16.927,48.665
502.35,229.94,16.759,48.184
502.27,238.38,16.759,48.184
502.29,238.3,16.429,47.234
501.97,238.23,16.106,46.303
501.07,238.94,15.788,45.391
498.74,248.71,15.477,44.497
501.92,239.04,15.946,45.845
501.89,238.54,16.429,47.234
502.09,239.1,15.946,45.845
501.56,239.43,15.477,44.497
501.98,240,15.632,44.942
501.39,239.15,15.788,45.391
502.38,240.15,15.324,44.056
501.95,240.5,15.022,43.188
502.48,240.79,14.873,42.76
501.98,240.28,15.022,43.188
501.73,240.2,15.324,44.056
501.44,239.98,15.324,44.056
501.03,240.19,15.324,44.056
501.18,240.12,15.324,44.056
500.9,240.72,14.873,42.76
500.85,240.83,14.873,42.76
500.82,240.87,14.873,42.76
490.42,249.74,15.324,44.056
495.78,260.61,15.477,44.497
500.01,256.47,15.324,44.056
490.2,255.1,15.632,44.942
500.01,257.94,15.172,43.62
502.39,254.49,15.022,43.188
507.76,257.76,14.58,41.918
504.48,258.08,14.58,41.918
504.6,257.89,14.293,41.092
490.12,257.76,14.58,41.918
481.39,257.11,14.873,42.76
470.24,260.48,14.726,42.337
469.09,260.23,15.022,43.188
460.36,257.56,14.58,41.918
455.78,259.29,14.151,40.685
451.11,259.91,13.735,39.489
451.67,260.02,13.331,38.327
454.12,259.5,13.735,39.489
462.77,265.59,14.011,40.282
461.07,260.17,13.735,39.489
461.41,252,14.011,40.282
