2,284,149,210
15.157,283.98,147.52,207.92
27.544,286.85,143.19,201.81
37.741,287.49,141.77,199.81
49.172,289.32,138.97,195.87
57.46,287.46,140.36,197.83
63.179,283.33,144.62,203.82
73.869,285.27,140.36,197.83
81.889,285.28,137.6,193.93
91.468,286.04,134.89,190.11
103.71,286.13,133.55,188.23
116.84,286.18,130.92,184.52
125.93,284.73,129.62,182.69
136,284.73,127.07,179.09
145.48,283.15,127.07,179.09
154.64,280.94,128.34,180.88
169.2,281.74,125.81,177.32
177.96,283.67,122.11,172.1
187.33,285.24,118.52,167.04
194.3,284.55,118.52,167.04
204.46,287.17,115.04,162.13
216.36,287.52,115.04,162.13
221.99,285.59,117.35,165.39
231.16,287.96,113.9,160.52
239.69,290.48,110.55,155.8
246.74,290.6,110.55,155.8
259.25,292.06,107.3,151.22
266.51,291.28,108.37,152.73
274.19,291.09,107.3,151.22
282.86,291.72,105.18,148.24
289.46,292.15,104.14,146.77
296.61,292.74,102.09,143.88
304.82,293.88,99.085,139.65
310.32,293.01,99.085,139.65
315.4,291.24,100.08,141.05
321.68,291.94,97.133,136.9
327.88,293.3,94.276,132.87
335.07,294.04,92.419,130.25
340.94,293.85,92.419,130.25
347.85,295.47,90.598,127.69
353.42,296.49,89.701,126.42
359.7,297.55,89.701,126.42
367.52,298.51,88.813,125.17
373.22,299.16,87.063,122.71
376.03,297.46,88.813,125.17
379.77,298.47,87.063,122.71
381.25,296.01,89.701,126.42
388.51,298.06,87.063,122.71
393.87,298.85,84.502,119.1
398.55,299.67,83.666,117.92
403.17,300.96,82.017,115.59
407.96,300.81,82.017,115.59
413.23,300.73,82.017,115.59
418.05,301.45,80.401,113.32
421.3,300.72,82.017,115.59
424.44,300.43,82.017,115.59
429.19,301.58,80.401,113.32
433.33,301.71,79.605,112.19
437.12,300.64,80.401,113.32
442.15,301.85,78.036,109.98
445.65,301.14,76.499,107.82
448.06,298.03,78.817,111.08
451.05,297.01,79.605,112.19
453.68,297.67,77.264,108.9
456.41,298.8,74.991,105.69
457.12,298.7,75.741,106.75
458.68,299.45,74.991,105.69
461.34,301.32,74.249,104.65
463.73,301.44,74.991,105.69
467.95,304.12,72.786,102.58
471.26,304.04,73.514,103.61
475.46,304.76,72.065,101.57
480.63,306.24,69.946,98.581
483.15,304.13,72.065,101.57
486.69,303.21,72.786,102.58
490.88,303.62,72.786,102.58
494.54,303.48,74.249,104.65
500.16,306.35,72.065,101.57
505.86,308.49,69.946,98.581
511.41,309.65,68.568,96.639
515.55,311.74,66.551,93.797
516.63,311.1,68.568,96.639
520.11,313.61,66.551,93.797
522.27,314.16,65.892,92.868
522.99,312.62,67.889,95.682
524.26,312.69,67.217,94.735
525.66,311.8,67.889,95.682
527.15,309.87,69.946,98.581
529.01,307,72.065,101.57
533.4,303.17,74.249,104.65
536.41,301.1,75.741,106.75
537.56,300.07,78.036,109.98
540.18,299.87,80.401,113.32
545.61,301.27,78.817,111.08
551.24,303.2,76.499,107.82
556.63,304.73,74.249,104.65
560.74,304.48,72.786,102.58
565.95,303.75,71.352,100.56
571.22,303.78,69.253,97.605
577.38,305.23,67.217,94.735
580.42,305.09,66.551,93.797
587.05,304.63,67.217,94.735
592.58,305.84,65.892,92.868
596.83,308.41,63.954,90.137
603.35,309.05,63.321,89.244
615.47,306.83,64.594,91.038
618.75,305.79,66.551,93.797
621.36,303.11,68.568,96.639
624.01,301.52,69.253,97.605
630.99,301.26,69.946,98.581
636.05,302.25,70.645,99.567
622.58,314.36,71.352,100.56
623.37,313.01,72.065,101.57
