550,218,24,81
550.08,217.88,24,81
550.08,217.85,24,81
549.75,218.33,23.527,79.404
549.57,217.77,24,81
549.11,217.87,24,81
549,217.89,23.762,80.198
549.65,218.66,23.064,77.839
549.61,219.29,22.835,77.069
549.92,220.75,22.385,75.55
549.31,224.91,22.164,74.802
548.63,225.87,21.944,74.062
548.67,229.22,21.512,72.602
547.18,229.72,21.088,71.172
548.02,230.65,20.468,69.079
545.08,223.87,19.866,67.047
545.04,225.52,19.282,65.075
545.74,226.89,18.902,63.793
546.73,228.06,18.346,61.917
547.24,229.95,17.806,60.096
549.68,221.14,17.806,60.096
549.68,234.08,18.346,61.917
549.41,233.55,18.902,63.793
549.34,233.77,18.902,63.793
551.08,237.18,18.714,63.161
552.97,228,19.282,65.075
559.93,226.85,19.866,67.047
561.41,227.67,19.474,65.726
562.71,226.99,20.064,67.717
563.77,227.59,19.669,66.383
558.08,226.94,19.282,65.075
557.96,226.42,19.669,66.383
557.85,227.11,19.282,65.075
558.14,227.69,18.902,63.793
558.21,227.72,18.902,63.793
557.47,228.86,18.529,62.536
564.38,230.35,18.164,61.304
566.44,231.03,17.984,60.697
567.12,231.8,17.63,59.501
566.71,232.04,17.111,57.751
566.37,231.68,17.282,58.328
565.56,232.47,17.282,58.328
565.19,232.61,16.774,56.613
566.4,229.3,17.282,58.328
559.77,231.4,17.63,59.501
555.08,230.16,17.111,57.751
554.99,229.85,17.63,59.501
556.7,229.12,18.164,61.304
556.55,227.37,18.714,63.161
553.23,226.14,19.282,65.075
554.84,225.9,19.669,66.383
555.12,225.75,19.474,65.726
555.01,227.32,19.091,64.431
551.9,225.77,19.474,65.726
549.36,225.26,20.064,67.717
547.83,224.05,20.064,67.717
547.74,222.8,19.474,65.726
548.24,224.64,18.902,63.793
549.43,226.22,19.091,64.431
547.93,225.55,18.529,62.536
546.95,223.65,18.902,63.793
546.68,221.18,19.474,65.726
546.74,221.59,19.669,66.383
545.07,219.75,20.265,68.395
543.1,219.23,20.672,69.769
539.98,217.64,21.299,71.883
538.64,215.13,21.727,73.328
534.46,214.9,22.164,74.802
529.87,215.36,22.609,76.306
526.5,215.88,22.164,74.802
523.33,216.47,21.944,74.062
521.55,216.45,21.944,74.062
518.69,217.33,21.512,72.602
507.55,218.57,21.299,71.883
506.65,219.3,20.672,69.769
497.14,224.3,21.088,71.172
492.82,223.67,21.299,71.883
489.09,223.74,21.299,71.883
485.48,223.55,21.299,71.883
480.53,223.09,21.727,73.328
480.13,219.62,21.944,74.062
474.22,222.03,22.385,75.55
469.75,217.5,21.727,73.328
466.28,215.78,21.727,73.328
460.88,215.86,21.727,73.328
457.01,214.7,21.727,73.328
451.08,217.54,22.164,74.802
443.66,223.1,22.385,75.55
443.14,217.39,21.727,73.328
441.42,218.06,21.299,71.883
432.89,219.19,21.088,71.172
427.39,218.58,21.088,71.172
424.69,218.09,21.088,71.172
420.76,216.98,21.299,71.883
416.43,217.27,21.299,71.883
410.59,217.36,21.088,71.172
405.84,216.13,20.879,70.467
402.99,213.41,20.879,70.467
400.57,212.69,21.088,71.172
397.29,212.03,21.299,71.883
392.57,211.49,21.299,71.883
387.73,212.32,20.672,69.769
383.31,213.37,20.064,67.717
383.04,211.51,19.669,66.383
375.62,210.63,20.265,68.395
373.51,211.11,20.468,69.079
371.38,211.35,19.866,67.047
369.92,211.28,19.282,65.075
377.27,227.32,19.866,67.047
376.58,232.28,20.265,68.395
372.19,211.67,19.669,66.383
352.69,210.66,20.064,67.717
349.54,211.38,19.669,66.383
347.81,209.79,19.866,67.047
349.39,208.55,19.282,65.075
341.86,208.69,19.474,65.726
341.06,208.53,19.669,66.383
340.63,209.68,19.091,64.431
340.05,209.13,19.669,66.383
336.38,208.6,19.282,65.075
343.59,205.48,19.474,65.726
343.7,206.03,20.064,67.717
341.77,203.06,20.672,69.769
341.81,203.97,20.468,69.079
340.53,203.32,20.265,68.395
339.08,204.98,20.064,67.717
336.27,205.17,20.064,67.717
332.35,205.96,20.468,69.079
326.06,203.87,20.672,69.769
323.79,203.02,21.088,71.172
321.47,203.69,20.879,70.467
319.21,204.23,20.468,69.079
316.24,204.87,20.468,69.079
314.86,204.04,20.064,67.717
310.67,201.48,20.672,69.769
309.29,201.78,20.265,68.395
302.44,202.56,20.879,70.467
298.29,202.02,20.879,70.467
293.77,203.47,20.468,69.079
293.6,203.92,20.064,67.717
290.59,203.51,19.866,67.047
289.71,204.65,19.474,65.726
290.44,205.52,19.091,64.431
290.09,204.43,19.282,65.075
290.35,205.2,18.902,63.793
289.28,203.94,19.474,65.726
291.59,203.94,20.064,67.717
290.58,204.85,19.474,65.726
290.17,202.9,19.866,67.047
290.23,203.95,19.669,66.383
288.6,202.84,20.265,68.395
289.1,202.85,19.866,67.047
289.95,204.69,19.669,66.383
289.51,202.52,19.866,67.047
288.79,202.1,20.265,68.395
288.83,202.42,20.265,68.395
289.13,202.74,20.468,69.079
289.2,202.84,20.468,69.079
288.51,202.75,20.265,68.395
288.5,202.98,19.866,67.047
288.63,204.1,19.474,65.726
289.38,203.91,19.669,66.383
288.78,203.23,19.866,67.047
289.25,203.23,20.064,67.717
288.6,203.03,19.866,67.047
289.26,203.95,19.474,65.726
288.78,203.57,19.474,65.726
288.51,203.35,19.866,67.047
287.65,202.91,20.265,68.395
286.54,202.84,20.879,70.467
286.36,203.21,20.265,68.395
285.54,203.14,20.265,68.395
284.71,205.04,19.669,66.383
282.44,204.23,19.866,67.047
268.91,204.27,20.468,69.079
270.49,203.28,21.088,71.172
267.49,203.66,20.672,69.769
264.2,202.39,20.672,69.769
262.42,203.26,20.265,68.395
260.83,204.29,19.866,67.047
259.66,203.18,19.282,65.075
255.16,201.51,19.282,65.075
251.48,203.82,19.669,66.383
251.29,204.36,19.091,64.431
249.59,204.1,18.902,63.793
252.63,200.01,18.346,61.917
247.84,202.22,18.902,63.793
246.8,199.08,18.902,63.793
246.86,199.23,18.346,61.917
245.52,199.11,17.806,60.096
246.56,199.73,17.455,58.912
247.55,200.37,17.455,58.912
246.98,200.28,17.455,58.912
240.78,210.12,16.942,57.179
246.85,201.02,16.942,57.179
238.77,201.39,16.444,55.497
246.97,200.99,16.942,57.179
247.14,201.99,16.608,56.052
248.18,202.28,16.942,57.179
245.27,200.99,16.444,55.497
246.77,201.86,15.96,53.865
246.57,201.8,15.96,53.865
247.4,202.81,15.646,52.804
