442,413,31,87
442.34,414.14,30.275,84.966
443.03,415.77,30.007,84.213
443.3,416.28,29.925,83.983
443.48,417.54,29.476,82.722
443.63,417.2,29.443,82.632
443.66,417.35,29.189,81.917
443.09,416.65,29.385,82.466
443.55,415.96,29.949,84.051
443.25,415.8,30.098,84.469
442.66,415.01,30.507,85.616
442.45,415.7,30.402,85.322
443.37,416.45,30.06,84.362
442.45,414.68,30.967,86.908
442.79,414.3,30.515,85.639
443.16,411.25,29.654,83.223
442.93,406,29.753,83.502
443.56,392.3,30.224,84.822
443.43,387.72,30.123,84.539
443.65,386.17,30.5,85.596
442.97,385.22,30.55,85.738
443.27,387.73,30.873,86.643
443.38,391.18,31.537,88.508
445.39,395.47,31.209,87.588
448.01,396.9,31.432,88.211
448.71,396.29,32.187,90.332
455.34,397.91,32.304,90.658
455.94,398.65,32.343,90.769
457.63,399.69,32.488,91.175
461.11,404.06,32.493,91.189
465.12,405.3,32.32,90.704
480.11,409.56,32.63,91.575
488.4,410.98,32.507,91.228
494.9,412.16,32.474,91.138
498.16,412.34,32.652,91.635
500.29,411.51,32.707,91.791
504.38,412.05,32.952,92.478
505.64,413.08,33.021,92.671
506.34,414.44,33.068,92.803
506.87,414.9,33.044,92.736
506.56,414.8,33.285,93.413
506.12,412.86,33.37,93.652
506.49,412.33,33.352,93.602
506.89,412.19,33.376,93.669
507.29,412.96,33.28,93.4
507.31,413.02,33.295,93.44
507.68,413.94,33.136,92.996
507.92,414.23,32.955,92.487
508.81,413.74,32.846,92.18
508.92,411.34,32.78,91.995
509.4,409.87,32.304,90.66
509.89,408.12,32.061,89.977
510.4,408.27,31.741,89.078
510.56,408.01,31.516,88.447
510.21,407.63,31.486,88.365
510.09,407.51,31.417,88.17
510.15,407.69,31.345,87.967
510.29,407.89,31.222,87.624
510.69,407.95,31.267,87.748
510.69,407.61,31.421,88.181
510.38,407.33,31.529,88.485
510.45,407.48,31.601,88.687
510.68,407.43,31.892,89.502
510.07,407.03,32.131,90.173
510.38,407.39,32.159,90.253
510.72,407.47,32.236,90.469
510.26,406.97,32.171,90.286
510.74,407.33,32.187,90.331
510.53,407.76,32.158,90.251
510.28,408.18,32.159,90.252
510.11,408.14,32.414,90.967
509.72,408.24,32.26,90.536
509.53,408.33,32.168,90.277
509.88,408.36,32.353,90.797
509.52,407.46,32.842,92.171
509.07,407.1,33.175,93.105
508.89,407.05,33.182,93.123
508.59,407.26,33.365,93.638
509.05,407.76,33.417,93.783
509.26,408.18,33.36,93.625
509.22,407.82,33.539,94.124
508.72,406.59,33.651,94.439
508.56,405.8,33.673,94.501
508.64,405.66,33.731,94.665
508.6,405.36,33.712,94.611
508.58,405.29,33.74,94.689
508.75,405.11,33.752,94.724
508.93,405.26,33.782,94.808
509.02,404.99,33.815,94.899
509.08,404.2,34.207,96.001
509.08,403.3,34.514,96.861
509.21,401.35,34.614,97.142
508.8,400.36,34.699,97.382
509.21,400.08,34.824,97.732
508.94,399.34,34.963,98.122
508.46,398.96,34.981,98.173
508.19,398.64,34.989,98.194
508.35,398.69,34.747,97.517
508.54,398.65,35.07,98.423
508.78,398.25,35.372,99.27
508.41,397.14,35.512,99.662
508.21,397.49,35.636,100.01
508.45,397.92,35.695,100.18
508.34,398.18,35.875,100.68
507.89,397.63,36.002,101.04
508,397.72,36.197,101.59
507.72,396.44,36.346,102
507.36,395.68,36.333,101.97
507.48,396.17,35.887,100.71
507.61,395.28,36.247,101.73
507.36,395.03,36.425,102.23
508.26,395.31,36.54,102.55
509.62,396.4,35.905,100.77
509.79,396.92,35.342,99.186
510.28,396.86,35.27,98.982
510.35,396.69,35.392,99.326
510.87,395.75,35.96,100.92
510.68,395.36,36.471,102.35
510.46,394.95,36.745,103.12
510.38,395.28,36.187,101.56
510.38,394.3,36.695,102.98
509.94,394.12,36.48,102.38
510.06,394.15,36.464,102.33
509.92,394.17,36.482,102.38
509.99,393.72,37.099,104.12
509.83,393.92,36.441,102.27
510.17,393.82,36.87,103.47
510.49,393.74,36.904,103.57
510.67,393.78,36.708,103.02
511.21,393.39,36.323,101.94
511.23,393.35,36.084,101.27
511.42,393.31,36.441,102.27
511.55,393.34,36.495,102.42
511.62,393.44,36.333,101.97
511.56,392.4,36.188,101.56
511.85,392.67,35.787,100.44
512.22,392.81,35.406,99.365
512.24,393.2,35.056,98.384
512.98,393.75,34.946,98.075
512.72,394.08,34.535,96.92
512.87,394.44,34.094,95.684
513.24,395.12,33.706,94.595
513.56,395.48,33.388,93.703
514,395.38,33.736,94.679
513.71,394.74,33.786,94.818
514.3,395.29,33.568,94.207
514.33,395.61,33.153,93.043
514.4,395.7,32.982,92.562
515.08,396.47,32.536,91.311
515.06,395.55,33.089,92.864
515.22,395.64,32.449,91.065
515.63,395.76,32.576,91.423
515.6,396.02,32.385,90.887
515.41,396.02,31.969,89.721
515.34,396.1,31.685,88.923
515.98,397.42,31.258,87.723
515.77,397.81,31.194,87.543
516.45,398.95,30.727,86.233
515.8,399.07,31.197,87.554
516.22,399.81,30.931,86.806
515.8,398.93,31.286,87.802
516.1,399.49,31.25,87.701
515.8,399.43,31.402,88.129
515.58,398.8,31.422,88.186
515.93,398.39,31.51,88.431
515.86,398.24,31.675,88.895
516.39,398.16,31.884,89.48
515.96,397.2,32.07,90.002
515.8,397.48,32.142,90.206
515.76,397.3,32.025,89.875
515.38,396.68,32.21,90.397
515.67,396.05,32.288,90.614
518.68,396.03,32.283,90.601
521.57,396.82,32.188,90.333
526.23,397.48,32.418,90.979
530.91,399.59,32.59,91.461
537.29,400.53,32.332,90.738
537.51,400.91,32.093,90.068
538.44,402.43,32.148,90.222
538.23,403.09,31.941,89.641
538.09,402.71,32.093,90.069
538.22,402.5,33.073,92.817
538.05,402.5,33.59,94.268
537.82,403.56,33.139,93.004
539.08,404.9,33.239,93.283
542.77,405.22,33.723,94.642
545.23,405.51,33.69,94.549
555.52,404.91,33.902,95.144
559.72,404.12,33.905,95.153
563.47,402.91,33.912,95.172
564.57,401.6,33.948,95.273
565.15,396.83,33.756,94.735
566.17,395.51,33.789,94.826
570.59,395.09,34.105,95.715
577.04,393.64,34.444,96.666
585.46,393.47,34.745,97.511
596,392.59,34.873,97.869
608.71,389.11,35.154,98.658
600.35,391.92,35.411,99.378
611.41,391.4,35.435,99.447
634.19,389.53,35.374,99.275
649.65,391.96,35.206,98.804
668.15,392.23,35.242,98.906
682.58,392.79,35.178,98.724
700.71,391.95,35.316,99.113
701.59,391.4,35.478,99.569
705.85,391.5,35.459,99.513
707.6,396.98,35.251,98.93
719.88,400.73,35.062,98.4
729.7,405,34.951,98.087
737.26,408.08,34.913,97.981
748.83,403.3,34.945,98.072
757.87,400.67,34.571,97.021
761.29,396.64,34.572,97.025
765.63,395.32,34.192,95.958
770.65,394.85,33.775,94.788
775.8,397.02,32.879,92.272
785.83,401.36,32.553,91.357
789,404.58,32.198,90.363
791.9,405.84,31.668,88.874
795.35,406.53,31.219,87.614
797.49,406.48,30.934,86.816
799.79,405.32,30.939,86.829
807.23,404.6,30.992,86.978
818.42,411.89,31.153,87.43
834.62,414.23,31.266,87.747
845.68,420.87,31.14,87.393
868.59,425.64,31.493,88.384
866.79,418.79,30.92,86.776
870.13,419.68,30.03,84.278
871.87,421.87,29.818,83.682
877.93,422.53,29.886,83.874
886.6,419.9,29.864,83.813
895.48,419.73,29.67,83.268
912.04,426.2,29.776,83.566
931.93,419.4,29.522,82.851
943.69,417.29,29.36,82.398
928.27,420.42,29.008,81.409
921.8,391.55,28.929,81.187
924.37,390.32,28.832,80.915
927.85,388.87,28.67,80.46
905.95,386.53,28.812,80.86
928.84,393.24,29.107,81.686
915.16,387.45,29.198,81.944
920.19,391.04,29.195,81.935
928.37,390.65,29.227,82.025
934.26,390.3,29.181,81.894
937.09,384.15,29.179,81.891
939.5,386.44,29.251,82.093
933.98,369.27,29.473,82.715
934.21,368.07,29.731,83.438
935.27,367.19,29.805,83.645
942.84,377.68,29.954,84.064
934.42,364.79,29.968,84.103
933.97,364.29,29.989,84.163
936.76,365.14,29.955,84.066
938.23,365.38,30.063,84.37
941.02,365.17,30.201,84.759
939.62,365.51,30.362,85.209
935.55,376.22,30.393,85.296
935.46,374.65,30.351,85.179
935.44,377.07,30.361,85.207
932.64,378.03,30.452,85.463
938.16,374.86,30.385,85.273
938.29,381.38,30.547,85.729
937.72,375.67,30.62,85.934
934.87,383.86,30.506,85.613
937.6,374.41,30.488,85.562
935.27,374.24,30.535,85.694
935.11,372.48,30.579,85.817
936.35,371.86,30.429,85.397
936.95,372.01,30.394,85.298
936.23,371.88,30.293,85.015
936.76,372.07,30.22,84.81
940.69,371.43,30.157,84.633
943.65,373.97,30.357,85.196
928.89,378.03,30.317,85.083
922.25,372.96,30.295,85.021
930.03,376.75,30.152,84.621
932.49,371.99,30.246,84.885
933.38,371.73,30.332,85.124
934.82,374.94,30.272,84.957
935.65,375.03,30.195,84.741
934.34,374.37,30.184,84.71
936.65,375.78,30.092,84.453
935.81,371.93,29.907,83.932
918.08,355.6,30.173,84.679
918.16,355,30.376,85.248
919.98,355.2,30.491,85.571
921.3,353.88,30.636,85.978
920.46,353.81,30.726,86.232
922.35,353.79,30.8,86.438
924.71,353.35,30.926,86.791
924.56,352.52,30.93,86.803
924.99,352.5,30.971,86.918
924.94,353.09,31.002,87.007
926.69,353.22,30.994,86.982
928.11,353.02,31.101,87.283
927.47,352.84,31.135,87.38
927.54,353.52,31.116,87.324
929.17,352.68,31.147,87.413
929.07,352.84,31.194,87.545
928.24,352.77,31.139,87.39
927.96,352.76,31.009,87.026
927.87,352.23,30.95,86.86
928.64,352.41,31.035,87.099
928.66,352.87,31.122,87.343
927.8,353.9,31.121,87.338
928.07,353.48,31.215,87.602
928.05,353.98,31.218,87.612
928.31,354.03,31.236,87.662
927.88,354.29,31.121,87.339
928.43,353.44,31.096,87.27
926.46,353.46,30.929,86.802
924.9,351.08,30.899,86.716
921.76,350.52,30.944,86.844
920.37,348.47,30.963,86.896
917.43,346.98,30.97,86.915
917.37,345.69,31.03,87.085
916.11,345.72,31.023,87.066
916.26,345.54,30.972,86.922
916.3,345.09,31.016,87.044
915.98,345.58,30.994,86.983
916.38,345.8,31.101,87.285
915.81,345.73,31.063,87.177
916.28,345.69,31.183,87.514
916.92,346.5,31.115,87.323
916.89,345.59,31.201,87.563
917.26,346.31,31.29,87.815
916.92,347.23,31.14,87.392
917.12,347.5,31.138,87.386
917.54,347.36,31.164,87.461
917.85,346.98,31.106,87.299
916.89,346.35,30.987,86.962
917.04,346.23,30.906,86.735
917.05,346.23,30.986,86.961
917,346.29,30.987,86.963
916.91,346.85,31.019,87.054
917.14,347.26,31.088,87.247
916.94,347.34,31.173,87.487
917.44,347.89,31.248,87.696
917.61,348.16,31.162,87.455
917.45,348.07,31.211,87.591
917.9,347.61,31.163,87.457
917.72,347.46,31.112,87.314
917.42,346.87,31.064,87.178
916.99,346.61,31.035,87.097
916.69,347.42,30.909,86.746
917.02,347.11,31.1,87.28
916.53,348.46,31.108,87.302
916.21,349.05,31.04,87.112
916.19,348.85,31.036,87.102
916.41,348.61,31.003,87.007
916.39,348.51,30.949,86.857
916.17,348.28,30.972,86.922
916.22,348.46,31.035,87.099
916.15,348.4,31.06,87.169
915.91,348.28,31.056,87.157
915.72,348.16,31.011,87.03
916.23,347.41,31.073,87.206
916.37,346.91,31.117,87.329
916.13,346.29,31.022,87.063
916.39,344.82,31.114,87.321
915.85,344.26,30.983,86.954
916.58,342.7,31.016,87.046
916.1,341.84,31.078,87.218
916.18,340.71,31.067,87.189
915.98,339.7,31.024,87.068
916.1,339.02,31.01,87.029
915.66,338.81,30.968,86.911
915.85,338.87,30.966,86.905
916,338.8,30.978,86.937
915.78,338.68,31.09,87.252
916.53,338.57,31.274,87.769
916.39,339.31,31.199,87.56
916.97,339.06,31.32,87.897
917.24,338.91,31.398,88.117
917.47,339,31.29,87.814
917.24,338.95,31.301,87.844
917.83,338.94,31.431,88.21
916.88,339.1,31.482,88.352
916.77,339.58,31.306,87.858
916.81,339.7,31.429,88.204
915.81,339.57,31.428,88.201
915.68,339.99,31.381,88.07
915.93,339.99,31.403,88.132
915.78,340.75,31.443,88.244
916.04,341.11,31.479,88.345
915.8,341.47,31.411,88.153
915.7,341.34,31.308,87.864
916.06,341.47,31.294,87.824
916.5,341.28,31.311,87.873
916.36,341.34,31.274,87.769
916.12,341.23,31.285,87.799
916.12,341.4,31.291,87.816
915.88,341.23,31.176,87.493
914.99,340.68,31.209,87.586
912.67,340.57,31.144,87.403
910.11,340.8,31.155,87.435
908.97,341.11,31.291,87.818
908.26,342.05,31.208,87.584
907.9,342.36,31.229,87.643
906.11,342.51,31.167,87.468
903.28,342.61,31.078,87.218
901.56,341.31,30.804,86.449
901.68,341.17,30.785,86.396
901.42,339.96,30.861,86.611
900.97,340.08,30.729,86.238
899.61,339.91,30.884,86.676
898.11,340.65,30.773,86.362
896.72,340.82,30.775,86.368
891.35,340.82,30.734,86.254
885.03,339.69,30.432,85.407
877.69,338.07,30.215,84.796
870.68,336.34,30.034,84.288
866.08,335.88,30.017,84.24
863.21,336.77,30.278,84.972
859.07,339.02,30.417,85.365
853.63,342.29,30.499,85.595
848.22,344.42,30.595,85.863
846.08,348.09,30.566,85.781
845.71,349.8,30.73,86.242
846.74,351.98,30.674,86.084
845.46,351.73,30.608,85.901
841.49,352.06,30.352,85.181
835.82,352.04,30.228,84.833
829.46,351.43,30.076,84.408
824.78,351.55,29.984,84.149
821.77,351.86,29.892,83.892
817.81,351.5,29.838,83.738
813.78,351.7,29.821,83.692
809.91,353.63,29.86,83.801
807.13,355.56,29.83,83.716
805.39,357.6,29.862,83.806
805.04,357.89,30.066,84.379
803.02,358.38,30.119,84.526
799.97,358.68,30.196,84.743
796.71,358.19,30.042,84.313
794.09,357.65,29.817,83.681
791.05,356.89,29.731,83.438
787.92,356.18,29.652,83.218
785.66,355.85,29.77,83.547
781.85,357.12,29.955,84.068
775.79,357.92,29.914,83.953
767.96,357.96,29.76,83.521
760.2,356.15,29.508,82.812
752.42,354.67,29.329,82.31
745.18,351.91,29.202,81.954
743.73,351.37,29.259,82.114
742.67,351.72,29.187,81.912
742.37,351.5,29.36,82.399
742.52,352.58,29.415,82.553
742.45,352.91,29.537,82.893
742.33,352.59,29.507,82.811
742.23,352.47,29.449,82.648
742.5,352.73,29.379,82.452
742.5,353.47,29.426,82.581
742.56,355.89,29.5,82.79
742.11,357.83,29.516,82.834
742,358.6,29.447,82.641
741.64,358.92,29.487,82.755
741.85,358.05,29.55,82.93
742.13,357.17,29.551,82.932
741.47,356.9,29.518,82.841
742,356.88,29.505,82.803
742.04,356.72,29.604,83.083
741.41,356.37,29.75,83.493
741.3,356.06,29.829,83.714
741.47,356.11,29.82,83.687
741.47,355.5,29.827,83.708
741.64,355.1,29.641,83.185
740.31,354.39,29.492,82.767
741.34,354.3,29.513,82.826
742.81,354.82,29.643,83.19
742.5,354.96,29.692,83.328
742.29,354.67,29.624,83.138
741.88,354.5,29.651,83.215
741.69,354.38,29.515,82.833
742.29,354.1,29.625,83.141
741.82,353.55,29.662,83.245
741.84,353.57,29.674,83.28
741.74,353.63,29.482,82.74
741.71,352.56,29.619,83.124
741.09,350.01,29.624,83.138
740.84,348.96,29.566,82.975
741.69,348.14,29.736,83.452
741.2,347.46,29.619,83.124
741.18,347.42,29.52,82.846
741.31,347.66,29.494,82.775
741.68,347.71,29.444,82.634
741.56,347.96,29.514,82.829
741.26,348.61,29.593,83.052
741,348.83,29.676,83.284
741.07,349.41,29.604,83.083
740.76,349.28,29.64,83.184
740.68,349.55,29.716,83.396
741.06,350.06,29.552,82.937
741.38,350.46,29.582,83.019
741.45,350.61,29.562,82.963
741.32,350.87,29.654,83.222
740.83,350.56,29.655,83.224
740.77,350.75,29.729,83.434
740.97,350.99,29.682,83.301
740.99,351.3,29.718,83.403
740.95,351.5,29.691,83.327
740.72,351.39,29.678,83.291
740.69,351.45,29.659,83.236
740.74,351.42,29.381,82.457
741.13,349.96,29.423,82.575
741.27,347.94,29.582,83.022
741.41,346.5,29.527,82.866
741.4,346.07,29.674,83.279
740.76,345.42,29.64,83.184
740.7,345.57,29.618,83.122
740.9,345.57,29.764,83.531
740.85,345.63,29.794,83.615
740.98,345.87,29.68,83.296
742.19,346.28,29.61,83.098
743.22,346.65,29.631,83.159
744.49,347.29,29.616,83.115
746.02,348.82,29.729,83.432
746.91,349.64,29.625,83.14
746.74,351.1,29.473,82.716
747.24,352.3,29.567,82.978
747.53,352.62,29.661,83.243
746.79,352.27,29.605,83.084
746.93,351.52,29.596,83.061
746.8,351.23,29.458,82.674
747.29,350.96,29.523,82.854
747.37,350.62,29.516,82.835
747.23,350.07,29.596,83.061
746.81,349.17,29.63,83.155
746.75,349.03,29.671,83.27
746.7,350.1,29.592,83.047
746.62,351.79,29.712,83.385
746.28,351.79,29.675,83.281
746.14,351.89,29.585,83.03
746.93,351.63,29.814,83.673
746.82,350.38,29.752,83.499
746.59,349.43,29.69,83.324
746.67,349.23,29.556,82.949
747.24,349.52,29.699,83.348
746.46,350.02,29.604,83.081
746.52,350.48,29.721,83.411
746.64,350.87,29.906,83.931
746.83,350.6,30.004,84.206
746.67,349.71,29.701,83.355
746.31,347.32,29.505,82.805
744.26,347.36,29.572,82.992
740.93,348.16,29.7,83.352
740.44,349.56,29.635,83.17
740.13,350.56,29.971,84.112
740.63,351.35,30.16,84.644
739.87,350.91,30.092,84.452
739.48,350.34,29.677,83.287
739.77,348.69,29.465,82.693
739.98,347.13,29.464,82.689
739.75,345.97,29.661,83.244
735.62,343.6,29.557,82.95
731.47,341.74,29.595,83.057
727.31,338.02,29.46,82.678
723.88,334.92,29.566,82.974
720.07,330.92,29.471,82.71
717.31,329.99,29.331,82.316
715.24,328.5,29.141,81.783
714.62,329.26,29.023,81.452
714.39,330.83,29.26,82.118
714.17,331.36,29.351,82.373
714.23,331.77,29.34,82.342
714.05,332.54,29.383,82.462
714.66,332.08,29.412,82.544
714.78,332.05,29.449,82.649
714.49,333.51,29.429,82.592
714.03,336.34,29.629,83.154
712.87,339.1,29.803,83.641
712.66,341.31,29.853,83.78
712.99,341.78,30.019,84.248
713.04,341.49,30.073,84.398
712.44,339.95,29.876,83.845
713.15,340.15,29.864,83.812
713.17,340.38,29.754,83.503
712.53,340.01,29.786,83.593
712.66,339.3,29.674,83.28
712.59,337.92,29.656,83.229
713.47,337.47,29.647,83.202
715.89,338.11,29.605,83.084
718.4,339.19,29.701,83.353
719.36,339.46,29.622,83.132
719.62,339.56,29.762,83.526
719.36,339.39,29.677,83.287
719.6,339.55,29.486,82.751
720.28,338.77,29.53,82.874
720.18,339.18,29.454,82.661
719.72,339.52,29.558,82.954
720.71,339.42,29.673,83.275
719.88,339.18,29.598,83.064
719.85,339.34,29.524,82.858
719.96,340,29.56,82.96
720.02,339.81,29.595,83.057
719.74,339.22,29.579,83.011
720.11,340.16,29.498,82.785
718.72,340.24,29.552,82.935
708.79,340.74,29.493,82.77
694.39,339.13,29.361,82.401
679.61,336.78,29.157,81.827
665.48,335.98,29.111,81.699
654.8,336.08,29.042,81.506
645.43,337.01,29.007,81.407
636.12,339.17,29.115,81.709
617.61,340.59,29.047,81.519
616.52,342.87,29.159,81.832
613.27,344.42,29.258,82.11
610.38,345.67,29.363,82.405
607.73,345.24,29.45,82.649
602.2,344.63,29.499,82.787
596.81,342.48,29.561,82.961
591.06,341.25,29.52,82.847
589.04,340.75,29.553,82.939
587.2,342.37,29.343,82.349
584.22,344.04,29.365,82.412
585.43,345.9,29.253,82.097
584.56,348.49,29.137,81.771
582.52,353.05,28.995,81.374
579.57,354.69,28.882,81.055
575.45,354.7,28.782,80.775
575.14,354.64,28.723,80.61
574.77,354.93,28.662,80.439
574.48,355.98,28.54,80.097
571.2,355.27,28.563,80.161
568.7,355.37,28.53,80.067
567.01,355.48,28.53,80.068
566.65,356.62,28.573,80.187
563.96,358.74,28.561,80.156
563.04,360.62,28.511,80.015
561.38,362.25,28.466,79.888
562.26,361.6,28.568,80.174
564.49,362.56,28.54,80.096
564.35,362.38,28.592,80.242
563.79,363.79,28.546,80.114
566.4,363.73,28.729,80.626
568.87,363.51,29.08,81.612
572.78,365.78,29.328,82.307
574.15,367.07,29.475,82.721
577.06,365.98,29.958,84.077
579.12,365.41,30.251,84.897
579.19,365.29,30.276,84.967
577.33,362.98,30.371,85.234
574.07,361.5,30.354,85.188
573.05,359.81,30.235,84.854
573.41,357.72,30.197,84.746
573.22,357.36,30.142,84.593
571.13,357.08,30.046,84.322
567.88,357.13,30.093,84.454
562.85,356.67,30.132,84.565
557.72,355.86,30.365,85.218
555.01,355.23,30.443,85.436
552.91,354.02,30.563,85.773
552.45,353.07,30.664,86.058
554.46,351.76,30.889,86.689
556.87,352.21,30.871,86.638
560.3,352.88,30.795,86.426
561.99,352.71,30.778,86.378
562.52,353.52,30.672,86.079
561.83,351.85,30.74,86.27
562.55,351.42,30.727,86.234
561.73,350.37,30.688,86.123
562.13,349.82,30.844,86.564
562.9,350.42,30.918,86.771
563.91,350.1,31.149,87.419
564.93,351.36,31.21,87.59
565.69,350.11,31.193,87.541
563.88,349.89,31.308,87.864
564.05,348.88,31.345,87.969
562.45,348,31.216,87.607
559.28,346.05,30.992,86.977
554.78,342.51,30.756,86.316
553.98,340.19,30.635,85.976
553.91,337.63,30.466,85.501
553.89,335.91,30.321,85.094
553.61,335.32,30.189,84.724
550.59,334.63,29.91,83.94
549.63,335.77,29.987,84.156
547.62,338.14,29.813,83.669
545.51,340.74,29.812,83.667
543.21,340.96,29.919,83.966
542.01,341.2,29.893,83.894
541.57,339.88,29.942,84.03
540.6,337.89,29.793,83.614
539.24,335.09,29.644,83.193
536.46,335.2,29.463,82.686
534.44,336.35,29.406,82.527
534.84,336.25,29.315,82.271
560.52,332.93,29.524,82.857
561.82,332.45,29.47,82.707
570.94,313.75,29.559,82.957
570.69,316.73,29.56,82.96
563.23,317.56,29.492,82.767
560.2,321.12,29.594,83.055
555.28,321.35,29.586,83.032
549.32,322.75,29.777,83.568
538.7,321.49,29.827,83.707
527.39,322.68,29.835,83.73
517.32,324.92,29.743,83.473
514.72,323.88,29.652,83.217
522.28,306.14,29.574,82.999
520.65,319.06,29.594,83.055
527.77,338.62,29.686,83.313
527.17,338.83,29.514,82.829
526.05,335.03,29.387,82.472
497.1,317.07,29.474,82.717
493.04,304.97,29.645,83.197
489.62,286.03,29.863,83.808
489.27,275.64,29.934,84.008
478.01,272.4,29.847,83.763
457.82,269.7,29.764,83.531
447.12,265.97,30.003,84.203
439.92,268.4,29.932,84.002
439.35,272.95,29.833,83.724
429.1,273.26,30.004,84.204
429.75,280.64,29.955,84.067
436.18,289.66,29.842,83.75
439.87,292.39,29.791,83.606
440.03,298.39,29.806,83.648
441.22,303.97,29.806,83.648
442.19,308.52,29.759,83.517
440.21,312.73,29.683,83.305
441.45,313.6,29.809,83.657
439.33,314.09,29.863,83.809
430.39,314.92,29.756,83.509
425.88,319.66,29.625,83.14
414.86,319.93,29.456,82.667
403.4,317.27,29.348,82.363
