285,132,112,349
287.57,135.65,109.79,342.12
289.11,132.69,112,349
292.23,129.89,113.12,352.49
298.27,129.96,112,349
297.21,130.27,109.79,342.12
297.83,124.36,109.79,342.12
296.67,116.48,110.89,345.54
297.68,117.71,107.63,335.38
292.55,109.28,109.79,342.12
296.62,109.31,107.63,335.38
298.27,114.74,104.46,325.52
312.6,112.91,102.41,319.1
324.49,110.8,101.39,315.95
309.6,112.69,100.39,312.82
317.91,112.62,100.39,312.82
320.61,118.29,97.436,303.62
340.68,108.95,98.41,306.65
334.42,119.93,95.516,297.63
333.51,129.73,96.471,300.61
321.99,140.44,98.41,306.65
308.07,155.7,100.39,312.82
300.38,159,103.43,322.3
295.53,170.33,103.43,322.3
287.11,183.24,105.51,328.77
287.38,191.43,106.56,332.06
289.27,193.02,108.71,338.74
288.25,204.33,108.71,338.74
292.47,196.36,110.89,345.54
301.78,198.45,107.63,335.38
311.66,198.5,106.56,332.06
320.92,192.8,106.56,332.06
332.62,185.33,105.51,328.77
343.73,184.14,103.43,322.3
346.58,182.13,101.39,315.95
349.59,182.57,99.394,309.72
348.96,173.46,102.41,319.1
350.98,176.92,100.39,312.82
350.72,185.78,97.436,303.62
347.28,183.38,100.39,312.82
341.76,184.33,101.39,315.95
339.62,192.39,100.39,312.82
331.05,193.63,102.41,319.1
328.23,201.64,103.43,322.3
327.39,209.01,102.41,319.1
326.91,212.82,101.39,315.95
331.32,218.8,99.394,309.72
332.42,221.57,99.394,309.72
330.63,227.7,100.39,312.82
325.01,234.68,99.394,309.72
320.18,241.14,99.394,309.72
311.03,248.42,99.394,309.72
302.08,252.5,98.41,306.65
297,260.03,95.516,297.63
296,273.32,92.707,288.88
290.75,283.56,90.88,283.19
294.09,294.34,88.207,274.86
294.22,295.81,89.98,280.39
296.88,297.41,91.789,286.02
298.29,301.97,91.789,286.02
302.97,310.29,89.98,280.39
303.37,317.53,89.98,280.39
307.36,325.36,89.089,277.61
306.3,335.07,86.469,269.44
382.33,270.16,86.469,269.44
396.22,306.78,87.334,272.14
397.54,305.04,89.98,280.39
390.78,308.02,89.98,280.39
394.13,296.65,92.707,288.88
394.49,300.45,92.707,288.88
389.89,296.61,94.57,294.69
390.59,297.58,93.634,291.77
392.02,298.29,93.634,291.77
392.01,297.39,93.634,291.77
393.59,297.49,92.707,288.88
394.68,296.68,93.634,291.77
392.87,293.3,94.57,294.69
391.41,297.58,91.789,286.02
391.26,297.7,91.789,286.02
391.29,296.99,91.789,286.02
393.96,302.48,89.089,277.61
396.93,306.68,86.469,269.44
395.37,302.2,89.089,277.61
396.79,301.56,89.089,277.61
397.33,302.07,89.089,277.61
400.37,304.91,86.469,269.44
401.06,302.04,88.207,274.86
404.53,296.85,90.88,283.19
417.19,294.24,91.789,286.02
438.62,296.39,89.98,280.39
448.27,293.02,92.707,288.88
467.83,295.16,89.98,280.39
484.15,294.64,90.88,283.19
500.79,296.01,90.88,283.19
517.86,297.65,89.98,280.39
538.27,301.71,88.207,274.86
554.29,301.85,87.334,272.14
569.27,296.53,89.089,277.61
588.42,295.2,89.98,280.39
599.96,296.77,89.089,277.61
580.65,354.57,89.089,277.61
598.4,345.48,91.789,286.02
548.54,228.28,93.634,291.77
541.06,239.18,92.707,288.88
536.21,231.8,93.634,291.77
536.8,221.8,96.471,300.61
372.19,249.46,96.471,300.61
368.14,234.71,93.634,291.77
367.59,237.68,90.88,283.19
370.77,240.73,88.207,274.86
369.07,241.81,85.613,266.78
362.78,240.07,85.613,266.78
360.65,239.87,83.926,261.52
354.08,234.13,85.613,266.78
354.33,245.08,88.207,274.86
349.91,228.26,85.613,266.78
350.45,227.68,86.469,269.44
347.73,224.24,86.469,269.44
348.7,226.83,84.766,264.14
349.31,228.2,82.273,256.37
348.88,228.48,79.853,248.83
346.39,222.74,81.458,253.83
342.24,223.33,79.062,246.36
342.66,224.89,77.505,241.51
338.13,224.16,78.28,243.92
329.87,223.1,77.505,241.51
323.11,223.04,75.977,236.75
317.76,219.76,76.737,239.12
318.53,219.41,75.225,234.41
319.4,222.57,73.013,227.51
317.01,218.1,74.48,232.09
311.98,213.16,76.737,239.12
313.23,212.24,75.225,234.41
313.02,210.85,75.225,234.41
313.94,210.15,73.743,229.79
314.56,211.68,71.574,223.03
311.26,211.92,70.164,218.64
309.15,209.45,70.164,218.64
306.29,207.14,70.865,220.82
302.58,203.98,71.574,223.03
298.07,207.39,69.469,216.47
293.24,202.09,70.164,218.64
292.37,199.15,71.574,223.03
288.85,193.14,73.743,229.79
288.77,192.63,73.743,229.79
290.59,193.61,72.29,225.26
289.02,194.88,70.164,218.64
290.06,195.84,68.781,214.33
291.55,195.38,68.1,212.21
290.57,194.34,67.426,210.1
289.31,190.22,68.781,214.33
288.88,191.96,67.426,210.1
286.06,186.44,69.469,216.47
285.11,185.35,69.469,216.47
281.34,181.71,70.865,220.82
279.88,181.85,70.164,218.64
279.56,178.02,70.164,218.64
279.94,181.36,68.1,212.21
278.94,176.69,69.469,216.47
281.54,179.48,67.426,210.1
283.35,178.83,66.758,208.02
283.88,173.72,68.781,214.33
289.03,174.31,67.426,210.1
288,173.74,66.758,208.02
290.94,175.43,65.443,203.93
288.47,170.66,67.426,210.1
287.09,168.58,68.1,212.21
285.79,166.09,68.781,214.33
283.12,166.99,68.1,212.21
280.82,167.39,66.758,208.02
276.75,170.41,64.795,201.91
272.44,167.1,65.443,203.93
268.06,164.03,66.098,205.96
263.91,161.75,66.758,208.02
257.74,159.99,67.426,210.1
247.67,154.7,69.469,216.47
240.96,155.84,68.1,212.21
237.87,158.02,66.098,205.96
236.8,154.21,68.1,212.21
236.55,155.45,67.426,210.1
236.18,153.13,68.1,212.21
234.99,151.15,68.781,214.33
237.18,153.73,67.426,210.1
239.17,151.2,68.1,212.21
238.9,148.56,68.781,214.33
239.93,147.87,68.781,214.33
242.28,150.54,67.426,210.1
241.7,148.94,68.1,212.21
241.03,145.38,69.469,216.47
242.2,145.27,69.469,216.47
244.19,149.18,67.426,210.1
243.26,145.95,68.781,214.33
242.6,145.81,68.781,214.33
243.71,148.2,66.758,208.02
244.41,147,67.426,210.1
242,143.73,68.781,214.33
240.21,139.04,70.865,220.82
238.87,140.74,68.781,214.33
236.84,141.16,68.1,212.21
236.21,140.53,67.426,210.1
235.33,138.18,68.1,212.21
236.38,139.34,66.758,208.02
238.25,142.75,64.795,201.91
240.88,140.84,64.154,199.91
242.51,137.76,64.795,201.91
243.1,134.79,65.443,203.93
244.06,132.7,65.443,203.93
242.5,132.65,64.154,199.91
242.26,132.99,63.518,197.93
239.29,132.16,62.89,195.97
236.93,131.1,62.267,194.03
232.78,126.74,63.518,197.93
232.48,126.99,62.267,194.03
230.46,125.28,62.89,195.97
230.19,124.79,62.267,194.03
230.91,127.29,60.436,188.32
231.43,127.65,58.658,182.78
232.65,125.1,58.658,182.78
231.47,119.55,59.837,186.46
229.37,114.84,61.65,192.11
227.94,113.98,61.04,190.2
227.51,115.81,59.245,184.61
223.87,113.2,59.245,184.61
220.7,108.74,60.436,188.32
216.46,104.04,61.04,190.2
214.97,99.968,62.267,194.03
216.21,100.69,61.04,190.2
216.7,102.79,59.245,184.61
217.2,99.416,59.245,184.61
218.68,99.787,57.502,179.18
217.57,96.694,58.077,180.97
215.88,94.773,58.077,180.97
215.25,95.308,56.933,177.41
212.39,92.863,58.077,180.97
209.24,91.359,58.077,180.97
206.63,87.441,59.245,184.61
204.7,85.366,59.245,184.61
204.73,85.766,59.245,184.61
205.4,84.818,59.837,186.46
209.2,93.25,59.245,184.61
212.32,105.65,58.077,180.97
213.69,112.92,59.245,184.61
219.03,119.86,60.436,188.32
222.79,127.55,61.04,190.2
227.93,139.63,59.245,184.61
229.82,148.46,58.658,182.78
230.43,155.15,59.245,184.61
234.32,168.54,57.502,179.18
236.28,179.54,56.933,177.41
236.91,188.51,57.502,179.18
239.38,197.86,56.933,177.41
240.99,203.88,58.077,180.97
242.45,212.99,58.077,180.97
244.59,223.16,58.077,180.97
247.11,233.83,57.502,179.18
248.85,241.68,56.933,177.41
253.21,251.38,57.502,179.18
259.84,259.65,56.933,177.41
267,269.67,57.502,179.18
272.2,278.28,57.502,179.18
275.63,286.99,56.369,175.65
279.39,289.73,54.712,170.49
282.94,291.3,53.634,167.13
283.74,288.22,54.17,168.8
287.95,287.1,53.634,167.13
290.24,281.73,54.712,170.49
290.93,279.07,55.259,172.19
290.99,275.17,56.933,177.41
293.19,276.97,55.259,172.19
295.7,274.74,56.369,175.65
300.91,275.09,55.259,172.19
307.93,275.24,53.634,167.13
312.17,274.24,53.634,167.13
315.3,274.45,52.577,163.83
316.97,271.8,53.634,167.13
319.16,270.99,53.103,165.47
321.94,269.67,53.634,167.13
325.03,270.7,52.577,163.83
328.41,270.5,51.03,159.01
330.4,266.52,52.056,162.21
332.21,264.87,52.577,163.83
333.52,262.63,53.103,165.47
336.02,259.66,54.17,168.8
342.11,260.9,53.634,167.13
348.28,258.29,53.634,167.13
354.01,258.4,52.577,163.83
356.29,254.6,53.634,167.13
358.09,254.95,52.577,163.83
359.23,255.93,51.541,160.6
360.65,256.16,51.03,159.01
360.3,256.01,50.525,157.44
358.51,252.53,51.03,159.01
358.68,252.42,49.53,154.34
357.33,252.81,48.554,151.3
357.08,252.58,48.073,149.8
355.62,250.03,49.53,154.34
355.06,246.94,50.525,157.44
354.41,244.11,51.03,159.01
355.42,242.69,50.025,155.88
356.07,243.31,49.039,152.81
354.55,240.65,50.025,155.88
352.85,239.73,50.025,155.88
351.97,240.41,49.53,154.34
348.57,239.95,48.073,149.8
346.01,236.67,49.039,152.81
344.86,236.74,48.073,149.8
344.48,237.03,47.126,146.85
343.49,238.84,45.74,142.53
342.75,235.74,46.659,145.39
344.24,234.05,47.126,146.85
344.06,232.13,47.126,146.85
343.45,232.01,46.197,143.95
343.62,230.3,46.659,145.39
343.63,229.3,47.126,146.85
340.75,226.18,48.554,151.3
339.01,224.76,49.039,152.81
337.31,223.81,47.597,148.32
335.87,223.12,46.659,145.39
335.16,222.03,46.659,145.39
335.44,223.47,46.197,143.95
336.13,222.25,46.197,143.95
337.98,218.37,47.597,148.32
338.85,219.15,46.197,143.95
339.64,220.42,45.287,141.12
340.52,220.52,44.395,138.34
339.99,218.29,45.287,141.12
337.28,217.33,45.74,142.53
335.25,214.39,46.659,145.39
333.59,211.6,46.659,145.39
333.04,213.12,45.287,141.12
332.5,213.93,44.395,138.34
332.49,215.09,43.52,135.61
331.79,213.82,43.955,136.97
333.21,211.73,44.395,138.34
334.3,210.93,43.955,136.97
334.7,209.06,44.395,138.34
334.16,208.11,44.395,138.34
333.73,208.5,43.52,135.61
331.39,207.83,44.839,139.72
329.71,205.59,44.395,138.34
325.19,204.73,43.52,135.61
324.29,203.1,43.52,135.61
323.4,201.54,43.52,135.61
323.3,202.24,43.52,135.61
323.54,202.9,43.089,134.27
324.91,202.16,42.662,132.94
326.28,202.62,41.408,129.03
326.31,202.82,40.592,126.49
326.7,203.68,40.19,125.23
325.15,202.51,40.19,125.23
322.93,197.7,41.408,129.03
320.63,198.34,40.592,126.49
320.28,198.4,40.19,125.23
319.96,199.53,39.008,121.55
320.26,198.17,39.398,122.77
319.85,196.83,40.19,125.23
321.39,196.92,39.398,122.77
323.19,197.81,38.239,119.16
326.89,162.08,39.398,122.77
328.76,160.24,40.19,125.23
327.25,154.51,40.998,127.75
324.93,193.05,39.792,123.99
324.38,193.42,39.398,122.77
325.16,190.94,38.622,120.35
325.97,191.5,37.861,117.98
325.98,192.39,37.115,115.65
325.49,190.34,37.861,117.98
327.86,191.77,36.747,114.51
329.49,191.1,36.023,112.25
331.72,191.91,35.313,110.04
335.1,191.57,34.275,106.8
334.8,189.96,35.313,110.04
337.26,191.76,35.313,110.04
337.57,193.95,34.275,106.8
338.46,193.32,33.267,103.66
337.32,188.19,34.275,106.8
336.16,186.79,34.964,108.95
336.47,188.28,33.935,105.75
337.21,188.38,33.935,105.75
338.99,186.1,34.964,108.95
340.55,184.96,33.935,105.75
341.54,186.05,33.267,103.66
364.98,208.01,33.267,103.66
367.8,211.18,33.935,105.75
367.64,211.35,33.935,105.75
368.51,211.7,32.937,102.64
368.51,209.37,33.935,105.75
365.4,208.86,34.964,108.95
365.44,209.44,33.935,105.75
365.64,209.15,33.935,105.75
364.36,208.49,34.275,106.8
367.08,210.32,33.267,103.66
366.88,209.58,33.599,104.7
374.03,215.59,33.267,103.66
371.52,210.1,32.611,101.62
370.95,210.59,32.611,101.62
368.24,212.34,31.969,99.617
350.25,230.28,32.937,102.64
374.89,217.95,32.611,101.62
364.32,209.38,31.652,98.63
373.55,206.28,31.029,96.687
372.09,208.69,30.417,94.782
378.6,218.95,30.721,95.73
378.44,220.74,31.029,96.687
377.61,222.06,31.029,96.687
379.57,221.11,30.721,95.73
376.8,222.04,30.417,94.782
374.87,221.5,29.818,92.914
376.94,216.91,30.721,95.73
379.58,217.54,29.818,92.914
378.61,223.69,29.23,91.084
380.6,221.17,29.818,92.914
369.24,213.34,30.721,95.73
377.68,221,31.029,96.687
371.47,216.15,31.652,98.63
371.53,215.17,32.611,101.62
369.87,212.65,33.599,104.7
368.79,208.69,34.275,106.8
369.51,208.38,34.618,107.87
371.01,210.62,33.935,105.75
370.07,209.53,34.618,107.87
368.6,208.36,35.666,111.14
371.99,209.03,35.313,110.04
369.58,207.42,36.383,113.37
369.1,206.14,37.115,115.65
368.91,206.8,36.747,114.51
368.52,208.19,36.383,113.37
369.34,207.79,36.023,112.25
368.59,206.25,37.115,115.65
368.6,207.61,36.747,114.51
371.35,209.16,36.023,112.25
370.71,208.56,36.023,112.25
371.51,209.05,35.666,111.14
370.09,208.26,36.023,112.25
371.06,207.87,36.023,112.25
371.36,210.83,34.964,108.95
370.58,209.43,36.023,112.25
370.64,209.57,36.023,112.25
370.26,209.86,34.964,108.95
370.82,210.41,34.618,107.87
371.18,209.57,35.666,111.14
370.48,208.16,36.383,113.37
370.93,206.09,37.115,115.65
370.84,208.3,36.023,112.25
370.39,208.95,36.023,112.25
370.36,209.21,35.666,111.14
371.32,208.3,36.383,113.37
370.69,206.34,37.486,116.81
370.63,208.75,36.383,113.37
370.55,209.05,36.023,112.25
369.6,206.57,37.115,115.65
369.72,205.76,37.486,116.81
371.14,207.95,36.747,114.51
369.49,206.7,37.486,116.81
369.38,205.09,38.239,119.16
370.41,206.93,37.115,115.65
369.59,206.76,37.115,115.65
370.41,208.83,36.023,112.25
371.08,207.79,36.747,114.51
370.71,208.72,36.023,112.25
371.05,207.89,36.383,113.37
370.35,206.81,37.115,115.65
370.31,208.14,36.747,114.51
370.92,208.81,36.023,112.25
369.87,206.59,37.115,115.65
370.21,207.12,37.115,115.65
370.94,208.95,36.383,113.37
370.57,209.2,36.023,112.25
371.63,210.92,34.964,108.95
371.45,210.34,35.313,110.04
370.31,209.23,36.383,113.37
371.15,210.04,35.666,111.14
370.27,208.52,36.747,114.51
370.55,206.82,37.486,116.81
371.03,207.31,37.115,115.65
371.08,209.31,36.023,112.25
371.01,207.54,37.115,115.65
370.09,207.42,37.115,115.65
370.73,206.75,37.486,116.81
371.13,209.35,36.383,113.37
371.39,209.59,36.383,113.37
370.69,207.16,37.486,116.81
371.12,207.78,37.115,115.65
372.26,210.23,36.023,112.25
372.47,210.05,36.023,112.25
372.27,209.46,36.383,113.37
372.5,210.5,36.023,112.25
371.99,210.3,36.023,112.25
371.96,208.94,36.747,114.51
371.63,207.75,37.115,115.65
371.62,208.6,37.115,115.65
372.31,208.35,37.115,115.65
372.73,210.43,36.023,112.25
372.82,210.88,36.023,112.25
371.85,208.42,37.115,115.65
372.23,210.79,36.023,112.25
372.02,209.68,36.747,114.51
371.66,208.46,37.115,115.65
372.42,210.08,36.383,113.37
372.91,211.33,35.666,111.14
372.67,212.23,35.313,110.04
372.82,211.85,35.313,110.04
372.56,210.52,36.023,112.25
372.81,210.4,36.383,113.37
372.63,211.25,35.666,111.14
372.34,210.45,36.383,113.37
372.52,210.86,36.023,112.25
371.95,208.78,37.115,115.65
372.02,207.53,38.239,119.16
372.25,209.18,37.115,115.65
372.94,210.97,36.023,112.25
372.44,209.06,37.115,115.65
373.71,210.53,36.383,113.37
373.04,210.93,36.383,113.37
372.29,208.8,37.486,116.81
372.68,208.69,37.486,116.81
372.7,208.22,37.861,117.98
373.06,209.21,37.115,115.65
372.77,209.88,37.115,115.65
372.74,208.63,37.486,116.81
372.93,208.79,37.486,116.81
373.69,211.09,36.383,113.37
373.09,209.52,37.115,115.65
373.72,209.95,37.115,115.65
374.33,211.87,36.023,112.25
374.24,210.84,36.747,114.51
372.73,210,37.115,115.65
373.37,209.91,37.115,115.65
373.79,209.73,37.115,115.65
373.72,208.5,37.861,117.98
374.14,210.93,36.747,114.51
374.99,212.09,36.023,112.25
374.46,212.2,36.023,112.25
374.89,212.49,35.666,111.14
374.66,211.69,36.383,113.37
373.88,209.97,37.486,116.81
374.78,212.02,36.383,113.37
374.89,211.55,36.383,113.37
374.92,211.06,36.747,114.51
374.93,212.67,35.666,111.14
374.74,212.41,36.023,112.25
374.89,211.07,36.747,114.51
374.31,209.44,37.486,116.81
374.76,211.35,36.383,113.37
374.74,213.08,35.313,110.04
375.41,212.57,35.666,111.14
375.05,213.2,35.313,110.04
375.4,214.49,34.275,106.8
375.8,213.84,34.618,107.87
375.36,212.37,35.666,111.14
374.74,210.83,36.747,114.51
374.58,210.65,36.747,114.51
373.81,209.16,37.486,116.81
374.57,211.08,36.383,113.37
374.46,209.42,37.115,115.65
374.11,209.16,37.115,115.65
374.77,211.09,36.383,113.37
374.18,211.45,36.383,113.37
374.96,210.41,36.747,114.51
374.25,209.46,37.115,115.65
373.81,209.53,37.115,115.65
374.16,209.11,37.115,115.65
374.93,210.08,36.747,114.51
374.41,210.04,36.747,114.51
374.82,210.56,36.747,114.51
374.42,210.52,36.747,114.51
374.77,211.44,36.023,112.25
374.65,210.88,36.383,113.37
375.13,211.52,36.023,112.25
374.34,209.07,37.115,115.65
374.76,210.15,36.383,113.37
374.84,210.43,36.383,113.37
374.07,208.71,37.486,116.81
374.19,208.33,37.486,116.81
375.43,210.2,36.383,113.37
374.06,208.25,37.486,116.81
373.69,208.1,37.486,116.81
374.57,209.85,36.747,114.51
374.06,209.78,36.747,114.51
374.63,209.82,36.747,114.51
374.13,207.9,37.486,116.81
375.06,210.03,36.747,114.51
374.81,209.94,36.747,114.51
374.48,210.37,36.383,113.37
374.69,209.81,36.383,113.37
374.33,209.56,36.747,114.51
374.64,209.73,36.383,113.37
373.59,208.53,37.115,115.65
374.72,210.15,36.383,113.37
373.35,207.98,37.486,116.81
374.39,209.49,36.747,114.51
374.71,209.87,36.383,113.37
374.69,210.98,35.666,111.14
374.59,210.2,36.383,113.37
374.64,209.85,36.383,113.37
374.42,209.32,36.747,114.51
373.66,208.12,37.115,115.65
373.74,208.11,37.115,115.65
374.33,209.18,36.747,114.51
373.17,208.39,37.115,115.65
374.19,208.36,36.747,114.51
374.19,209.94,36.023,112.25
373.98,208.79,36.747,114.51
374.08,209.29,36.383,113.37
374.19,208.94,36.383,113.37
373.66,209.29,36.023,112.25
373.74,208.36,36.747,114.51
374.16,209.1,36.023,112.25
374.24,208.7,36.383,113.37
374,207.11,37.115,115.65
374.02,206.99,37.115,115.65
383.59,212.01,36.383,113.37
401.49,209.77,37.115,115.65
416.94,210.21,36.747,114.51
427.54,211.5,36.023,112.25
444.67,209.8,36.383,113.37
462.48,210.72,36.023,112.25
478.56,206.92,36.747,114.51
493.77,207.24,37.115,115.65
499.8,204.99,38.239,119.16
500.27,207.06,37.115,115.65
500.31,205.15,37.861,117.98
500.88,207.34,36.747,114.51
500.45,206.19,37.115,115.65
499.98,204.3,38.239,119.16
500.48,206.01,37.115,115.65
500.91,207.17,36.747,114.51
500.07,205.83,37.486,116.81
500.92,207.82,36.383,113.37
501,207.56,36.747,114.51
500.51,208.44,36.383,113.37
500.41,207.7,36.747,114.51
499.46,206.55,37.115,115.65
499.64,206.41,37.115,115.65
499.78,207.7,36.383,113.37
499.12,206.7,37.115,115.65
498.64,205.87,37.486,116.81
499.39,208.1,36.383,113.37
498.64,209.83,35.313,110.04
497.05,208.37,36.383,113.37
496.1,208.12,36.383,113.37
495.29,208.27,36.383,113.37
494.75,209.55,35.313,110.04
493.11,208.32,36.383,113.37
491.58,208.31,36.383,113.37
489.83,206.05,37.486,116.81
490.51,206.61,37.115,115.65
490.77,205.73,37.486,116.81
492.01,205.81,37.486,116.81
492.17,206.55,37.115,115.65
492.5,206.39,37.115,115.65
494.95,207.91,36.383,113.37
495.23,207.45,36.747,114.51
495.86,207.52,36.383,113.37
496.9,209.64,35.313,110.04
497.22,208.02,36.383,113.37
497.04,206.56,37.115,115.65
496.25,206.6,37.115,115.65
497.32,207.74,36.747,114.51
496.18,206.08,37.486,116.81
496.34,206.63,37.115,115.65
497.46,207.64,36.747,114.51
496.5,205.43,37.861,117.98
497.17,206.69,37.115,115.65
496.66,206.12,37.486,116.81
497,206.34,37.115,115.65
496.99,206.44,37.115,115.65
496.63,206.73,37.115,115.65
496.92,206.76,37.115,115.65
497.03,206.38,37.115,115.65
496.86,204.77,38.239,119.16
497.15,206.39,37.115,115.65
497.3,207.72,36.747,114.51
496.65,206.53,37.115,115.65
496.65,206.14,37.486,116.81
496.51,205.53,37.861,117.98
496.82,206.69,37.115,115.65
497.32,207.69,36.747,114.51
497.77,209.15,35.666,111.14
497.7,208.72,36.023,112.25
496.25,206.13,37.115,115.65
496.1,206.07,37.115,115.65
496.18,206.46,37.115,115.65
496.41,206.58,37.115,115.65
496.41,206.49,37.115,115.65
497.27,208.33,36.383,113.37
496.49,206.1,37.486,116.81
496.61,206.16,37.486,116.81
496.29,205.72,37.861,117.98
497.28,207.75,36.747,114.51
496.02,205.9,37.486,116.81
496.15,206.06,37.486,116.81
495.89,204.14,38.622,120.35
495.82,205.71,37.486,116.81
496.95,207.69,36.747,114.51
497.28,208.57,36.023,112.25
496.43,206.66,37.115,115.65
497.3,208.89,36.023,112.25
497.2,209,36.023,112.25
496.72,206.36,37.115,115.65
496.01,205.5,37.861,117.98
497.32,207.78,36.747,114.51
497.34,207.53,36.747,114.51
496.76,206.68,37.115,115.65
496.47,206.85,37.115,115.65
496.18,205.39,37.861,117.98
496.06,203.68,39.008,121.55
496.07,204.27,38.622,120.35
496.19,206.13,37.486,116.81
496.13,206,37.486,116.81
496.76,206.87,37.115,115.65
496.51,206.16,37.486,116.81
497.27,207.68,36.747,114.51
496.73,206.47,37.115,115.65
496.81,205.96,37.486,116.81
497.41,207.44,36.747,114.51
497.66,208.28,36.383,113.37
497.2,207.71,36.747,114.51
497.31,207.79,36.383,113.37
496.35,206.56,37.115,115.65
496.93,208.8,36.023,112.25
497.49,209.64,35.313,110.04
497.07,208.52,36.383,113.37
496.6,207,37.115,115.65
497.24,207.41,36.747,114.51
496.44,205.95,37.486,116.81
496.44,205.79,37.486,116.81
497.24,208.27,36.383,113.37
497.17,207.73,36.747,114.51
496.6,207.68,36.747,114.51
497.47,209.03,36.023,112.25
497.1,209.02,36.023,112.25
496.69,206.31,37.115,115.65
497.44,207.33,36.747,114.51
496.95,207.77,36.747,114.51
497.16,208.83,36.023,112.25
496.9,208.19,36.383,113.37
497.49,208.69,36.023,112.25
497.24,208.94,36.023,112.25
496.63,206.49,37.115,115.65
496.23,205.95,37.486,116.81
496.15,206.14,37.486,116.81
496.86,207.88,36.383,113.37
496.46,207.65,36.747,114.51
496.27,206.77,37.115,115.65
496.26,206.07,37.486,116.81
496.34,206.72,37.115,115.65
497.26,208.89,36.023,112.25
496.61,206.58,37.115,115.65
496.93,206.45,37.115,115.65
495.98,206.28,37.486,116.81
496.31,206.56,37.115,115.65
496.95,208.07,36.383,113.37
497.14,208.11,36.383,113.37
497.88,208.96,35.666,111.14
497.4,208.15,36.383,113.37
497.43,208.26,36.383,113.37
497.42,207.29,36.747,114.51
497.12,208.55,36.023,112.25
496.31,206.53,37.115,115.65
496.09,206.67,37.115,115.65
496.05,205.45,37.861,117.98
495.96,206.78,37.115,115.65
497.06,207.37,36.747,114.51
496.92,208.24,36.383,113.37
496.24,206.31,37.486,116.81
497.05,208.24,36.383,113.37
496.91,207.48,36.747,114.51
497,207.03,37.115,115.65
497.49,207.59,36.747,114.51
496,205.6,37.861,117.98
496.11,206.13,37.486,116.81
496.01,206.25,37.486,116.81
496.17,206.6,37.115,115.65
496.27,205.98,37.486,116.81
496,204.67,38.239,119.16
496.23,205.93,37.486,116.81
495.92,206.19,37.486,116.81
495.85,206.66,37.115,115.65
497.26,207.93,36.383,113.37
496.49,206.94,37.115,115.65
496.53,206.87,37.115,115.65
497.3,208.21,36.747,114.51
496.15,206.68,37.486,116.81
496.72,206.52,37.486,116.81
497.11,207.09,37.115,115.65
497.35,207.01,37.115,115.65
498.1,208.38,36.747,114.51
498.66,209.88,36.023,112.25
497.46,207.65,37.115,115.65
497.91,207.22,37.486,116.81
497.49,206.75,37.861,117.98
498.63,208.22,37.115,115.65
498.91,209.18,36.747,114.51
499.19,209.99,36.383,113.37
499.63,210.24,36.023,112.25
499.31,211.83,35.313,110.04
499.96,211.58,35.313,110.04
499.79,210.01,36.383,113.37
499.82,210.12,36.383,113.37
499.83,209.73,36.747,114.51
499.92,208.62,37.115,115.65
499.89,209.04,37.115,115.65
500.46,210.88,36.383,113.37
500.19,210.4,36.747,114.51
500.28,209.25,37.115,115.65
500.96,211.76,36.023,112.25
500.07,209.74,37.115,115.65
500.12,209.61,37.115,115.65
499.97,209.43,37.486,116.81
500.24,209.45,37.486,116.81
500.4,210.41,37.115,115.65
501.74,211.81,36.383,113.37
500.74,210.11,37.115,115.65
502.16,212.46,36.023,112.25
502.14,212.18,36.383,113.37
500.94,210.2,37.486,116.81
500.64,210,37.486,116.81
500.31,210.38,37.486,116.81
501.39,212.33,36.383,113.37
500.45,211.06,37.115,115.65
501.49,212.91,36.023,112.25
501.28,211.99,36.747,114.51
500.87,211.85,36.747,114.51
501.41,213.61,35.666,111.14
501.17,212.33,36.383,113.37
500.54,210.57,37.115,115.65
500,208.85,38.239,119.16
500.26,209.8,37.486,116.81
501.06,212.05,36.383,113.37
500.83,213.04,35.666,111.14
500.58,213.01,35.666,111.14
500.63,211.46,36.747,114.51
499.32,208.98,37.861,117.98
499.51,209.4,37.486,116.81
500.63,210.9,36.747,114.51
500.65,212.98,35.666,111.14
500.28,211.88,36.383,113.37
500.55,212.26,36.023,112.25
499.47,210.02,37.115,115.65
499.63,210.12,37.115,115.65
499.79,209.91,37.115,115.65
498.92,208.99,37.861,117.98
499.22,210.15,37.115,115.65
498.99,209.42,37.486,116.81
498.81,210.1,37.115,115.65
498.87,209.1,37.861,117.98
498.71,209.65,37.486,116.81
499.42,211.19,36.747,114.51
498.89,210.25,37.115,115.65
498.5,209.35,37.486,116.81
499.06,210.89,36.747,114.51
499.09,211,36.747,114.51
499.25,212.82,35.666,111.14
499.15,211.61,36.383,113.37
499.43,212.39,36.023,112.25
498.77,211.78,36.383,113.37
499.19,212.86,35.666,111.14
498.62,211.61,36.383,113.37
497.99,209.9,37.115,115.65
498.6,211.04,36.383,113.37
497.62,209.42,37.486,116.81
497.57,207.55,38.622,120.35
498.18,209.11,37.486,116.81
497.91,209.53,37.115,115.65
498.18,210.85,36.747,114.51
498.93,212.38,35.666,111.14
498.74,212.03,35.666,111.14
498.41,212.15,35.666,111.14
498.65,212.34,35.666,111.14
497.59,211.29,36.383,113.37
496.89,209.1,37.486,116.81
497.58,211.02,36.747,114.51
498.01,210.56,36.747,114.51
497.17,209.11,37.486,116.81
497.23,209.62,37.115,115.65
497.73,212.1,36.023,112.25
496.57,209.55,37.115,115.65
496.69,209.02,37.486,116.81
497.05,209.48,37.115,115.65
496.96,209.68,37.115,115.65
497.58,210.38,36.747,114.51
496.76,208.96,37.486,116.81
496.23,209.64,37.115,115.65
497.16,210.71,36.383,113.37
497.17,210.21,36.747,114.51
496.99,212.21,35.666,111.14
496.77,210.8,36.383,113.37
496,208.85,37.486,116.81
495.56,209.26,37.115,115.65
496.45,210.28,36.747,114.51
496.14,210.33,36.747,114.51
496.48,210.08,36.747,114.51
495.57,209.3,37.115,115.65
495.38,208.64,37.486,116.81
496.19,210.04,36.747,114.51
495.73,208.86,37.115,115.65
495.58,208.79,37.115,115.65
496.2,209.68,36.747,114.51
495.79,208.77,37.115,115.65
495.32,207.03,38.239,119.16
495.22,208.85,37.115,115.65
495.25,208.7,37.115,115.65
494.61,207.84,37.861,117.98
494.58,207.84,37.861,117.98
494.92,208.59,37.486,116.81
494.6,208.41,37.486,116.81
494.27,207.79,37.861,117.98
494.93,209.03,37.115,115.65
495.07,210.07,36.747,114.51
495.6,210.31,36.383,113.37
496.3,210.97,36.023,112.25
495.65,210.93,36.023,112.25
495.58,209.48,36.747,114.51
494.5,208.06,37.486,116.81
494.64,209,37.115,115.65
495.17,210.51,36.383,113.37
495.13,210.47,36.383,113.37
494.2,208.85,37.115,115.65
494.19,208.22,37.486,116.81
494,206.36,38.622,120.35
494.6,207.26,37.861,117.98
494.92,208.68,37.115,115.65
494.62,208.21,37.486,116.81
495.16,208.74,37.115,115.65
495.21,208.73,37.115,115.65
496.27,210.7,36.023,112.25
495.41,208.51,37.115,115.65
496.73,210.13,36.383,113.37
496.4,208.35,37.115,115.65
497.1,210.52,36.023,112.25
497.49,212.3,34.964,108.95
497.64,210.97,36.023,112.25
497.59,212.44,35.313,110.04
497.37,210.26,36.383,113.37
496.42,208.35,37.486,116.81
496.8,208.12,37.486,116.81
496.89,208.25,37.486,116.81
496.99,208.69,37.115,115.65
498.14,210.33,36.383,113.37
497.63,208.74,37.115,115.65
497.23,207.71,37.861,117.98
497.81,209.31,37.115,115.65
498.15,210.08,36.747,114.51
498.14,208.47,37.486,116.81
498.05,207.8,37.861,117.98
498.18,206.93,38.239,119.16
498.21,207.6,37.861,117.98
498.75,208.38,37.115,115.65
499.7,210.33,36.383,113.37
499.18,208.41,37.486,116.81
499.29,208.86,37.115,115.65
499.56,208.85,37.115,115.65
499.39,207.6,37.861,117.98
499.72,208.14,37.486,116.81
499.88,208.31,37.486,116.81
499.82,208.65,37.115,115.65
500.18,208.37,37.115,115.65
501.51,209.69,36.383,113.37
501.02,209.16,36.747,114.51
500.46,207.58,37.115,115.65
500.63,207.21,37.115,115.65
500.77,206.92,37.115,115.65
501.2,207.81,36.383,113.37
501.45,207.95,36.023,112.25
501.22,206.59,36.747,114.51
500.9,205.18,37.115,115.65
500.38,205.01,37.115,115.65
501.01,205.51,36.747,114.51
501.36,205.2,36.747,114.51
501.43,204.69,36.747,114.51
501.09,205.6,36.023,112.25
500.64,203.96,36.747,114.51
499.68,206.69,37.115,115.65
499.6,206.71,37.115,115.65
498.93,206.78,37.115,115.65
498.07,207.18,37.115,115.65
498.17,208.44,36.383,113.37
497.39,209.06,36.023,112.25
496.4,207.73,36.747,114.51
496.1,206.87,37.115,115.65
495.7,206.19,37.486,116.81
495.53,205.58,37.861,117.98
495.43,206.21,37.486,116.81
495.88,206.42,37.115,115.65
495.55,205.36,37.861,117.98
495.82,206.36,37.486,116.81
495.76,206.61,37.115,115.65
495.24,205.11,38.239,119.16
495.2,205.49,37.861,117.98
495.16,205.61,37.861,117.98
495.47,206.46,37.486,116.81
495.51,206.04,37.486,116.81
495.29,206.76,37.115,115.65
496.1,208.65,36.383,113.37
496.62,209.66,35.666,111.14
496.12,208.23,36.747,114.51
495.52,207,37.115,115.65
496.2,208.35,36.383,113.37
495.49,206.71,37.486,116.81
495.56,208.22,36.747,114.51
495.68,208.65,36.383,113.37
494.94,206.91,37.115,115.65
495,206.77,37.115,115.65
494.82,206.41,37.486,116.81
494.8,205.92,37.861,117.98
494.68,206.59,37.486,116.81
495.03,206.97,37.115,115.65
494.74,206.35,37.486,116.81
495.4,207.84,36.747,114.51
495.06,207.08,37.115,115.65
494.5,205.91,37.861,117.98
494.22,206.85,37.115,115.65
494.2,205.88,37.861,117.98
494.59,208.27,36.747,114.51
494.52,207.33,37.115,115.65
495.39,209.45,36.023,112.25
494.28,207.28,37.115,115.65
494.79,209.51,36.023,112.25
495.49,210.91,34.964,108.95
494.85,209.3,36.023,112.25
494.94,210.45,35.313,110.04
494.8,208.95,36.383,113.37
493.76,207.2,37.115,115.65
494.31,206.6,37.486,116.81
495.15,208.94,36.383,113.37
494.9,208.33,36.747,114.51
495.01,208.91,36.383,113.37
494.71,208.84,36.383,113.37
494.56,208.48,36.747,114.51
493.83,206.77,37.486,116.81
494.14,208.16,36.747,114.51
494.42,208.56,36.747,114.51
493.48,206.52,37.861,117.98
493.57,206.02,38.239,119.16
493.58,207.13,37.486,116.81
493.31,207.07,37.486,116.81
493.44,207.52,37.115,115.65
494.4,208.97,36.383,113.37
493.51,207.54,37.115,115.65
493.45,207.6,37.115,115.65
493.16,207.12,37.486,116.81
493.2,207.17,37.486,116.81
493.27,208.04,37.115,115.65
493.22,208.08,37.115,115.65
493.1,207.25,37.486,116.81
493.19,207.97,37.115,115.65
492.95,207.42,37.486,116.81
492.94,208.09,37.115,115.65
493.18,207.43,37.486,116.81
493.87,209.08,36.747,114.51
494.15,210.62,35.666,111.14
493.9,210.92,35.666,111.14
493.58,210.82,35.666,111.14
493.52,209.24,36.747,114.51
492.95,206.84,37.861,117.98
493.25,207.84,37.115,115.65
493.85,210.27,36.023,112.25
492.98,208.01,37.115,115.65
492.78,208.29,37.115,115.65
493.13,208.55,37.115,115.65
493.8,209.84,36.383,113.37
493.25,208.49,37.115,115.65
492.94,207.99,37.486,116.81
493.51,209.85,36.383,113.37
492.59,208.41,37.115,115.65
492.77,207.8,37.486,116.81
492.77,207.59,37.861,117.98
493.13,208.54,37.115,115.65
493.35,207.84,37.486,116.81
493.04,208.08,37.486,116.81
493.93,209.77,36.747,114.51
494.31,210.21,36.383,113.37
494.11,209.99,36.383,113.37
493.63,209.7,36.747,114.51
494.25,210.63,36.023,112.25
493.56,208.55,37.115,115.65
504.54,208.51,37.115,115.65
531.81,208.46,37.115,115.65
550.23,209,37.115,115.65
570.31,208.89,38.239,119.16
593.55,206.72,39.398,122.77
609.43,208.26,39.008,121.55
617.34,208.92,37.861,117.98
591.98,171.38,39.008,121.55
568.23,165.24,37.861,117.98
546.92,171.37,38.622,120.35
569.76,171.63,39.008,121.55
587.76,173.79,38.239,119.16
580.34,172.23,39.008,121.55
599.51,170.43,39.008,121.55
616.2,160.41,39.792,123.99
579.53,132.91,39.792,123.99
571.77,142.95,40.998,127.75
594.81,141.72,41.408,129.03
584.61,173.47,42.662,132.94
576.79,174.68,41.822,130.32
577.32,195.75,42.662,132.94
580.14,204.64,41.822,130.32
583.42,186.84,41.408,129.03
585.76,199.69,42.24,131.62
554.97,209.83,43.089,134.27
568.69,221.08,43.52,135.61
585.05,220.08,44.839,139.72
535.64,208.99,45.74,142.53
542.8,191.88,47.126,146.85
554.21,192.48,45.74,142.53
570.85,186.3,44.395,138.34
568.19,188.09,44.395,138.34
564.74,185.99,45.287,141.12
573.8,178.35,44.395,138.34
587.02,155.76,45.74,142.53
574.59,177.46,45.287,141.12
575.56,173.47,44.839,139.72
588.52,157.06,44.839,139.72
577.47,165.73,44.839,139.72
576.56,169.48,45.287,141.12
585.94,154.93,45.74,142.53
585.5,136.1,45.74,142.53
585.41,134.16,47.126,146.85
584.44,141.33,47.126,146.85
584.95,146.29,47.126,146.85
578.79,162.5,47.126,146.85
572.11,171.94,48.073,149.8
571.27,172.25,49.039,152.81
574.36,163.96,48.554,151.3
583.42,143.41,50.025,155.88
583.68,140.52,51.541,160.6
583.17,139.66,52.056,162.21
584.89,144.19,51.03,159.01
586.78,128.64,50.525,157.44
583.46,143.86,51.541,160.6
584.04,141.66,50.025,155.88
585.24,149.01,50.025,155.88
580.98,156.05,51.03,159.01
579.53,154.99,51.03,159.01
579.74,153.42,52.056,162.21
585.25,140.03,52.056,162.21
583.39,136.78,53.103,165.47
582.78,138.75,53.634,167.13
580.45,147.2,55.259,172.19
583.95,132.83,53.634,167.13
583.26,147.43,53.103,165.47
581.27,150.46,54.17,168.8
581.09,149.89,54.17,168.8
584.29,151.42,52.577,163.83
583.21,137.97,54.17,168.8
583.37,139.74,53.634,167.13
582.48,143.58,55.259,172.19
580.81,147.73,56.369,175.65
581.12,148.58,55.259,172.19
582.43,148.28,54.17,168.8
584.34,146.36,53.634,167.13
582.85,147.92,54.712,170.49
582.86,147.57,54.712,170.49
580.99,146.76,56.369,175.65
581.49,147.95,56.369,175.65
580.59,143.21,58.077,180.97
580.86,146.72,56.369,175.65
581.71,147.56,55.259,172.19
581.23,147.15,56.369,175.65
581.81,148.9,54.712,170.49
582.04,145.97,56.369,175.65
582.17,149.26,54.712,170.49
581.8,146.93,56.369,175.65
582.19,148.55,55.259,172.19
581.34,145.69,56.933,177.41
581.71,148.24,55.811,173.91
582.45,147.16,55.811,173.91
582.73,145.85,57.502,179.18
582.63,147.63,56.369,175.65
582.68,144.11,58.077,180.97
583.18,146.2,56.933,177.41
583.65,148.38,55.811,173.91
583.78,146.19,56.933,177.41
584.73,147.4,56.369,175.65
584.92,148.99,55.259,172.19
584.51,146.46,56.933,177.41
585.37,145.45,57.502,179.18
586.1,147.12,56.369,175.65
585.59,145.64,56.933,177.41
586.15,147.63,55.811,173.91
605.14,145.57,57.502,179.18
558.89,118.16,59.245,184.61
548.87,135.55,59.837,186.46
571.96,156.64,59.245,184.61
566.23,153.53,58.077,180.97
541.8,128.87,59.837,186.46
560.08,127.12,61.65,192.11
549.04,144.9,61.65,192.11
510.56,176.35,63.518,197.93
521.17,175.9,64.795,201.91
535.72,171.89,64.154,199.91
557.65,179.6,64.154,199.91
536.23,155.77,62.267,194.03
507.82,192.02,61.04,190.2
510.87,155.31,60.436,188.32
524.01,151.44,59.837,186.46
478.57,129.02,59.837,186.46
472.69,124.23,61.65,192.11
454.43,116.71,63.518,197.93
405.44,167.79,64.795,201.91
419.73,163.55,63.518,197.93
419.85,166.3,61.65,192.11
419.83,168.81,60.436,188.32
418.5,169.22,62.267,194.03
416.78,173.32,61.04,190.2
395.58,156.85,60.436,188.32
394.58,159.19,61.04,190.2
419.4,169.87,59.245,184.61
419.26,171.44,61.04,190.2
419.89,174.33,59.245,184.61
420.69,174.48,58.077,180.97
419.86,173.09,59.245,184.61
419.5,169.11,59.837,186.46
419.99,169.14,61.04,190.2
419.34,165.14,62.267,194.03
419.82,166.68,62.267,194.03
420.18,168.43,61.04,190.2
419.85,168.12,61.04,190.2
420.07,167.9,61.04,190.2
420.54,169.43,59.837,186.46
420.94,169.54,59.837,186.46
420.44,169.61,59.837,186.46
421.31,167.11,61.04,190.2
421.61,169.59,59.837,186.46
422.08,172.57,58.077,180.97
421.57,169.51,59.837,186.46
421.65,169.97,60.436,188.32
420.62,166.03,62.267,194.03
420.94,167.81,61.65,192.11
421.9,169.59,59.837,186.46
422.66,169.97,59.245,184.61
423.33,172.66,58.077,180.97
422.72,169.38,59.837,186.46
422.52,169.6,59.837,186.46
422.14,168.32,61.04,190.2
422.29,170.25,59.837,186.46
422.11,166.9,61.65,192.11
423.94,168.03,59.837,186.46
422.67,168.39,61.04,190.2
423.6,170.73,59.245,184.61
423.63,170.8,59.245,184.61
423.13,167.86,61.04,190.2
423.3,170.01,59.837,186.46
423.5,167.68,61.04,190.2
422.92,165.54,62.267,194.03
424.24,167.39,61.04,190.2
424.28,169.61,59.837,186.46
425.1,170.01,60.436,188.32
423.88,168.35,61.65,192.11
423.05,168.93,61.65,192.11
421.35,167.87,62.267,194.03
421.28,169.34,61.65,192.11
421.28,170.1,61.04,190.2
421.87,171.76,59.837,186.46
421.65,169.73,61.04,190.2
421.92,169.32,61.04,190.2
422.63,170.94,60.436,188.32
422.07,169.2,61.65,192.11
422.89,170.77,60.436,188.32
423.63,172.08,59.245,184.61
423.69,170.98,59.837,186.46
422.92,169.09,61.04,190.2
423.67,168.88,61.04,190.2
423.5,166.8,62.267,194.03
423.46,166.59,62.267,194.03
424.16,168.6,61.04,190.2
424.12,168.48,61.04,190.2
423.92,168.3,61.04,190.2
422.97,165.9,62.267,194.03
424,169.85,60.436,188.32
423.9,169.88,59.837,186.46
422.52,168.32,61.04,190.2
422.41,168.04,61.04,190.2
422.01,168.19,61.04,190.2
421.7,168.37,61.04,190.2
421.34,168.11,61.04,190.2
421.08,168.36,61.04,190.2
420.28,165.95,62.267,194.03
421.05,169.93,60.436,188.32
419.97,167.77,61.65,192.11
419.79,168.25,61.04,190.2
419.94,170.42,59.837,186.46
420.46,172.93,58.658,182.78
419.67,169.87,60.436,188.32
419.09,170.48,59.837,186.46
419.05,169.91,60.436,188.32
418.07,168.79,61.04,190.2
418.5,170.58,60.436,188.32
417.73,169.31,61.04,190.2
417.62,169.61,61.04,190.2
418.22,170.75,60.436,188.32
417.55,169.53,61.04,190.2
417.76,171.81,59.837,186.46
417.19,170.12,61.04,190.2
417.29,170.25,61.04,190.2
416.51,168.32,62.267,194.03
416.5,168.62,62.267,194.03
416.85,168.85,62.267,194.03
418.18,172.35,60.436,188.32
417.31,171.14,61.04,190.2
417.45,171.23,61.65,192.11
418.07,173.26,60.436,188.32
418.26,174.3,59.245,184.61
418.02,173.2,60.436,188.32
417.63,171.94,61.04,190.2
417.65,172.06,61.04,190.2
417.55,172.4,61.04,190.2
417.71,172.45,61.04,190.2
418.61,173.87,60.436,188.32
417.92,172.15,61.65,192.11
418.63,174.65,59.837,186.46
418.81,175.91,59.245,184.61
418,173.45,61.04,190.2
417.57,171.37,62.267,194.03
417.35,171.52,62.267,194.03
418.75,175.1,60.436,188.32
418.8,175.31,60.436,188.32
418.47,174.13,61.04,190.2
418.95,176.41,59.837,186.46
419.11,176.32,59.837,186.46
419.13,176.13,60.436,188.32
419.45,176.75,59.837,186.46
419.65,176.48,60.436,188.32
418.61,175.24,61.04,190.2
418.59,175.36,61.04,190.2
418.06,175.48,61.04,190.2
417.1,173.93,62.267,194.03
416.81,174.16,62.267,194.03
416.97,176.18,61.04,190.2
416.87,175.78,61.65,192.11
416.54,176.25,61.04,190.2
415.21,174.53,62.267,194.03
414.56,174.54,62.267,194.03
415.49,176.48,61.04,190.2
415.5,174.58,62.267,194.03
417.49,175.88,61.65,192.11
419.05,176.29,61.04,190.2
430.99,177.92,59.837,186.46
455.66,175.05,61.65,192.11
474.56,175.65,61.65,192.11
492.26,173.5,62.267,194.03
506.96,175.38,61.04,190.2
524.49,173.74,62.267,194.03
543.34,173.05,62.267,194.03
563.37,173.39,62.267,194.03
582.13,176.49,60.436,188.32
601.05,177.26,59.837,186.46
559.04,174.83,60.436,188.32
570.97,171.89,61.04,190.2
539.84,133.54,62.267,194.03
558.92,135.22,61.65,192.11
574.98,128.64,63.518,197.93
594.77,130.62,64.154,199.91
574.97,160.63,65.443,203.93
523.21,155.62,64.795,201.91
530.08,152.11,65.443,203.93
529.85,155.51,64.795,201.91
528.24,155.48,64.795,201.91
541.49,167.4,65.443,203.93
527.97,154.52,64.795,201.91
527.2,155.02,64.154,199.91
527.6,158.24,62.89,195.97
538.05,165.36,62.89,195.97
525.81,156.4,64.795,201.91
524.82,152.06,66.758,208.02
524.38,153.1,66.098,205.96
524.36,152.41,66.098,205.96
525.12,157.08,64.154,199.91
525.27,159.81,62.267,194.03
525.57,161.65,61.04,190.2
526.26,160.55,62.267,194.03
523.96,157.15,64.154,199.91
524.26,158.5,64.154,199.91
523.55,160.46,62.267,194.03
524.8,159.2,63.518,197.93
524.2,158.9,62.89,195.97
523.42,156.63,64.154,199.91
522.46,155.29,65.443,203.93
523.86,158.8,63.518,197.93
522.87,156.72,64.154,199.91
522.21,155.47,64.154,199.91
522.11,154.87,64.154,199.91
522.94,155.47,64.795,201.91
523.19,157.86,63.518,197.93
522.43,156.29,64.154,199.91
522.7,159.28,62.267,194.03
521.45,155.79,64.154,199.91
523.03,158.66,62.267,194.03
522.71,155.86,64.154,199.91
522.66,155.61,64.795,201.91
522.18,154.24,65.443,203.93
522.3,157.4,63.518,197.93
521.72,155.59,64.154,199.91
523.45,159,62.267,194.03
523.02,159.5,62.267,194.03
523.67,159.04,62.89,195.97
522.16,156.17,64.154,199.91
522.23,154.31,65.443,203.93
522.67,155.09,64.795,201.91
522.73,155.91,64.154,199.91
523.19,155.04,64.795,201.91
522.59,155.34,64.154,199.91
522.69,155.49,64.154,199.91
522.56,153.68,65.443,203.93
522.77,155.28,64.154,199.91
522.67,155.62,64.154,199.91
522.55,155.55,64.154,199.91
523.38,156.8,63.518,197.93
523.43,157.76,62.89,195.97
523.45,156.85,63.518,197.93
521.97,155.13,64.154,199.91
523.66,157.74,62.89,195.97
523.11,156.79,63.518,197.93
522.47,154.48,64.795,201.91
523.12,156.93,63.518,197.93
521.98,153.39,65.443,203.93
522.57,155.15,64.154,199.91
522.8,158.31,62.267,194.03
523.47,159.8,61.04,190.2
523.11,157.57,62.267,194.03
523.45,156.6,62.89,195.97
522.77,154.52,64.154,199.91
523.36,157.53,62.267,194.03
522.52,154.4,64.154,199.91
522.77,154.26,64.154,199.91
521.88,150.83,66.098,205.96
522.68,153.27,64.795,201.91
522.2,153.75,64.154,199.91
522.46,153.84,64.154,199.91
522.73,153.71,64.154,199.91
523.32,155.48,63.518,197.93
523.35,155.51,63.518,197.93
522.27,154.09,64.154,199.91
522.24,154.29,64.154,199.91
522.5,154.35,64.154,199.91
522,154.33,64.154,199.91
522.83,155.75,63.518,197.93
521.49,152.53,65.443,203.93
521.85,154.54,64.154,199.91
522.63,155.82,63.518,197.93
521.68,154.24,64.154,199.91
521.48,153.82,64.154,199.91
521.54,153.62,64.154,199.91
522.51,156.96,62.267,194.03
522.39,157.01,62.267,194.03
522.52,156.59,62.89,195.97
521.58,154.07,64.154,199.91
522.45,156.66,62.267,194.03
522.36,156.53,62.267,194.03
521.5,153.58,64.154,199.91
522.27,156.58,62.267,194.03
522.42,154.83,63.518,197.93
521.76,152.94,64.795,201.91
520.85,150.28,66.098,205.96
521.53,153.59,64.154,199.91
521.4,153.46,64.154,199.91
521.31,153.23,64.154,199.91
521.42,151.33,65.443,203.93
522.25,154.63,63.518,197.93
521.56,151.66,65.443,203.93
521.7,153.32,64.154,199.91
521.43,152.82,64.154,199.91
521.41,152.98,64.154,199.91
521.67,152.09,64.795,201.91
521.99,152.38,64.795,201.91
521.79,152.95,64.154,199.91
522.52,154.31,63.518,197.93
521.62,152.96,64.154,199.91
520.84,149.4,66.098,205.96
521.73,152.03,64.795,201.91
522.58,153.97,63.518,197.93
522.56,153.74,63.518,197.93
522.85,154.67,62.89,195.97
522.48,153.8,63.518,197.93
521.84,151.55,64.795,201.91
521.49,150.83,65.443,203.93
521.74,151.98,64.795,201.91
521.4,152.28,64.154,199.91
521.15,150.4,65.443,203.93
521.24,152.2,64.154,199.91
521.11,152.22,64.154,199.91
521.12,152.14,64.154,199.91
521.17,152.31,64.154,199.91
521.06,152.18,64.154,199.91
521.25,152.41,64.154,199.91
521.22,152.22,64.154,199.91
520.94,152,64.154,199.91
521.17,151.95,64.154,199.91
521.05,151.99,64.154,199.91
521.24,151.1,64.795,201.91
520.86,152.02,64.154,199.91
520.99,151.78,64.154,199.91
521.09,151.76,64.154,199.91
521.14,151.75,64.154,199.91
521.25,151.82,64.154,199.91
520.95,151.64,64.154,199.91
521.07,151.75,64.154,199.91
520.99,151.49,64.154,199.91
520.62,149.59,65.443,203.93
520.68,151.44,64.154,199.91
519.75,148.29,66.098,205.96
519.66,148.34,66.098,205.96
520.95,150.8,64.795,201.91
520.8,151.41,64.154,199.91
521.25,152.83,63.518,197.93
521.4,153.02,63.518,197.93
520.91,151.4,64.154,199.91
521.36,154.07,62.267,194.03
521.17,152.38,63.518,197.93
521.35,154.04,62.267,194.03
521.32,154.14,62.267,194.03
520.21,151.05,64.154,199.91
520.22,150.89,64.154,199.91
520.32,149.1,65.443,203.93
521.49,152.53,63.518,197.93
520.73,150.27,64.795,201.91
521.48,152.33,63.518,197.93
521.38,152.23,63.518,197.93
521.46,153.19,62.89,195.97
521.36,153.35,62.89,195.97
520.94,152.31,63.518,197.93
521.34,153.81,62.267,194.03
520.14,150.34,64.154,199.91
520.2,150.46,64.154,199.91
520.22,150.52,64.154,199.91
520.04,150.29,64.154,199.91
520.14,150.51,64.154,199.91
520.15,150.21,64.154,199.91
520.34,149.56,64.795,201.91
520.1,150.39,64.154,199.91
520.22,150.33,64.154,199.91
520.94,153.14,62.267,194.03
519.98,150.18,64.154,199.91
520.22,150,64.154,199.91
520.19,149.76,64.154,199.91
519.14,146.67,66.098,205.96
520.15,149.47,64.154,199.91
520.26,149.65,64.154,199.91
520.32,149.73,64.154,199.91
520.29,149.83,64.154,199.91
520.25,149.7,64.154,199.91
520.37,149.52,64.154,199.91
520.26,149.58,64.154,199.91
520.27,149.61,64.154,199.91
520.96,151.92,62.89,195.97
520.06,149.55,64.154,199.91
520.12,149.5,64.154,199.91
520.06,149.4,64.154,199.91
520.11,149.27,64.154,199.91
520.1,149.57,64.154,199.91
520.17,149.36,64.154,199.91
520.1,149.26,64.154,199.91
520.02,149.23,64.154,199.91
520.01,148.3,64.795,201.91
520.01,149.05,64.154,199.91
519.97,148.91,64.154,199.91
519.9,148.91,64.154,199.91
520.98,159.41,62.267,194.03
520.29,167.11,64.154,199.91
521.31,181,62.267,194.03
521.57,187.75,62.89,195.97
521.11,197.11,64.154,199.91
521.14,207.07,64.154,199.91
520.99,218.84,65.443,203.93
521.53,231.7,64.154,199.91
522.26,243.66,63.518,197.93
522.05,252.7,64.795,201.91
520.74,260.54,66.758,208.02
521.25,271.43,66.758,208.02
521.44,282.55,66.098,205.96
522.76,296.88,64.795,201.91
522.84,301.5,64.154,199.91
522.46,301.59,64.154,199.91
522.9,301.3,64.795,201.91
522.81,302.02,64.154,199.91
522.53,301.79,64.154,199.91
521.52,298.86,66.098,205.96
522.47,301.82,64.154,199.91
522.26,301.88,64.154,199.91
523.32,304.16,62.89,195.97
522.41,301.94,64.154,199.91
523.66,303.95,62.89,195.97
522.76,301.55,64.154,199.91
521.35,298.88,66.098,205.96
522.37,301.25,64.154,199.91
523.14,304.62,62.267,194.03
523.27,304.55,62.267,194.03
522.53,301.72,64.154,199.91
522.28,301.64,64.154,199.91
522.31,301.32,64.154,199.91
522.17,301.36,64.154,199.91
522.23,301.25,64.154,199.91
521.87,299.37,65.443,203.93
521.94,299.13,65.443,203.93
522.14,300.84,64.154,199.91
522.09,300.93,64.154,199.91
522.22,300.59,64.154,199.91
522.68,301.57,63.518,197.93
522.19,300.24,64.154,199.91
521.17,296.68,66.098,205.96
520.78,295.82,66.758,208.02
521.43,296.41,66.098,205.96
521.23,296.32,66.098,205.96
522.48,298.78,64.795,201.91
522.32,299.1,64.154,199.91
521.28,296.32,66.098,205.96
521.23,296.43,66.098,205.96
521.37,296.46,66.098,205.96
522.15,299.5,64.154,199.91
522.37,299.59,64.154,199.91
522.29,299.39,64.154,199.91
521.26,296.53,66.098,205.96
522.21,299.6,64.154,199.91
521.79,297.88,65.443,203.93
521.84,298.02,65.443,203.93
522.11,299.61,64.154,199.91
521.33,296.92,66.098,205.96
522.11,300.02,64.154,199.91
522.03,299.66,64.154,199.91
522.96,302.22,62.89,195.97
522.14,300.24,64.154,199.91
521.9,299.98,64.154,199.91
522.21,301.15,63.518,197.93
521.72,298.52,65.443,203.93
521.53,298.58,65.443,203.93
522.56,301.59,63.518,197.93
521.71,300.47,64.154,199.91
521.54,300.29,64.154,199.91
521.68,299.62,64.795,201.91
521.81,299.54,64.795,201.91
521.84,299.88,64.795,201.91
521.53,298.69,65.443,203.93
521.56,300.36,64.154,199.91
520.48,297.49,66.098,205.96
520.33,297.36,66.098,205.96
521.21,300.58,64.154,199.91
521.24,300.67,64.154,199.91
521.26,300.94,64.154,199.91
520.99,300.7,64.154,199.91
521.16,301.01,64.154,199.91
521.13,301.09,64.154,199.91
521.09,300.9,64.154,199.91
520.46,297.73,66.098,205.96
520.13,297.56,66.098,205.96
521.34,300.84,64.154,199.91
522.29,303.37,62.89,195.97
520.96,301.17,64.154,199.91
521.22,300.99,64.154,199.91
520.23,298.1,66.098,205.96
520.93,301.28,64.154,199.91
521.1,301.47,64.154,199.91
521.2,300.66,64.795,201.91
521.17,301.61,64.154,199.91
521.69,302.68,63.518,197.93
522.03,303.68,62.89,195.97
521.55,302.72,63.518,197.93
520.94,301.37,64.154,199.91
520.72,299.74,65.443,203.93
520.93,301.26,64.154,199.91
520.48,299.85,65.443,203.93
520.54,299.91,65.443,203.93
520.93,301.36,64.154,199.91
521.51,303.19,63.518,197.93
520.62,300.06,65.443,203.93
520.62,301.8,64.154,199.91
520.44,301.65,64.154,199.91
521.47,304.01,62.89,195.97
521.26,304.79,62.267,194.03
520.63,302.08,64.154,199.91
519.47,299.26,66.098,205.96
520.19,300.36,65.443,203.93
520.24,301.44,64.795,201.91
520.3,302.23,64.154,199.91
519.26,298.98,66.098,205.96
519.5,298.95,66.098,205.96
519.1,298.05,66.758,208.02
520.06,300.44,65.443,203.93
519.88,300.63,65.443,203.93
520.37,301.55,64.795,201.91
520.36,302.49,64.154,199.91
519.32,299.25,66.098,205.96
519.38,299.58,66.098,205.96
519.26,299.59,66.098,205.96
520.21,302.79,64.154,199.91
520.1,302.57,64.154,199.91
520.81,305.54,62.267,194.03
519.93,302.65,64.154,199.91
520.11,302.65,64.154,199.91
520.43,306.64,64.154,199.91
520.05,317.19,64.154,199.91
519.74,325.09,66.098,205.96
521.31,338.6,64.154,199.91
522.56,353.18,62.89,195.97
522.15,359.25,64.154,199.91
522.02,370.25,64.154,199.91
521.94,386.49,64.154,199.91
521.92,385.83,64.154,199.91
521.65,385.63,64.154,199.91
520.61,383.67,66.098,205.96
521.37,385.77,64.154,199.91
522.68,388.67,62.267,194.03
521.98,386.85,63.518,197.93
521.76,385.84,64.154,199.91
520.1,385.11,66.098,205.96
520.02,384.72,66.758,208.02
520.16,384.75,66.098,205.96
520.59,387.22,65.443,203.93
521.24,387.65,64.795,201.91
521.16,386.46,65.443,203.93
520.49,384.38,66.098,205.96
521.77,386.86,64.154,199.91
521.5,386.72,64.154,199.91
521.4,386.41,64.154,199.91
521.28,387.43,64.154,199.91
520.9,387.25,64.795,201.91
520.25,385.5,66.098,205.96
520.23,386.2,66.098,205.96
519.27,384.34,67.426,210.1
519.55,385.78,66.098,205.96
519.67,385.23,66.098,205.96
519.72,386.02,65.443,203.93
520.69,388.14,63.518,197.93
520.41,388.04,63.518,197.93
518.26,386.66,65.443,203.93
516.93,385.53,66.098,205.96
518.29,387.14,64.795,201.91
519.35,387.87,64.154,199.91
520.02,385.98,65.443,203.93
520.49,386.74,65.443,203.93
521.97,388.18,64.154,199.91
522.65,388.02,64.154,199.91
523.54,387.15,64.154,199.91
524.04,387.1,64.154,199.91
523.62,386.75,65.443,203.93
522.66,384.35,67.426,210.1
523.54,387.3,65.443,203.93
523.05,387.46,65.443,203.93
522.97,387.02,65.443,203.93
523.57,387.81,64.154,199.91
523.79,388.58,63.518,197.93
523.29,387.47,64.795,201.91
523.4,387.11,64.795,201.91
524.34,389.44,62.89,195.97
522.92,387.31,64.795,201.91
523.18,387.64,64.795,201.91
523.62,389.08,63.518,197.93
523.13,387.85,64.154,199.91
523.12,388.66,63.518,197.93
522.85,388.51,63.518,197.93
522.26,387.93,64.154,199.91
521.36,385.51,66.098,205.96
521.98,387.89,64.154,199.91
521.8,386.74,64.795,201.91
521.92,387.31,64.154,199.91
522.67,389.55,62.267,194.03
522.38,388.9,62.89,195.97
521.65,387.14,64.154,199.91
522.8,389.01,62.89,195.97
522.98,389.37,62.267,194.03
522.76,389.62,62.267,194.03
522.62,389.35,62.267,194.03
521.88,386.88,64.154,199.91
522.24,388.47,63.518,197.93
522.88,388.62,63.518,197.93
522.18,387.07,64.154,199.91
522.16,387.23,64.795,201.91
522.33,387.72,64.154,199.91
522.97,388.36,63.518,197.93
521.75,386,65.443,203.93
522.92,388.8,63.518,197.93
521.97,387.98,64.154,199.91
522.05,387.24,64.795,201.91
520.96,385.21,66.098,205.96
522.25,388.05,64.154,199.91
522.45,388.04,64.154,199.91
521.23,384.86,66.098,205.96
522.02,387.07,64.795,201.91
521.76,387.13,65.443,203.93
520.9,385,66.758,208.02
521.77,387.24,65.443,203.93
521.74,387.17,65.443,203.93
521.68,387.71,65.443,203.93
521.39,387.04,65.443,203.93
521.26,387.6,65.443,203.93
520.74,384.81,66.758,208.02
522.32,387.16,64.795,201.91
