24,281,96,156
23.296,280.72,96,156
20.987,277.85,98.909,160.73
21.271,278.7,97.93,159.14
19.967,277,99.898,162.33
19.77,277.14,99.898,162.33
20.91,278.28,97.93,159.14
18.987,275.61,100.9,163.96
20.968,278.21,97.93,159.14
21.709,279.7,96,156
21.805,279.58,96,156
20.828,278.15,97.93,159.14
19.332,276.01,99.898,162.33
21.449,277.42,97.93,159.14
20.533,275.43,99.898,162.33
19.624,274.13,101.91,165.6
19.293,273.89,101.91,165.6
19.468,273.61,100.9,163.96
20.521,273.67,99.898,162.33
21.037,273.74,99.898,162.33
19.038,272.91,101.91,165.6
16.75,270.5,104.99,170.61
14.281,268.56,106.04,172.32
11.086,266.6,108.18,175.78
10.082,267.48,107.1,174.04
7.4563,265.7,109.26,177.54
6.9621,266.19,108.18,175.78
5.7051,264.96,108.18,175.78
3.459,265.35,108.18,175.78
3.487,265.15,109.26,177.54
4.5453,267.78,108.18,175.78
5.6008,267.62,108.18,175.78
12.347,270.36,106.04,172.32
13.548,272.89,104.99,170.61
16.956,275.12,102.92,167.25
18.267,275.17,102.92,167.25
18.087,274.63,100.9,163.96
17.337,271.84,103.95,168.93
9.2466,272.86,106.04,172.32
4.803,272.96,107.1,174.04
46.393,270.87,104.99,170.61
47.429,268.93,106.04,172.32
48.772,263.23,109.26,177.54
6.8965,273.49,106.04,172.32
6.3567,275.94,103.95,168.93
4.3237,273.76,104.99,170.61
5.546,276.89,101.91,165.6
5.7709,275.24,101.91,165.6
5.7709,277.34,99.898,162.33
6.9816,276.39,100.9,163.96
9.0733,276.08,101.91,165.6
10.754,275.6,102.92,167.25
15.25,276.65,100.9,163.96
17.058,274.67,103.95,168.93
19.447,274.62,102.92,167.25
18.391,274.03,103.95,168.93
18.814,273.79,103.95,168.93
22.815,275.57,100.9,163.96
19.571,273.64,102.92,167.25
20.291,271.72,104.99,170.61
20.657,275.03,101.91,165.6
22.108,274.9,102.92,167.25
19.938,273.8,103.95,168.93
17.207,272.92,103.95,168.93
37.632,275.88,104.99,170.61
21.283,274.42,102.92,167.25
15.892,277.13,99.898,162.33
18.962,274.16,102.92,167.25
60.152,266.32,104.99,170.61
50.204,270.52,107.1,174.04
52.297,270.7,108.18,175.78
59.318,267.85,107.1,174.04
63.385,267.73,106.04,172.32
65.433,268.24,102.92,167.25
68.303,267.45,101.91,165.6
68.799,265.04,103.95,168.93
68.762,265.44,102.92,167.25
68.144,264.93,104.99,170.61
68.055,266.21,103.95,168.93
67.696,266.57,103.95,168.93
66.586,266.7,104.99,170.61
63.272,264.22,108.18,175.78
62.434,264.29,109.26,177.54
62.276,264.79,108.18,175.78
61.637,263.46,110.35,179.32
57.95,260,113.69,184.75
57.823,258.89,115.98,188.46
55.244,255.43,119.49,194.18
57.598,258.28,115.98,188.46
59.676,260.31,112.57,182.92
60.477,260.36,111.45,181.11
59.627,257.2,113.69,184.75
59.695,257.18,113.69,184.75
59.344,255.9,114.83,186.6
61.566,258.37,112.57,182.92
60.663,259.02,112.57,182.92
59.771,258.18,113.69,184.75
60.085,257.81,113.69,184.75
60.818,257.42,113.69,184.75
63.3,260.39,111.45,181.11
64.519,261.49,110.35,179.32
64.197,260.91,111.45,181.11
64.352,261.12,111.45,181.11
64.414,260.1,112.57,182.92
63.765,260.01,112.57,182.92
64.04,259.78,112.57,182.92
62.097,257.12,115.98,188.46
61.617,257.01,115.98,188.46
62.939,259.41,112.57,182.92
61.663,256.37,115.98,188.46
60.643,257.78,113.69,184.75
62.712,260,111.45,181.11
62.616,260.21,111.45,181.11
62.239,260.52,111.45,181.11
59.96,257.47,113.69,184.75
62.418,260.6,110.35,179.32
61.206,258.65,112.57,182.92
62.442,260.64,110.35,179.32
61.985,259.09,112.57,182.92
59.745,256.43,114.83,186.6
60.189,257.6,113.69,184.75
59.682,257.45,113.69,184.75
60.828,258.89,112.57,182.92
59.497,257.77,113.69,184.75
61.194,259.14,112.57,182.92
59.834,257.84,113.69,184.75
59.626,258.01,113.69,184.75
60.098,257.95,113.69,184.75
62.391,259.69,112.57,182.92
64.607,261.36,110.35,179.32
63.377,258.06,113.69,184.75
67.4,261.06,110.35,179.32
69.538,262.53,108.18,175.78
75.329,265.42,106.04,172.32
75.143,263.91,108.18,175.78
79.462,266.96,106.04,172.32
80.424,264.9,107.1,174.04
82.192,264.86,107.1,174.04
86.039,263.95,108.18,175.78
87.505,262.08,109.26,177.54
89.063,259.96,112.57,182.92
88.283,259.16,113.69,184.75
92.302,262.2,110.35,179.32
93.684,260.54,109.26,177.54
95.785,260.73,108.18,175.78
101.01,262.23,104.99,170.61
101.79,262.5,106.04,172.32
106.19,263.5,103.95,168.93
106.58,260.82,107.1,174.04
113.34,265.68,104.99,170.61
115.55,266,103.95,168.93
120.29,268.77,100.9,163.96
123.78,270,99.898,162.33
128.42,267.95,102.92,167.25
129.06,269.09,102.92,167.25
135.36,266.8,106.04,172.32
124.38,260.07,109.26,177.54
126.99,260.15,110.35,179.32
129.22,259.16,111.45,181.11
132.41,259.26,111.45,181.11
134.43,258.79,112.57,182.92
143.04,259.35,112.57,182.92
140.98,256.29,113.69,184.75
147.53,254.9,117.14,190.35
184.87,259.51,119.49,194.18
188.48,254.88,118.31,192.25
162.2,250.76,114.83,186.6
197.1,263.5,111.45,181.11
192.39,259.61,109.26,177.54
198.68,261.77,112.57,182.92
196.26,262.44,109.26,177.54
199.91,263.86,111.45,181.11
199.67,265.21,108.18,175.78
204.43,266.68,109.26,177.54
206.57,264.43,112.57,182.92
207.74,263.45,112.57,182.92
206.02,259.34,114.83,186.6
206.82,260.68,113.69,184.75
189.81,258.59,110.35,179.32
198.1,258.27,110.35,179.32
194.94,253.46,112.57,182.92
195.02,255.61,110.35,179.32
187.69,250.92,113.69,184.75
188.08,250.2,117.14,190.35
185.22,246.33,118.31,192.25
187.72,250.21,114.83,186.6
188.33,251.79,113.69,184.75
190.41,256.88,110.35,179.32
190.08,256.24,109.26,177.54
190.84,254.86,111.45,181.11
189.42,252.78,113.69,184.75
188.5,252.92,113.69,184.75
188.71,250.72,115.98,188.46
183.37,245.08,119.49,194.18
178.1,241.53,121.89,198.08
173.76,240.2,123.11,200.06
170.63,240.27,124.34,202.06
165.46,236.76,126.84,206.12
163.21,237.6,128.11,208.18
159.52,237.03,126.84,206.12
157.6,236.24,128.11,208.18
154.35,236.11,126.84,206.12
150.27,234.7,130.69,212.37
146.42,231.18,133.31,216.64
143.74,230.42,134.65,218.8
140.75,229.16,133.31,216.64
138.67,226.07,135.99,220.99
135.83,222.32,138.73,225.43
133.29,221.04,140.11,227.69
130.98,219.69,141.52,229.96
130.16,220.03,141.52,229.96
130.79,222.24,140.11,227.69
130.29,223.07,140.11,227.69
125.82,218.82,144.36,234.59
122.2,216.1,148.73,241.69
124.73,218.97,144.36,234.59
121.15,218.02,147.26,239.3
121.54,219.77,145.8,236.93
120.39,219.98,144.36,234.59
123.4,221.95,142.93,232.26
120.23,219.85,144.36,234.59
118.87,217.34,147.26,239.3
117.01,214.21,150.22,244.11
115.7,214.04,150.22,244.11
115.32,213.12,148.73,241.69
114.71,210.38,148.73,241.69
113.25,210.35,153.24,249.02
112.97,209.17,151.72,246.55
114.88,210.17,150.22,244.11
112.07,209.77,148.73,241.69
108.87,208.71,150.22,244.11
107.95,207.54,150.22,244.11
101.76,205.03,151.72,246.55
99.941,205.02,151.72,246.55
97.683,207.55,148.73,241.69
94.464,205.67,150.22,244.11
93.309,207.04,148.73,241.69
90.666,204.82,153.24,249.02
90.641,206.14,148.73,241.69
89.647,205.85,150.22,244.11
87.615,201.91,153.24,249.02
84.154,198.41,156.32,254.02
81.002,192.95,159.46,259.13
84.877,194.9,156.32,254.02
86.644,196.25,153.24,249.02
87.074,196.26,153.24,249.02
84.523,193.17,157.88,256.56
89.376,196.15,153.24,249.02
91.158,195.58,153.24,249.02
90.321,192.2,156.32,254.02
93.247,193.52,153.24,249.02
91.221,190.64,157.88,256.56
95.488,193.66,153.24,249.02
96.092,195.33,151.72,246.55
99.159,195.68,153.24,249.02
98.211,192.35,156.32,254.02
102.38,195.12,151.72,246.55
105.65,196.16,148.73,241.69
104.34,193.71,153.24,249.02
103.08,191.25,157.88,256.56
105.13,191.77,156.32,254.02
103.01,190.8,159.46,259.13
103.71,189.09,159.46,259.13
105.47,191.51,156.32,254.02
103.94,189,159.46,259.13
107.08,192.71,156.32,254.02
110.46,194.36,151.72,246.55
113.49,194.72,150.22,244.11
113.19,193.12,151.72,246.55
114.84,192.7,153.24,249.02
115.89,193.74,151.72,246.55
117.25,193.52,153.24,249.02
117.42,195.15,153.24,249.02
118.43,194.91,153.24,249.02
119.64,191.75,154.77,251.51
118.93,192.38,156.32,254.02
122.09,193.25,153.24,249.02
121.91,189.01,156.32,254.02
119.9,186.23,159.46,259.13
126.49,190.05,154.77,251.51
131.75,189.82,154.77,251.51
131.94,189.18,159.46,259.13
134.7,190.92,164.3,266.98
107.38,190.39,159.46,259.13
104.46,187.32,162.67,264.34
101.11,190.09,157.88,256.56
109.87,192.28,153.24,249.02
111.33,195.88,153.24,249.02
110.26,200.23,154.77,251.51
107.72,197.31,157.88,256.56
106.38,197.82,159.46,259.13
104.79,195.24,161.06,261.72
105.94,195.87,159.46,259.13
107.2,195.8,157.88,256.56
109.85,199.87,153.24,249.02
109.43,202.66,148.73,241.69
109.67,201.07,148.73,241.69
107.82,201.66,153.24,249.02
104.83,204.76,153.24,249.02
101.9,203.87,153.24,249.02
93.84,202.13,157.88,256.56
94.908,205.77,154.77,251.51
87.873,203.89,156.32,254.02
85.229,205.6,154.77,251.51
79.16,201.45,157.88,256.56
74.813,202.28,159.46,259.13
71.422,203.08,157.88,256.56
64.967,202.18,159.46,259.13
62.253,202.64,159.46,259.13
59.74,204.88,157.88,256.56
53.485,205.26,162.67,264.34
52.198,207.63,165.94,269.65
48.512,207.75,162.67,264.34
47.232,211.93,159.46,259.13
45.686,214.72,157.88,256.56
45.85,217.84,156.32,254.02
45.093,219.94,153.24,249.02
43.771,222.07,148.73,241.69
41.516,222.47,147.26,239.3
39.746,221.83,150.22,244.11
37.804,220.76,150.22,244.11
33.542,216.4,151.72,246.55
32.488,215.7,150.22,244.11
31.402,217.49,145.8,236.93
29.231,217.58,145.8,236.93
28.512,220.08,142.93,232.26
25.884,221.74,142.93,232.26
25.303,222.74,138.73,225.43
42.036,225.62,140.11,227.69
45.681,229.61,140.11,227.69
43.729,222.96,138.73,225.43
3.3992,238.8,135.99,220.99
3.6264,235.06,140.11,227.69
-2.6806,231.11,142.93,232.26
-0.529,231.5,138.73,225.43
1.0035,232.23,135.99,220.99
0.89898,233.62,133.31,216.64
-0.39299,233.19,135.99,220.99
0.28341,235.24,135.99,220.99
2.096,236.01,133.31,216.64
3.8176,239.32,130.69,212.37
5.6057,243.73,128.11,208.18
7.8657,244.06,125.59,204.08
10.846,246.39,121.89,198.08
13.236,248.65,120.69,196.12
14.522,249.41,120.69,196.12
14.673,249.93,120.69,196.12
13.494,249.58,119.49,194.18
11.008,247.38,119.49,194.18
12.004,250.25,117.14,190.35
10.335,251.28,115.98,188.46
11.428,255.26,112.57,182.92
2.9933,255.95,114.83,186.6
3.7116,257.48,114.83,186.6
5.1078,262.4,111.45,181.11
4.8751,261.94,112.57,182.92
6.504,263.54,110.35,179.32
4.7952,262.01,112.57,182.92
9.5323,263.91,110.35,179.32
6.6873,263.96,111.45,181.11
12.722,264.95,110.35,179.32
7.326,261.37,113.69,184.75
18.145,268.95,111.45,181.11
17.095,271.11,110.35,179.32
15.543,268.93,109.26,177.54
13.994,265.67,112.57,182.92
13.928,262.87,114.83,186.6
14.641,263.69,113.69,184.75
14.794,264.08,113.69,184.75
34.796,264.55,111.45,181.11
26.625,268.64,111.45,181.11
29.767,268.47,109.26,177.54
35.288,265.99,109.26,177.54
40.648,264.21,111.45,181.11
44.727,263.98,111.45,181.11
51.219,261.72,110.35,179.32
51.059,255.86,113.69,184.75
52.052,257.59,115.98,188.46
50.209,254.66,119.49,194.18
55.007,253.97,118.31,192.25
61.301,256.16,115.98,188.46
59.483,253.61,119.49,194.18
65.099,255.03,117.14,190.35
65.899,252.41,120.69,196.12
66.565,248.86,123.11,200.06
70.842,250.36,119.49,194.18
74.757,248.93,119.49,194.18
78.147,250.32,119.49,194.18
81.403,251.71,119.49,194.18
82.42,251.84,119.49,194.18
85.385,249.97,123.11,200.06
91.777,250.86,119.49,194.18
97.873,250.22,118.31,192.25
104.91,248.39,120.69,196.12
113.94,247.88,120.69,196.12
120.23,247.35,119.49,194.18
125.54,245.48,121.89,198.08
131.89,243.62,123.11,200.06
139.65,245.02,121.89,198.08
148.64,245.68,123.11,200.06
158.12,246.25,120.69,196.12
165.88,244.88,119.49,194.18
175.75,246.12,115.98,188.46
181.77,243.61,118.31,192.25
188.23,244.58,114.83,186.6
187.38,240.92,118.31,192.25
190.69,238.18,118.31,192.25
192.71,238.26,121.89,198.08
192.55,237.98,121.89,198.08
193.66,237.76,123.11,200.06
194.61,237.36,121.89,198.08
193.57,235.49,125.59,204.08
194.98,237.8,121.89,198.08
195.96,239.99,118.31,192.25
196.08,239.23,121.89,198.08
195.51,238.17,124.34,202.06
192.73,238.47,125.59,204.08
195.68,238.93,124.34,202.06
197.78,241.51,120.69,196.12
197.95,240.55,121.89,198.08
196.33,242.58,121.89,198.08
195.91,245.03,124.34,202.06
192.42,243.46,126.84,206.12
196.55,247.79,124.34,202.06
195.93,250.06,121.89,198.08
192.28,237.49,125.59,204.08
190.5,234.49,128.11,208.18
187.47,232.53,130.69,212.37
184.29,230.1,133.31,216.64
184.77,232.57,130.69,212.37
183.1,230.51,131.99,214.49
184.5,226.69,134.65,218.8
182.48,223.59,134.65,218.8
178.42,217.76,134.65,218.8
181.95,213.73,134.65,218.8
186.51,234.19,130.69,212.37
183.74,232.05,133.31,216.64
183.54,231.73,133.31,216.64
182.3,228.79,133.31,216.64
184.58,226.34,137.35,223.2
183.93,227.88,134.65,218.8
184.8,226.92,134.65,218.8
187.75,227.99,130.69,212.37
189.35,226.46,133.31,216.64
193.52,228.94,130.69,212.37
195.41,229.33,130.69,212.37
197.3,229.44,130.69,212.37
196.61,226.66,134.65,218.8
197.72,224.86,137.35,223.2
199.98,221.97,140.11,227.69
202.32,224.05,135.99,220.99
205.24,221.17,138.73,225.43
208.44,220.49,140.11,227.69
213.03,221.68,135.99,220.99
216.68,219.75,135.99,220.99
218.67,219.58,135.99,220.99
219.58,219.21,138.73,225.43
225.66,222.61,134.65,218.8
223.93,219.48,138.73,225.43
227.44,221.99,135.99,220.99
229.38,223.54,133.31,216.64
229.42,222.72,133.31,216.64
230.03,225.32,129.39,210.26
227.53,222.43,130.69,212.37
225.65,218.33,133.31,216.64
226.71,216.2,135.99,220.99
227.95,219.11,133.31,216.64
227.8,220.77,129.39,210.26
226.05,220.07,131.99,214.49
225.21,219.93,129.39,210.26
225.63,222.1,128.11,208.18
222.52,219.92,129.39,210.26
219.79,219.56,129.39,210.26
216.13,218.05,133.31,216.64
211.65,218.69,135.99,220.99
207.54,218.36,138.73,225.43
206.2,222.25,137.35,223.2
205.52,224.71,134.65,218.8
205.42,227.69,130.69,212.37
204.4,228.07,130.69,212.37
203.44,230.47,128.11,208.18
201.72,231.97,128.11,208.18
198.91,234.21,124.34,202.06
197.12,235.4,124.34,202.06
193.02,235.17,125.59,204.08
187.86,232.65,126.84,206.12
185.04,232.81,128.11,208.18
181.75,231.54,129.39,210.26
181.25,229.99,129.39,210.26
179.25,228.11,131.99,214.49
169.5,222.44,134.65,218.8
167.14,216.15,138.73,225.43
158.43,212.66,138.73,225.43
152.97,207.92,141.52,229.96
150.13,207.03,141.52,229.96
148.59,207.85,144.36,234.59
146.9,211.3,144.36,234.59
142.54,213.88,148.73,241.69
144.83,214.74,144.36,234.59
146.6,214.19,144.36,234.59
155.41,211.8,142.93,232.26
160.61,207.68,145.8,236.93
164.83,201.75,148.73,241.69
174.97,200.22,148.73,241.69
182.06,200.42,148.73,241.69
184.55,198.37,153.24,249.02
188.93,198.45,153.24,249.02
192.75,190.42,157.88,256.56
197.69,183.39,162.67,264.34
199.18,179.22,167.6,272.35
210.9,178.23,165.94,269.65
211.88,174.47,170.97,277.82
219.3,179.4,172.68,280.6
230.56,179.98,172.68,280.6
246.09,177.67,169.27,275.07
262.26,178.07,165.94,269.65
264.42,171.66,170.97,277.82
288.71,169.87,165.94,269.65
293.28,166.65,169.27,275.07
307.09,177.42,172.68,280.6
307.27,177.56,170.97,277.82
343.49,165.15,176.15,286.24
351.28,159.06,177.91,289.1
363.73,149.07,181.48,294.91
389.68,147.97,177.91,289.1
409.54,148.91,172.68,280.6
423.34,146.76,169.27,275.07
438.69,155.06,169.27,275.07
459.57,158.67,164.3,266.98
476.08,161.49,165.94,269.65
490.15,158.06,167.6,272.35
499.88,159.12,169.27,275.07
524.35,164.76,164.3,266.98
542.36,165.54,159.46,259.13
562.27,169.3,157.88,256.56
571.48,167.16,157.88,256.56
587.44,167.48,159.46,259.13
598.43,166.2,162.67,264.34
600.52,163.21,167.6,272.35
606.92,154.51,172.68,280.6
618.27,159.29,172.68,280.6
629.03,156.48,174.4,283.4
629.39,151.64,179.69,291.99
633.6,149.3,179.69,291.99
633.5,139.34,185.13,300.84
632.43,136.21,186.98,303.85
639.87,137.67,181.48,294.91
643.9,137.82,181.48,294.91
643.99,132.4,186.98,303.85
646.6,130.74,190.74,309.96
647.09,132.05,188.85,306.89
655.4,130.77,190.74,309.96
653.81,127.52,196.52,319.35
655.72,127.39,198.49,322.54
657.63,122.83,198.49,322.54
653.69,122.28,202.48,329.02
642.64,116.53,208.61,338.99
646.12,117.85,206.55,335.64
634.36,114.47,208.61,338.99
639.27,118.25,206.55,335.64
624.1,114.43,210.7,342.38
627.39,123.01,204.5,332.31
615.38,117.23,210.7,342.38
622.67,122.98,206.55,335.64
611.78,114.83,210.7,342.38
620.89,121.81,204.5,332.31
604.75,110.97,208.61,338.99
599.42,111.85,212.8,345.81
593.57,108.25,219.25,356.29
589.26,105.48,219.25,356.29
586.14,105.52,219.25,356.29
580.6,103.37,221.45,359.85
577.55,103.84,221.45,359.85
579.21,107.66,214.93,349.27
578.55,114.01,210.7,342.38
572.54,107.82,214.93,349.27
567.4,107.4,214.93,349.27
562.19,105.05,214.93,349.27
559.89,111.21,208.61,338.99
558,115.67,204.5,332.31
541.67,106.23,210.7,342.38
545.11,110.93,206.55,335.64
528.84,105.72,210.7,342.38
523.25,108.44,212.8,345.81
517.9,105.65,206.55,335.64
525.1,107.82,206.55,335.64
655.07,98.935,212.8,345.81
515.96,117.99,206.55,335.64
520.06,114.62,202.48,329.02
508.37,126.55,196.52,319.35
499.47,131.51,194.58,316.19
479.96,120.98,198.49,322.54
481.59,122.71,202.48,329.02
480.06,129.47,198.49,322.54
477.8,134.8,192.65,313.06
474.03,134.08,192.65,313.06
464.44,134.03,196.52,319.35
453.41,134.92,198.49,322.54
450.8,138.75,198.49,322.54
444.33,135.49,204.5,332.31
445.79,137.91,200.47,325.77
441.52,133.11,204.5,332.31
442.86,133.71,204.5,332.31
446.65,133.9,202.48,329.02
450.2,137.09,200.47,325.77
452.37,136.23,200.47,325.77
456.14,142.26,196.52,319.35
458.63,143.87,196.52,319.35
467.31,147.51,190.74,309.96
472.86,153.29,185.13,300.84
479.58,157.17,179.69,291.99
484.77,157.45,179.69,291.99
488.49,156.43,177.91,289.1
491.61,156.26,179.69,291.99
490.26,152.37,183.3,297.86
490.91,149.75,186.98,303.85
492.69,148.12,188.85,306.89
495.3,148.12,190.74,309.96
497.93,147.64,192.65,313.06
505.49,154.12,186.98,303.85
504.91,152.13,188.85,306.89
510.63,155.66,183.3,297.86
522.43,156.23,179.69,291.99
534.2,158.28,174.4,283.4
538.26,155.22,174.4,283.4
542.86,155.47,174.4,283.4
539.87,154.67,176.15,286.24
538.89,154.07,177.91,289.1
543.69,157.03,177.91,289.1
547.82,156.47,181.48,294.91
559.85,158.68,177.91,289.1
559.01,156.39,183.3,297.86
571.28,159.86,177.91,289.1
583.19,164.19,172.68,280.6
590.97,162.95,167.6,272.35
601.33,163.84,162.67,264.34
608.15,165.45,164.3,266.98
611.78,164.84,159.46,259.13
614.71,164.44,161.06,261.72
620.12,165.99,157.88,256.56
622.71,164.39,159.46,259.13
625.39,164.77,159.46,259.13
626.08,164.19,161.06,261.72
628.69,165.56,157.88,256.56
629.09,165.78,157.88,256.56
629.16,166.37,157.88,256.56
627.22,164.2,162.67,264.34
624.32,160.8,167.6,272.35
622.04,160.52,169.27,275.07
624.13,165.39,164.3,266.98
623.61,166.02,161.06,261.72
619.56,166.19,161.06,261.72
617.08,168.19,157.88,256.56
613.61,168.66,157.88,256.56
609.14,168.28,157.88,256.56
602.08,165.77,162.67,264.34
597.07,167.1,162.67,264.34
592.67,165.86,161.06,261.72
583.58,165,164.3,266.98
581.94,165.81,159.46,259.13
574.61,163.37,161.06,261.72
567.54,160.76,165.94,269.65
564.49,160.46,162.67,264.34
556.59,156.81,167.6,272.35
557.49,159.98,162.67,264.34
554.11,159.38,164.3,266.98
549.79,161.03,161.06,261.72
552.23,168.5,156.32,254.02
548.36,168.8,156.32,254.02
539.8,165.04,161.06,261.72
543.3,171.23,156.32,254.02
534.33,168.04,161.06,261.72
532.9,171.04,157.88,256.56
528.34,172.38,159.46,259.13
527.89,177.01,154.77,251.51
523,178.09,151.72,246.55
518.01,180.62,150.22,244.11
512.42,180.9,148.73,241.69
505.2,181.12,150.22,244.11
499.13,180.87,147.26,239.3
496.26,180.81,144.36,234.59
492.87,182.24,142.93,232.26
486.43,181.55,145.8,236.93
484.32,182.31,141.52,229.96
483.33,184.38,138.73,225.43
480.62,184.15,135.99,220.99
480.77,187.4,131.99,214.49
477.21,186.42,129.39,210.26
472.7,189.99,131.99,214.49
465.95,187.8,133.31,216.64
461.31,189.79,134.65,218.8
455.45,193.38,131.99,214.49
442.36,189.94,135.99,220.99
434.33,188.41,138.73,225.43
427.7,184.62,141.52,229.96
428.32,189.26,137.35,223.2
423.88,191.87,135.99,220.99
425.04,192.29,133.31,216.64
422.39,191.91,133.31,216.64
419.01,192.86,137.35,223.2
419.31,191.47,140.11,227.69
416.96,190.06,144.36,234.59
402.38,193.08,141.52,229.96
401.21,193.16,142.93,232.26
394.57,192.95,147.26,239.3
400.54,197.54,142.93,232.26
400.66,200.06,138.73,225.43
404.84,203.43,134.65,218.8
405.79,203.76,134.65,218.8
407.98,204.78,131.99,214.49
410.39,207.41,128.11,208.18
409.77,205.96,131.99,214.49
412.99,207.59,129.39,210.26
413.56,207.01,129.39,210.26
414.63,207.4,129.39,210.26
414.3,207.71,130.69,212.37
414.97,207.83,130.69,212.37
415.81,209.96,128.11,208.18
411.41,208.98,131.99,214.49
412.72,210.6,128.11,208.18
414.61,213.35,124.34,202.06
414.42,214.32,121.89,198.08
416.61,216,119.49,194.18
414.02,217.23,120.69,196.12
410.17,215.59,121.89,198.08
409.8,214.82,121.89,198.08
411.83,217.38,120.69,196.12
408.28,215.42,121.89,198.08
408.14,216.83,124.34,202.06
406.03,214.79,128.11,208.18
407.51,218.35,124.34,202.06
408.39,217.45,124.34,202.06
410.23,219.83,120.69,196.12
407.85,219.95,121.89,198.08
405.7,220.56,123.11,200.06
407.84,223.41,120.69,196.12
410.53,225.28,117.14,190.35
409.6,224.06,119.49,194.18
413.01,227.24,115.98,188.46
413.92,227.46,115.98,188.46
412.05,225.63,119.49,194.18
412.34,227.18,120.69,196.12
412.88,225.84,120.69,196.12
415.34,227.52,117.14,190.35
415.2,227.79,115.98,188.46
415.35,228.3,115.98,188.46
414.09,228.1,114.83,186.6
412.4,228.5,117.14,190.35
411.9,229.54,113.69,184.75
414.49,232.24,110.35,179.32
410.41,230.09,113.69,184.75
411.21,232.76,112.57,182.92
411.7,234.12,109.26,177.54
413.43,238.33,106.04,172.32
412.85,239.22,104.99,170.61
413.63,240.89,102.92,167.25
413.67,241.42,101.91,165.6
412.77,240.62,102.92,167.25
412.46,240.29,102.92,167.25
413.07,240.86,101.91,165.6
412.94,241.24,102.92,167.25
412.18,240.17,103.95,168.93
414.02,242.11,100.9,163.96
413.02,241.91,102.92,167.25
414.51,243.87,100.9,163.96
414.53,244.37,100.9,163.96
415.09,246.84,98.909,160.73
417.02,247.73,97.93,159.14
416.33,246.69,99.898,162.33
417.8,248.9,97.93,159.14
418.51,247.58,98.909,160.73
420.01,248.86,97.93,159.14
419.85,247.12,98.909,160.73
420.66,248.34,97.93,159.14
420.77,248.19,97.93,159.14
421.18,247.67,97.93,159.14
419.31,245.32,100.9,163.96
420.36,247.04,98.909,160.73
421.24,247.58,97.93,159.14
419.86,245.67,99.898,162.33
419.48,246.74,98.909,160.73
419.01,245.21,100.9,163.96
420.71,247.62,97.93,159.14
422.25,250.13,95.05,154.46
423.84,251.38,92.254,149.91
422.03,249.52,95.05,154.46
422.32,250.18,95.05,154.46
423.97,251.32,92.254,149.91
423.96,251.32,92.254,149.91
423.22,249.61,94.108,152.93
421.41,248.35,96.96,157.56
422.36,249.2,95.05,154.46
422.35,250,94.108,152.93
421.02,247.82,96.96,157.56
421.49,249.66,95.05,154.46
421.73,250.26,94.108,152.93
421.19,248.85,95.05,154.46
420.82,249.89,94.108,152.93
421.32,252.22,91.341,148.43
419.74,250.63,93.177,151.41
418.81,249.6,94.108,152.93
417.79,249.94,94.108,152.93
416.67,249.31,95.05,154.46
415.71,248.7,96,156
415.62,249.2,95.05,154.46
415.75,249.44,94.108,152.93
415.5,250.57,93.177,151.41
415.37,251.18,92.254,149.91
416.51,252.78,89.541,145.5
414.98,252.54,90.436,146.96
415.48,253.45,88.654,144.06
413.6,252.75,90.436,146.96
411.39,250.6,93.177,151.41
412,252.84,90.436,146.96
412.87,254.5,88.654,144.06
410.39,254.56,88.654,144.06
406.52,253.36,90.436,146.96
404.87,256.08,87.777,142.64
401.32,258.15,86.908,141.22
394.44,257.26,89.541,145.5
387.55,257.47,92.254,149.91
381.31,255.25,93.177,151.41
372.81,254.77,95.05,154.46
368.85,255.6,95.05,154.46
362.97,257.67,96,156
355.78,255.53,97.93,159.14
352.56,250.13,98.909,160.73
351.93,245.32,100.9,163.96
347.46,241.2,102.92,167.25
344.53,239.14,104.99,170.61
342.85,236.38,106.04,172.32
338.16,235.25,108.18,175.78
334.72,238.75,111.45,181.11
330,236.19,114.83,186.6
329.35,238.15,113.69,184.75
330.87,241.98,110.35,179.32
330.43,241.95,109.26,177.54
333.27,244.95,106.04,172.32
332.82,243.87,106.04,172.32
332.86,241.26,104.99,170.61
332.63,240.54,104.99,170.61
330.11,240.98,106.04,172.32
324.81,236,109.26,177.54
320.6,233.08,109.26,177.54
314.57,232.04,112.57,182.92
311.01,227.84,114.83,186.6
304.21,219.32,117.14,190.35
296.47,216.45,120.69,196.12
292.27,213.55,124.34,202.06
290.91,210.11,128.11,208.18
310.59,223.92,126.84,206.12
288.09,214.22,123.11,200.06
282.92,212.58,125.59,204.08
282.59,206.23,126.84,206.12
279.99,203.26,130.69,212.37
279.51,200.39,134.65,218.8
275.67,197.03,137.35,223.2
271.96,193.15,138.73,225.43
266.95,190.7,141.52,229.96
266.72,188.68,141.52,229.96
266.42,187.78,142.93,232.26
264.89,188.25,145.8,236.93
259.62,183.45,145.8,236.93
259.81,181.66,148.73,241.69
259.53,185.14,150.22,244.11
261.08,181.98,151.72,246.55
262.29,180.07,156.32,254.02
266.74,171.94,161.06,261.72
281,171.24,157.88,256.56
295.22,169.53,156.32,254.02
309.26,170.68,154.77,251.51
322.27,173.04,154.77,251.51
340.49,169.8,150.22,244.11
353.92,153.82,153.24,249.02
366.64,143.2,157.88,256.56
380.14,129.06,161.06,261.72
393.61,123.25,162.67,264.34
406.38,121.27,167.6,272.35
420.34,119.55,170.97,277.82
436.25,121.58,167.6,272.35
456.18,127.32,164.3,266.98
467.33,132.71,162.67,264.34
483.46,158.53,165.94,269.65
494.99,147.93,170.97,277.82
517.88,145.38,169.27,275.07
546.13,147.82,164.3,266.98
566.89,147.39,167.6,272.35
592.65,151.33,162.67,264.34
611.74,152.82,167.6,272.35
631.72,151.26,170.97,277.82
653.23,145.82,170.97,277.82
677.14,143.11,167.6,272.35
702.4,142.86,165.94,269.65
716.19,142.77,169.27,275.07
734.29,146.3,174.4,283.4
747.87,146.58,179.69,291.99
760.18,142.8,181.48,294.91
778.97,140.8,179.69,291.99
791.02,135.95,181.48,294.91
812.24,137.28,176.15,286.24
831.52,141.45,174.4,283.4
851.68,148.07,174.4,283.4
868.78,157.5,174.4,283.4
886.81,163,170.97,277.82
903.58,164.33,172.68,280.6
916.53,165.17,174.4,283.4
897.77,176.56,172.68,280.6
770.98,141.06,167.6,272.35
748.41,195.04,165.94,269.65
749.57,194.8,165.94,269.65
740.47,170.6,161.06,261.72
768.47,166.04,157.88,256.56
744.83,188.64,162.67,264.34
746.51,194.21,167.6,272.35
745.6,192.52,167.6,272.35
750.18,198.57,164.3,266.98
747.67,192.44,165.94,269.65
744.75,180.62,161.06,261.72
749.21,194.06,161.06,261.72
752.19,202.66,157.88,256.56
758.48,198.71,156.32,254.02
758.58,204.5,153.24,249.02
762.98,205.73,150.22,244.11
764.37,200.85,151.72,246.55
764.12,208.02,148.73,241.69
762.24,204.51,153.24,249.02
766.83,199.48,148.73,241.69
762.55,203.02,153.24,249.02
765.04,205.54,151.72,246.55
762.98,202.64,153.24,249.02
765.89,204.41,151.72,246.55
764,202.55,153.24,249.02
764.65,204.62,151.72,246.55
765.98,205.54,151.72,246.55
764.93,203.91,153.24,249.02
765.84,205.38,153.24,249.02
768.72,207.2,150.22,244.11
767.15,208.13,148.73,241.69
763.43,204.7,153.24,249.02
764.32,202.25,153.24,249.02
762.48,198.71,154.77,251.51
765.72,203.66,150.22,244.11
767.47,206.18,145.8,236.93
769.67,207.52,145.8,236.93
766.45,206.91,147.26,239.3
765.49,206.02,150.22,244.11
761.31,202.46,153.24,249.02
759.74,201.13,154.77,251.51
761.14,203.35,153.24,249.02
765.2,206.36,148.73,241.69
769.05,210.52,144.36,234.59
769.53,210.6,144.36,234.59
768.55,208.28,147.26,239.3
766.53,205.92,150.22,244.11
764.5,205.42,153.24,249.02
763.69,201.85,154.77,251.51
766.03,204.78,150.22,244.11
764.03,202.99,153.24,249.02
765.64,204.02,148.73,241.69
768.59,206.35,145.8,236.93
764.58,203.65,150.22,244.11
764.57,204.48,151.72,246.55
764.03,201.07,156.32,254.02
763.16,201.62,154.77,251.51
764.23,200.47,153.24,249.02
765.89,202.13,150.22,244.11
765.98,201.43,148.73,241.69
763.75,199.31,153.24,249.02
764.91,199.82,151.72,246.55
765.1,199.22,151.72,246.55
765.66,199.3,153.24,249.02
764.79,199.87,151.72,246.55
766.31,201.18,150.22,244.11
764.28,198.7,151.72,246.55
764.79,200.47,150.22,244.11
765.44,201.73,147.26,239.3
755.56,208,145.8,236.93
754.25,206.11,150.22,244.11
754.87,206.18,150.22,244.11
752.04,202.77,153.24,249.02
752.37,204.01,153.24,249.02
754.04,203.36,151.72,246.55
754.99,205.62,150.22,244.11
754.31,205.11,150.22,244.11
754.29,207.12,147.26,239.3
753.46,205.4,150.22,244.11
