373,60,126,339
375.42,54.493,126,339
377.18,40.048,128.53,345.81
380.92,31.978,124.75,335.64
382.27,26.04,123.52,332.32
382.67,24.099,121.08,325.77
380.26,18.97,122.29,329.03
373.22,16.506,119.88,322.55
363.83,4.3157,122.29,329.03
357.78,-5.7825,124.75,335.64
355.81,-11.685,126,339
349.58,-7.8251,124.75,335.64
344.37,2.6392,122.29,329.03
342.47,11.198,118.7,319.35
337.73,17.272,116.36,313.06
331.7,22.318,115.21,309.96
325.92,25.716,118.7,319.35
317.3,34.998,117.52,316.19
310.61,40.955,115.21,309.96
306.9,43.627,115.21,309.96
305.33,48.405,116.36,313.06
304.35,59.561,112.94,303.85
300.34,66.216,114.07,306.89
300.77,78.123,112.94,303.85
301.01,85.049,110.71,297.87
301.04,91.811,110.71,297.87
301.55,103.77,107.46,289.11
300.82,108.07,110.71,297.87
299.92,118.34,110.71,297.87
298.23,129.46,108.53,292
296.91,139.82,105.34,283.41
292.49,146.64,105.34,283.41
288.43,155.71,105.34,283.41
289.39,164.25,106.39,286.24
294.85,181.41,105.34,283.41
298.12,186.06,103.26,277.83
298.73,186.43,102.24,275.07
299.1,189.65,99.233,266.98
299.88,188.33,99.233,266.98
300.03,188.2,99.233,266.98
299.19,184.49,102.24,275.07
299.83,186.1,100.23,269.65
300.2,188.64,99.233,266.98
301.55,190.87,98.251,264.34
299.08,186.93,100.23,269.65
298.73,184.56,101.23,272.35
301.43,192.08,98.251,264.34
298.32,186.16,100.23,269.65
298.52,185.11,100.23,269.65
298.76,183.76,100.23,269.65
298.78,177.09,103.26,277.83
299.55,171.18,101.23,272.35
300.32,160.94,101.23,272.35
300.67,158.32,102.24,275.07
300.73,157.91,99.233,266.98
294.19,151.53,102.24,275.07
287.81,148.55,103.26,277.83
281.24,143.63,105.34,283.41
275.33,142.67,103.26,277.83
275.44,140.92,102.24,275.07
274.59,142.96,99.233,266.98
269.92,148.62,101.23,272.35
265.65,158.53,103.26,277.83
264.88,162.05,103.26,277.83
256.54,155.84,106.39,286.24
251.45,156.28,103.26,277.83
249.06,156.08,101.23,272.35
248.68,157.73,98.251,264.34
245.98,157.85,95.361,256.57
249.54,155.08,95.361,256.57
258.31,158.08,93.482,251.51
268.19,158.78,91.64,246.56
278.03,154.62,90.733,244.11
289.48,149.64,92.557,249.02
297.13,143.34,94.417,254.03
310.84,139.87,94.417,254.03
316.92,135.12,96.315,259.13
333.77,134.8,96.315,259.13
347.92,135.52,93.482,251.51
369.45,136.48,91.64,246.56
381.73,129.58,94.417,254.03
398.06,128.47,94.417,254.03
415.94,131.93,91.64,246.56
424.92,124.57,94.417,254.03
440.28,119.94,96.315,259.13
446.25,109.82,97.278,261.72
441.35,109,95.361,256.57
436.03,108.19,93.482,251.51
435.23,108.57,92.557,249.02
432.75,108.16,92.557,249.02
429.6,107.21,92.557,249.02
428.03,107.6,91.64,246.56
425.35,108.56,88.945,239.3
423.39,110.2,86.329,232.27
418.69,105.65,87.193,234.59
417.31,104.89,85.475,229.97
413.51,100.24,87.193,234.59
410.92,101.63,84.628,227.69
406.21,98.896,85.475,229.97
400.54,97.935,83.79,225.44
391.1,93.693,81.326,218.81
386.84,93.619,80.521,216.64
380.94,92.224,79.724,214.49
376.31,88.586,82.139,220.99
371.87,86.402,82.961,223.2
373.3,87.186,81.326,218.81
371.11,86.843,81.326,218.81
368.61,84.975,81.326,218.81
367.68,82.001,82.139,220.99
367.97,82.315,79.724,214.49
367.5,81.845,78.934,212.37
366.37,80.038,78.153,210.27
362.76,77.571,77.379,208.19
357.81,75.054,78.153,210.27
352.55,75.088,78.153,210.27
346.62,73.738,77.379,208.19
343.4,73.615,76.613,206.13
338.69,70.647,78.153,210.27
338.63,72.156,75.854,204.08
334.69,70.113,76.613,206.13
333.15,72.324,74.36,200.06
330.74,69.972,76.613,206.13
330.15,69.964,76.613,206.13
326.61,65.887,78.934,212.37
325.94,66.059,79.724,214.49
325.46,64.935,80.521,216.64
326.41,67.446,78.153,210.27
325.43,65.398,79.724,214.49
324.74,63.804,80.521,216.64
325.7,65.117,79.724,214.49
326.12,66.618,78.153,210.27
326.13,66.258,78.934,212.37
327.93,69.093,77.379,208.19
328.57,67.953,77.379,208.19
328.82,68.662,77.379,208.19
328.07,66.639,78.934,212.37
329.56,69.272,77.379,208.19
328.91,66.963,78.934,212.37
328.65,66.448,78.934,212.37
329.41,67.851,78.153,210.27
330.95,71.781,75.854,204.08
331.36,71.346,75.854,204.08
331.04,70.831,76.613,206.13
331.17,72.509,75.103,202.06
330.37,68.927,77.379,208.19
332.15,71.384,75.854,204.08
331.59,69.825,77.379,208.19
331.92,72.042,75.103,202.06
331.57,71.654,75.103,202.06
331.27,70.203,77.379,208.19
331.91,71.248,75.103,202.06
330.84,69.06,77.379,208.19
329.56,67.035,78.153,210.27
329.45,65.586,78.934,212.37
329.7,66.284,78.934,212.37
330.59,67.753,78.153,210.27
330.01,64.541,79.724,214.49
330.03,64.986,79.724,214.49
330.69,66.483,78.934,212.37
330.48,65.14,79.724,214.49
329.18,63.927,80.521,216.64
328.22,62.609,82.139,220.99
328.15,63.392,81.326,218.81
328.83,65.522,79.724,214.49
328.7,65.654,79.724,214.49
329.1,66.302,78.934,212.37
327.31,64.331,80.521,216.64
327.73,64.105,80.521,216.64
326.92,66.709,78.934,212.37
326.49,66.327,78.934,212.37
325.58,62.196,81.326,218.81
325.12,65.152,79.724,214.49
326.2,68.831,77.379,208.19
324.36,66.151,78.934,212.37
324,64.656,79.724,214.49
324.93,69.016,77.379,208.19
326.76,67.642,78.153,210.27
325.72,63.342,80.521,216.64
326.52,64.745,79.724,214.49
327.89,65.603,79.724,214.49
329.47,65.871,79.724,214.49
330.32,66.057,79.724,214.49
331.84,66.965,79.724,214.49
334.8,70.42,77.379,208.19
336.92,74.146,75.103,202.06
336.91,73.301,75.854,204.08
337.33,74.463,75.103,202.06
337.6,73.897,75.854,204.08
338.25,77.004,74.36,200.06
338.86,77.237,75.854,204.08
338.97,80.623,73.623,198.08
340.6,84.46,71.458,192.26
341.38,87.775,70.05,188.47
340.75,89.311,70.05,188.47
340.26,87.612,72.173,194.18
337.72,82.677,73.623,198.08
336.28,76.843,75.854,204.08
336.91,71.227,78.153,210.27
334.24,72.389,77.379,208.19
333.62,63.765,79.724,214.49
337.19,39.571,81.326,218.81
331.95,35.024,79.724,214.49
342.31,72.263,77.379,208.19
356.77,68.029,75.854,204.08
357.29,73.104,75.854,204.08
360.01,77.635,77.379,208.19
356.15,80.681,78.934,212.37
357.64,79.091,80.521,216.64
354.95,74.911,81.326,218.81
356.67,74.614,78.934,212.37
369.87,85.779,77.379,208.19
360.19,87.1,76.613,206.13
353.87,82.772,78.934,212.37
353.57,78.004,80.521,216.64
353.28,74.767,81.326,218.81
352.51,74.189,82.961,223.2
351.59,69.952,83.79,225.44
353.48,71.425,81.326,218.81
350.33,68.622,83.79,225.44
350.56,66.044,83.79,225.44
351.68,67.278,83.79,225.44
351.33,68.09,83.79,225.44
349.56,65.184,85.475,229.97
351.32,68.957,82.961,223.2
352.96,72.314,80.521,216.64
354.11,76.04,78.934,212.37
355.76,76.918,77.379,208.19
355.54,77.765,76.613,206.13
355.1,75.595,78.153,210.27
354.38,75.679,78.153,210.27
350.2,72.894,80.521,216.64
350.82,73.188,79.724,214.49
351.65,73.178,78.934,212.37
352.02,77.946,76.613,206.13
351.2,78.049,76.613,206.13
349.77,76.558,77.379,208.19
349.43,76.574,77.379,208.19
347.73,76.2,77.379,208.19
346.54,74.196,78.153,210.27
346.76,77.572,76.613,206.13
345.66,78.043,76.613,206.13
345.57,77.296,76.613,206.13
346.31,78.013,75.103,202.06
346.93,74.888,77.379,208.19
349.15,76.719,75.103,202.06
349.38,76.808,75.103,202.06
348.37,73.961,77.379,208.19
349.57,74.78,77.379,208.19
349.35,76.024,76.613,206.13
349.03,74.717,77.379,208.19
348.34,71.44,78.934,212.37
349.72,75.185,77.379,208.19
349.1,74.228,76.613,206.13
348.52,73.916,78.153,210.27
349.74,75.564,76.613,206.13
351.85,75.023,76.613,206.13
349.12,72.518,78.153,210.27
351.44,74.554,77.379,208.19
353.04,76.779,75.854,204.08
351.88,73.67,78.153,210.27
351.15,71.85,78.934,212.37
350.9,69.516,81.326,218.81
351.57,72.227,78.934,212.37
351.91,71.29,79.724,214.49
353.05,74.386,78.153,210.27
352.11,73.285,78.934,212.37
353.78,76.941,76.613,206.13
354.26,77.629,75.854,204.08
354.02,79.535,74.36,200.06
354.3,78.272,75.854,204.08
355,78.647,75.103,202.06
352.94,76.762,76.613,206.13
355.25,80.319,74.36,200.06
353.84,77.169,76.613,206.13
351.26,72.807,78.934,212.37
352.57,74.561,78.153,210.27
351.38,73.431,78.153,210.27
351.27,72.113,79.724,214.49
352.88,75.282,77.379,208.19
353.93,76.597,76.613,206.13
353.25,76.245,76.613,206.13
352.85,73.77,78.153,210.27
355.2,77.328,75.854,204.08
354.89,76.718,76.613,206.13
354.66,75.199,77.379,208.19
353.51,71.603,79.724,214.49
353.84,72.284,79.724,214.49
352.06,68.244,82.139,220.99
353.24,69.544,81.326,218.81
353.51,70.774,80.521,216.64
352.81,68.502,82.139,220.99
353.45,68.968,82.139,220.99
352.43,65.384,84.628,227.69
351.61,62.836,87.193,234.59
352.01,64.618,85.475,229.97
353.2,66.713,83.79,225.44
353.23,65.558,84.628,227.69
351.16,62.257,87.193,234.59
350.94,60.631,88.945,239.3
350.5,63.073,87.193,234.59
351.22,62.629,88.065,236.94
350.12,63.192,87.193,234.59
351.58,65.175,85.475,229.97
352.12,68.287,82.961,223.2
354.01,71.994,80.521,216.64
353,70.709,81.326,218.81
354.6,73.697,78.934,212.37
353.94,72.86,79.724,214.49
354.68,73.908,78.934,212.37
352.83,70.843,81.326,218.81
