555,310,42,59
555.92,310.47,41.335,58.065
558.4,310.84,41.503,58.303
558.04,310.62,41.907,58.869
557.61,310.27,41.937,58.912
562.4,309.73,42.137,59.192
565.03,309.84,42.69,59.97
567.34,310.01,42.669,59.94
567.91,309.35,43.776,61.495
569.66,310.17,43.596,61.242
571.45,310.49,42.904,60.27
573.59,310.82,42.868,60.22
575.59,310.97,42.757,60.064
578.12,311.51,43.167,60.639
579.66,313.42,43.266,60.778
581.86,315.67,42.861,60.209
583.5,316.2,42.812,60.141
586.82,315.85,43.011,60.42
588.25,314.17,43.02,60.433
589.55,312.48,42.905,60.271
591.46,312.2,42.631,59.886
593.81,310.98,43.333,60.873
597.49,311.13,43.726,61.425
598.33,311.42,43.544,61.169
599.36,310.75,43.807,61.539
601.95,310.35,43.975,61.775
602.51,309.62,43.99,61.796
606.64,309.76,43.758,61.47
607.46,310.4,43.756,61.467
608.94,310.86,43.643,61.308
610.36,309.85,44.111,61.965
612.08,309.64,44.634,62.7
614.92,309.87,45.413,63.794
615.94,310.2,45.938,64.533
617.26,309.74,46.107,64.769
619.73,310.25,46.685,65.581
620.43,309.31,47.138,66.218
622.85,309.11,47.848,67.215
623.77,308.89,48.242,67.768
626.18,309.01,48.686,68.392
628,309.29,48.882,68.668
629.55,310.03,48.921,68.723
631.38,310.26,49.125,69.009
632.39,310,49.274,69.218
633.92,310.29,49.347,69.321
635.61,310.73,48.787,68.534
636.1,310.16,49.179,69.084
636.92,310,49.369,69.351
638.29,310.59,49.244,69.176
639.01,310.35,49.657,69.756
639.85,310.14,49.939,70.153
639.98,309.22,50.231,70.562
641.01,309.22,50.077,70.347
642.05,309.27,50.043,70.298
642.8,309.37,50.083,70.354
643.36,309.56,50.477,70.908
644.42,309.33,50.629,71.122
644.85,308.83,50.754,71.298
645.79,308.87,50.68,71.193
646.61,309.23,50.901,71.504
647.51,310.22,51.158,71.865
647.39,310.76,51.416,72.228
647.36,310.98,51.575,72.45
647.72,310.97,51.992,73.036
647.24,310.07,52.414,73.63
646.83,309.59,52.684,74.009
645.69,308.28,53.2,74.733
645.77,308.33,53.416,75.037
644.17,307.71,53.512,75.171
643.3,307.88,53.775,75.541
642.98,308.66,53.687,75.418
642.22,308.57,53.698,75.432
641.54,308.04,54.029,75.899
640.07,307.44,54.122,76.029
638.7,307.45,54.159,76.08
636.99,307.89,54.291,76.266
634.86,307.38,54.61,76.714
632.82,307.39,55.022,77.293
631.35,307.91,55.434,77.872
629.59,308.08,55.416,77.846
627.35,309.39,55.383,77.8
624.68,309.02,55.916,78.549
622.14,309.4,56.19,78.933
619.28,309.68,56.419,79.255
617.48,309.98,56.697,79.646
614.9,309.54,56.572,79.47
612.86,308.6,56.299,79.087
609.73,307.3,56.28,79.06
608.52,306.07,56.497,79.365
605.08,305.96,56.782,79.765
601.87,305.39,56.763,79.739
599.55,305.77,56.519,79.395
596.37,305.55,57.058,80.152
595.82,305.57,57.083,80.188
587.8,306.15,57.103,80.216
587.55,304.78,57.288,80.476
582.28,305.09,57.53,80.815
573.56,305.34,57.366,80.585
571.02,305.54,57.658,80.996
563.49,306.47,58.176,81.724
557.46,304.71,58.773,82.562
553.1,304.04,59.643,83.785
554.16,299.98,59.568,83.678
539.61,304.31,59.954,84.222
534.67,303.67,60.336,84.758
527.4,304.25,60.954,85.625
521.55,302.43,61.85,86.885
519.71,297.86,61.809,86.827
510.19,302.59,62.303,87.521
511.86,294.98,61.678,86.643
499.58,300.58,62.346,87.582
497.84,294.75,62.799,88.217
487.56,299.85,62.702,88.082
477.55,298.2,62.765,88.17
469.06,297.76,62.807,88.229
466.94,290.38,62.901,88.361
449.71,296.45,63.264,88.871
437.44,300.01,63.802,89.626
435.09,295.84,64.199,90.185
428.05,296.07,64.815,91.049
419.44,295.99,65.397,91.868
407.07,299.71,65.778,92.402
393.82,298.94,66.294,93.127
388.74,292.98,66.817,93.863
380.35,290.57,66.682,93.672
369.81,291.03,67.088,94.242
357.8,293.16,67.436,94.732
348.96,292.91,67.504,94.827
339.2,292.17,67.824,95.277
331.79,291.28,67.902,95.387
332.35,296.59,68.28,95.917
342.54,297.6,68.771,96.607
368.79,299.94,69.165,97.16
400.43,300.24,69.231,97.254
418.52,300.05,68.975,96.894
427.58,300.2,69.684,97.89
429.13,295.62,69.824,98.086
422.87,289.9,69.589,97.756
423.3,289.26,70.133,98.521
429.37,290.14,70.634,99.223
437.86,293.39,71.181,99.992
445.05,290.5,71.216,100.04
459.54,290.25,71.435,100.35
467.81,292.86,71.297,100.15
476.43,293.92,71.115,99.899
485.21,297.56,71.572,100.54
496.16,296.6,71.73,100.76
496.94,296.82,72.279,101.53
494.54,295.53,72.395,101.7
484.59,292.58,72.704,102.13
472.21,291.43,72.929,102.45
464.19,292.57,72.737,102.18
462.56,292.82,72.693,102.12
468.09,294.1,73.208,102.84
474.93,295.37,73.612,103.41
480.63,294.13,73.777,103.64
479.84,293.62,74.308,104.39
480.72,292.22,74.12,104.12
478.99,293.75,74.129,104.13
476.85,294.49,74.414,104.53
477.09,292.88,74.856,105.15
476.95,292.63,74.914,105.24
478.11,291.54,74.736,104.99
479.34,292.59,74.637,104.85
483.37,292.63,74.981,105.33
482.54,291.48,75.523,106.09
484.07,291.67,75.346,105.84
482.95,291.7,75.631,106.24
481.06,290.53,75.991,106.75
479.2,289.99,76.302,107.19
481.58,289.09,76.554,107.54
480.73,287.06,76.386,107.3
482.6,286.23,75.819,106.51
489.89,286.84,75.564,106.15
494.22,285.61,75.799,106.48
504.07,284.66,75.285,105.76
515.87,284.37,75.333,105.83
535.48,280.84,75.283,105.75
585.1,275.17,74.818,105.1
608.25,273.94,74.946,105.28
629.34,268.77,75.294,105.77
643.95,269.43,75.514,106.08
654.58,269.9,75.842,106.54
661.34,268.94,76.123,106.93
656.09,268.5,75.063,105.45
648.29,267.75,74.582,104.77
638.92,267.23,74.322,104.41
632.14,268.16,73.751,103.6
630.48,266.62,73.371,103.07
622.88,268.58,73.523,103.28
622.05,270.95,73.783,103.65
625.26,266.49,74.414,104.53
625.85,265.16,73.996,103.95
631.81,271.71,74.147,104.16
639.85,277.18,73.017,102.57
651.45,279.03,72.091,101.27
662.83,280.28,71.799,100.86
678.66,280.91,71.444,100.36
691.66,279.98,71.412,100.32
701.58,279.42,71.182,99.993
708.1,279.63,71.219,100.05
709.64,279.99,70.666,99.269
708.36,278.22,71.018,99.763
703.24,276.69,71.389,100.28
694.68,271.63,70.921,99.627
687.06,266.56,70.187,98.596
678.99,264.31,69.679,97.883
670.18,262.45,69.917,98.216
657.65,260.87,70.225,98.65
648.17,262.82,70.348,98.823
659.75,263.25,71.109,99.891
654.35,261.18,71.28,100.13
658.6,260.97,71.437,100.35
657.96,262.45,71.762,100.81
657.06,259.95,71.939,101.06
657.64,260.1,71.897,101
656.83,261.68,72.075,101.25
661.76,254.4,72.607,102
649.15,227.08,72.861,102.35
662.33,259.49,72.403,101.71
682.72,254.89,72.32,101.59
680.69,254.7,72.116,101.31
675.98,255.71,72.413,101.72
674.32,255.92,72.936,102.46
677.18,256.45,72.964,102.5
670.27,256.79,72.85,102.34
672.97,256.92,72.723,102.16
675.31,257.54,73.177,102.8
671.84,256.1,73.42,103.14
672.31,255.83,74.044,104.01
671.84,256.81,73.978,103.92
670.91,256.74,74.496,104.65
674.63,256.95,75.113,105.52
687.2,251.64,74.971,105.32
699.91,251.16,75.024,105.39
712.57,258.95,75.292,105.77
717.01,255.54,75.761,106.43
720.46,254.72,75.474,106.02
722.33,256.78,75.337,105.83
731.41,254.12,75.523,106.09
738.08,250.25,75.371,105.88
745.9,250.1,75.009,105.37
756.42,250.21,74.889,105.2
769.1,249.73,74.611,104.81
783.95,252.27,74.798,105.07
799.46,251.24,74.633,104.84
814.75,252.41,74.987,105.34
828.19,254.51,75.003,105.36
836.61,251.89,75.526,106.1
844.63,251.29,75.819,106.51
851.25,252.05,76.013,106.78
853.32,251,75.689,106.32
858.88,251.22,75.725,106.38
873.85,251.52,75.381,105.89
887.15,250.66,75.08,105.47
902.11,255.08,75.864,106.57
910.65,252.72,75.007,105.37
890.02,251.91,74.709,104.95
842.01,258.41,74.601,104.8
795.44,302.9,73.761,103.62
796.48,308.2,73.35,103.04
801.81,309.4,72.891,102.39
806.39,309.93,72.768,102.22
821.52,310.21,72.956,102.49
823.02,313.96,73.3,102.97
830,308.07,73.5,103.25
824.99,346.95,72.818,102.29
828.34,346.68,71.989,101.13
845.52,312.37,71.814,100.88
853.14,314.74,71.747,100.79
864.07,319.27,71.685,100.7
881.57,316.6,71.326,100.2
896.83,317.89,71.084,99.857
903.1,316.69,71.477,100.41
918.78,321.58,71.607,100.59
918.44,318.41,71.584,100.56
933.07,318.94,72.149,101.35
930.47,316.59,71.376,100.27
882.51,370.14,71.793,100.85
883.42,376.9,71.628,100.62
882.84,375.6,70.539,99.091
858.59,375.41,69.943,98.253
887.69,372.37,69.837,98.104
931.87,326.59,69.286,97.33
897.58,319.42,69.391,97.479
935.04,326.24,68.513,96.245
934.43,322.8,68.618,96.391
884.43,229.18,67.696,95.096
895.02,231.09,67.616,94.984
867.29,155.5,66.437,93.329
874.91,157.7,65.899,92.573
886.11,162.25,66.011,92.73
890.24,165.63,65.767,92.387
895.79,165.93,65.774,92.396
894.47,165.7,65.383,91.847
900.05,163.5,65.076,91.416
900.26,167.54,64.712,90.904
902.46,163.42,64.736,90.939
903.23,168.22,64.765,90.98
905.11,163.33,64.752,90.962
905.24,163.18,64.523,90.639
911.49,166.02,64.391,90.454
883.8,198.09,64.338,90.38
833.03,205.51,65.055,91.386
832.2,209.46,65.194,91.581
851.8,167.55,65.238,91.644
859.23,167.61,65.254,91.667
870.62,166.2,64.933,91.216
872.09,164.31,63.938,89.818
832.6,148.06,63.39,89.047
874.26,166.2,63.109,88.653
872.99,165.29,63.097,88.636
872.86,165.15,63.038,88.553
873.22,166.42,62.703,88.083
873.09,166.28,63.083,88.617
872.42,166.2,62.815,88.241
872.5,165.55,62.982,88.474
872.21,165.42,63.188,88.765
872.51,165.95,63.672,89.443
870.91,165.46,63.625,89.378
870.81,164.92,63.493,89.193
869.96,164.57,63.139,88.696
870.82,164.1,62.821,88.248
870.77,164.63,63.087,88.622
870.87,163.16,62.984,88.478
870.53,161.05,63.436,89.112
870.14,159.8,63.528,89.241
869.25,159.86,63.833,89.67
868.79,159.7,64.096,90.039
867.97,159.64,63.894,89.756
868.07,160.52,64.167,90.139
868.38,159.84,63.441,89.119
868.16,158.69,63.885,89.743
867.65,156.52,64.139,90.1
867.25,156.55,63.554,89.278
867.26,157.83,63.536,89.254
867.12,157.7,63.985,89.884
867.33,157.42,63.983,89.881
866.64,157.22,64.049,89.974
866.33,157.55,63.837,89.675
865.72,156.83,63.733,89.53
865.28,156.8,63.655,89.421
865.59,157.57,63.455,89.139
865.11,157.36,63.287,88.903
865.15,157.92,63.388,89.045
864.38,157.62,63.25,88.851
865.65,157.37,62.803,88.223
865.33,157.36,63.458,89.143
864.91,157.13,63.418,89.087
864.56,157.1,63.07,88.598
864.76,157.36,63.167,88.735
864.79,157.28,63.46,89.147
864.18,157.2,63.307,88.931
863.56,157.56,63.189,88.765
864.38,157.46,63.237,88.833
864.2,157.58,63.165,88.732
863.73,157.67,63.292,88.91
863.39,157.56,63.336,88.972
863.27,157.29,62.809,88.232
862.97,157,63.802,89.627
862.12,156.72,63.792,89.612
861.71,156.54,64.025,89.939
862.34,156.61,63.26,88.865
861.9,156.55,64.068,90
861.95,156.48,64.149,90.114
861.31,156.64,63.52,89.231
862.01,156.91,63.156,88.719
861.48,156.6,64.183,90.162
861.07,157,63.256,88.859
861.19,157.18,63.551,89.275
861.22,157.16,63.103,88.644
861.02,156.87,63.706,89.492
860.51,156.94,62.986,88.481
860.1,157.15,62.762,88.165
860.71,157.2,63.022,88.531
860.29,156.56,63.387,89.043
859.66,156.69,63.031,88.544
859.58,156.37,63.221,88.811
859.48,156.63,63.358,89.003
859.18,156.29,63.439,89.117
858.83,156.29,62.933,88.405
858.12,156.07,63.315,88.942
858.08,156.18,63.422,89.092
857.86,155.97,63.538,89.255
858.23,155.91,63.741,89.54
857.77,155.98,62.97,88.458
857.59,156.03,62.937,88.412
857.52,156.02,62.967,88.454
857.24,155.99,62.992,88.488
856.38,155.91,63.005,88.506
856.31,155.73,62.984,88.478
856.08,155.6,63.189,88.766
856.43,155.49,63.336,88.972
855.8,154.91,63.653,89.417
856.22,155.38,63.638,89.396
856.1,155.35,63.689,89.467
855.43,155.12,63.685,89.462
855.34,154.65,63.98,89.876
855.17,154.48,63.869,89.72
854.45,153.44,64.358,90.408
855.06,153.19,63.981,89.878
856.3,153.27,64.1,90.045
858.11,152.42,64.376,90.433
864.44,153.05,64.523,90.639
876.23,151.18,64.783,91.005
886.23,151.49,64.369,90.423
888.2,150.3,65.828,92.473
890.18,150.73,64.822,91.06
890.51,150.95,65.114,91.469
890.24,150.65,65.307,91.741
889.83,150.11,64.97,91.268
890.02,150.18,64.676,90.854
889.93,150.21,64.412,90.483
890.46,151.19,64.248,90.253
890.22,151.07,64.192,90.175
890.82,151.71,63.384,89.039
890.74,151.87,63.649,89.412
890.9,152.55,64.086,90.025
891.13,152.79,63.937,89.817
891.34,153.1,63.821,89.654
890.62,152.96,63.894,89.756
890.96,154.35,63.844,89.686
891.05,155.92,63.245,88.844
891.48,157.9,63.44,89.118
891.43,158.86,63.588,89.326
892.41,160.05,63.256,88.86
891.42,157.69,64.582,90.723
891.24,153.11,65.083,91.426
897.87,151.03,64.731,90.931
912.71,151.59,64.232,90.231
926.01,149.21,64.292,90.315
945.39,150.36,64.804,91.035
932,164.95,65.456,91.951
905.46,170.98,65.473,91.974
862.94,176.44,65.19,91.577
825.89,195.7,65.093,91.44
832.22,196.59,64.797,91.024
832.8,197.05,64.916,91.191
837.12,198.18,64.724,90.921
844.21,198.56,64.877,91.137
853.94,198.4,64.991,91.297
869.53,192.85,64.962,91.256
889.98,192.08,65.004,91.314
914.81,193.92,64.944,91.23
934.99,204.75,64.772,90.99
861.64,165.66,64.807,91.038
865.41,164.11,64.218,90.21
865.94,162.74,63.999,89.903
856.27,189.61,63.8,89.624
856.71,187.92,63.245,88.844
856.52,186.97,62.69,88.065
855.88,185.47,62.61,87.953
875.56,214.01,62.75,88.149
857.36,189.97,62.491,87.785
855.61,187.29,61.978,87.065
856.06,189.24,61.889,86.939
856.52,188.91,61.727,86.711
856.23,189.36,61.372,86.213
856.63,189.42,61.223,86.003
855.69,190.32,61.712,86.691
866.82,164.27,61.703,86.678
854.88,187.52,61.877,86.922
852.84,182.88,62.142,87.295
853.59,182.58,62.194,87.367
852.51,179.25,62.083,87.212
854.22,180.48,61.937,87.007
852.68,180.53,62.027,87.134
853.77,180.72,61.603,86.538
853.95,181.84,61.63,86.576
853.96,181.77,61.63,86.575
853.86,180.65,61.896,86.949
853.21,179.87,62.293,87.507
852.6,179.4,62.19,87.362
852.65,179.44,62.144,87.297
852.41,179.46,62.238,87.429
852.37,178.95,61.986,87.076
852.47,179.52,62.049,87.164
852.92,179.37,62.191,87.363
852.26,179.11,62.329,87.558
852.9,179.36,62.101,87.238
853.09,179.22,62.059,87.178
852.79,179.51,61.964,87.045
853.41,179.88,61.996,87.089
853.22,179.66,62.021,87.125
853.39,179.53,62.051,87.166
853.42,179.53,62.022,87.127
853.27,179.3,62.024,87.128
853.11,179.32,62.146,87.301
852.71,178.8,61.983,87.072
852.86,179.37,62.129,87.276
852.29,178.62,62.402,87.66
852.63,179.4,62.209,87.389
852.53,179.02,62.356,87.596
852.76,179.48,62.173,87.339
852.4,179.27,62.261,87.462
852.36,178.6,62.217,87.4
852.64,178.76,61.945,87.017
852.75,179.34,62.113,87.254
852.51,179,62.136,87.287
852.58,178.67,62.036,87.146
852.93,179.15,62.191,87.363
852.75,178.63,62.156,87.314
853.05,178.52,62.03,87.137
853.2,178.87,62.129,87.277
853.03,178.65,62.125,87.271
852.98,178.72,62.119,87.262
852.94,178.79,62.094,87.227
852.96,179.15,62.154,87.311
852.76,178.57,62.224,87.41
853.14,178.8,62.141,87.293
853.06,178.98,62.055,87.173
853.2,179.12,62.075,87.201
852.92,179.15,62.117,87.26
853.21,178.73,62.16,87.32
852.99,178.85,62.157,87.316
853.04,179,62.145,87.299
853.3,178.81,62.098,87.234
853.27,179.07,62.166,87.328
853.05,179.02,62.15,87.306
853.11,178.91,62.165,87.327
853.26,178.99,62.146,87.3
853.24,178.93,62.116,87.259
853.29,178.96,62.152,87.309
853.28,178.95,62.162,87.323
853.37,178.85,62.121,87.265
853.19,178.74,62.211,87.392
853.09,178.6,62.261,87.462
853.15,178.66,62.247,87.442
853.13,178.61,62.137,87.287
853.05,178.61,62.16,87.32
852.95,178.72,62.167,87.33
853.03,178.67,62.161,87.321
853.13,178.54,62.156,87.315
852.97,178.67,62.019,87.123
853.12,179.26,61.885,86.934
852.85,178.68,61.912,86.972
852.97,179.31,61.879,86.926
852.35,178.62,62.133,87.282
852.24,178.61,62.209,87.388
852.07,178.58,62.302,87.519
852.23,178.59,62.357,87.597
852.28,178.85,62.301,87.519
851.9,178.58,62.281,87.491
851.79,178.81,62.186,87.357
851.72,178.89,62.083,87.211
852.04,179.14,61.944,87.016
852.17,179.5,61.661,86.62
852.06,179.59,61.523,86.426
851.71,179.39,61.777,86.782
851.24,178.86,62.008,87.106
851.2,179.06,62.122,87.267
850.93,178.74,62.128,87.276
850.79,178.77,61.963,87.044
851.05,178.86,61.951,87.027
850.95,178.58,61.918,86.98
850.76,178.6,61.838,86.868
850.03,177.62,62.324,87.551
850.27,177.64,62.411,87.673
850.71,178.13,61.729,86.714
849.98,177.43,62.131,87.279
849.97,177.5,62.034,87.143
850.11,178.03,62.027,87.133
850.02,177.84,62.06,87.18
850.24,178.5,61.539,86.448
850.26,178.66,61.524,86.426
850.1,178.77,61.627,86.571
849.87,178.87,61.619,86.56
849.9,179.05,61.538,86.446
849.76,178.92,61.611,86.549
849.71,179.11,61.61,86.548
849.56,178.95,61.813,86.832
849.04,178.66,61.831,86.857
848.88,178.72,61.772,86.775
848.86,178.61,61.791,86.802
848.77,178.59,61.84,86.87
848.77,178.57,61.945,87.018
849.1,178.95,62.041,87.152
849.25,179.08,62.043,87.156
849.35,178.95,62.037,87.147
849.34,178.98,62.133,87.282
849.1,178.55,62.158,87.317
849.26,178.6,62.114,87.255
849.2,178.69,62.32,87.545
849.77,179.76,61.659,86.616
849.98,180.1,61.64,86.589
850.03,180.11,61.609,86.547
850.1,179.91,61.67,86.631
850.15,180.02,61.732,86.719
849.92,179.51,61.781,86.788
849.74,179.34,61.819,86.841
849.75,179.35,61.84,86.871
849.67,179.6,61.867,86.908
850.01,179.74,61.979,87.066
850.8,181.33,61.501,86.395
850.35,181.19,61.904,86.96
850.25,181.39,62.104,87.242
850.99,182.65,61.519,86.42
851.05,182.44,61.58,86.506
850.91,181.45,61.768,86.77
850.6,179.89,61.794,86.806
850.22,179.45,62.162,87.323
850.37,179.7,62.196,87.37
850.6,179.84,62.026,87.132
851.06,180.36,61.93,86.997
851.04,179.88,62.279,87.487
850.96,179.62,61.895,86.948
850.67,179.6,62.152,87.308
850.8,179.78,62.025,87.13
851.42,181.05,62.05,87.165
851.86,182.92,61.577,86.501
852.07,184.93,61.486,86.373
851.47,185.74,61.82,86.843
851.84,186.43,61.645,86.597
852.12,186.9,61.703,86.678
852.3,186.94,61.531,86.437
852.42,186.55,61.792,86.802
852.41,186.04,61.607,86.543
852.74,186.89,61.597,86.529
852.78,186.92,61.676,86.639
852.44,186.68,61.998,87.092
852.75,187.04,61.686,86.655
852.9,187.13,61.513,86.411
852.42,186.48,61.858,86.895
852.54,186.15,61.704,86.679
853.13,187.11,61.595,86.526
853.14,187.16,61.615,86.554
853.25,187.39,61.39,86.238
852.7,186.83,61.71,86.688
853.24,187.18,61.665,86.625
853.56,186.99,61.719,86.701
853.07,186.54,61.828,86.853
852.82,186.39,61.857,86.894
852.82,186.42,61.859,86.897
852.78,186.42,61.867,86.908
852.91,186.47,61.886,86.935
852.86,186.49,61.911,86.971
853.21,186.7,62.028,87.134
853.34,186.7,62.121,87.265
852.76,186.09,62.199,87.375
852.79,186.14,62.177,87.345
852.82,186.15,62.146,87.3
852.79,186.13,62.088,87.219
853.12,186.69,62.147,87.302
852.84,186.35,62.132,87.281
852.81,186.09,62.148,87.303
852.8,186.12,62.102,87.239
853.17,186.68,62.124,87.269
852.87,186.33,62.158,87.317
852.9,186.26,62.104,87.241
853.21,186.62,62.093,87.226
853.25,186.76,62.102,87.238
