599,142,30,54
590.78,146.25,29.409,52.936
582.64,144.43,29.118,52.412
575.61,146.13,28.261,50.87
570.31,149.45,28.261,50.87
564.41,148.36,27.982,50.367
556.8,149.23,28.829,51.893
551,151.59,29.118,52.412
546.31,150.69,28.544,51.379
541.49,151.41,28.829,51.893
538.62,153.13,29.409,52.936
536.35,153.59,28.544,51.379
531.46,153.54,27.982,50.367
527.7,156.12,27.982,50.367
523.52,154.32,28.544,51.379
519.16,155.1,29.409,52.936
516.27,156.62,28.829,51.893
513.14,154.51,29.703,53.465
509.94,155.16,29.703,53.465
506.27,158.17,28.829,51.893
502.7,155.11,29.703,53.465
500.18,155.29,30.3,54.54
497.55,155.8,30.909,55.636
496.13,157.82,30,54
492.99,158.06,29.409,52.936
491.06,158.1,28.829,51.893
490.3,160.46,27.982,50.367
486.36,159.87,28.829,51.893
485.68,161.9,28.544,51.379
483.45,161.89,28.261,50.87
484.29,161.85,28.544,51.379
478.02,164.73,29.118,52.412
473.71,155.6,28.261,50.87
474.58,158.58,27.982,50.367
474.12,158.61,27.982,50.367
472.35,157.52,28.829,51.893
476.63,172.88,29.703,53.465
486.58,172.73,30,54
486.22,170.69,29.703,53.465
486.56,159.79,30.603,55.085
485.17,160.16,29.703,53.465
486.07,159.55,30,54
483.57,158.94,30.3,54.54
472.91,155.2,29.409,52.936
473.47,158.2,30.3,54.54
473.23,160.22,30.3,54.54
468.99,161.23,30.909,55.636
465.65,160.17,30.3,54.54
461.44,160.26,29.703,53.465
464.06,164.25,29.409,52.936
454.46,160.66,29.703,53.465
449.32,160.8,29.703,53.465
446.38,162.53,29.118,52.412
442.67,162.12,29.703,53.465
438.77,163.18,30.603,55.085
436.47,164.41,30,54
432.09,163.93,29.703,53.465
429.11,164.35,28.829,51.893
425.43,165.81,28.261,50.87
421.44,167.75,27.982,50.367
417.94,167.45,27.982,50.367
414.91,167.41,27.159,48.885
411.87,168.21,27.982,50.367
409.59,169.16,28.544,51.379
405.88,167.53,28.829,51.893
403.07,166.2,29.703,53.465
399.87,166.04,30.603,55.085
402.46,167.27,31.218,56.193
392.12,166.42,32.164,57.895
388.37,167.1,31.218,56.193
386.68,167.9,31.218,56.193
382.29,167.73,31.53,56.755
380.34,169.07,31.218,56.193
377.22,168.53,30.3,54.54
374.38,168.31,31.218,56.193
372.7,168.43,31.218,56.193
370.77,169.61,30.603,55.085
366.77,169.72,31.218,56.193
364.27,169.2,30.3,54.54
361.69,169.26,30.909,55.636
358.4,168.53,31.846,57.322
357.59,170.88,31.218,56.193
355.59,170.34,32.164,57.895
352.61,169.44,31.846,57.322
351.8,170.74,31.846,57.322
349.07,171.65,31.846,57.322
347.55,172.3,32.164,57.895
346.46,171.79,31.846,57.322
343.47,173.04,31.846,57.322
343.45,174.01,32.811,59.059
340.13,172.33,33.47,60.246
340.79,172.14,33.805,60.849
340.8,172.93,33.47,60.246
338.36,173.62,34.484,62.072
337.23,174.17,33.47,60.246
335.63,174.97,33.805,60.849
334.24,174.91,34.829,62.692
332.26,175.49,34.484,62.072
331.94,175.94,34.484,62.072
329.83,175.03,35.177,63.319
329.46,175.59,34.143,61.457
329.11,178.16,33.805,60.849
326.76,178.99,33.805,60.849
325.75,179.05,33.805,60.849
323.86,179.04,34.143,61.457
322.49,179.76,34.829,62.692
320.69,179.65,35.884,64.592
319.15,180.13,35.884,64.592
318.78,179.67,35.884,64.592
318.09,180.75,35.884,64.592
315.51,182.1,36.243,65.238
313.35,182.08,36.243,65.238
311.52,181.09,37.341,67.215
310.86,181.85,37.341,67.215
310.08,182.81,37.341,67.215
308.51,183.06,38.473,69.251
307.42,184.51,37.341,67.215
307,185.21,36.243,65.238
305.41,187.73,35.884,64.592
303.43,190.32,35.529,63.952
299.92,190.16,36.243,65.238
298.48,189.91,36.972,66.549
297.2,189.33,37.715,67.887
296.34,191.73,36.972,66.549
294.32,193.61,35.884,64.592
291.9,191.6,36.243,65.238
289.29,193.79,35.884,64.592
286.78,195.65,35.529,63.952
282.44,194.77,35.884,64.592
281.41,194.88,35.177,63.319
278.67,195.88,35.177,63.319
276.54,195.96,36.243,65.238
272.26,197.61,35.177,63.319
268.81,197.94,35.884,64.592
266.79,199.71,34.829,62.692
261.47,199.65,34.484,62.072
257.54,199.73,35.177,63.319
254.73,200.01,34.143,61.457
251.84,199.89,35.177,63.319
249.12,202.77,34.829,62.692
246.82,203.36,33.805,60.849
240.92,202.1,34.143,61.457
235.11,200.86,35.177,63.319
233.29,203.48,34.829,62.692
227,204.46,34.484,62.072
221.66,204.04,34.484,62.072
218.52,202.9,35.177,63.319
212.32,206.15,34.484,62.072
206.64,205.77,34.484,62.072
200.46,204.86,35.177,63.319
196.14,205.58,35.884,64.592
191.65,207.01,35.529,63.952
185.79,206.36,36.243,65.238
180.23,204.93,37.341,67.215
176.49,203.74,37.715,67.887
172.81,207.37,36.972,66.549
166.51,206.3,37.715,67.887
161.09,205.22,38.858,69.944
156.88,206,38.858,69.944
154.76,208.91,38.092,68.566
148.93,208.22,38.858,69.944
145.7,207.63,39.639,71.35
140.87,206.49,40.435,72.784
138.5,210.26,39.246,70.643
135.75,209.71,38.858,69.944
130.22,211.07,38.858,69.944
127.2,210.49,38.858,69.944
124.78,212.83,39.639,71.35
120.49,213.01,38.858,69.944
116.28,212.67,38.858,69.944
114.19,213.46,39.639,71.35
111.06,213.47,40.435,72.784
107.9,214.87,41.661,74.989
105.39,214.73,41.248,74.247
102.86,212.86,42.077,75.739
102.57,216.86,40.84,73.512
98.978,216.47,42.077,75.739
96.684,216.01,42.498,76.497
94.543,216.54,42.077,75.739
93.22,218.24,42.077,75.739
91.759,219.79,42.077,75.739
89.21,218.87,42.498,76.497
86.811,218.21,43.786,78.814
85.003,219.98,44.666,80.399
82.438,220.6,45.564,82.015
81.32,221.59,45.113,81.203
79.171,221.52,43.786,78.814
77.325,221.81,44.666,80.399
75.557,224.49,44.224,79.603
73.697,224.35,45.113,81.203
70.092,222.45,46.48,83.663
67.626,223.88,46.944,84.5
64.854,225.16,47.414,85.345
61.791,226.2,46.944,84.5
58.711,224.73,48.367,87.06
56.382,225.03,49.339,88.81
55.706,226.7,49.339,88.81
53.131,227.85,49.339,88.81
50.084,226.95,50.331,90.595
47.532,227.12,50.834,91.501
46.329,230.96,49.339,88.81
42.392,232.27,48.367,87.06
39.756,233.49,47.888,86.198
38.646,234.19,47.888,86.198
38.084,237.45,46.48,83.663
36.114,237.65,46.944,84.5
34.33,237.28,47.414,85.345
31.838,236.46,48.85,87.931
31.085,239.16,48.367,87.06
29.327,239.89,48.367,87.06
27.678,241.35,47.888,86.198
26.178,240.77,48.367,87.06
24.077,242.55,48.367,87.06
23.485,245.12,47.414,85.345
21.919,244.21,48.367,87.06
20.242,243.69,49.832,89.698
19.731,246.54,48.367,87.06
18.342,248.86,46.944,84.5
16.17,250.49,46.944,84.5
16.491,249.38,46.944,84.5
16.49,253.27,46.019,82.835
14.872,253.41,46.944,84.5
13.639,253.92,47.888,86.198
13.307,253.14,48.85,87.931
11.978,256.45,49.339,88.81
10.16,257.28,49.339,88.81
8.6156,257.09,50.834,91.501
8.4931,258.11,50.331,90.595
7.9166,259.86,51.856,93.34
8.879,262.09,50.834,91.501
7.6629,261,52.374,94.274
6.8309,259.52,53.961,97.13
7.0135,261.31,54.501,98.102
7.2731,262.66,55.046,99.083
6.7073,263.66,55.596,100.07
7.5242,265.1,53.961,97.13
8.1783,268.28,53.427,96.169
10.052,271.34,52.374,94.274
9.8177,270.54,53.961,97.13
9.6265,268.5,55.596,100.07
9.6449,269.83,56.714,102.08
10.315,273.29,55.596,100.07
11.083,276.29,53.961,97.13
11.939,276.99,53.427,96.169
11.803,279.35,52.898,95.216
11.938,281.08,54.501,98.102
13.882,282.89,52.898,95.216
14.496,283.31,53.427,96.169
13.176,284.7,55.046,99.083
12.685,287.24,53.961,97.13
12.65,287.07,55.596,100.07
13.147,288.09,55.046,99.083
12.993,289.1,56.714,102.08
13.614,289.61,58.432,105.18
13.965,288.79,59.017,106.23
13.145,288.56,60.805,109.45
14.288,295.4,59.017,106.23
14.55,296.97,58.432,105.18
13.24,295.18,60.203,108.37
14.31,297.34,59.607,107.29
15.849,302.71,57.854,104.14
14.848,301.94,59.607,107.29
14.21,300.92,60.805,109.45
14.696,303.37,60.203,108.37
13.446,306.87,62.027,111.65
13.277,308.56,60.203,108.37
14.244,310.68,59.017,106.23
13.241,311.03,59.607,107.29
13.679,314.16,60.203,108.37
14.323,315.54,60.805,109.45
14.264,315.72,61.413,110.54
14.692,317.73,61.413,110.54
13.905,321.97,60.805,109.45
13.338,322.79,61.413,110.54
12.926,323.85,62.027,111.65
11.731,322.69,63.907,115.03
11.805,325.24,64.546,116.18
11.889,325.96,66.501,119.7
13.144,327.88,65.191,117.34
14.022,329.26,64.546,116.18
13.894,333.33,66.501,119.7
12.872,334.74,67.838,122.11
12.557,335.08,68.517,123.33
13.102,336.33,67.166,120.9
12.454,338.19,68.517,123.33
