641,330,38,91
640.17,329.89,38.38,91.91
638.66,330.37,38.38,91.91
639.19,330.78,37.624,90.099
636.4,330.29,38.764,92.829
634.08,330.88,38,91
630.58,333.09,39.151,93.757
626.12,334.21,40.338,96.598
625.95,334.21,39.938,95.642
625.54,335.05,39.543,94.695
625.74,335.76,39.543,94.695
625.2,335.97,39.938,95.642
624.9,336,40.741,97.564
623.83,336.86,40.338,96.598
622.24,336.45,40.338,96.598
620.42,337.41,39.151,93.757
619.43,338.71,38.38,91.91
617.42,340.3,37.251,89.207
616.56,340.6,36.517,87.449
615.59,342.06,36.156,86.583
616.25,343.35,35.092,84.037
617.13,344.13,35.092,84.037
622.45,345.36,35.092,84.037
626.25,345.65,34.401,82.381
628.68,345.54,34.401,82.381
631.25,345.61,34.401,82.381
631.6,343.96,35.443,84.877
631.54,342.47,35.798,85.726
632.27,343.72,34.745,83.205
630.4,343.88,33.723,80.758
630.23,342.67,34.06,81.565
629.3,341.89,34.401,82.381
629.1,340.35,35.092,84.037
630.3,340.69,34.401,82.381
631.23,340.13,34.745,83.205
631.35,338.67,35.092,84.037
629.85,336.38,36.156,86.583
627.93,336.34,36.156,86.583
626.06,334.28,37.251,89.207
624.16,334.43,36.882,88.324
624.01,334.14,36.517,87.449
624.34,334.06,36.882,88.324
627.11,335.56,35.798,85.726
631.9,336.06,35.798,85.726
635.76,334.19,36.882,88.324
641.75,337.6,35.798,85.726
648.13,339.37,35.092,84.037
654.71,341.85,34.745,83.205
661,343.4,33.723,80.758
666.16,344.4,33.059,79.167
670.59,344.73,34.06,81.565
673.75,344.56,33.723,80.758
678.56,342.98,34.745,83.205
682.34,340.66,35.798,85.726
685.62,338.03,36.517,87.449
689.31,337,36.156,86.583
691.62,335.06,36.517,87.449
693.29,334.57,36.882,88.324
694.65,334.85,36.517,87.449
695.94,336.7,35.443,84.877
697.14,337.76,35.092,84.037
697.76,338.13,35.443,84.877
697.69,337.68,36.156,86.583
698.28,337.7,36.882,88.324
699.66,337.3,37.251,89.207
701.25,336.68,38,91
702.07,336.95,37.624,90.099
703.13,337.74,36.517,87.449
704.15,338.46,36.156,86.583
706.08,339.39,35.798,85.726
706.72,337.16,36.882,88.324
709.19,334.38,38,91
710.34,333.79,38.38,91.91
711.19,333.93,38,91
712.75,333.53,38.764,92.829
714.26,332.55,39.938,95.642
716.5,331.43,40.338,96.598
717.46,331.19,40.338,96.598
720,331.71,39.543,94.695
720.2,330.03,40.338,96.598
721.48,329.29,40.338,96.598
721.98,328.39,40.741,97.564
722.94,329.62,39.543,94.695
723.1,329.64,39.543,94.695
722.9,329.99,39.151,93.757
722.25,330.54,39.151,93.757
721.85,330.67,39.938,95.642
722.38,333.04,38.764,92.829
721.6,332.87,39.543,94.695
720.63,333.36,39.543,94.695
721.33,334.53,39.151,93.757
722.63,335.4,39.151,93.757
724.5,334.75,39.543,94.695
727.35,335.86,38.38,91.91
729.31,334.56,39.151,93.757
731.97,333.75,39.543,94.695
734.04,333.68,39.151,93.757
736.1,334.28,38,91
736.98,332.69,39.151,93.757
737.72,330.59,40.338,96.598
738.62,329.11,41.56,99.525
740.59,330.03,40.338,96.598
742.44,331.45,39.543,94.695
743.57,332.53,38.764,92.829
744.76,334.27,37.624,90.099
744.19,333.67,38.764,92.829
742.78,333.65,39.151,93.757
741.13,333.99,39.543,94.695
738.55,333.63,40.338,96.598
735.63,333.09,40.338,96.598
733.71,334.41,39.151,93.757
729.63,333.38,40.338,96.598
726.28,333.55,40.338,96.598
722.75,333.01,41.149,98.54
718.73,333.4,41.976,100.52
717.01,335.38,40.741,97.564
715.35,336.45,39.938,95.642
714.54,338.14,38.764,92.829
713.48,337.05,39.543,94.695
713.11,337.29,39.151,93.757
713.13,336.87,39.543,94.695
714.51,336.26,39.938,95.642
717.11,336.77,39.151,93.757
719.43,335.57,39.151,93.757
721.99,335.38,38.764,92.829
724.63,333.58,38.764,92.829
728.21,332.72,39.151,93.757
729.27,330.17,40.338,96.598
733.41,329.84,40.741,97.564
735.82,329.23,41.149,98.54
736.9,328.21,41.976,100.52
738.23,328.35,41.56,99.525
738.44,327.89,41.56,99.525
738.92,327.72,40.741,97.564
738.2,326.12,41.56,99.525
735.78,323.8,42.819,102.54
734.53,324.17,42.819,102.54
733.59,323.83,42.819,102.54
732.92,323.73,42.819,102.54
732.09,323.08,42.819,102.54
730.81,322.96,42.819,102.54
729.99,324.03,41.976,100.52
728.22,323.28,42.819,102.54
726.01,321.08,44.117,105.65
725.88,320.93,44.117,105.65
726.46,320.64,44.558,106.7
728.08,321.36,43.68,104.6
730.1,321.63,43.248,103.57
731.65,322.66,41.976,100.52
731.72,322.51,41.976,100.52
731.95,322.81,41.56,99.525
731.03,321.09,42.819,102.54
729.2,319.64,43.68,104.6
728.38,319.16,43.68,104.6
728.67,319.68,43.248,103.57
728.9,320.63,42.819,102.54
728.66,321.21,42.395,101.53
728.34,321.64,42.395,101.53
726.34,319.75,43.68,104.6
727.18,321.88,42.395,101.53
725.84,323.16,41.149,98.54
725.23,322.64,41.149,98.54
724.98,320.41,42.395,101.53
722.94,318.25,43.68,104.6
721.83,316.89,44.117,105.65
721.66,316.5,44.558,106.7
721.26,315.6,45.004,107.77
722.32,317.02,44.117,105.65
722.44,316.21,45.004,107.77
724.09,318.55,44.117,105.65
724.6,317.91,44.558,106.7
725.41,317.82,44.558,106.7
725.78,317.3,45.004,107.77
726.78,316.34,45.004,107.77
727.97,316.4,45.454,108.85
728.77,316.32,45.454,108.85
729.33,315.98,45.004,107.77
729.74,314.68,45.908,109.94
730.4,313.19,46.367,111.04
731.05,311.92,46.831,112.15
731.93,309.72,48.25,115.55
733.99,311.41,46.831,112.15
735.55,311.08,47.772,114.4
736.4,311.59,47.772,114.4
736.58,310.35,48.25,115.55
737.26,311.16,47.772,114.4
737.35,312.16,46.831,112.15
737.03,310.93,47.299,113.27
735.7,308.96,48.732,116.7
736.64,309.04,48.25,115.55
737.02,309.83,47.772,114.4
736.9,309.71,47.299,113.27
735.75,307.85,48.732,116.7
735.03,309.19,49.712,119.05
733.4,308.87,51.218,122.65
732.78,310.94,50.711,121.44
732.24,312.97,50.209,120.24
731.71,315.8,49.22,117.87
730.81,316.71,49.22,117.87
729.95,317.23,49.22,117.87
729.31,317.7,48.732,116.7
729.72,318.28,47.772,114.4
729.09,316.47,48.732,116.7
727.3,316.03,49.22,117.87
726.3,315.58,49.712,119.05
726.58,315.93,48.25,115.55
725.77,312.93,48.732,116.7
725.95,311.47,50.209,120.24
727.01,311.47,50.209,120.24
727.19,311.31,50.711,121.44
727.26,312.61,50.711,121.44
726.57,313.87,50.711,121.44
726.22,316.28,49.22,117.87
725,316.58,49.22,117.87
724.02,316.52,49.712,119.05
723.94,316.66,49.22,117.87
727.1,316.67,49.712,119.05
731.68,314.97,49.712,119.05
737.88,316.02,48.25,115.55
742.43,314.35,49.712,119.05
744.85,311.8,50.711,121.44
746.96,310.25,51.73,123.88
749.55,312.21,50.711,121.44
751.48,313.8,49.712,119.05
750.72,313.27,51.218,122.65
747.86,312.33,51.73,123.88
745.67,311.95,52.77,126.37
744.63,313,51.73,123.88
745.23,314.8,50.209,120.24
748.17,315.07,49.22,117.87
752.35,315.18,49.712,119.05
754.76,313.5,50.209,120.24
758.07,311.84,50.711,121.44
761.41,310.8,51.218,122.65
763.71,311.1,50.209,120.24
765.41,309.8,50.711,121.44
766.32,309.96,51.73,123.88
767.66,311.31,51.73,123.88
768.85,313.37,50.711,121.44
769.45,313.28,51.218,122.65
769.76,313.59,51.218,122.65
770.23,314.33,51.218,122.65
770.74,315.02,50.209,120.24
770.65,314.91,50.209,120.24
769.14,313.12,51.73,123.88
768.99,312.79,51.73,123.88
768.34,311.62,52.248,125.12
767.77,311.81,52.248,125.12
765.39,309.1,53.831,128.91
765.41,310.56,52.77,126.37
765.53,311.78,51.218,122.65
764.93,310.56,52.248,125.12
766.27,309.37,53.298,127.63
769.66,308.3,53.831,128.91
774.02,308.93,53.298,127.63
778.2,310.75,51.73,123.88
780.46,310.33,51.73,123.88
780.97,309.92,52.248,125.12
780.77,309.87,52.77,126.37
779.7,311.14,51.218,122.65
775.42,310.09,52.77,126.37
770.43,310.5,52.248,125.12
768.15,309.31,52.77,126.37
765.49,308.79,51.73,123.88
764.16,307.86,52.77,126.37
762.6,306.31,54.369,130.2
760.87,305.62,54.913,131.5
760.93,307.08,54.369,130.2
761.6,307.38,54.369,130.2
761.67,307.53,53.831,128.91
761.28,306.66,54.369,130.2
761.31,306.03,54.369,130.2
760.24,302.12,56.017,134.15
761.64,301.99,54.913,131.5
763.16,303.35,54.369,130.2
763.38,300.47,56.017,134.15
763.28,300.57,57.143,136.84
762.7,298.65,58.874,140.99
761.57,298.32,60.057,143.82
759.51,297.6,59.463,142.4
758.72,297.87,61.265,146.71
757.79,297.32,61.265,146.71
758.18,299.06,59.463,142.4
757.81,298.55,60.658,145.26
759.38,299.62,60.057,143.82
759.78,301.53,58.291,139.59
762.06,300.02,59.463,142.4
762.89,296.83,60.658,145.26
765.48,298.22,58.874,140.99
766.89,296.23,58.874,140.99
766.7,292.76,60.658,145.26
768.38,292.76,61.265,146.71
768.05,292.27,61.265,146.71
766.25,292.75,61.265,146.71
764.38,294.97,60.658,145.26
762.27,295.89,61.265,146.71
760.17,295.04,63.121,151.16
760.22,297.15,61.265,146.71
758.78,298.62,60.057,143.82
756.73,297.76,60.658,145.26
755.37,298.89,61.265,146.71
754.02,299.1,61.265,146.71
753.76,299.89,61.265,146.71
752.88,297.9,62.496,149.66
753.69,299.39,61.265,146.71
753.27,297.35,61.877,148.18
754.64,297.15,62.496,149.66
756.59,297.64,61.877,148.18
758.01,298.14,61.877,148.18
760.83,300.91,61.877,148.18
762.92,300.24,62.496,149.66
764.47,300.74,62.496,149.66
765.85,300.91,61.877,148.18
767.52,302.04,61.265,146.71
767.53,299.83,62.496,149.66
766.83,298.34,63.752,152.67
767.26,298.02,63.752,152.67
767.56,297.49,63.752,152.67
768.91,298.51,65.034,155.74
771.61,301.09,63.121,151.16
773.43,301.16,62.496,149.66
774.59,301.46,63.752,152.67
774.9,301.62,65.034,155.74
774.41,299.41,67.004,160.46
774.45,299.54,67.004,160.46
773.22,297.48,68.351,163.68
774.13,299.06,67.004,160.46
773.9,298.15,67.004,160.46
773.66,297.38,67.004,160.46
773.67,297.34,65.684,157.3
773.84,298.77,65.034,155.74
773.12,299.05,65.034,155.74
771.59,298.38,65.684,157.3
769.08,297.28,67.674,162.06
767,297.28,67.004,160.46
765.69,299.4,65.034,155.74
762.78,299.61,65.684,157.3
760.9,300.08,66.341,158.87
759.97,300.15,67.004,160.46
759.98,302.69,65.034,155.74
758.52,300.67,67.004,160.46
758.54,300.29,66.341,158.87
756.93,298.6,68.351,163.68
757.23,297.76,69.034,165.32
759.72,299.39,67.004,160.46
758.95,296.31,69.034,165.32
760.69,295.78,68.351,163.68
761.08,293.6,69.034,165.32
762.2,292.87,68.351,163.68
763.37,292.6,68.351,163.68
765.35,292.45,68.351,163.68
768.31,292.38,68.351,163.68
770.73,292.92,68.351,163.68
772.46,293.99,68.351,163.68
772.75,294.68,70.422,168.64
772.3,294.84,72.556,173.75
772.73,296.42,72.556,173.75
773.49,298.42,71.838,172.03
774.81,300.65,71.126,170.33
773.51,299.24,71.838,172.03
771.82,296.03,74.014,177.24
770.74,292.74,76.257,182.62
773.23,293.2,74.014,177.24
776.31,294.96,71.838,172.03
780.48,297.84,70.422,168.64
784.02,300.01,68.351,163.68
788.97,301.59,67.004,160.46
787.76,303.42,68.351,163.68
789.93,302.74,67.004,160.46
788.94,298.1,69.034,165.32
788.72,295.05,70.422,168.64
789.45,295.13,68.351,163.68
786.02,291.95,69.034,165.32
783.71,293.88,67.674,162.06
782.67,291.35,69.034,165.32
782.4,293.48,68.351,163.68
781.22,296.95,66.341,158.87
781.93,299.17,64.39,154.2
784.41,300.31,62.496,149.66
783.7,299.93,61.877,148.18
785.53,306.45,60.057,143.82
786.34,305.3,61.265,146.71
784.76,303.46,61.877,148.18
788.29,301.33,63.121,151.16
783.36,299.17,63.752,152.67
785.18,297.67,64.39,154.2
783.93,292.98,66.341,158.87
782.4,291.28,66.341,158.87
783.44,290.05,65.684,157.3
786.38,287.47,65.034,155.74
786.7,281.29,63.752,152.67
788.4,275.2,62.496,149.66
790.41,268.49,61.265,146.71
790.75,260.91,60.658,145.26
792.13,253.7,60.658,145.26
789.85,241.36,61.877,148.18
792.09,235.27,60.057,143.82
791.6,225.31,61.877,148.18
791.62,217.48,63.752,152.67
792.74,217.63,61.877,148.18
792.6,212,63.121,151.16
788.48,205.9,63.121,151.16
787.82,202.29,62.496,149.66
787.38,197.54,63.121,151.16
786.87,188.43,62.496,149.66
790.14,179.58,61.877,148.18
783.61,172.02,62.496,149.66
786.54,163.77,64.39,154.2
