511,221,59,120
510.06,220.12,60.186,122.41
509.65,220.36,59.59,121.2
509.86,221.9,57.837,117.64
511.51,221.3,57.265,116.47
510.8,221.49,56.698,115.32
511.45,222.92,56.136,114.18
487.24,214.65,56.136,114.18
482.52,224.81,56.136,114.18
481.63,222.67,57.265,116.47
482.96,220.93,59,120
483.09,219.95,60.788,123.64
484.78,218.48,60.186,122.41
484.19,216.49,61.396,124.87
484.13,213.23,62.63,127.38
484.73,213.18,61.396,124.87
483.42,212.98,62.01,126.12
481.41,213.37,63.256,128.66
479.44,212.86,65.173,132.55
476.46,211.17,66.483,135.22
473.14,210.73,67.148,136.57
470.58,210.52,67.148,136.57
462.98,205.4,65.824,133.88
461.08,205.27,63.889,129.94
456.74,204.42,64.527,131.24
453.75,204.99,66.483,135.22
452.95,205.73,65.173,132.55
451.28,208.99,63.889,129.94
450.54,209.09,65.173,132.55
448.64,208.27,66.483,135.22
447.2,208.63,65.173,132.55
443.12,206.82,65.824,133.88
439.3,211.44,65.173,132.55
438.07,209.33,65.824,133.88
437.1,207.48,66.483,135.22
418.95,217.45,67.148,136.57
421.63,237.52,67.819,137.94
397.46,232.85,65.824,133.88
394.34,226.56,67.148,136.57
392.67,225.21,67.148,136.57
392.88,223.88,65.173,132.55
400,226.88,65.824,133.88
421.41,215.83,67.148,136.57
417.09,199.65,67.819,137.94
419.3,196.05,69.874,142.12
420.49,196.61,71.991,146.42
422.69,202.89,72.711,147.89
429.69,205.07,74.914,152.37
437.04,197.55,75.663,153.89
436.05,198.21,75.663,153.89
431.82,203.93,77.956,158.55
434.93,204.71,76.42,155.43
439.06,203.55,77.184,156.99
443.15,208.34,76.42,155.43
440.56,206.71,78.736,160.14
435.74,208.75,76.42,155.43
436.45,210.16,77.184,156.99
434.08,211.53,74.914,152.37
431.89,213.43,74.173,150.86
429.2,210.46,75.663,153.89
428.54,209.14,77.956,158.55
429.06,210.9,75.663,153.89
423.83,205.65,75.663,153.89
432.25,206.9,74.173,150.86
439.26,206.08,73.438,149.37
441.51,202.64,75.663,153.89
445.35,205.55,74.914,152.37
446.84,204.38,74.914,152.37
446.34,202.07,75.663,153.89
446.63,195.25,74.914,152.37
448.28,192.17,75.663,153.89
448.68,194.79,77.956,158.55
450.15,196.63,76.42,155.43
448.7,192.25,77.956,158.55
448.24,195.99,75.663,153.89
445.3,201.51,74.914,152.37
444.57,199.26,76.42,155.43
445.14,198.38,77.956,158.55
448.31,202.67,75.663,153.89
450.45,203.34,77.184,156.99
452.28,202.65,77.184,156.99
453.92,203.39,76.42,155.43
454.56,201.26,78.736,160.14
455.45,202.2,76.42,155.43
456.48,203.77,74.914,152.37
457.12,201.1,75.663,153.89
456.58,199.11,75.663,153.89
458.48,199.7,73.438,149.37
460.57,197.94,72.711,147.89
465.79,190.83,74.173,150.86
463.69,195.94,75.663,153.89
482.94,203.68,74.173,150.86
484.96,207.68,71.991,146.42
485.2,210.46,69.874,142.12
482.79,206.87,71.991,146.42
479.72,207.71,71.991,146.42
485.24,208.16,72.711,147.89
483.87,205.41,74.914,152.37
482.22,200.6,77.184,156.99
487.1,204.33,75.663,153.89
486.49,203.49,74.914,152.37
489.28,206.19,73.438,149.37
487.68,203.74,74.173,150.86
490.64,204.83,72.711,147.89
493.96,203.4,73.438,149.37
495.74,202.22,75.663,153.89
499.58,203.87,74.914,152.37
507.25,206.68,72.711,147.89
508.89,203.24,74.914,152.37
514.39,205.95,72.711,147.89
519.49,209.16,70.573,143.54
521.76,211.06,70.573,143.54
522.76,209.58,71.991,146.42
528.29,211.34,71.278,144.97
528.53,208.5,72.711,147.89
529.61,205.84,74.914,152.37
532.77,206.78,74.914,152.37
533.28,205.24,77.184,156.99
534.01,201.07,77.956,158.55
539.38,202.35,75.663,153.89
543.82,206.26,73.438,149.37
546.24,208.75,71.278,144.97
546.98,206.98,73.438,149.37
548.7,208.18,71.991,146.42
549.36,211.36,69.874,142.12
548.73,212.84,69.182,140.71
547.39,211.25,70.573,143.54
546.16,210.66,71.278,144.97
546.06,211.68,69.874,142.12
543.23,208.9,71.991,146.42
544.1,210.13,70.573,143.54
543.22,207.89,71.991,146.42
544.46,207.86,71.991,146.42
545.61,209.5,70.573,143.54
546.77,211.58,69.182,140.71
548.7,212.11,67.819,137.94
550.42,209.51,69.874,142.12
554.33,209.8,70.573,143.54
557.55,209.92,69.874,142.12
559.07,209.37,70.573,143.54
560.4,209.41,71.278,144.97
560.88,209.2,71.278,144.97
561.23,209.71,70.573,143.54
560.8,208.6,71.991,146.42
561.62,208.34,74.173,150.86
562.79,208.77,72.711,147.89
564.15,207.79,73.438,149.37
564.63,206.35,75.663,153.89
565.44,204.05,77.184,156.99
566.82,206.82,74.914,152.37
567.99,208.66,73.438,149.37
566.78,211,71.278,144.97
567.36,212.74,69.182,140.71
566.27,211.05,71.278,144.97
565.7,211.23,71.278,144.97
566.29,212.67,69.182,140.71
566.76,213.01,68.497,139.32
566.34,210.17,69.874,142.12
566.61,212.21,68.497,139.32
566.18,212.15,68.497,139.32
564.22,210.39,69.874,142.12
565.85,211.85,68.497,139.32
564.5,209.36,69.874,142.12
563.84,207.63,71.991,146.42
564.98,208.75,69.874,142.12
565.9,209.57,69.182,140.71
566,210.07,68.497,139.32
566.02,210.12,68.497,139.32
565.24,209.51,69.182,140.71
564.56,210.23,67.819,137.94
564.75,209.47,69.182,140.71
563.76,208.11,69.874,142.12
563.15,208.25,69.874,142.12
563.86,210.35,68.497,139.32
562.12,207.96,69.874,142.12
563.07,207.64,69.874,142.12
564.85,209.14,68.497,139.32
567.11,210.23,67.148,136.57
568.71,209.1,67.819,137.94
570.08,209.27,68.497,139.32
572.4,211.09,67.148,136.57
574.48,211.44,66.483,135.22
576.45,210.83,66.483,135.22
578.75,211.64,66.483,135.22
582.22,213.58,65.173,132.55
585.09,214.64,63.889,129.94
588.51,214.68,63.889,129.94
590.49,215.46,63.256,128.66
594.65,215.56,62.01,126.12
595.72,216.77,61.396,124.87
595.49,217.03,61.396,124.87
594.86,215.74,62.63,127.38
594.73,217.46,61.396,124.87
591.16,217.98,62.01,126.12
586.78,218.51,63.256,128.66
584.06,217.76,65.173,132.55
580.56,217.63,65.173,132.55
579.08,217.22,65.173,132.55
574.16,216.92,65.824,133.88
573.65,217.66,65.173,132.55
567.53,218.24,66.483,135.22
561.78,218.65,68.497,139.32
561.58,217.06,69.182,140.71
561.86,215.46,69.874,142.12
560.48,216.12,69.182,140.71
596.29,215.12,67.819,137.94
596.34,214.95,66.483,135.22
559.71,212.55,67.819,137.94
557.05,213.11,68.497,139.32
557.87,215.06,67.148,136.57
556.87,215.48,67.148,136.57
545.74,213.92,68.497,139.32
543.29,212.37,69.182,140.71
537.86,210.45,71.278,144.97
534.32,204.5,72.711,147.89
536.46,205.95,71.278,144.97
542.76,209.24,70.573,143.54
543.05,210.21,69.874,142.12
540.76,211.22,71.278,144.97
538.94,215.03,69.182,140.71
523.47,211.93,69.182,140.71
538.98,213.69,67.819,137.94
532.01,214.38,66.483,135.22
534.13,215,64.527,131.24
535.96,216.44,62.63,127.38
535.75,216.57,62.01,126.12
538.57,216.69,62.63,127.38
538.72,215.34,64.527,131.24
539.24,214.31,65.824,133.88
542.05,214.87,65.173,132.55
543.16,214.93,66.483,135.22
548.67,215.2,66.483,135.22
553.38,216.75,64.527,131.24
558.33,217.32,65.824,133.88
562.34,217.53,65.824,133.88
624.57,216.61,63.889,129.94
622.34,219.33,62.01,126.12
656.38,213.69,60.788,123.64
654.31,213.73,60.788,123.64
655.6,215.48,61.396,124.87
653.23,215.28,62.63,127.38
653.95,213.51,63.256,128.66
654.59,212.76,64.527,131.24
654.75,214.27,62.63,127.38
653.12,210.11,63.889,129.94
651,207.75,65.173,132.55
648.85,205.5,67.148,136.57
649.36,208.39,65.173,132.55
645.51,209.71,65.824,133.88
643.07,209.82,66.483,135.22
641.26,211.05,65.824,133.88
639.57,213.41,65.173,132.55
640.2,214.39,63.256,128.66
640.1,211.94,64.527,131.24
638.37,211.13,65.824,133.88
638.23,211.33,64.527,131.24
638.12,210.76,64.527,131.24
637.66,212.51,63.889,129.94
635.12,213.7,64.527,131.24
634.97,215.81,63.256,128.66
637.21,217.92,61.396,124.87
638.38,217.99,61.396,124.87
634.59,216.61,63.256,128.66
635.87,218.79,62.63,127.38
635.52,215.7,64.527,131.24
635.4,211.37,64.527,131.24
636.8,212.26,63.256,128.66
636.38,211.54,63.889,129.94
636.68,211.67,62.01,126.12
637.35,212.77,60.788,123.64
638.64,212.52,59.59,121.2
639.17,212.36,59.59,121.2
638.54,211.26,60.788,123.64
640.4,211.25,60.788,123.64
644.83,211.89,60.788,123.64
647.5,211.72,62.63,127.38
648.43,209.4,64.527,131.24
653.02,208.93,65.173,132.55
657.19,207.83,67.148,136.57
660.11,210.11,65.173,132.55
661.05,212.24,63.256,128.66
660.02,211.76,63.889,129.94
660.67,214.88,62.63,127.38
661.39,215.65,60.788,123.64
667.09,216.59,59.59,121.2
665.5,217.03,60.788,123.64
664.87,215.88,62.63,127.38
670.99,215.55,63.256,128.66
681.38,213.49,65.173,132.55
685.12,214.47,63.889,129.94
683.75,212.4,64.527,131.24
689.7,211.97,62.63,127.38
699.81,215.92,63.256,128.66
702.52,212.26,64.527,131.24
708.23,199.8,65.173,132.55
720.9,212.99,67.148,136.57
724.36,214.69,65.173,132.55
722.93,211.15,65.824,133.88
721.16,207.63,67.819,137.94
693.39,210.4,69.874,142.12
689.47,205.53,70.573,143.54
675.89,195.48,69.874,142.12
676.02,200.79,69.182,140.71
673.67,199.06,71.278,144.97
665.62,205.16,73.438,149.37
671.32,203.32,74.914,152.37
681.69,192,74.173,150.86
663.37,166.45,74.173,150.86
666.3,170.9,71.991,146.42
667.32,186.6,74.173,150.86
666.07,184.62,75.663,153.89
669.09,189.97,77.956,158.55
667.47,187.94,77.184,156.99
592.95,184.96,79.523,161.74
592.83,184.19,79.523,161.74
585.46,189.16,80.318,163.36
581.13,188.71,81.121,164.99
577.98,190.75,79.523,161.74
577.18,190.83,78.736,160.14
596.15,174.58,79.523,161.74
603.28,172.51,77.956,158.55
616.56,192.99,77.184,156.99
651.69,184.76,77.956,158.55
646.82,183.73,78.736,160.14
657.27,184.73,81.121,164.99
663.02,170.27,81.933,166.64
669.6,183.04,79.523,161.74
675.32,192.05,77.956,158.55
673.6,186.52,77.956,158.55
677.26,190.62,77.184,156.99
680.24,194.1,75.663,153.89
682.81,193.64,77.956,158.55
625.84,192.65,76.42,155.43
624.26,194.74,74.914,152.37
622.79,194.84,73.438,149.37
621.9,196.15,71.991,146.42
620.49,192.35,74.173,150.86
617.43,187.66,74.914,152.37
617.57,186.72,74.173,150.86
616.23,184.86,74.914,152.37
614.34,182.6,77.184,156.99
612.94,182.94,77.184,156.99
608.88,181.49,77.956,158.55
605.87,179.66,80.318,163.36
603.1,178.14,82.752,168.31
603.45,182.2,81.121,164.99
603.2,186.93,78.736,160.14
602.03,188.84,76.42,155.43
601.09,190.95,76.42,155.43
626.12,193.02,74.173,150.86
618.96,194.06,74.914,152.37
625.38,201.87,74.914,152.37
629.92,213.89,72.711,147.89
628.9,219.95,74.173,150.86
630.04,227.21,74.173,150.86
630.31,229.34,76.42,155.43
632.11,230.7,77.184,156.99
595.48,215.46,78.736,160.14
594.59,213.4,78.736,160.14
597.75,206.53,77.184,156.99
598.99,207.45,75.663,153.89
601.31,203.79,75.663,153.89
603.61,200.04,77.184,156.99
605.48,195.73,78.736,160.14
610.53,198.61,77.184,156.99
612.3,200.07,77.184,156.99
607.06,196.62,77.956,158.55
600.68,198.69,75.663,153.89
593.29,201.2,74.173,150.86
583.07,203.04,71.991,146.42
573.32,206.58,71.278,144.97
563.98,207.88,69.182,140.71
555.59,206.4,70.573,143.54
552.24,205.45,72.711,147.89
554.06,207.37,70.573,143.54
555.56,204.24,71.991,146.42
556.98,203.87,71.991,146.42
558.74,204.31,71.278,144.97
559.06,202.62,73.438,149.37
561.25,202.37,71.991,146.42
563.67,202.14,71.278,144.97
567.06,198.95,71.991,146.42
570.42,197.67,71.991,146.42
573.87,197.84,74.173,150.86
576.89,195.72,76.42,155.43
581.1,195.3,74.914,152.37
584.35,194.44,74.914,152.37
588.48,191.63,76.42,155.43
593.8,190.51,77.956,158.55
598.4,189.05,78.736,160.14
602.6,183.73,81.121,164.99
604.42,181.31,82.752,168.31
609.71,184.4,80.318,163.36
610.73,183.05,81.933,166.64
613.72,184.32,80.318,163.36
614.52,185.98,80.318,163.36
614.5,186.35,80.318,163.36
615.99,188.28,78.736,160.14
616.05,190.36,76.42,155.43
616.71,194.22,74.173,150.86
613.83,192.39,76.42,155.43
612.78,192.68,75.663,153.89
608.78,192.85,76.42,155.43
601.64,192.35,76.42,155.43
593.68,191.02,77.184,156.99
586.73,190.34,76.42,155.43
580.74,193.73,74.173,150.86
574.28,190.58,74.914,152.37
568.2,188.32,75.663,153.89
562.24,189.38,74.914,152.37
557.74,191.28,72.711,147.89
551.78,191.15,72.711,147.89
543.65,192.95,74.173,150.86
537.68,193.29,74.173,150.86
532.34,195.63,72.711,147.89
530.05,198.52,71.991,146.42
528.6,198.58,74.173,150.86
527.78,201.09,73.438,149.37
526.59,197.4,75.663,153.89
528.54,199.19,74.173,150.86
528.32,199.68,72.711,147.89
528.56,198.06,74.173,150.86
527.73,194.34,76.42,155.43
527.98,192.74,77.184,156.99
528.89,189.38,79.523,161.74
530.7,186.82,81.933,166.64
533.49,187.83,81.121,164.99
534.49,188.58,81.121,164.99
536.75,190.93,79.523,161.74
538.2,191.52,78.736,160.14
539.88,194.45,76.42,155.43
542.24,197.74,74.173,150.86
543.23,198.06,73.438,149.37
541.29,195.16,75.663,153.89
540.3,193.92,76.42,155.43
539.23,193.5,77.184,156.99
538.53,191.59,77.956,158.55
538.24,192.54,77.184,156.99
538.29,192.44,75.663,153.89
538.35,192.24,75.663,153.89
537.26,192.24,75.663,153.89
536.79,190.97,77.184,156.99
536.85,192.29,74.914,152.37
535.68,191.15,76.42,155.43
534.74,190.23,77.956,158.55
536.23,191.65,75.663,153.89
536.72,191.01,76.42,155.43
538.01,191.03,76.42,155.43
539.62,192.11,74.914,152.37
541.37,193.92,73.438,149.37
542.65,193.63,73.438,149.37
541.58,191.11,75.663,153.89
542.89,191.8,74.914,152.37
547.42,190.05,77.184,156.99
550.37,190.67,76.42,155.43
555.37,192.36,75.663,153.89
560.61,192.96,75.663,153.89
567.08,191.66,77.184,156.99
571.71,189.29,79.523,161.74
576.66,188.17,81.121,164.99
585.59,190.22,79.523,161.74
587.85,193.69,77.184,156.99
589.44,191.74,78.736,160.14
590.09,194,76.42,155.43
591.48,196.31,74.914,152.37
592.66,199.39,72.711,147.89
592.19,197.04,74.914,152.37
592.51,195.67,75.663,153.89
593.67,196.75,74.173,150.86
594.56,197.54,71.991,146.42
595.56,194.53,73.438,149.37
594.87,191.54,75.663,153.89
595.75,190.76,76.42,155.43
596.41,191.61,74.914,152.37
596.78,191.63,74.914,152.37
596.71,192.17,74.914,152.37
596.76,195.57,73.438,149.37
595.5,197.96,72.711,147.89
598.16,204.75,71.278,144.97
595.66,189.15,72.711,147.89
582.19,211.86,74.173,150.86
646.68,186.94,76.42,155.43
628.06,187.2,78.736,160.14
612.91,191.64,77.184,156.99
596.43,191.16,77.184,156.99
589.94,190.87,74.914,152.37
552.14,192.83,73.438,149.37
548.58,198.26,74.173,150.86
532.71,197.86,71.991,146.42
524.96,195.56,74.173,150.86
528.41,201.65,73.438,149.37
515.35,201.74,74.914,152.37
503.96,173.43,74.173,150.86
493.35,198.79,76.42,155.43
485.63,200.34,77.184,156.99
460.44,201.07,74.914,152.37
452.01,202.31,74.173,150.86
446.26,206.24,71.991,146.42
444.14,208.75,69.874,142.12
442.33,212.3,67.819,137.94
434.1,212.83,67.148,136.57
429.26,213.41,65.173,132.55
426.58,212.95,63.889,129.94
419.84,211.67,62.01,126.12
416.29,211.02,62.01,126.12
435,210.98,60.788,123.64
436.84,211.42,60.186,122.41
406.04,226.99,61.396,124.87
408.63,227.9,60.186,122.41
409.5,227.37,59.59,121.2
413.24,229.41,58.416,118.81
415.53,229.09,57.265,116.47
446.02,204.96,57.265,116.47
446.41,206.03,56.136,114.18
447.7,205.57,56.698,115.32
449.25,207.43,55.03,111.93
451.95,205.71,56.698,115.32
454.72,207.98,55.03,111.93
457.36,207.05,55.581,113.05
458.89,205.67,56.136,114.18
461.79,206.17,54.486,110.82
464.32,206.98,53.412,108.63
466.61,207.82,53.412,108.63
468.68,210.52,52.36,106.49
470.22,212.24,50.82,103.36
470.17,210.57,50.82,103.36
470.25,212.04,49.818,101.33
470.18,213.65,48.353,98.345
469.59,214.38,49.818,101.33
469.82,215.1,51.328,104.4
470.37,215.61,50.82,103.36
469.37,214.13,51.328,104.4
471.17,215.3,50.316,102.34
470.55,215.66,48.837,99.329
469.95,213.61,49.325,100.32
468.27,210.58,50.316,102.34
464.1,210.47,51.328,104.4
462.87,211.26,51.328,104.4
462.13,210.77,52.36,106.49
463.32,212.39,50.82,103.36
464.24,214.28,49.818,101.33
465.29,215.74,48.837,99.329
467.23,218.61,47.4,96.408
467.77,215.81,48.353,98.345
470.11,217.78,46.931,95.453
472.37,215.58,47.874,97.372
475.63,216.64,46.931,95.453
477.68,215.66,47.874,97.372
479.89,216.24,47.4,96.408
481.27,213.6,48.837,99.329
483.33,215.9,47.4,96.408
484.69,215.75,46.931,95.453
485.66,217.56,46.006,93.572
486.98,217.59,46.006,93.572
487.97,218.29,45.1,91.728
489.65,218.18,44.211,89.921
490.89,217.13,45.551,92.646
494.65,216.71,45.551,92.646
499.8,215.12,46.931,95.453
502.93,214.96,48.353,98.345
505.54,214.22,48.837,99.329
510.26,213.85,49.325,100.32
513.69,213.32,50.316,102.34
518.88,212.09,50.316,102.34
522.03,210.98,50.82,103.36
524.02,210.49,51.328,104.4
528,212.74,49.818,101.33
531.31,211.74,50.316,102.34
535.44,211.89,51.841,105.44
537.98,210.25,52.883,107.56
541.15,210.72,52.36,106.49
544.82,211.13,50.82,103.36
548.07,210.52,50.82,103.36
551.29,209.33,51.328,104.4
553.99,208.14,52.883,107.56
558.03,207.77,51.328,104.4
562.18,205.6,52.36,106.49
564.97,204.09,52.883,107.56
567.47,203.05,52.883,107.56
568.48,201.37,53.946,109.72
569.77,200.96,53.412,108.63
569.74,200.02,54.486,110.82
570.88,200.16,54.486,110.82
571.24,199.68,55.581,113.05
572.53,200.29,55.581,113.05
574.22,201.68,53.946,109.72
574.83,200.39,54.486,110.82
575.42,199.17,56.136,114.18
577.27,199.42,56.136,114.18
579.92,199.52,56.136,114.18
583.77,200.36,55.581,113.05
587.05,202.16,53.946,109.72
589.73,201.56,53.412,108.63
592.82,200.48,55.03,111.93
595.47,198.48,56.698,115.32
599.23,198.21,56.698,115.32
603.66,198.95,55.581,113.05
606.16,198.46,54.486,110.82
606.84,196.14,56.136,114.18
607.66,196.56,55.581,113.05
606.22,195.38,56.136,114.18
605.43,195.9,55.581,113.05
604.49,196.06,54.486,110.82
604.22,194.01,56.136,114.18
605.02,195.02,55.03,111.93
603.68,195.4,55.581,113.05
599.82,195.58,56.136,114.18
598.54,197.95,55.581,113.05
596.29,197.56,56.698,115.32
596.6,199.59,55.581,113.05
593.76,198.47,57.265,116.47
592.3,199.26,57.265,116.47
590.71,199.91,57.265,116.47
588.95,199.17,58.416,118.81
587.09,198.48,59.59,121.2
588.42,200.62,58.416,118.81
587.14,199.58,59.59,121.2
589.45,200.34,57.837,117.64
593.61,200.78,58.416,118.81
597.78,201.03,56.698,115.32
602.22,200.37,57.265,116.47
605.36,200.07,56.136,114.18
608.11,199.79,54.486,110.82
609.37,197.79,56.136,114.18
611.48,196.87,56.698,115.32
613.65,196.9,57.265,116.47
617.53,197.06,57.837,117.64
622.8,197.75,57.837,117.64
628.84,198.86,58.416,118.81
632.81,198.98,58.416,118.81
637.48,200.09,57.265,116.47
641.73,199.11,57.837,117.64
646.45,198.35,58.416,118.81
635.8,201.2,59.59,121.2
641.03,200.12,60.788,123.64
665.91,193.92,60.186,122.41
671.93,193.54,59.59,121.2
672.56,193.47,57.837,117.64
677.14,194.04,56.136,114.18
691,194.65,57.265,116.47
695.04,193.23,57.837,117.64
697.7,193.02,59.59,121.2
699.86,192.47,60.788,123.64
701.42,191.38,62.01,126.12
703.45,191.34,62.01,126.12
706.52,191.26,63.889,129.94
710.55,190.77,64.527,131.24
716.16,190.32,64.527,131.24
719.9,188.97,66.483,135.22
726.9,187.59,65.824,133.88
734.55,188.9,65.173,132.55
739.77,185.05,67.148,136.57
742.49,183.93,65.824,133.88
748.2,185.46,63.889,129.94
751.46,184.13,65.173,132.55
755.67,183.36,66.483,135.22
759.78,184.53,65.173,132.55
763.57,183.09,65.824,133.88
768.9,184.68,65.173,132.55
776.69,183.05,67.148,136.57
783.04,181.78,69.182,140.71
767.6,190.65,67.148,136.57
770.25,187.46,69.182,140.71
801.37,178.11,70.573,143.54
804.86,178.29,68.497,139.32
809.58,178.53,67.819,137.94
813.8,178.04,69.182,140.71
817.57,177.29,69.874,142.12
821.43,176.14,71.991,146.42
824.31,176.51,71.991,146.42
827.8,174.83,71.991,146.42
831.13,175.73,69.874,142.12
832.07,174.23,71.278,144.97
833.21,174.16,70.573,143.54
832.58,175.7,69.874,142.12
833.98,174.62,71.991,146.42
837.48,174.27,72.711,147.89
843.43,176.65,71.278,144.97
844.7,175.33,71.991,146.42
850.38,174.87,73.438,149.37
850.26,174.69,74.914,152.37
858.41,172.39,75.663,153.89
862.55,174.33,74.173,150.86
862.85,172.29,75.663,153.89
862.88,171.44,75.663,153.89
864.33,170.27,75.663,153.89
862.74,169.06,77.956,158.55
861.82,169.6,77.184,156.99
859.43,169.5,76.42,155.43
861.95,170.53,74.914,152.37
863.37,169.7,74.914,152.37
865.19,170.71,73.438,149.37
864.55,171.42,73.438,149.37
865.63,170.78,73.438,149.37
864.46,172.76,74.173,150.86
865.38,173.3,73.438,149.37
864.72,175.28,74.173,150.86
866.26,177.06,72.711,147.89
866.99,181.58,70.573,143.54
871.62,182.78,70.573,143.54
871.53,181.9,72.711,147.89
876.26,179.32,74.914,152.37
878.83,180.34,72.711,147.89
881.44,178.42,72.711,147.89
885.82,176.47,72.711,147.89
888.49,173.61,74.914,152.37
894.2,171.76,76.42,155.43
896.23,171.48,77.956,158.55
899.49,173.45,77.184,156.99
901.72,172.89,79.523,161.74
905.08,174.97,81.121,164.99
907.32,179.51,78.736,160.14
908.41,182.42,77.184,156.99
909.14,182.36,77.956,158.55
909.16,176.09,78.736,160.14
903.96,171.36,79.523,161.74
888.97,162.28,81.933,166.64
897.36,152.2,84.415,171.69
889.74,150.87,86.112,175.14
886.83,152.83,84.415,171.69
881.99,156.4,83.58,169.99
876.56,161.56,83.58,169.99
878.23,162.81,84.415,171.69
875,162.64,86.112,175.14
872.45,164.14,85.26,173.41
870.09,163.4,85.26,173.41
865.47,165,82.752,168.31
861.88,164.26,83.58,169.99
858.02,162.81,86.112,175.14
854.98,163.24,83.58,169.99
852.9,160.22,85.26,173.41
853.66,159.24,85.26,173.41
855.23,156.71,87.843,178.66
858.45,158.61,85.26,173.41
862.73,158.18,84.415,171.69
865.45,156.89,86.112,175.14
866.36,155.78,88.721,180.45
866.04,154.32,91.41,185.92
866.83,152.54,94.18,191.55
868.18,153.68,93.247,189.66
868.2,153.04,93.247,189.66
867.17,151.56,93.247,189.66
864.88,151.2,93.247,189.66
861.85,147.25,96.073,195.4
859.82,147.26,96.073,195.4
857.13,145.57,97.033,197.36
857.1,147.61,94.18,191.55
856.95,151.52,91.41,185.92
856.55,151.24,92.324,187.78
848.2,147.16,95.121,193.47
843.97,146.42,97.033,197.36
837.66,148.3,94.18,191.55
833.45,146.39,97.033,197.36
825.71,148.26,96.073,195.4
819.67,148.32,98.004,199.33
816.55,150,97.033,197.36
810.56,150.3,96.073,195.4
805.23,155.88,93.247,189.66
803.24,157.81,91.41,185.92
786.91,158.86,91.41,185.92
776.39,159.91,92.324,187.78
769.98,157.4,93.247,189.66
760.8,157.4,93.247,189.66
758.21,154.48,94.18,191.55
753.6,156.42,92.324,187.78
751.16,156.91,89.609,182.25
750.63,157.61,86.973,176.89
752.52,156.7,86.112,175.14
751.5,157.14,83.58,169.99
750.63,154.35,86.112,175.14
748.92,156.11,86.112,175.14
751.19,154.36,87.843,178.66
735.23,159.88,86.112,175.14
730.55,157.93,86.112,175.14
751.44,154.21,86.112,175.14
721.43,155.2,87.843,178.66
741.03,154.85,86.973,176.89
736.39,158.78,85.26,173.41
735.19,161.1,83.58,169.99
737.23,159.27,85.26,173.41
732.49,160.71,85.26,173.41
729.48,161.71,84.415,171.69
725.61,162.49,82.752,168.31
719.61,160.26,84.415,171.69
715.97,157.67,86.973,176.89
713.38,156.54,89.609,182.25
706.15,152.54,92.324,187.78
666.06,148.43,95.121,193.47
681.6,148.24,92.324,187.78
675.78,150.03,89.609,182.25
668.09,150.79,89.609,182.25
661.74,154.84,86.973,176.89
656.4,158.64,85.26,173.41
650.27,161.69,82.752,168.31
646.99,160.97,84.415,171.69
639.85,161.9,83.58,169.99
632.44,166.96,81.121,164.99
625.28,170.14,78.736,160.14
619.26,172.81,76.42,155.43
615.85,174.26,74.173,150.86
613.11,175.93,71.991,146.42
612.81,174.01,73.438,149.37
610.19,174.98,74.173,150.86
608.59,174.53,74.173,150.86
607.36,176.59,71.991,146.42
605.41,175.46,72.711,147.89
604.68,177.44,71.278,144.97
603.92,180.12,69.182,140.71
604.87,183.24,67.148,136.57
607.16,184.97,69.182,140.71
606.6,187.68,67.148,136.57
604.07,187.06,69.182,140.71
596.18,187.47,67.819,137.94
589.96,187.11,69.182,140.71
584.59,187.76,67.148,136.57
580.78,185.57,68.497,139.32
577.56,184.43,69.182,140.71
574.79,182.12,71.278,144.97
572.82,180.14,73.438,149.37
572.46,180.39,73.438,149.37
571.84,181.76,71.991,146.42
571.43,184.5,70.573,143.54
569.78,185.15,71.278,144.97
567.64,187.17,69.874,142.12
564.43,186.13,71.278,144.97
562.09,186.87,70.573,143.54
559.75,188.51,68.497,139.32
556.64,187.95,69.182,140.71
553.48,186.76,70.573,143.54
551.64,185.49,71.278,144.97
547.72,186.17,69.874,142.12
546.82,187.05,67.819,137.94
546.47,187.47,67.148,136.57
546.59,189.14,65.173,132.55
546.39,191.19,63.889,129.94
544.83,192.52,63.256,128.66
543.83,194.86,62.01,126.12
543.8,195.08,63.256,128.66
544.07,198.01,61.396,124.87
542.66,197.71,62.01,126.12
542.39,198.08,62.01,126.12
542.42,198.4,62.63,127.38
540.6,196.2,64.527,131.24
540.29,195.38,65.173,132.55
538.97,192.98,67.148,136.57
538.15,192.99,66.483,135.22
539.11,193.62,65.824,133.88
538.78,192.4,67.819,137.94
540.25,192.64,68.497,139.32
542.24,192.66,69.182,140.71
543.5,194.13,68.497,139.32
543.93,195.49,66.483,135.22
544.71,197.34,64.527,131.24
546.24,198.38,63.889,129.94
548.34,198.75,62.01,126.12
552.82,197.96,62.63,127.38
556.32,199.72,61.396,124.87
562.78,198.07,61.396,124.87
566.01,198.34,60.788,123.64
568.83,200.37,60.186,122.41
569.84,199.82,59.59,121.2
572.4,198.12,60.788,123.64
576.67,196.86,61.396,124.87
582.63,196.34,61.396,124.87
589.03,195.32,61.396,124.87
593.85,193.72,62.63,127.38
598.17,193.55,61.396,124.87
602.88,192.95,61.396,124.87
606.54,192.35,59.59,121.2
609.51,191.15,61.396,124.87
611.65,190.45,59.59,121.2
613.87,189.13,61.396,124.87
615.51,187.69,62.63,127.38
617.47,185.18,64.527,131.24
621.14,185.99,63.256,128.66
626.03,186.31,62.63,127.38
629.39,186.68,62.63,127.38
633.22,187.52,60.788,123.64
634.75,186.8,62.01,126.12
637.14,185.66,63.256,128.66
641.17,187.94,61.396,124.87
643.4,188.95,59.59,121.2
644.94,187.4,60.788,123.64
647.83,188.27,59.59,121.2
650.11,189.62,57.837,117.64
651.14,189.01,59,120
651.65,189.85,58.416,118.81
651.07,189.23,59,120
648.97,189.21,59,120
647.84,190.28,58.416,118.81
643.9,188.77,60.186,122.41
638.87,188.22,60.788,123.64
633.8,187.95,61.396,124.87
629.55,187.84,62.01,126.12
628.86,190.14,60.186,122.41
626.73,190.85,59.59,121.2
625.04,193.11,57.837,117.64
620.84,193.79,56.698,115.32
618.18,195.14,55.581,113.05
616.06,195.44,55.581,113.05
615.17,195.72,55.581,113.05
613,195.6,55.581,113.05
610.68,196.41,53.946,109.72
607.85,195.08,55.581,113.05
606.14,195.01,55.581,113.05
605.18,195.25,55.581,113.05
604.59,195.35,55.581,113.05
604.1,195.55,55.581,113.05
603.68,195.89,55.03,111.93
603.68,197.76,53.946,109.72
602.52,197.21,55.03,111.93
601.91,197.95,55.03,111.93
601.82,199.87,53.946,109.72
600.71,199.29,55.581,113.05
600.56,199.37,55.581,113.05
599.05,198.72,56.136,114.18
598.91,200.49,54.486,110.82
599.02,201.69,53.946,109.72
598.67,202.12,53.946,109.72
598.04,201.17,54.486,110.82
598.1,202.09,53.946,109.72
597.99,201.27,54.486,110.82
597.95,201.53,54.486,110.82
599.25,200.95,55.581,113.05
600.07,201.6,55.581,113.05
601.82,203.68,53.946,109.72
603.7,202.98,55.581,113.05
605.38,202,57.265,116.47
607.84,203.26,57.265,116.47
611.31,203.33,59,120
614.46,202.84,60.788,123.64
620.55,204.76,59.59,121.2
624.5,204.63,61.396,124.87
627.35,204.55,63.256,128.66
635.49,204.11,65.173,132.55
643.18,201.05,63.256,128.66
648.62,197.34,64.527,131.24
657.45,195.63,63.889,129.94
665.98,191.05,63.256,128.66
674.4,190.86,61.396,124.87
679.94,189.31,60.788,123.64
686.2,191.34,60.186,122.41
693.51,193.53,60.186,122.41
699.22,194.59,60.788,123.64
695.93,196.36,59,120
699.4,199.5,57.837,117.64
704.04,199.92,59,120
718.15,201.21,57.265,116.47
722.97,200.89,57.837,117.64
694.23,193.85,57.265,116.47
699.12,196.78,55.581,113.05
698.01,191.8,54.486,110.82
703.24,194.72,53.946,109.72
703.22,191.89,52.36,106.49
704.13,190.31,53.946,109.72
710.61,195.39,52.36,106.49
716.2,197.21,50.82,103.36
720.47,197.34,50.316,102.34
727.26,198.79,49.818,101.33
726.31,195.32,50.82,103.36
720.68,190.98,51.328,104.4
736.95,190.74,49.818,101.33
735.56,190.64,49.818,101.33
731.49,190.63,48.837,99.329
731.35,190.08,50.316,102.34
733.99,190.11,51.841,105.44
729.02,189.49,51.328,104.4
780.19,195.08,52.36,106.49
778.58,193.79,53.946,109.72
776.94,192.41,55.581,113.05
775.1,190.64,56.698,115.32
775.43,191.81,55.581,113.05
774.23,191.35,55.581,113.05
772.76,190.97,55.03,111.93
771.93,191.08,55.581,113.05
770.41,191.54,55.581,113.05
767.51,191.88,55.581,113.05
766.32,194.24,53.946,109.72
762.25,194.3,53.946,109.72
757.5,194.83,53.946,109.72
752.11,195.29,53.946,109.72
748.67,197.48,52.36,106.49
744.79,198.02,51.841,105.44
743.96,198.04,51.841,105.44
742.08,197.66,52.36,106.49
742.59,194.41,53.946,109.72
741.23,194.24,55.581,113.05
738.09,192.09,56.698,115.32
731.2,197.24,55.03,111.93
731.17,199.03,53.946,109.72
713.36,199.67,52.36,106.49
711.09,201.53,50.82,103.36
708.15,204.06,49.325,100.32
703.73,205.02,49.325,100.32
697.35,205.13,49.818,101.33
694.05,204.99,49.818,101.33
688.38,203.42,50.316,102.34
684.05,204.91,49.325,100.32
677.9,206.17,49.325,100.32
674.19,203.37,50.82,103.36
674.18,204.04,50.316,102.34
668.11,207.1,51.841,105.44
666.52,204.39,53.412,108.63
662.24,202.13,53.412,108.63
645.55,200.38,51.841,105.44
639.5,202.62,50.316,102.34
637.41,204.26,49.325,100.32
634.28,204.84,50.316,102.34
616.28,205.68,50.316,102.34
618.02,206.51,49.325,100.32
611.31,206.81,48.837,99.329
609.38,206.79,48.353,98.345
601.37,206.79,49.818,101.33
597.04,207.69,49.818,101.33
589.4,209.84,48.353,98.345
587.43,209.26,49.325,100.32
583.74,208.83,50.316,102.34
598.8,213.77,50.316,102.34
562.36,206.22,50.82,103.36
557.65,204.87,51.841,105.44
554.06,205.86,50.316,102.34
550.11,207.56,49.325,100.32
544.9,208.97,47.874,97.372
540.03,211.45,46.931,95.453
532.77,211.25,48.353,98.345
526.48,213.14,46.931,95.453
520.52,215.13,45.551,92.646
513.75,214.29,46.006,93.572
504.5,213.14,46.466,94.508
494.94,213.05,47.4,96.408
496.06,213.6,46.466,94.508
497.5,212.33,45.551,92.646
493.45,213.43,46.006,93.572
492.37,213.84,45.551,92.646
489.19,213.59,46.931,95.453
487.56,215.55,46.006,93.572
480.83,217.69,44.653,90.82
476.79,218.55,44.211,89.921
472.62,218.37,44.653,90.82
467.27,219.32,44.211,89.921
462.81,218.67,45.1,91.728
458.54,217.63,46.006,93.572
454.23,216.23,47.4,96.408
449.06,215.29,47.874,97.372
440.39,216.07,46.466,94.508
437.68,217.87,45.1,91.728
434.23,217.25,46.006,93.572
430.57,215.5,47.4,96.408
428.17,215.57,47.4,96.408
425.12,214.58,48.837,99.329
421.79,216.25,48.837,99.329
419.41,220.76,47.4,96.408
417.97,223.21,46.466,94.508
416.09,224.91,46.006,93.572
414.48,224.5,45.551,92.646
414.24,225.07,45.1,91.728
414.54,224.39,46.006,93.572
414.62,223.98,46.931,95.453
413.93,222.75,47.874,97.372
413.76,221.97,47.874,97.372
415.1,222.84,47.4,96.408
416.03,224.54,47.4,96.408
422.2,233.45,47.4,96.408
423.95,233.41,46.006,93.572
409.78,222.16,47.4,96.408
413.14,205.93,47.4,96.408
422.26,201.94,48.353,98.345
422.85,223.59,46.931,95.453
428.46,224.37,47.4,96.408
431.6,223.58,48.837,99.329
436.27,225.91,47.4,96.408
440.49,226.84,46.006,93.572
443.04,225.61,47.4,96.408
443.75,223.86,48.353,98.345
447.02,222.97,46.931,95.453
452.13,222.92,46.006,93.572
455.62,222.56,46.466,94.508
458.44,222.84,46.466,94.508
461.77,223.63,46.466,94.508
463.15,224.05,46.466,94.508
464.03,224.22,47.4,96.408
468.15,222.49,47.4,96.408
470.91,218.86,47.874,97.372
473.72,217.57,47.4,96.408
477.54,217.36,46.006,93.572
479.2,215.02,47.4,96.408
480.68,214.4,47.4,96.408
481.94,214.97,46.006,93.572
473.13,210.01,46.931,95.453
476.86,211.1,46.006,93.572
476.91,214.41,45.1,91.728
504.33,197.14,46.006,93.572
500.08,198.17,46.006,93.572
496.44,197.98,46.466,94.508
488.18,197.53,45.551,92.646
486.67,199.62,46.466,94.508
501.76,204.57,45.1,91.728
505.79,205.69,44.211,89.921
508.56,207.42,45.551,92.646
513.08,209.86,44.211,89.921
522.3,213.71,43.34,88.149
556,236.63,44.211,89.921
557.53,237.69,44.211,89.921
560.98,240.26,43.34,88.149
547.71,224.45,44.211,89.921
563.47,237.03,45.551,92.646
566.87,237.8,46.006,93.572
568.31,237.96,46.006,93.572
569.25,237.56,46.466,94.508
569.89,237.66,46.006,93.572
571.35,237.97,46.006,93.572
570.94,237.43,46.006,93.572
571.1,239.23,46.006,93.572
563.84,236.4,47.4,96.408
579.72,250.16,47.4,96.408
579.69,252.19,46.006,93.572
576.46,253.32,44.653,90.82
587.49,225.86,43.34,88.149
589.28,213.25,42.065,85.557
589.56,213.51,42.065,85.557
587.14,214.14,41.649,84.71
583.82,212.77,42.911,87.276
581.44,214.49,41.649,84.71
581.08,215.69,41.237,83.871
575.25,216.21,42.065,85.557
569.28,216.96,41.649,84.71
562.43,218.27,40.424,82.218
557.27,217.51,41.649,84.71
551.32,215.3,42.911,87.276
545.68,214.13,44.211,89.921
540.17,212.98,45.1,91.728
533.66,212.12,45.551,92.646
530.71,210.91,46.931,95.453
529.32,213.54,46.931,95.453
525.91,215.59,45.551,92.646
524.24,217.21,44.211,89.921
519.95,215.57,45.1,91.728
517.77,215.48,46.006,93.572
514.78,215,45.551,92.646
514.44,215.32,46.006,93.572
512.43,216.17,45.1,91.728
510.13,215.17,46.466,94.508
508.94,216.32,46.006,93.572
507.04,217.15,45.1,91.728
505.57,216.67,46.466,94.508
504.97,216.91,46.466,94.508
504.29,217.62,46.006,93.572
503.06,217.28,46.466,94.508
501.16,217.82,45.1,91.728
500.78,217.42,45.1,91.728
499.03,216.67,44.653,90.82
499.69,218.49,43.34,88.149
500.08,219.07,42.911,87.276
500.66,218.98,43.34,88.149
501.63,220.48,42.065,85.557
502.27,220.75,42.065,85.557
503.61,221.55,41.649,84.71
504.19,221.63,42.065,85.557
504.08,220.21,42.911,87.276
504.63,220.11,42.911,87.276
505.94,218.18,44.211,89.921
506.73,217.35,45.1,91.728
509.04,216.57,46.006,93.572
511.19,216.28,46.006,93.572
513,217.11,46.006,93.572
515.61,216.61,46.466,94.508
517.54,216.33,46.931,95.453
519.14,217.03,45.551,92.646
521.78,218.28,44.653,90.82
522.3,219.01,43.34,88.149
523.11,219.92,42.486,86.412
523.32,219.26,43.34,88.149
524.19,220.83,42.065,85.557
523.07,221.68,42.065,85.557
521.53,222.39,41.649,84.71
519.58,222.09,41.649,84.71
517.33,223.53,41.237,83.871
513.09,219.56,42.486,86.412
513.25,220.34,42.911,87.276
514.02,221.48,42.065,85.557
514.36,222.41,40.828,83.041
513.85,221.39,42.065,85.557
511.3,219.51,42.911,87.276
508.85,220.24,42.486,86.412
507.91,219.13,43.34,88.149
504.6,219.05,44.653,90.82
501.59,220.79,43.34,88.149
498.61,221.04,42.486,86.412
491.3,219.81,42.486,86.412
488.67,220.81,42.065,85.557
478.6,223.02,42.486,86.412
471.75,223.42,42.911,87.276
468.06,224.83,41.649,84.71
466.14,224.35,41.237,83.871
464.77,223.99,42.065,85.557
464.24,224.18,41.237,83.871
463.88,224.22,41.237,83.871
463.46,225.47,41.237,83.871
446.16,223.44,41.237,83.871
441.26,221.45,42.486,86.412
438.57,221.15,42.911,87.276
435.48,221.13,42.911,87.276
432.25,221.78,42.911,87.276
429.29,223.05,42.065,85.557
424.25,221.93,42.911,87.276
419.48,221.95,42.486,86.412
415.18,221.46,42.911,87.276
411.38,222.51,42.486,86.412
407.31,223.43,42.065,85.557
403.74,222.93,42.065,85.557
401.09,223.31,41.237,83.871
397.67,222.06,42.065,85.557
395.51,221.82,41.649,84.71
393.23,223.34,41.237,83.871
391.3,223.19,40.024,81.404
390.52,222.35,41.237,83.871
389.71,222.61,42.065,85.557
388.5,222.02,42.486,86.412
386.44,222.59,42.911,87.276
387.61,224.79,41.649,84.71
385.42,224.43,42.486,86.412
383.73,227.06,41.237,83.871
382.17,225.99,41.649,84.71
379.71,223.91,42.911,87.276
379.67,225.56,42.065,85.557
379.26,226.02,41.649,84.71
378.58,225.69,41.237,83.871
378.31,226.25,40.024,81.404
379.24,226.13,39.235,79.8
378.53,225.19,40.424,82.218
378.07,224.29,41.649,84.71
378.35,224.12,41.649,84.71
377.98,223.35,42.065,85.557
378.18,223.73,41.649,84.71
376.51,221.86,42.911,87.276
377.2,222.7,42.486,86.412
376.79,222.03,43.34,88.149
376.95,223.12,42.486,86.412
378.06,225.09,41.237,83.871
378.05,225.46,41.237,83.871
377.88,225.46,41.237,83.871
378.02,225.61,41.237,83.871
376.65,225.25,40.828,83.041
377.11,225.34,41.649,84.71
376.24,223.91,42.486,86.412
376.29,223.6,42.486,86.412
378.17,224.97,41.649,84.71
379.22,224.66,42.065,85.557
380.65,224.44,41.649,84.71
381.13,224.23,42.065,85.557
380.69,223.33,42.486,86.412
382.21,224.63,41.649,84.71
382.69,223.93,42.486,86.412
384.15,224.43,42.065,85.557
384.77,222.25,43.34,88.149
386.96,222.8,42.486,86.412
388.45,222.35,42.486,86.412
391.52,224.68,41.237,83.871
393.57,224.81,41.237,83.871
394.92,224.82,41.237,83.871
396.32,226.48,40.024,81.404
398.04,225.03,41.237,83.871
398.68,224.88,40.828,83.041
399.47,225.19,40.424,82.218
399.3,225.39,39.628,80.598
400.91,225.82,40.424,82.218
397.97,247.51,41.649,84.71
389.49,250.13,40.828,83.041
397.51,250.93,39.628,80.598
400.2,249.08,38.847,79.01
405.01,245.32,37.704,76.687
410.5,241.05,37.704,76.687
413.78,240.81,37.331,75.927
416.89,239.9,37.704,76.687
423.07,242.07,36.595,74.431
429.25,246.86,36.233,73.694
442.41,250.6,37.331,75.927
446.67,254.41,36.595,74.431
457.23,254.79,37.704,76.687
467.34,255.09,37.704,76.687
475.88,256.86,36.595,74.431
482.12,252.8,35.519,72.242
484.63,250.14,34.819,70.819
485.49,246.23,35.167,71.527
490.59,241.69,36.233,73.694
493.06,240.64,35.167,71.527
496.37,242.22,34.474,70.118
496.91,243.23,34.819,70.819
498.98,247.58,35.167,71.527
497.49,250.79,36.233,73.694
496.85,256.44,35.519,72.242
487.58,264.11,36.233,73.694
488.48,250.45,36.595,74.431
511.02,262.08,35.519,72.242
511.14,261.88,35.874,72.965
526.35,253.7,34.819,70.819
525.3,259.74,34.133,69.423
538.18,256.82,34.133,69.423
518.53,255.37,34.474,70.118
519.18,254.99,33.795,68.736
518.68,254.95,34.133,69.423
517.63,255.96,34.133,69.423
515.13,254.69,34.819,70.819
515.53,256.48,33.795,68.736
515.12,256.91,33.795,68.736
514.25,259.25,32.801,66.714
510.44,258.41,33.461,68.055
508.04,259.24,33.129,67.382
504.89,260.03,32.155,65.4
505.36,260.53,31.837,64.752
502.45,263.61,31.209,63.477
506.92,236.19,30.291,61.61
514.2,241.14,29.401,59.798
517.73,242.49,28.821,58.62
520.7,242.67,28.821,58.62
529.05,244.28,27.974,56.896
528.38,242.69,27.697,56.332
530.2,242.82,28.253,57.464
532.9,246.46,28.253,57.464
531.57,241.89,29.109,59.206
545.51,236.87,28.821,58.62
546.47,232.38,29.695,60.396
548.4,230.77,30.594,62.226
548.96,229.35,31.521,64.111
550.02,228.08,31.837,64.752
550.72,228.25,31.521,64.111
562.2,258.84,30.9,62.848
565.17,258.82,31.209,63.477
567.08,261.11,30.9,62.848
573.53,249.88,29.992,61
575.25,249.6,29.401,59.798
577.75,248.21,29.109,59.206
575.37,246.54,29.695,60.396
570.25,242,29.401,59.798
585.79,240.58,29.992,61
591.26,236.16,30.9,62.848
596.21,239.05,31.837,64.752
599.24,250.32,31.837,64.752
599.57,260.07,31.521,64.111
608.48,251.22,31.837,64.752
608.67,251.89,32.477,66.054
608.95,249.87,31.837,64.752
611.07,253.94,31.209,63.477
610.83,253.3,30.594,62.226
611.42,251.33,29.695,60.396
611.74,249.16,29.401,59.798
613.79,248.52,29.992,61
613.7,246.68,29.401,59.798
611.33,254.35,29.992,61
613.78,245.46,29.109,59.206
611.21,246.07,29.695,60.396
608.12,250.48,29.401,59.798
607.25,251.61,28.536,58.039
606.7,250.74,29.109,59.206
605.61,229.41,29.401,59.798
606.68,228.85,28.821,58.62
605.25,228.51,29.695,60.396
601.74,228.52,30.594,62.226
606.23,225.4,30.291,61.61
606.9,225.15,30.9,62.848
604.63,223.71,31.837,64.752
604.02,225.13,32.801,66.714
603.54,225.13,32.801,66.714
605.77,224.81,32.801,66.714
605.9,224.74,33.461,68.055
604.57,223.91,34.474,70.118
604.65,222.99,35.519,72.242
607.11,223.35,35.167,71.527
607.18,221.6,35.874,72.965
608.37,221.09,35.874,72.965
609.72,221,36.595,74.431
610.03,219.66,37.704,76.687
615.44,220.39,36.595,74.431
618.77,219.31,36.961,75.176
621.29,217.81,38.081,77.453
625.35,218.24,37.331,75.927
628.33,219.27,36.233,73.694
631.71,219.91,35.167,71.527
635.13,220.65,34.474,70.118
636.43,219.77,35.519,72.242
638.99,220,34.819,70.819
639.74,220.69,34.474,70.118
639.57,221.35,34.133,69.423
638.48,221.7,33.461,68.055
634.39,220.62,34.474,70.118
630.39,219.52,33.461,68.055
629.19,218.23,34.474,70.118
627.15,217.77,35.167,71.527
628.47,218.82,34.133,69.423
629.14,219.7,33.129,67.382
628.77,219.1,33.461,68.055
630.59,219.76,32.477,66.054
630.64,219.67,32.155,65.4
635.22,235.08,32.801,66.714
636.36,232.53,33.795,68.736
637.14,230.98,33.129,67.382
633.23,242.49,34.133,69.423
633.8,243.25,33.129,67.382
633.99,240.97,33.129,67.382
633.97,242.38,33.795,68.736
633.9,242.11,33.129,67.382
635.14,242.57,32.477,66.054
636,232.58,31.521,64.111
635.68,243.4,32.477,66.054
635.64,232.34,31.837,64.752
635.28,231.64,32.155,65.4
637.77,221.92,31.521,64.111
638.6,224.27,30.9,62.848
640.17,223.84,30.291,61.61
641.48,223.78,30.291,61.61
642,223.44,29.695,60.396
641.9,225.12,30.291,61.61
643.9,221.76,30.9,62.848
644.27,222.94,29.992,61
644.75,223.16,29.695,60.396
644.88,223.39,30.594,62.226
645.66,223.87,31.209,63.477
646.09,222.08,32.155,65.4
646.3,222.56,32.801,66.714
647.37,220.07,33.129,67.382
647.64,219.5,34.133,69.423
647.73,218.18,34.819,70.819
648.98,219.27,34.133,69.423
651.62,219,34.474,70.118
652.26,216.83,34.819,70.819
655.72,217.1,35.167,71.527
658.14,216.34,36.233,73.694
657.88,215.36,35.874,72.965
659.26,214.62,36.961,75.176
660.89,214.15,36.961,75.176
661.04,213.09,37.704,76.687
663.44,214.44,36.961,75.176
665.3,215.95,36.233,73.694
666.99,217.86,35.167,71.527
669.28,221.57,34.474,70.118
670.69,224.58,34.474,70.118
673.66,225.15,33.795,68.736
675.26,228.56,32.801,66.714
675.95,230.43,31.837,64.752
690.1,238.26,31.521,64.111
691.1,239.17,30.9,62.848
693.69,240.4,29.992,61
703.37,240.11,29.992,61
700.85,238.51,30.594,62.226
700.58,239.65,29.992,61
702.27,228.59,30.9,62.848
707.38,247.66,30.9,62.848
710.19,245.85,30.594,62.226
710.29,243.66,31.521,64.111
711.33,246.07,31.837,64.752
696.21,238.53,32.477,66.054
711.94,244.47,33.461,68.055
714.5,248.61,32.477,66.054
717.22,246.73,31.837,64.752
721,239.66,31.209,63.477
721.29,236.77,30.9,62.848
727.35,219.65,31.837,64.752
727.88,221.27,32.477,66.054
727.89,223.78,32.477,66.054
727.36,222.06,33.129,67.382
727.34,222.14,33.129,67.382
728.82,219.73,34.133,69.423
730.36,217.21,34.819,70.819
731.56,213.06,35.519,72.242
737.48,213.56,35.519,72.242
739.06,211.84,35.874,72.965
741.58,212.29,36.595,74.431
747.9,214.49,35.519,72.242
749.41,215.27,34.819,70.819
752.76,215.06,35.519,72.242
768.92,217.77,36.595,74.431
771.57,218.83,37.331,75.927
789.37,182.99,36.595,74.431
800.61,181.98,36.595,74.431
813.81,181.78,36.233,73.694
822.58,181.93,35.167,71.527
832.67,181.24,34.819,70.819
846.59,183.65,34.133,69.423
859.1,184.86,33.129,67.382
873.4,188.75,32.477,66.054
885.62,191.29,31.521,64.111
898.59,192.06,30.594,62.226
912.92,191.9,30.594,62.226
924.17,190.15,30.594,62.226
935.49,189.74,30.9,62.848
942.22,188.93,29.992,61
948.62,187.87,29.109,59.206
949.02,197.3,29.401,59.798
932.75,216.48,29.992,61
927.08,191.5,29.401,59.798
881.1,174.73,30.291,61.61
882.5,173.6,31.209,63.477
883.77,169.98,31.837,64.752
885.24,168.83,32.801,66.714
888.46,166.21,33.461,68.055
893.5,165.55,34.474,70.118
897.34,163.23,35.519,72.242
900.69,162.54,36.595,74.431
902.76,157.99,37.704,76.687
909.18,158.63,36.595,74.431
914.81,157.39,37.331,75.927
921.97,157.06,37.331,75.927
929.04,159,36.233,73.694
933.45,158.23,36.961,75.176
919,174.52,38.081,77.453
923.84,176.78,36.961,75.176
927.09,177.97,37.331,75.927
928.59,175.84,38.462,78.228
930.76,175.5,39.235,79.8
933.64,175.97,39.235,79.8
936.65,174.87,38.847,79.01
940.31,174.62,38.462,78.228
942.21,175.26,38.081,77.453
936.46,222.34,37.331,75.927
935.48,219.76,37.704,76.687
936.18,217.18,37.704,76.687
935.61,218.72,37.704,76.687
932.84,218.1,36.961,75.176
926.52,219.32,37.331,75.927
920.46,205.98,37.331,75.927
917.47,221.51,36.233,73.694
912.08,208.74,35.167,71.527
937.11,214.59,35.167,71.527
930.37,216.42,35.167,71.527
923.05,219.94,35.874,72.965
921,221.43,35.519,72.242
920.46,223.28,34.819,70.819
918.77,224.28,35.167,71.527
892.25,215.61,34.819,70.819
890.79,218.11,34.133,69.423
889.74,227.93,33.461,68.055
888.78,226.05,34.133,69.423
889.09,222.15,33.795,68.736
889.29,218.57,33.129,67.382
888.83,217.38,32.801,66.714
887.05,216.33,33.795,68.736
885.79,216.97,34.133,69.423
884.12,220.53,33.129,67.382
883.69,223.47,34.133,69.423
882.28,221.9,35.167,71.527
880.56,222.68,35.874,72.965
879.33,226.15,36.595,74.431
878.68,230.16,35.874,72.965
877.32,234.98,35.519,72.242
875.57,234.04,36.233,73.694
873.89,232.31,37.331,75.927
909.27,218.06,38.462,78.228
912.36,215.27,39.235,79.8
914.02,214.84,38.462,78.228
915.93,215.79,37.704,76.687
916.65,215.82,38.462,78.228
915.27,219.1,39.628,80.598
918.96,224.09,40.828,83.041
922.28,226.69,39.628,80.598
923.3,228.01,38.462,78.228
922.17,227.23,39.628,80.598
898.22,217.93,39.235,79.8
898.15,215.47,40.024,81.404
894.12,220.59,38.847,79.01
897.03,220.4,39.628,80.598
903.3,222.22,38.847,79.01
910.44,223.65,38.462,78.228
934.44,233.28,37.331,75.927
933.75,233.36,37.331,75.927
927.86,214.49,37.331,75.927
924.4,209.03,36.233,73.694
920.04,205.08,35.167,71.527
917.54,205.99,34.474,70.118
911.67,221.63,34.474,70.118
906.03,226.64,34.133,69.423
899.54,217.19,35.167,71.527
891.48,220.91,36.233,73.694
883.54,224.58,36.961,75.176
872.38,226.71,37.704,76.687
892.05,234.79,37.704,76.687
880.95,234.87,38.847,79.01
869.64,236.29,39.628,80.598
854.65,237.3,40.424,82.218
843.47,237.94,40.828,83.041
829.38,239.67,40.024,81.404
819.65,242.51,40.024,81.404
809.52,244.93,40.024,81.404
799.45,247.42,40.828,83.041
791.22,250.26,39.628,80.598
781.38,251.04,39.628,80.598
772.49,253.02,38.847,79.01
764.61,252.24,39.628,80.598
759.21,252.13,38.462,78.228
757.07,251.43,37.331,75.927
752.03,250.03,36.233,73.694
745.64,246.38,35.874,72.965
743.76,243.29,35.167,71.527
744.09,240.79,35.167,71.527
745.68,237.81,36.233,73.694
749.26,236.74,37.331,75.927
750.95,234.26,38.462,78.228
752.58,233.39,38.847,79.01
754.12,232.43,39.628,80.598
755.43,232.95,39.628,80.598
754.43,234.21,40.424,82.218
737.09,234.41,39.235,79.8
732.27,236.92,38.462,78.228
728.38,239.08,37.704,76.687
725.62,242.06,37.331,75.927
724.5,242.27,37.331,75.927
721.32,241.76,38.081,77.453
719.86,243.75,37.331,75.927
715.26,244.22,36.961,75.176
710.11,242.99,37.704,76.687
705.63,243.2,37.704,76.687
701.14,243.27,37.704,76.687
724.22,248.09,36.961,75.176
719.55,250.23,35.874,72.965
715.69,249.45,35.167,71.527
710.37,251.23,34.133,69.423
704.07,249.12,34.819,70.819
701.19,250.38,33.795,68.736
696.72,249.26,33.129,67.382
692.91,250.25,32.801,66.714
687.67,249.08,33.461,68.055
683.23,249.09,33.461,68.055
681.05,249.8,32.801,66.714
669.94,263.28,33.795,68.736
665.24,259.3,33.129,67.382
674.03,250.77,33.461,68.055
677.23,249.21,34.474,70.118
691.31,229.19,34.819,70.819
705.83,222.51,35.519,72.242
700.21,221.82,34.819,70.819
695.27,222.44,33.795,68.736
687.11,222.25,33.461,68.055
680.27,223.21,33.461,68.055
672.89,223.41,33.129,67.382
664.39,225.57,32.155,65.4
657.98,228.19,32.477,66.054
652.08,229.82,31.521,64.111
648,231.3,30.594,62.226
646.23,231.62,30.594,62.226
643.23,232.46,31.209,63.477
640.37,232.79,30.9,62.848
638.98,231.5,30.291,61.61
637.41,229.01,30.594,62.226
636.93,227.19,30.291,61.61
635.48,224.65,30.594,62.226
636.44,225,29.992,61
636.58,223.29,29.401,59.798
637.57,223.3,28.536,58.039
639.63,223.85,27.974,56.896
639.92,223.27,27.697,56.332
640.98,224.68,27.151,55.222
641.62,225.85,26.882,54.675
642.47,226.55,27.697,56.332
643.08,226.92,28.536,58.039
643.55,226.32,29.401,59.798
644.01,227.67,29.109,59.206
644.03,228.65,28.821,58.62
644.1,229.77,27.974,56.896
643.55,229.19,28.821,58.62
643.07,229.31,28.821,58.62
643.04,229.53,28.536,58.039
643.51,230.34,28.253,57.464
643,230.16,28.821,58.62
642.22,229.3,29.695,60.396
641.78,229.45,29.992,61
641.12,230,29.401,59.798
640.93,231.06,28.536,58.039
639.6,230.66,29.401,59.798
638.21,231.14,29.695,60.396
637.72,232.28,29.401,59.798
637.68,233.98,28.536,58.039
637.24,235.26,27.974,56.896
637.37,235.55,27.974,56.896
636.69,235.65,28.536,58.039
637.7,236.14,28.821,58.62
637.31,235.53,29.695,60.396
638.29,237.33,29.109,59.206
637.21,237.15,29.695,60.396
637.9,236.83,29.992,61
637.37,235.9,30.594,62.226
638.35,236.34,29.695,60.396
639.07,238.59,29.109,59.206
639.2,239.56,28.536,58.039
639.72,239.19,29.401,59.798
642.47,239.96,29.695,60.396
644.92,241.25,28.821,58.62
645.49,241.06,29.109,59.206
645.72,240.56,29.992,61
646.17,239.32,30.9,62.848
646.77,239.15,30.9,62.848
647.37,239.51,30.291,61.61
647.7,239.44,30.291,61.61
647.67,238.66,31.209,63.477
648.16,238.51,31.209,63.477
648.57,238.62,30.9,62.848
650.35,238.09,31.209,63.477
650.67,237.4,31.521,64.111
652.57,237.88,31.209,63.477
653.8,238.22,30.594,62.226
655.62,236.99,31.521,64.111
658.61,236.63,32.477,66.054
660.16,236.1,32.801,66.714
661.8,234.43,33.461,68.055
665.11,233.89,33.795,68.736
667.09,233.36,34.474,70.118
669.99,233.12,34.474,70.118
673.38,233.34,34.474,70.118
676.32,233.65,34.133,69.423
679.01,233.72,34.133,69.423
681.29,233.45,34.474,70.118
683.27,234.34,33.795,68.736
684.46,235.12,33.129,67.382
685.46,236.73,32.155,65.4
686.76,238.69,31.837,64.752
684.74,240.19,32.477,66.054
683.15,241.39,33.461,68.055
685.01,245.28,34.474,70.118
688.55,242.59,34.819,70.819
691.08,242.15,34.474,70.118
691.69,241.1,33.795,68.736
690.98,239.49,33.461,68.055
690.3,243.8,33.461,68.055
685.45,242.43,32.477,66.054
678.83,240.72,33.461,68.055
672.87,242.45,33.795,68.736
669.35,244.54,32.801,66.714
664.01,246.41,32.155,65.4
659.11,246.75,32.801,66.714
654.44,248.68,31.837,64.752
651.73,249.61,32.477,66.054
646.37,249.42,33.461,68.055
642.5,247.22,33.129,67.382
638.75,246.24,33.795,68.736
634.4,244.37,34.819,70.819
633.41,244.27,34.474,70.118
631.72,243.79,33.795,68.736
627.59,241.06,33.461,68.055
625.52,234.93,33.129,67.382
624.59,236.52,32.801,66.714
607.28,272.06,32.155,65.4
606.46,272.87,31.209,63.477
603.57,271.65,30.594,62.226
601.98,271.38,31.209,63.477
600.39,271.61,30.9,62.848
599.28,272.66,30.291,61.61
597.65,271.93,29.695,60.396
596.56,272.1,29.992,61
594.62,271.06,30.594,62.226
593.05,269.71,29.992,61
584.96,251.45,29.401,59.798
585.43,250.26,30.291,61.61
584.61,248.93,30.9,62.848
584.2,248.42,30.594,62.226
584.14,248.72,29.695,60.396
583.27,247.86,30.594,62.226
583.4,248.16,30.594,62.226
586.25,265.77,30.594,62.226
586.46,267.42,29.695,60.396
586.57,268.4,29.401,59.798
586.62,269.37,28.536,58.039
586.68,270.26,27.697,56.332
586.54,270.54,27.697,56.332
586.53,271.4,26.882,54.675
588.21,272.08,26.352,53.598
590.14,274.54,26.616,54.134
593,275.24,27.422,55.774
593.65,276.22,26.616,54.134
595.08,275.52,27.422,55.774
595.16,275.58,27.151,55.222
596.69,275.9,26.352,53.598
596.9,275.87,26.092,53.067
597.28,276.84,26.092,53.067
598.42,276.69,26.616,54.134
598.39,276.04,27.422,55.774
598.57,276.22,27.151,55.222
598.85,276.52,26.616,54.134
598.29,275.98,27.151,55.222
597.17,275.36,27.974,56.896
594.7,274.38,28.536,58.039
593.44,274.29,28.821,58.62
591.22,273.47,29.109,59.206
587.42,271.7,29.992,61
584.64,270.56,30.594,62.226
584.6,271.73,29.695,60.396
584.44,271.65,29.695,60.396
583.57,270.72,30.594,62.226
582.93,270.59,30.9,62.848
582.5,270.27,31.209,63.477
581.78,269.17,31.521,64.111
581.62,269,31.521,64.111
582.36,269.72,31.209,63.477
582.15,270.04,30.594,62.226
582.52,270.76,29.695,60.396
582.44,270.85,29.401,59.798
582.91,271.68,28.821,58.62
582.17,271.17,28.821,58.62
581.53,271.32,28.253,57.464
581.05,270.73,27.422,55.774
580.59,271.12,26.616,54.134
579.89,270.9,26.616,54.134
579.61,270.35,26.616,54.134
579.27,270.48,26.616,54.134
578.94,269.83,27.151,55.222
579.71,270.67,26.352,53.598
580.72,269.51,26.882,54.675
580.13,269.31,26.882,54.675
579.31,268.75,27.697,56.332
581.07,270.47,27.974,56.896
581.46,273.18,27.422,55.774
581.23,273.8,27.697,56.332
577.35,258.91,28.253,57.464
577.59,259.28,27.697,56.332
578.12,260.25,26.882,54.675
577.05,261.85,27.151,55.222
573.71,260.94,27.697,56.332
574.58,261.96,26.882,54.675
580.13,273.58,27.422,55.774
580.5,273.52,26.616,54.134
578.46,273.42,26.352,53.598
578.23,272.2,25.577,52.022
578.8,272.96,25.073,50.997
583.31,271.35,24.336,49.497
588.65,269.68,23.62,48.041
592.35,268.75,24.095,49.007
593.56,268.69,24.579,49.992
602.01,270.9,25.324,51.507
602.09,270.78,25.577,52.022
601.58,274.8,24.825,50.492
611.26,266.99,25.073,50.997
588.11,272.92,25.833,52.542
584.21,272.5,26.092,53.067
580.03,272.8,26.352,53.598
576.82,271.26,26.352,53.598
573.08,270.25,25.577,52.022
569.73,268.56,24.825,50.492
566.54,266.89,24.336,49.497
563.42,265.72,23.62,48.041
562.3,265.63,23.857,48.522
561.69,263.7,23.857,48.522
561.09,263.34,23.386,47.566
560.66,263.01,22.699,46.167
561.04,262.76,23.155,47.095
561.91,263.15,22.926,46.628
561.66,262.6,23.386,47.566
559.07,265.25,22.926,46.628
554.18,269.24,22.474,45.71
551.74,270.75,23.155,47.095
549.55,273,23.857,48.522
548.19,272.54,24.095,49.007
548.18,274.37,23.386,47.566
547.27,275.49,23.386,47.566
545.89,275.63,22.926,46.628
541.77,273.75,23.386,47.566
535.43,271.17,22.699,46.167
530.5,269.25,23.386,47.566
526.31,267.3,24.095,49.007
522.7,266.61,23.857,48.522
520.05,266.71,23.386,47.566
516.53,264.75,23.155,47.095
515.19,265.39,22.926,46.628
514.22,265.09,22.474,45.71
514.14,264.8,22.474,45.71
514.25,265.2,22.031,44.809
514.82,265.79,21.813,44.365
516.26,266.53,21.171,43.061
522.07,255.81,20.754,42.212
517.58,267.25,21.171,43.061
522.4,271.72,21.813,44.365
524.98,272.59,21.171,43.061
528.59,272.53,21.597,43.926
533.99,273.61,20.962,42.634
533.45,273.05,21.383,43.491
534.42,272.78,20.962,42.634
533.89,272.27,21.383,43.491
554.23,259.1,22.031,44.809
558.71,259.5,21.383,43.491
561.77,257.75,21.813,44.365
564.79,256.89,22.474,45.71
568.68,255.12,21.813,44.365
573.11,253.49,21.597,43.926
577.94,248.97,21.813,44.365
583.99,258.06,21.813,44.365
570.85,261.86,21.383,43.491
570.87,255.39,22.031,44.809
571.01,252.51,22.031,44.809
579.77,248.1,21.597,43.926
583.09,252.06,21.813,44.365
578.24,261.37,21.813,44.365
574.83,262.7,22.031,44.809
570.94,264.44,21.383,43.491
566.83,259.73,22.031,44.809
564.06,261.09,21.597,43.926
562.9,262.3,21.597,43.926
553.27,253.95,21.813,44.365
562.79,245.94,21.597,43.926
565.18,246.11,20.962,42.634
567.67,246.47,20.549,41.794
569.93,246.67,20.144,40.971
573.22,247.51,19.551,39.766
574.63,247.05,19.551,39.766
575.08,246.84,19.747,40.163
577.2,248.34,19.551,39.766
578.46,248.94,19.166,38.982
579.29,248.93,19.358,39.372
581.5,248.5,19.747,40.163
584.23,249.12,19.166,38.982
586.04,249.41,18.789,38.214
586.58,249,18.236,37.09
588.62,248.71,18.055,36.723
590.29,248.72,18.055,36.723
590.56,248.4,17.7,35.999
591.82,249.35,17.351,35.29
592.06,249.55,17.009,34.595
592.03,249.84,17.351,35.29
593.78,251.24,16.841,34.252
594.12,251.61,16.509,33.577
595.27,252.28,16.023,32.59
596.25,252.42,16.023,32.59
596.92,252.65,15.708,31.948
597.25,252.39,16.023,32.59
597.51,252.39,16.023,32.59
597.61,252.65,15.708,31.948
598.08,253.04,15.246,31.008
598.36,252.76,15.708,31.948
599.5,253.7,15.708,31.948
594.27,255.75,15.246,31.008
587.07,268.7,15.552,31.631
589.49,268.33,16.023,32.59
591.32,268.63,15.865,32.267
591.68,267.96,16.345,33.245
592.7,268.99,15.865,32.267
591.52,268.3,15.398,31.318
592.69,269.13,15.095,30.701
593.17,269.44,14.797,30.096
590.72,257.39,15.095,30.701
590.96,257.65,14.651,29.798
590.76,259.92,14.506,29.503
594.9,260.99,14.651,29.798
602.74,268.43,14.651,29.798
598.98,268.3,15.095,30.701
599.02,268.6,14.651,29.798
598.03,268.25,15.095,30.701
596.14,281.11,15.552,31.631
590.54,279.74,15.865,32.267
587.24,278.05,15.398,31.318
587.53,277.59,15.865,32.267
584.45,277.23,16.345,33.245
581.44,277.28,16.509,33.577
579.96,276.56,16.509,33.577
577.75,276.5,17.009,34.595
576.57,275.78,17.351,35.29
575.49,275.85,17.7,35.999
574.18,274.96,18.236,37.09
572.4,275.42,18.603,37.836
572.38,275.79,18.418,37.461
572.25,276.04,18.055,36.723
571.97,275.81,18.418,37.461
572.2,276.03,18.055,36.723
572,275.71,18.236,37.09
572.1,275.52,18.603,37.836
572.33,275.7,18.603,37.836
572.52,276.15,18.236,37.09
573.16,276.51,17.7,35.999
574.28,276.82,17.351,35.29
574.13,276.62,17.7,35.999
578.1,278.23,17.351,35.29
580.99,279.06,17.009,34.595
583.45,278.92,17.524,35.643
584.96,278.42,17.7,35.999
586.28,278.33,17.351,35.29
586.1,277.69,17.7,35.999
588.28,277.26,18.236,37.09
589.98,277.53,18.603,37.836
597.13,283.11,18.236,37.09
614.39,276.29,18.236,37.09
616.75,277.11,18.055,36.723
617.51,276.77,18.055,36.723
616.95,276.16,17.7,35.999
617.56,275.91,18.055,36.723
617.72,276.09,18.418,37.461
616.4,276.61,18.789,38.214
614.62,277.5,18.236,37.09
600.43,279.56,18.789,38.214
599.83,279.27,18.603,37.836
600.43,279.9,18.418,37.461
600.46,279.77,18.418,37.461
600.46,279.7,18.418,37.461
600.24,279.33,18.789,38.214
600.03,279.7,18.418,37.461
599.51,279.4,18.976,38.596
599.56,279.49,19.358,39.372
599.17,279.88,19.358,39.372
598.18,279.25,19.747,40.163
598.12,279,20.144,40.971
598.48,278.79,19.551,39.766
595.37,266.95,19.747,40.163
597.94,266.51,19.747,40.163
600.46,253.23,20.345,41.38
600.21,252.74,20.754,42.212
600.83,253.16,20.345,41.38
601.03,253.7,19.747,40.163
607.67,246.6,19.166,38.982
609.04,246.18,19.551,39.766
611.17,244.68,18.976,38.596
611.45,246.11,19.551,39.766
614.51,245.92,19.551,39.766
616.14,246.15,19.166,38.982
618.79,246.1,19.166,38.982
620.24,245.86,19.551,39.766
623.29,245.61,19.551,39.766
625.53,246.03,19.166,38.982
628.67,246.01,19.166,38.982
629.27,245.94,19.551,39.766
630.86,245.65,20.144,40.971
632.92,245.83,20.144,40.971
633.65,245.63,20.549,41.794
634.81,245,20.962,42.634
637.48,245.29,20.962,42.634
639,244.52,21.383,43.491
641.58,242.9,21.597,43.926
643.87,242.84,21.597,43.926
645.42,243.67,21.171,43.061
649.46,243.21,21.813,44.365
651.76,243.19,22.031,44.809
653.65,242.88,22.474,45.71
656.4,243.14,22.031,44.809
656.84,242.05,22.699,46.167
662.46,242.68,22.474,45.71
666.97,242.32,22.031,44.809
670.18,242.27,22.031,44.809
673.62,241.88,22.474,45.71
678.63,240.23,21.813,44.365
683.29,240.47,22.031,44.809
689.21,241.39,21.383,43.491
694.49,243.61,20.754,42.212
699.66,245.65,21.383,43.491
703.84,247.08,21.171,43.061
711.48,246.82,20.962,42.634
716.84,245.42,20.345,41.38
720.72,244.44,20.345,41.38
723.65,242.61,20.754,42.212
724.64,241.81,20.549,41.794
725.83,240.41,20.549,41.794
729.81,240.63,20.962,42.634
731.87,239.91,21.383,43.491
734.17,239.4,21.813,44.365
736.41,243.95,21.383,43.491
736.03,247.94,22.031,44.809
735.92,248.17,21.813,44.365
737.41,248.42,21.813,44.365
720.82,254.21,21.383,43.491
723.17,253.09,21.383,43.491
723.13,252.89,20.962,42.634
723.69,253.13,20.754,42.212
727.53,256.38,20.144,40.971
729,256.08,19.747,40.163
731,254.44,19.358,39.372
735.73,255.01,18.789,38.214
742.52,253.51,18.236,37.09
748.6,251.3,18.236,37.09
752.29,249.28,17.7,35.999
756.34,247.67,17.351,35.29
761.4,248.23,17.009,34.595
765.5,248.5,16.509,33.577
769.67,249.63,16.023,32.59
774.39,251.79,16.023,32.59
780.77,254.25,16.509,33.577
788.44,257.06,17.009,34.595
799.31,261.43,16.674,33.913
810.71,263.51,16.345,33.245
822.25,263.38,16.509,33.577
835.68,263.67,16.345,33.245
850.07,261.73,15.865,32.267
864.05,257.71,15.398,31.318
875.82,253.91,15.246,31.008
885.26,252.31,14.797,30.096
890.93,249.96,15.246,31.008
894.93,249.52,14.797,30.096
897.47,249.5,14.797,30.096
899.32,250.55,14.651,29.798
899.59,250.75,14.22,28.922
899.16,250.5,14.651,29.798
897.74,249.74,15.095,30.701
895.82,249.08,14.797,30.096
892.93,248.89,15.095,30.701
888.27,248.45,15.552,31.631
881.21,249.03,15.095,30.701
875.1,249.7,14.651,29.798
869.36,250.02,14.651,29.798
864.41,249.92,14.651,29.798
861.34,249.26,15.095,30.701
859.34,249.17,14.797,30.096
857.82,249.05,15.246,31.008
857.61,250.75,15.552,31.631
857.2,251.5,15.246,31.008
857.97,254.26,15.552,31.631
858.07,256.66,15.095,30.701
856.71,258.51,14.797,30.096
856.2,260.69,14.651,29.798
856.17,260.84,14.22,28.922
856,260.46,14.651,29.798
857.17,259.27,14.506,29.503
858.67,259.47,14.651,29.798
858.53,257.91,14.797,30.096
859.11,257.31,15.095,30.701
859.44,257.6,14.651,29.798
859.84,257.27,14.651,29.798
860.94,257.17,14.651,29.798
861.82,257.48,14.651,29.798
862.13,257.46,15.095,30.701
861.81,257.46,14.797,30.096
863.41,259.35,14.362,29.211
863.48,258.93,14.506,29.503
863.83,259.07,14.506,29.503
864.05,259.12,14.506,29.503
864.06,258.99,14.797,30.096
864.88,259.81,14.651,29.798
865.32,259.19,14.797,30.096
865.96,259.56,15.095,30.701
866.14,259.4,15.095,30.701
866.99,259.77,14.651,29.798
868.14,259.39,14.651,29.798
868.84,258.94,15.095,30.701
869.86,258.93,14.651,29.798
870.81,257.86,14.22,28.922
871.06,256.45,14.079,28.635
872.58,256.62,13.802,28.071
874.03,255.51,14.079,28.635
876.68,255.36,14.506,29.503
881.63,257.15,14.651,29.798
887.26,258.04,14.651,29.798
893.25,259.15,14.797,30.096
901.15,260.8,15.095,30.701
908.4,260.86,15.246,31.008
915.29,260.1,15.708,31.948
921.97,259.68,15.246,31.008
928.99,258.36,14.797,30.096
936.86,255.1,14.506,29.503
944.95,252.78,14.506,29.503
922.06,248.56,14.651,29.798
930.28,246.04,15.095,30.701
938.45,243.62,15.246,31.008
947.02,242.8,14.797,30.096
928.24,241.7,15.246,31.008
933.13,240.28,15.708,31.948
937.82,239.91,15.865,32.267
942.54,237.64,16.345,33.245
949.34,236.67,15.865,32.267
955.28,235.3,15.865,32.267
934.1,229.6,15.398,31.318
937.23,231.29,15.246,31.008
941.71,231.91,14.797,30.096
924.56,230.54,15.246,31.008
924.46,232.2,15.708,31.948
925.42,236.66,15.246,31.008
926.19,241.09,15.095,30.701
925.47,241.19,15.552,31.631
924.51,242.02,15.095,30.701
923.62,243.45,15.095,30.701
922.37,241.13,15.552,31.631
903.3,247.91,15.708,31.948
909.4,246.06,15.246,31.008
914.95,243.49,14.797,30.096
922.42,240.99,14.651,29.798
930.63,238.44,14.651,29.798
937.61,237.08,14.22,28.922
943.02,235.43,13.802,28.071
946.87,233.74,13.665,27.793
950.74,234.06,13.802,28.071
951.71,233.83,14.079,28.635
946.6,240.86,13.665,27.793
948.79,240.88,13.396,27.246
949.24,241.08,13.002,26.444
949.59,242.57,12.746,25.923
949.68,242.39,13.002,26.444
954.41,238.12,13.396,27.246
951.41,238.42,13.132,26.709
950.76,238.24,13.002,26.444
948.41,238.34,13.396,27.246
945.09,239.75,13.802,28.071
940.87,241,13.802,28.071
936.49,242.2,13.396,27.246
931.5,242.99,13.396,27.246
926.68,243.51,13.665,27.793
923.07,244.55,13.802,28.071
918.53,245.13,13.802,28.071
914.23,244.14,14.079,28.635
910.89,244.65,14.22,28.922
907.43,244.77,14.651,29.798
905.37,243.74,14.506,29.503
903.99,243.85,14.079,28.635
902.67,244.21,14.22,28.922
899.26,244.37,14.079,28.635
897.42,244.29,14.22,28.922
895.94,245.35,14.651,29.798
894.64,244.25,14.651,29.798
893.6,244.39,14.651,29.798
892.7,244.85,14.797,30.096
893.47,245.61,14.506,29.503
893.27,248.05,14.506,29.503
892.95,250.2,14.651,29.798
892.41,252.41,14.651,29.798
890.95,252.23,14.506,29.503
891.37,253.84,14.22,28.922
890.34,252.76,14.506,29.503
889.87,251.41,14.651,29.798
889.06,249.53,14.506,29.503
889.2,248.62,14.079,28.635
889.35,247.97,14.079,28.635
890.46,248.49,14.22,28.922
888.72,245.46,14.22,28.922
887.46,243.39,14.22,28.922
887.01,241.99,13.802,28.071
886.46,240.05,14.079,28.635
887.2,240.52,13.802,28.071
887.05,240.36,14.22,28.922
887.3,241.78,14.22,28.922
886.87,242.11,14.506,29.503
887.19,243.51,14.651,29.798
887.36,244.41,14.22,28.922
886.5,244.36,14.079,28.635
886.71,245.23,13.802,28.071
885.89,244.93,14.22,28.922
885.65,245.08,14.079,28.635
886.03,245.34,14.22,28.922
888.7,246.12,14.651,29.798
889.31,246.25,14.22,28.922
889.91,246.51,13.802,28.071
890.13,246.6,13.802,28.071
890.3,247.32,13.396,27.246
889.97,247.09,13.396,27.246
889.32,246.68,13.132,26.709
889.57,247.17,13.002,26.444
888.64,246.87,13.396,27.246
887.23,246.51,13.802,28.071
885.31,246.63,14.22,28.922
883.38,246.76,14.22,28.922
882.11,247.85,13.802,28.071
880.37,248.63,13.802,28.071
878.56,248.72,14.22,28.922
876.21,248.8,14.079,28.635
874.19,249.81,14.22,28.922
870.79,250.26,14.079,28.635
868.28,250.48,13.665,27.793
866.66,251.04,13.802,28.071
865.24,250.49,13.665,27.793
864.79,251.24,13.802,28.071
872.06,253.4,14.079,28.635
866.38,251.33,14.079,28.635
868.37,255.16,14.22,28.922
868.06,258.86,14.22,28.922
860.78,250.27,13.802,28.071
856.79,248.15,14.22,28.922
862.31,242.09,14.079,28.635
866.25,242.13,13.665,27.793
870.84,243.05,13.396,27.246
873.77,242.09,13.396,27.246
878.17,242.44,13.002,26.444
884.4,242.44,13.002,26.444
890.94,241.19,13.396,27.246
894.98,239.92,13.132,26.709
895.88,240.47,13.132,26.709
895.13,241.41,13.002,26.444
893.51,241.9,12.746,25.923
893.59,243.19,13.002,26.444
893.86,243.46,13.002,26.444
892.47,245.25,13.396,27.246
888.49,246.17,13.665,27.793
885.04,247.02,13.802,28.071
881.66,246.55,14.22,28.922
878.87,243.98,14.22,28.922
878.32,242.24,14.22,28.922
881.71,240.53,13.802,28.071
885.1,238.14,13.665,27.793
886.48,237.06,14.079,28.635
887.67,237.56,13.802,28.071
888.16,237.56,13.802,28.071
888.28,237.6,13.802,28.071
888.24,238.19,14.22,28.922
888.09,238.89,14.651,29.798
888.27,240.22,15.095,30.701
888.11,240.55,15.095,30.701
888.1,240.53,15.246,31.008
889.54,241.55,15.095,30.701
890.09,241.59,14.797,30.096
892.51,241.83,14.362,29.211
893.34,241.3,14.651,29.798
894.67,241.28,14.22,28.922
894.97,240.55,14.079,28.635
896.36,241.11,14.22,28.922
896.51,241.33,14.079,28.635
896.99,243.55,13.802,28.071
895.3,244.58,13.665,27.793
892.34,245.91,13.665,27.793
887.81,248.49,13.396,27.246
882.61,249.31,13.132,26.709
878.1,249.51,12.746,25.923
874.34,250.08,12.619,25.667
868.49,248.43,13.002,26.444
864.98,247.01,12.619,25.667
856.99,244.19,12.746,25.923
851.96,242.69,13.132,26.709
846.81,242.57,13.396,27.246
843.03,243.23,13.002,26.444
841.01,244.13,13.002,26.444
839.03,244.82,13.132,26.709
837.92,245.38,13.396,27.246
834.92,247.3,13.396,27.246
833.16,247.54,13.132,26.709
832.42,247.66,13.396,27.246
831.37,247.45,13.132,26.709
830.48,246.5,13.132,26.709
831.4,246.38,13.396,27.246
832.58,245.88,13.132,26.709
834.52,246.39,13.396,27.246
835.15,245.91,13.132,26.709
836.99,246.16,13.396,27.246
840.85,246.11,13.002,26.444
844.62,245.91,13.396,27.246
848.38,245.05,13.802,28.071
851.97,243.76,13.665,27.793
856.98,243.29,13.802,28.071
862.04,242.08,13.802,28.071
866.61,241.01,13.665,27.793
871.36,240.01,14.079,28.635
875.58,239.38,13.665,27.793
880.26,239.48,13.665,27.793
884.63,239.07,14.079,28.635
889.27,238.4,14.506,29.503
894.2,238.07,14.651,29.798
897.74,236.49,15.095,30.701
900.43,234.64,15.246,31.008
904.5,233.37,15.095,30.701
907.49,232.29,15.095,30.701
910.46,229.88,15.246,31.008
913.12,229.44,15.552,31.631
914.56,228.43,15.246,31.008
917.07,229.05,15.095,30.701
918.66,228.87,15.095,30.701
920.02,228.62,15.095,30.701
921.59,229.15,14.651,29.798
922.6,229.04,14.506,29.503
924.31,228.66,14.797,30.096
926.33,228.8,15.246,31.008
927.98,229.7,15.095,30.701
928.6,230.94,14.651,29.798
928.88,230.87,14.651,29.798
929.55,230.81,14.651,29.798
931.18,230.31,14.651,29.798
932.51,229.46,14.651,29.798
932.93,228.29,15.095,30.701
932.97,226.92,14.797,30.096
933.97,227.07,14.651,29.798
933.97,226.26,14.651,29.798
933.95,225.84,15.095,30.701
933.87,225.78,14.797,30.096
933.75,225.78,14.797,30.096
934.25,225.64,15.246,31.008
935.74,226.64,14.797,30.096
938.14,227.02,14.651,29.798
939.96,227,14.651,29.798
941.58,227.25,14.651,29.798
942.4,226.97,14.651,29.798
943.14,226.81,14.651,29.798
944.16,226.5,14.651,29.798
944.3,225.59,14.506,29.503
946.02,225,14.651,29.798
947.36,224.78,14.651,29.798
949.05,224.47,14.651,29.798
949.95,223.96,15.095,30.701
950.44,223.36,14.797,30.096
951.12,223.87,14.797,30.096
951.71,224.14,14.797,30.096
951.62,224.48,14.506,29.503
951.24,224.42,14.506,29.503
951,225.22,14.506,29.503
951.08,225.2,14.797,30.096
951.78,226.42,14.362,29.211
950.78,225.76,14.797,30.096
948.72,227.02,14.651,29.798
946.02,227.86,14.22,28.922
945.03,228.01,14.22,28.922
944.67,228.31,14.22,28.922
946.74,229.18,14.22,28.922
950.51,229.78,14.651,29.798
950.77,230.67,14.22,28.922
949.88,230.66,14.079,28.635
947.2,231.93,13.665,27.793
946.86,232.16,14.079,28.635
947.36,233.45,13.802,28.071
947.75,234.08,13.665,27.793
949.71,235.19,13.396,27.246
949.8,234.89,13.802,28.071
950.17,234.67,13.802,28.071
949.96,233.24,13.665,27.793
950.03,232.27,13.665,27.793
950.24,232.29,13.802,28.071
949.93,231.59,14.22,28.922
948.48,230.19,14.506,29.503
948.37,229.8,14.797,30.096
947.53,230.15,14.651,29.798
945.62,229.58,14.651,29.798
944.76,229.58,14.651,29.798
943.6,229.5,14.651,29.798
942,229.36,14.651,29.798
939.71,229.03,14.797,30.096
937.41,229.52,15.095,30.701
936.42,230.01,14.651,29.798
934.34,229.69,14.506,29.503
932.67,229.67,14.797,30.096
931.12,230.63,14.651,29.798
927.97,229.66,14.797,30.096
925.99,230.33,14.651,29.798
922.87,229.12,14.506,29.503
920.61,229.14,14.506,29.503
904.19,240.03,14.797,30.096
905.18,240.27,14.506,29.503
904.48,240.37,14.079,28.635
900.18,243.29,14.22,28.922
901.22,247.38,13.802,28.071
899.23,236.25,14.079,28.635
895.23,225.38,14.22,28.922
893.84,224.5,14.079,28.635
893.07,224.28,14.22,28.922
890.99,223.92,14.22,28.922
889.74,223.4,14.22,28.922
888.03,223.21,13.802,28.071
887.09,222.85,14.22,28.922
886.27,223.17,13.802,28.071
884.1,222.63,14.22,28.922
882.46,222.24,14.651,29.798
879.67,221.58,14.506,29.503
879.1,222.37,14.22,28.922
878.43,222.75,13.802,28.071
877.67,222.49,14.22,28.922
877.29,223.06,14.22,28.922
877.55,224.78,13.802,28.071
876.57,225.81,14.079,28.635
875.89,227.15,13.665,27.793
874.74,228.02,13.665,27.793
873.47,228.34,14.079,28.635
872.79,228.63,14.079,28.635
872.89,229.22,14.22,28.922
872.67,229.78,13.802,28.071
872.23,229.85,13.665,27.793
872.83,230.86,13.802,28.071
872.56,230.66,13.665,27.793
872.45,231.13,13.665,27.793
872.58,232.78,13.802,28.071
871.33,232.65,13.665,27.793
870.17,232.67,14.079,28.635
868.95,233.44,14.22,28.922
866.57,233.46,14.079,28.635
865.28,234.6,14.22,28.922
863.55,234.28,14.651,29.798
862.67,234.71,14.22,28.922
860.9,234.12,14.651,29.798
858.43,233.72,15.095,30.701
855.76,233.29,14.651,29.798
853.17,233.02,14.651,29.798
850.86,231.89,14.797,30.096
847.6,232.02,14.362,29.211
843.87,231.59,14.651,29.798
840.28,231.17,15.095,30.701
836.75,232.03,14.651,29.798
831.85,231.92,15.095,30.701
825.86,231.79,15.095,30.701
819.57,232,15.552,31.631
814.23,232.59,15.095,30.701
809.09,232.66,14.651,29.798
803.48,232.37,14.651,29.798
797.05,232.05,14.22,28.922
794.46,231.48,14.506,29.503
792.59,232.33,14.22,28.922
791.02,233,13.802,28.071
789.66,233.98,13.396,27.246
788.49,235.61,13.002,26.444
787.08,236.33,13.002,26.444
785.6,236.75,13.396,27.246
783.2,236.68,13.802,28.071
780.69,229.08,13.396,27.246
783.96,233.2,13.665,27.793
784.55,232.62,13.263,26.976
785.16,232.33,12.873,26.182
786.09,232.72,12.619,25.667
781.19,235.95,12.619,25.667
782.73,244.7,12.746,25.923
781.91,245.7,13.132,26.709
781.63,246.43,13.002,26.444
791.16,247.85,13.002,26.444
787.69,244.32,12.619,25.667
795.3,233.1,13.002,26.444
796.47,231.65,13.132,26.709
798.35,230.94,13.396,27.246
800.57,230.13,13.132,26.709
804.51,229.94,12.746,25.923
808.09,228.41,13.132,26.709
812.45,228.38,12.746,25.923
815.89,227.74,13.132,26.709
819.06,227.91,13.132,26.709
821.86,228.33,13.132,26.709
823.94,229.32,13.396,27.246
825.14,229.75,13.665,27.793
825.73,230.6,13.263,26.976
826.91,231.99,13.002,26.444
826.13,231.09,13.132,26.709
826.52,231.3,13.396,27.246
826.32,230.14,13.802,28.071
826.22,228.19,14.079,28.635
827.32,228.45,13.802,28.071
827.81,228.18,13.396,27.246
827.82,227.49,13.802,28.071
827.8,227.35,13.802,28.071
827.59,226.9,13.665,27.793
828.68,226.84,14.079,28.635
830.41,227.77,13.802,28.071
830.71,227.36,13.665,27.793
831.2,227.22,13.665,27.793
831.79,227.04,13.665,27.793
831.89,226.34,14.079,28.635
833.37,226.8,13.802,28.071
834.5,226.43,13.802,28.071
835.5,226.29,13.802,28.071
835.82,225.54,13.665,27.793
837.63,225.33,13.665,27.793
840.19,224.63,13.665,27.793
842.85,224.86,13.802,28.071
845.17,224.03,14.22,28.922
847.28,224.06,14.22,28.922
849.35,224.01,14.22,28.922
851.2,224.1,14.22,28.922
853.04,224.17,14.22,28.922
853.93,223.44,14.506,29.503
856.38,224.22,14.22,28.922
858.75,224.02,14.22,28.922
861.03,223.55,14.651,29.798
863.64,224.04,14.22,28.922
865.15,224.44,13.802,28.071
866.51,223.95,14.22,28.922
868.17,223.73,14.22,28.922
870.35,223.58,14.22,28.922
872.12,222.91,14.651,29.798
873.71,222.53,14.651,29.798
875.77,221.9,14.651,29.798
878.05,222.1,14.22,28.922
880.12,220.66,14.651,29.798
883.47,220.27,14.22,28.922
886.13,219.94,13.802,28.071
888.26,218.14,14.22,28.922
891.19,218.24,13.802,28.071
892.56,216.46,14.079,28.635
893.55,216.11,14.079,28.635
894.97,216.3,14.22,28.922
895.98,215.59,14.651,29.798
896.38,214.49,14.506,29.503
898.75,214.3,14.651,29.798
901.14,213.73,15.095,30.701
903.84,214.42,14.651,29.798
906.7,214.18,14.651,29.798
909.86,214.15,14.651,29.798
913.79,214.06,14.651,29.798
916.71,213.25,14.797,30.096
920.04,213.24,14.797,30.096
923.6,212.07,15.246,31.008
928.04,211.57,15.552,31.631
932.58,210.99,15.865,32.267
936.66,211.09,15.552,31.631
939.53,210.35,15.708,31.948
943.78,211.22,15.552,31.631
947.39,211.19,15.552,31.631
949.72,210.93,15.246,31.008
951.92,211.28,15.552,31.631
953.72,211.01,15.246,31.008
955.76,210.92,15.552,31.631
956.54,209.98,15.865,32.267
944.28,224.07,15.398,31.318
945.69,224.64,15.865,32.267
946.23,223.1,15.865,32.267
955.54,208.24,16.345,33.245
945.52,219.04,16.674,33.913
945.68,217.74,16.509,33.577
939.54,217.83,16.674,33.913
938.1,216.88,16.674,33.913
937.52,216.78,17.009,34.595
921.86,213.72,17.351,35.29
923.2,206.88,17.524,35.643
923.14,206.13,17.7,35.999
924.7,207.13,17.179,34.941
921.33,205.94,17.7,35.999
909.73,211.12,17.7,35.999
922.22,207.39,17.7,35.999
922.77,207.05,18.055,36.723
922.73,206.77,18.418,37.461
921.47,210.18,17.877,36.359
921.25,208.94,18.236,37.09
919.67,206.85,18.418,37.461
919.59,206.89,18.418,37.461
919.57,206.92,18.418,37.461
919.12,205.39,18.236,37.09
918.15,206.26,18.603,37.836
918.96,207.19,18.789,38.214
918.96,207.39,18.418,37.461
919.71,198.91,18.418,37.461
919.73,199.23,17.877,36.359
920.13,199.89,17.524,35.643
920.72,212.39,17.524,35.643
921.34,213.71,17.179,34.941
921,213.75,17.179,34.941
920.07,212.58,17.7,35.999
920.46,213.11,17.524,35.643
919.63,212.08,17.7,35.999
919.45,211.76,18.236,37.09
920.33,212.1,18.418,37.461
919.31,212.45,18.055,36.723
919.61,213.18,18.055,36.723
918.09,211.98,18.603,37.836
917.12,211.84,18.976,38.596
917.82,212.47,18.789,38.214
916.44,212.49,18.236,37.09
914.71,212.54,18.603,37.836
915.32,214.52,18.418,37.461
914.29,214.57,17.877,36.359
914.99,214.93,18.055,36.723
912.42,212.7,18.418,37.461
911.74,204.37,18.418,37.461
910.96,212.52,18.789,38.214
911.12,212.15,19.166,38.982
911.26,212.2,18.789,38.214
910.61,212.54,18.789,38.214
908.82,202.8,18.976,38.596
908.52,203.45,19.358,39.372
908.14,211.35,18.976,38.596
908.76,212.82,18.976,38.596
908.58,212.53,18.603,37.836
909.16,213.69,18.055,36.723
909.32,214.84,17.524,35.643
908.56,205,17.009,34.595
909.28,205.82,17.179,34.941
907.52,213.78,17.179,34.941
907.38,213.19,17.7,35.999
908.4,214.36,17.179,34.941
908.53,214.37,17.524,35.643
908.16,214.04,17.009,34.595
909.44,214.08,17.179,34.941
908.55,213.56,17.351,35.29
907.55,214.91,16.841,34.252
906.02,213.67,17.351,35.29
905.87,213.46,17.7,35.999
905.4,212.89,18.236,37.09
906.03,213.73,18.055,36.723
906.34,214.17,18.055,36.723
905.38,212.64,18.603,37.836
906.25,213.13,18.418,37.461
904.55,211.87,18.976,38.596
906.23,213.23,18.418,37.461
904.93,213.37,18.236,37.09
905.81,214.39,18.055,36.723
905.91,214.41,18.055,36.723
905.83,214.32,18.418,37.461
904.88,212.38,18.976,38.596
904.62,211.83,18.976,38.596
905.1,214.6,18.789,38.214
904.99,213.37,19.166,38.982
905.09,213.01,19.166,38.982
905.08,212.78,19.551,39.766
904.04,212.15,19.747,40.163
904.13,213.13,19.358,39.372
904.12,212.05,19.747,40.163
905.15,213.24,19.166,38.982
903.98,213.15,19.747,40.163
904.53,214.14,20.144,40.971
903.48,212.08,20.754,42.212
904.2,212.54,20.962,42.634
903.72,211.81,21.171,43.061
904.83,212.59,20.549,41.794
904.9,213.21,20.144,40.971
905.61,214.62,19.551,39.766
904.73,213.37,19.747,40.163
905.61,214.07,19.551,39.766
905.24,212.62,19.358,39.372
905.29,213.4,19.358,39.372
905.06,213.09,19.747,40.163
905.49,212.92,19.551,39.766
904.58,213.63,19.551,39.766
904.47,212.98,20.144,40.971
903.82,212.89,20.549,41.794
902.58,213.01,20.345,41.38
901.64,212.94,20.345,41.38
901.31,213.77,19.747,40.163
902.09,216.15,19.551,39.766
900.53,214.72,19.747,40.163
900.27,214.94,19.358,39.372
899.25,215.24,18.976,38.596
898.8,215.39,19.358,39.372
897.56,214.85,18.976,38.596
896.56,216.85,19.358,39.372
895.92,216.37,19.747,40.163
893.23,214.48,20.345,41.38
893.16,214.8,20.549,41.794
891.92,213.24,21.171,43.061
888.85,212.9,21.597,43.926
888.36,211.72,21.813,44.365
885.74,211.73,21.813,44.365
884.43,210.89,21.597,43.926
882.15,212.78,21.383,43.491
881.5,212.37,21.171,43.061
880.84,212.49,21.813,44.365
878.16,212.37,22.474,45.71
877.3,211.43,22.699,46.167
878.69,211.58,22.031,44.809
878.34,214.29,22.474,45.71
878.64,213.17,22.251,45.257
878.64,213.98,22.031,44.809
878.72,214.21,22.031,44.809
878.74,214.21,22.474,45.71
879.74,214.04,22.031,44.809
880.17,213.05,21.813,44.365
881.54,214,21.383,43.491
880.77,215.31,21.171,43.061
888.67,212.66,21.597,43.926
885.47,213.55,21.813,44.365
892.82,212.86,21.813,44.365
898.03,204.28,22.474,45.71
898.45,205.68,22.474,45.71
899.61,209.47,21.813,44.365
900.26,208.7,21.597,43.926
901.27,210.52,20.962,42.634
903.95,211.44,20.345,41.38
901.98,215.32,20.962,42.634
906.26,208.94,20.962,42.634
900.3,209.21,20.962,42.634
899.16,208.83,21.597,43.926
900.93,210.31,21.383,43.491
912.86,204.63,22.031,44.809
911.18,209.35,21.597,43.926
911.61,208.35,22.251,45.257
913.61,205.43,22.699,46.167
914.97,206.47,22.031,44.809
913.1,199.96,21.813,44.365
915.94,204.1,21.171,43.061
919.86,206.99,20.549,41.794
922.15,214.87,20.345,41.38
922.07,212.81,20.962,42.634
922.26,213.63,21.383,43.491
922.26,213.33,21.383,43.491
922.61,212.66,21.383,43.491
922.39,211.13,21.813,44.365
918.76,209.48,22.474,45.71
931.96,214.51,22.699,46.167
931.45,214.93,22.474,45.71
926.35,203.4,21.813,44.365
926.91,203.61,21.813,44.365
930,209.45,22.031,44.809
931.48,206.93,22.699,46.167
935.86,203.67,22.926,46.628
935.6,205.08,22.699,46.167
935.28,202.16,22.474,45.71
935.56,203.32,22.251,45.257
935.54,203.29,22.251,45.257
935.48,203.22,22.251,45.257
935.5,203.23,22.251,45.257
935.49,203.26,22.251,45.257
935.49,203.25,22.251,45.257
935.49,203.26,22.251,45.257
935.5,203.26,22.251,45.257
935.49,203.26,22.251,45.257
935.55,203.28,22.251,45.257
935.55,203.28,22.251,45.257
935.55,203.28,22.251,45.257
935.55,203.28,22.251,45.257
935.81,203.05,22.474,45.71
935.17,203.4,22.251,45.257
935.67,203.08,22.251,45.257
935.85,203.15,22.474,45.71
935.07,203.09,22.699,46.167
935.93,203.17,22.474,45.71
935.09,203.07,22.699,46.167
935.94,203.16,22.474,45.71
935.1,203.05,22.699,46.167
935.73,203.04,22.474,45.71
935.93,203.18,22.474,45.71
935.08,203.07,22.699,46.167
935.96,203.28,22.474,45.71
935.17,203.01,22.699,46.167
917.16,196.3,23.386,47.566
916.72,201.79,22.926,46.628
915.98,198.49,23.62,48.041
917.55,199.09,22.926,46.628
919.46,198.68,22.926,46.628
917.9,196.93,23.62,48.041
920.88,196.27,24.336,49.497
921.02,195.68,24.825,50.492
926.44,184.54,24.336,49.497
934.41,196.41,24.095,49.007
934.23,196.01,24.336,49.497
937.17,192.17,24.336,49.497
937.04,193.49,23.62,48.041
940.03,194.19,23.62,48.041
940.42,194.58,23.857,48.522
944.81,176.68,23.857,48.522
943.26,189.87,23.857,48.522
943.3,205.21,24.095,49.007
929.69,187.88,24.579,49.992
942.09,187.36,24.095,49.007
938.11,191.39,24.579,49.992
937.3,189.02,24.825,50.492
935.55,187.83,24.825,50.492
934.27,185.41,25.577,52.022
942.76,204.77,24.825,50.492
939.55,199.61,24.336,49.497
943.55,189.25,24.579,49.992
935.57,189.64,24.095,49.007
943.02,187.58,24.579,49.992
935.82,188.03,24.825,50.492
938.49,200.33,24.336,49.497
929.96,202.7,24.825,50.492
929.37,204,24.825,50.492
930.37,203.81,24.825,50.492
938.9,201.64,25.324,51.507
933.94,208.71,24.579,49.992
939.36,201.31,25.324,51.507
937.44,199.93,24.825,50.492
937.2,200.31,25.577,52.022
941.56,204.6,24.825,50.492
942.41,204.09,24.095,49.007
939.01,202.92,24.825,50.492
938.64,203.15,24.825,50.492
940.32,202.34,24.825,50.492
937.83,202.08,24.579,49.992
922.68,172.28,25.073,50.997
923.78,174.96,24.336,49.497
924.03,173.33,24.579,49.992
922.55,169.96,25.073,50.997
920.44,158.67,25.324,51.507
915.93,147.92,25.577,52.022
919.47,138.95,26.352,53.598
927.81,120.29,26.616,54.134
929.29,116.62,26.882,54.675
910.85,122.44,27.151,55.222
894.62,134,26.616,54.134
875.03,135.73,26.882,54.675
873.34,135.02,26.092,53.067
870.87,134.51,25.577,52.022
869.81,134.29,25.073,50.997
868.13,133.73,24.579,49.992
867.59,133.09,24.579,49.992
883.11,128.81,25.073,50.997
883.52,127.57,25.833,52.542
888.64,127.23,26.352,53.598
889.64,128.76,25.833,52.542
883.61,127.21,26.616,54.134
884.02,127.05,26.616,54.134
884.6,127.06,27.151,55.222
892.16,129.5,27.974,56.896
891.6,128.89,28.536,58.039
896.17,128.24,28.536,58.039
899,127.82,29.401,59.798
900.88,125.9,29.401,59.798
901.66,124.19,29.992,61
902.54,119.93,30.291,61.61
903.05,120.11,30.9,62.848
904.69,120.25,29.992,61
903.75,118.57,29.401,59.798
903.66,118.67,28.821,58.62
903.79,118.29,29.109,59.206
905.22,118.66,29.992,61
900.88,119.17,29.695,60.396
894.11,121.52,29.109,59.206
878.49,104.03,28.253,57.464
873.59,105.12,28.253,57.464
886.39,108.43,27.697,56.332
880.37,107.01,27.974,56.896
872.27,119.81,28.821,58.62
869.2,117.9,27.974,56.896
866.39,116.18,28.821,58.62
864.57,115.54,28.536,58.039
862.6,116.61,28.821,58.62
858.2,117.14,28.536,58.039
854.26,119.01,27.697,56.332
851.96,121.03,28.253,57.464
848.3,124.4,27.697,56.332
846.93,125.73,27.697,56.332
844.99,128.24,27.422,55.774
842.22,127.41,28.253,57.464
838.32,126.6,28.253,57.464
835.74,124.54,29.109,59.206
833.63,124.64,29.109,59.206
830.87,122.54,29.695,60.396
828.72,120.19,29.695,60.396
828.33,120.25,29.401,59.798
826.49,119.42,29.109,59.206
828.92,118.01,28.536,58.039
824.51,116.14,27.697,56.332
821.81,109.59,27.974,56.896
825.49,119.29,27.151,55.222
823.39,123.32,26.352,53.598
818.12,122.73,27.151,55.222
811.99,122.3,27.422,55.774
804.76,115.79,27.974,56.896
799.45,125.81,27.151,55.222
793.86,121.56,27.974,56.896
790.04,119.01,27.151,55.222
784.26,116.23,27.697,56.332
780.01,113.88,27.974,56.896
775.47,111.5,27.697,56.332
771.13,111.33,27.422,55.774
765.28,110.07,27.697,56.332
760.86,109.69,27.697,56.332
756.87,109.65,27.422,55.774
752.46,112.1,27.974,56.896
749.04,111.51,28.253,57.464
744.61,113.36,27.697,56.332
739.6,112.39,28.253,57.464
734.73,113.1,27.974,56.896
729.97,110.48,28.536,58.039
729.29,109.4,27.974,56.896
726.6,109.5,28.536,58.039
725.04,109.18,27.974,56.896
721.44,106.41,28.536,58.039
717.53,105.91,28.821,58.62
708.92,104.77,29.109,59.206
702.49,102.35,29.992,61
697.13,107.28,29.401,59.798
691.86,115.2,29.109,59.206
713.25,121.71,29.695,60.396
713.5,124.66,29.109,59.206
709.67,128.71,29.109,59.206
708.6,129.68,29.401,59.798
707.64,124.83,29.695,60.396
706.53,127.74,28.821,58.62
693.12,140.8,29.695,60.396
695.11,156.52,28.821,58.62
684.75,136.17,29.401,59.798
681.08,135.4,29.695,60.396
672.2,134.42,29.109,59.206
662.7,114.6,28.821,58.62
660.25,113.88,29.695,60.396
666.54,112.13,28.821,58.62
662.38,110.89,29.695,60.396
644.35,107.16,29.695,60.396
634.37,111.34,29.109,59.206
630.14,123.9,28.821,58.62
610.64,115.99,29.109,59.206
606.95,122.12,29.695,60.396
609.33,123.17,29.695,60.396
608.77,123.51,29.695,60.396
587.2,130.74,29.401,59.798
587.84,131.74,28.821,58.62
582.05,131.41,29.695,60.396
583.16,142.13,29.109,59.206
575.82,134.26,29.109,59.206
570.31,135.64,29.992,61
564.07,139.13,30.291,61.61
557.95,138.04,30.9,62.848
549.85,138.58,30.9,62.848
540.4,137.56,30.594,62.226
534.11,147.68,31.521,64.111
524.71,139,31.521,64.111
518.24,132.95,31.521,64.111
488.98,117.16,32.477,66.054
506.97,114.82,33.129,67.382
502.99,115.77,34.133,69.423
497.53,105.33,33.795,68.736
490.16,94.333,34.133,69.423
486.71,95.213,33.129,67.382
482.64,94.637,33.461,68.055
487.76,114.26,32.477,66.054
486,116.86,32.801,66.714
483.69,119.37,31.837,64.752
481.26,120.58,31.209,63.477
464.24,126.73,30.291,61.61
461.3,127.35,30.291,61.61
441.49,126.58,30.594,62.226
440.08,125.79,31.209,63.477
435.75,125,30.594,62.226
449.29,127.31,30.594,62.226
447.62,128.25,29.992,61
443.73,126.97,29.109,59.206
439.41,126.73,29.109,59.206
435.37,128.9,28.536,58.039
431.72,129.61,27.697,56.332
428.11,130.46,27.697,56.332
423.98,132.54,27.697,56.332
420.33,136.16,26.882,54.675
416.59,137.42,26.092,53.067
412.3,139.83,25.577,52.022
408.7,141.08,25.577,52.022
405.74,140.01,26.352,53.598
403.66,138.93,27.151,55.222
403,138.84,27.422,55.774
403.38,139.13,26.882,54.675
405.18,139.9,26.352,53.598
404.94,139.86,26.092,53.067
405.88,141.39,25.324,51.507
404.55,140.85,25.833,52.542
402.37,140.46,26.352,53.598
400.61,140.78,25.833,52.542
398.87,143.11,25.577,52.022
397.37,144.5,25.577,52.022
396.9,148.16,24.825,50.492
396.47,149.89,24.336,49.497
394.71,150.96,24.579,49.992
391.84,150.66,24.825,50.492
388.83,151.64,25.577,52.022
386.44,152.79,25.577,52.022
382.19,152.77,26.092,53.067
379.17,154.95,25.324,51.507
376.31,155.87,25.324,51.507
375.4,157.56,24.579,49.992
374.36,158.02,24.825,50.492
373.64,160.12,24.336,49.497
372.17,160.34,24.336,49.497
368.01,161.04,24.825,50.492
365.23,165.71,24.095,49.007
360.62,172.42,23.857,48.522
354.92,175.49,23.155,47.095
338.3,182.85,23.857,48.522
331.39,187.85,23.386,47.566
324.81,189.64,23.155,47.095
320.35,193.04,23.386,47.566
317.61,196.74,22.926,46.628
314.74,200.85,23.386,47.566
311.66,204.13,23.62,48.041
310.01,207.92,23.857,48.522
308.12,211.22,23.857,48.522
307.13,212.8,23.857,48.522
305.14,214.25,24.336,49.497
304.77,216.62,24.336,49.497
306.6,220.3,24.579,49.992
308.5,224.11,23.857,48.522
309.01,225.27,23.386,47.566
308.97,223.91,23.857,48.522
307.19,223.09,23.62,48.041
303.25,226.99,24.336,49.497
301.86,231.61,23.857,48.522
300.67,233.62,23.857,48.522
298.39,234.57,23.155,47.095
294.26,232.36,23.857,48.522
285.98,228.1,23.62,48.041
278.69,225.57,23.857,48.522
286.64,221.98,23.155,47.095
278.51,220.81,22.474,45.71
277.69,222.47,21.813,44.365
273.4,218.88,22.474,45.71
269.41,214.67,21.813,44.365
265.23,217.1,21.597,43.926
264.72,219.46,21.383,43.491
280.52,215.21,21.813,44.365
281.44,216.49,22.474,45.71
278.3,218.7,22.251,45.257
284.79,201.97,21.597,43.926
270.59,174.63,21.813,44.365
265.6,175.02,22.251,45.257
261.48,177.84,21.597,43.926
256.99,178.69,21.171,43.061
252.26,179.51,21.171,43.061
246.18,180.21,21.597,43.926
243.2,182.49,22.031,44.809
250.35,173.13,21.813,44.365
249.13,179.41,21.813,44.365
243.92,182.65,22.251,45.257
250.44,191.69,21.597,43.926
247.08,196.81,21.597,43.926
232.7,201.13,21.171,43.061
232.85,201.42,21.813,44.365
232.9,202.94,22.251,45.257
233.73,203.29,22.926,46.628
233.66,198.54,22.251,45.257
233.61,198.89,21.597,43.926
234.11,199.51,21.383,43.491
232.79,198.92,21.383,43.491
231.95,198.8,20.754,42.212
232.2,199.85,20.144,40.971
231.81,200.21,19.551,39.766
231,200.42,18.976,38.596
231.19,201.12,18.789,38.214
230.61,200.73,18.603,37.836
231.05,201.98,18.418,37.461
230.92,201.73,18.236,37.09
232.28,202.5,18.789,38.214
233.1,203.35,18.418,37.461
233.9,203.87,17.877,36.359
235.71,205.26,17.524,35.643
237.33,206.63,17.179,34.941
238.18,206.45,17.009,34.595
240.22,207.22,17.179,34.941
241.34,207.59,17.524,35.643
242.08,207.97,18.055,36.723
242.54,207.88,17.7,35.999
244.15,210.69,17.179,34.941
243.94,210.68,17.009,34.595
245.45,212.82,16.674,33.913
245.24,213.43,17.179,34.941
244.5,214.8,17.7,35.999
244.22,216.49,17.7,35.999
242.83,216.23,17.7,35.999
243.71,217.13,18.055,36.723
241.42,217.23,17.7,35.999
240.84,217.55,18.236,37.09
240.66,218.71,17.7,35.999
240.64,220.57,17.351,35.29
238.74,220.45,17.179,34.941
237.79,222.16,17.179,34.941
248.88,203.3,17.7,35.999
247.82,204.09,18.055,36.723
247.36,205.61,17.524,35.643
246.57,206.82,17.009,34.595
253.23,197.86,16.509,33.577
252.34,199.26,16.509,33.577
251.79,200.51,16.023,32.59
252.29,203.63,15.552,31.631
251.78,205.41,15.095,30.701
250.47,206.05,15.246,31.008
250.31,206.8,15.708,31.948
249.91,207.96,16.023,32.59
250.27,214.74,15.708,31.948
249.37,216.76,16.023,32.59
247.93,224.5,16.509,33.577
246.85,227.76,17.009,34.595
245.55,237.17,17.351,35.29
245.32,240.57,17.351,35.29
245.59,241.64,17.7,35.999
246.97,243.52,17.351,35.29
247.28,246.76,17.179,34.941
246.27,244.31,17.7,35.999
248.02,244.05,18.055,36.723
247.96,243.07,18.418,37.461
246.9,239.69,18.976,38.596
247.42,236.25,19.551,39.766
247.28,231.48,20.144,40.971
246.71,225.93,20.754,42.212
247.13,221.42,20.962,42.634
247.83,216.11,21.383,43.491
247.51,210,21.813,44.365
248.64,207.16,22.031,44.809
248.48,203.24,21.383,43.491
248.25,198.94,22.031,44.809
248.04,194.71,22.474,45.71
247.22,192.07,22.474,45.71
246.19,189.18,22.926,46.628
244.49,186.64,22.926,46.628
242.98,185.15,22.251,45.257
241.36,182.93,22.251,45.257
239.64,182.68,22.926,46.628
236.38,179.66,23.155,47.095
234.6,180.2,22.926,46.628
231.96,179.98,23.386,47.566
229.63,178.98,23.155,47.095
228.07,180.44,22.474,45.71
225.6,179.07,22.699,46.167
223.82,181.56,22.031,44.809
221.86,181.65,21.597,43.926
219.46,180.32,22.251,45.257
202.26,197.4,21.597,43.926
202.57,197.62,20.962,42.634
201.64,196.96,20.754,42.212
201.57,197.14,20.345,41.38
202.37,198.15,20.144,40.971
203.22,196.57,20.754,42.212
205.54,197.89,20.144,40.971
206.91,197.51,19.747,40.163
209.6,198.7,19.166,38.982
212.01,198.45,18.603,37.836
216.28,199.44,18.418,37.461
219.55,198.48,18.236,37.09
224.38,199.18,18.418,37.461
229.67,199.11,18.055,36.723
233.88,198.86,17.7,35.999
239.94,200.11,17.179,34.941
243.71,198.96,17.351,35.29
248.97,200.23,16.841,34.252
254,200.51,16.509,33.577
239.5,205.19,17.009,34.595
242.54,205.05,17.009,34.595
248.21,201.45,17.351,35.29
244.4,190.21,17.179,34.941
246.51,185.16,17.524,35.643
263.93,188,17.179,34.941
272.45,191.68,17.7,35.999
281.1,174.69,18.055,36.723
282.69,182.45,18.603,37.836
281.86,182.18,19.166,38.982
279.15,175.84,18.976,38.596
280.63,182.03,18.976,38.596
291.65,182.2,18.976,38.596
296.1,182.38,18.603,37.836
303.06,183.06,18.603,37.836
294.86,189.91,18.236,37.09
299.65,192.62,17.7,35.999
304.16,191.05,17.7,35.999
307.08,191.35,17.351,35.29
304.28,190.21,17.351,35.29
305.31,193.65,17.009,34.595
306.61,190.4,16.509,33.577
322.65,181.28,16.674,33.913
322.63,178.63,16.509,33.577
323.59,178.67,16.674,33.913
325.25,168.65,16.184,32.916
327,168.38,15.708,31.948
337.08,158.11,15.708,31.948
340.13,158.99,16.023,32.59
357.94,163.24,16.509,33.577
360.33,164.49,16.674,33.913
362.67,164.91,16.184,32.916
362.71,163.59,16.023,32.59
365.03,163.53,15.552,31.631
367.74,162.59,15.095,30.701
368.85,161.69,15.246,31.008
370.3,163.34,14.797,30.096
372.65,164.66,14.362,29.211
373.16,168.99,14.506,29.503
380.95,159.2,14.651,29.798
387.53,168.18,14.797,30.096
392.44,160.25,14.506,29.503
392.8,160.9,14.079,28.635
388.79,167.88,13.665,27.793
383.87,165.45,13.396,27.246
386.49,167.25,13.802,28.071
378.39,156.71,14.079,28.635
374.09,156,13.802,28.071
367.85,152.79,14.079,28.635
360.01,154.49,14.079,28.635
354.11,152.73,13.802,28.071
352.84,156.45,13.396,27.246
349.9,155.97,13.802,28.071
343.57,149.78,13.396,27.246
337.37,148.02,13.665,27.793
