431,353,57,130
430.98,350.97,58.727,133.94
432.17,349.94,59.908,136.63
433.04,347.35,61.723,140.77
434.33,348.23,60.507,138
435.68,347.74,61.112,139.38
434.63,345.37,62.963,143.6
434.37,344.44,61.723,140.77
439.42,341.71,62.963,143.6
445.53,337.1,64.871,147.95
450.92,335.71,66.175,150.93
451,333.53,66.175,150.93
458.99,334.08,66.175,150.93
460.41,329.77,68.18,155.5
459.44,327.06,68.862,157.05
459.33,319.82,70.949,161.81
460.09,316.89,72.375,165.07
461.9,314.43,72.375,165.07
455.34,317.54,70.246,160.21
455.36,318.42,68.18,155.5
454.6,313.79,69.551,158.62
456.68,308.05,71.658,163.43
444.81,309.57,69.551,158.62
444.87,312.6,67.505,153.96
443.56,312.05,67.505,153.96
442.95,314.71,65.52,149.43
441.98,316.92,64.229,146.49
432.68,317.58,62.963,143.6
428.61,315.41,64.229,146.49
428.1,311.86,66.175,150.93
427.32,308.46,68.18,155.5
426.65,306.98,69.551,158.62
425.88,305.34,71.658,163.43
423.43,308.59,70.949,161.81
419.39,305,73.099,166.72
420.37,307.62,70.949,161.81
412.08,309.08,70.949,161.81
401.3,303.19,73.099,166.72
391.28,298.64,73.83,168.38
381.39,291.64,76.067,173.49
379.28,297.75,73.83,168.38
374.48,298.04,73.099,166.72
374.22,304.95,70.949,161.81
370.99,310.07,68.862,157.05
367.79,310.23,69.551,158.62
365.54,308.45,70.949,161.81
359.5,310.76,69.551,158.62
355.31,310.06,69.551,158.62
355.38,308.6,69.551,158.62
353.57,312.37,68.18,155.5
352.45,311.48,68.862,157.05
349.26,311.64,69.551,158.62
344.12,311.96,68.862,157.05
342.86,313.54,68.18,155.5
339.38,313.74,66.837,152.44
337.85,315.99,65.52,149.43
337.02,318.1,64.229,146.49
335.88,315.2,65.52,149.43
334.01,314.08,66.837,152.44
335.1,311.67,68.862,157.05
330.54,312.62,68.18,155.5
328.94,311.05,68.862,157.05
323.03,313.08,66.837,152.44
320.31,312.3,68.862,157.05
318.62,311.33,69.551,158.62
317.97,314.03,67.505,153.96
314.37,312.26,68.862,157.05
311.74,312.66,68.862,157.05
305.72,310.1,70.246,160.21
304.16,308.63,71.658,163.43
302.06,308.91,70.949,161.81
300.44,311.2,68.862,157.05
299.96,312.75,68.18,155.5
297.58,310.6,69.551,158.62
298.92,312.52,68.18,155.5
297.86,310.37,69.551,158.62
297.26,309.49,70.246,160.21
297.24,308.98,70.246,160.21
297.48,310.71,69.551,158.62
299.49,308.9,70.246,160.21
299.83,312.08,68.862,157.05
299.91,310.49,69.551,158.62
299.6,309.74,70.949,161.81
301.14,311.2,68.862,157.05
301.16,310.82,68.18,155.5
301.31,309.94,68.862,157.05
301.62,310.12,68.862,157.05
301.89,310.21,68.862,157.05
300.26,313.51,67.505,153.96
300.26,312.14,68.18,155.5
298.53,311.88,68.862,157.05
296.92,312.12,68.18,155.5
295.28,310.38,68.862,157.05
292.8,310.04,68.862,157.05
288.09,309.81,70.246,160.21
287.69,313.35,68.862,157.05
283.55,315.46,68.862,157.05
281.02,311.89,70.949,161.81
277.74,311.68,70.949,161.81
277.3,315.36,68.862,157.05
276.53,313.98,69.551,158.62
279.09,312.39,70.246,160.21
275.32,311.91,71.658,163.43
274.77,307.88,73.83,168.38
269.2,309.11,73.83,168.38
268.05,304.77,75.314,171.77
269.18,307.38,73.83,168.38
267,312.71,72.375,165.07
266.45,314.76,72.375,165.07
262.04,314.88,73.099,166.72
259.9,313.31,75.314,171.77
252.67,315.51,74.568,170.07
251.78,315.62,72.375,165.07
245.92,314.94,73.83,168.38
243.78,317.36,71.658,163.43
239.77,321.66,69.551,158.62
237.71,324.91,67.505,153.96
236.31,324.46,68.862,157.05
233.32,325.46,68.18,155.5
230.71,326.51,67.505,153.96
228.39,329.72,65.52,149.43
227.96,332.42,64.229,146.49
226.96,331.99,64.871,147.95
228.45,328.19,66.175,150.93
232.62,329.55,64.229,146.49
235.33,328.24,66.175,150.93
237.35,329.28,66.175,150.93
239.37,329.01,65.52,149.43
245.63,326.91,66.175,150.93
251.74,328.72,64.229,146.49
254.74,329.07,62.963,143.6
257.33,328.99,62.963,143.6
260.15,326.14,64.871,147.95
263.33,325.51,66.175,150.93
270,323.98,66.175,150.93
277.24,325.4,64.229,146.49
284.11,325.59,62.963,143.6
285.96,322.72,64.871,147.95
290.22,322.2,62.963,143.6
289.98,320.54,64.229,146.49
293.87,315.62,66.175,150.93
297.55,313.08,66.175,150.93
301.86,314.4,64.871,147.95
307.96,312.01,66.837,152.44
313.23,313.54,66.175,150.93
315.51,315.52,65.52,149.43
321.56,318.69,64.229,146.49
325.42,321.87,64.229,146.49
328.62,323.12,64.229,146.49
333.47,323.21,63.593,145.04
336.63,323.37,64.229,146.49
337.82,324.17,64.871,147.95
338.83,326.25,66.175,150.93
339.08,326.42,67.505,153.96
340.85,327.16,68.862,157.05
342.59,331.35,67.505,153.96
343.34,332.35,68.18,155.5
342.4,333.88,68.18,155.5
340.17,330.4,70.246,160.21
334.8,332.59,68.18,155.5
331.64,330.73,68.18,155.5
330.17,330.39,68.18,155.5
329.32,330.16,68.18,155.5
329.83,330.25,68.18,155.5
330.24,332.93,67.505,153.96
330.75,333.65,68.18,155.5
330.91,334.24,68.18,155.5
330.8,333.88,67.505,153.96
331.03,332.04,67.505,153.96
329.64,330.93,66.837,152.44
329.04,330.55,67.505,153.96
329,329.38,68.862,157.05
327.07,330.53,67.505,153.96
326.39,330.24,66.837,152.44
327.19,331.92,64.871,147.95
327.8,333.59,62.963,143.6
328.01,333.36,61.723,140.77
325.74,331.77,63.593,145.04
326.35,333.92,62.34,142.18
328.3,336.81,61.112,139.38
327.37,336.48,62.34,142.18
327.2,338.89,62.34,142.18
327.45,338.49,64.229,146.49
327.35,337.85,66.175,150.93
325.68,339.6,65.52,149.43
324.67,338.15,67.505,153.96
323.54,336.68,69.551,158.62
322.16,336.5,69.551,158.62
320,335.25,70.949,161.81
315.45,337.03,70.246,160.21
311.29,340.49,68.18,155.5
305.65,337.22,69.551,158.62
298.21,335.52,70.949,161.81
293.83,335.51,70.949,161.81
294.39,331.88,72.375,165.07
294.21,333.84,70.949,161.81
294.38,333.63,72.375,165.07
296.39,335.69,70.949,161.81
296.53,335.21,71.658,163.43
296.33,334.42,72.375,165.07
296.19,336.03,70.246,160.21
294.09,334,70.949,161.81
293.41,333.83,68.862,157.05
291.2,331.03,70.246,160.21
292.16,332.82,68.862,157.05
290.34,329.72,70.949,161.81
290.43,330.29,70.246,160.21
290.91,332.44,68.18,155.5
292.54,332.85,68.18,155.5
295.15,332.43,68.18,155.5
295.39,328.43,70.246,160.21
296.71,327.35,72.375,165.07
296.72,325.97,73.83,168.38
298.5,327.33,73.099,166.72
302.05,329.79,71.658,163.43
305.16,331.17,72.375,165.07
310.16,333.08,70.949,161.81
313.24,333.86,69.551,158.62
314.92,333.37,70.949,161.81
316.98,331.03,71.658,163.43
318.66,328.93,72.375,165.07
319.86,329.18,73.099,166.72
322.07,331.96,70.949,161.81
326.18,332.57,70.246,160.21
329.63,330.79,72.375,165.07
332.93,331.86,72.375,165.07
334.58,329.23,74.568,170.07
337.76,331.23,72.375,165.07
339.16,329.54,73.099,166.72
339.55,327.08,74.568,170.07
341,326.29,74.568,170.07
343.64,326.85,73.83,168.38
348.68,328.22,73.099,166.72
356.28,331.69,70.949,161.81
360.7,333.97,68.862,157.05
361.68,332.08,70.246,160.21
365.22,329.82,71.658,163.43
367.93,330.19,70.949,161.81
369.09,327.27,73.099,166.72
373.83,323.97,75.314,171.77
380.85,323.15,73.83,168.38
385.9,323.22,73.099,166.72
389.78,319.3,74.568,170.07
393.15,317.74,75.314,171.77
396.61,321.77,73.83,168.38
403.73,327.55,71.658,163.43
409.13,328.44,69.551,158.62
414.59,334.93,67.505,153.96
419.34,338.15,65.52,149.43
422.52,340.25,63.593,145.04
427.4,344.96,62.34,142.18
430.02,346.39,61.112,139.38
434.98,348.48,59.314,135.28
441.02,347.84,58.146,132.61
435.53,349.86,56.436,128.71
435.28,348.57,57,130
433.98,345.87,58.146,132.61
432.12,343.13,59.314,135.28
427.49,346.13,58.146,132.61
427.69,346.1,57,130
429.13,348.24,56.436,128.71
425.46,348.53,55.877,127.44
425.74,346.64,57,130
426.38,347.99,56.436,128.71
426.41,349.43,54.776,124.93
423.36,348.04,55.877,127.44
423.39,350.23,54.776,124.93
421.83,349.82,55.324,126.18
416.51,348.75,57,130
417.67,348.34,57.57,131.3
416.4,347.19,58.146,132.61
417.83,350.42,56.436,128.71
415.88,348.65,57,130
417.45,346.42,57,130
414.3,348.6,56.436,128.71
414.47,345.59,57.57,131.3
412.86,345.54,57,130
413.9,343.7,58.727,133.94
413.19,344.07,58.727,133.94
415.04,344.35,59.908,136.63
417.63,346.3,58.727,133.94
419.51,347.74,57.57,131.3
419.02,347.24,58.727,133.94
420.44,347.7,57.57,131.3
419.01,347.25,57,130
418.14,346.5,58.146,132.61
418.49,348.06,57.57,131.3
417.82,348.47,57.57,131.3
415.37,350.03,55.877,127.44
412.66,350.57,56.436,128.71
410.33,352.9,55.324,126.18
407.26,351.92,55.877,127.44
403.51,352.03,57,130
399,355.64,57.57,131.3
394.7,355.85,57.57,131.3
390.71,360.33,55.877,127.44
384.73,366.51,54.234,123.69
387.25,359.1,55.877,127.44
382.92,359.62,57,130
380.44,355.87,57,130
381.19,355.31,58.727,133.94
378.41,356.41,58.727,133.94
379.33,359.79,57.57,131.3
377.15,362.74,57.57,131.3
378.9,362.77,58.727,133.94
366,356.09,59.908,136.63
355.86,352.59,60.507,138
355.07,355.53,58.727,133.94
355.62,355.9,60.507,138
352.83,353.67,59.908,136.63
351.73,355.87,58.727,133.94
347.04,358.6,60.507,138
344.6,357.85,61.112,139.38
344.38,358.02,61.112,139.38
339.73,356.85,62.34,142.18
333.96,356.61,62.963,143.6
332.42,355.91,63.593,145.04
332.05,357.6,61.723,140.77
332.51,357.36,61.112,139.38
331.59,357.35,59.314,135.28
331.14,358.19,58.146,132.61
328.85,357.04,58.146,132.61
328.19,356,58.146,132.61
328.66,357.61,58.727,133.94
324.09,357.57,59.908,136.63
323.84,357.06,59.908,136.63
321.85,356.77,59.314,135.28
321.61,357.17,58.727,133.94
316.51,358.82,58.146,132.61
314.1,356.3,59.908,136.63
311.98,357.44,58.727,133.94
307.86,356.19,59.908,136.63
307.76,355.45,59.908,136.63
306.48,356.18,59.908,136.63
305.89,355.51,60.507,138
308.22,356.38,59.908,136.63
310.9,357.13,58.727,133.94
311.48,357.6,58.727,133.94
310.3,355.55,60.507,138
311,357.56,58.727,133.94
309.86,356.1,59.908,136.63
309.42,356.43,59.314,135.28
310.34,356.12,59.314,135.28
310.74,355.89,59.314,135.28
312.15,357.69,58.727,133.94
311.84,356.69,59.314,135.28
312.23,357.95,58.146,132.61
311.75,356.29,59.908,136.63
311.61,356.43,59.908,136.63
311.7,355.71,60.507,138
314.28,357.14,59.314,135.28
315.79,355.68,61.112,139.38
316.44,356.76,61.112,139.38
317.4,357.63,61.112,139.38
316.96,357.16,62.34,142.18
316.59,357.99,61.723,140.77
317.86,357.71,62.34,142.18
318.68,358.49,61.723,140.77
320.19,359.48,61.112,139.38
321.14,361.95,59.314,135.28
321.34,362.67,59.314,135.28
320.95,362.52,60.507,138
322.39,364.69,59.314,135.28
322.76,364.34,61.112,139.38
323.93,363.82,60.507,138
325.12,364.83,59.314,135.28
326.29,364.98,59.314,135.28
328.51,365.29,58.727,133.94
329.5,364.41,59.314,135.28
335.03,365.06,57.57,131.3
332.62,363.1,59.314,135.28
333.06,363.91,57.57,131.3
332.06,360.62,59.314,135.28
332.42,360.04,61.112,139.38
335.85,359.72,61.112,139.38
338.53,361.23,59.908,136.63
341.72,362.37,58.727,133.94
342.67,361.6,59.314,135.28
345.63,363.37,57.57,131.3
346.94,363.47,58.146,132.61
347.86,363.51,58.727,133.94
347.86,362.53,59.908,136.63
348.74,362.67,58.727,133.94
348.68,362.38,58.727,133.94
349.18,362.93,58.727,133.94
348.41,362.18,58.727,133.94
347.34,361.62,59.908,136.63
347.07,360.92,59.314,135.28
343.54,359.68,60.507,138
341.98,357.87,61.723,140.77
342.86,358.14,59.908,136.63
342.33,356.26,61.723,140.77
344.9,357.68,59.908,136.63
346.56,357.14,59.908,136.63
353.29,357.67,59.908,136.63
361.54,358.21,59.908,136.63
365.78,358.26,59.908,136.63
368.53,357.34,61.112,139.38
371.38,358.68,59.314,135.28
374.09,358.82,58.727,133.94
374.48,356.98,59.314,135.28
375.31,356.77,59.908,136.63
374.68,355.18,61.112,139.38
374.71,355.37,60.507,138
374.38,354.72,60.507,138
375.39,357.01,58.727,133.94
374.51,356.78,58.727,133.94
373.41,356.99,58.727,133.94
373.8,358.87,57.57,131.3
372.78,358.72,58.727,133.94
372.21,358.04,59.908,136.63
372.57,359.31,59.314,135.28
373.96,359.07,59.908,136.63
375.31,358.56,61.112,139.38
376.8,360.9,59.908,136.63
376.92,360.7,61.112,139.38
377.39,362.21,59.908,136.63
376.51,361.87,59.908,136.63
375.53,362.41,58.727,133.94
373.14,360.37,59.314,135.28
373.04,359.56,59.908,136.63
371.9,358.65,60.507,138
373.28,360.17,59.908,136.63
375.18,360.74,59.908,136.63
375.81,360.14,61.112,139.38
376.5,361.59,59.908,136.63
376.51,362.17,59.314,135.28
375.7,360.34,60.507,138
376.65,361.29,59.908,136.63
376.39,359.9,60.507,138
377.27,360.56,59.314,135.28
376.7,359.27,60.507,138
377.62,359.99,59.908,136.63
377.38,360.15,59.908,136.63
378.51,359.25,60.507,138
379.66,361.35,58.727,133.94
378.13,360.58,59.314,135.28
379.39,359.31,60.507,138
380.15,359.36,60.507,138
380.04,359.56,61.112,139.38
379.15,358.77,61.723,140.77
377.79,356.67,63.593,145.04
378.07,357.63,62.963,143.6
377.84,357.87,62.963,143.6
379.05,358.9,61.112,139.38
377.02,357.29,62.963,143.6
376.45,357.47,62.963,143.6
378.86,357.9,61.723,140.77
379.85,359.66,60.507,138
379.96,360.2,60.507,138
379.33,359.17,61.723,140.77
380.32,360.33,61.112,139.38
380.22,358.99,62.963,143.6
381.67,361.34,61.112,139.38
382.04,360.56,61.723,140.77
383.78,361.85,60.507,138
384.46,361.83,60.507,138
385.63,362.87,59.908,136.63
386.11,364.23,58.727,133.94
385.56,363.11,59.908,136.63
386.01,363.94,58.727,133.94
384.65,362.7,59.314,135.28
384.16,361.42,61.112,139.38
383.81,362.11,61.112,139.38
383.23,361.01,62.34,142.18
383.26,361.39,62.34,142.18
383.73,362.84,61.112,139.38
383.19,362.66,61.112,139.38
382.75,363.5,59.908,136.63
382.47,363.25,59.908,136.63
381.76,362.25,60.507,138
382.08,362.1,60.507,138
382.04,361.96,60.507,138
383.41,362.78,59.908,136.63
383.89,363.18,59.908,136.63
382.6,361.11,61.723,140.77
383.16,362.24,60.507,138
383.16,363.15,59.908,136.63
381.09,362.28,60.507,138
380.69,363.26,59.908,136.63
378.96,361.86,61.112,139.38
378.35,362.24,60.507,138
378.37,362.31,60.507,138
378.72,362.34,60.507,138
378.95,361.25,61.723,140.77
380.79,363.59,59.908,136.63
381.36,363.88,59.908,136.63
380.06,361.99,61.723,140.77
380.98,362.84,61.112,139.38
380.28,361.88,61.723,140.77
380.99,363.06,60.507,138
380.77,361.63,61.723,140.77
381.65,362.66,61.112,139.38
380.89,361.54,61.723,140.77
381.52,362.66,60.507,138
381.77,362.58,60.507,138
381.71,362.72,60.507,138
381.57,362.79,60.507,138
381.08,363.49,60.507,138
380.2,364.11,60.507,138
378.46,364.27,61.112,139.38
375.66,363.52,61.723,140.77
374.99,365.68,59.908,136.63
372.57,362.98,61.723,140.77
371.5,362.51,61.723,140.77
372.77,363.3,61.112,139.38
373.26,364.73,59.314,135.28
372.66,363.75,60.507,138
369.62,362.05,61.723,140.77
364.48,361.47,61.112,139.38
358.98,359.25,62.34,142.18
355.12,356.59,64.229,146.49
355.54,357.79,62.963,143.6
356.51,359.78,61.112,139.38
355.91,360.98,59.908,136.63
355.42,361.38,59.908,136.63
352.49,359.78,61.112,139.38
352.81,361.02,59.908,136.63
352.23,360.68,59.314,135.28
354.08,359.18,60.507,138
362.3,362.37,58.727,133.94
368.45,362.27,59.908,136.63
375.09,361.68,61.112,139.38
382.43,361.99,60.507,138
387.22,363.17,59.908,136.63
387.44,363.73,59.908,136.63
387.54,363.35,61.112,139.38
387.14,363.61,61.112,139.38
386.49,364.6,60.507,138
385.76,365.87,59.908,136.63
383.88,367.13,59.908,136.63
379.49,365.13,61.723,140.77
376.79,366.75,60.507,138
373.56,367.29,60.507,138
372.68,368.02,60.507,138
370.42,367.96,61.723,140.77
370.78,370.64,60.507,138
370.3,370.83,61.723,140.77
369.94,371.54,62.963,143.6
367.9,370.26,64.871,147.95
367.25,370.25,66.175,150.93
364.84,369.67,66.175,150.93
361.66,370.27,64.871,147.95
364.09,371.99,62.963,143.6
360.66,368.98,64.871,147.95
362.68,371.85,62.963,143.6
362.24,373.13,61.723,140.77
362.67,372.93,62.34,142.18
360.79,373,62.963,143.6
360.4,373.58,61.723,140.77
359.28,371.36,63.593,145.04
360.47,373.56,62.34,142.18
359.57,372.39,63.593,145.04
361.51,374.19,62.34,142.18
361.47,374.76,62.34,142.18
359.98,372.7,64.229,146.49
359.85,372.28,63.593,145.04
359.54,372.57,62.34,142.18
356.19,370.04,63.593,145.04
352.92,370.43,62.34,142.18
351.16,370.89,61.723,140.77
351.21,369.79,62.963,143.6
350.58,370.64,62.963,143.6
349.23,368.5,63.593,145.04
350.25,370.72,61.723,140.77
350.92,367.31,63.593,145.04
351.47,366.72,65.52,149.43
352.59,366.36,66.837,152.44
352.82,367.46,66.837,152.44
353.51,366.52,66.837,152.44
354.02,368.36,64.871,147.95
353.51,368.23,64.871,147.95
353.64,369.48,63.593,145.04
352.72,370.17,62.963,143.6
352.62,371.42,61.723,140.77
351.37,373.39,62.34,142.18
350.1,373.24,61.723,140.77
349.38,373.41,62.34,142.18
348.22,373.78,61.723,140.77
345.85,371.97,63.593,145.04
347.08,374.22,62.34,142.18
346.8,376.98,61.112,139.38
345.98,376.42,61.723,140.77
346.28,376.3,61.723,140.77
343.88,374.88,63.593,145.04
343.41,374.63,63.593,145.04
342.3,374.76,63.593,145.04
341.86,374.01,64.871,147.95
344.76,375.91,62.963,143.6
343.33,375.76,63.593,145.04
344.52,375.78,64.871,147.95
346.06,377.28,64.229,146.49
346.34,377.66,63.593,145.04
346.61,377.66,63.593,145.04
348.14,379.21,62.34,142.18
348.77,378.74,62.963,143.6
348.86,377.75,63.593,145.04
362.06,357.98,62.963,143.6
363.67,359.37,61.112,139.38
362.23,358.08,62.963,143.6
361.78,358.74,61.723,140.77
361.53,358.46,62.34,142.18
361.08,358.02,62.34,142.18
360.39,357.51,62.963,143.6
360.68,357.26,62.963,143.6
360.24,356.03,64.229,146.49
360.14,355.99,63.593,145.04
361.31,357.51,61.723,140.77
362,358.62,60.507,138
362.65,359.62,59.908,136.63
362.31,358.52,60.507,138
361.35,357.08,61.723,140.77
361.29,356.98,62.34,142.18
360.12,355.31,64.229,146.49
360.24,356.07,63.593,145.04
361.27,357.99,61.723,140.77
360.97,358.04,61.723,140.77
359.6,356.32,63.593,145.04
358.92,356.52,63.593,145.04
357.81,357.62,62.963,143.6
356.76,357.53,62.963,143.6
354.79,357.39,62.963,143.6
354.99,357.13,62.963,143.6
354.66,357.79,61.723,140.77
352.93,355.98,63.593,145.04
351.73,355.85,63.593,145.04
350.05,355.79,63.593,145.04
348.94,355.39,63.593,145.04
348.94,355.27,63.593,145.04
348.94,355.09,63.593,145.04
349.55,354.94,64.229,146.49
350.58,355.48,64.229,146.49
351.64,357.23,62.34,142.18
351.48,357.15,62.34,142.18
351.38,356.96,62.34,142.18
351.28,355.2,64.229,146.49
352.74,357.28,62.963,143.6
352.79,356.96,64.229,146.49
351.91,355.97,64.871,147.95
352.79,356.96,64.229,146.49
353.14,358.17,62.963,143.6
349.76,356.77,63.593,145.04
348.79,356.2,63.593,145.04
347.14,355.65,63.593,145.04
346.46,356.42,62.963,143.6
344.9,354.78,63.593,145.04
345.9,356.55,61.723,140.77
347.26,358.19,59.908,136.63
346.37,357.26,60.507,138
345.44,356.12,61.723,140.77
345.98,357.45,60.507,138
345.22,356.12,61.723,140.77
345.41,356.18,61.723,140.77
346.34,357.2,61.112,139.38
345.46,356.25,61.723,140.77
345.96,357.3,60.507,138
346.02,357.34,60.507,138
345.09,356.07,61.723,140.77
345.23,355.96,61.723,140.77
345.25,356.16,61.723,140.77
343.99,354.51,63.593,145.04
344.89,356.06,62.963,143.6
345.08,357.11,61.723,140.77
344.09,355.14,63.593,145.04
345.13,357.02,61.723,140.77
343.13,355.49,63.593,145.04
343.14,355.68,63.593,145.04
343.24,356.78,62.963,143.6
341.65,356.14,63.593,145.04
341.26,356.19,64.229,146.49
341.94,357.52,62.963,143.6
342.38,359.47,61.112,139.38
341.97,359.31,61.112,139.38
341.83,359.36,61.112,139.38
341.56,358.94,61.112,139.38
341.05,358.56,61.112,139.38
340.63,358.47,60.507,138
341.59,359.05,59.314,135.28
341.75,357.61,60.507,138
343.05,358.52,59.314,135.28
344.01,358.64,59.314,135.28
343.74,357.85,61.112,139.38
344.45,357.74,61.112,139.38
344.81,357.9,61.112,139.38
345.49,358.97,59.908,136.63
344.25,357.81,60.507,138
343.67,357.41,60.507,138
345.16,359.72,58.727,133.94
344.41,358.58,59.908,136.63
343.64,357.72,60.507,138
342.82,356.75,61.723,140.77
342.91,357.4,61.723,140.77
341.09,355.32,63.593,145.04
336.32,353.23,65.52,149.43
335.94,353.54,64.871,147.95
335.07,352.77,65.52,149.43
332.96,350.91,66.837,152.44
333.82,352.97,64.871,147.95
335.49,353.86,63.593,145.04
334.62,353.85,63.593,145.04
334.4,353.25,63.593,145.04
335.92,354.59,62.963,143.6
335.29,353.24,64.229,146.49
336.34,354.33,62.963,143.6
336.91,354.82,62.34,142.18
336.14,353.14,63.593,145.04
337.63,355.34,61.723,140.77
338.11,355.49,61.723,140.77
338.44,355.3,62.34,142.18
340.17,357.03,61.112,139.38
340.1,356.9,61.112,139.38
340.15,356.9,61.112,139.38
339.64,357.04,61.112,139.38
338.17,356.21,62.34,142.18
337.02,356.52,62.963,143.6
334.98,356.31,63.593,145.04
334.31,356.64,63.593,145.04
332.7,357.74,63.593,145.04
331.53,357.34,63.593,145.04
331.92,359.15,61.723,140.77
329.21,357.46,63.593,145.04
326.45,356.14,65.52,149.43
326.98,358.28,63.593,145.04
326.31,360.29,61.723,140.77
324.06,359.68,63.593,145.04
325.62,361.85,61.723,140.77
324.76,361.43,62.34,142.18
324.5,361.65,62.963,143.6
323.75,362.41,62.963,143.6
323.24,361.35,64.229,146.49
322.4,361.4,64.229,146.49
320.84,359.58,64.871,147.95
320.56,359.79,63.593,145.04
321.69,360.98,62.34,142.18
319.36,359.78,62.963,143.6
320.27,360.12,61.723,140.77
320.65,360.35,62.34,142.18
321.21,360.22,61.723,140.77
321.9,360.13,62.963,143.6
322.27,360.52,61.723,140.77
321.26,359.27,63.593,145.04
322.59,360.66,61.723,140.77
322.11,359.42,63.593,145.04
323.23,359.04,63.593,145.04
325.11,359.17,63.593,145.04
326.02,359.11,63.593,145.04
326.94,359.39,63.593,145.04
329.42,361.06,61.723,140.77
329.81,359.89,63.593,145.04
332.84,361.45,62.963,143.6
333.78,362.99,62.34,142.18
332.6,361.5,64.229,146.49
333.22,362.46,62.963,143.6
331.52,361.05,64.229,146.49
328.65,358.96,64.871,147.95
326.32,358.02,64.871,147.95
324.26,358.3,63.593,145.04
324.19,358.84,62.963,143.6
321.88,357.63,63.593,145.04
322.79,359.16,62.34,142.18
322.17,359.23,62.34,142.18
321.23,357.58,63.593,145.04
321.39,357.69,63.593,145.04
323.33,359.65,61.723,140.77
323.36,358.07,63.593,145.04
325.32,359.65,62.34,142.18
325.18,359.24,62.963,143.6
325.39,359.31,62.963,143.6
325.58,360.15,61.723,140.77
325.56,359.34,62.963,143.6
325.58,359.53,62.963,143.6
325.16,359.53,62.963,143.6
324.25,358.65,63.593,145.04
325.47,360.22,62.34,142.18
325.39,360.54,61.723,140.77
324.47,359.17,63.593,145.04
323.15,358.17,64.871,147.95
323.59,359.76,63.593,145.04
324.47,361.35,61.723,140.77
323.74,363.09,60.507,138
321.24,362.24,62.34,142.18
319.14,361.23,63.593,145.04
318.46,361.79,63.593,145.04
317.27,362.54,63.593,145.04
317.41,362.75,64.229,146.49
316.91,362.64,64.229,146.49
316.18,362.74,63.593,145.04
316.5,361.89,64.871,147.95
317.55,362.76,64.871,147.95
320.77,364.78,64.229,146.49
320.91,363.97,65.52,149.43
320.52,362.92,66.837,152.44
320.47,362.89,66.837,152.44
320.64,363.86,66.175,150.93
320.38,365.64,64.229,146.49
318.17,364.1,66.175,150.93
318.08,364.19,66.175,150.93
317.27,365.41,64.871,147.95
316.94,364.74,66.175,150.93
315.89,366.53,64.229,146.49
314.16,364.4,66.175,150.93
316.67,365.06,65.52,149.43
321.46,368.33,64.229,146.49
323.1,366.73,65.52,149.43
323,363.98,63.593,145.04
320.11,358.61,62.34,142.18
318.6,357.12,62.34,142.18
319.26,358.16,61.112,139.38
328.55,360.3,60.507,138
335.37,360.95,61.723,140.77
336.96,361.04,63.593,145.04
337.68,361.17,64.229,146.49
338.4,361.41,64.229,146.49
337.87,361.71,64.229,146.49
337.17,359.43,66.175,150.93
338.8,360.04,64.871,147.95
341.37,361.15,64.229,146.49
343.24,362.14,64.229,146.49
346.18,361.9,66.175,150.93
350.23,363.74,65.52,149.43
351.58,365.97,64.229,146.49
351.81,366.61,63.593,145.04
350.1,365.12,64.871,147.95
348.53,363.86,65.52,149.43
347.18,364.76,64.229,146.49
342.86,363.52,64.871,147.95
342.88,367.06,62.963,143.6
341.87,366.39,64.229,146.49
340.99,365.01,64.871,147.95
341.53,366.17,63.593,145.04
341.62,366.89,62.963,143.6
341.12,367.54,62.963,143.6
340.28,368.3,64.229,146.49
339.39,367.29,64.871,147.95
340.49,368.59,63.593,145.04
341.18,368.87,63.593,145.04
340.8,368.95,63.593,145.04
342.34,370.55,62.34,142.18
342.12,371.19,61.723,140.77
342.11,370.16,62.963,143.6
341.31,368.33,64.871,147.95
339.73,366.42,66.837,152.44
341.26,367.91,64.871,147.95
339.76,365.82,66.837,152.44
339.38,365.14,66.837,152.44
339.53,364.82,66.837,152.44
341.1,365.85,66.175,150.93
341.55,364.4,66.837,152.44
343.29,364.67,66.837,152.44
344.87,366.47,64.871,147.95
347.08,367.72,64.229,146.49
347.9,368.14,62.963,143.6
344.67,364.61,64.871,147.95
345.25,365.16,62.963,143.6
343.37,363.14,63.593,145.04
344.42,363.87,62.963,143.6
343.62,364.03,62.963,143.6
343.23,363.32,64.229,146.49
343.18,362.73,64.871,147.95
346,365.75,64.229,146.49
346.64,366.7,63.593,145.04
345.06,365.88,65.52,149.43
346.9,368.08,64.229,146.49
347.87,368.88,62.963,143.6
347.64,366.33,64.871,147.95
349.03,367.77,64.229,146.49
351.6,370.47,62.34,142.18
352.04,370.74,61.723,140.77
352.1,370.85,62.963,143.6
352.33,371.01,62.963,143.6
351.33,369.94,64.229,146.49
349.96,368.6,64.871,147.95
350.93,370.58,62.963,143.6
348.84,367.9,64.871,147.95
349.15,368.51,63.593,145.04
348.39,368.24,64.229,146.49
347.85,367.58,64.229,146.49
346.67,365.86,64.871,147.95
346.48,364.48,64.871,147.95
345.78,364.43,64.229,146.49
344.73,362.81,64.229,146.49
344.31,363.79,62.963,143.6
341.9,362.07,63.593,145.04
341.96,361.95,63.593,145.04
341.73,361.17,63.593,145.04
342.38,361.99,62.963,143.6
342.79,362.85,62.34,142.18
342.74,362.43,62.34,142.18
341.71,359.69,64.229,146.49
341.51,357.84,62.963,143.6
340.19,352.24,64.229,146.49
339.9,351.31,62.34,142.18
337.68,350.3,61.112,139.38
333.73,346.02,62.963,143.6
333,345.37,62.34,142.18
331.25,344.22,62.34,142.18
329.6,341.46,63.593,145.04
331.3,340.97,61.723,140.77
330.87,338.4,61.723,140.77
332.3,336.03,62.963,143.6
331.73,332.94,62.963,143.6
333.26,330.88,61.723,140.77
334.88,330.73,60.507,138
323,327.78,59.314,135.28
338.2,334.21,58.146,132.61
327.68,325.1,59.314,135.28
328.79,321.91,59.314,135.28
340.65,344.3,58.146,132.61
344.84,342.58,56.436,128.71
351.36,338.34,55.877,127.44
356.39,336.4,54.776,124.93
363.63,336.52,53.697,122.47
368.96,337.06,52.117,118.86
372.67,338.16,51.09,116.52
374.66,337.62,52.117,118.86
375.97,337.77,51.601,117.69
364.97,327.86,53.165,121.25
365.96,328.86,53.165,121.25
367.8,328.79,54.234,123.69
364.23,326.24,55.877,127.44
364.35,325.91,56.436,128.71
365.3,330.17,57.57,131.3
358.22,322.09,59.314,135.28
357.77,322.48,61.112,139.38
357.48,322.15,62.963,143.6
359.42,323.12,62.34,142.18
356.66,321.19,64.229,146.49
353.74,318.97,64.871,147.95
352.8,317.87,64.871,147.95
350.43,316.37,66.175,150.93
350.09,316.28,64.871,147.95
349.15,314.29,65.52,149.43
346.16,313,67.505,153.96
346.9,314.11,66.837,152.44
353.14,318.05,66.175,150.93
352.99,317.95,66.175,150.93
352.18,315.76,68.18,155.5
352.18,317.65,66.837,152.44
353.45,319.27,65.52,149.43
352.64,318.21,65.52,149.43
349.22,315.83,66.175,150.93
347.87,314.69,67.505,153.96
348.41,316.31,67.505,153.96
350.98,318.6,67.505,153.96
353.76,323.66,65.52,149.43
354.38,326.96,64.229,146.49
352.93,325.42,66.175,150.93
350.86,324.87,66.837,152.44
349.26,323.76,66.837,152.44
350.15,325.55,65.52,149.43
348.94,324.81,66.837,152.44
348.96,324.3,67.505,153.96
348.73,324.12,67.505,153.96
348.27,323.33,67.505,153.96
348.31,323.91,66.837,152.44
349.58,323.73,66.837,152.44
353.52,326.04,64.871,147.95
353.71,324.62,66.837,152.44
354.89,325.95,67.505,153.96
355.49,326.59,66.837,152.44
355.17,326.29,68.18,155.5
356.17,328.48,66.175,150.93
356.86,329.87,64.871,147.95
357.63,330.74,63.593,145.04
356.71,329.52,64.871,147.95
356.7,329.65,64.871,147.95
356.64,329.53,64.871,147.95
355.92,329.81,64.871,147.95
354.63,329.49,64.871,147.95
353.21,329.51,64.871,147.95
352.66,329.99,65.52,149.43
351.52,328.78,67.505,153.96
351.26,328.79,68.18,155.5
352.45,330.73,66.175,150.93
350.68,330.21,66.837,152.44
350.9,331.6,67.505,153.96
352.3,333.95,66.175,150.93
351.5,333.59,66.837,152.44
351.04,333.65,66.837,152.44
350.84,333.98,65.52,149.43
349.28,332.68,66.837,152.44
348.92,332.51,66.837,152.44
348.59,333.14,66.837,152.44
348.25,333.31,68.18,155.5
348.53,334.19,67.505,153.96
349.65,335.34,66.837,152.44
348.92,333.76,68.862,157.05
349.21,334.69,67.505,153.96
348.15,331.47,69.551,158.62
349.47,333.31,67.505,153.96
350.4,332.67,68.18,155.5
354.58,335.17,66.175,150.93
355.4,333.81,66.837,152.44
355.67,332.87,67.505,153.96
357.12,335.11,65.52,149.43
356.93,334.79,64.871,147.95
354.63,332.21,66.837,152.44
353.2,332.58,67.505,153.96
351.5,334.2,68.18,155.5
350.11,334.61,69.551,158.62
351.96,337.82,68.18,155.5
351.5,337.07,68.862,157.05
350.57,336.71,68.18,155.5
350.19,340.24,66.175,150.93
348.74,340.86,65.52,149.43
349.27,342.44,66.175,150.93
349.46,342.09,66.175,150.93
348.44,341.97,68.18,155.5
347.62,342.98,68.862,157.05
348.1,343.44,67.505,153.96
347.29,342.88,67.505,153.96
347.79,344.74,65.52,149.43
348.98,345.97,64.229,146.49
348.13,344.42,64.871,147.95
348.74,346.31,64.229,146.49
348.45,346.82,64.229,146.49
348.55,347.09,63.593,145.04
348.65,347.06,64.229,146.49
347.24,344.85,66.175,150.93
347.52,345.04,66.175,150.93
346.04,344.4,66.837,152.44
345.56,344.47,67.505,153.96
345.5,345.8,66.837,152.44
346.79,349.2,64.871,147.95
345.31,350.15,65.52,149.43
345.54,351.03,65.52,149.43
345.56,350.77,65.52,149.43
345.52,350.74,65.52,149.43
345.96,350.43,65.52,149.43
349.09,352.59,63.593,145.04
356.55,355.46,62.34,142.18
367.3,356.68,64.229,146.49
382.83,360.32,62.34,142.18
