473,204,63,97
476.14,204.32,63,97
481.02,206.17,61.147,94.147
485.68,206.3,61.147,94.147
490.14,205.84,61.759,95.089
495.23,206.07,59.942,92.292
498.17,205.42,58.179,89.578
499.57,204.22,58.761,90.474
473.76,206.42,60.542,93.215
472.79,204.54,62.376,96.04
472.43,204.38,62.376,96.04
472.29,203,64.266,98.95
472,203.65,63,97
473.24,205.49,61.147,94.147
473.16,205.44,61.147,94.147
472.38,204.15,62.376,96.04
472.47,204.22,62.376,96.04
472.59,204.23,62.376,96.04
472.47,203.43,64.266,98.95
472.12,203.39,63.63,97.97
472.66,203.4,64.266,98.95
472.63,203.99,63,97
473.74,206.02,61.147,94.147
474.41,206.32,60.542,93.215
474.16,206.07,61.147,94.147
473.31,204.63,62.376,96.04
473.18,204.26,63,97
474.35,206.09,61.147,94.147
474.53,206.48,60.542,93.215
474.28,205.61,61.759,95.089
474.6,205.63,61.759,95.089
474.77,206.03,61.147,94.147
474.2,204.72,62.376,96.04
474.39,204.75,62.376,96.04
474.03,204.3,63,97
474.51,204.72,62.376,96.04
474.26,203.73,63.63,97.97
474.17,203.63,63.63,97.97
474.27,203.75,63.63,97.97
475.39,204.61,62.376,96.04
474.83,203.9,63.63,97.97
474.87,204.01,63,97
476.14,205.39,61.759,95.089
476.07,205.09,61.759,95.089
475.4,203.79,63,97
476.37,205.04,61.759,95.089
475.85,204.43,62.376,96.04
476.86,205.68,61.147,94.147
476.76,205.09,61.759,95.089
476.86,205.03,61.759,95.089
476.79,205.07,61.759,95.089
477.05,204.87,61.759,95.089
475.84,203,63.63,97.97
476.72,203.81,62.376,96.04
476.88,203.8,62.376,96.04
477.74,204.59,61.759,95.089
477.85,204.64,61.759,95.089
478.21,204.4,61.759,95.089
478.81,204.88,61.147,94.147
477.52,203.31,63,97
477.93,203.83,62.376,96.04
478.15,203.95,62.376,96.04
478.41,203.95,62.376,96.04
478.43,204.1,62.376,96.04
478.73,204.02,62.376,96.04
479.62,204.92,61.759,95.089
479.07,204.16,62.376,96.04
479.33,204.02,62.376,96.04
479.44,204.05,62.376,96.04
479.68,203.95,62.376,96.04
479.88,203.83,62.376,96.04
479.9,203.85,62.376,96.04
479.76,203.39,63,97
479.93,203.44,63,97
480.37,204.03,62.376,96.04
480.01,203.62,63,97
480.16,203.63,63,97
480.61,204.07,62.376,96.04
480.29,203.68,63,97
480.16,203.19,64.266,98.95
481.1,204.09,62.376,96.04
481.11,203.98,62.376,96.04
480.88,203.56,63,97
481.05,203.62,63,97
481.13,203.61,63,97
481.62,204.07,62.376,96.04
481.39,203.66,63,97
481.88,204.16,62.376,96.04
481.72,203.6,63,97
481.92,203.65,63,97
482.09,203.62,63,97
482.32,203.6,63,97
483.78,205.05,61.759,95.089
484.67,205.77,60.542,93.215
484.77,205.36,61.147,94.147
485.04,205.39,61.147,94.147
477.73,208.1,61.759,95.089
478.3,206.47,63.63,97.97
481.55,207.43,62.376,96.04
485.49,208.79,61.147,94.147
488.25,209.05,60.542,93.215
487.26,209.87,59.349,91.378
484.44,209.73,59.349,91.378
481.77,209.44,58.761,90.474
482.43,209,59.349,91.378
483.16,209.5,59.349,91.378
486.14,208.55,59.942,92.292
484.45,209.27,59.349,91.378
483.46,210.72,59.349,91.378
487.3,201.3,61.147,94.147
484.25,205.82,61.147,94.147
476.56,206.53,62.376,96.04
477.44,209.69,60.542,93.215
477.68,209.56,59.942,92.292
476.19,208.35,61.759,95.089
477.35,209.65,59.942,92.292
477.44,209.95,59.349,91.378
477.19,210.11,58.761,90.474
476.86,209.98,59.349,91.378
475.91,209.12,60.542,93.215
475.86,209.27,60.542,93.215
476.45,210.34,59.349,91.378
476,210.12,59.942,92.292
475.78,210.02,59.942,92.292
475.75,210.07,59.942,92.292
475.62,210.22,59.942,92.292
475.88,210.67,59.349,91.378
475.17,209.84,60.542,93.215
475.75,210.72,59.349,91.378
475.29,210.12,59.942,92.292
474.58,208.97,61.147,94.147
474.5,208.87,61.147,94.147
474.78,209.43,60.542,93.215
474.68,209.37,60.542,93.215
474.07,208.52,61.147,94.147
473.77,208.11,61.759,95.089
474.53,209.03,60.542,93.215
474.75,209.45,59.942,92.292
474.73,209.38,59.942,92.292
475.06,209.73,59.349,91.378
475.11,209.69,59.349,91.378
474.23,208.71,60.542,93.215
474.51,209.12,59.942,92.292
474.71,209.42,58.761,90.474
474.65,209.27,58.761,90.474
474.77,209.25,58.761,90.474
474.63,209.3,58.761,90.474
474.6,209.19,58.761,90.474
474.33,209.07,58.761,90.474
474.16,209.05,58.761,90.474
474.31,209.12,58.761,90.474
474.16,209.21,59.349,91.378
473.9,209.12,58.761,90.474
474.2,209.4,58.179,89.578
473.85,209.01,58.761,90.474
473.26,208.62,59.942,92.292
473.22,208.66,59.942,92.292
473.94,209.31,58.179,89.578
473.23,208.97,58.761,90.474
473.09,209.03,58.761,90.474
472.95,209.09,58.761,90.474
472.97,209.04,58.761,90.474
473,209.15,59.349,91.378
472.78,209.14,59.349,91.378
472.86,209.21,58.761,90.474
472.86,209.27,58.761,90.474
472.81,209.2,58.761,90.474
472.8,209.36,59.349,91.378
472.2,209.12,59.942,92.292
472.41,209.49,58.761,90.474
472.33,209.33,58.761,90.474
472.24,209.35,58.761,90.474
472.16,209.5,58.761,90.474
472.22,209.6,59.349,91.378
472.1,209.7,59.349,91.378
471.98,209.75,59.349,91.378
471.93,209.56,59.349,91.378
471.73,209.47,58.761,90.474
472.18,209.71,58.179,89.578
471.7,209.36,58.761,90.474
471.52,209.34,58.761,90.474
471.58,209.78,58.179,89.578
471.11,209.48,58.761,90.474
471.15,209.6,58.761,90.474
470.93,209.5,58.761,90.474
470.79,209.42,58.761,90.474
470.89,209.6,58.761,90.474
470.85,209.56,58.761,90.474
471.06,210.01,58.179,89.578
470.58,209.32,58.761,90.474
