515,183,71,70
514.12,182.49,71.937,70.924
513.92,182.31,70.966,69.967
512.64,182.25,71.201,70.198
511.02,181.05,71.451,70.445
511.75,181.38,70.979,69.979
511.07,180.74,72.593,71.571
510.05,180.02,72.619,71.596
510.82,180.26,71.662,70.653
510.26,180.44,71.897,70.884
509.62,181.89,71.369,70.364
509.77,181.31,72.18,71.163
510.39,181.41,71.329,70.325
509.69,181.03,71.831,70.819
512.68,181.4,71.795,70.784
512.25,180.71,72.825,71.799
512.85,181.49,72.215,71.198
512.42,180.67,72.8,71.775
512.65,181.04,72.554,71.532
512.25,179.33,72.975,71.947
547.91,179.7,72.66,71.637
552.53,177.27,71.839,70.827
551.24,177.63,70.484,69.491
542.98,181.8,69.367,68.39
562.51,194.2,69.094,68.12
516.04,183.32,70.11,69.122
516.05,183.26,69.088,68.115
515.72,182.93,70.288,69.298
514.27,181.63,71.345,70.341
513.56,181.68,70.541,69.547
515.02,183.15,70.898,69.899
514.14,182.49,70.668,69.673
515.08,182.13,69.966,68.981
514.96,182.56,70.466,69.474
514.45,182.63,70.505,69.512
513.31,181.7,72.064,71.049
513.12,181.38,72.545,71.523
514.69,182.17,70.74,69.744
513.86,183.44,71.928,70.915
518.94,180.94,72.177,71.161
514.67,181.91,71.193,70.19
513.52,182.41,71.271,70.267
514.93,182.38,70.79,69.793
515.88,181.47,70.998,69.998
510.15,183.11,70.795,69.798
508.48,181.56,72.082,71.067
510.76,181.16,72.121,71.105
519.97,175.33,72.688,71.664
514.9,180.73,73.174,72.143
512.8,180.8,73.245,72.213
511.92,180.72,73.898,72.857
512.86,181.82,72.721,71.697
512.33,181.19,73.458,72.424
512.75,181.92,72.228,71.211
511.59,180.98,73.837,72.797
512.69,181.78,72.574,71.551
512.27,181.03,73.364,72.33
512.68,181.23,73.454,72.419
513.5,182.11,71.916,70.903
514.39,182.95,70.485,69.492
514.83,183.46,69.737,68.755
513.37,181.88,72.118,71.102
512.3,180.96,73.503,72.468
513.26,181.9,72.519,71.498
514,182.36,71.728,70.718
513.84,182.08,71.353,70.348
514.14,182.13,71.217,70.214
514.27,182.39,70.986,69.986
515.04,183.58,69.923,68.938
515.28,183.28,69.688,68.706
516.82,184.68,67.575,66.624
516.11,183.87,68.691,67.723
516.83,185.06,67.457,66.507
517.41,184.8,67.068,66.123
517.13,184.7,66.856,65.914
517.74,185.47,66.811,65.87
517.73,185.24,66.999,66.056
517.18,184.8,67.127,66.182
517.66,185.28,66.899,65.957
517.33,184.77,66.938,65.995
517.46,184.75,66.916,65.974
517.31,184.76,66.929,65.986
515.82,184.06,68.726,67.758
516.84,184.92,67.425,66.475
515.71,183.71,69.422,68.445
515.15,183.35,69.734,68.751
514.61,183.17,70.013,69.027
515.33,183.6,70.097,69.11
515.2,183.64,70.219,69.23
514.95,183.26,70.081,69.094
515.17,183.58,70.426,69.434
515.11,183.26,70.252,69.262
514.95,183.34,69.878,68.894
515.17,183.3,70.184,69.195
515.21,183.67,70.498,69.505
516.47,184.71,68.184,67.224
517.92,185.66,66.659,65.72
518.67,186.42,65.419,64.498
519.56,187.2,64.207,63.302
519.63,186.68,64.172,63.268
519.46,186.67,64.14,63.237
519.4,186.53,64.304,63.398
519.47,186.99,64.372,63.466
519.56,187.06,64.121,63.218
518.27,185.56,66.268,65.334
518.32,186.29,65.745,64.819
518.5,186.29,65.781,64.854
518.39,186.23,65.906,64.977
518.32,186.39,65.608,64.684
517.37,185.31,67.055,66.11
515.78,183.69,69.38,68.402
515.02,183.1,70.354,69.363
516.4,181.22,69.558,68.578
516.94,184.95,68.288,67.326
517.48,185.53,67.009,66.066
517.03,185.26,67.067,66.122
517.18,185.01,67.314,66.366
517.9,185.84,67.104,66.159
517.33,184.42,66.456,65.52
518.53,185.83,66.079,65.148
517.18,185.19,67.051,66.107
515.86,183.95,69.195,68.22
516.38,184.58,68.455,67.491
515.31,183.28,70.282,69.292
514.5,182.87,70.825,69.827
514.06,182.7,71.112,70.111
514.54,182.87,71.678,70.669
514.36,182.7,71.331,70.326
517.03,183.32,69.935,68.95
518.24,181.36,69.602,68.622
519.54,182.91,68.823,67.854
519.56,181.19,68.954,67.983
521.49,181.53,68.034,67.075
519.33,182.77,67.357,66.408
518.81,185.49,66.704,65.765
518.89,186.68,65.356,64.435
519.48,187.27,64.379,63.472
520.22,187.61,63.785,62.886
520.17,187.61,63.917,63.017
520.14,187.63,63.875,62.975
520.21,187.6,64.003,63.102
520,187.6,63.969,63.068
520.02,187.54,64.012,63.111
519.95,187.57,64.091,63.188
518.63,186.41,65.551,64.628
518,185.82,66.452,65.516
517.26,185.12,67.681,66.727
517.61,185.87,66.918,65.975
516.68,185,67.813,66.858
517.66,186.42,67.67,66.717
517.88,185.85,66.904,65.962
517.21,184.88,67.891,66.934
516.57,184.44,68.661,67.694
517.15,185.21,67.825,66.87
516.53,183.65,66.705,65.766
519.13,185.57,65.802,64.875
519.4,187.22,64.657,63.747
519.68,184.62,64.87,63.957
518.69,184.92,65.512,64.59
519.08,187.05,65.606,64.682
519.02,186.64,65.337,64.417
520.26,188.34,64.743,63.831
520.71,187.97,63.944,63.043
521.01,188.61,63.097,62.209
520.02,187.67,63.216,62.326
519.85,187.36,63.635,62.739
518.87,186.65,65.05,64.134
518.23,186.37,65.739,64.813
518.27,186.38,66.369,65.434
518.14,186.38,66.586,65.648
517.64,185.73,66.876,65.934
517.24,185.28,67.37,66.421
516.71,184.91,68.105,67.146
517.46,185.72,67.345,66.396
516.95,184.89,67.911,66.955
516.83,184.77,68.295,67.333
516.53,184.63,68.452,67.488
516.32,184.5,68.706,67.738
517.27,185.44,67.644,66.691
517.61,185.85,67.247,66.3
518.86,186.72,65.705,64.779
519.14,186.85,65.576,64.652
518.19,186.03,66.47,65.534
518.34,185.04,65.314,64.394
519.12,185.38,65.107,64.19
519,185.43,64.282,63.377
519.71,186.07,64.35,63.443
518.91,186.08,65.031,64.115
518.8,185.71,64.311,63.405
519.39,186.15,63.581,62.685
519.59,186.08,63.228,62.338
519.77,186.19,63.607,62.711
519.8,185.95,63.675,62.778
508.96,196.65,64.777,63.865
507.79,195.27,66.522,65.585
487.24,127.11,65.937,65.008
489.95,125.37,65.277,64.358
483.29,108.4,66.551,65.614
485.95,108.11,67.472,66.522
487.92,107.42,68.155,67.195
488.53,107.46,68.445,67.481
489.39,107.23,68.615,67.648
444.98,57.659,69.68,68.699
408.01,51.637,70.509,69.516
407.68,50.333,71.143,70.141
408.33,48.236,71.709,70.699
409.68,44.859,71.924,70.911
415.87,-17.935,72.314,71.295
412.41,-18.461,72.585,71.563
425.74,-19.236,72.921,71.894
408.43,-15.436,73.276,72.244
403.98,-16.301,73.519,72.484
400.97,-17.616,74.072,73.029
413.92,-17.799,74.441,73.393
412.94,-17.378,74.971,73.916
409.33,-17.727,75.105,74.047
425.87,-13.951,75.283,74.222
423.04,-15.238,75.776,74.709
422.25,-16.177,76.265,75.191
416.21,-17.546,76.713,75.633
414.13,-17.841,76.13,75.058
378.72,-17.9,76.631,75.552
376.46,-18.684,77,75.916
376.17,-18.945,77.061,75.976
373.54,-19.452,76.89,75.807
372.73,-20.934,76.789,75.708
372.09,-21.408,76.665,75.585
371.22,-21.3,76.415,75.339
370.48,-21.918,76.022,74.951
370.1,-21.707,75.656,74.59
369.98,-21.216,75.272,74.212
370.4,-20.615,74.561,73.511
371.01,-20.95,74.019,72.976
371.07,-20.589,73.528,72.492
371.42,-20.245,72.963,71.935
372.28,-19.697,72.747,71.722
371.87,-20.649,73.163,72.133
371.31,-20.002,73.058,72.029
371.29,-19.95,73.259,72.228
370.39,-19.336,73.307,72.274
370.03,-18.053,73.518,72.482
369.14,-17.954,73.543,72.507
368.5,-17.459,73.474,72.439
368.11,-17.423,73.451,72.416
367.36,-18.084,73.825,72.786
366.86,-17.666,74.099,73.056
365.48,-18.361,74.779,73.726
366.1,-18.032,75.141,74.083
364.94,-17.462,75.638,74.573
364.71,-17.347,76.033,74.962
364.58,-17.454,76.051,74.979
364.27,-17.9,76.09,75.018
363.75,-19.28,76.111,75.039
363.57,-20.479,75.827,74.759
363.69,-19.256,75.485,74.422
363.58,-20.528,75.246,74.187
363.36,-19.751,75.417,74.355
362.05,-20.643,74.989,73.933
360.48,-20.372,74.748,73.695
359.93,-19.901,74.216,73.171
358.93,-19.895,73.437,72.403
359.01,-19.606,72.832,71.806
358.56,-19.353,72.057,71.042
337.17,-15.73,71.741,70.73
335.21,-16.986,71.492,70.485
333.09,-17.517,71.449,70.442
331.66,-17.411,71.161,70.159
329.64,-17.539,70.784,69.787
328.11,-16.008,70.554,69.56
326.7,-14.252,69.853,68.869
324.2,-13.716,69.403,68.426
322.23,-12.038,69.199,68.224
320.5,-9.9061,68.968,67.996
316.43,-13.442,69.865,68.881
314.77,-11.885,69.777,68.794
314.16,-9.9302,69.714,68.732
314.45,-7.1357,69.174,68.199
312.5,-9.9528,69.451,68.473
312.22,-9.249,69.048,68.076
313.07,-7.1088,68.511,67.546
311.47,-9.455,68.402,67.439
312.34,-7.5997,68.022,67.064
311.31,-8.5387,67.561,66.61
312.27,-6.9393,67.43,66.481
311.3,-8.2745,66.834,65.893
313.32,-5.4027,66.652,65.713
313.35,-5.9619,66.148,65.216
314.39,-5.2769,66.004,65.075
326.99,-11.191,66.092,65.161
328.12,-11.476,66.076,65.145
328.71,-11.062,66.138,65.207
330.63,-11.245,65.96,65.031
331.64,-10.951,65.885,64.957
334.13,-9.6051,65.883,64.955
337.18,-10.036,65.883,64.955
338.1,-9.22,65.495,64.572
337.67,-7.7755,65.002,64.087
337.75,-7.0609,64.223,63.318
338.24,-6.9213,64.031,63.129
342.15,-7.5391,64.089,63.186
332.24,-7.1701,64.637,63.727
332.03,-8.4939,64.959,64.044
357.74,-8.5991,65.115,64.198
357.4,-8.384,64.742,63.83
361.56,-6.8327,63.891,62.991
365.48,-7.5522,63.819,62.92
369.39,-8.4598,63.87,62.97
372.03,-9.4132,64.428,63.52
373.41,-10.033,64.779,63.866
375.68,-9.8505,64.769,63.856
377.23,-10.66,64.991,64.076
379.94,-10.513,64.828,63.915
383,-10.299,64.741,63.829
384.26,-10.511,64.907,63.993
385.82,-10.809,65.082,64.165
392.69,-12.356,65.157,64.239
376.16,-9.2151,65.238,64.319
361.52,-6.975,64.832,63.919
371.37,-9.6098,65.015,64.1
375.89,-10.481,65.185,64.267
376.49,-9.0919,65.17,64.252
398.44,-9.267,65.56,64.637
396.35,-9.7128,65.4,64.479
394.09,-8.8561,65.36,64.44
392.18,-9.982,65.707,64.781
389.17,-9.5126,65.852,64.924
386.86,-9.6913,65.827,64.9
379.56,-10.851,65.834,64.907
370.71,-10.682,65.945,65.016
361.03,-10.154,65.606,64.682
349.19,-8.1613,64.982,64.067
333.52,-9.6311,64.921,64.007
324.84,-9.2909,65.335,64.414
320.43,-8.3349,65.468,64.546
308.08,-8.3281,65.127,64.21
320.61,-9.3088,65.165,64.247
324.1,-6.1964,65.489,64.566
359.02,-10.133,66.023,65.093
354.96,1.4179,65.888,64.96
355.61,-9.2653,65.535,64.612
353,-10.549,66.032,65.102
349.46,-10.653,66.288,65.355
348.16,-10.687,66.491,65.555
344.6,-10.812,66.548,65.611
343.34,-10.501,66.467,65.531
342.57,-10.814,65.966,65.037
341.67,-9.6479,65.674,64.749
340.68,-10.538,64.851,63.938
339.65,-9.3476,64.403,63.496
340.13,-9.2694,64.161,63.257
338.54,-9.8142,64.004,63.103
340.38,-8.1623,63.606,62.711
337.86,-9.2495,63.665,62.768
339.18,-9.5134,63.422,62.529
341.14,-7.7589,62.692,61.809
339.28,-9.1208,62.385,61.506
340.86,-8.3536,62.266,61.389
340.45,-8.4022,61.251,60.388
339.71,-8.7413,61.011,60.151
340.1,-7.6836,60.572,59.719
339.52,-7.8111,60.232,59.383
339.71,-7.8444,59.413,58.576
340.21,-7.6851,58.899,58.07
340.19,-7.6781,58.18,57.36
340.39,-7.6184,58.032,57.215
339.69,-8.4319,57.852,57.038
339.73,-8.8757,57.832,57.018
340.07,-8.8606,57.734,56.921
340.78,-9.9516,58.579,57.754
342.15,-9.8608,58.757,57.93
342.87,-10.586,59.077,58.245
343.11,-11.049,59.401,58.565
342.78,-11.578,59.544,58.706
342.87,-11.202,59.758,58.917
342.64,-11.505,59.878,59.034
342.95,-11.389,60.151,59.304
342.92,-11.4,60.457,59.605
343.08,-11.464,60.899,60.042
342.75,-11.452,60.922,60.064
342.91,-11.595,61.404,60.539
344.09,-11.419,61.912,61.04
344.05,-11.714,62.409,61.53
344.65,-11.948,62.701,61.818
344.33,-12.993,63.302,62.41
345.64,-12.684,63.682,62.785
344.89,-13.444,64.026,63.124
345.59,-14.022,64.753,63.841
345.63,-13.231,64.851,63.937
346.19,-13.548,65.099,64.182
344.48,-14.538,65.416,64.495
343.3,-14.018,66.111,65.18
342.11,-15.42,65.937,65.009
345.5,-14.961,66.056,65.126
347.99,-14.688,66.895,65.953
349.64,-16.167,67.862,66.906
353.14,-17.139,68.327,67.364
351.8,-17.151,68.853,67.883
354.3,-15.268,69.47,68.492
350.35,-13.305,69.864,68.88
355.95,-18.652,70.194,69.205
357.03,-16.489,70.369,69.378
355.78,-17.743,70.402,69.411
357.83,-17.658,70.697,69.702
358.98,-18.819,71.416,70.41
360.41,-17.609,71.541,70.533
361.83,-17.805,71.732,70.721
362,-18.978,72.448,71.427
363.57,-18.352,72.736,71.712
363.79,-18.953,73.184,72.153
364.37,-18.606,73.404,72.37
364.86,-18.026,73.57,72.534
364.09,-20.213,74.31,73.263
365.72,-17.495,73.92,72.878
364.22,-18.351,74.353,73.306
364.59,-17.535,74.442,73.393
364.95,-17.812,74.497,73.448
364.23,-17.001,74.537,73.488
365.09,-16.746,74.619,73.568
360.68,-32.478,76.56,75.481
356.46,-35.41,78.528,77.422
351.99,-37.697,80.227,79.097
348.12,-40.993,81.752,80.601
335.26,-15.724,81.355,80.209
336.09,3.1017,81.728,80.577
285.89,55.239,80.877,79.738
292.5,55.031,80.561,79.426
303.1,56.163,80.024,78.897
297.25,96.376,80.058,78.931
289.12,95.439,79.851,78.726
278.94,94.892,79.116,78.002
272.04,94.706,79.316,78.199
263.31,93.047,78.816,77.705
249.33,95.326,78.36,77.257
242.3,93.168,78.28,77.177
235.46,91.465,77.714,76.62
228.13,91.35,78.157,77.057
223.54,89.716,78.439,77.334
210.57,95.815,78.943,77.831
205.7,99.748,79.594,78.473
205.15,100.61,80.005,78.879
220.42,88.197,79.709,78.586
224.35,87.223,79.219,78.103
224.65,88.416,80.089,78.961
227.03,90.403,79.705,78.582
230.69,87.951,79.422,78.303
232.89,83.234,80.152,79.023
235.67,76.992,80.158,79.029
235.97,70.289,79.81,78.686
235.29,63.644,80.012,78.885
240.07,55.008,80.353,79.221
246.47,60.782,80.249,79.119
242.8,27.422,80.446,79.313
270.89,16.285,79.715,78.593
282.34,24.985,79.065,77.952
306.04,21.34,79.396,78.278
306.05,15.295,78.907,77.796
318.47,21.147,78.466,77.361
330.54,-4.1205,78.69,77.581
306.24,20.809,78.296,77.193
306.45,2.3197,77.71,76.616
309.89,6.7897,77.699,76.604
309.19,25.029,77.465,76.374
316.09,24.094,77.852,76.755
323.7,22.49,78.535,77.429
264.99,43.359,78.73,77.621
262.5,43.124,78.635,77.528
258.99,43.423,79.004,77.892
253.24,47.092,78.939,77.827
245.05,50.264,78.947,77.835
239.44,53.567,79.07,77.956
237.17,58.046,79.142,78.027
230.28,62.2,79.12,78.005
223.41,66.075,79.214,78.098
218.88,67.344,79.354,78.236
213.24,68.781,78.715,77.607
210.12,71.223,79.014,77.901
208.86,73.019,79.054,77.941
207.86,73.815,78.614,77.506
204.99,73.573,77.994,76.895
200.77,73.048,77.108,76.022
196.64,73.046,76.297,75.222
192.3,71.303,75.986,74.916
186.89,68.005,75.639,74.574
182.65,64.834,75.39,74.328
179.13,62.05,75.069,74.012
172.06,57.18,74.844,73.79
166.74,54.385,74.467,73.419
161.6,50.149,74.795,73.742
161.56,47.258,74.902,73.847
163.62,43.429,75.323,74.262
165.94,40.739,76.011,74.94
169.76,39.233,76.493,75.416
175.05,41.668,77.599,76.506
185.54,43.12,78.147,77.046
196,41.978,78.292,77.189
197.94,33.803,79.146,78.031
183.61,27.401,78.801,77.691
173.6,14.517,78.371,77.267
162.53,19.698,77.681,76.587
169.5,23.517,76.954,75.87
165.54,26.498,76.836,75.754
154.02,34.814,76.862,75.779
159.23,36.495,76.672,75.592
183.58,30.049,76.701,75.62
175.52,30.564,76.921,75.838
160.51,31.775,77.323,76.234
144.62,33.446,77.238,76.15
126.7,33.651,77.476,76.384
109.39,32.614,77.47,76.378
95.953,32.378,77.647,76.554
87.357,32.231,77.278,76.19
83.763,31.873,76.899,75.816
77.74,29.913,76.443,75.366
65.014,23.626,76.684,75.604
64.569,21.515,76.393,75.317
59.862,14.286,76.751,75.67
84.856,25.962,75.963,74.893
81.412,24.807,75.522,74.458
83.004,24.563,75.657,74.591
80.294,22.857,75.863,74.795
76.817,18.159,76.421,75.344
102.11,19.57,75.797,74.73
100.08,25.446,75.405,74.343
112.11,19.669,74.734,73.682
118.54,19.215,74.459,73.41
128.74,15.855,74.141,73.096
129.14,12.603,73.925,72.884
132.49,11.473,73.552,72.516
134.8,10.731,73.187,72.157
139.48,10.739,73.316,72.283
146.94,11.791,73.924,72.883
157.04,11.735,74.328,73.281
135.72,26.258,74.481,73.432
139.1,22.659,74.596,73.545
140.01,29.821,74.847,73.793
134.9,15.969,74.447,73.398
146,30.108,74.735,73.682
171.85,88.313,75.243,74.183
172.16,92.659,75.613,74.548
182.65,100.35,75.429,74.366
200.86,49.503,76.008,74.938
194.99,54.38,76.484,75.407
183.02,60.788,76.654,75.574
166.51,66.996,76.919,75.836
152.04,69.389,77.001,75.917
140.76,71.461,77.389,76.299
131.83,70.659,77.547,76.455
123.74,71.259,77.837,76.741
112.83,70.925,77.773,76.678
103.32,70.461,77.364,76.274
98.671,68.832,77.152,76.065
95.724,67.669,76.817,75.735
96.171,66.726,76.298,75.224
98.07,64.352,75.377,74.315
101.8,62.435,75.038,73.981
102.25,58.151,74.646,73.594
109.51,52.716,74.134,73.09
113.57,42.905,73.878,72.837
120.78,31.365,73.649,72.612
132.57,15.441,73.394,72.36
135.57,6.7182,73.241,72.21
133.3,6.5386,73.67,72.632
142.34,8.487,73.843,72.803
161.49,11.174,74.167,73.123
183.79,10.889,74.493,73.444
217.5,10.234,74.616,73.565
260.81,10.04,75.106,74.048
290.78,8.6666,75.11,74.052
309.51,8.9631,75.402,74.34
315.42,8.5288,74.909,73.854
315.27,7.9715,74.745,73.692
310.15,9.0931,74.218,73.173
306.86,9.8796,74.579,73.529
296.3,11.387,74.798,73.744
285.79,14.608,74.783,73.729
274.7,17.559,74.913,73.858
262.15,21.107,74.952,73.896
247.65,23.723,74.425,73.377
230.41,27.79,74.331,73.284
207.05,30.856,74.493,73.444
176.93,29.385,74.888,73.833
151.73,33.226,75.489,74.426
139.58,32.203,75.292,74.232
116.5,31.464,74.871,73.817
101.68,30.949,74.654,73.603
71.107,30.359,74.696,73.644
15.052,29.235,75.682,74.616
3.0027,30.937,75.76,74.693
1.2144,30.091,75.319,74.259
2.1698,30.417,75.312,74.251
3.8076,29.492,75.3,74.24
-43.699,29.572,75.879,74.811
-39.185,27.663,76.219,75.145
7.6351,31.939,75.821,74.754
31.502,25.925,76.178,75.105
44.924,30.977,76.255,75.181
53.909,30.197,76.034,74.963
57.347,34.044,76.579,75.5
79.721,37.766,76.386,75.31
75.772,41.774,76.851,75.769
98.064,46.448,76.989,75.904
123.09,44.134,77.196,76.109
127.55,43.377,76.969,75.885
112.07,40.699,76.803,75.722
151.55,40.12,76.619,75.54
162.91,36.969,76.48,75.403
162.45,35.079,76.258,75.184
170.6,35.37,76.818,75.736
202.99,36.737,76.739,75.658
192.91,33.79,76.949,75.865
170.17,32.794,76.278,75.203
132.61,32.609,76.957,75.873
115.53,31.56,76.924,75.84
80.808,31.337,77.282,76.193
60.919,32.387,77.751,76.656
51.536,31.604,77.613,76.52
50.545,31.148,76.804,75.722
53.537,30.813,76.693,75.613
56.693,31.574,76.959,75.875
72.525,30.207,76.299,75.224
90.516,33.389,76.038,74.967
100.4,33.758,75.863,74.795
96.147,46.09,76.028,74.957
122.58,45.958,75.347,74.286
133.34,49.102,75.165,74.106
140.94,51,75.178,74.119
146.81,53.045,75.283,74.223
128.72,38.112,75.316,74.255
125.51,31.121,75.42,74.357
125.8,25.705,74.711,73.659
172.19,31.707,74.112,73.068
172.8,29.573,73.992,72.95
168.05,26.73,74.178,73.133
164.24,24.09,74.388,73.34
160.4,23.389,74.073,73.029
154.35,23.128,74.226,73.181
152.74,23.628,74.295,73.249
154.27,21.634,74.407,73.359
156.09,20.904,74.627,73.576
160.35,19.117,75.201,74.142
166.3,19.495,75.465,74.402
173.33,17.963,75.465,74.402
181.35,17.894,75.123,74.065
187.49,18.118,75.716,74.649
193.3,18.98,76.015,74.944
197.26,18.337,76.122,75.049
196.9,21.007,76.293,75.219
196.69,23.808,76.381,75.306
194.74,26.278,76.868,75.785
189.79,30.676,77.553,76.461
185.64,34.67,78.313,77.21
179.19,39.1,78.693,77.584
174.36,43.483,79.591,78.47
168.45,48.085,80.656,79.52
162.65,51.412,81.689,80.538
161.01,53.003,82.558,81.395
160.33,54.578,83.615,82.438
161.12,55.715,83.862,82.681
161.89,57.077,84.693,83.5
163.71,56.281,84.532,83.341
165.46,56.656,84.098,82.914
166.11,54.705,83.738,82.558
167.77,53.679,82.927,81.759
168.99,51.406,82.401,81.24
169.66,48.284,81.912,80.758
171.14,45.403,81.128,79.985
173.26,40.895,80.581,79.446
176.9,38.638,79.96,78.834
180.75,36.355,79.419,78.301
183.06,33.892,78.895,77.784
185.47,31.808,78.904,77.793
187.16,30.177,79.046,77.933
188.79,30.262,78.838,77.728
189.05,29.095,78.869,77.759
189,28.583,78.745,77.636
189.19,27.282,78.417,77.313
189.47,25.444,78.275,77.173
189.91,23.27,78.108,77.008
191.17,21.044,77.682,76.588
192.44,18.038,77.344,76.255
192.7,15.576,77.139,76.052
194.06,13.868,76.623,75.544
194.13,12.858,76.033,74.962
193.23,12.2,75.742,74.675
193.68,13.121,75.451,74.388
193.79,12.484,75.379,74.317
195.05,12.454,75.095,74.038
192.82,9.4593,74.431,73.383
191.97,10.247,74.257,73.212
190.06,8.6939,73.96,72.918
185.67,6.8983,74.143,73.099
191.41,7.046,73.95,72.908
184.08,7.0059,74.173,73.128
179.37,8.3317,74.511,73.461
181.86,7.8355,74.697,73.645
182.86,9.5857,75.382,74.32
187.01,9.8657,75.55,74.486
195.23,10.515,75.428,74.365
199.3,13.147,75.084,74.027
201.07,15.375,74.656,73.604
202.26,17.811,74.204,73.159
204.2,18.009,74.078,73.035
203.53,20.024,74.173,73.128
202.5,21.9,73.945,72.903
201.35,23.795,73.627,72.59
197.16,23.154,73.67,72.632
194.13,25.393,74.312,73.266
191.74,26.429,74.506,73.457
186.72,27.198,75.167,74.108
181.35,26.928,75.632,74.567
176.51,27.452,76.102,75.03
172.81,26.982,76.836,75.754
171.13,26.785,77.407,76.317
165.5,26.302,77.779,76.683
162.29,26.747,78.23,77.128
157.35,26.064,78.406,77.302
147.33,25.088,79.226,78.11
132.89,26.035,79.962,78.836
131.93,26.461,80.49,79.356
116.75,26.655,80.606,79.471
98.987,26.58,80.271,79.14
87.14,26.906,80.133,79.004
71.014,29.335,79.583,78.462
69.52,30.124,79.571,78.45
35.727,30.728,79.752,78.628
36.973,31.463,79.424,78.305
36.087,31.844,79.678,78.556
39.972,33.423,79.357,78.239
37.752,32.842,79.481,78.361
39.224,35.017,78.816,77.706
64.981,34.402,78.589,77.482
70.242,36.98,78.488,77.383
65.66,36.801,78.736,77.627
59.591,36.404,79.309,78.192
53.348,37.537,79.345,78.228
48.979,37.563,79.565,78.445
55.577,39.777,79.766,78.643
80.816,40.035,80.057,78.93
130.58,41.633,80.226,79.096
128.3,42.328,80.22,79.09
117.24,42.302,80.073,78.945
79.306,43.576,80.462,79.329
59.072,42.216,80.928,79.788
55.998,44.631,80.831,79.693
69.703,46.017,80.676,79.539
78.632,47.1,79.954,78.828
88.198,47.213,79.475,78.355
102.42,48.75,79.254,78.138
111.99,48.515,79.059,77.945
125.87,49.902,78.402,77.298
135.6,50.304,78.122,77.021
142.24,52.541,77.235,76.147
140.6,51.562,77.848,76.751
133.85,52.47,78.204,77.102
132.75,60.532,78.607,77.5
128.73,71.063,79.366,78.248
124.1,76.652,80.46,79.327
117.44,81.96,80.777,79.639
110.63,85.202,81.459,80.312
92.234,85.596,81.915,80.761
73.231,83.963,82.142,80.985
58.99,82.221,82.12,80.963
47.632,79.675,82.487,81.325
43.628,75.634,82.626,81.463
42.734,69.101,82.751,81.586
46.925,66.626,83.01,81.84
52.87,70.954,82.296,81.137
64.689,72.018,82.206,81.048
76.6,75.209,81.893,80.74
98.798,78.541,81.46,80.313
111.77,81.105,81.746,80.595
123.65,84.277,80.822,79.684
133.89,83.202,80.626,79.49
142.32,83.08,80.126,78.997
152.55,82.021,79.904,78.779
158.47,80.151,80.144,79.015
163.45,79.572,79.885,78.76
165.07,77.682,80.156,79.027
166.06,76.569,80.499,79.365
166.51,74.513,81.6,80.451
166.08,72.15,82.622,81.458
165.73,71.715,82.869,81.702
166.21,70.811,83.311,82.138
163.25,68.958,84.093,82.909
158.54,67.937,84.006,82.823
149.75,67.029,84.059,82.875
138.39,65.253,84.408,83.219
122.39,65.975,84.275,83.088
108.21,65.331,84.104,82.92
97.031,64.199,83.919,82.737
90.889,64.489,83.816,82.635
84.859,62.662,84.307,83.119
76.642,61.615,84.657,83.465
75.468,60.963,84.548,83.358
77.87,59.505,84.924,83.728
91.523,58.053,84.904,83.708
120.6,58.175,84.703,83.51
161.58,57.249,84.586,83.394
186.59,78.571,84.528,83.338
187.78,77.016,84.75,83.557
191.01,77.432,85.054,83.856
171.39,58.612,84.464,83.275
153.09,71.533,85.046,83.848
172.36,47.373,85.102,83.904
158.73,47.247,85.628,84.422
146.2,45.247,85.882,84.673
141.55,43.777,85.85,84.641
141.73,43.379,85.804,84.595
147.62,43.071,84.991,83.794
154.36,42.487,84.28,83.093
160.64,39.932,84.263,83.076
165.54,36.562,84.467,83.277
171.01,33.219,83.793,82.613
177.57,30.561,84.015,82.832
184.51,26.53,83.714,82.535
191.02,23.674,83.743,82.563
193.7,20.928,83.673,82.494
194.35,17.963,83.465,82.29
194.09,17.978,83.128,81.957
193.78,15.593,83.317,82.144
188.88,16.737,82.745,81.579
181.97,14.917,82.618,81.455
172.03,14.448,82.463,81.301
164.18,15.65,82.155,80.998
153.05,14.525,81.688,80.537
142.15,11.817,81.88,80.727
140.12,12.217,82.073,80.917
140.69,14.908,82.004,80.849
140.99,20.429,81.999,80.844
153.77,33.343,81.516,80.368
165.78,39.5,80.761,79.623
168.35,44.731,80.99,79.849
181.52,47.134,81.023,79.882
202.85,55.155,80.585,79.45
212.35,54.004,79.771,78.647
222.14,52.021,79.265,78.149
233.24,47.157,79.408,78.29
244.48,40.614,79.297,78.18
253.5,35.83,78.976,77.864
260.12,32.366,78.556,77.45
265.4,31.04,78.534,77.428
266.91,32.439,78.215,77.113
267.8,36.106,78.069,76.969
267.91,39.657,78.118,77.017
267.81,42.058,77.863,76.766
266.25,44.997,77.641,76.547
263.73,48.745,77.427,76.337
259.45,51.44,77.227,76.139
256.14,55.125,77.069,75.983
251.23,58.488,76.438,75.361
244.24,62.816,75.837,74.769
238.63,68.301,76.213,75.14
233.41,74.58,76.215,75.141
228.95,80.705,75.982,74.912
225.23,85.553,75.672,74.606
223.44,90.173,75.32,74.259
220.6,93.266,75.001,73.944
218.67,94.26,74.327,73.28
218.5,95.536,73.791,72.751
216.64,94.973,72.895,71.868
214.99,93.37,72.211,71.194
210.66,90.614,71.468,70.461
205.16,87.911,71.138,70.136
194.54,83.776,70.942,69.943
180.92,79.223,70.842,69.845
168.32,74.042,70.281,69.291
156.39,70.619,70.055,69.069
147.97,66.839,69.649,68.668
137.87,62.389,69.049,68.076
132.25,57.436,68.497,67.533
129.42,52.04,68.395,67.431
129.61,48.431,68.384,67.421
130.24,46.087,68.3,67.338
133.81,45.457,68.217,67.256
139.45,45.63,68.2,67.24
145.88,45.154,68.096,67.137
153.52,44.779,67.925,66.969
166.16,43.932,67.177,66.231
174.39,47.233,66.901,65.959
186.25,48.198,66.041,65.111
201.47,51.768,65.793,64.866
214.24,58.7,65.282,64.362
234.08,61.098,65.035,64.119
252.31,63.598,64.905,63.991
275.38,64.551,64.537,63.628
290.89,67.546,64.313,63.407
303.67,71.35,64.581,63.671
312.85,74.536,64.751,63.839
319.9,79.828,64.329,63.423
281.05,70.709,65.186,64.267
249.91,81.131,64.898,63.984
238.88,95.116,64.734,63.822
239.49,96.398,64.258,63.353
239.54,95.613,64.607,63.697
271.71,101.43,64.962,64.047
298.94,92.859,64.384,63.477
281.06,79.221,64.376,63.47
262.3,107.3,63.896,62.996
257.61,109.02,64.642,63.731
238.22,128.33,64.763,63.851
169.24,109.11,65.072,64.156
124.91,83.759,65.615,64.691
82.477,32.942,65.75,64.824
89.203,64.812,66.203,65.271
87.631,65.484,66.628,65.689
76.307,37.726,67.179,66.233
60.602,49.636,66.915,65.972
37.67,57.853,67.419,66.469
52.334,90.215,67.618,66.666
53.989,89.944,67.559,66.608
52.964,90.094,67.66,66.707
20.967,87.833,68.497,67.532
18.717,44.677,68.141,67.181
19.543,45.303,68.446,67.482
19.5,44.057,68.472,67.507
36.154,59.667,68.606,67.64
48.856,95.463,69.762,68.78
80.5,85.202,69.98,68.994
56.776,94.435,70.281,69.291
56.992,94.2,70.355,69.364
55.371,93.69,70.573,69.579
60.55,92.336,70.945,69.946
39.117,122.92,70.97,69.97
14.842,114.54,70.967,69.968
12.95,116.96,71.039,70.039
4.8975,130.55,70.74,69.744
-18.299,107.22,70.589,69.595
14.599,123.18,71.104,70.102
3.3155,85.494,72.099,71.083
3.0058,87.361,73.399,72.365
52.061,94.389,74.13,73.086
2.8846,86.241,74.522,73.472
4.4705,81.926,74.771,73.718
4.6307,83.3,75.542,74.478
1.0738,82.567,76.161,75.088
8.7205,97.347,76.458,75.382
9.1641,98.186,76.737,75.656
9.8534,97.941,77.009,75.924
-3.7676,91.194,76.574,75.495
-0.13149,91.081,76.117,75.045
0.66922,88.489,76.405,75.329
-24.71,53.519,75.793,74.726
-24.622,55.436,74.89,73.835
-23.07,55.734,74.151,73.106
-3.0764,88.168,74.977,73.921
13.792,100.95,75.136,74.078
-1.0699,87.814,75.619,74.554
-1.9009,83.42,76.681,75.601
-2.8692,88.294,78.028,76.929
10.94,100.98,78.203,77.101
42.964,137.49,78.471,77.365
40.938,137.44,78.974,77.861
41.469,138.2,79.189,78.073
41.58,140.22,79.334,78.217
40.379,136.81,79.613,78.492
53,82.369,79.767,78.644
54.712,81.274,79.906,78.78
51.457,82.311,80.085,78.957
53.024,84.5,79.732,78.609
54.093,80.89,79.704,78.581
50.986,83.108,79.577,78.456
52.578,82.546,79.204,78.088
10.341,57.382,79.067,77.954
15.825,55.151,78.891,77.78
21.709,18.374,78.368,77.264
35.458,31.601,78.147,77.046
30.028,57.941,77.871,76.774
17.2,20.306,77.393,76.303
-12.194,67.059,77.4,76.31
9.0431,56.966,77.88,76.783
11.282,58.287,77.941,76.844
10.369,56.393,77.193,76.105
11.547,58.102,77.544,76.452
4.9055,59.663,77.193,76.106
7.8298,58.43,77.188,76.101
10.91,59.418,76.968,75.884
5.8696,57.146,76.867,75.784
8.1198,59.017,77.095,76.009
9.1048,59.173,77.417,76.326
9.8996,59.734,77.697,76.603
11.33,58.246,77.388,76.298
11.415,58.82,77.207,76.12
9.0329,60.278,77.928,76.83
12.589,60.567,78.215,77.114
10.055,59.854,78.049,76.95
11.603,59.465,77.966,76.868
8.1055,58.862,77.477,76.386
9.2716,59.927,78.057,76.958
-22.435,22.437,77.329,76.24
-22.968,22.555,76.106,75.034
-23.132,22.715,75.271,74.211
-22.984,24.038,74.934,73.879
-25.148,28.754,74.682,73.63
16.962,60.135,75.369,74.307
18.158,66.146,75.485,74.422
-1.0647,5.6525,75.6,74.536
-30.524,35.388,75.655,74.589
-5.8726,45.409,75.33,74.269
-25.481,2.6648,75.227,74.167
-22.218,3.2926,75.049,73.992
-4.603,2.0491,74.917,73.862
-8.5692,3.7507,74.777,73.723
1.8512,0.31797,74.808,73.755
-6.3735,1.1974,74.79,73.736
37.7,30.801,74.134,73.09
38.121,31.656,73.738,72.699
37.886,31.133,73.54,72.504
38.954,31.531,73.469,72.434
14.202,60.557,73.679,72.641
38.239,30.007,73.423,72.389
38.689,31.427,73.108,72.078
38.429,31.259,73.027,71.999
38.794,32.462,73.185,72.155
38.302,31.691,73.358,72.325
39.016,32.891,73.58,72.544
38.624,31.306,73.32,72.288
40.201,32.481,73.572,72.536
41.985,28.813,73.057,72.028
39.414,30.606,72.825,71.799
40.647,32.132,72.901,71.874
43.53,30.312,72.973,71.946
40.438,31.839,73.008,71.98
41,31.814,73.058,72.029
38.268,32.127,73.024,71.995
38.552,33.653,73.052,72.023
39.215,32.095,73.258,72.227
38.395,32.372,73.036,72.007
38.754,33.306,73.117,72.087
41.027,30.914,72.752,71.727
13.664,60.444,72.839,71.814
17.469,62.679,73.006,71.978
12.743,63.421,73.182,72.151
15.528,64.46,72.892,71.865
16.463,63.329,73.03,72.002
15.908,62.982,72.681,71.657
13.421,62.936,72.655,71.632
17.025,63.712,72.612,71.589
17.147,62.901,72.812,71.787
15.122,62.131,73.108,72.078
15.081,61.03,73.164,72.133
14.346,60.174,73.447,72.413
14.09,61.56,73.729,72.69
15.155,60.17,73.894,72.853
16.217,61.202,74.382,73.334
15.967,60.693,74.673,73.622
15.249,60.127,74.882,73.827
56.389,45.588,74.766,73.713
58.275,45.875,74.269,73.223
14.905,62.766,74.382,73.334
15.22,63.995,74.491,73.441
14.222,63.505,74.549,73.499
24.775,96.084,74.979,73.923
25.267,96.428,75.021,73.965
25.341,95.415,75.092,74.034
24.557,95.296,75.263,74.203
24.353,96.644,75.53,74.466
24.332,94.746,75.838,74.77
14.705,62.007,75.914,74.845
13.404,62.858,76.373,75.297
12.581,61.945,76.523,75.445
13.685,62.445,76.463,75.386
12.445,60.927,77.327,76.238
21.179,63.429,77.059,75.973
21.139,59.796,76.724,75.644
23.173,59.327,76.263,75.189
21.418,61.273,76.414,75.338
21.077,58.32,76.515,75.437
19.914,60.772,77.248,76.16
21.916,60.427,76.96,75.876
20.863,60.063,77.213,76.126
20.977,62.861,77.248,76.16
21.221,61.958,77.566,76.474
22.593,57.161,76.934,75.85
19.446,61.53,77.347,76.257
22.308,56.274,76.884,75.801
20.21,59.972,76.888,75.805
20.234,61.6,77.426,76.335
-6.2898,60.65,77.442,76.351
18.687,62.548,78.393,77.288
19.693,60.616,78.227,77.125
18.565,61.584,79.185,78.07
19.676,62.91,79.053,77.94
20.036,56.912,78.397,77.293
18.53,60.118,78.847,77.736
18.428,60.26,79.177,78.062
19.863,62.455,78.173,77.072
21.325,61.648,77.674,76.58
21.547,61.033,78.175,77.074
20.662,65.521,77.894,76.797
19.556,59.447,77.711,76.616
20.914,61.378,77.231,76.143
20.308,62.096,77.355,76.266
20.736,56.901,76.832,75.75
19.551,60.517,77.463,76.372
20.347,61.092,77.189,76.102
19.242,61.302,78.114,77.014
22.236,59.385,77.193,76.106
20.001,61.776,77.719,76.624
20.107,62.183,78.551,77.445
20.394,62.473,80.122,78.993
20.923,61.049,80.276,79.145
13.552,36.056,79.714,78.591
20.225,60.123,78.91,77.798
22.144,59.806,78.057,76.958
21.579,61.551,78.686,77.578
21.616,59.79,78.754,77.645
20.164,60.936,79.462,78.343
20.722,60.845,80.456,79.323
21.059,60.178,79.576,78.455
20.572,61.445,80.794,79.656
21.455,59.741,79.796,78.672
14.131,34.616,79.126,78.012
14.271,36.996,78.745,77.636
21.7,59.475,78.866,77.755
20.596,60.62,79.619,78.498
22.635,60.384,79.083,77.969
14.727,40.191,80.188,79.059
26.511,52.298,79.867,78.742
30.178,54.582,79.985,78.858
31.513,55.868,79.355,78.237
103.31,40.266,79.911,78.786
112.72,42.953,79.963,78.837
76.518,39.254,79.296,78.179
74.6,39.476,79.522,78.402
112.94,43.028,79.399,78.281
76.804,38.725,78.034,76.934
78.75,39.794,77.851,76.754
111.08,44.678,78.093,76.993
113.08,46.408,77.364,76.274
113.66,44.693,77.966,76.868
113.58,46.371,77.913,76.816
112.73,44.757,77.527,76.435
114.6,46.891,77.776,76.681
115.19,44.294,77.536,76.444
113.72,45.6,77.727,76.633
114.42,45.407,77.974,76.876
114.3,45.339,77.975,76.877
113.94,45.392,77.975,76.877
113.44,45.845,77.837,76.741
114.11,44.296,77.091,76.005
115.58,46.571,77.572,76.48
112.89,47.041,77.183,76.096
114.86,45.312,76.576,75.498
113.73,39.884,76.007,74.936
115.27,39.525,75.648,74.583
115.86,36.4,74.625,73.574
115.19,44.911,74.446,73.398
115.29,47.335,75.802,74.735
115.1,38.664,74.784,73.731
116.19,42.962,74.476,73.427
115.98,44.653,74.527,73.478
117.36,38.203,73.35,72.317
115.86,37.65,72.97,71.942
118.24,38.628,72.455,71.435
116.62,38.565,72.094,71.079
117.13,37.855,71.845,70.833
117.4,38.273,71.771,70.76
117.86,37.789,71.313,70.309
117.35,38.505,71.42,70.414
118.03,38.605,71.68,70.671
117.25,38.504,71.8,70.789
118,38.377,71.181,70.179
53.731,43.426,70.462,69.469
31.276,32.549,70.083,69.096
33.472,32.09,69.442,68.464
54.784,44.322,69.621,68.641
56.068,45.461,70.082,69.095
56.894,44.93,70.31,69.32
56.309,45.411,70.294,69.304
27.308,64.031,70.91,69.911
27.563,63.854,71.559,70.551
27.246,64.391,72.004,70.99
26.419,65.091,72.635,71.612
26.517,63.629,73.168,72.137
31.292,31.26,72.784,71.759
31.836,31.304,72.719,71.695
31.828,31.752,72.426,71.406
30.704,21.654,71.66,70.65
36.871,34.684,71.076,70.075
36.9,33.883,70.925,69.926
36.948,34.072,70.6,69.606
39.13,37.372,70.185,69.197
39.556,36.016,69.832,68.848
38.018,34.254,69.134,68.16
39.64,36.876,68.622,67.655
40.016,36.835,68.184,67.224
40.016,36.609,67.804,66.849
40.115,37.403,68.083,67.124
39.836,36.403,67.941,66.984
39.736,36.042,67.462,66.511
40.561,36.606,67.636,66.683
33.972,26.044,66.924,65.981
34.478,24.683,66.19,65.257
34.785,26.906,65.545,64.622
35.157,26.379,65.219,64.3
36.524,28.122,64.749,63.837
36.429,27.63,64.561,63.652
36.275,26.433,63.975,63.074
37.028,27.336,63.853,62.953
37.141,27.081,63.581,62.685
36.317,26.941,63.289,62.398
-3.963,61.361,63.365,62.472
-2.4197,63.107,63.753,62.855
-3.6101,61.508,64.519,63.611
-26.351,57.251,64.299,63.393
-2.4203,61.652,64.923,64.008
-4.172,62.428,65.533,64.61
-27.921,57.341,66.014,65.084
-27.15,55.944,66.353,65.418
-27.392,57.773,65.955,65.026
-6.6424,61.09,65.755,64.828
-27.191,55.933,65.743,64.817
20.442,67.197,65.746,64.82
19.17,66.925,65.853,64.925
20.649,67.812,66.275,65.342
18.882,66.841,66.21,65.277
20.46,66.829,66.536,65.599
19.723,66.372,66.058,65.128
23.85,67.712,66.377,65.442
24.326,68.245,67.051,66.107
-10.877,78.652,66.849,65.907
-9.854,79.255,66.641,65.703
-9.3048,79.511,66.094,65.164
-1.7695,90.607,66.608,65.669
-16.324,101.21,66.743,65.803
-14.523,102.04,66.696,65.757
-22.415,128.37,66.869,65.927
-17.326,101.26,66.985,66.042
-16.433,101.01,67.046,66.102
-17.369,101.18,67.07,66.125
-16.602,101.2,66.927,65.984
-16.581,99.951,66.899,65.957
-17.103,99.159,66.428,65.492
18.448,71.606,66.378,65.443
19.315,74.148,66.926,65.984
16.418,70.062,67.127,66.181
17.225,69.541,67.34,66.391
16.934,69.49,67.509,66.558
16.965,67.552,67.461,66.511
18.463,72,67.92,66.964
17.572,70.894,68.213,67.252
14.386,68.888,67.795,66.84
16.009,68.24,67.637,66.685
16.73,68.743,67.767,66.813
15.648,70.261,67.859,66.903
43.691,69.168,68.218,67.257
51.698,47.372,68.334,67.371
50.96,46.932,68.45,67.486
51.164,46.974,68.41,67.447
50.02,46.244,69.09,68.117
50.16,47.676,69.644,68.663
51.429,46.725,69.379,68.402
51.526,46.003,69.631,68.651
9.6783,24.16,69.843,68.859
-18.507,21.715,69.493,68.515
-17.522,23.391,69.019,68.047
10.862,24.514,69.093,68.12
-27.445,1.1077,68.658,67.691
-54.701,0.93021,68.63,67.664
-80.633,0.44727,68.619,67.653
-116.45,0.55451,68.608,67.641
-152.25,0.56637,68.594,67.628
-192.95,0.039974,70.077,69.09
-240,0.28654,70.855,69.857
-273.8,-1.3451,70.814,69.816
-311.68,-0.49504,69.904,68.92
-358.4,-0.51961,69.24,68.265
-405.17,0.15265,68.715,67.747
-441.05,0.67821,68.721,67.753
-503.32,0.1095,69.936,68.951
-533.36,-0.86225,68.596,67.63
-565.64,1.4017,68.263,67.302
-600.72,1.9928,65.629,64.705
-634.95,2.3662,65.735,64.809
-668.76,2.0399,66.195,65.263
-704.56,1.5256,66.615,65.677
-740.53,0.57024,67.621,66.669
-774.58,1.6614,67.538,66.587
-804.42,0.42538,65.878,64.951
-830.77,2.5731,65.161,64.243
-862.34,1.0647,64.467,63.559
-896.22,2.9289,64.682,63.771
-934.35,1.9402,64.069,63.167
-969.43,2.2924,64.032,63.13
-1005.2,2.1201,64.062,63.159
-1041,1.5591,64.498,63.59
-1081,1.0149,65.426,64.504
-1124.3,1.3756,66.48,65.543
-1162.1,0.027927,66.656,65.717
-1200.1,0.54691,67.505,66.554
-1234.6,-1.0526,67.767,66.813
-1274,-0.1926,67.871,66.915
-1312.3,-0.69291,65.852,64.924
-1348.8,0.32938,67.499,66.548
-1386.3,-1.2382,67.068,66.124
-1425.1,-0.50095,66.616,65.677
-1464.6,-1.1307,66.342,65.408
-1502.8,-0.096012,66.772,65.831
-1544.4,-1.0766,67.11,66.165
-1586.4,-1.6859,67.65,66.697
-1626.1,-1.5239,69.224,68.249
-1670,-3.2142,69.78,68.798
-1714.9,-3.8105,70.275,69.285
-1762.4,-3.406,70.396,69.405
-1807.1,-4.7211,70.635,69.64
-1854,-3.1984,71.186,70.184
-1895.5,-5.9648,71.787,70.776
-1935.5,-4.8653,71.73,70.72
-1980.1,-5.6334,71.678,70.668
-2024.5,-5.0141,71.754,70.743
-2070.8,-6.0854,72.185,71.168
-2117.9,-5.9565,72.075,71.06
-2167.7,-4.6795,71.966,70.952
-2216.6,-5.5738,72.005,70.991
-2265.8,-4.846,71.848,70.836
-2311.3,-6.2261,72.022,71.007
-2360.8,-5.1197,72.096,71.081
-2407.7,-6.3286,71.84,70.828
-2455.6,-6.4702,71.586,70.578
-2504.2,-4.8684,71.333,70.328
-2545.8,-6.4564,71.196,70.193
-2593.1,-6.0255,71.062,70.061
-2638.4,-6.0671,70.937,69.938
-2682.6,-5.354,70.749,69.752
-2729,-6.6656,70.621,69.626
-2773.6,-5.8155,70.709,69.713
-2817,-6.8572,70.718,69.722
-2861.4,-7.2031,70.693,69.697
-2905.9,-6.6967,70.638,69.643
-2945.5,-8.272,70.607,69.613
-2991.5,-7.8683,70.569,69.575
-3037.1,-8.9113,70.223,69.234
-3082.9,-9.9248,69.377,68.4
-3128.6,-10.775,69.097,68.124
-3175.3,-9.8734,68.568,67.602
-3218.9,-11.298,67.88,66.924
-3263.1,-11.298,67.781,66.827
-3307.2,-10.573,67.952,66.995
-3352.1,-11.157,67.93,66.973
-3396.5,-10.836,67.485,66.534
-3439.6,-10.911,67.407,66.457
-3481,-11.254,67.983,67.026
-3523.8,-11.478,67.928,66.971
-3569,-11.391,68.175,67.215
-3610.8,-10.537,67.452,66.502
-3654.9,-11.341,68.195,67.235
-3701.4,-11.56,68.585,67.619
-3747,-11.413,68.782,67.813
-3792.8,-13.247,71.06,70.06
-3838.5,-12.788,72.239,71.221
-3885.1,-14.568,72.829,71.803
-3932.5,-13.432,73.389,72.356
-3979.9,-14.005,73.86,72.819
-4026.9,-14.653,74.505,73.456
-4073.2,-15.746,74.303,73.257
-4124.3,-14.449,75.381,74.319
-4175.1,-15.402,75.178,74.119
-4225.9,-14.666,74.675,73.623
-4274.2,-15.7,74.177,73.132
-4325.6,-13.759,73.723,72.684
-4373.8,-14.936,73.447,72.413
-4423.1,-12.642,73.012,71.983
-4470.6,-13.798,72.596,71.573
-4520.6,-13.891,72.174,71.157
-4570.8,-13.237,71.766,70.755
-4616.8,-14.34,72.26,71.242
-4667.1,-13.514,71.784,70.773
-4715.3,-13.092,70.577,69.583
-4762.5,-10.243,67.705,66.752
-4806.7,-11.264,67.866,66.911
-4851.1,-11.588,68.01,67.052
-4896,-10.822,67.214,66.268
-4938.3,-11.468,67.76,66.805
-4982.8,-9.5802,67.076,66.132
-5025.8,-11.32,67.064,66.12
-5069.8,-10.974,67.556,66.605
-5114.9,-10.994,66.734,65.794
-5159.6,-8.9474,66.315,65.381
-5203.8,-11.222,67.655,66.702
-5248.7,-10.689,67.648,66.695
-5294.6,-10.5,67.325,66.377
-5342.3,-11.615,70.015,69.029
-5390.9,-12.156,70.84,69.843
-5435.5,-12.643,68.703,67.736
-5482,-12.254,71.767,70.756
-5524.5,-13.534,70.119,69.131
-5569,-9.5946,66.455,65.519
-5612.4,-11.49,67.204,66.258
-5656.7,-10.16,67.927,66.971
-5697.4,-11.846,67.26,66.313
-5742.2,-9.8125,67.23,66.284
-5785.1,-11.11,67.208,66.262
-5830.6,-10.793,67.187,66.241
-5873.7,-10.609,67.164,66.218
-5917.9,-10.576,67.133,66.187
-5963.3,-10.705,67.166,66.22
-6005.8,-11.953,67.454,66.504
-6051.2,-11.299,67.356,66.408
-6095.8,-11.306,67.321,66.373
-6141.9,-10.067,67.271,66.324
-6182.9,-12.087,67.559,66.607
-6228.2,-11.435,67.803,66.848
-6262.4,-14.766,67.942,66.985
-6317.2,20.333,67.224,66.277
-6351.6,55.753,67.09,66.145
-6387.5,53.871,67.441,66.491
-6455.2,78.544,67.412,66.462
-6491.7,54.804,67.982,67.024
-6521.8,54.754,68.543,67.578
-6549,51.228,68.695,67.727
-6417.9,26.611,68.784,67.816
-6456.8,53.962,69.332,68.356
-6491.1,53.212,70.088,69.101
-6513.9,47.259,70.337,69.346
-6549.1,49.735,69.991,69.005
-6573.6,45.72,69.795,68.812
-6618.7,-12.3,71.307,70.303
-6668.8,-11.103,71.657,70.648
-6716,-12.954,72.454,71.434
-6767.3,-11.806,74.253,73.207
-6814.5,-14.727,74.501,73.452
-6866.4,-15.107,74.29,73.244
-6919.9,-12.171,72.652,71.629
-6976.8,-7.5904,72.181,71.164
-7027.8,-9.2119,71.966,70.952
-7072.7,-9.3503,69.184,68.209
-7122.8,-6.1282,68.282,67.321
-7172.2,-5.6324,68.168,67.207
-7225.9,-4.685,67.424,66.475
-7280.2,-4.9528,67.154,66.208
-7331,-5.4508,66.82,65.879
-7359.3,33.123,64.268,63.363
-7391.2,-9.7963,65.183,64.265
-7428.1,-13.214,65.122,64.205
-7465.4,-10.51,65.411,64.49
-7506.6,-10.682,65.302,64.382
-7549.5,-11.367,66.159,65.227
-7592.5,-12.099,66.341,65.406
-7633.4,-10.887,66.269,65.336
-7675.5,-10.656,66.302,65.369
-7709.1,-17.483,68.111,67.151
-7742.7,-14.946,68.553,67.587
-7782.5,-11.591,69.126,68.152
-7821.2,-18.512,72.1,71.085
-7867.3,-11.744,72.022,71.007
-7907,-18.859,73.607,72.57
-7945.5,-16.372,73.896,72.856
-7991,-16.181,76.611,75.532
-8033.6,-21.587,76.737,75.656
-8074.8,-19.624,77.41,76.32
-8118.5,-17.043,76.825,75.743
-8160.7,-19.785,76.694,75.613
-8201.1,-16.169,77.591,76.498
-8241.1,-21.242,77.9,76.803
-8279.8,-16.427,77.095,76.009
-8323.8,-20.054,77.822,76.726
-8367.1,-14.904,78.528,77.422
-8414.6,-21.445,82.699,81.534
-8461.4,-15.483,81.569,80.42
-8505,-19.359,80.887,79.748
-8548.8,-26.006,81.708,80.557
-8591.1,-21.339,82.408,81.247
-8634.8,-26.384,84.203,83.017
-8678.2,-20.203,84.725,83.531
-8721.8,-30.906,86.432,85.214
-8764.2,-29.94,88.348,87.104
-8804.4,-25.388,87.901,86.663
-8845.3,-26.647,88.648,87.4
-8885.6,-26.883,88.758,87.508
-8929.6,-22.895,88.162,86.92
-8971.5,-28.702,89.17,87.914
-9011.9,-27.247,89.903,88.637
-9053.3,-20.204,87.395,86.164
-9094.9,-23.947,87.426,86.194
-9140,-20.938,88.064,86.824
-9178.5,-26.786,88.741,87.491
-9218.4,-23.801,88.023,86.784
-9261.7,-26.531,88.186,86.944
-9304,-21.861,85.246,84.046
-9346.7,-25.403,85.034,83.837
-9388.1,-22.65,84.689,83.496
-9431.5,-25.81,86.479,85.261
-9472.7,-23.126,85.167,83.967
-9516.3,-25.688,86.766,85.544
-9558,-23.404,85.546,84.342
-9602,-29.207,81.664,80.514
-9645.1,-27.431,82.769,81.604
-9685.7,-26.97,83.079,81.909
-9724.8,-25.657,83.423,82.248
-9762.4,-22.256,81.912,80.759
-9798,-19.965,78.982,77.87
-9834.4,-19.388,78.141,77.041
-9877.1,-27.693,79.008,77.895
-9918.9,-26.348,80.036,78.909
-9956.9,-22.642,77.658,76.564
-9994.8,-19.678,76.227,75.153
-10028,-16.749,75.342,74.281
-10064,-21.156,79.211,78.096
-10103,-20.776,77.835,76.739
-10140,-20.823,77.44,76.349
-10177,-19.723,78.464,77.358
-10216,-20.734,78.16,77.059
-10253,-19.997,78.492,77.386
-10290,-20.369,79.812,78.688
-10328,-20.365,77.168,76.081
-10367,-19.438,76.459,75.382
-10406,-19.304,76.54,75.462
-10445,-19.144,76.743,75.662
-10480,-19.436,77.372,76.282
-10517,-20.285,77.653,76.56
-10556,-21.32,79.131,78.016
-10593,-21.225,80.36,79.228
-10631,-24.773,83.234,82.062
-10671,-24.276,83.141,81.97
-10711,-24.25,83.088,81.918
-10751,-24.265,83.96,82.778
-10790,-24.264,84.11,82.925
-10829,-24.39,83.82,82.64
-10867,-24.837,83.88,82.698
-10909,-24.126,84.523,83.332
-10948,-25.003,83.468,82.293
-10989,-23.396,81.72,80.569
-11030,-23.052,81.209,80.065
-11070,-22.846,80.823,79.684
-11110,-23.048,80.971,79.831
-11151,-22.666,82.211,81.053
-11192,-21.442,81.296,80.151
-11233,-23.159,80.929,79.789
-11271,-23.048,80.907,79.767
-11309,-22.236,81.189,80.045
-11349,-20.123,80.738,79.601
-11390,-22.94,80.315,79.184
-11430,-23.31,81.06,79.918
-11464,-22.68,79.029,77.916
-11497,-21.075,76.569,75.491
-11527,-18.701,72.848,71.822
-11562,-18.729,72.981,71.953
-11598,-19.059,73.178,72.147
-11635,-19.258,73.306,72.274
-11669,-19.073,73.563,72.527
-11704,-18.719,74.304,73.257
-11740,-18.277,74.507,73.457
-11776,-17.607,74.503,73.453
-11813,-18.164,74.564,73.514
-11849,-18.129,74.337,73.29
-11885,-17.315,74.528,73.479
-11923,-18.362,74.264,73.218
-11959,-17.829,74.603,73.552
-11996,-19.106,75.657,74.591
-12032,-18.816,75.941,74.872
-12069,-19.417,76.138,75.066
-12105,-19.179,76.326,75.251
-12141,-19.27,76.663,75.583
-12188,-15.365,76.148,75.075
-12238,-15.117,75.687,74.621
-12285,-16.122,75.155,74.097
-12323,-20.196,75.507,74.443
-12360,-20.054,75.971,74.901
-12399,-18.619,76.12,75.048
-12436,-20.286,76.616,75.537
-12472,-18.151,76.802,75.72
-12508,-14.82,75.886,74.817
-12545,-18.973,76.031,74.96
-12581,-17.449,76.379,75.303
-12619,-15.582,76.331,75.256
-12659,-23.55,79.051,77.938
-12700,-19.98,79.501,78.382
-12738,-18.479,79.162,78.047
-12775,-21.621,79.221,78.106
-12814,-21.33,79.38,78.262
-12853,-21.31,79.618,78.497
-12893,-20.295,79.835,78.711
-12934,-24.332,80.271,79.14
-12972,-23.199,80.483,79.349
-13009,-21.57,80.295,79.165
-13048,-26.084,81.894,80.741
-13086,-24.664,82.255,81.096
-13124,-24.853,82.374,81.213
-13163,-23.688,83.19,82.019
-13201,-23.205,83.551,82.375
-13236,-23.775,83.349,82.175
-13273,-23.644,83.54,82.364
-13308,-23.209,83.558,82.381
-13344,-23.204,83.874,82.692
-13381,-22.267,83.322,82.148
-13418,-25.951,84.809,83.615
-13456,-24.345,84.078,82.894
-13492,-22.895,83.411,82.236
-13531,-21.615,82.272,81.113
-13573,-24.927,82.671,81.507
-13616,-24.773,83.02,81.851
-13659,-23.607,83.367,82.193
-13701,-22.482,83.044,81.874
-13746,-22.899,82.502,81.34
-13789,-21.867,81.958,80.804
-13834,-24.116,82.52,81.358
-13877,-21.612,81.841,80.688
-13921,-21.293,81.718,80.567
-13965,-23.302,82.517,81.355
-14005,-19.859,78.554,77.448
-14044,-17.647,76.208,75.135
-14086,-15.281,76.332,75.257
-14126,-22.393,77.359,76.269
-14164,-22.162,76.909,75.826
-14201,-19.019,73.32,72.288
-14238,-17.345,73.254,72.222
-14278,-15.832,73.697,72.659
-14321,-14.865,74.226,73.181
-14363,-18.865,74.297,73.251
-14402,-18.622,74.181,73.137
-14440,-18.017,74.682,73.63
-14479,-16.632,74.297,73.25
-14521,-15.844,73.569,72.533
-14562,-14.048,73.041,72.013
-14600,-15.886,72.258,71.24
-14639,-14.737,72.378,71.359
-14679,-13.954,72.788,71.763
-14718,-14.563,71.454,70.448
-14758,-12.731,71.457,70.451
-14796,-13.134,71.485,70.478
-14835,-13.191,71.512,70.505
-14875,-13.15,71.334,70.33
-14913,-15.186,71.284,70.28
-14956,-12.957,70.418,69.427
-14996,-13.546,70.013,69.027
-15036,-11.445,69.031,68.058
-15076,-13.551,68.576,67.61
-15115,-11.098,67.752,66.798
-15153,-11.522,67.737,66.783
-15194,-12.08,69.538,68.558
-15234,-14.054,68.73,67.762
-15270,-11.47,66.464,65.528
-15309,-10.026,64.41,63.503
-15346,-7.7543,62.441,61.561
-15381,-9.7106,61.906,61.034
-15415,-7.6221,60.904,60.046
-15451,-9.6213,62.954,62.067
-15486,-6.8308,60.261,59.412
-15520,-8.0729,61.003,60.144
-15560,-5.8643,60.914,60.056
-15600,-8.3263,62.189,61.313
-15641,-6.2547,60.833,59.976
-15681,-6.4968,59.958,59.113
-15721,-6.415,59.982,59.137
-15760,-5.1825,59.641,58.801
-15800,-6.4733,60.326,59.476
-15840,-6.4351,60.916,60.058
-15881,-5.8858,58.745,57.918
-15920,-4.5803,58.309,57.487
-15958,-5.0816,57.708,56.895
-15996,-3.5923,57.521,56.711
-16033,-5.7627,58.26,57.439
-16072,-3.981,58.174,57.354
-16110,-4.9226,58.113,57.295
-16150,-4.0601,57.56,56.75
-16188,-5.6801,58.143,57.324
-16227,-4.6353,59.876,59.033
-16268,-6.7688,59.791,58.949
-16309,-4.8762,59.353,58.517
-16348,-6.7323,59.654,58.814
-16390,-4.4494,59.631,58.792
-16433,-5.5333,59.791,58.949
-16474,-5.6379,60.263,59.414
-16515,-6.0117,59.51,58.672
-16559,-4.8375,60.439,59.588
-16601,-6.5265,59.952,59.107
-16645,-5.8813,60.602,59.749
-16686,-5.1856,60.927,60.068
-16728,-5.8173,61.101,60.241
-16771,-6.1583,61.265,60.402
-16813,-7.2831,61.203,60.341
-16856,-5.5011,61.156,60.294
-16899,-5.3917,60.26,59.411
-16940,-5.6064,59.22,58.386
-16981,-3.687,58.84,58.012
-17022,-5.0999,58.057,57.24
-17065,-3.9498,57.463,56.654
-17105,-4.0279,56.051,55.261
-17145,-2.4655,55.126,54.349
-17184,-1.4203,52.056,51.323
-17221,0.45768,51.008,50.29
-17258,-0.87847,52.203,51.468
-17296,-0.84864,51.82,51.09
-17334,-1.8642,52.174,51.44
-17371,-1.7681,52.715,51.972
-17408,-2.9118,52.816,52.072
-17444,-3.1481,52.876,52.131
-17480,-2.2802,52.541,51.801
-17517,-3.8408,53.264,52.513
-17556,-4.5985,53.994,53.233
-17595,-3.7929,53.598,52.843
-17633,-5.1046,53.815,53.057
-17671,-2.9258,53.372,52.621
-17709,-3.8297,53.36,52.608
-17747,-3.9076,54.673,53.903
-17784,-4.757,53.65,52.894
-17823,-4.3259,53.615,52.86
-17860,-5.7178,54.934,54.16
-17900,-4.6664,55.93,55.142
-17940,-4.7486,55.518,54.736
-17977,-5.8256,54.603,53.834
-18015,-4.5977,54.575,53.806
-18054,-5.2441,54.551,53.783
-18093,-4.6355,54.602,53.833
-18132,-5.3378,54.653,53.883
-18170,-4.1906,53.797,53.039
-18208,-5.2092,53.751,52.994
-18247,-4.1825,53.936,53.177
-18286,-4.0064,54.041,53.28
-18325,-4.7993,53.876,53.117
-18363,-3.7274,53.936,53.176
-18402,-3.7873,53.731,52.975
-18440,-5.0311,53.971,53.211
-18478,-3.6418,54.172,53.409
-18514,-5.2753,54.644,53.874
-18553,-5.1577,55.027,54.252
-18593,-5.2164,54.706,53.936
-18632,-4.8833,54.362,53.596
-18672,-3.6507,54.236,53.473
-18711,-4.6852,54.259,53.494
-18749,-5.3275,54.403,53.636
-18788,-3.8552,54.684,53.914
-18827,-5.1049,55.312,54.533
-18866,-4.9646,54.997,54.223
-18906,-5.346,54.971,54.197
-18946,-3.3539,53.959,53.199
-18984,-4.23,54.162,53.399
-19022,-4.9205,53.913,53.153
-19060,-2.8062,53.163,52.414
-19096,-4.1341,53.021,52.274
-19134,-3.1001,52.479,51.74
-19169,-2.3697,51.828,51.098
-19206,-3.5882,52.162,51.427
-19243,-3.6471,52.396,51.658
-19281,-2.6951,52.361,51.623
-19319,-3.7327,52.559,51.819
-19356,-2.4294,52.42,51.681
-19394,-3.1077,52.266,51.53
-19432,-2.8745,52.311,51.574
-19470,-2.865,52.351,51.614
-19508,-2.914,52.385,51.647
-19546,-2.3218,52.235,51.499
-19583,-3.3078,52.097,51.363
-19621,-1.9832,52.188,51.453
-19658,-3.2086,52.175,51.44
-19695,-2.359,52.007,51.275
-19732,-1.859,51.537,50.811
-19768,-1.3905,50.795,50.08
-19806,-2.1681,50.864,50.147
-19843,-1.3483,50.72,50.005
-19880,-2.1994,51.09,50.371
-19917,-0.82098,50.995,50.277
-19953,-1.5512,50.923,50.206
-19990,-0.84152,49.205,48.512
-20025,1.0569,47.384,46.717
-20059,0.80632,47.01,46.348
-20093,0.62682,47.725,47.053
-20128,0.68735,47.343,46.676
-20163,0.67198,47.581,46.91
-20197,-0.29309,47.946,47.271
-20232,0.6734,47.284,46.618
-20267,1.9385,46.735,46.077
-20301,1.9263,46.032,45.383
-20333,1.6234,44.749,44.119
-20366,2.6036,44.923,44.29
-20399,2.6531,45.076,44.441
-20432,1.733,45.259,44.621
-20465,3.0075,45.059,44.424
-20496,2.0342,44.954,44.321
-20529,2.6807,45.545,44.904
-20561,1.5493,45.581,44.939
-20595,2.3803,45.356,44.717
-20628,2.9339,45.798,45.153
-20660,2.3086,45.798,45.153
-20695,2.9795,45.91,45.263
-20729,2.1917,45.808,45.163
-20764,3.0849,46.077,45.428
-20799,1.5785,46.357,45.704
-20834,2.9899,46.579,45.923
-20866,0.94441,46.827,46.167
-20899,2.6473,46.734,46.076
-20932,2.9881,45.454,44.814
-20965,3.4925,44.726,44.096
-20997,3.239,43.863,43.245
-21030,4.3975,44.089,43.468
-21061,3.0192,44.672,44.043
-21094,2.6377,45.289,44.651
-21127,3.5759,45.658,45.015
-21159,2.3013,46.056,45.408
-21192,1.8949,46.387,45.734
-21226,3.2075,46.433,45.779
-21259,2.5102,46.413,45.759
-21293,3.0347,46.363,45.71
-21327,3.1167,46.624,45.967
-21360,1.9402,46.803,46.144
-21395,3.0091,47.077,46.414
-21429,2.2209,46.623,45.966
-21464,2.6284,46.699,46.041
-21498,3.7696,46.345,45.693
-21532,3.4173,45.866,45.22
-21566,3.9445,44.858,44.226
-21599,3.7112,45.495,44.854
-21631,2.8029,45.788,45.143
-21664,3.9349,46.25,45.598
-21697,3.1135,46.454,45.8
-21730,2.2181,46.861,46.201
