871,235,24,41
871.07,234.99,24,41
871.06,235,24,41
871.11,234.97,24,41
871.25,234.94,24,41
871.89,235.21,24,41
872.14,235.33,24,41
872.8,236.3,23.294,39.794
872.59,236.05,23.294,39.794
872.66,236.5,22.835,39.01
872.53,235.85,23.294,39.794
872.71,236.54,22.835,39.01
872.72,235.92,23.294,39.794
872.8,236.47,22.835,39.01
872.87,236.42,22.835,39.01
873.39,235.38,23.527,40.192
873.93,236.53,22.835,39.01
873.71,235.83,23.294,39.794
873.9,236.5,22.835,39.01
873.7,235.8,23.294,39.794
874,236.55,22.835,39.01
873.8,235.81,23.294,39.794
873.98,236.55,22.835,39.01
873.7,235.78,23.294,39.794
873.78,236.5,22.835,39.01
873.67,235.77,23.294,39.794
874.78,236.31,22.835,39.01
874.01,235.49,23.064,39.4
874.89,236.26,22.835,39.01
874.06,235.52,23.064,39.4
874.83,236.33,22.835,39.01
873.94,235.58,23.064,39.4
874.54,236.4,22.835,39.01
874.54,236.36,22.835,39.01
874.58,236.36,22.835,39.01
874.45,236.43,22.835,39.01
874.87,236.24,22.835,39.01
874.02,235.72,23.064,39.4
875.06,235.5,23.762,40.594
875.5,235.5,24,41
875.94,236.43,23.294,39.794
911.16,248.11,24,41
900.35,254.15,23.762,40.594
893.43,258.38,24,41
889.2,261.22,24.24,41.41
890.77,260.73,23.527,40.192
894.23,262.95,23.294,39.794
894.86,264.51,22.835,39.01
891.64,267.08,22.164,37.863
882.91,262.46,21.944,37.488
880.78,261.25,22.164,37.863
878.93,260.89,22.609,38.624
877.45,260.98,22.385,38.241
875.05,259.37,22.385,38.241
878.1,247.36,22.385,38.241
880.76,248.13,21.727,37.117
883.25,250.7,21.088,36.025
882.64,251.77,21.512,36.749
882.58,252.16,22.164,37.863
889.32,250.01,22.164,37.863
890.25,249.39,22.835,39.01
890.85,248.89,22.385,38.241
890.23,248.42,22.385,38.241
886.97,246.36,23.064,39.4
883.94,242.7,22.835,39.01
882.89,240.97,23.064,39.4
883.65,239.42,22.385,38.241
885.39,239.14,22.835,39.01
883.54,240.24,22.609,38.624
880.78,239.39,23.064,39.4
879.26,242.42,23.527,40.192
880.27,242.17,24,41
881.27,241.08,24.482,41.824
864.1,259.45,24.974,42.665
862.48,258.23,25.476,43.522
862.16,255.45,25.476,43.522
860.43,252.38,25.224,43.091
859.05,250.95,24.974,42.665
855.39,250.76,24.24,41.41
850.07,245.64,23.527,40.192
848.72,243.79,23.762,40.594
846.98,241.61,24.482,41.824
845.5,245.28,23.762,40.594
843.87,244.02,23.762,40.594
843.46,244.95,23.294,39.794
843.3,244.89,22.835,39.01
842.83,244.51,22.164,37.863
840.78,243.48,22.609,38.624
837.17,243.62,22.835,39.01
829.86,246.5,22.164,37.863
828.51,245.91,22.385,38.241
829.03,246.9,21.944,37.488
828.72,247.05,21.299,36.385
829.04,246.96,21.088,36.025
829.44,242.37,21.512,36.749
828.5,240.57,21.512,36.749
825.43,239.87,22.164,37.863
820.23,239.92,21.727,37.117
817.72,241.57,21.727,37.117
817.67,244.55,21.088,36.025
816.87,244.62,20.672,35.315
816.01,245.21,20.672,35.315
813.87,245.17,21.299,36.385
813.99,245.93,21.299,36.385
813.75,246.18,21.299,36.385
814.33,246.03,21.299,36.385
815.51,245.89,21.299,36.385
815.5,245.75,21.727,37.117
815.52,245.68,22.164,37.863
813.91,244.92,22.609,38.624
811.76,245.74,22.609,38.624
809.62,244.93,22.385,38.241
809.41,245.19,22.609,38.624
808.74,246.2,21.944,37.488
805.16,244.86,22.385,38.241
803.47,243.59,22.385,38.241
800.59,242.27,23.064,39.4
800.23,241.11,22.385,38.241
799.42,241.1,21.727,37.117
797.64,240.41,22.164,37.863
795.37,238.36,22.609,38.624
793.1,233.87,22.835,39.01
790.94,233.55,23.064,39.4
789.52,233.31,23.527,40.192
787.21,232.13,23.762,40.594
786.96,234.25,23.527,40.192
785.24,233.08,22.835,39.01
783.45,232.12,23.527,40.192
783.31,232.33,23.527,40.192
787.24,234.09,22.835,39.01
788.37,234.27,22.609,38.624
789.23,235.52,22.164,37.863
789.59,236.14,22.164,37.863
789.57,236.23,22.609,38.624
787.88,235.71,23.064,39.4
788.39,236.85,22.609,38.624
788.01,237.37,22.835,39.01
790.82,236.64,23.527,40.192
793.65,238.42,23.762,40.594
799.74,242.33,23.064,39.4
799.88,242.49,23.762,40.594
799.1,243.02,23.527,40.192
798.68,243.61,23.064,39.4
796.37,242.8,23.762,40.594
796.27,242.82,23.762,40.594
796.5,242.45,23.762,40.594
796.75,242.23,23.762,40.594
797.63,242.48,23.064,39.4
797.52,242,23.762,40.594
797.27,240.52,23.294,39.794
795.07,238.01,23.762,40.594
794.99,238.63,23.294,39.794
792.5,239.71,22.835,39.01
791.23,239.81,23.064,39.4
790.82,240.07,22.835,39.01
788.63,239.05,22.835,39.01
788.25,239.45,22.164,37.863
787.48,239.07,22.164,37.863
784.98,239.44,22.164,37.863
781.82,239.5,21.944,37.488
779.22,238.89,22.609,38.624
778.48,239.06,22.609,38.624
777.54,239.35,22.835,39.01
777.09,239.87,22.164,37.863
776.35,239.67,22.609,38.624
775.51,239.54,22.609,38.624
775.03,239.43,22.609,38.624
772.93,240.35,21.944,37.488
768.84,240.1,21.727,37.117
768.17,241.68,22.385,38.241
767.75,242.27,22.609,38.624
767.35,244.65,22.609,38.624
766.54,245.26,22.385,38.241
767.15,248.88,21.727,37.117
770.07,250.61,21.944,37.488
770.44,252.36,21.727,37.117
774.22,253.28,22.385,38.241
775.34,255.08,21.727,37.117
775.65,255.58,22.164,37.863
775.46,255.25,22.835,39.01
775.27,254.9,22.835,39.01
776.48,256.14,22.164,37.863
777.49,258.56,22.609,38.624
776.71,258.09,22.835,39.01
779.28,259.49,23.064,39.4
782.35,260.16,23.527,40.192
784.99,261.58,23.064,39.4
785.96,264.15,23.294,39.794
790.05,266.4,22.835,39.01
793.77,266.05,22.164,37.863
790.12,265.74,22.385,38.241
817.37,271.6,23.064,39.4
823.79,270.73,23.527,40.192
827.22,273.82,22.835,39.01
827.23,273.6,23.064,39.4
827.54,277.55,23.064,39.4
829.43,280.42,22.609,38.624
831.5,279.92,23.064,39.4
836.26,282.87,22.609,38.624
840.28,282.91,22.164,37.863
846.15,284.8,21.944,37.488
850.19,286.27,21.727,37.117
853.73,288.5,21.299,36.385
857.07,290.05,21.088,36.025
860.43,291.13,20.672,35.315
865.17,294.04,21.088,36.025
866.24,296.03,21.088,36.025
865.32,296.9,21.299,36.385
866.55,298.98,20.879,35.668
867.11,300.88,20.672,35.315
871.15,301.9,20.064,34.277
871.41,301.27,20.672,35.315
872.91,301.81,21.299,36.385
874.29,302.94,20.672,35.315
876.32,303.4,20.879,35.668
878.32,304.82,20.265,34.619
879.14,306.11,20.672,35.315
881.22,307.92,20.879,35.668
881,308.48,20.672,35.315
879.56,310.85,21.088,36.025
875.63,311.56,20.672,35.315
873.02,311.26,21.299,36.385
872.54,311.5,21.299,36.385
872.55,311.82,21.512,36.749
873.14,312.44,20.879,35.668
873.2,311.87,20.265,34.619
869.59,311.85,19.669,33.601
866.56,311.29,19.669,33.601
864.17,310.31,20.265,34.619
862.6,310.67,19.669,33.601
861.71,309.82,20.265,34.619
861.49,309.28,20.879,35.668
860.63,308.22,21.512,36.749
858.56,308.02,21.299,36.385
858.23,309.14,20.879,35.668
857.3,309.41,20.468,34.966
855.71,310.9,20.672,35.315
854.15,313.07,21.299,36.385
854.1,315.9,20.879,35.668
851.92,317.33,20.672,35.315
851.25,321.38,20.468,34.966
849.44,325.66,19.866,33.937
848.42,329.59,20.064,34.277
844.05,331.67,20.265,34.619
836.24,335.9,20.672,35.315
830.43,339.91,21.299,36.385
826.99,342.54,21.727,37.117
827.11,343.43,21.944,37.488
826.63,343.14,22.385,38.241
823.74,347,21.727,37.117
819.97,349.21,21.512,36.749
814.42,350.35,21.088,36.025
807.59,351.99,20.879,35.668
800.7,351.4,21.512,36.749
791.76,349.95,21.727,37.117
787.35,347.49,22.164,37.863
784.66,345.33,21.727,37.117
783.68,343.13,21.512,36.749
780.83,339.7,22.164,37.863
777.84,337.34,22.385,38.241
775.64,334.89,23.064,39.4
776.47,332.35,22.385,38.241
778.4,328.69,22.609,38.624
780.38,324.72,22.835,39.01
780.19,322.04,23.294,39.794
776.44,320.46,22.835,39.01
766.49,320.28,22.835,39.01
754.04,319.5,22.385,38.241
745.73,319.97,22.164,37.863
741.42,318.63,21.727,37.117
740.47,317.57,22.385,38.241
742.2,315.92,22.385,38.241
747.27,314.87,22.385,38.241
751.92,315.45,22.835,39.01
752.28,314.22,23.527,40.192
752.74,314.2,23.294,39.794
744.32,315.34,23.294,39.794
738.9,315.37,24,41
735.43,318.69,23.294,39.794
734.25,318.31,23.064,39.4
736.52,318.01,23.064,39.4
738.06,317.1,23.527,40.192
738.08,316.59,23.064,39.4
738.6,316.8,22.835,39.01
737.67,316.4,22.385,38.241
743.75,319.01,21.727,37.117
748.85,323.84,21.088,36.025
748.63,324.86,21.727,37.117
749.19,328.68,21.727,37.117
751.55,330.51,22.385,38.241
755.36,333.08,22.385,38.241
761.15,335.69,22.609,38.624
767.15,339.2,23.064,39.4
770.46,344.11,23.762,40.594
770.57,346.16,23.762,40.594
769.79,352.9,23.294,39.794
767.32,357.24,22.835,39.01
764.93,359.15,22.385,38.241
765.28,360.17,22.835,39.01
770.28,356.61,22.609,38.624
772.82,350.33,23.064,39.4
774.18,343.92,22.385,38.241
768.9,338.44,22.164,37.863
763.59,333.57,21.512,36.749
755.89,325.99,22.164,37.863
749.71,317.41,22.835,39.01
745.96,312.53,23.294,39.794
740.65,309.2,23.064,39.4
734.55,306.57,22.385,38.241
725.53,304.82,21.944,37.488
717.51,303.52,21.512,36.749
712.37,304.29,20.879,35.668
707.02,304.45,20.672,35.315
704.11,306.32,20.468,34.966
702.69,305.32,20.265,34.619
700.14,306.72,19.669,33.601
698.73,308.93,19.091,32.613
696.22,310.33,18.529,31.654
696.07,312.14,17.984,30.723
695.46,312.84,18.346,31.341
696.47,313.76,17.806,30.419
696.75,315.48,17.806,30.419
698.39,317.3,17.63,30.118
698.17,318.22,17.984,30.723
696.61,319.85,18.529,31.654
694.05,323.89,18.902,32.29
690.39,326.84,19.282,32.939
688.59,328.59,19.669,33.601
690.05,331.46,19.091,32.613
694.33,334.57,19.282,32.939
706.81,341.18,18.714,31.971
701.8,341.07,18.346,31.341
715.16,343.88,18.346,31.341
726.31,345.35,18.164,31.03
737.16,349.29,17.806,30.419
753.5,352.94,17.282,29.524
777.32,360.2,17.63,30.118
796.51,363.29,17.984,30.723
816.1,367.72,18.346,31.341
831.15,373.43,17.806,30.419
843.57,377.71,18.164,31.03
852.18,378.76,18.714,31.971
859.52,377.9,19.091,32.613
864.88,375.62,19.282,32.939
870.89,375.94,18.902,32.29
875.58,373.82,19.474,33.269
875.79,374.03,19.669,33.601
876.51,372.35,19.282,32.939
876.14,370.44,19.474,33.269
873.61,367.46,20.064,34.277
872.14,365.27,19.474,33.269
867.91,360.05,20.064,34.277
864.9,357.44,20.064,34.277
861.44,354.66,19.866,33.937
859.96,353.08,20.064,34.277
857.75,350.76,20.265,34.619
853.52,348.57,20.265,34.619
850.89,348.12,20.879,35.668
848.43,347.53,20.468,34.966
845.52,344.88,20.672,35.315
844.27,342.74,20.468,34.966
841.47,341.7,20.064,34.277
838.64,340.35,20.672,35.315
836.84,339.56,21.088,36.025
833.62,341.24,21.088,36.025
831.38,343.17,21.088,36.025
826.86,346.17,20.672,35.315
826,349,20.064,34.277
824.2,350.35,19.866,33.937
824.34,351.34,20.064,34.277
824.7,352.07,19.474,33.269
824.65,351.29,19.282,32.939
823.92,352.28,19.474,33.269
821.92,351.09,19.866,33.937
820.59,351.31,20.064,34.277
819.53,350.14,20.468,34.966
818.8,348.13,20.064,34.277
817.65,346.54,19.866,33.937
817.65,345.46,19.669,33.601
817.56,345.51,19.282,32.939
818.22,345.04,18.902,32.29
815.56,336.87,19.282,32.939
814.52,336.94,19.669,33.601
813.46,336.22,20.064,34.277
811.62,333.98,20.672,35.315
811.41,333.37,21.088,36.025
811.56,333.25,20.468,34.966
810.95,333.03,20.879,35.668
810.48,333.88,20.468,34.966
809.75,334.41,19.866,33.937
809.67,334.89,20.064,34.277
807.93,335.48,20.672,35.315
807.55,336.91,21.088,36.025
806.49,338.25,21.512,36.749
805.69,337.99,21.727,37.117
804.99,339.03,21.727,37.117
804.47,340.49,21.727,37.117
803.98,341.23,21.727,37.117
801.6,341.77,22.385,38.241
799.34,344.78,21.727,37.117
798.59,344.75,21.727,37.117
796.25,345.09,21.299,36.385
794.42,345.26,21.512,36.749
791.55,343.96,21.299,36.385
789.09,343.11,21.299,36.385
787.97,342.49,21.512,36.749
782.47,342,21.944,37.488
780.92,342.25,21.299,36.385
779.22,343.05,21.512,36.749
775.78,335,21.088,36.025
774.32,332.9,21.299,36.385
771.58,328.93,21.944,37.488
768.78,327.67,21.299,36.385
766.46,326.45,21.299,36.385
763.88,325.22,21.512,36.749
760.17,325.36,21.944,37.488
755.84,325.74,21.299,36.385
752.51,328.01,21.727,37.117
750.78,331.72,21.512,36.749
745.35,335.13,20.879,35.668
740.05,334.76,20.265,34.619
732.61,333.75,20.879,35.668
728.56,332.78,21.512,36.749
722.72,336.33,21.088,36.025
720.28,339.68,21.512,36.749
717.69,341.84,21.512,36.749
714.91,347.85,21.088,36.025
715.19,349.65,21.727,37.117
716.37,355.15,21.088,36.025
719.17,353.69,21.088,36.025
721.67,351.04,21.512,36.749
724.55,349.79,21.727,37.117
723.51,350.04,22.385,38.241
721.1,352.15,21.727,37.117
718.81,355.06,21.088,36.025
717.17,355.9,20.672,35.315
717.13,358.37,20.064,34.277
718.11,358.64,19.474,33.269
718.84,352.76,18.902,32.29
717.95,352.08,18.902,32.29
717.54,351.42,18.529,31.654
707.81,346,18.714,31.971
705.01,345.92,18.714,31.971
701.02,347.31,18.902,32.29
699.48,345.28,18.902,32.29
697.85,343.26,19.282,32.939
694.57,342,19.474,33.269
691.43,340.61,19.866,33.937
687.8,340.46,19.866,33.937
686.51,339.74,20.265,34.619
685.76,340.44,20.468,34.966
684.09,339.8,21.088,36.025
680.85,339.74,20.879,35.668
678.54,338.68,20.265,34.619
677.37,335.21,20.879,35.668
674.79,338.88,20.265,34.619
673.2,338.09,20.468,34.966
672.39,336.07,20.672,35.315
673.04,335.8,20.468,34.966
673.17,335.48,20.468,34.966
671.61,334.12,20.672,35.315
664.5,335.98,20.672,35.315
663.89,336.52,20.265,34.619
661.91,337.03,20.265,34.619
661.57,338.53,20.064,34.277
660.2,339.52,19.669,33.601
654.64,335.25,20.265,34.619
652.15,334.95,20.265,34.619
651,332.5,20.672,35.315
650.01,330.38,21.299,36.385
647.78,330.48,20.672,35.315
643.73,328.06,21.299,36.385
641.06,329.71,20.672,35.315
639.34,330.56,20.265,34.619
638.57,330.54,20.265,34.619
637.8,330.9,20.265,34.619
637.44,331.24,20.879,35.668
636.36,331.97,21.088,36.025
634.14,334.55,21.088,36.025
631.52,333.6,21.727,37.117
629.44,335.3,21.727,37.117
626.86,337.36,21.944,37.488
624.35,336.42,22.385,38.241
620.89,338.48,23.064,39.4
621.3,338.32,22.385,38.241
621,337.57,23.064,39.4
621.11,341.51,22.835,39.01
621.64,341.07,22.835,39.01
621.51,340.53,22.385,38.241
622.08,340.33,21.944,37.488
620.3,338.36,21.944,37.488
619.15,338.53,21.727,37.117
618.46,339.4,21.944,37.488
617.44,339.18,22.385,38.241
617.65,339.7,22.609,38.624
615.46,337.46,21.944,37.488
615.03,338.44,21.299,36.385
613.59,340.35,21.299,36.385
610.88,340.98,21.299,36.385
609.45,340.93,21.727,37.117
610.1,342.86,21.512,36.749
609.32,342.01,21.727,37.117
609.48,342.16,21.727,37.117
607.76,342.61,21.944,37.488
604.38,341.33,21.727,37.117
602.25,340.7,21.944,37.488
596,336.47,22.385,38.241
593.92,335.37,22.164,37.863
590.48,332.74,22.609,38.624
586.06,330.3,23.064,39.4
582.55,328.27,22.385,38.241
577.73,325.41,22.385,38.241
574.4,325.01,21.727,37.117
569.53,323.52,22.385,38.241
565.76,324.23,22.609,38.624
562.09,322.6,23.294,39.794
559.49,321.58,23.064,39.4
559.14,320.77,23.762,40.594
559.86,320.85,23.064,39.4
560.84,321.06,22.609,38.624
557.47,320.36,22.385,38.241
551.54,320.21,21.944,37.488
547.72,320.94,22.164,37.863
544.63,321.19,21.512,36.749
540.19,321.93,21.088,36.025
536.97,322.99,21.512,36.749
534.25,323.16,21.944,37.488
533.99,322.7,21.944,37.488
532.77,321.37,21.512,36.749
530.21,320,21.088,36.025
523.57,318.59,21.727,37.117
518.47,318.58,21.299,36.385
513.41,318.53,21.512,36.749
510.79,317.66,22.164,37.863
509.18,317.22,21.727,37.117
507.86,317.01,21.727,37.117
504.58,316.23,22.385,38.241
500.22,315.69,23.064,39.4
498.34,316.23,22.385,38.241
496.39,316.45,22.385,38.241
494.98,317.36,21.727,37.117
494.13,317.17,22.164,37.863
494.08,318.89,21.512,36.749
492.55,318.81,21.944,37.488
489.88,318.01,21.727,37.117
488.19,318.19,22.385,38.241
487.38,317.89,22.385,38.241
485.04,318.62,21.727,37.117
484.19,319.04,21.299,36.385
482.14,319.22,21.944,37.488
479.33,318.87,21.299,36.385
476.55,319.21,21.512,36.749
472.23,317.97,21.944,37.488
469.85,317.74,21.727,37.117
466.81,317.47,22.164,37.863
463.4,316.21,21.727,37.117
460.18,315.45,21.299,36.385
457.39,314.36,21.299,36.385
455.31,312.12,21.727,37.117
453.47,310.66,21.727,37.117
451.81,309.7,21.299,36.385
448.57,308.61,21.088,36.025
442.33,306.74,20.672,35.315
435.06,305.83,20.064,34.277
428.51,304.79,19.669,33.601
422.34,304.82,19.474,33.269
417.33,304.15,18.902,32.29
413.64,305.01,19.474,33.269
411.49,303.9,19.091,32.613
407.96,303.23,19.474,33.269
405.14,302.71,18.902,32.29
403.26,302.93,19.282,32.939
401.17,302.41,19.669,33.601
400.26,301.74,20.265,34.619
400.43,303.14,19.669,33.601
400.54,303.72,20.265,34.619
400.79,304.7,20.672,35.315
402.1,306.97,20.879,35.668
402.86,309.44,20.468,34.966
402.24,311.93,20.879,35.668
398.45,314.47,20.265,34.619
394.49,316.41,20.265,34.619
391.45,317.85,20.879,35.668
389.84,319.64,20.879,35.668
387.55,318.97,21.299,36.385
387.22,321.53,21.512,36.749
385.54,321.94,22.164,37.863
383.12,322.3,22.609,38.624
380.56,323.79,23.294,39.794
380.47,325.08,22.609,38.624
380.24,326.16,22.164,37.863
380.89,325.87,21.727,37.117
381.42,327.04,21.088,36.025
382.18,326.75,21.088,36.025
380.27,326.69,20.879,35.668
376.06,326.79,20.672,35.315
372.63,328.01,21.088,36.025
369.91,327.69,21.512,36.749
368.47,327.57,21.512,36.749
366.34,325.95,21.944,37.488
363.64,324.88,21.299,36.385
361.26,324.42,20.879,35.668
355.86,321.86,21.299,36.385
352,319.84,21.727,37.117
348.16,319.08,21.727,37.117
342.73,317.4,21.512,36.749
339.4,317.08,20.879,35.668
336.35,315.42,20.468,34.966
335.23,314.37,20.468,34.966
334.84,313.58,20.064,34.277
334.06,312.69,20.468,34.966
333.82,311.78,20.879,35.668
334.73,309.75,20.879,35.668
345.36,308.98,20.468,34.966
356.41,309.02,20.265,34.619
372.48,310.94,19.866,33.937
385.04,311.73,20.265,34.619
399.94,312.38,19.866,33.937
413.8,314.09,19.866,33.937
428.81,316.13,20.468,34.966
441.21,317.6,20.468,34.966
452.44,320.25,20.064,34.277
459.17,321.88,19.669,33.601
466.85,324.94,19.091,32.613
472.5,327,19.474,33.269
478.75,328.91,19.474,33.269
486.27,330.16,19.669,33.601
496.63,331.9,20.064,34.277
504.36,332.96,20.468,34.966
513.84,333.57,21.088,36.025
523.33,333.27,20.672,35.315
531.5,334.87,21.088,36.025
538.16,336.58,21.088,36.025
543.64,337.93,21.088,36.025
550.43,335.79,21.088,36.025
558.27,334.18,20.672,35.315
566.64,330.8,20.672,35.315
573.88,326.26,21.299,36.385
577.54,324.89,21.299,36.385
579.53,324.59,21.727,37.117
578.32,327.43,22.385,38.241
576.04,330.93,21.727,37.117
574.54,331.84,21.727,37.117
574.21,332.07,21.727,37.117
577.53,331.5,21.088,36.025
579.55,329.35,21.512,36.749
580.03,328.06,20.879,35.668
578.15,326.32,20.672,35.315
576.08,326.28,20.265,34.619
574.28,326.64,19.669,33.601
575.24,327.58,19.474,33.269
575.5,327.07,19.474,33.269
577.51,325.5,19.474,33.269
578.5,324.51,20.064,34.277
579.84,324.3,19.474,33.269
579.91,324.24,18.902,32.29
580.43,324.38,19.091,32.613
579.79,323.42,18.902,32.29
579.42,323.2,18.529,31.654
578.73,322.95,18.902,32.29
579.33,323.02,18.529,31.654
580.13,322.91,18.902,32.29
580.91,323.16,18.529,31.654
580.89,324.74,17.984,30.723
579.67,324.66,17.63,30.118
576.58,323.77,17.806,30.419
575.03,322.39,18.164,31.03
574.67,321.34,17.806,30.419
574.46,320.33,17.806,30.419
574.07,319.5,17.984,30.723
572.67,317.63,17.806,30.419
570.55,315.41,18.164,31.03
569.26,313.81,18.529,31.654
568.54,313.38,18.164,31.03
566.68,312.48,18.529,31.654
564.05,312.42,18.902,32.29
561.74,311.88,18.902,32.29
561.29,311.45,18.902,32.29
561.14,311.06,18.529,31.654
560.99,311.46,18.164,31.03
559.5,311.97,18.529,31.654
559.48,312.61,18.529,31.654
560.21,312.44,18.164,31.03
561.61,312.55,18.714,31.971
561.76,310.78,19.282,32.939
563.24,311.26,18.714,31.971
561.45,310.85,18.902,32.29
560.33,311.72,19.474,33.269
558.84,311.97,18.902,32.29
556.66,311.84,19.282,32.939
555.28,311.18,19.669,33.601
554.45,311.03,19.282,32.939
552.97,311.08,19.866,33.937
552.85,311.99,20.064,34.277
552.32,312.99,20.064,34.277
551.77,314.15,19.669,33.601
552.22,318.44,19.091,32.613
550.8,318.8,19.669,33.601
550.63,320.75,19.474,33.269
549.24,321.47,19.282,32.939
549.74,324.35,18.714,31.971
549.74,324.92,18.346,31.341
549.72,324.55,18.164,31.03
551.13,324.2,18.164,31.03
551.86,322.8,18.529,31.654
551.99,321.41,18.346,31.341
547.65,317.85,17.806,30.419
542.79,315.6,18.346,31.341
538.28,312.92,18.714,31.971
535.81,311.52,18.164,31.03
533.58,310.79,18.529,31.654
529.61,309.85,18.529,31.654
524.36,309.07,18.902,32.29
519.25,309,18.529,31.654
514.98,310.44,18.346,31.341
510.79,311.93,18.346,31.341
508.77,311.57,18.164,31.03
508.37,311.96,18.529,31.654
509.11,312.91,18.714,31.971
508.42,312.75,18.902,32.29
508.61,312.11,18.902,32.29
508.9,311.18,19.282,32.939
508.69,309.8,19.866,33.937
510.02,309.48,19.474,33.269
510.29,308.59,19.866,33.937
511.21,308.12,19.282,32.939
511.47,306.97,19.866,33.937
512.37,305.5,19.282,32.939
512.77,306.62,19.091,32.613
511.31,306.74,19.091,32.613
509.07,306.86,19.282,32.939
507.13,308.91,19.282,32.939
504.43,310.9,19.091,32.613
501.31,310.77,18.902,32.29
499.63,310.62,19.282,32.939
499.37,312.71,18.714,31.971
498.3,314.17,18.714,31.971
496.92,313.03,18.902,32.29
495.8,313.17,18.529,31.654
495.62,312.51,18.529,31.654
496.96,311.37,18.529,31.654
497.67,310.44,18.529,31.654
498.94,309.6,18.902,32.29
500.55,311,18.346,31.341
499.01,310.64,18.902,32.29
497.95,310.15,18.529,31.654
496.17,308.36,19.091,32.613
493.72,305.2,19.282,32.939
495.35,300.64,19.669,33.601
495.71,298.94,19.474,33.269
491.9,296.43,20.064,34.277
487.15,294.48,20.672,35.315
481.87,294.46,20.064,34.277
477.18,294.31,19.474,33.269
474.09,291.99,19.866,33.937
473.02,289.52,20.468,34.966
472.25,288.15,20.064,34.277
471.09,285.76,19.866,33.937
470.56,285.15,19.474,33.269
467.93,285.24,20.064,34.277
463.14,286.11,19.669,33.601
459.98,287.78,19.282,32.939
459.12,289.54,18.902,32.29
459.98,290.58,18.346,31.341
461.21,290.84,17.806,30.419
462.75,290.97,17.806,30.419
445.79,266.02,17.984,30.723
443.91,265.92,17.455,29.819
442.63,266.3,17.455,29.819
442.63,267.1,17.984,30.723
442.52,267.76,17.63,30.118
442.34,267.48,17.806,30.419
442.52,267.58,17.806,30.419
442.36,267.38,18.164,31.03
442.37,267.81,17.806,30.419
442.87,268.9,17.63,30.118
441.95,270.02,17.984,30.723
441.41,270.45,17.63,30.118
441.02,270.48,17.63,30.118
440.84,269.44,17.806,30.419
441.08,269.41,17.455,29.819
441.24,269.85,17.282,29.524
439.93,269.43,17.111,29.232
439.8,269.76,17.282,29.524
438.76,269.36,16.774,28.656
436.84,267.72,16.774,28.656
434.32,265.74,17.111,29.232
431.99,265.12,16.942,28.942
428.47,263.76,17.282,29.524
423.26,263.25,16.774,28.656
419.05,264.84,17.282,29.524
415.03,264.45,17.806,30.419
414.22,265.07,17.984,30.723
414.92,264.63,17.63,30.118
417.08,263.58,17.282,29.524
417.29,264.11,16.942,28.942
415.21,266.22,16.608,28.372
409.79,268.96,16.444,28.091
406.88,271.8,16.942,28.942
406.82,273.22,17.282,29.524
410.39,272.33,17.806,30.419
417.79,274.17,17.806,30.419
425.05,276.5,17.984,30.723
425.28,284.19,17.455,29.819
418.83,296.93,16.942,28.942
406.38,308.93,17.282,29.524
395.36,315.7,17.111,29.232
392.53,318.92,17.282,29.524
394.38,318.65,17.806,30.419
406.44,318.89,17.63,30.118
423.76,314.03,18.164,31.03
441.69,308.56,18.164,31.03
454.11,301.72,18.529,31.654
456.22,296.56,19.091,32.613
450.1,291.11,19.091,32.613
441.29,288.04,19.474,33.269
434.8,286.08,20.064,34.277
431.29,283.26,19.866,33.937
430.83,283.04,19.474,33.269
430.31,280.27,19.474,33.269
428.15,276.54,18.902,32.29
424.99,275.24,18.714,31.971
420.42,274.89,18.714,31.971
416.53,273.95,19.282,32.939
415.55,274.11,18.714,31.971
414.16,271.75,18.164,31.03
413.73,271.71,17.984,30.723
412.99,271.13,18.346,31.341
413.56,270.87,17.984,30.723
413.7,268.66,17.806,30.419
414.24,268.43,17.806,30.419
415.55,269.68,17.806,30.419
417.56,271.85,17.455,29.819
420.88,274.69,17.63,30.118
424.16,277.33,17.984,30.723
427.43,279.66,17.63,30.118
430.46,281.72,17.282,29.524
432.26,282,17.455,29.819
436.15,284.18,17.282,29.524
438.49,285.38,17.63,30.118
439.41,286.24,17.111,29.232
440.06,286.95,17.455,29.819
441.87,287.85,17.63,30.118
442.08,287.27,18.164,31.03
442.95,287.54,18.529,31.654
446.53,288.79,17.984,30.723
448.61,288.26,17.455,29.819
449.97,287.72,17.455,29.819
450.43,287.92,17.111,29.232
449.62,287,17.63,30.118
446.26,285.18,17.984,30.723
442.37,284.31,18.164,31.03
438.95,282.79,18.529,31.654
437.34,282.24,17.984,30.723
435.61,281.07,17.806,30.419
434.55,281.09,17.806,30.419
434.28,281.2,18.346,31.341
433.02,280.84,18.164,31.03
431.35,280.91,17.806,30.419
428.55,282.71,17.282,29.524
426.08,283.49,16.774,28.656
426.63,285.51,16.942,28.942
429.69,286.95,16.942,28.942
432.85,286.3,17.455,29.819
436.98,286.28,17.806,30.419
441.31,289.1,17.282,29.524
442.38,290.85,17.455,29.819
443.67,293.24,16.942,28.942
444.15,294.26,17.282,29.524
444.77,295.13,16.774,28.656
446.42,295.58,16.774,28.656
449.42,295.28,16.942,28.942
452.44,294.45,16.608,28.372
455.5,294.18,16.942,28.942
455.9,293.84,16.774,28.656
456.26,294.13,16.281,27.813
454.32,293.39,16.608,28.372
452.71,292.18,16.608,28.372
450.91,291.29,16.281,27.813
447.58,290.35,16.608,28.372
444.42,289.88,16.942,28.942
441.42,289.91,16.444,28.091
439.13,291.25,16.281,27.813
436.02,291.94,16.608,28.372
434.05,291.85,16.444,28.091
433.96,292.16,16.942,28.942
434.03,292.19,16.608,28.372
434.58,291.46,16.942,28.942
434.48,291.53,17.282,29.524
432.77,291.42,17.806,30.419
433.37,292.88,17.282,29.524
434.49,293.91,17.63,30.118
434.9,294.17,17.111,29.232
435.26,294.43,17.111,29.232
435.67,294.9,16.774,28.656
435.97,295.54,16.774,28.656
436.55,297.18,16.281,27.813
435.28,297.27,16.608,28.372
433.93,297.3,16.942,28.942
432.29,296.61,17.111,29.232
431.01,297.78,16.608,28.372
426.86,297.96,16.774,28.656
423.39,300.44,16.608,28.372
419.76,302.14,16.942,28.942
418.14,304.15,16.608,28.372
417.26,304.65,16.444,28.091
417.57,306.04,16.281,27.813
417.15,305.88,16.608,28.372
417.01,305.69,16.942,28.942
417.11,305.87,16.444,28.091
416.98,307.91,16.12,27.538
416.33,309.8,16.281,27.813
415.7,310.03,16.608,28.372
414.77,309.92,16.774,28.656
418.12,310.59,17.282,29.524
420.05,310.29,16.774,28.656
420.92,311.34,16.608,28.372
421.45,311,16.608,28.372
421.88,309.47,16.942,28.942
421.71,308.8,16.774,28.656
422.69,309.29,16.281,27.813
422.55,308.52,16.608,28.372
422.43,307.22,16.12,27.538
423.35,304.76,16.444,28.091
423.34,302.98,16.281,27.813
419.29,300.83,16.444,28.091
416.6,300.6,16.774,28.656
415.47,300.57,16.774,28.656
415.65,301.95,16.281,27.813
415.04,301.16,15.802,26.995
413.43,299.17,16.12,27.538
411.28,297.26,16.444,28.091
409.98,296.3,16.281,27.813
408.08,294.18,16.12,27.538
407.28,292.64,16.281,27.813
406.88,291.64,15.96,27.265
406.97,290.01,15.96,27.265
407.38,289.83,15.491,26.463
407.82,289.53,15.491,26.463
407.57,288.74,15.802,26.995
408.03,289.15,16.281,27.813
407.83,289.15,16.444,28.091
407.83,289.49,16.12,27.538
407.55,288.83,16.444,28.091
407.43,287.27,16.774,28.656
406.87,286.88,16.942,28.942
404.27,285.95,16.942,28.942
401.45,284.07,16.608,28.372
398.19,282.23,16.942,28.942
395.05,281.75,17.282,29.524
390.34,281.42,17.455,29.819
385.6,283.75,16.942,28.942
381.35,284.22,16.444,28.091
378.53,285.69,16.444,28.091
377.17,287.78,15.96,27.265
374.59,289.82,15.491,26.463
371.04,290.26,15.96,27.265
367.72,289.41,15.802,26.995
365.65,288.68,16.12,27.538
363.11,288.05,16.444,28.091
359.97,287.36,16.942,28.942
355.39,286.41,16.774,28.656
351.13,286.02,17.111,29.232
346.4,285.8,17.111,29.232
337.36,285.67,17.455,29.819
330.68,286.35,17.111,29.232
325.85,287.72,16.942,28.942
320.5,287.3,17.111,29.232
316.14,286.69,17.111,29.232
310.25,285.16,17.63,30.118
303.14,284.05,17.984,30.723
296.64,282.76,18.164,31.03
292.22,282.39,17.63,30.118
285.44,279.33,17.111,29.232
278.66,277.15,17.63,30.118
267.61,273.37,17.455,29.819
259.57,271.35,17.984,30.723
251.1,268.68,18.346,31.341
242.52,266.07,18.346,31.341
232.75,261.71,18.529,31.654
221.69,257.93,18.164,31.03
212.98,254.38,18.164,31.03
206.98,252.13,18.714,31.971
200.97,249.66,18.714,31.971
191.37,246.01,18.164,31.03
187.69,245.31,17.806,30.419
182.52,243.93,17.806,30.419
179.22,243.72,17.455,29.819
177.9,243.69,16.942,28.942
176.15,243.04,16.774,28.656
175.74,242.31,16.774,28.656
174.42,241.61,16.444,28.091
172.33,241.14,16.774,28.656
171.24,240.89,16.444,28.091
171.64,240.68,15.96,27.265
169.94,239.2,16.12,27.538
168.9,238.45,16.444,28.091
167.15,237.33,16.774,28.656
166.66,237.45,16.942,28.942
165.15,236.56,17.455,29.819
163.69,236.47,17.455,29.819
160.93,236.3,17.111,29.232
158.37,237.08,16.942,28.942
154.76,236.35,17.111,29.232
152.78,235.66,17.111,29.232
152.64,235.04,17.282,29.524
151.86,234.51,16.774,28.656
152.43,235.04,16.942,28.942
152.86,234.04,16.942,28.942
151.5,229.9,16.444,28.091
151.63,227.07,15.96,27.265
150.45,224.77,15.96,27.265
150.83,223.15,15.96,27.265
150.26,218.72,16.281,27.813
147.93,212.42,16.281,27.813
144.93,207.45,16.608,28.372
142.48,202.27,16.942,28.942
139.56,197.67,17.282,29.524
135.91,194.97,16.774,28.656
133.44,193.66,16.608,28.372
130.66,192.21,16.942,28.942
128.34,191.32,16.774,28.656
127.83,192.84,16.608,28.372
126.99,192.03,16.12,27.538
126.83,192.03,16.608,28.372
125.45,191.38,16.444,28.091
124.29,193.28,16.12,27.538
124.1,195.33,16.608,28.372
125.11,197.3,16.281,27.813
126.62,199.7,15.96,27.265
128.92,201.5,16.281,27.813
131.74,202.61,16.774,28.656
135.63,205.04,16.444,28.091
140.07,207.16,16.942,28.942
144.88,209.44,16.608,28.372
148.05,211.25,16.942,28.942
151.41,213.2,16.942,28.942
154.28,214.61,17.111,29.232
159.09,216.44,17.63,30.118
164.09,218.08,17.63,30.118
169.24,219.21,17.455,29.819
174.32,221.2,17.63,30.118
176.96,221.52,17.806,30.419
180.75,223.86,17.282,29.524
184.01,224.76,17.282,29.524
187.08,226.17,17.282,29.524
189.49,227.21,17.282,29.524
192.28,229.04,17.282,29.524
194.15,230.68,17.806,30.419
196.66,232.82,18.164,31.03
200.13,235.52,17.806,30.419
203.56,238.46,17.806,30.419
205.56,240.72,17.455,29.819
208.5,242.35,17.806,30.419
213.69,245.66,18.346,31.341
227.07,248.88,18.902,32.29
238.2,252.72,19.282,32.939
252.02,256.22,19.669,33.601
268.99,260.83,19.669,33.601
287.76,264.62,20.265,34.619
308.38,269.68,20.879,35.668
328.33,273.86,20.672,35.315
347.38,279.65,20.064,34.277
363.07,282.44,19.866,33.937
377.36,285.83,19.669,33.601
389.28,289.35,19.282,32.939
399,292.36,19.866,33.937
408.48,295.65,19.474,33.269
416.85,296.52,19.282,32.939
428.33,299.16,18.714,31.971
438.68,299.61,18.902,32.29
448.85,302.18,18.346,31.341
454.83,302.45,17.806,30.419
459.53,303.15,17.455,29.819
466.23,305.64,16.942,28.942
470.36,307.94,16.444,28.091
473.01,308.74,16.281,27.813
473.55,307.67,16.774,28.656
474.53,307.59,16.774,28.656
475.35,307.23,17.111,29.232
475.95,309.23,16.774,28.656
474.93,312.1,16.444,28.091
472.3,314.69,16.608,28.372
468.86,315.89,16.942,28.942
466.28,316.29,16.942,28.942
465.77,315.79,16.774,28.656
469.55,315.14,16.444,28.091
474.24,314.81,16.608,28.372
476.52,314.63,16.942,28.942
475.89,314.28,17.455,29.819
481.53,315.53,17.282,29.524
483.57,315.44,17.111,29.232
488.18,314.86,17.63,30.118
493.34,310.79,17.806,30.419
497.26,306.62,17.63,30.118
497.77,300.91,17.63,30.118
494.6,297.29,17.984,30.723
489.85,295.87,17.806,30.419
486.92,296.63,17.282,29.524
485.03,296.28,17.282,29.524
485.11,296.33,16.942,28.942
484.59,294.92,16.444,28.091
482.88,292.16,16.942,28.942
478.46,288.46,16.444,28.091
473.01,286.2,16.942,28.942
467.95,284.27,16.942,28.942
464.81,282.87,16.942,28.942
463.95,282.05,16.608,28.372
463.55,281.15,16.12,27.538
463.98,280.63,15.802,26.995
464.21,279.83,15.491,26.463
462.43,277.99,15.96,27.265
460.08,277.28,15.802,26.995
458.9,278.32,15.96,27.265
456.59,277.27,16.444,28.091
455.24,277.24,16.774,28.656
455.68,278.47,16.281,27.813
455.68,277.45,16.444,28.091
456.14,277.32,16.774,28.656
456.61,277.09,17.111,29.232
457.25,277.08,17.111,29.232
458.14,277.88,16.942,28.942
458.26,277.9,16.942,28.942
458.35,278.17,16.608,28.372
458.67,277.87,16.12,27.538
460.42,278.43,16.608,28.372
460.31,278.21,16.444,28.091
460.54,279.04,16.942,28.942
459.35,278.53,16.444,28.091
459.73,278.94,16.281,27.813
459.47,278.2,16.608,28.372
459.36,278.13,16.12,27.538
460.02,278.48,16.281,27.813
