298,226,24,80
299.3,227.48,23.527,78.424
300.94,229.39,23.064,76.878
302.03,230.18,22.835,76.117
302.94,230.13,23.064,76.878
304.33,230.21,23.064,76.878
305.46,231.08,22.835,76.117
306.86,232.07,22.385,74.617
308.12,232.08,22.609,75.364
309.63,232.29,23.064,76.878
310.08,231.87,23.527,78.424
310.94,232.8,23.762,79.208
314.03,235.62,23.064,76.878
314.19,235.05,23.527,78.424
314.25,234.22,23.762,79.208
312.66,233.39,23.294,77.647
313.46,237,22.609,75.364
315.3,238.51,22.385,74.617
315.24,239.61,23.064,76.878
315.75,240.7,22.609,75.364
316.91,240.79,23.064,76.878
317.56,240.43,23.762,79.208
319.11,243.57,23.064,76.878
318.49,242.79,23.294,77.647
318.84,242.97,24,80
319.97,243.9,23.762,79.208
319.41,244.84,24.24,80.8
319.94,245.94,23.762,79.208
320.4,248.38,23.064,76.878
320.32,248.12,23.064,76.878
320.69,249.9,23.064,76.878
319.36,248.71,23.527,78.424
320.06,251.52,22.835,76.117
318.73,251.74,23.064,76.878
317.92,253.32,23.064,76.878
316.54,253.84,23.064,76.878
314.7,255.06,23.064,76.878
312.51,254.1,23.527,78.424
311,253.24,24.24,80.8
310.28,254.59,23.762,79.208
306.79,257.86,23.294,77.647
305.98,258.73,22.835,76.117
303.96,257.79,23.527,78.424
302.83,259.18,23.064,76.878
300.48,258.72,23.762,79.208
299.96,259.97,24,80
299.04,259.22,24.727,82.424
299.09,259.84,24.482,81.608
299.07,259.17,25.224,84.081
299.11,259.05,25.731,85.771
297.64,259.73,26.248,87.495
295.47,262.55,25.731,85.771
294.44,260.4,26.511,88.37
292.6,260.1,27.044,90.146
290.55,260.17,27.587,91.958
290.35,262.72,26.776,89.253
289.61,264.61,26.248,87.495
288.91,265.63,26.248,87.495
288.03,262.9,27.044,90.146
286.93,266.66,26.511,88.37
284.65,268.76,25.731,85.771
281.45,267.44,26.511,88.37
279.68,266.7,27.314,91.047
278.41,266.94,28.142,93.806
276.74,269.25,27.587,91.958
277.02,271,27.044,90.146
276.69,272.33,26.511,88.37
275.63,270.64,27.044,90.146
275.84,269.36,27.587,91.958
275.7,269.26,28.423,94.744
273.22,268.71,28.423,94.744
260.17,269.37,28.708,95.692
266.72,289.39,29.577,98.591
270.51,270.98,29.285,97.615
266.92,272.62,28.423,94.744
271.81,263.16,28.142,93.806
268.5,274.13,27.587,91.958
275.02,264.43,28.142,93.806
264.98,272.18,27.587,91.958
263.45,272.72,28.423,94.744
262.42,267.34,29.285,97.615
260.7,267.85,28.995,96.649
255.11,267.9,29.577,98.591
253.05,266.28,30.172,100.57
249.89,269.08,30.778,102.59
249.49,269.22,30.778,102.59
248.74,268.24,31.711,105.7
235.81,297.47,32.028,106.76
235.73,270.08,31.397,104.66
235.17,293.85,31.711,105.7
228.8,266.31,32.348,107.83
231.5,298.73,32.672,108.91
234.18,299.36,32.672,108.91
232.06,299.17,33.329,111.1
230.47,299.63,33.329,111.1
229.1,299.22,32.999,110
233.86,300.41,33.662,112.21
227.48,300.24,33.329,111.1
228.74,298,33.998,113.33
232.15,299.83,35.029,116.76
248.5,284.96,33.998,113.33
248.61,288.73,32.999,110
250.15,289.09,32.028,106.76
250.66,289.26,31.711,105.7
253.54,292.4,31.086,103.62
255.96,294.67,30.474,101.58
256.74,296.92,30.474,101.58
253.31,293.66,31.397,104.66
235.23,305.01,30.778,102.59
255.43,297.13,30.778,102.59
253.16,295.97,31.397,104.66
236.91,311.85,30.474,101.58
258.1,298.77,30.474,101.58
237.72,314.4,30.172,100.57
238.71,299.29,31.086,103.62
241.01,261.21,30.474,101.58
240.69,233.03,31.086,103.62
263.08,184.41,32.028,106.76
263.1,187.25,31.397,104.66
260.86,190.39,31.397,104.66
262.07,187.55,30.474,101.58
246.22,203.36,30.474,101.58
262.5,187.46,30.172,100.57
267.01,196.12,29.577,98.591
251.62,207.78,28.995,96.649
249.14,194.38,28.708,95.692
245.82,198.93,29.285,97.615
240.83,205.04,28.708,95.692
239.85,206.12,29.285,97.615
238.52,205.6,30.172,100.57
237.79,205.37,31.086,103.62
236.38,205.25,31.397,104.66
234.87,205.69,31.711,105.7
233.51,205.76,32.672,108.91
229.75,206.64,33.662,112.21
228.35,210.4,33.329,111.1
225.28,210.94,34.338,114.46
223,210.11,34.338,114.46
220.1,210.63,34.338,114.46
218.14,209.98,34.682,115.61
216.95,214.56,34.338,114.46
215.53,215.75,33.998,113.33
213.85,215.87,33.662,112.21
212.34,217.04,33.662,112.21
210.81,219.17,34.338,114.46
207.39,223.99,33.329,111.1
201.04,224.82,33.998,113.33
197.83,225.47,33.662,112.21
194.37,224.2,34.682,115.61
191.11,224.09,35.379,117.93
188.58,227.3,34.682,115.61
185.93,229,34.682,115.61
183.15,228.92,34.682,115.61
181.53,230.36,35.029,116.76
179.49,231.07,35.733,119.11
178.18,235.1,35.029,116.76
176.88,240.12,33.998,113.33
175.18,239.18,34.682,115.61
170.96,237.02,35.029,116.76
169.08,237.92,35.733,119.11
167.88,238.63,36.451,121.5
167.27,242.62,35.379,117.93
164.97,241.04,36.451,121.5
163.65,238.92,37.555,125.18
163.67,242.3,36.451,121.5
163.19,245.87,36.451,121.5
162.85,249.74,36.09,120.3
160.53,249.97,35.733,119.11
159.41,248.6,36.451,121.5
158.88,247.4,37.555,125.18
159.63,250,37.555,125.18
161.68,250.14,38.31,127.7
164,252.3,37.931,126.44
165.23,252.45,38.693,128.98
166.99,252.38,38.693,128.98
169.27,220.57,37.931,126.44
170.36,190.24,38.31,127.7
173.56,152.22,39.471,131.57
175.1,148.48,38.31,127.7
176.41,147.86,39.08,130.27
179.13,150.12,38.693,128.98
180.94,150.28,39.866,132.89
185.13,152.75,39.471,131.57
187.72,153.42,39.866,132.89
191.26,156.15,38.693,128.98
193.29,157.42,39.471,131.57
195.79,161.4,39.08,130.27
197.45,161.65,39.866,132.89
199.88,163.02,39.866,132.89
202.75,160.53,41.074,136.91
204.73,162.74,41.074,136.91
207.75,165.87,41.074,136.91
211.48,167.86,41.485,138.28
215.02,165.98,42.742,142.47
217.17,168.53,41.899,139.66
219.72,171.31,41.074,136.91
222.39,177.4,40.265,134.22
223.93,179.41,40.265,134.22
224.79,179.68,41.074,136.91
226.17,180.2,41.485,138.28
227.57,181.05,41.074,136.91
228.76,181.65,41.899,139.66
230.41,182.53,43.169,143.9
232.02,182.72,44.477,148.26
235.2,183.16,44.922,149.74
237.63,185.79,44.037,146.79
238.82,189.06,42.742,142.47
238.95,193.51,41.899,139.66
238.29,193.78,43.169,143.9
238.25,195.94,43.169,143.9
237.34,195.83,43.601,145.34
237.05,196.47,44.037,146.79
236.51,199.11,43.169,143.9
235.41,200.36,44.477,148.26
235.44,204.63,44.477,148.26
234.53,204.68,44.922,149.74
234.23,205.79,44.922,149.74
234.17,206.98,45.371,151.24
231,209.63,46.746,155.82
226.81,186.68,46.283,154.28
220.58,135.3,45.825,152.75
215.65,88.365,46.746,155.82
213.69,77.8,45.825,152.75
212.26,80.526,45.371,151.24
210.19,85.842,44.477,148.26
207.94,85.761,44.922,149.74
206.94,85.055,46.283,154.28
207.51,88.253,45.371,151.24
206.7,91.433,46.746,155.82
206.02,95.333,47.685,158.95
204.6,95.383,48.644,162.15
205.23,97.615,47.213,157.38
204.74,100.15,46.746,155.82
205.54,104.9,46.283,154.28
206.65,106.96,46.746,155.82
209.69,111.62,46.283,154.28
209.94,111.64,46.283,154.28
210.69,114.66,46.746,155.82
208.58,114.72,48.162,160.54
207.65,119.75,47.685,158.95
206.42,122.13,46.746,155.82
205.36,121.94,48.162,160.54
204.13,122.59,49.622,165.41
202.13,123.1,51.125,170.42
202.64,126.69,52.153,173.84
204.44,128.89,52.153,173.84
204.64,131.09,52.153,173.84
204.17,134.65,51.637,172.12
203.38,140.74,51.637,172.12
200.42,142.31,53.201,177.34
198.7,143.33,54.271,180.9
196.04,149.03,52.674,175.58
196.55,152.28,53.733,179.11
206.38,154.88,53.201,177.34
205.93,154.86,54.813,182.71
204.47,155.15,56.474,188.25
206.62,156.78,55.915,186.38
203.28,158.43,57.039,190.13
203.49,162.52,56.474,188.25
201.19,167.91,57.039,190.13
197.65,163.96,56.474,188.25
193.96,123.32,58.185,193.95
191.65,82.293,59.948,199.83
189.4,59.116,61.153,203.84
190.89,67.511,59.948,199.83
190.8,69.387,58.767,195.89
191.4,73.259,58.185,193.95
188.41,75.366,59.355,197.85
183.76,81.867,60.548,201.83
180.69,84.624,60.548,201.83
179.19,86.955,59.948,199.83
179.55,92.571,58.185,193.95
179.84,97.151,59.948,199.83
176.79,100.96,59.355,197.85
175.74,101.09,61.153,203.84
175.17,101.02,63.006,210.02
171.47,102.1,63.006,210.02
166.72,106.98,62.383,207.94
163.81,115.87,60.548,201.83
160.5,118.1,61.153,203.84
157.84,120.18,62.383,207.94
156.61,123.86,63.006,210.02
157.51,122.37,64.273,214.24
154.46,126.87,65.565,218.55
154.19,128.24,66.22,220.73
155.33,133.83,64.273,214.24
155.67,137.58,64.916,216.39
154.76,132.49,66.883,222.94
154.48,139.36,67.551,225.17
164.32,142.03,67.551,225.17
139.97,152.02,66.883,222.94
139.53,155.68,66.883,222.94
142.66,159.87,68.227,227.42
141.06,158.01,69.598,231.99
140.4,162.57,68.909,229.7
141.92,175.46,67.551,225.17
147.47,184.83,66.883,222.94
148.77,189.33,64.916,216.39
143.75,191.08,64.916,216.39
152.49,197.54,65.565,218.55
142.28,193.81,67.551,225.17
139.42,201.94,68.909,229.7
135.74,204.38,70.997,236.66
137.16,212.29,71.707,239.02
139.52,214.64,73.148,243.83
144.19,220.91,71.707,239.02
146.19,184.11,70.997,236.66
146.56,144.99,71.707,239.02
143.66,103.49,73.88,246.27
149.46,98.443,71.707,239.02
149.7,105.73,70.997,236.66
151.48,109.4,73.148,243.83
153.51,114.11,74.619,248.73
154.38,122.63,74.619,248.73
155.6,131.45,74.619,248.73
156.35,135.41,76.88,256.27
163.85,140.65,75.365,251.22
163.45,146.6,75.365,251.22
162.56,148.99,76.88,256.27
160.77,154.12,78.425,261.42
159.28,162.38,77.649,258.83
155.81,164.28,79.209,264.03
150.94,166.66,81.609,272.03
149.23,166.15,84.082,280.27
154.26,142.49,81.609,272.03
153.24,110.07,81.609,272.03
154.79,74.868,82.425,274.75
155.88,67.742,80.801,269.34
156.68,67.148,82.425,274.75
155.39,72.628,82.425,274.75
153.8,82.337,82.425,274.75
149.84,89.269,83.25,277.5
141.51,93.05,85.772,285.91
132.08,99.551,88.371,294.57
131.28,96.985,90.148,300.49
129.1,102.77,90.148,300.49
124.19,114.73,87.496,291.65
123.53,120.15,88.371,294.57
119.06,129,87.496,291.65
115.23,137.76,88.371,294.57
112.3,141.66,87.496,291.65
106.8,148.24,89.255,297.52
92.433,156.91,90.148,300.49
82.888,155.55,91.049,303.5
76.721,117.96,91.049,303.5
73.406,113.46,88.371,294.57
66.481,117.66,91.049,303.5
63.457,129.98,92.879,309.6
59.543,134.31,93.808,312.69
54.433,132.43,96.65,322.17
53.452,144.63,93.808,312.69
50.643,150.95,93.808,312.69
40.545,162.89,94.746,315.82
31.365,174.34,92.879,309.6
24.094,181.15,92.879,309.6
13.255,188.52,93.808,312.69
8.5006,186.79,95.693,318.98
6.8547,200.23,94.746,315.82
5.6871,207.83,94.746,315.82
-2.0447,221.86,97.617,325.39
-7.4761,233.88,96.65,322.17
