338,254,20,53
337.72,250.47,19.412,51.441
337.96,247.83,19.412,51.441
338.33,246.71,19.412,51.441
339.18,245.39,19.22,50.932
341.46,244.23,19.22,50.932
343.63,242.15,19.606,51.956
345.92,242.52,19.029,50.428
347.93,241.24,19.029,50.428
350,240.76,18.654,49.434
352.33,240.64,18.841,49.928
352.85,239.35,19.029,50.428
353.67,239.41,19.412,51.441
353.67,239.32,19.802,52.475
353.33,240.07,19.606,51.956
352.91,240.41,20,53
352.76,242.59,19.412,51.441
350.76,243.11,19.412,51.441
347.21,243.92,19.029,50.428
342.66,245.46,18.654,49.434
338.38,247.48,18.106,47.98
331.5,247.79,18.654,49.434
324.93,248.57,19.029,50.428
318.44,249.34,19.029,50.428
312.92,250.47,18.654,49.434
308.96,251.66,18.106,47.98
306.24,251.62,18.106,47.98
304.67,251.74,17.749,47.035
301.45,251.55,17.573,46.569
298.9,251.59,17.926,47.505
296.25,252.33,18.47,48.945
293.34,254.32,18.287,48.46
291.93,256.76,18.841,49.928
289.92,257.94,18.654,49.434
288.05,260.28,18.841,49.928
284.67,260.37,19.412,51.441
280.32,259.91,19.606,51.956
277.02,260.98,19.22,50.932
272.97,260.71,19.029,50.428
270.3,261.37,19.029,50.428
268.85,263.05,18.47,48.945
264.72,261.44,19.029,50.428
260.83,261.01,18.654,49.434
257.35,261.67,18.47,48.945
252.01,261.49,17.926,47.505
243.68,255.87,18.47,48.945
244.96,262.32,17.926,47.505
241.52,263.99,18.47,48.945
237.81,266.32,18.106,47.98
233.33,268.37,18.106,47.98
228.65,270.08,18.106,47.98
223.22,269.18,17.926,47.505
218.53,268.72,18.47,48.945
213.1,268.62,18.841,49.928
207.67,270.17,18.47,48.945
200.5,269.86,18.841,49.928
193.55,269.11,19.029,50.428
188.41,269.13,19.029,50.428
185.54,270.64,18.841,49.928
182.3,272.45,18.47,48.945
179.1,273.98,18.654,49.434
177.74,276.04,19.22,50.932
175.83,277.04,19.802,52.475
173.54,277.73,20.2,53.53
170.14,278.96,19.606,51.956
167.67,280.81,19.22,50.932
164.66,281.12,18.654,49.434
162.43,281.14,18.841,49.928
159.12,281.03,18.841,49.928
154.28,280.17,18.654,49.434
149.86,280.96,18.841,49.928
145.65,281.39,18.654,49.434
142.73,283.17,19.22,50.932
139.04,284.92,19.802,52.475
136.66,286.86,19.802,52.475
135.47,288.77,19.412,51.441
134.51,290.2,19.606,51.956
134.5,294.82,19.412,51.441
132.99,299.87,19.22,50.932
131.76,301.98,19.412,51.441
131.29,301.22,19.606,51.956
135.17,299.71,19.412,51.441
141.82,295.94,19.029,50.428
149.7,294.81,18.47,48.945
154.38,293.16,19.029,50.428
157.06,294.36,19.22,50.932
157.45,295.37,19.412,51.441
157.38,294.72,20,53
161.38,295.01,19.412,51.441
165.85,291.67,19.802,52.475
170.13,289.58,19.412,51.441
172.12,287.6,19.802,52.475
171.58,286.14,20.402,54.065
170.13,287.97,19.802,52.475
166.63,290.99,19.22,50.932
162.84,292.19,19.606,51.956
161.31,293.08,19.802,52.475
159.94,291.76,19.412,51.441
159.43,289.44,19.412,51.441
159.62,287.33,19.029,50.428
159.21,284.53,19.606,51.956
158.64,282.49,19.606,51.956
157.46,281.76,19.606,51.956
155.55,282.02,19.802,52.475
154.1,283.43,19.802,52.475
152.88,285,19.412,51.441
151.74,285.59,19.412,51.441
150.43,286.38,19.412,51.441
147.12,285.58,20,53
143.67,287.36,19.412,51.441
140.21,286.94,19.606,51.956
138.54,286.64,20.2,53.53
137.34,286.21,20.402,54.065
137.08,286.53,20,53
136.03,286.61,20,53
133.04,288.63,20,53
127.67,291.76,20.2,53.53
124.16,295.47,19.802,52.475
121.11,297.1,20,53
119.75,297.35,20.402,54.065
119,297.34,20.402,54.065
118.87,297.39,20.2,53.53
118.26,296.88,19.802,52.475
117.55,295.73,19.802,52.475
115.07,295.29,19.606,51.956
114.27,297.11,19.029,50.428
111.66,299.18,19.029,50.428
109.64,301.44,19.22,50.932
107.37,302.95,18.654,49.434
106.67,303.09,18.654,49.434
106.61,303.68,18.287,48.46
106.82,303.71,18.47,48.945
106.47,303.53,18.841,49.928
104.01,303.82,18.654,49.434
101.66,305.49,18.287,48.46
99.533,308.33,17.749,47.035
97.226,310.47,17.399,46.108
95.721,310.89,17.749,47.035
94.862,312.12,17.399,46.108
92.676,312,17.227,45.652
91.977,311.29,17.399,46.108
91.1,310.03,17.749,47.035
89.741,309.5,18.106,47.98
87.632,308.64,18.654,49.434
85.588,309.16,19.029,50.428
84.089,311.03,19.412,51.441
82.007,311.36,19.606,51.956
81.516,312.22,19.606,51.956
81.028,313.1,19.606,51.956
80.101,313.06,20,53
78.791,313.39,20,53
76.399,313.97,20.402,54.065
75.303,315.59,19.802,52.475
72.718,316.82,19.802,52.475
70.016,317.01,20,53
69.861,317.59,19.606,51.956
69.095,317.8,19.606,51.956
68.537,318.11,20.2,53.53
68.391,318.19,19.802,52.475
67.181,318.26,19.606,51.956
66.925,318.44,19.606,51.956
66.201,318.81,19.606,51.956
64.777,319.38,19.606,51.956
62.816,320.13,20,53
62.465,321.94,19.802,52.475
60.481,320.95,20.402,54.065
60.606,321.55,20.812,55.152
60.679,321.95,20.606,54.606
60.629,323.26,20.2,53.53
59.863,324.24,20.606,54.606
58.914,324.55,21.02,55.704
58.726,325.39,21.657,57.391
61.461,326.32,22.313,59.13
67.73,327.88,22.313,59.13
75.875,327.86,22.537,59.722
86.578,328.55,22.092,58.545
100.87,328.85,21.443,56.823
115.82,327.82,21.657,57.391
129.54,327.5,21.23,56.261
139.76,327.43,21.02,55.704
148.09,329.1,21.23,56.261
156.05,328.35,21.443,56.823
166.73,326.87,21.23,56.261
177.51,321.45,21.657,57.391
187.82,317.79,21.02,55.704
195.58,314.95,20.812,55.152
195.35,314.78,20.402,54.065
191.55,316.09,21.02,55.704
185.28,320.88,20.812,55.152
177.48,325.82,20.402,54.065
172.14,329.55,21.02,55.704
170.78,333.13,20.812,55.152
169.84,333.3,20.402,54.065
169.15,331.87,21.02,55.704
167,328.25,20.402,54.065
163.87,324.46,20.402,54.065
161.78,323.63,20.606,54.606
159.5,321.69,21.02,55.704
159.24,319.55,21.657,57.391
160.16,316.9,21.874,57.965
161.34,316.02,21.443,56.823
161.88,314.78,22.092,58.545
162.61,314.93,22.313,59.13
164.51,313.94,22.313,59.13
168.76,311.44,22.989,60.922
173.75,309.26,23.452,62.147
179.25,310.46,22.989,60.922
182.03,311.12,22.313,59.13
182.9,312.05,21.657,57.391
181.68,310.52,22.313,59.13
180.15,307.54,22.989,60.922
182.39,304.6,22.313,59.13
187.05,301.79,22.537,59.722
190.04,299.99,22.762,60.319
191.33,300.4,22.313,59.13
191.95,300.94,21.874,57.965
191.21,301.98,22.092,58.545
192.18,304.32,22.313,59.13
194.65,305.02,22.313,59.13
197.76,304.55,22.313,59.13
200.68,302.98,21.874,57.965
202.32,299.33,22.092,58.545
204.96,294.78,22.762,60.319
208.73,291.28,22.989,60.922
212.16,288.24,22.989,60.922
213.68,286.84,22.313,59.13
212.55,284.8,22.762,60.319
209.92,283.87,23.219,61.531
205.65,287.58,22.537,59.722
201.99,291.61,22.092,58.545
197.23,294.73,22.762,60.319
194.3,300.09,22.313,59.13
190.1,304.41,21.657,57.391
185.13,305.8,22.092,58.545
181.48,307.4,22.537,59.722
180.49,309.52,22.313,59.13
178.51,309.28,22.092,58.545
176.97,308.33,22.537,59.722
175.85,308.17,22.313,59.13
175.32,307.08,22.313,59.13
174.55,307.97,22.313,59.13
174.05,307.18,22.537,59.722
174.05,307.08,22.537,59.722
171.63,309.02,22.762,60.319
171.78,309.27,22.762,60.319
169.14,311.25,22.762,60.319
166.09,312.98,23.219,61.531
162.8,316.07,22.537,59.722
159.95,318.22,22.989,60.922
157.74,320.46,22.313,59.13
155.2,319.55,22.762,60.319
154.06,320.55,22.537,59.722
152.56,319.48,23.219,61.531
151.14,319.35,23.923,63.396
149.77,320.6,23.219,61.531
147.47,330.38,22.537,59.722
148.23,331.08,22.313,59.13
146.61,322.63,22.762,60.319
145.94,324.12,22.313,59.13
144.45,324.42,21.874,57.965
141.54,324.49,22.537,59.722
138.01,326.9,22.092,58.545
135.84,330.23,22.313,59.13
134.07,328.91,22.313,59.13
132.31,333.18,21.657,57.391
122.13,341.25,22.313,59.13
121.87,340.75,22.762,60.319
120.94,340.24,23.452,62.147
121.78,340.48,23.686,62.768
121.23,339.97,24.404,64.67
119.61,340.45,23.923,63.396
119.46,342,23.686,62.768
119.23,342.13,24.404,64.67
117.21,344.03,24.404,64.67
113.6,346.76,24.162,64.03
110.29,349.9,23.452,62.147
108.73,352.61,22.989,60.922
104.5,354.12,22.537,59.722
103.84,355.85,22.313,59.13
101.8,355.27,22.537,59.722
101.52,356.09,22.989,60.922
101.01,356.01,22.537,59.722
101.61,356.61,22.092,58.545
102.1,356.4,22.092,58.545
102.53,355.43,22.762,60.319
104.07,356.33,22.092,58.545
105.37,356.26,22.537,59.722
107.08,356.32,22.537,59.722
108.24,356.04,22.762,60.319
108.81,356.26,22.762,60.319
110.08,357.73,22.092,58.545
110.88,357.77,22.537,59.722
113.52,356.43,23.219,61.531
115.78,355.28,23.452,62.147
117.12,352.87,23.923,63.396
119.25,351.21,24.404,64.67
120.33,350.11,24.404,64.67
120.7,349.18,24.404,64.67
119.48,349.04,24.894,65.97
119.07,351.93,24.648,65.317
118.77,354.63,23.923,63.396
117.2,355.24,24.648,65.317
116.97,355.67,24.648,65.317
117,356.47,24.162,64.03
116.67,356.61,24.648,65.317
117.69,358,23.923,63.396
117,359.49,23.219,61.531
117.61,360.79,22.989,60.922
117.28,360.8,23.686,62.768
119.06,361.31,22.989,60.922
120.13,361.19,22.989,60.922
120.8,360.96,22.989,60.922
119.8,360.4,23.452,62.147
121.24,361.12,22.989,60.922
120.66,361.17,23.452,62.147
121.73,362.38,23.452,62.147
121.89,362.99,23.686,62.768
121.91,362.02,24.162,64.03
121.2,363.03,23.686,62.768
117.33,362.55,24.404,64.67
114.08,363.09,24.162,64.03
113.05,363.49,24.404,64.67
110.31,365.66,23.923,63.396
108.6,368.07,23.686,62.768
106.88,369.24,23.686,62.768
105.05,369.95,23.923,63.396
105.46,371.17,23.219,61.531
105.02,370.78,23.219,61.531
103.92,369.39,23.923,63.396
104.58,369.23,23.686,62.768
103.86,367.61,24.162,64.03
104.5,366.56,24.648,65.317
105.38,367.82,24.162,64.03
106.64,372.38,23.686,62.768
105.25,377.72,22.989,60.922
100.76,379.87,23.452,62.147
97.173,381.65,22.762,60.319
93.629,380.44,23.452,62.147
91.398,377.59,23.686,62.768
87.754,372.53,23.686,62.768
83.194,366.29,24.404,64.67
78.428,362.67,24.162,64.03
72.382,360.99,23.923,63.396
65.46,360.58,23.923,63.396
56.223,362.78,23.219,61.531
48.501,366.52,22.989,60.922
44.479,369.44,23.452,62.147
46.368,371.86,23.923,63.396
55.995,376.29,24.404,64.67
66.867,379.42,23.686,62.768
70.729,378.17,23.923,63.396
70.422,373.46,24.404,64.67
67.119,366.93,23.686,62.768
62.335,364.52,23.686,62.768
60.585,364.53,23.219,61.531
60.259,365.1,22.537,59.722
63.245,367.16,22.313,59.13
64.737,371.07,22.313,59.13
67.001,374.98,21.874,57.965
68.666,374.73,22.313,59.13
69.147,374.57,22.762,60.319
70.356,376.97,22.989,60.922
67.749,375.33,23.219,61.531
53.452,367.71,22.762,60.319
52.713,369.96,22.313,59.13
51.983,371.12,22.537,59.722
52.053,375.78,21.874,57.965
51.178,377.09,21.874,57.965
50.445,376.09,22.092,58.545
50.356,377.01,21.657,57.391
53.472,376.31,21.443,56.823
56.876,378,21.02,55.704
61.145,377.25,21.02,55.704
61.811,378.3,20.402,54.065
61.907,377.48,20.606,54.606
62.357,376.9,20.812,55.152
71.482,378.6,21.02,55.704
71.408,376.66,21.23,56.261
74.703,369.26,21.23,56.261
67.088,361.43,21.874,57.965
74.258,353.12,22.537,59.722
84.672,349.5,23.219,61.531
93.168,344.94,22.989,60.922
106.28,346.83,23.452,62.147
114.59,337.97,23.219,61.531
121.19,336.7,23.452,62.147
148.37,329.75,23.686,62.768
160.91,333.38,22.989,60.922
158.02,343.55,22.537,59.722
168.11,342.48,23.219,61.531
186.71,338.22,23.219,61.531
188.12,337.61,23.923,63.396
196.8,336.8,24.162,64.03
213.14,322.18,24.648,65.317
231.13,311.96,25.143,66.63
230.94,311.02,25.143,66.63
235.13,305.03,25.905,68.649
236.4,303.38,26.426,70.028
237.6,302.21,27.227,72.15
230.76,303.02,26.426,70.028
244.83,300.58,25.905,68.649
247.76,298.19,26.69,70.729
255.07,291.22,26.164,69.335
251.57,294.75,26.957,71.436
249.39,297.95,26.69,70.729
250.06,298.34,27.227,72.15
238,307.24,27.499,72.872
235.01,305.25,28.332,75.08
229.1,299.79,29.191,77.355
218.69,300.61,30.075,79.699
204.7,307.76,30.68,81.301
200.79,307.14,31.609,83.764
186.57,315.68,32.567,86.302
163.87,323.99,32.567,86.302
152.22,328.85,31.609,83.764
156.14,327.98,32.245,85.448
157.15,327.18,32.245,85.448
166.04,339.58,33.222,88.037
183.65,345.63,32.567,86.302
201.87,346.13,33.554,88.918
220.7,345.86,33.554,88.918
232.95,345.88,32.893,87.165
241.09,341.69,31.925,84.602
248.04,334.96,31.296,82.935
251.97,329.75,31.925,84.602
256.4,329.1,32.893,87.165
263.1,330.38,32.893,87.165
263.63,347.2,31.925,84.602
263.64,349.1,32.245,85.448
259.48,348.64,32.893,87.165
246.03,355.41,32.245,85.448
244.25,358.3,33.222,88.037
233.65,364.63,34.228,90.705
229.3,369.45,34.916,92.528
229.17,371.03,33.889,89.807
234.86,367.74,32.893,87.165
244.68,363.96,32.567,86.302
256.29,360.18,32.567,86.302
265.02,371.65,31.609,83.764
273.14,368.29,30.986,82.114
280.55,365.96,30.68,81.301
285.16,364.04,29.777,78.91
290.48,362.53,29.191,77.355
296.47,363.42,28.332,75.08
299.52,363.11,27.499,72.872
299.33,360.45,28.332,75.08
299.64,361.37,27.499,72.872
299.82,361.7,27.499,72.872
300.82,363.01,26.957,71.436
305.56,364.24,26.426,70.028
309.93,364.32,25.649,67.969
315.87,354.93,25.905,68.649
320.29,355.26,25.143,66.63
323.7,355.42,24.404,64.67
323.02,355.95,24.404,64.67
319.81,357.46,23.923,63.396
316.44,358.37,24.648,65.317
313.82,360.15,23.923,63.396
316.71,361.45,24.404,64.67
318.79,364.94,23.686,62.768
323.31,366.63,23.686,62.768
328.44,368.53,23.686,62.768
333.4,369.87,23.686,62.768
337.4,371.59,23.686,62.768
340.6,372.36,24.404,64.67
343.31,371.27,24.162,64.03
345.91,369.31,24.162,64.03
348.84,367.72,23.452,62.147
351.45,365.95,24.162,64.03
354.63,368.2,23.686,62.768
354.33,367.9,24.162,64.03
354.08,370.18,24.404,64.67
351.82,379.14,23.923,63.396
349.18,379.38,23.219,61.531
348.06,379.94,22.537,59.722
348.24,380.25,22.092,58.545
348.85,379.04,22.537,59.722
352.38,379.51,23.219,61.531
357.55,381.51,23.686,62.768
361.02,380.94,24.162,64.03
364.36,380.13,24.648,65.317
366.24,378.8,24.894,65.97
366.12,377.1,25.143,66.63
365.24,375.43,25.395,67.296
363.67,373.79,25.905,68.649
362.69,372.06,26.69,70.729
362.4,370.48,27.499,72.872
362.85,367.89,28.332,75.08
361.44,363.14,28.902,76.589
359.02,358.91,28.902,76.589
352.38,353.92,29.777,78.91
348.09,353.25,30.376,80.496
341.08,359.21,29.777,78.91
331.2,358.34,29.191,77.355
319.19,338.78,28.902,76.589
312.14,335.51,28.052,74.337
309.05,334.39,27.227,72.15
306.41,333.91,26.426,70.028
303.22,332.91,25.649,67.969
300.02,333.06,26.426,70.028
295.33,331.2,27.227,72.15
289.34,329.91,27.227,72.15
284.11,331.43,26.957,71.436
279.66,331.71,26.957,71.436
277.41,332.73,26.957,71.436
277.84,333.41,26.426,70.028
279.79,331.64,27.227,72.15
282.85,329.48,27.499,72.872
283.93,326.08,28.332,75.08
284.13,325.46,27.499,72.872
281.95,323.54,27.499,72.872
278.3,322.08,26.69,70.729
276.33,321.76,25.905,68.649
275.52,323.57,26.426,70.028
274.37,325.09,25.905,68.649
275.63,328.1,25.395,67.296
276.57,328.2,24.648,65.317
277.42,327.33,24.894,65.97
278.15,325.86,24.404,64.67
277.63,320.57,24.648,65.317
278.36,316.52,24.648,65.317
279.31,314.31,25.143,66.63
278.69,312.9,24.648,65.317
278.78,312.65,24.162,64.03
279.2,313.93,23.923,63.396
278.85,316.54,24.648,65.317
280.52,321.41,25.395,67.296
282.01,326.98,25.395,67.296
282.94,329.66,26.164,69.335
284.25,332.3,25.649,67.969
285.05,332.85,25.905,68.649
287,332.47,25.905,68.649
289.31,333.07,25.143,66.63
289.55,331.79,25.905,68.649
290.46,332.44,25.649,67.969
290.45,331.83,25.905,68.649
290.54,331.86,25.143,66.63
289.39,330.14,25.143,66.63
288.17,327.72,25.395,67.296
287.69,328.13,25.143,66.63
286.89,327.01,25.143,66.63
285.8,326.26,25.395,67.296
285.45,324.89,25.905,68.649
285.61,324.29,25.905,68.649
286.72,323.9,25.395,67.296
285.58,321.2,25.649,67.969
284.97,318.35,26.426,70.028
283.69,316.33,26.164,69.335
282.83,316.67,25.395,67.296
282.05,316.31,24.648,65.317
281.49,316.11,23.923,63.396
280.51,312.98,24.648,65.317
280.15,310.93,25.143,66.63
279.23,309.25,25.395,67.296
277.75,308.71,25.143,66.63
276.21,308.78,24.648,65.317
274.8,306.77,25.395,67.296
273.82,305.8,26.164,69.335
272.8,304.61,25.649,67.969
272.33,304.81,26.164,69.335
271.69,303.86,26.426,70.028
271.11,303.85,26.426,70.028
270.74,304.04,25.905,68.649
270.29,304.16,25.905,68.649
270.9,303.09,26.69,70.729
272.59,303.5,26.426,70.028
273.33,302.21,27.227,72.15
274.48,301.59,27.499,72.872
275.87,300.26,28.332,75.08
277.94,298.98,28.615,75.831
279.93,298.21,28.615,75.831
280.45,297.83,28.902,76.589
281.38,298.32,28.332,75.08
281.82,299.03,27.499,72.872
282,299.56,26.69,70.729
282.43,300.42,26.69,70.729
283.81,301.6,25.905,68.649
285.53,302.9,26.164,69.335
286.38,303.09,25.649,67.969
288.11,304.02,25.143,66.63
289.05,303.55,25.143,66.63
289.44,302.94,24.894,65.97
290.13,301.29,25.649,67.969
292.55,301.34,25.143,66.63
294.13,300.7,25.395,67.296
295.5,300.15,25.649,67.969
297.46,301.1,25.143,66.63
297.26,300.49,24.894,65.97
297.09,299.67,24.894,65.97
296.93,300.18,24.162,64.03
296.37,299.61,24.648,65.317
296.98,299.9,24.404,64.67
299.15,298.33,25.143,66.63
301.95,298.16,24.648,65.317
305.52,298.88,23.923,63.396
307.12,299.23,24.162,64.03
307.1,299.48,24.162,64.03
306.85,299.58,23.923,63.396
305.83,299.65,23.923,63.396
305.2,300.02,23.452,62.147
304.25,299.1,24.162,64.03
304.07,297.67,24.648,65.317
304.02,296.4,24.894,65.97
303.22,295.82,24.648,65.317
300.87,295.16,24.648,65.317
298.14,294.76,24.162,64.03
296.49,294.44,23.686,62.768
295.29,294.27,22.989,60.922
294.64,292.55,23.686,62.768
294.48,292.15,23.219,61.531
296.97,292.47,22.537,59.722
300.12,292.4,22.537,59.722
303.42,292.8,22.313,59.13
304.69,291.81,22.762,60.319
305.9,292.1,22.092,58.545
305.51,292.06,22.762,60.319
304.39,291.68,23.219,61.531
302.15,291.53,23.219,61.531
301.22,291.45,22.989,60.922
298.52,289.88,23.219,61.531
296.5,289.22,22.762,60.319
295.13,288.74,22.989,60.922
292.48,288.92,22.762,60.319
291.08,289.42,22.537,59.722
289.12,289,23.219,61.531
287.7,288.36,23.452,62.147
286.6,288.23,23.219,61.531
286.47,288.3,22.537,59.722
286.37,288.51,22.092,58.545
286.1,286.68,22.762,60.319
288.28,285.2,22.989,60.922
290.65,283.56,22.989,60.922
292.56,281,22.537,59.722
294.03,280.04,22.537,59.722
294.48,280.3,22.092,58.545
294.47,280.78,21.443,56.823
294.18,281.36,21.02,55.704
293.89,280.49,21.443,56.823
294.59,279.28,21.443,56.823
297.05,278.71,21.657,57.391
297.04,277.29,22.092,58.545
297.42,276,22.537,59.722
297.37,276.18,21.874,57.965
295.57,276.55,21.23,56.261
293.66,276.39,21.443,56.823
292.65,278.6,21.657,57.391
290.44,279.43,21.02,55.704
288.63,279.57,21.02,55.704
287.22,280.08,20.402,54.065
286.76,279.6,20.812,55.152
286.06,277.92,21.23,56.261
285.72,275.54,21.23,56.261
285.76,271.71,21.443,56.823
287.4,270.33,20.812,55.152
286.86,268.41,21.443,56.823
286.88,267.81,21.443,56.823
285.82,268.36,21.443,56.823
285.57,268.55,20.812,55.152
284.66,267.21,20.812,55.152
284.11,264.69,20.2,53.53
283.49,264.45,20.2,53.53
281.05,263.42,20.402,54.065
278.92,264.24,20.2,53.53
276.16,264.01,20,53
275.02,261.63,20.606,54.606
274.49,258.71,20.2,53.53
273.21,254.23,20.812,55.152
271.97,251.21,20.2,53.53
270.11,248.11,20.812,55.152
269.22,245.84,21.23,56.261
269.48,243.9,21.657,57.391
272.46,243.34,21.657,57.391
275.43,243.83,22.092,58.545
279.56,247.99,21.657,57.391
281.88,252.33,21.02,55.704
282.81,256.17,21.443,56.823
283.89,260.82,21.02,55.704
284.86,264.56,20.402,54.065
287.04,267.12,19.802,52.475
288.86,266.52,19.606,51.956
292.49,264.56,20.2,53.53
296.1,262.5,20.606,54.606
299.98,261.5,20.2,53.53
303.24,261.39,19.606,51.956
306.3,261.86,19.606,51.956
308.83,262.98,19.029,50.428
310.93,264.55,19.412,51.441
311.17,264.05,19.606,51.956
311.48,264.78,19.029,50.428
312.66,265.54,19.412,51.441
311.88,263.5,20,53
312.11,262.07,20,53
313.19,261.77,19.606,51.956
313.6,260.18,20,53
314.44,260.41,19.606,51.956
315.67,260.63,19.606,51.956
317.49,261.84,19.802,52.475
317.56,261.6,20,53
318.16,262.72,19.606,51.956
318.08,263.71,19.029,50.428
317.14,262.86,18.654,49.434
316.45,261.11,18.841,49.928
315.98,259.09,19.412,51.441
315.85,257.74,19.802,52.475
317.27,257.03,19.412,51.441
319.13,256.53,19.22,50.932
321.38,255.17,19.412,51.441
324.25,252.96,19.802,52.475
327.84,250.27,19.606,51.956
332.78,250.03,19.22,50.932
336.52,249.08,19.412,51.441
339.64,248.62,19.412,51.441
341.53,248.35,19.412,51.441
342.13,246.91,20,53
344.66,246.76,19.412,51.441
347.52,244.47,19.22,50.932
350.68,241.91,18.654,49.434
355.48,239.02,18.654,49.434
360.13,236.59,19.22,50.932
363.16,234.8,18.654,49.434
364.31,233.81,19.029,50.428
364.77,233.73,19.029,50.428
364.33,234.41,18.841,49.928
362.29,233.49,19.029,50.428
360.58,233.89,18.654,49.434
355.13,233.77,18.47,48.945
351.59,232.53,18.841,49.928
348.31,230.16,18.287,48.46
346.88,227.4,18.841,49.928
346.26,223.88,19.029,50.428
348.59,222.75,18.841,49.928
351.26,221.14,18.841,49.928
353.54,220.34,19.22,50.932
355.21,222.04,18.654,49.434
356.36,223.18,19.029,50.428
357.93,225.59,18.47,48.945
358.34,225.55,18.654,49.434
358.5,224.74,19.029,50.428
358.69,223.43,19.029,50.428
359.43,221.27,18.841,49.928
359.01,218.54,18.287,48.46
359.31,216.5,18.841,49.928
359.26,214.11,19.412,51.441
359.87,212.34,19.802,52.475
360.14,210.9,20.2,53.53
360.26,210.26,20,53
361.04,211.02,20.2,53.53
361.82,211.99,20.2,53.53
361.92,212.77,19.606,51.956
362,212.09,20.2,53.53
360.33,209.33,20.402,54.065
358.31,207.45,20,53
356.02,206.49,19.412,51.441
352.93,206.54,18.841,49.928
349.44,206.24,19.22,50.932
346,207.5,19.22,50.932
343.62,207.89,19.802,52.475
341.86,208.4,20.2,53.53
341.04,208.89,20.2,53.53
340.23,208.23,19.802,52.475
339.66,207.05,19.802,52.475
339.61,205.6,20.2,53.53
342.78,204.82,19.606,51.956
348.37,204.84,19.029,50.428
355.84,205.05,18.841,49.928
363.01,204.93,18.47,48.945
368.7,203.1,17.926,47.505
373.39,201.1,18.47,48.945
374.96,198.36,18.287,48.46
375.14,197.43,18.287,48.46
375.03,198.34,18.841,49.928
374.34,200.27,19.22,50.932
373.96,202.23,19.802,52.475
375.34,205.81,19.412,51.441
376.62,207.61,19.802,52.475
378.23,210.44,19.412,51.441
379.63,211.86,19.412,51.441
380.25,211.31,20,53
381.98,211.23,20.402,54.065
383.1,211.17,20.402,54.065
383.78,211.6,20,53
384.14,212.05,19.606,51.956
383.03,211.77,20.2,53.53
380.62,211,20.606,54.606
378.02,210.49,20.606,54.606
375.56,210.28,20,53
374.77,211.01,19.412,51.441
373.63,211,19.22,50.932
372.77,211.59,18.654,49.434
373.1,213.16,18.106,47.98
373.02,213.96,18.106,47.98
371.64,214.06,18.654,49.434
371.44,215.86,18.106,47.98
370.83,215.71,18.47,48.945
371.19,215.39,18.106,47.98
371.24,211.42,18.654,49.434
372.47,208.27,19.029,50.428
374.08,205.89,19.029,50.428
374.35,204.46,19.606,51.956
375.34,205.45,19.22,50.932
374.91,207.12,18.654,49.434
374.44,208.36,19.22,50.932
373.34,209.32,18.841,49.928
370.61,209.44,19.029,50.428
367.99,209.19,19.606,51.956
366.53,209.21,20.2,53.53
365.47,208.85,19.802,52.475
364.82,208.77,19.412,51.441
364.56,207.74,18.841,49.928
362.64,206.55,19.029,50.428
360.52,205.2,19.606,51.956
358.71,205.27,19.802,52.475
356.79,205.49,19.412,51.441
354.5,205.16,19.802,52.475
352.71,204.96,20,53
352.64,207.06,19.412,51.441
352.1,206.76,19.412,51.441
351.36,205.81,19.606,51.956
351.98,203.9,20.2,53.53
352.78,202.13,19.606,51.956
353.58,200.43,19.606,51.956
355.69,199.44,19.412,51.441
356.83,196.28,20,53
358.9,194.86,20.2,53.53
360.4,194.49,19.802,52.475
361.41,194.49,19.412,51.441
362.75,194.44,18.841,49.928
363.49,193.23,19.412,51.441
363.59,193.65,19.029,50.428
363.58,196.32,18.654,49.434
362.81,199.3,18.106,47.98
360.34,200.26,17.926,47.505
358.45,202.2,17.399,46.108
355.1,201.97,17.926,47.505
353.16,202.64,18.47,48.945
351.58,201.98,19.029,50.428
352.6,202.71,18.841,49.928
355.02,201.62,19.22,50.932
358.34,200.74,19.412,51.441
361.63,201.1,18.841,49.928
362.96,201.24,18.654,49.434
363.62,202.32,19.029,50.428
363.66,201.62,19.606,51.956
363.68,202.31,19.606,51.956
363.84,202.79,19.029,50.428
364.15,202.62,18.654,49.434
364.47,201.9,18.287,48.46
364.55,201.72,17.926,47.505
364.21,201.36,18.47,48.945
363.72,201.11,18.47,48.945
363.25,200.91,18.47,48.945
363.13,200.86,18.47,48.945
362.71,200.74,18.287,48.46
363.04,201.28,18.654,49.434
363.09,202.32,19.029,50.428
363.59,203.06,19.029,50.428
363.88,203.94,18.654,49.434
363.95,203.86,18.654,49.434
363.93,204.11,18.287,48.46
364.31,204.85,17.749,47.035
364.23,203.34,18.106,47.98
365.18,201.79,18.47,48.945
366.88,200.79,18.841,49.928
369.05,200.72,18.47,48.945
370.38,200.88,18.106,47.98
370.69,200.69,17.926,47.505
371.05,201.64,17.573,46.569
370.68,202.13,17.926,47.505
370.76,203.24,18.47,48.945
371.42,203.56,17.926,47.505
373.39,202.79,17.926,47.505
375.41,201.52,17.926,47.505
377.74,201.07,17.399,46.108
378.13,198.85,17.749,47.035
378.43,197.32,17.749,47.035
378.51,196.13,17.749,47.035
378.7,193.65,18.287,48.46
380.11,192.74,18.287,48.46
381.93,191.76,18.47,48.945
383.6,191.96,18.106,47.98
383.53,191.9,17.573,46.569
383.25,191.63,17.926,47.505
381.69,192,17.573,46.569
381.33,191.4,17.926,47.505
381.86,190.95,17.926,47.505
385.33,190.21,17.749,47.035
389.24,188.4,17.749,47.035
392.29,184.72,18.287,48.46
395.2,182.86,18.106,47.98
395.76,182,17.749,47.035
395.91,181.76,17.399,46.108
394.62,181.23,17.227,45.652
393.28,182.02,16.888,44.752
391.86,182.07,17.227,45.652
391.55,182.48,17.399,46.108
390.02,181.66,17.227,45.652
390.15,181.13,17.056,45.2
390.36,180.12,16.72,44.309
390.63,178.52,17.056,45.2
391.52,178.53,16.72,44.309
392.69,178.28,16.555,43.87
394.69,179.31,16.72,44.309
396.32,179.33,16.229,43.006
398.34,178.65,16.555,43.87
400.84,179.51,16.068,42.58
403.54,181.57,15.595,41.328
405.19,181.85,16.068,42.58
407.67,184.39,16.391,43.436
409.79,188.57,15.909,42.158
410.89,190.91,16.391,43.436
410.85,191.5,16.72,44.309
409.09,189.15,17.227,45.652
406.81,185.73,16.888,44.752
404.93,183.18,16.555,43.87
405.28,182,16.391,43.436
406.95,181.82,15.909,42.158
410.31,182.48,15.595,41.328
414,182.52,15.595,41.328
417.32,182.12,15.441,40.919
421.11,181.95,14.987,39.715
423.41,181.2,14.546,38.547
424.04,180.04,14.838,39.322
424.37,179.66,14.402,38.165
424.72,179.18,14.838,39.322
424.97,179.88,14.546,38.547
425.59,180.07,14.838,39.322
426.62,179.58,15.288,40.513
427.55,178.72,15.441,40.919
429.17,177.59,15.751,41.741
430.46,176.83,15.595,41.328
431.06,176.21,15.288,40.513
431.06,174.58,15.288,40.513
431.27,173.65,14.838,39.322
431.26,173.31,14.838,39.322
430.67,173.09,14.402,38.165
431.66,175.17,14.259,37.788
432.12,175.08,14.402,38.165
432.88,175.54,14.402,38.165
433.72,175.83,14.546,38.547
434.33,176.08,14.259,37.788
434.84,174.33,14.546,38.547
435.4,168.23,14.546,38.547
437.72,167,14.838,39.322
440.39,171.37,15.288,40.513
443.99,170.47,15.441,40.919
447.95,178.32,14.987,39.715
453.9,176.96,15.137,40.112
460.37,180.03,14.838,39.322
466.69,181.49,14.838,39.322
473.62,178.12,14.692,38.933
478.79,176.43,14.838,39.322
479.92,174.77,15.288,40.513
478.2,170.81,15.751,41.741
475.38,171.65,15.288,40.513
479.41,169.99,15.595,41.328
469.53,172.61,15.909,42.158
469.15,173.88,15.909,42.158
469.63,174.63,16.391,43.436
470.78,172.98,16.888,44.752
473.39,173.56,16.555,43.87
475.7,175.4,16.391,43.436
476.31,176.55,16.391,43.436
476.73,178.68,15.909,42.158
473.87,181.36,15.595,41.328
471.37,180.98,15.441,40.919
470.42,181.91,15.137,40.112
470.08,183.02,15.595,41.328
470.92,183.76,15.137,40.112
472.19,183.69,15.441,40.919
472.99,182.79,15.751,41.741
473.68,181.49,15.909,42.158
472.96,179.53,16.068,42.58
479.39,178.77,15.595,41.328
477.57,178.2,15.137,40.112
479.72,179.12,15.137,40.112
473.18,177.07,14.692,38.933
469.15,181.7,14.259,37.788
469.14,180.73,13.84,36.676
469.75,180.95,13.84,36.676
460.65,181.06,13.84,36.676
470.82,183.64,13.978,37.043
472.97,186.12,13.84,36.676
478.93,183.34,13.433,35.598
480.08,186.31,13.038,34.551
480.92,180.19,12.655,33.535
482.92,181.64,12.282,32.548
489.74,185.15,12.655,33.535
482.7,190.82,12.405,32.874
488.22,188.14,12.781,33.87
486.83,182.46,12.405,32.874
484.11,181.78,12.282,32.548
483.07,183.16,12.04,31.907
482.05,183.74,11.686,30.969
476.06,192.4,11.686,30.969
475.58,192.56,12.04,31.907
475.43,192.46,12.04,31.907
474.24,191.67,11.921,31.591
473.34,192.03,12.282,32.548
472.02,191.35,12.282,32.548
477.25,184.66,12.405,32.874
476.15,184.51,12.282,32.548
474.31,183.09,12.655,33.535
473.95,183.89,12.781,33.87
467.72,190.97,12.655,33.535
467.65,193.92,12.282,32.548
469.42,195.53,12.405,32.874
476.56,190.06,12.04,31.907
478.11,189.31,12.282,32.548
480.08,189.92,12.405,32.874
480.36,189.56,12.405,32.874
478.62,187.62,12.655,33.535
476.11,189.6,12.405,32.874
472.87,191.11,12.655,33.535
472.78,195.24,12.655,33.535
472.01,200.85,12.655,33.535
472.61,206.03,12.909,34.209
472.81,210.87,13.3,35.245
472.67,211.82,12.909,34.209
474.49,211.14,12.655,33.535
476.35,209.73,12.282,32.548
476.01,209.98,11.921,31.591
476.89,210.32,12.04,31.907
476.47,209.31,12.282,32.548
478.32,209.39,12.655,33.535
479.72,208.41,12.909,34.209
481.96,205.47,12.909,34.209
477.78,208.95,12.655,33.535
483.27,201.01,12.405,32.874
481.66,195.77,12.781,33.87
480.03,194.4,12.405,32.874
476.7,193.77,12.282,32.548
472.57,194.69,12.655,33.535
468.78,195.7,12.909,34.209
465.45,195.84,13.3,35.245
464.11,197.51,12.909,34.209
463.46,197.71,13.3,35.245
463.34,199,13.703,36.313
463.65,201.02,13.703,36.313
463.42,203.56,13.3,35.245
462.47,204.54,13.433,35.598
460.4,204.51,13.168,34.896
456.98,204.99,12.781,33.87
452.21,203.83,12.405,32.874
448.44,201.6,12.781,33.87
445.37,199.23,13.168,34.896
442.97,198.24,13.3,35.245
442.39,196.65,13.703,36.313
442.49,197.86,13.433,35.598
440.32,197.63,13.703,36.313
438.29,200.15,13.433,35.598
435.85,200.88,13.168,34.896
432.29,201.32,13.3,35.245
431.31,202.21,13.168,34.896
430.2,202.41,13.433,35.598
429.72,203.69,13.168,34.896
429.89,203.98,13.433,35.598
431.21,203.72,13.433,35.598
431.94,201.83,13.703,36.313
432.6,202.52,13.433,35.598
431.21,201.41,13.703,36.313
429.96,203.21,13.3,35.245
427.67,204.23,13.703,36.313
426.33,205.09,13.978,37.043
426.69,207.58,13.567,35.954
426.69,208.49,13.168,34.896
426.67,208.96,13.3,35.245
428.13,210.31,12.909,34.209
429.81,210.56,13.168,34.896
430.71,210.05,13.3,35.245
432.29,211.13,13.168,34.896
432.43,212.18,12.909,34.209
432.35,214.07,12.909,34.209
432.08,216.6,13.168,34.896
431.77,217.92,13.168,34.896
430.8,217.24,13.3,35.245
430.98,215.9,13.703,36.313
432.32,215.17,13.433,35.598
432.93,213.99,13.433,35.598
433.99,213.77,13.038,34.551
435.58,214.66,13.433,35.598
437.4,216.2,13.3,35.245
438.02,217.01,13.703,36.313
438.01,217.91,13.3,35.245
435.31,218.64,13.703,36.313
432.2,219.71,13.433,35.598
427.41,220.26,13.433,35.598
421.69,220.08,13.84,36.676
415.1,222.07,13.433,35.598
408.25,221.97,13.703,36.313
402.57,221.9,13.703,36.313
396.91,221.58,13.3,35.245
391.56,220.8,13.3,35.245
387.12,220.94,12.909,34.209
382.33,220.15,13.168,34.896
377.65,218.81,13.433,35.598
373.03,217.01,13.703,36.313
370.42,216.18,13.703,36.313
368.91,215.86,13.703,36.313
368.5,215.33,13.703,36.313
370.09,216.68,13.433,35.598
371.27,217.5,13.703,36.313
375.42,220.25,13.433,35.598
378.11,222.46,13.038,34.551
380.02,223.38,13.3,35.245
381.56,225.1,12.909,34.209
381.87,225.79,13.3,35.245
382.33,227.8,12.909,34.209
382.84,230.29,12.529,33.203
381.41,230.93,12.909,34.209
381.04,230.81,12.909,34.209
380.72,230.05,12.909,34.209
382.17,229.06,12.781,33.87
382.86,227.7,12.781,33.87
383.08,226.89,12.655,33.535
383.76,226.37,12.655,33.535
383.32,226.74,12.655,33.535
381.4,228.48,12.405,32.874
378.76,229.15,12.781,33.87
375.57,229.88,12.909,34.209
372.85,231.28,12.529,33.203
370.26,230.77,12.909,34.209
368.87,231.06,13.168,34.896
367.41,231.45,12.781,33.87
364.07,230.87,12.655,33.535
361.82,230.41,12.655,33.535
359.1,230.54,12.909,34.209
356.72,230.92,13.168,34.896
354.63,230.54,12.909,34.209
352.56,231.69,12.529,33.203
349.83,233.05,12.282,32.548
347.66,234.74,12.655,33.535
345.17,237.23,12.909,34.209
342.34,241.21,13.3,35.245
342.19,243.07,13.433,35.598
340.31,246.19,13.038,34.551
339.35,248.35,13.168,34.896
336.57,249.05,12.909,34.209
335.31,250.61,12.529,33.203
333.12,249.74,12.655,33.535
331.6,250.77,12.781,33.87
329.13,250.34,12.909,34.209
329.05,252.11,12.781,33.87
327.54,252.33,13.168,34.896
325.86,252.57,13.3,35.245
325.1,253.08,13.433,35.598
322.38,253.55,13.433,35.598
318.91,252.99,13.703,36.313
316.35,253.46,13.3,35.245
313.21,253.51,13.3,35.245
310.3,254.34,12.909,34.209
307.27,255.6,12.529,33.203
302.97,255.9,12.282,32.548
299.31,256.06,11.921,31.591
296.44,256.26,12.04,31.907
293.28,255.39,12.282,32.548
291.51,256.94,12.04,31.907
288.07,258.01,11.921,31.591
285.87,259.77,11.686,30.969
283.44,260.02,12.04,31.907
280.8,259.61,12.282,32.548
277.78,259.17,12.655,33.535
276.28,260.17,12.405,32.874
272.86,259.24,12.655,33.535
270.85,259.13,12.655,33.535
269.24,259.61,12.282,32.548
267.81,260.17,11.921,31.591
266.79,260.74,12.04,31.907
264.45,260.29,12.282,32.548
263.43,261.37,12.405,32.874
261.18,260.88,12.655,33.535
260.57,261.01,12.405,32.874
258.06,260.04,12.282,32.548
256.42,261.08,12.04,31.907
253.69,262.21,11.686,30.969
251.49,262.91,11.343,30.058
249.37,262.89,11.686,30.969
246.96,262.15,11.921,31.591
245.66,261.51,12.282,32.548
244.87,262.76,12.405,32.874
244.26,263.09,12.405,32.874
242.41,263.16,12.282,32.548
241.59,264.96,12.405,32.874
240.16,266.21,12.405,32.874
239.77,267.17,12.781,33.87
239.87,268.76,12.405,32.874
239.55,268.99,12.282,32.548
240.26,269.81,12.282,32.548
240.8,270.74,12.405,32.874
241.39,271.92,12.781,33.87
241.74,271.6,12.909,34.209
241.56,272.02,13.3,35.245
240.53,273.5,13.3,35.245
237.72,275.73,13.168,34.896
234.67,275.79,13.168,34.896
231.66,275.89,12.909,34.209
228.49,276.56,12.655,33.535
226.46,277.23,12.781,33.87
224.08,276.54,13.168,34.896
221.18,275.84,13.168,34.896
217.12,276.03,13.433,35.598
211.91,275.93,13.703,36.313
207.24,277.33,13.703,36.313
203.69,278.52,13.433,35.598
200.66,279.14,13.168,34.896
198.16,279.03,13.3,35.245
196.67,278.72,13.703,36.313
196.07,278.83,13.703,36.313
196.66,280.2,13.3,35.245
196.34,280.44,13.703,36.313
195.87,281.22,13.978,37.043
194.75,283.43,13.84,36.676
191.84,284.33,13.703,36.313
188.85,285.32,13.3,35.245
185.88,285.51,13.3,35.245
183.76,285.16,13.168,34.896
180.27,283.16,13.433,35.598
177.79,281.76,13.84,36.676
176.06,281.97,13.433,35.598
173.68,281.21,13.703,36.313
171.87,282.02,13.703,36.313
169.41,283.37,13.3,35.245
167.24,285.3,12.909,34.209
164.36,287.26,13.168,34.896
162.43,287.18,13.3,35.245
162.26,287.61,13.433,35.598
162.01,286.95,13.84,36.676
162.33,286.05,13.703,36.313
163.01,286.59,13.84,36.676
162.67,286.51,13.703,36.313
162.93,288.45,13.433,35.598
162.36,289.05,13.84,36.676
160.52,289.76,13.703,36.313
158.09,291.3,13.703,36.313
156.22,293.63,13.433,35.598
153.83,295.83,13.168,34.896
151.57,298.23,13.168,34.896
149.06,300.53,13.433,35.598
147.05,302.2,13.433,35.598
145.39,302.09,13.038,34.551
143.83,302.14,13.433,35.598
142.28,301.29,13.84,36.676
140.73,300.44,14.259,37.788
139.39,300.82,14.546,38.547
137.84,301.93,14.259,37.788
135.38,303.06,13.978,37.043
132.22,303.97,14.402,38.165
128.09,304.49,14.546,38.547
123.61,303.94,14.259,37.788
118.76,302.59,14.546,38.547
114.82,301.99,14.546,38.547
112.11,302.17,14.259,37.788
109.69,301.64,14.402,38.165
108.86,301.8,14.838,39.322
107.35,300.49,15.137,40.112
107.02,300.6,15.288,40.513
105.9,301.85,14.838,39.322
104.68,304.11,14.546,38.547
103.08,306.63,14.546,38.547
101.62,309.02,14.259,37.788
100.14,310.08,13.978,37.043
98.931,311.18,13.703,36.313
98.653,312.43,13.3,35.245
97.11,313.74,13.433,35.598
96.624,314.68,13.433,35.598
94.948,314.53,13.433,35.598
93.847,313.47,13.84,36.676
92.891,312.44,13.703,36.313
92.656,312.47,13.3,35.245
92.341,312.3,13.703,36.313
92.275,313.88,13.433,35.598
88.91,313.44,13.703,36.313
86.996,315.66,13.433,35.598
83.911,315.99,13.84,36.676
80.869,316.28,13.703,36.313
78.905,316.63,13.3,35.245
78.784,316.44,13.703,36.313
78.944,317.38,13.84,36.676
79.064,317.71,13.84,36.676
79.326,318.85,13.84,36.676
77.976,319.93,14.259,37.788
75.286,320.74,14.692,38.933
73.191,322.33,14.692,38.933
70.282,323.52,15.137,40.112
68.573,323.94,14.692,38.933
67.437,326.33,14.546,38.547
65.955,326.06,14.402,38.165
65.574,327.85,14.402,38.165
59.443,324.85,14.546,38.547
56.441,325.24,14.838,39.322
56.312,324.13,15.288,40.513
62.065,317.67,15.595,41.328
66.383,323.11,15.441,40.919
76.589,320.59,15.137,40.112
89.505,319.78,15.595,41.328
107.05,326.78,16.068,42.58
116.47,314.24,16.555,43.87
120.9,314,16.391,43.436
112.18,313.03,16.72,44.309
102.67,324.35,16.72,44.309
106.94,325.32,16.391,43.436
116.87,319.23,16.888,44.752
136.56,324.04,17.056,45.2
146.85,320.9,17.573,46.569
154.61,321.54,17.399,46.108
153.09,321.24,17.056,45.2
165.16,315.39,17.573,46.569
167.5,313.06,18.106,47.98
169.77,312.54,18.287,48.46
174.16,310.71,18.47,48.945
179.02,308.41,18.841,49.928
174.13,309.93,18.287,48.46
179.32,306.79,18.841,49.928
173.69,309,18.654,49.434
174.78,309.86,18.654,49.434
168.17,312.9,18.287,48.46
173.06,315.56,17.926,47.505
177.17,316.66,18.106,47.98
175.24,318.63,17.573,46.569
177.84,319.01,17.399,46.108
178.2,316.07,17.573,46.569
179.49,312.74,17.573,46.569
179.26,314.1,17.399,46.108
181,311.32,17.399,46.108
182.81,309.48,17.227,45.652
183.65,310.85,16.72,44.309
186.67,309.6,16.555,43.87
185.95,310.4,16.888,44.752
191.37,312.33,16.391,43.436
193.14,313,16.888,44.752
191.88,315.54,17.056,45.2
193.81,316.24,17.399,46.108
192.52,319.26,16.888,44.752
194.7,319.86,16.555,43.87
197.32,320.1,16.555,43.87
199.46,320.18,16.888,44.752
203.81,318.97,17.227,45.652
205.5,318.93,17.227,45.652
208.74,318.29,17.573,46.569
211.57,317.94,17.573,46.569
208.69,321.27,17.056,45.2
208.99,322.59,16.72,44.309
207.6,322.17,17.227,45.652
208.35,324.2,17.056,45.2
208.25,324.86,17.056,45.2
207.93,323.77,17.573,46.569
208.38,323.75,17.573,46.569
209.03,323.82,17.227,45.652
209.75,323.55,17.227,45.652
210.75,322.87,17.573,46.569
212.65,323.14,17.399,46.108
212.86,322.53,16.888,44.752
212.78,322.16,16.391,43.436
213.38,318.85,16.888,44.752
215.2,317.78,16.555,43.87
215.68,317,16.888,44.752
215.92,316.79,17.227,45.652
216.38,316.76,17.227,45.652
216.29,317.41,17.399,46.108
214.82,317.57,16.888,44.752
214.71,317.36,17.399,46.108
212.55,319.05,16.888,44.752
213,320.07,16.72,44.309
213.28,319.13,17.227,45.652
213.28,322.15,16.72,44.309
212.84,321.95,16.888,44.752
213.66,321.68,17.227,45.652
214.76,321.37,17.573,46.569
215.47,322.07,17.573,46.569
215.78,321.6,17.926,47.505
215.45,321.43,18.47,48.945
214.72,320.61,18.841,49.928
214.33,320.98,18.47,48.945
212.18,321.58,18.47,48.945
210.9,322.03,18.47,48.945
210.84,321.94,18.47,48.945
210.97,323.35,18.106,47.98
210.15,323.97,17.926,47.505
211.88,324.44,17.749,47.035
211.56,323.79,18.106,47.98
211.61,324,17.573,46.569
211.21,323.49,17.926,47.505
211.04,323.89,18.106,47.98
209.88,322.82,18.654,49.434
211.85,322.16,19.029,50.428
213.88,321.77,19.412,51.441
215.74,322.15,19.22,50.932
215.85,322.8,18.654,49.434
215.72,323.22,18.287,48.46
214.95,321.22,18.654,49.434
211.57,321.63,18.841,49.928
208.56,320.81,18.654,49.434
206.25,320.89,19.029,50.428
205.09,322.47,18.841,49.928
203.78,323.5,19.029,50.428
203.35,326.9,18.841,49.928
202.47,328.58,19.412,51.441
200.95,329.19,20,53
199.72,331.71,19.606,51.956
198.56,333.27,19.606,51.956
197.4,334.61,19.606,51.956
197.29,337.38,19.22,50.932
197.13,338.97,19.029,50.428
198.25,340.49,18.841,49.928
199.62,341.52,18.654,49.434
200.84,341.88,18.841,49.928
199.63,341.22,19.029,50.428
197.58,339.59,19.606,51.956
196.22,338.65,19.606,51.956
194.42,340.08,19.029,50.428
194.42,342.3,18.47,48.945
194.31,343.58,18.106,47.98
194.34,344.53,17.573,46.569
194.97,345.39,18.106,47.98
194.78,345.87,18.287,48.46
195.16,346.59,18.841,49.928
194.4,348.14,18.654,49.434
194.9,349.12,18.841,49.928
193.91,348.97,19.029,50.428
194.59,349.31,19.412,51.441
197.13,348.46,19.802,52.475
199.66,348.02,19.802,52.475
202.37,348.52,19.802,52.475
205.46,349.52,19.412,51.441
206.46,348.18,20,53
208.35,348.95,19.412,51.441
208.34,348.52,18.841,49.928
208.14,348.83,18.47,48.945
207.2,348.52,18.47,48.945
203.7,350.86,17.926,47.505
198.67,352.03,18.287,48.46
193.72,353.76,18.287,48.46
189.39,357.58,17.749,47.035
185.47,358.24,17.926,47.505
183.16,359.59,17.926,47.505
181.55,360.34,18.47,48.945
179.72,359.87,18.654,49.434
179.37,361.81,18.287,48.46
178.11,362.5,18.287,48.46
177.05,364.29,18.287,48.46
175.94,366.62,18.287,48.46
174.14,367.74,18.841,49.928
171.86,368.78,18.841,49.928
169.78,368.65,18.654,49.434
169.45,369.34,18.47,48.945
168.4,368.33,18.654,49.434
169.68,367.31,19.029,50.428
171.63,366.01,19.606,51.956
173.24,365.94,20.2,53.53
174.17,365.02,20.606,54.606
172.39,364.1,21.02,55.704
171.13,364.58,21.02,55.704
166.37,364.85,21.443,56.823
162.62,366.56,20.812,55.152
157.36,365.2,21.443,56.823
153.09,366.19,21.02,55.704
150.6,367.82,20.812,55.152
149.19,367.76,20.812,55.152
148.15,367.89,20.402,54.065
148.55,368.83,20.606,54.606
149.49,367.56,21.02,55.704
150.73,368.23,21.443,56.823
151.44,369.96,21.657,57.391
151.01,370.28,22.092,58.545
150.66,372.92,22.313,59.13
149.65,376.01,22.313,59.13
148.48,376.57,22.762,60.319
147.94,379.57,22.092,58.545
149.02,381.51,21.657,57.391
150.5,382.58,21.23,56.261
150.6,383.76,20.812,55.152
150.54,385.87,20.2,53.53
147.98,389.26,19.802,52.475
144.49,392.73,19.606,51.956
140.15,396.7,20.2,53.53
141.9,396.33,20.606,54.606
139.36,395.77,21.02,55.704
138.35,396.28,21.02,55.704
138.4,396.31,21.443,56.823
139.66,398.39,21.874,57.965
142.11,395.67,22.092,58.545
142.8,396.9,22.313,59.13
137.37,398.1,21.874,57.965
133.37,398.83,21.657,57.391
129.6,398.23,22.092,58.545
129.25,398.3,22.313,59.13
127.33,399.24,22.313,59.13
126.41,400.2,21.874,57.965
126.94,400.94,21.874,57.965
126.43,400.67,22.092,58.545
127.73,400.01,22.762,60.319
126.25,401.28,22.092,58.545
129.46,400.5,22.092,58.545
128.69,399.35,22.762,60.319
127.81,398.51,23.452,62.147
127.33,398.75,23.686,62.768
123.99,399.5,23.452,62.147
123.93,397.23,24.162,64.03
123.64,397.3,24.404,64.67
122.85,398.63,23.686,62.768
121.85,396.55,23.452,62.147
126.6,392.04,24.162,64.03
134.3,387.24,24.894,65.97
142.23,383.83,24.894,65.97
150.23,378.58,25.649,67.969
156.48,373.6,25.905,68.649
161.8,368.46,26.426,70.028
166.85,366.43,25.649,67.969
171.76,365.21,24.894,65.97
176.41,363.77,24.648,65.317
184.85,364.11,24.404,64.67
190.02,365.45,23.923,63.396
194.75,367.69,24.404,64.67
199.95,369.94,24.404,64.67
203.93,371.75,24.162,64.03
213.96,374.94,23.452,62.147
221.17,378.18,22.989,60.922
227.9,381.16,22.537,59.722
232.69,382.44,22.092,58.545
236.53,383.38,21.443,56.823
238.57,382.83,22.092,58.545
239.62,383.73,21.443,56.823
241.48,384.41,21.874,57.965
242.77,386.86,21.23,56.261
242.94,388.35,21.23,56.261
243.07,388.66,21.657,57.391
242.66,391.3,21.23,56.261
240.43,391.37,21.02,55.704
240.92,382.14,20.402,54.065
239.68,380.4,21.02,55.704
240.68,380.86,20.606,54.606
240.43,377.95,21.02,55.704
241.22,376.69,21.657,57.391
242.12,376.26,21.657,57.391
240.91,382.5,22.092,58.545
243.93,384.9,21.657,57.391
247.99,374.12,22.313,59.13
250.2,372.09,22.989,60.922
250.9,371.33,23.686,62.768
250.2,371.74,24.162,64.03
249.87,372.64,24.894,65.97
251.27,375.45,24.162,64.03
251.97,377.21,24.162,64.03
253.68,377.71,23.923,63.396
254.81,378.6,24.404,64.67
254.7,379.55,24.162,64.03
256.87,381.46,23.923,63.396
259.81,384.71,23.923,63.396
264.21,387.48,23.219,61.531
268.46,389.27,22.537,59.722
271.84,390.03,22.762,60.319
275.36,390.56,22.537,59.722
278.12,390.29,22.762,60.319
280.72,390.69,22.762,60.319
283.07,390.63,23.219,61.531
285.66,391.76,22.762,60.319
287.49,391.13,23.452,62.147
288.79,392.76,22.762,60.319
289.63,393.27,22.762,60.319
290.44,395.14,22.092,58.545
293.8,395.47,21.657,57.391
296.15,393.04,22.313,59.13
299.45,391.02,22.762,60.319
311.11,398.63,22.313,59.13
315.55,399.06,22.537,59.722
312.45,401.12,22.092,58.545
322.2,398.6,22.537,59.722
325.45,394,23.219,61.531
328.99,389.53,23.686,62.768
332.42,384.36,24.404,64.67
335.99,378.67,24.894,65.97
341.01,376.43,25.143,66.63
345.54,376.27,24.404,64.67
349.67,371.52,24.894,65.97
354.45,365.53,24.894,65.97
358.36,357.84,25.649,67.969
363.09,350.72,24.894,65.97
364.76,342.77,25.649,67.969
364.59,339.12,24.894,65.97
364.32,335,25.143,66.63
363.98,330.35,25.395,67.296
361.59,328.53,25.905,68.649
362.28,326.35,26.426,70.028
370.41,320.04,25.649,67.969
365.98,326.61,26.426,70.028
368.41,326.35,27.227,72.15
366.03,328.11,28.052,74.337
367.81,327.83,28.052,74.337
369.48,328.36,28.052,74.337
373.82,328.84,27.499,72.872
378.59,323.74,28.052,74.337
380.19,324.41,28.052,74.337
382.67,325.19,27.774,73.601
384.44,327.07,26.957,71.436
386.05,328.11,27.227,72.15
386.62,326.8,28.052,74.337
388.07,326.23,28.052,74.337
389.73,324.87,28.615,75.831
391.29,322.83,29.191,77.355
392.81,321.8,29.482,78.128
394.36,321.3,29.777,78.91
396.88,321.19,29.777,78.91
400.02,322.17,29.482,78.128
402.74,323.33,29.191,77.355
404.39,322.98,29.777,78.91
407.29,324.29,30.075,79.699
409.18,324.86,30.075,79.699
410.93,326.37,30.376,80.496
412.68,328.01,30.376,80.496
413.94,327.6,30.68,81.301
416.34,328.46,29.777,78.91
418.04,327.64,30.376,80.496
419.69,325.58,30.986,82.114
421.98,325.94,30.376,80.496
423.09,324.65,30.376,80.496
423.42,325.1,30.075,79.699
423.33,324.7,30.075,79.699
423.55,325.23,29.482,78.128
424.03,325.04,29.191,77.355
425.5,326.1,28.902,76.589
426.2,326.96,28.615,75.831
424.11,328.7,27.774,73.601
420.81,328.91,28.052,74.337
417.25,329.6,27.774,73.601
413.8,328.28,28.332,75.08
412.21,329.65,28.902,76.589
409.61,329.04,29.482,78.128
409.37,328,30.376,80.496
409.46,327.89,30.075,79.699
410.13,324.56,30.68,81.301
411.47,322.86,30.376,80.496
412.27,320,30.68,81.301
413.37,318.06,30.68,81.301
414.8,318.9,29.777,78.91
416.5,318.62,29.777,78.91
417.65,319.6,29.482,78.128
418.33,317.4,30.376,80.496
419.52,320.39,30.075,79.699
419.52,319.57,30.68,81.301
418.86,318.84,31.609,83.764
419.92,322.23,30.68,81.301
420.32,322.97,29.777,78.91
420.63,323.66,30.075,79.699
420.53,322.67,30.986,82.114
421.68,323.91,30.68,81.301
422.36,324.02,29.777,78.91
423.25,321.96,29.777,78.91
424.8,321.93,28.902,76.589
425.36,319.81,28.902,76.589
427.05,317.8,28.902,76.589
428.81,316.84,28.052,74.337
431.59,317,28.332,75.08
433.69,317.42,27.774,73.601
436.32,319.15,27.499,72.872
437.71,318.86,28.332,75.08
438.77,319.17,28.052,74.337
440.34,320.21,27.499,72.872
440.09,318.46,28.052,74.337
440.87,317.27,28.052,74.337
443.24,315.98,28.052,74.337
445.37,314.67,28.902,76.589
447.17,312.61,29.777,78.91
449.86,312.78,30.075,79.699
451.93,312.91,30.075,79.699
452.89,311.67,30.376,80.496
452.82,308.32,30.986,82.114
452.75,304.55,31.925,84.602
454.47,303.4,30.986,82.114
457.98,302.18,30.376,80.496
460,301.06,30.075,79.699
459.15,301.85,29.191,77.355
456.82,303.34,28.902,76.589
455.24,304.61,28.902,76.589
454.22,305.53,28.615,75.831
453.14,306.51,29.482,78.128
454.63,307.44,30.075,79.699
456,306.77,30.986,82.114
457.42,303.75,31.609,83.764
461.73,303.34,32.567,86.302
463.51,299.25,33.554,88.918
467.38,297.82,32.567,86.302
471.49,295.23,33.222,88.037
463.94,277.76,33.554,88.918
465.71,276.26,34.228,90.705
473.23,283.08,33.889,89.807
464.17,278.01,32.893,87.165
456.19,283.11,33.222,88.037
461.17,291.51,32.567,86.302
449.12,285.62,32.893,87.165
454.86,296.74,31.925,84.602
451.77,295.96,32.245,85.448
447.15,294.34,31.925,84.602
442.04,295,30.986,82.114
438.65,294.72,30.075,79.699
435.9,294.23,29.482,78.128
435.35,292.6,29.482,78.128
436.36,290.26,29.191,77.355
441.65,289.59,28.615,75.831
445.47,292.21,28.332,75.08
451.04,296.77,28.332,75.08
456.26,301.5,27.774,73.601
468.08,305.6,28.332,75.08
470.12,307.81,28.052,74.337
473.33,312.37,28.902,76.589
474.07,314.16,29.482,78.128
473.86,311.49,30.376,80.496
474.1,311.23,30.68,81.301
475.14,307.81,30.986,82.114
474.22,311.04,31.609,83.764
477.04,306.61,31.925,84.602
480.41,299.8,32.245,85.448
481.05,293.39,32.245,85.448
479.8,289.61,32.567,86.302
477.07,286.35,32.245,85.448
472.43,282.12,32.893,87.165
471.37,282.29,32.245,85.448
472.14,284.77,31.296,82.935
472.8,285.3,31.609,83.764
472.1,282.8,30.986,82.114
474.1,282.89,30.376,80.496
478.1,281.53,29.482,78.128
477.96,279.46,29.191,77.355
477.69,276.41,30.075,79.699
477.78,274.62,29.777,78.91
478.11,274.47,29.482,78.128
478.96,275.18,28.615,75.831
478.55,275.6,28.615,75.831
478.04,275.18,29.191,77.355
474.31,272.78,29.482,78.128
475.07,272.45,29.777,78.91
483.54,280.94,30.68,81.301
484.75,278.82,30.376,80.496
485.64,279.75,30.075,79.699
486.07,278.72,29.777,78.91
485.95,278.05,30.075,79.699
483.17,282.58,30.986,82.114
485.32,281.05,30.376,80.496
486.03,274.25,30.68,81.301
484.74,272.99,29.777,78.91
485.03,271.56,29.482,78.128
485.07,272.08,28.902,76.589
484.92,272.65,28.902,76.589
483.74,273.21,28.615,75.831
482.68,274.11,28.332,75.08
481.95,275.02,27.774,73.601
483.14,276.48,27.227,72.15
485.25,275.81,26.957,71.436
487.28,274.74,26.957,71.436
488.94,273.96,27.499,72.872
488.55,272.5,28.332,75.08
487.63,267.93,29.191,77.355
488.36,268.05,28.615,75.831
488.61,265.68,29.191,77.355
489.24,265.51,29.191,77.355
488.93,264.42,28.332,75.08
487.94,261.83,28.902,76.589
487.28,261.27,28.332,75.08
487.23,261.11,27.499,72.872
487.67,260.54,27.227,72.15
498.68,257.04,28.052,74.337
500.9,256.51,28.332,75.08
498.69,252.2,28.615,75.831
499.39,248.16,28.902,76.589
500.24,245.03,29.191,77.355
500.46,243.06,29.482,78.128
496.12,223.22,29.482,78.128
495.76,222.78,29.777,78.91
495.83,220.91,30.075,79.699
494.56,219.17,30.68,81.301
494.06,218.74,30.68,81.301
493.23,219.23,30.376,80.496
493.32,220.12,29.777,78.91
493.38,220.99,29.191,77.355
494.25,222.56,28.615,75.831
493.92,221.54,28.902,76.589
494.64,221.6,28.902,76.589
501.03,216.12,28.902,76.589
499.05,214.79,29.777,78.91
516.34,237.84,29.777,78.91
533.39,250.72,29.777,78.91
523.59,236.09,29.191,77.355
528.63,237.33,28.902,76.589
531.14,239.16,28.332,75.08
531.9,240.21,28.332,75.08
529.8,241.48,28.052,74.337
528.43,243.35,28.615,75.831
527.06,246.02,28.902,76.589
523.54,247.35,28.902,76.589
518.4,244.38,29.191,77.355
514.91,242.14,29.191,77.355
512.85,240.82,29.191,77.355
509.83,238.05,29.482,78.128
508.93,237.04,30.075,79.699
508.04,234.98,29.777,78.91
509.18,234.34,29.191,77.355
512.58,236.3,28.332,75.08
514.52,237.02,27.774,73.601
516.92,237.65,26.957,71.436
518.27,237.22,27.499,72.872
518.23,236.49,27.774,73.601
518.89,237.53,26.957,71.436
518.44,236.39,26.957,71.436
517.35,235.31,26.957,71.436
516.65,234.14,27.774,73.601
516.45,233.61,27.774,73.601
516.29,232.43,28.615,75.831
515.99,232.11,28.615,75.831
515.81,231.82,28.615,75.831
515.08,231.07,27.774,73.601
514.87,230.53,26.957,71.436
515.27,230.04,26.426,70.028
515.31,229.36,26.164,69.335
515.33,227.37,25.905,68.649
517.15,226.61,26.426,70.028
517.45,226.04,26.164,69.335
518.7,224.29,26.957,71.436
520.65,225.11,26.426,70.028
521.55,223.57,27.227,72.15
521.21,221.32,28.052,74.337
522.33,220.82,27.774,73.601
524.54,220.95,27.499,72.872
525.47,221.3,26.69,70.729
526.45,221.3,26.69,70.729
527.8,224.74,26.164,69.335
527.73,225.28,25.649,67.969
528.35,225.05,26.164,69.335
529.23,223.83,26.426,70.028
530.44,222.14,26.426,70.028
531.34,218.85,26.69,70.729
532.15,216.45,26.957,71.436
532.97,217.21,26.164,69.335
532.59,217.17,26.164,69.335
530.37,216.12,26.957,71.436
529.17,215.7,26.957,71.436
528.45,213.33,27.774,73.601
529.77,212.9,27.499,72.872
531.2,212.68,27.227,72.15
531.87,213.24,26.426,70.028
531.14,213.8,25.649,67.969
529.91,213.58,26.164,69.335
528.38,214.26,26.164,69.335
527.81,215.56,25.395,67.296
527.1,215.32,25.143,66.63
527.22,212.92,25.649,67.969
528.44,211.16,26.164,69.335
529.98,210.25,26.426,70.028
530.54,208.95,26.69,70.729
531.17,208.98,26.69,70.729
532.17,210.57,26.164,69.335
532.13,211.03,26.164,69.335
530.05,209.68,26.957,71.436
530.5,210.71,26.426,70.028
530.43,208.19,27.227,72.15
532.93,207.65,26.426,70.028
534.89,206.59,25.649,67.969
538.18,206.7,25.395,67.296
540.88,206.57,25.143,66.63
543,205.99,24.894,65.97
544.78,204.54,25.395,67.296
545.18,201.56,25.905,68.649
546.02,200.15,25.905,68.649
546.01,200.25,25.649,67.969
546.39,200.56,25.649,67.969
546.27,200.43,25.905,68.649
547.09,200.74,26.426,70.028
547.52,201.93,25.649,67.969
549.72,203.86,25.143,66.63
551.11,203.34,25.395,67.296
551.37,202.44,25.649,67.969
552.11,201.89,25.905,68.649
553.86,202.09,25.395,67.296
554.48,199.69,26.164,69.335
555.33,199.75,25.395,67.296
555.36,198.51,26.164,69.335
555.36,199.39,26.426,70.028
554.95,201.29,26.164,69.335
553.97,201.31,26.426,70.028
552.4,200.19,25.649,67.969
553.27,199.45,25.395,67.296
553.41,197.77,25.395,67.296
553.87,195.4,25.905,68.649
555.09,195.41,25.649,67.969
556.43,195.54,25.395,67.296
556.87,195.2,25.395,67.296
557.29,194.85,25.143,66.63
556.16,191.69,25.905,68.649
557.26,189.8,26.426,70.028
558.58,188.27,26.69,70.729
560.83,188.95,26.426,70.028
561.73,188.54,26.957,71.436
563.2,189.59,26.69,70.729
565.04,190.78,26.164,69.335
565.94,190.99,25.905,68.649
566.5,191.53,25.649,67.969
567.1,193.64,24.894,65.97
566.94,194.57,24.648,65.317
567.02,194.78,25.143,66.63
567.58,195.62,24.404,64.67
567.7,193.67,25.143,66.63
567.22,192.88,25.143,66.63
566.55,191.18,25.395,67.296
565.46,188.84,25.649,67.969
566.65,187.52,25.395,67.296
567.21,186.03,24.648,65.317
568.6,184.07,25.395,67.296
569.16,181.86,26.164,69.335
569.95,180.98,26.164,69.335
570.66,180.74,25.649,67.969
571.48,180.39,26.164,69.335
570.42,179.47,26.957,71.436
568.65,182.02,26.164,69.335
564.15,182.8,26.957,71.436
559.48,186.07,26.69,70.729
556.09,190.94,25.905,68.649
552.52,195.97,26.164,69.335
549.23,202.66,25.395,67.296
546.97,208.04,25.395,67.296
544.39,210.16,25.649,67.969
543.42,211.53,24.894,65.97
541.09,209.76,25.649,67.969
538.36,206.83,24.894,65.97
537.81,203.03,25.395,67.296
537.51,196.99,25.905,68.649
537.52,194.36,25.395,67.296
534.44,191.78,25.649,67.969
535.32,192.43,24.894,65.97
531.71,193.44,24.162,64.03
528.11,194.6,23.452,62.147
533.87,193.71,23.686,62.768
533.94,192.3,23.452,62.147
536.92,191.39,23.686,62.768
541.25,189.74,23.686,62.768
544.8,188.31,23.686,62.768
544.86,184.21,24.404,64.67
542.37,179.58,25.143,66.63
536.99,175.67,25.395,67.296
534.33,175.23,24.648,65.317
523.66,175.13,24.894,65.97
523.8,175.59,25.143,66.63
525.83,174.71,25.649,67.969
530.7,175.67,25.143,66.63
534.67,174.35,24.648,65.317
549.42,166.99,25.395,67.296
549.61,166.25,24.894,65.97
549.88,165.44,24.894,65.97
550,165.68,24.162,64.03
547.3,164.44,24.648,65.317
543.44,164.17,24.162,64.03
538.61,161.92,24.894,65.97
537.38,161.72,24.162,64.03
536.99,160.55,24.648,65.317
538.03,160.9,23.923,63.396
540.9,162.24,23.452,62.147
544.46,161.83,23.219,61.531
545.42,161.93,23.452,62.147
546.72,162.51,22.762,60.319
546.46,160.73,23.452,62.147
545.82,159.25,23.923,63.396
544.99,158.63,24.404,64.67
543.02,159.18,24.404,64.67
541.48,157.13,25.143,66.63
539.59,156.77,25.395,67.296
537.99,157.2,24.648,65.317
538.03,157.43,25.395,67.296
537,156,25.649,67.969
537.23,154.13,26.164,69.335
536.72,152.17,25.905,68.649
536.9,150.75,26.426,70.028
535.94,150.31,25.649,67.969
534.71,149.29,25.905,68.649
524.84,148.7,26.164,69.335
524.27,149.92,25.395,67.296
523.26,150.78,24.894,65.97
523.76,152.73,24.404,64.67
523.42,152.4,24.648,65.317
524.38,152.19,25.143,66.63
525.86,153.64,24.404,64.67
525.77,153.28,24.894,65.97
525.29,154.85,24.894,65.97
523.45,157.45,24.894,65.97
521.81,159.45,24.894,65.97
521.39,160.4,25.143,66.63
520.82,158.56,24.648,65.317
522.3,155.35,25.395,67.296
524.03,154.25,25.143,66.63
524.55,154.48,24.648,65.317
524.81,155.27,24.648,65.317
524.07,157.18,24.162,64.03
524,158.83,23.686,62.768
523.63,158.36,23.452,62.147
525.19,156.53,23.452,62.147
527,153.82,23.923,63.396
529.03,153.81,23.686,62.768
530,153.47,23.452,62.147
530.6,153.43,23.686,62.768
528.58,152.19,24.404,64.67
524.49,150.02,23.686,62.768
519.13,145.25,23.219,61.531
514.95,140.39,23.923,63.396
513.23,137.19,24.404,64.67
511.22,135.89,23.923,63.396
510.2,136.27,23.452,62.147
510.08,139.07,22.989,60.922
508.62,140.54,23.686,62.768
506.92,142.71,23.452,62.147
506.41,144.36,23.219,61.531
507.46,144.78,23.686,62.768
509.38,144.54,23.219,61.531
513.65,142.31,23.452,62.147
518.08,140.29,23.686,62.768
520.93,139.45,22.989,60.922
521.88,137.47,23.219,61.531
523.24,135.87,23.219,61.531
525.07,132.56,23.923,63.396
526.77,128.28,23.686,62.768
528.61,124.06,23.452,62.147
529.64,120.46,23.452,62.147
530.67,119.7,22.762,60.319
531.48,118.52,23.452,62.147
531.98,118.13,23.452,62.147
531.72,117.6,24.162,64.03
531.58,119.21,23.686,62.768
529.19,119.58,23.686,62.768
526.46,119.52,22.989,60.922
523.3,118.49,22.762,60.319
521.6,118.68,22.989,60.922
519.84,118.25,22.989,60.922
518.08,117.16,23.219,61.531
516.77,115.97,23.923,63.396
516.24,116.31,23.452,62.147
515.69,116.45,22.762,60.319
515.52,113.74,23.452,62.147
516.45,111.93,23.686,62.768
517.71,110.97,23.686,62.768
518.9,109.09,24.162,64.03
521.6,108.77,24.162,64.03
525.73,108.91,23.686,62.768
529.71,107.63,23.686,62.768
533.56,108.08,22.989,60.922
535.5,106.64,23.452,62.147
537.32,106.98,23.452,62.147
539.21,109.1,22.989,60.922
540,109.65,22.762,60.319
540.63,110.23,22.762,60.319
542.11,112.05,22.313,59.13
542.52,111.94,22.989,60.922
542.85,111.82,22.537,59.722
543.68,111.62,22.989,60.922
544.37,111.83,22.989,60.922
543.6,116.21,22.313,59.13
541.54,120.55,22.989,60.922
539.33,125.94,22.989,60.922
538.11,131.65,22.313,59.13
537.64,135.72,22.989,60.922
536.74,140.84,23.219,61.531
536.87,148.67,22.989,60.922
536.06,155.43,22.989,60.922
535.7,161.08,22.313,59.13
534.4,162.74,22.537,59.722
533.62,165.19,22.762,60.319
532.29,169.3,22.989,60.922
529.68,174.69,22.537,59.722
527.54,180.71,22.537,59.722
525.07,186.08,22.537,59.722
523.11,190.28,22.989,60.922
520.01,192.18,22.762,60.319
515.69,194.65,22.537,59.722
511.24,196.24,22.989,60.922
505.72,197.76,22.762,60.319
502.22,200.09,22.092,58.545
500.73,202.75,21.657,57.391
498.94,204.97,21.443,56.823
498.59,207.63,21.02,55.704
498.88,208.85,21.657,57.391
498.84,210.54,21.874,57.965
499.28,212.74,21.23,56.261
499.91,214.96,20.812,55.152
499.48,216.51,21.02,55.704
499.42,218.93,21.02,55.704
499.84,220.81,21.657,57.391
499.15,222.04,21.443,56.823
498.56,221.62,22.092,58.545
498.45,221.91,21.443,56.823
497.89,218.33,22.092,58.545
497.71,214.57,22.537,59.722
498.29,212.78,22.313,59.13
498.72,212.61,21.657,57.391
498.91,212.52,21.23,56.261
498.73,213.01,20.606,54.606
497.06,211.95,20.402,54.065
496.06,211.25,20.402,54.065
494.49,210.06,21.02,55.704
494.36,211,20.812,55.152
494.03,211.24,20.402,54.065
495.39,210.95,20.606,54.606
496.75,210.23,20.606,54.606
496.95,210.45,20,53
497.74,209.97,20.606,54.606
497.28,209.12,20.606,54.606
496.22,208.22,20.402,54.065
495.57,208.06,20.402,54.065
495.97,210.22,19.802,52.475
495.78,210.56,20,53
496.74,211.76,19.802,52.475
496.46,210.4,20.402,54.065
496.46,209.66,20.402,54.065
494.85,208.34,21.02,55.704
492.15,207.99,21.23,56.261
487.92,206.13,21.02,55.704
484.71,204.04,21.657,57.391
481.63,203.3,21.23,56.261
477.94,202.62,21.443,56.823
474.9,203.5,21.874,57.965
471.12,203.85,21.443,56.823
468.72,202.7,21.443,56.823
466.84,201.34,22.092,58.545
464.66,202.49,21.443,56.823
463.91,204.07,20.812,55.152
462.07,202.88,20.606,54.606
461.75,200.86,20.2,53.53
461.53,199.18,20.2,53.53
460.98,198.08,20,53
461.17,197.63,20.606,54.606
461.25,198.01,20.606,54.606
461.05,198.94,20.606,54.606
460.46,198.68,20.402,54.065
459.72,197.79,20.2,53.53
457.54,194.07,20.606,54.606
455.24,190,21.23,56.261
453.23,186.09,21.874,57.965
451.66,184.79,21.657,57.391
450.52,183.95,21.23,56.261
450.23,182.52,20.606,54.606
449.81,180.25,20.2,53.53
448.62,176.93,20.402,54.065
447.91,175.59,20.402,54.065
446.53,175.97,20.812,55.152
443.43,176.64,21.443,56.823
441.54,179.17,21.657,57.391
438.48,182.36,21.657,57.391
435.57,184.3,21.874,57.965
432.97,187.47,21.23,56.261
429.67,189.62,21.02,55.704
427.96,191.15,21.23,56.261
426.85,192.43,20.606,54.606
426.22,193.96,20.2,53.53
427.65,194.65,20,53
432.42,194.95,20.606,54.606
437.73,195.33,20.812,55.152
443.35,194.34,21.23,56.261
449.32,194.06,21.23,56.261
454.82,195.38,20.606,54.606
458.84,197.39,20.2,53.53
461.03,199.85,19.606,51.956
462.5,202.76,19.412,51.441
462.37,203.63,19.412,51.441
461.34,203.94,19.802,52.475
459.38,203.67,19.802,52.475
456.06,202.52,19.802,52.475
452.96,202.1,19.22,50.932
449.91,200.48,19.412,51.441
447,198.27,20,53
444.69,197.38,20.606,54.606
441.46,195.86,21.02,55.704
438.86,194.02,21.657,57.391
436.32,194.06,21.23,56.261
434.48,193.79,20.606,54.606
431.89,192.83,20,53
430.25,193.02,19.802,52.475
427.91,192.26,19.606,51.956
427.12,191.93,19.606,51.956
427.61,189.75,19.606,51.956
429.61,187.8,19.802,52.475
430.65,185.79,20.2,53.53
431.27,184.65,20.606,54.606
431,183.8,20.402,54.065
430.48,184.47,20,53
428.88,185.25,20.606,54.606
426.94,186.17,20,53
425.97,187.43,19.412,51.441
424.94,187.87,18.841,49.928
423.67,187.07,19.029,50.428
423.06,186.48,19.029,50.428
423.19,185.07,19.22,50.932
423.06,183.13,18.654,49.434
424.32,181.29,19.22,50.932
425.67,179.16,19.802,52.475
427.33,178.37,19.606,51.956
430.42,177.13,20,53
433.66,177.19,20,53
437.54,178.27,19.412,51.441
439.93,176.87,19.029,50.428
442.05,177.16,18.841,49.928
442.58,176.81,18.287,48.46
443.08,176.87,17.926,47.505
443.02,176.59,17.573,46.569
442.86,175.76,18.106,47.98
441.88,175.22,18.106,47.98
440.7,175.07,18.654,49.434
440.45,174.99,19.029,50.428
441.93,175.66,19.22,50.932
443.87,175.21,19.802,52.475
446.17,175.49,19.802,52.475
448.35,176.01,19.412,51.441
449.73,175.66,19.412,51.441
451.29,174.96,19.22,50.932
451.97,173.06,19.412,51.441
451.92,171.7,19.029,50.428
451.12,169.35,19.606,51.956
449.97,168.82,19.029,50.428
448.26,169.38,18.841,49.928
443.43,167.37,19.029,50.428
440.87,167.24,19.412,51.441
436.83,165.82,19.606,51.956
434.11,165.03,20.2,53.53
431.7,165.4,19.802,52.475
429.33,166.31,19.22,50.932
427.28,166.02,19.22,50.932
425.31,165.17,19.22,50.932
424.28,165.27,18.841,49.928
422.85,165.94,18.47,48.945
421.33,166.45,18.106,47.98
419.9,165.4,18.47,48.945
418.86,165.36,18.106,47.98
420.76,164.65,18.47,48.945
425.3,165.57,18.106,47.98
429.79,166.28,17.749,47.035
433.28,165.93,18.287,48.46
441.64,168.59,18.106,47.98
447.24,170.8,18.106,47.98
447.73,170.87,18.654,49.434
448.16,170.81,19.029,50.428
448.66,171.77,18.654,49.434
448.89,171.65,18.654,49.434
449.51,171.98,18.287,48.46
450.23,171.81,18.841,49.928
450.39,171.37,19.22,50.932
450.64,171.66,18.841,49.928
450.23,170.67,19.412,51.441
449.86,170.43,19.029,50.428
449.63,169.54,19.606,51.956
449.77,170.8,19.029,50.428
449.35,172.39,18.654,49.434
449.26,173.83,19.22,50.932
447.45,174.2,19.029,50.428
445.94,174.89,18.841,49.928
443.5,174.02,19.22,50.932
441.6,173.22,19.22,50.932
440.2,172.6,19.22,50.932
440.07,172.8,18.841,49.928
440.67,172.44,19.22,50.932
442.8,173.87,19.029,50.428
445.16,175.64,18.654,49.434
447.76,177.01,18.47,48.945
448.98,176.81,18.654,49.434
451.24,179.63,18.106,47.98
452.82,182.11,18.106,47.98
454.03,184.68,17.749,47.035
454.77,186.47,18.106,47.98
454.85,188.4,17.926,47.505
455.4,190.46,17.926,47.505
456.52,191.35,17.573,46.569
458.82,192.43,17.749,47.035
459.9,190.87,18.287,48.46
462.13,189.72,17.926,47.505
463.31,188.13,17.573,46.569
462.89,186.05,17.749,47.035
459.69,184.91,17.749,47.035
457.17,184.84,17.749,47.035
453.42,186.13,17.749,47.035
437.78,185.78,18.287,48.46
429,185.58,18.841,49.928
420.88,185.64,18.841,49.928
413.95,186.44,18.47,48.945
408.04,186.85,18.47,48.945
402.68,186.49,18.841,49.928
399.71,185.07,19.412,51.441
398.4,185.2,18.841,49.928
398.77,183.83,18.654,49.434
402.14,183.84,18.106,47.98
404.65,182.38,17.926,47.505
406.34,182.17,17.749,47.035
406.77,182.1,17.399,46.108
406.09,181.15,16.888,44.752
405.27,179.56,17.227,45.652
404.55,178.55,17.573,46.569
404.87,178.54,17.227,45.652
405.76,178.73,17.399,46.108
405.79,177.43,17.749,47.035
404.83,175.25,17.749,47.035
402.02,170.38,18.106,47.98
398.52,166.25,18.106,47.98
394.99,164.4,17.749,47.035
390.63,163.23,18.106,47.98
386.13,161.9,18.106,47.98
382.2,162.4,17.749,47.035
379,161.4,17.926,47.505
379.05,162.08,17.399,46.108
378.94,161.99,17.399,46.108
380.58,161.72,17.749,47.035
382.92,161.25,18.106,47.98
385.07,161.9,17.749,47.035
386.55,162.98,17.399,46.108
387.38,163.95,17.399,46.108
386.99,164.57,16.888,44.752
386.93,164.48,17.399,46.108
385.94,164.81,17.056,45.2
384.4,163.89,17.227,45.652
383.83,164.16,17.227,45.652
384.51,165.66,16.72,44.309
384.55,165.78,17.056,45.2
385.48,166.49,17.056,45.2
388.14,167.98,17.399,46.108
390.74,170.02,16.888,44.752
394.62,171.81,16.391,43.436
398.13,171.84,16.72,44.309
399.32,172.93,16.391,43.436
393.1,173.74,16.391,43.436
386.22,173.56,16.72,44.309
379.34,172.94,16.888,44.752
374.75,173.35,17.227,45.652
372.67,175.48,16.888,44.752
373.17,177.73,17.399,46.108
378.44,179.95,16.888,44.752
385.03,180.11,16.888,44.752
390.82,177.99,17.227,45.652
395.37,177.1,16.72,44.309
396.58,175.88,16.72,44.309
395.69,174.31,16.888,44.752
398.35,174.02,17.056,45.2
391.71,173.73,17.056,45.2
390.6,174,16.72,44.309
390.21,173.9,16.72,44.309
390.11,173.77,16.72,44.309
390.9,173.24,16.72,44.309
392.34,171.97,16.229,43.006
395.16,171.54,15.751,41.741
397.98,170.23,16.068,42.58
400.46,168.81,16.068,42.58
401.99,167.88,15.595,41.328
402.38,165.68,15.137,40.112
402.64,164.75,15.288,40.513
401.45,163.14,15.751,41.741
400.32,163.02,15.751,41.741
399.36,164.5,15.441,40.919
399.46,165.85,15.441,40.919
400.23,167.57,15.751,41.741
402.76,169.72,15.288,40.513
404.34,170.46,14.838,39.322
405.51,171.24,14.546,38.547
405.59,172.45,14.838,39.322
404.28,174.41,14.402,38.165
402.98,175.89,14.692,38.933
402.04,176.23,15.137,40.112
402.2,176.4,15.137,40.112
403.14,176.09,15.288,40.513
404.24,173.83,15.441,40.919
406.73,173.28,14.987,39.715
408.59,171.29,15.137,40.112
410.76,171.12,15.595,41.328
411.91,171.2,15.288,40.513
412.73,170.95,15.288,40.513
413.16,171.13,14.838,39.322
411.55,168.66,15.137,40.112
409.8,166.2,15.137,40.112
408.75,164.05,15.137,40.112
407.79,162.25,15.137,40.112
408.12,163.7,14.838,39.322
408.44,166.43,14.838,39.322
408.53,171.3,14.838,39.322
407.37,177.73,15.288,40.513
404.09,184.92,15.441,40.919
401.42,191.51,14.987,39.715
397.47,196.16,15.137,40.112
394.63,201.97,14.838,39.322
384.61,207.82,15.288,40.513
380.49,215.33,14.838,39.322
378.41,220.87,14.546,38.547
377.84,224.08,14.546,38.547
377.83,225.99,14.402,38.165
381.56,227.29,14.259,37.788
384.82,227.91,13.84,36.676
388.01,227.98,13.84,36.676
389.81,227.8,14.259,37.788
391.39,227.89,14.546,38.547
392.27,229.06,14.259,37.788
392.92,229.74,14.259,37.788
392.92,229.75,14.402,38.165
394.44,230.35,14.259,37.788
393.57,230.48,13.978,37.043
390.53,230.18,14.402,38.165
388.05,230.28,14.259,37.788
384.23,229.7,14.402,38.165
382.09,229.26,14.838,39.322
379.32,228.93,14.692,38.933
377.29,230.91,14.838,39.322
375.25,232.01,15.288,40.513
374.92,232.76,14.838,39.322
374.18,233.07,14.402,38.165
375.54,233.44,14.402,38.165
377.56,233.8,14.402,38.165
380.19,233.99,14.546,38.547
382.43,234.18,14.259,37.788
384.2,234.34,13.978,37.043
387.07,234.29,14.259,37.788
388.82,233.15,14.402,38.165
391.26,233.2,13.978,37.043
393.99,233.19,13.567,35.954
395.8,232.81,13.433,35.598
396.51,231.79,13.038,34.551
397.41,231.22,13.433,35.598
396.93,230.15,13.433,35.598
394.85,228.18,13.84,36.676
392.87,226.24,13.703,36.313
392.37,225.64,13.84,36.676
391.03,224.69,14.259,37.788
389.62,225.51,13.84,36.676
388.22,225.88,13.84,36.676
386.58,225.34,13.978,37.043
386.83,225.38,14.259,37.788
387.3,225.68,13.84,36.676
388.65,225.27,14.259,37.788
390.17,224.65,14.692,38.933
392.38,225.55,14.402,38.165
394.8,227.05,14.546,38.547
396.66,227.05,14.402,38.165
398.82,227.23,13.978,37.043
400.25,226.39,14.402,38.165
401.39,226.22,14.402,38.165
402.41,226.02,14.402,38.165
403.42,226.14,14.402,38.165
403.99,226.31,14.402,38.165
404.82,227.51,14.259,37.788
402.96,227.69,13.978,37.043
402.13,228.96,13.567,35.954
401.68,229.92,13.168,34.896
401.59,230.29,12.781,33.87
401.16,229.75,12.909,34.209
402.98,229.69,13.168,34.896
404.89,229.29,12.781,33.87
406.61,227.97,13.168,34.896
407.97,227.75,13.168,34.896
408.6,227.88,12.909,34.209
410.26,228.99,13.168,34.896
412.05,230.88,12.781,33.87
413.86,232.5,12.781,33.87
416.22,234.09,12.405,32.874
418.33,234.87,12.405,32.874
419.83,236.01,12.781,33.87
420.34,236.76,12.781,33.87
420.27,236.94,13.168,34.896
419.17,236.74,12.781,33.87
417.82,234.48,13.168,34.896
417.08,231.95,13.433,35.598
417.47,229.47,13.168,34.896
418.72,225.98,13.433,35.598
419.63,224.47,13.433,35.598
420.34,223.39,13.433,35.598
421.08,223.55,13.168,34.896
421.94,224.7,13.168,34.896
422.38,225.91,13.433,35.598
422.22,226.04,13.038,34.551
422.11,226.13,12.909,34.209
420.8,225.66,12.655,33.535
419.02,224.35,12.781,33.87
416.55,221.87,13.168,34.896
414.45,220.1,13.168,34.896
413.16,219.41,13.168,34.896
411.49,219.4,13.433,35.598
410.22,220.75,13.168,34.896
408.77,222.33,13.168,34.896
407.41,223.74,13.168,34.896
406.95,224.08,12.781,33.87
405.59,223.94,12.909,34.209
405.71,223.82,13.168,34.896
406.71,222.61,13.168,34.896
409.04,222.16,12.781,33.87
411.3,221.24,12.909,34.209
414.87,221.61,13.168,34.896
418.82,221.51,12.781,33.87
422.94,221.13,12.405,32.874
426.84,219.43,12.655,33.535
430.82,219.61,12.282,32.548
433.83,220.77,12.04,31.907
434.98,221.26,12.405,32.874
435.27,221.19,12.781,33.87
435.09,220.95,12.909,34.209
435.55,221.25,13.3,35.245
436.1,222.44,13.3,35.245
435.92,223.38,12.909,34.209
433.73,223.69,12.655,33.535
432.22,223.09,12.405,32.874
430.29,220.48,12.282,32.548
429.93,218.74,12.405,32.874
428.75,217.69,12.655,33.535
428.97,217.69,12.781,33.87
428.9,217.92,12.781,33.87
428.45,217.64,12.655,33.535
428.64,217.93,12.781,33.87
428.58,217,12.781,33.87
427.72,215.9,12.781,33.87
426.02,215.38,12.405,32.874
423.28,214.53,12.781,33.87
420.88,213.41,13.168,34.896
418.67,212.44,12.909,34.209
417.49,212.62,13.168,34.896
416.74,212.95,13.168,34.896
416.54,213.33,13.168,34.896
416.14,213.52,13.433,35.598
416.03,213.96,13.433,35.598
415.94,213.88,13.3,35.245
416.82,214.73,13.168,34.896
417.09,214.47,13.433,35.598
417.42,213.14,13.703,36.313
418.64,213.62,13.84,36.676
419.52,214.38,13.433,35.598
420.09,215.18,13.433,35.598
419.64,215.27,13.3,35.245
420.26,216.26,13.168,34.896
420.77,216.93,12.781,33.87
421.18,216.72,13.168,34.896
421.07,216.98,12.909,34.209
421.23,217.62,12.655,33.535
420.66,218.97,12.909,34.209
420.57,219.77,13.168,34.896
420.63,220.69,12.781,33.87
420.75,220.02,13.168,34.896
421.01,218.58,12.909,34.209
421.59,216.58,12.909,34.209
421.84,214.19,12.781,33.87
419.91,211.79,13.168,34.896
417.77,210.29,12.909,34.209
417.35,209.9,13.168,34.896
416.77,209.51,13.168,34.896
416.41,209.31,13.168,34.896
415.34,209.21,12.781,33.87
412.86,207.81,12.781,33.87
409.7,206.48,12.781,33.87
407.36,205.57,13.168,34.896
406.24,205.25,13.433,35.598
405.99,205.22,13.433,35.598
407.5,206.94,13.168,34.896
408.67,207.19,13.3,35.245
409.97,207.72,12.909,34.209
410.36,207.64,13.168,34.896
408.64,208.22,12.781,33.87
406.02,210.6,12.405,32.874
404.05,212.21,12.781,33.87
402.13,215.56,13.168,34.896
401.28,218.33,12.909,34.209
400.95,220.58,12.909,34.209
400.97,223.96,12.529,33.203
400.13,224.36,12.909,34.209
400.69,224.7,12.909,34.209
403.95,224.47,12.781,33.87
407.31,223.07,12.909,34.209
412.5,223.91,12.529,33.203
416.44,222.76,12.282,32.548
419.74,220.64,12.655,33.535
422.07,218.14,12.655,33.535
423.01,215.74,12.909,34.209
422.15,213.56,12.655,33.535
419.93,212.36,12.781,33.87
416.58,211.5,12.781,33.87
412.67,211.13,12.405,32.874
408.86,209.35,12.781,33.87
405.74,207.38,12.655,33.535
404.54,206.3,12.282,32.548
403.9,204.22,12.282,32.548
404.38,202.92,12.04,31.907
404.41,201.24,12.04,31.907
404.45,199.32,12.405,32.874
405.73,198.68,12.04,31.907
405.52,197.94,12.04,31.907
403.4,197.83,12.405,32.874
401.54,197.66,12.04,31.907
400.32,197.46,11.686,30.969
399.93,196.97,12.04,31.907
399.57,196.93,12.04,31.907
399.6,196.49,12.405,32.874
399.91,196.48,12.405,32.874
400.13,196.09,12.405,32.874
400.32,195.75,12.405,32.874
399.94,194.27,12.282,32.548
399.93,192.42,12.282,32.548
399.23,190.29,12.655,33.535
399.63,189.26,12.781,33.87
399.43,187.32,12.781,33.87
399.23,186.27,12.405,32.874
397.83,183.79,12.781,33.87
396.34,182.27,12.781,33.87
395.01,181.33,12.655,33.535
394.74,182.15,12.405,32.874
394.37,182.46,12.04,31.907
394.13,182.47,12.04,31.907
394.03,182.54,12.04,31.907
393.86,182.25,12.405,32.874
394.08,182.59,12.04,31.907
393.92,182.3,12.405,32.874
394.32,181.72,12.282,32.548
395.77,182.14,11.921,31.591
396.73,182.02,12.282,32.548
398.55,183.01,12.04,31.907
399.08,183.61,12.04,31.907
395.91,186.69,12.04,31.907
400.39,180.7,12.405,32.874
399.79,179.88,12.282,32.548
399.61,180.6,11.921,31.591
398.26,181,12.04,31.907
396.53,178.55,12.405,32.874
394.37,176.93,12.655,33.535
393.84,177.06,12.405,32.874
393.01,177.13,12.282,32.548
394.68,177.23,12.282,32.548
397.27,178.41,12.04,31.907
398.32,177.56,12.282,32.548
399.35,178.07,12.04,31.907
397.87,177.74,11.921,31.591
396.23,177.16,12.04,31.907
395.11,176.73,11.686,30.969
393.78,175.33,11.921,31.591
394.17,174.11,11.921,31.591
393.87,176.41,12.04,31.907
398.52,170.91,12.405,32.874
399.89,170.02,12.655,33.535
400.69,170.17,12.282,32.548
400.38,170.99,12.282,32.548
399.05,171.58,12.655,33.535
397.55,175.38,12.405,32.874
396.2,177.27,12.405,32.874
396.13,178.57,12.04,31.907
395.96,179.15,12.405,32.874
397.41,180.74,12.405,32.874
400.4,182.15,12.781,33.87
401.84,182.5,12.655,33.535
403.7,183.18,12.655,33.535
405.41,183.62,12.282,32.548
406.66,184.66,12.282,32.548
407.09,185.2,12.282,32.548
405.6,186.5,12.282,32.548
403.66,187.55,11.921,31.591
402.03,187.37,12.04,31.907
399.35,184.83,11.921,31.591
397.58,182.52,11.921,31.591
395.98,183.02,12.282,32.548
394.75,185.73,12.655,33.535
394.15,189.88,12.655,33.535
394.41,192.03,12.655,33.535
394.69,193.53,12.655,33.535
397.15,192.71,12.282,32.548
399.17,188.95,12.655,33.535
401.49,192.07,12.405,32.874
407.4,183.69,12.781,33.87
408.51,181.19,12.655,33.535
409.58,180.33,12.282,32.548
410.78,179.87,12.04,31.907
411.56,179.32,12.04,31.907
412.74,179.4,12.04,31.907
413.56,180.31,12.405,32.874
414.62,181.31,12.282,32.548
415.81,182.53,11.921,31.591
417.39,183.91,11.571,30.662
419,184.01,11.921,31.591
421.22,185.17,11.921,31.591
422.7,185.4,11.921,31.591
427.19,186.11,11.686,30.969
428.45,183.83,11.921,31.591
430.4,184.2,11.686,30.969
432.21,184.6,11.343,30.058
434.99,185.62,11.686,30.969
437.35,187,11.571,30.662
441.25,189.68,11.343,30.058
444.52,191.94,11.009,29.174
446.6,192.25,11.23,29.76
448.77,192.4,11.343,30.058
450.23,189.95,11.571,30.662
450.92,189.12,11.23,29.76
451.1,187.98,11.23,29.76
451.29,188.24,11.009,29.174
450.08,187.51,11.343,30.058
449.63,186.27,11.23,29.76
450.92,185.22,11.23,29.76
453,185.32,11.009,29.174
452.69,185.11,10.9,28.885
449.9,187.2,11.009,29.174
446.13,187.37,11.009,29.174
441.5,185.76,11.23,29.76
437.75,183.48,11.571,30.662
435.28,181.93,11.23,29.76
433.51,180.91,11.343,30.058
431.91,180.18,11.343,30.058
430.6,179.67,11.686,30.969
429.28,180.06,11.571,30.662
429.76,182.31,11.343,30.058
428.89,182.67,11.571,30.662
428.81,183.72,11.23,29.76
428.39,184.23,11.23,29.76
428.08,185.48,11.343,30.058
427.64,186.05,11.686,30.969
426.99,187.96,11.686,30.969
425.9,191.4,11.921,31.591
423.59,193.08,11.571,30.662
421.62,186.03,11.686,30.969
418.9,177.86,12.04,31.907
416.58,172.39,12.04,31.907
413.98,167.55,12.282,32.548
412.41,165.77,12.04,31.907
410.4,164.26,11.921,31.591
409.45,164.39,11.571,30.662
408.68,164.94,11.921,31.591
410.02,167.64,11.571,30.662
409.21,169.74,11.686,30.969
409.52,171.05,11.686,30.969
411.61,171.82,11.571,30.662
415.98,172.7,11.343,30.058
420.45,172.15,11.686,30.969
424.64,172.47,11.343,30.058
428.61,173.15,11.009,29.174
431.51,173.38,11.23,29.76
435.23,174.62,11.009,29.174
437.34,175.36,11.23,29.76
439.83,176.78,11.009,29.174
441.93,176.39,11.343,30.058
442.08,174.83,11.686,30.969
440.4,172.34,11.921,31.591
437.63,171.19,11.571,30.662
434.65,170.57,11.23,29.76
432.43,171.57,11.009,29.174
429.62,171.75,11.343,30.058
426.94,172.26,11.009,29.174
423.37,171.13,11.23,29.76
421.2,170.2,10.9,28.885
419.16,169.32,10.685,28.316
417.14,167.97,10.475,27.758
416.8,168.21,10.371,27.483
415.83,167.78,10.685,28.316
414.81,166.8,10.9,28.885
414.48,166.38,10.9,28.885
414.5,165.97,10.579,28.035
414.76,166.23,10.685,28.316
414.58,166.19,10.685,28.316
413.08,165.38,10.9,28.885
412.03,165.94,10.9,28.885
410.61,166.21,11.23,29.76
410.28,167.38,11.23,29.76
410.97,168.02,11.343,30.058
411.85,169.04,11.009,29.174
412.72,169.19,10.685,28.316
412.61,166.88,10.9,28.885
412.91,165.58,10.685,28.316
411.72,163.64,10.685,28.316
410.26,162.06,10.9,28.885
408.82,160.83,11.23,29.76
409.11,162.89,11.009,29.174
409.43,164.16,11.343,30.058
410,165.47,11.571,30.662
412.3,167.67,11.23,29.76
412.99,168.35,11.571,30.662
414.28,169.81,11.23,29.76
415.11,170.95,11.571,30.662
415.46,171.44,11.921,31.591
416.75,173.1,11.686,30.969
417.35,173.79,11.571,30.662
420.51,175.5,11.343,30.058
422.71,175.08,11.23,29.76
424.61,175.09,11.343,30.058
426.09,174.68,11.009,29.174
426.92,173.93,10.685,28.316
426.19,171.75,10.475,27.758
424.9,169.88,10.475,27.758
423.55,168.33,10.685,28.316
421.72,167.65,10.371,27.483
419.87,167.17,10.167,26.942
417.64,167.39,10.371,27.483
415.7,167.08,10.685,28.316
414.11,167,10.685,28.316
412.18,165.9,11.009,29.174
410.52,163.83,10.9,28.885
409.09,162.66,11.23,29.76
409.01,162.26,10.9,28.885
409.32,162.42,11.009,29.174
409.5,162.47,11.009,29.174
410.19,164.37,10.685,28.316
410.42,165.74,11.009,29.174
411.34,167.6,10.685,28.316
412,168.56,10.9,28.885
414.67,170.57,11.009,29.174
417.12,171.64,11.23,29.76
419.47,172,11.343,30.058
425.11,171.3,11.23,29.76
428.62,170.11,11.343,30.058
430.66,167.37,11.23,29.76
432.18,166.08,11.343,30.058
430.61,163.4,11.23,29.76
427.78,162.32,10.9,28.885
427.08,162.31,11.009,29.174
426.53,162.77,10.685,28.316
426.95,163.85,10.9,28.885
430.09,166.13,11.009,29.174
433.23,166.52,11.009,29.174
436.78,166.11,11.009,29.174
439.46,166.21,11.009,29.174
440.57,165.79,10.9,28.885
442.2,167.28,10.685,28.316
442.79,167.94,10.685,28.316
443.19,168.07,11.009,29.174
443.26,168.22,11.23,29.76
445.24,170.09,11.009,29.174
445.9,171.86,10.9,28.885
446.33,174.41,11.23,29.76
446.6,176.26,11.571,30.662
447.2,177.64,11.921,31.591
448.16,178.29,12.282,32.548
449.87,179.62,12.04,31.907
450.39,179.93,12.04,31.907
450.89,180.26,12.04,31.907
450.27,181.63,12.04,31.907
447.99,182.8,11.686,30.969
443.34,182.06,11.343,30.058
440.21,179.54,11.686,30.969
440.14,176.36,11.343,30.058
440.27,174.81,11.686,30.969
436.52,176.46,11.343,30.058
430.28,181.69,11.009,29.174
422.61,187.45,11.343,30.058
414.88,192.92,11.571,30.662
409.69,198.52,11.686,30.969
405.33,199.78,11.343,30.058
402.99,201.18,11.009,29.174
401.82,201.93,10.685,28.316
406.86,203.95,10.9,28.885
412.86,203.57,10.9,28.885
423.35,204.95,11.23,29.76
419.99,202.53,11.343,30.058
413.11,198.2,11.686,30.969
413.12,200.21,11.921,31.591
416.25,209.28,11.686,30.969
413.59,201.67,11.343,30.058
413.47,201.88,11.343,30.058
420.84,200.06,11.686,30.969
420.64,195.04,11.686,30.969
429.78,200.82,11.571,30.662
431.02,201.43,11.571,30.662
438.77,203.4,11.343,30.058
448.42,202.56,11.571,30.662
444.91,203.56,11.23,29.76
439.09,204.68,11.343,30.058
435.96,203.61,11.343,30.058
430.74,200.05,11.571,30.662
429.32,190.13,11.343,30.058
425.13,196.06,11.686,30.969
422.78,195.08,12.04,31.907
419.55,195.08,12.405,32.874
415.63,195.18,12.282,32.548
413.46,195.43,12.282,32.548
410.4,196.91,12.282,32.548
407.22,198.42,12.655,33.535
404.26,201.84,12.282,32.548
400.6,203.94,12.655,33.535
