235,61,34,28
235.35,60.959,34.683,28.563
237.13,61.534,35.381,29.137
239.07,62.077,35.734,29.428
241.8,63.721,36.453,30.02
244.29,63.635,35.734,29.428
246.89,64.413,35.734,29.428
249.67,65.699,36.453,30.02
252.14,66.239,35.381,29.137
254.55,67.144,36.453,30.02
255.7,66.955,36.817,30.32
258.57,67.135,37.185,30.623
261.07,67.55,38.312,31.551
261.7,68.251,38.312,31.551
263.55,68.301,38.695,31.867
267.65,72.021,37.557,30.929
270.52,72.16,37.557,30.929
272.81,72.513,38.312,31.551
275.48,74.433,39.473,32.507
279.03,74.365,38.695,31.867
282.79,75.577,38.312,31.551
285.11,76.16,38.312,31.551
288.87,76.478,39.082,32.185
292.5,77.07,39.473,32.507
296,77.184,39.473,32.507
299.14,78.236,40.669,33.492
300.98,78.016,41.901,34.507
304.05,78.699,43.171,35.553
307.42,79.44,44.039,36.267
311.21,80.422,44.039,36.267
314.52,81.793,43.171,35.553
318.96,82.389,44.039,36.267
322.87,82.793,42.744,35.201
326.58,84.239,42.32,34.852
333.73,86.371,42.744,35.201
337.5,87.162,44.039,36.267
341.01,87.627,44.924,36.996
344.61,87.98,45.373,37.366
352.46,90.308,46.285,38.117
352.8,90.706,47.688,39.272
356.18,91.362,47.688,39.272
360.43,94.153,49.133,40.462
364.43,93.897,50.12,41.275
368.42,94.115,51.639,42.526
371.88,96.448,52.155,42.951
376.06,97.091,52.677,43.381
379.49,98.187,53.204,43.815
381.37,98.083,54.816,45.142
385.16,99.19,56.477,46.51
389.6,102.88,57.612,47.445
392.65,103.04,58.77,48.399
394.59,103.59,59.358,48.883
398.89,107.39,60.551,49.865
402.27,107.65,61.768,50.868
402.94,108.85,63.639,52.409
405.23,111.78,64.276,52.933
405.95,112.81,66.223,54.537
406.26,113.4,68.23,56.189
411.57,120.51,68.23,56.189
406.1,119.18,69.601,57.319
405.48,124.91,68.23,56.189
406.35,130.12,68.23,56.189
402.3,131.81,66.223,54.537
402.14,136.53,67.554,55.633
407.15,141.92,68.23,56.189
406.6,147.47,66.223,54.537
393.31,147.21,68.23,56.189
398.58,153.66,69.601,57.319
386.28,152.97,69.601,57.319
379.74,158.7,71.71,59.056
379.55,166.1,73.883,60.845
363.47,167.85,75.368,62.068
364.17,176.9,74.622,61.453
349.71,177.22,76.883,63.316
349.34,188.75,77.652,63.949
330.38,179.59,80.005,65.886
329.02,202.47,82.429,67.883
320.38,206.65,83.254,68.562
307.07,213.81,85.776,70.639
295.54,219.27,88.375,72.78
281.09,227.47,91.053,74.985
268.16,234.42,91.964,75.735
253.74,245.63,91.964,75.735
238.66,255.77,91.053,74.985
217.9,269.75,91.964,75.735
203.72,286.18,90.152,74.243
168.42,276.02,91.964,75.735
137.57,288.47,94.75,78.03
114.18,299.61,97.621,80.394
83.375,312.12,100.58,82.83
59.732,324.52,103.63,85.34
30.306,338.42,102.6,84.495
8.7502,385.22,103.63,85.34
