462,108,20,52
462.11,108.38,20.2,52.52
462.94,109.31,20,52
462.29,108.61,20.606,53.576
463.3,109.05,20.402,53.045
464.29,109.3,20.402,53.045
464.67,110.3,20,52
466.42,111.4,19.606,50.975
467.62,111.19,19.029,49.476
468.03,110.41,19.412,50.471
468.92,110.34,19.412,50.471
469.89,111.27,19.606,50.975
470.44,112.3,19.22,49.971
471.2,112.63,18.841,48.986
471.03,112.33,18.654,48.501
471.54,112.02,18.654,48.501
471.2,112.24,19.029,49.476
472.27,113.04,19.22,49.971
472.2,112.56,19.412,50.471
474.19,112.46,19.22,49.971
474.53,112.1,19.029,49.476
474.69,111.9,19.412,50.471
475.66,113.07,19.606,50.975
475.3,112.92,19.802,51.485
475.66,112.42,19.802,51.485
475.9,112.19,20.2,52.52
476.02,112.78,20.402,53.045
475.37,113.55,20.2,52.52
476.18,113.86,19.802,51.485
476.95,113.59,20.402,53.045
477.77,113.67,20,52
477.58,113.45,19.802,51.485
477.87,113.93,19.802,51.485
477.93,114.91,20.402,53.045
478.19,115.41,20.402,53.045
478.58,115.35,20,52
478.31,115.33,20,52
477.88,115.07,19.802,51.485
478.25,116.52,19.606,50.975
478.39,116.82,20,52
478.14,116,20.606,53.576
478.68,114.96,21.02,54.653
479.38,115.5,20.812,54.111
478.45,114.9,21.443,55.751
478.52,115.91,21.02,54.653
479.77,117.83,20.402,53.045
479.39,117.75,19.802,51.485
479.55,117.21,19.412,50.471
479.92,117.56,19.029,49.476
480.35,118.51,19.606,50.975
480.62,118.46,19.412,50.471
481.56,117.94,20,52
480.99,117.12,20.2,52.52
480.76,117.22,20.2,52.52
481.37,118.52,20,52
480.53,117.64,20.606,53.576
480.66,118.8,20.812,54.111
480.37,118.43,20.2,52.52
480.59,118.39,19.802,51.485
480.85,119.37,19.606,50.975
480.93,119.87,19.606,50.975
481.49,119.31,19.802,51.485
482.9,119.28,20.402,53.045
483.12,118.6,20.606,53.576
484.64,119.05,20.812,54.111
485.22,119.3,20.2,52.52
486.46,121.1,19.606,50.975
486.58,122.62,19.22,49.971
485.19,123,19.029,49.476
479.24,120.63,19.412,50.471
479.21,121.27,20,52
477.99,121.34,20,52
476.46,121.32,20.606,53.576
473.55,119.47,20.606,53.576
474.79,120.76,20.812,54.111
473.94,121.18,21.443,55.751
474.15,121.58,20.812,54.111
473.13,122.34,20.2,52.52
471.75,121.98,20.606,53.576
471.81,121.57,21.23,55.199
471.32,121.69,21.02,54.653
470.72,123.05,20.402,53.045
470.31,122.96,20.402,53.045
470.2,124.2,20,52
468.95,121.88,20.606,53.576
469.76,121.7,21.02,54.653
471.4,122.15,21.23,55.199
473.8,122.41,20.606,53.576
474.63,123.67,20.2,52.52
480.03,123.13,19.802,51.485
480.29,122.51,20.2,52.52
481.62,122.82,20.812,54.111
482.72,122.68,20.2,52.52
484.33,122.08,20.2,52.52
485.15,122,20.2,52.52
486.35,122.78,20.402,53.045
486.53,122.67,20.812,54.111
485.77,123.89,20.402,53.045
486.54,122.89,20.606,53.576
487.99,123.8,20.402,53.045
487.81,122.99,21.02,54.653
489.39,123.75,21.23,55.199
491.27,124.37,20.812,54.111
490.71,111.71,20.606,53.576
499.6,99.11,20.2,52.52
499.63,98.613,19.802,51.485
496.55,114.91,20.402,53.045
496.47,115.29,20.812,54.111
494.69,115.71,20.402,53.045
493.09,126.34,20.812,54.111
490.33,127.6,21.23,55.199
499.49,123.75,21.443,55.751
500.54,126.19,20.812,54.111
500.71,125.1,20.2,52.52
501.03,125.95,20.2,52.52
503.01,125.76,20.402,53.045
503.4,125.28,20.812,54.111
503.42,125.02,21.02,54.653
503.68,125.3,20.606,53.576
503.8,125.66,21.02,54.653
504.35,126.88,20.812,54.111
503.51,125.76,21.02,54.653
503.36,126.02,21.23,55.199
503.26,125.73,20.606,53.576
503.69,126.45,20.2,52.52
504.53,127.27,20.402,53.045
505.09,127.4,20.812,54.111
506.38,126.26,21.23,55.199
507.95,125.86,21.23,55.199
507.31,125.38,21.874,56.872
509.53,125.73,22.092,57.44
508.75,125.64,21.874,56.872
508.23,125.8,22.313,58.015
508.65,126.49,22.092,57.44
507.92,126.54,21.443,55.751
508.62,127.12,21.23,55.199
508.88,127.38,21.23,55.199
509.06,127.63,21.23,55.199
510.46,128.01,21.23,55.199
510.61,127.66,21.657,56.309
511.1,126.87,22.092,57.44
510.71,125.66,22.762,59.181
512.81,126.52,22.537,58.595
512.71,126.67,22.537,58.595
512.87,126.68,22.989,59.773
512.59,125.23,23.452,60.974
513.17,125.29,23.686,61.584
512.56,125.34,23.923,62.2
512.94,125.17,23.686,61.584
512.84,125.49,23.219,60.37
513.4,126.47,22.537,58.595
513.91,127.44,22.537,58.595
514.06,127.88,22.537,58.595
514.83,125.96,22.313,58.015
515.97,127.15,22.313,58.015
516.62,126.48,22.537,58.595
516.62,127.52,21.874,56.872
517.9,127.76,21.874,56.872
517.82,127.81,21.657,56.309
512.01,133.36,21.23,55.199
495.14,143.68,21.874,56.872
495.05,141.31,21.874,56.872
498.52,143.73,21.23,55.199
495.38,144.95,21.657,56.309
500.28,144.1,21.657,56.309
497.92,144.5,21.443,55.751
501.88,142.51,21.874,56.872
502.21,144.59,21.874,56.872
516.36,127.63,22.313,58.015
517.48,127.83,22.537,58.595
517.09,127.82,22.989,59.773
517.71,128,22.989,59.773
517.86,127.92,22.762,59.181
518.58,128.2,22.313,58.015
519.28,128.25,22.989,59.773
518.84,127.95,22.762,59.181
519.4,127.94,22.313,58.015
519.91,127.91,22.762,59.181
521.1,130.13,22.092,57.44
520.61,130.72,21.657,56.309
520.28,130.71,22.092,57.44
519.65,130.87,21.443,55.751
521.04,132.99,20.812,54.111
520.9,124.3,20.402,53.045
521.09,123.44,20.812,54.111
520.3,125.35,21.23,55.199
521.75,132.61,21.874,56.872
521.3,131.86,22.537,58.595
515.79,137.6,21.874,56.872
510.36,145.88,21.23,55.199
501.89,147.67,20.606,53.576
492.5,144.73,20.402,53.045
492.3,145.37,19.802,51.485
494.7,146.42,19.22,49.971
492.47,147.81,18.654,48.501
496.15,148.89,18.106,47.075
478.02,148.52,18.654,48.501
465.02,153.04,18.47,48.021
465.96,153.97,18.47,48.021
467.02,155.52,18.106,47.075
469.61,155.27,17.573,45.69
468.22,155.34,17.749,46.147
468.14,156.06,17.399,45.238
470.05,153.78,17.749,46.147
470.29,152.79,18.287,47.546
473.38,155.72,17.749,46.147
476.07,156.2,17.573,45.69
477.03,156.36,17.573,45.69
477.86,157.52,17.573,45.69
478.26,159.01,17.573,45.69
479.78,158.69,18.106,47.075
479.71,157.98,18.654,48.501
480.08,158.14,19.029,49.476
481.79,158.74,19.606,50.975
476.83,162.68,19.606,50.975
484,158.89,19.22,49.971
485.24,158.29,19.029,49.476
486.76,159.35,18.654,48.501
487.12,158.99,19.029,49.476
487.49,160.94,18.841,48.986
488.66,160.88,18.841,48.986
489.05,160.99,19.029,49.476
490.41,161.98,18.841,48.986
491.65,161.4,18.287,47.546
492.79,162.32,17.749,46.147
493.32,161.72,18.287,47.546
494.94,161.73,18.654,48.501
496.74,162.06,19.22,49.971
497.83,162.16,19.029,49.476
499.56,163.42,18.47,48.021
500.89,163.89,18.841,48.986
502,164.95,18.47,48.021
503.17,165.57,18.106,47.075
504.64,165.28,18.47,48.021
505.25,164.44,19.029,49.476
507.79,166.26,18.841,48.986
508.89,165.5,18.287,47.546
511.46,166.11,18.841,48.986
514.08,165.25,18.654,48.501
516.69,165.94,19.22,49.971
518.84,167.1,18.841,48.986
521.56,168.09,18.47,48.021
523.07,167.38,19.029,49.476
525.88,167.76,19.606,50.975
527.74,166.1,19.029,49.476
529.68,167.36,18.841,48.986
528.64,168.05,19.029,49.476
530.84,169.02,18.841,48.986
532.35,170.16,18.47,48.021
533.45,170,18.287,47.546
528.04,170.2,18.654,48.501
532.64,168.22,19.029,49.476
531.03,169.32,19.606,50.975
542.06,161.11,19.802,51.485
540.26,149.08,19.606,50.975
533.75,161.03,19.412,50.471
534.75,161.65,19.029,49.476
533.57,162.73,18.47,48.021
536.33,162.65,17.926,46.609
535.8,163.84,18.106,47.075
534.98,162.79,18.287,47.546
536.7,162.07,18.654,48.501
537.93,164.42,18.106,47.075
538.49,164.45,17.749,46.147
540.86,164.67,17.399,45.238
542.09,165.45,17.056,44.347
542.15,166.18,17.056,44.347
543.85,167.59,17.227,44.79
543.15,167.03,17.399,45.238
542.57,166.71,17.749,46.147
542.6,167.28,18.106,47.075
542.66,168.13,17.573,45.69
543.51,169.15,17.573,45.69
544.38,169.28,17.056,44.347
546.99,171.09,16.72,43.473
548.62,170.88,16.555,43.042
550.92,171.19,16.72,43.473
551.31,171.19,17.056,44.347
552.18,170.5,17.399,45.238
552.62,171.47,17.573,45.69
550.06,171.05,18.106,47.075
551.66,171.27,18.287,47.546
554.16,171.93,18.106,47.075
555.55,172.38,18.106,47.075
557.2,172.81,17.749,46.147
562.26,178.6,17.399,45.238
565.03,183.76,17.749,46.147
569.3,183.27,18.287,47.546
570.77,199.79,18.654,48.501
575.17,199.63,18.106,47.075
570.63,199.4,18.47,48.021
579.52,200.39,18.106,47.075
581.18,200.5,18.106,47.075
584.79,204.35,18.654,48.501
587.27,201.56,18.47,48.021
588.7,200.97,17.926,46.609
594.61,205.67,18.47,48.021
597.64,209.21,19.029,49.476
602.34,215.82,19.22,49.971
605.31,216.66,18.654,48.501
604.93,217.5,18.654,48.501
602.81,218.83,19.029,49.476
610.1,209.67,18.47,48.021
614.52,209.74,18.106,47.075
608.52,210.04,18.654,48.501
619.69,209.67,19.22,49.971
617.89,225.65,18.841,48.986
615.84,239.86,18.47,48.021
607.53,250.65,18.654,48.501
595,250.19,18.106,47.075
594.51,250.49,18.106,47.075
591.56,249.98,17.573,45.69
594.21,251.02,17.573,45.69
602.24,251.81,17.573,45.69
606.75,256.7,17.056,44.347
595.13,252.32,16.72,43.473
595.02,250.46,17.227,44.79
599.88,251.72,17.749,46.147
594.81,250.61,17.399,45.238
594.31,251.12,16.888,43.908
593.51,250.94,17.056,44.347
593.8,251.49,16.555,43.042
593.26,250.87,17.056,44.347
593.74,251.42,16.555,43.042
592.99,252.53,16.068,41.777
593.86,251.82,16.229,42.194
593.12,252.38,16.391,42.616
594.11,251.87,16.72,43.473
593.6,251.42,16.555,43.042
593.92,252.2,16.72,43.473
593.74,250.76,17.056,44.347
594.14,251.01,17.056,44.347
594.61,251.82,16.72,43.473
593.61,250.92,17.056,44.347
593.48,250.7,17.399,45.238
593.05,250.98,17.056,44.347
592.91,251.48,16.555,43.042
592.12,252.05,16.229,42.194
592.72,251.41,16.555,43.042
591.38,251.79,16.555,43.042
591.57,251.44,16.555,43.042
592.82,252.32,16.391,42.616
592.64,252.11,16.391,42.616
592.17,251.48,16.555,43.042
592.23,251.67,16.555,43.042
591.76,251.3,16.555,43.042
591.9,251.62,16.229,42.194
592.29,252.45,15.751,40.953
592,252.4,15.751,40.953
592.32,252.46,15.441,40.146
594.11,249.91,15.441,40.146
598.49,249.47,15.137,39.355
605.65,259,14.987,38.966
601.31,261.79,15.441,40.146
600.19,263.22,14.987,38.966
607.63,260.76,14.692,38.198
617.89,261.7,15.137,39.355
618.75,261.7,15.137,39.355
619.12,262.47,14.692,38.198
602.82,262.68,14.402,37.445
596.95,266.9,14.546,37.82
588.87,266.26,14.692,38.198
596.1,267.03,14.259,37.075
602.02,260.89,13.84,35.984
602.88,262.17,14.118,36.708
602.49,261.14,14.402,37.445
604.7,261.83,14.692,38.198
608.38,260.98,14.402,37.445
602.33,261.33,14.692,38.198
606.77,261.02,14.692,38.198
610.13,261.25,14.692,38.198
614.1,249.79,14.402,37.445
613.21,262.51,14.402,37.445
601.08,256.37,14.402,37.445
595.31,256.44,14.118,36.708
592.89,267.89,13.703,35.628
579.51,266.24,13.567,35.275
577.71,266.25,13.3,34.58
575.33,265.57,13.703,35.628
575.74,268.23,13.978,36.344
563.69,259.61,14.118,36.708
563.36,254.53,13.703,35.628
564.41,249.99,13.3,34.58
566.4,235.28,13.703,35.628
568.3,237.5,13.3,34.58
569.18,240.78,13.168,34.238
563.99,246.66,13.3,34.58
553.17,247.1,13.703,35.628
553.27,247.73,13.703,35.628
553.21,248.08,13.567,35.275
565.26,247.99,13.978,36.344
572.18,255.76,13.567,35.275
573.3,263.01,13.168,34.238
573.25,262.75,13.3,34.58
577.54,272.18,13.703,35.628
582.45,269.39,13.703,35.628
579.6,265.45,13.3,34.58
573.23,265.25,13.168,34.238
577.93,272.58,13.3,34.58
573.94,276.75,12.909,33.563
581.01,279.3,13.3,34.58
580.67,279.33,13.3,34.58
578.71,265.12,13.3,34.58
573.07,265.43,13.168,34.238
573.15,263.12,13.3,34.58
573.41,263.69,12.909,33.563
583.07,260.49,13.3,34.58
584.26,260.62,13.703,35.628
572.02,263.8,13.3,34.58
567,264.03,13.168,34.238
555.33,271.25,12.909,33.563
556.94,264.85,12.529,32.576
570.03,255.67,12.909,33.563
576.08,261.64,13.3,34.58
574.99,266.09,13.3,34.58
567.57,275.29,13.567,35.275
562.9,281.24,13.978,36.344
564.34,291.23,14.118,36.708
565.08,291.7,14.402,37.445
565.16,291.75,13.978,36.344
564.4,291.62,13.703,35.628
564.55,291.57,14.118,36.708
565.14,291.84,13.703,35.628
565.83,292.09,13.978,36.344
566.15,292.28,13.567,35.275
565.99,292.6,13.567,35.275
565.36,292.39,13.567,35.275
565.12,292.14,13.978,36.344
565.5,292.48,13.978,36.344
565.57,292.2,13.978,36.344
565.15,292.42,13.567,35.275
565.18,292.37,13.978,36.344
565.91,292.49,13.567,35.275
565.38,292.66,13.567,35.275
565.09,292.61,13.567,35.275
565.38,292.7,13.567,35.275
