558,385,39,91
554.97,385.06,39.114,91.266
554.8,384.2,39.516,92.203
558.38,381.05,39.872,93.034
551.56,381.81,39.718,92.676
555.12,382.33,38.995,90.989
551.46,382.17,40.461,94.409
546.92,381.91,41.221,96.183
545.73,380.98,41.579,97.017
544.33,381.1,42.06,98.14
543.94,382.35,41.586,97.033
545.31,380.49,41.978,97.949
550.38,381.03,41.219,96.177
553.04,379.06,40.243,93.9
549.89,385.13,40.482,94.458
557.77,388.66,40.177,93.746
562.62,391.94,40.559,94.637
563.45,388.21,40.858,95.334
563.48,388.73,41.204,96.144
561.05,386.15,41.003,95.674
572.72,399.42,40.801,95.203
569.44,401.68,41.303,96.375
567.3,389.1,41.955,97.895
571.65,397.69,42.699,99.632
572.11,391.42,43.727,102.03
562.23,394.85,43.91,102.46
545.94,405.37,44.118,102.94
539.05,401.6,44.355,103.49
546.94,388.25,44.236,103.22
546.88,388.56,44.295,103.35
563.1,400.68,44.545,103.94
562.11,402.76,44.895,104.75
572.48,403.89,44.872,104.7
583.95,407.68,44.449,103.71
618.83,423.86,44.526,103.9
618.38,421.68,43.979,102.62
617.77,423.18,43.871,102.37
616.69,423.55,43.773,102.14
615.49,423.9,43.75,102.08
627.17,407.14,43.91,102.46
655.97,400.51,43.566,101.65
649.91,410.6,43.892,102.42
653.57,410.07,44.148,103.01
657.08,407.88,44.296,103.36
678.37,397.82,44.331,103.44
677.36,407.08,44.408,103.62
688.51,410.02,44.109,102.92
686.73,413.06,44.475,103.78
678.25,432.76,44.492,103.81
673.43,432.76,45.148,105.35
707.45,411.09,45.016,105.04
713.87,402.27,44.654,104.19
695.12,377.32,45.225,105.53
682.06,375.93,45.422,105.99
696.71,365.14,45.293,105.68
677.35,365.87,45.259,105.6
666.69,362.12,45.386,105.9
660.19,361.57,45.398,105.93
654.37,361.35,45.165,105.39
648.09,361.68,45.199,105.46
638.69,360.5,44.906,104.78
626.09,358.95,44.866,104.69
613.7,357.34,44.712,104.33
599.93,357.63,44.168,103.06
586.34,356.44,43.76,102.11
574.79,357.19,43.289,101.01
561.32,359.52,43.153,100.69
546.21,360.43,42.976,100.28
530.15,361.3,43.036,100.42
513.56,361.17,42.747,99.743
497.22,363.98,42.8,99.868
479.14,367.28,42.738,99.722
461.59,368.38,42.469,99.093
443.18,370.86,42.313,98.731
420.89,373.83,42.009,98.021
396.83,373.83,42.006,98.015
381.15,374.38,41.989,97.974
366.49,378.32,41.75,97.416
359.1,380.59,41.659,97.204
336.66,380.76,41.974,97.94
327,380.42,42.509,99.188
318.56,381.22,42.437,99.019
312.26,380.64,42.583,99.361
298.87,380.97,42.485,99.132
273.23,382.05,42.954,100.23
249.27,381.43,43.046,100.44
229.19,381.26,43.12,100.61
209.68,385.32,43.351,101.15
193.07,389.48,43.32,101.08
174.89,393.7,43.467,101.42
153.3,397.45,43.709,101.99
130.98,394.64,43.876,102.38
107.98,390.61,44.176,103.08
93.213,387.59,44.679,104.25
84.127,387.68,45.287,105.67
75.171,387.47,45.505,106.18
65.937,388.07,45.496,106.16
56.088,388.92,45.551,106.29
51.046,388.75,45.591,106.38
48.366,383.08,45.749,106.75
39.804,380.09,45.698,106.63
19.984,375.34,45.752,106.76
10.131,374.85,45.936,107.18
9.4112,376.93,46.09,107.54
5.3708,376.49,46.668,108.89
2.3567,376.98,46.816,109.24
-2.0159,377.3,46.759,109.1
-3.6974,377.03,46.703,108.97
-12.391,379.42,46.842,109.3
-25.55,380.47,46.628,108.8
2.9558,378.28,46.881,109.39
-5.8737,379.33,46.482,108.46
-9.6126,377.71,45.922,107.15
-17.263,373.61,45.458,106.07
-17.762,374.26,45.063,105.15
-18.349,377.09,45.093,105.22
29.714,397.7,45.112,105.26
38.33,435.58,45.422,105.98
27.637,443.79,45.761,106.78
17.654,443.57,45.587,106.37
3.1629,447.62,44.964,104.91
-14.38,453.96,44.915,104.8
22.553,462.66,44.982,104.96
12.476,505.2,44.66,104.21
-3.9487,507.97,44.555,103.96
-17.55,508.63,44.278,103.32
-18.302,487.51,43.685,101.93
-17.663,490.75,43.273,100.97
11.935,500.69,43.038,100.42
29.517,518.54,42.661,99.543
5.8524,491.35,42.304,98.71
-14.978,492.26,41.745,97.404
-20.022,514.41,41.526,96.895
-14.347,481.68,40.813,95.229
2.6665,506.54,40.932,95.508
12.026,519.44,39.987,93.303
-6.8506,522.11,39.233,91.543
-23.158,520.89,39.047,91.111
-20.994,520.71,39.25,91.584
-14.566,516.6,38.871,90.7
-14.169,494.33,38.44,89.694
-12.214,520.35,38.286,89.334
-11.879,522.8,38.148,89.011
-19.798,520.13,38.207,89.15
-9.2795,526.19,37.887,88.402
-6.1742,517.16,37.855,88.329
18.061,495.4,38.005,88.678
6.616,495.37,38.301,89.369
-6.7265,500.59,37.983,88.627
-9.1182,489.56,38.121,88.949
-5.7644,493.39,38.136,88.983
-10.794,481.52,38.568,89.992
-14.582,482.09,38.777,90.479
-17.237,481.45,39.029,91.068
-22.181,481.01,39.519,92.211
-19.906,477.52,39.894,93.087
-15.312,485.73,39.847,92.975
-17.888,489.12,39.502,92.17
-18.121,491.4,39.239,91.557
-18.842,491.97,39.146,91.342
-12.471,508.69,39.206,91.481
-10.705,509.04,39.128,91.298
-6.227,510.01,38.685,90.265
-6.7253,510.07,38.511,89.859
-6.9011,510.92,38.105,88.911
-8.1362,511.86,37.858,88.334
-14.182,512.82,37.785,88.164
-16.26,514.18,37.542,87.597
-11.773,517.82,37.283,86.993
-15.678,495.91,36.919,86.144
-11.153,475.66,36.861,86.009
-6.0801,458.59,36.765,85.784
3.0892,457.04,37.026,86.394
-13.113,459.62,36.83,85.937
-11.31,454.09,36.717,85.673
-0.21167,453.36,36.557,85.3
36.889,462.31,36.353,84.825
46.131,464.51,36.269,84.627
53.824,468.64,36.449,85.048
52.627,470.59,36.642,85.498
52.001,472.09,36.807,85.883
49.941,474.08,36.768,85.792
50.007,474.45,37.015,86.369
49.535,476.47,37.172,86.734
47.301,478.65,37.04,86.426
45.775,478.14,37.213,86.831
45.564,478.34,37.436,87.352
44.04,475.91,37.631,87.805
43.631,474.45,37.697,87.961
42.548,474.37,37.835,88.282
39.687,474.37,37.839,88.29
41.475,475.3,38.073,88.837
42.491,478.36,37.69,87.943
44.528,478.42,37.701,87.969
45.161,481.5,37.771,88.133
46.398,480.8,37.639,87.824
49.602,481.05,37.937,88.52
49.975,480.6,37.842,88.298
52.612,478.62,38.006,88.681
54.024,476.76,38.156,89.031
52.336,475.18,38.347,89.476
51.506,474.51,38.59,90.043
52.079,475.41,38.81,90.556
51.595,474.62,39.097,91.227
52.752,475.38,38.97,90.929
53.666,474.91,39.174,91.406
54.618,473.88,39.352,91.821
55.142,473.5,39.525,92.225
54.983,474.63,39.552,92.289
54.552,474.38,39.656,92.531
54.58,474.17,39.549,92.28
55.749,474.68,39.534,92.245
57.121,475.24,39.45,92.05
57.706,475.65,39.238,91.556
57.298,475.09,39.298,91.695
56.815,474.97,39.416,91.97
53.923,475.87,39.342,91.798
50.196,476.19,39.231,91.539
48.506,476.16,39.013,91.029
48.26,475.98,38.985,90.965
48.071,475.86,39.01,91.023
47.55,476.27,38.958,90.903
48.028,476.12,38.922,90.818
48.091,476.34,38.827,90.597
47.421,475.53,38.857,90.667
47.417,475.58,38.807,90.551
47.173,475.89,38.61,90.091
47.814,476.81,38.705,90.313
47.948,476.83,38.74,90.394
47.87,477.04,38.759,90.437
47.322,477.45,38.759,90.438
47.454,477.18,38.67,90.23
47.368,477.72,38.73,90.37
46.082,477.9,38.53,89.903
45.787,478.45,38.428,89.665
44.527,477.26,38.351,89.485
43.33,476.93,38.415,89.635
42.186,472.85,38.344,89.469
40.195,469.54,38.353,89.491
38.657,470.43,38.492,89.814
37.257,470.96,38.696,90.291
35.034,470.65,38.8,90.534
32.725,470.91,39.015,91.034
30.407,470.97,39.349,91.815
28.745,470.6,39.199,91.465
27.435,471.26,39.3,91.7
26.401,472.13,39.145,91.338
24.473,473.69,39.025,91.059
23.297,473.17,39.055,91.128
22.194,473.19,39.061,91.142
20.397,473.73,39.054,91.126
19.824,474.21,38.976,90.944
18.656,474.74,39.028,91.065
17.47,475.1,39.02,91.047
16.746,475.28,39.148,91.346
14.886,475.23,39.276,91.643
14.249,475.24,39.141,91.329
14.18,475.76,39.131,91.307
13.466,475.94,39.355,91.829
13.209,475.92,39.436,92.018
13.544,476.39,39.703,92.64
12.873,476.13,39.697,92.627
12.998,476.32,39.677,92.58
13.139,476.67,39.634,92.48
13.955,477.6,39.644,92.502
14.165,477.48,39.408,91.951
14.71,478.29,39.413,91.963
15.698,478.58,39.463,92.079
15.357,478.45,39.558,92.303
16.693,478.21,39.731,92.706
17.217,477.66,39.627,92.464
18.483,477.29,39.88,93.052
19.294,477.19,39.835,92.948
19.546,476.78,39.998,93.328
20.944,476.44,40.055,93.461
22.016,476.28,40.239,93.891
22.605,475.32,40.256,93.932
23.548,475.16,40.232,93.875
24.446,474.76,40.234,93.88
25.271,475,39.98,93.288
27.898,475.24,39.877,93.046
28.536,474.33,39.785,92.833
29.865,473.97,39.549,92.281
30.301,474.42,39.625,92.459
31.598,474.31,39.62,92.446
32.373,474.43,39.476,92.111
32.391,474.75,39.307,91.716
32.35,474.17,39.233,91.544
32.8,474.01,39.188,91.438
33.762,474.04,38.997,90.992
34.772,474.63,38.988,90.973
34.726,474.65,39.044,91.102
35.154,474.92,38.979,90.952
35.416,474.59,39.093,91.216
35.503,474.79,39.037,91.087
