435,147,18,48
435.67,147.53,17.645,47.054
435.69,147.02,18,48
437.39,148.3,17.471,46.588
437.04,148.78,17.822,47.525
436.01,148.62,18,48
436.09,148.34,17.645,47.054
435.82,148.53,17.645,47.054
435.79,149.38,17.645,47.054
436.16,150.03,17.645,47.054
437.12,150.12,17.822,47.525
437,149.55,18.18,48.48
437.36,150.54,17.822,47.525
436.93,151.64,17.822,47.525
436.07,151.51,17.645,47.054
435.6,150.7,18,48
435.58,150.94,18.362,48.965
436.29,152.32,18,48
436.31,152.08,18.362,48.965
436.5,151.66,18,48
437.11,152.85,17.645,47.054
437.26,154.44,17.126,45.67
436.96,155.17,16.789,44.77
436.65,154.64,17.126,45.67
436.22,154.96,17.645,47.054
436.93,156.06,17.126,45.67
436.66,155.37,17.645,47.054
437.31,155.57,17.822,47.525
437.04,154.71,18,48
437.43,156.99,17.822,47.525
436.72,156.76,18.18,48.48
436.33,156.36,18.18,48.48
436.29,156.72,17.822,47.525
435.94,157.81,18.18,48.48
436.01,157.14,18.362,48.965
435.88,156.12,18.731,49.949
436.07,155.89,18.731,49.949
436.33,158.89,18.18,48.48
435.85,158.59,18.545,49.454
434.51,157.48,18.731,49.949
434.55,157.5,18.362,48.965
433.97,158.63,18.731,49.949
434.23,158.89,19.107,50.953
434.7,159.65,18.918,50.448
433.97,159.38,18.362,48.965
434.05,160.16,18.918,50.448
432.87,161.16,18.731,49.949
431.32,160.42,19.107,50.953
431.3,160.64,18.545,49.454
431.27,161.83,18.18,48.48
430.97,162.94,18.545,49.454
430.87,162.98,18.545,49.454
430.46,161.99,18.918,50.448
429.82,162.82,18.545,49.454
428.27,163.09,19.107,50.953
427.91,163.39,19.491,51.977
427.11,162.53,19.491,51.977
426.69,162.43,19.491,51.977
426.93,163.68,19.107,50.953
427.7,165.11,18.918,50.448
427.09,164.52,19.491,51.977
426.55,163.82,19.491,51.977
426.99,164.54,18.918,50.448
428.17,164.92,18.545,49.454
424.55,166.84,19.107,50.953
423.78,165.32,19.686,52.497
423.68,165.43,20.283,54.088
424.03,167.05,20.283,54.088
424.53,166.73,19.686,52.497
424.1,166.41,20.283,54.088
423.25,166.86,20.082,53.552
423.42,169.3,19.883,53.022
421.71,168.51,20.486,54.628
421.06,167.01,20.897,55.727
420.79,167.79,21.317,56.847
421.18,169.65,21.317,56.847
421.21,169.43,21.106,56.284
420.75,168.84,21.106,56.284
420.79,169.18,21.317,56.847
419.81,169.87,21.963,58.569
419.38,171.38,21.746,57.989
417.39,169.71,22.405,59.746
416.82,168.64,22.855,60.947
417.06,170.28,22.629,60.344
417.11,172.21,21.963,58.569
417.77,173.61,21.317,56.847
417.53,172.45,21.746,57.989
417.09,172.36,22.183,59.155
415,172.25,22.855,60.947
415.12,172.92,23.084,61.557
413.79,172.63,22.405,59.746
414.12,174.49,21.746,57.989
413.17,175.41,22.405,59.746
413.48,175.85,21.963,58.569
413.48,175.77,21.963,58.569
413.15,175.88,22.183,59.155
412.51,177.88,21.531,57.415
412.62,178.53,21.746,57.989
409.84,177.34,21.531,57.415
409.46,178.43,20.897,55.727
408.87,180.93,21.317,56.847
408.75,180.1,21.963,58.569
408.37,179.1,22.405,59.746
407.62,178.91,22.855,60.947
406.74,182.34,22.183,59.155
404.98,181.49,22.855,60.947
403.99,181.38,23.084,61.557
402.09,181.33,22.405,59.746
401.22,183.01,22.855,60.947
401.31,185.27,22.629,60.344
400.23,184.02,22.405,59.746
399.56,184.26,22.629,60.344
398.01,185.14,23.315,62.172
396.13,185.88,23.783,63.422
393.05,185.15,24.021,64.056
391.82,184.34,24.021,64.056
390.5,185.99,24.749,65.997
390.01,187.99,24.261,64.697
388.94,187.7,24.504,65.344
387.72,187.35,24.021,64.056
387.55,187.92,24.261,64.697
385.53,189.05,24.996,66.657
382.81,189.57,24.749,65.997
381.73,189.51,24.021,64.056
381.38,190.83,23.783,63.422
380.11,191.69,24.504,65.344
379.83,192.88,24.261,64.697
378.29,191.24,24.749,65.997
377.58,190.94,25.499,67.997
376.06,192.79,25.246,67.324
375.38,194.03,24.996,66.657
373.57,193.57,24.996,66.657
371.81,192.93,24.996,66.657
370.18,194.11,25.246,67.324
369.51,196.68,24.749,65.997
368.21,195.84,25.499,67.997
367.27,195.94,24.996,66.657
365.96,195.65,25.754,68.677
364.07,196.97,25.754,68.677
361.93,196.28,26.534,70.758
361.18,196.11,26.271,70.057
359.38,197.41,25.754,68.677
358.04,198.65,26.011,69.364
357.1,198.95,26.271,70.057
356.18,198.73,26.271,70.057
354.45,197.71,27.068,72.18
352.01,198.07,27.612,73.631
348.39,199.57,27.612,73.631
346.77,200.05,27.338,72.902
344.77,199.43,27.338,72.902
343.17,202.18,26.8,71.465
342.28,202.65,27.612,73.631
341.03,203.39,27.338,72.902
339.38,202.6,26.8,71.465
337.65,202.55,27.612,73.631
335.52,203.68,27.612,73.631
331.73,207.14,27.338,72.902
329.93,204.13,27.612,73.631
329.22,205.57,27.068,72.18
328.42,207.43,26.271,70.057
327.19,209.68,26.011,69.364
324.9,207.78,26.8,71.465
323.14,207.73,27.338,72.902
321.42,209.56,27.888,74.367
318.05,210.14,28.167,75.111
316.73,209.77,28.167,75.111
314.79,209.25,27.612,73.631
313.6,210.35,27.888,74.367
312.37,213.02,27.612,73.631
311.56,214.42,28.167,75.111
308.77,211.65,29.02,77.387
307.19,211.43,29.899,79.732
305.61,213.79,29.899,79.732
302.48,214.79,29.31,78.161
300.66,214.15,29.02,77.387
298.58,213.9,29.31,78.161
296.95,215.27,29.603,78.942
296.39,218.37,29.02,77.387
293.56,216.71,29.603,78.942
291.05,214.56,30.5,81.334
289.23,215.77,31.425,83.799
285.77,216.42,32.377,86.338
283.14,216.92,32.701,87.201
280.6,216.69,31.739,84.637
278.47,218.27,31.425,83.799
276.3,221.63,31.425,83.799
275.24,224.24,31.739,84.637
272.01,221.83,31.425,83.799
269.71,221.76,31.739,84.637
266.59,223,32.701,87.201
261.68,224.57,32.056,85.483
258.85,223.17,32.701,87.201
256.53,224.04,32.701,87.201
254.29,226.7,32.056,85.483
252.42,227.29,32.701,87.201
250.26,227.62,32.701,87.201
248.1,227.73,32.701,87.201
255.42,230.44,33.028,88.073
272.64,229.72,34.028,90.742
288.56,229.24,33.028,88.073
300.55,227.89,33.691,89.844
313.87,229.53,34.369,91.65
328.99,232.27,35.059,93.492
340.03,229.31,34.712,92.566
357.41,229.67,35.764,95.371
371.52,230.75,34.712,92.566
385.05,232,34.712,92.566
397.94,233.3,35.764,95.371
412.8,233.97,34.712,92.566
426.18,233.96,35.764,95.371
438.66,237.26,35.41,94.427
436.24,238.96,35.059,93.492
432.77,236.12,34.369,91.65
430.92,241.63,33.358,88.954
427.29,242.95,34.369,91.65
422.61,244.25,34.712,92.566
419.15,243.99,35.764,95.371
416.12,243.83,34.712,92.566
413.13,246.26,34.712,92.566
410.54,247.68,35.059,93.492
407.59,246.9,35.059,93.492
403.89,247.8,35.41,94.427
400.17,248.59,36.483,97.288
394.96,249.73,37.588,100.24
390.5,251.76,36.848,98.261
386.38,250.47,36.848,98.261
383.95,250.61,36.848,98.261
380.2,252.1,37.964,101.24
376.56,254.4,37.964,101.24
373.09,255.88,36.848,98.261
368.82,254.23,37.964,101.24
364.77,256.57,37.964,101.24
360.87,259.89,37.216,99.243
355.22,260.46,37.216,99.243
350.34,258.02,37.964,101.24
346.01,259.05,38.727,103.27
342.24,263.28,37.964,101.24
337.95,264.49,37.964,101.24
333.22,262.64,38.727,103.27
330.24,263.19,38.727,103.27
325.87,266.74,38.344,102.25
319.15,267.17,39.115,104.31
312.76,266.65,38.344,102.25
307.71,267.01,39.115,104.31
303.25,269.24,40.3,107.47
297.02,272.42,39.115,104.31
292.54,271.58,39.901,106.4
298.72,272.11,39.901,106.4
309.6,275.31,40.3,107.47
316.11,275.33,41.11,109.63
325.48,274.63,41.521,110.72
336.4,272.94,41.936,111.83
349.52,275.85,42.356,112.95
359.44,278.74,42.356,112.95
354.88,281.37,41.11,109.63
347.66,280.21,41.11,109.63
342.96,281.99,41.521,110.72
335.88,286.25,41.11,109.63
329.95,288.88,40.3,107.47
322.65,285.62,41.521,110.72
317.37,288.02,41.936,111.83
313.64,289.83,42.356,112.95
309.12,293.71,41.521,110.72
303.73,295.17,41.936,111.83
297.29,293.73,42.779,114.08
291.46,294.13,44.075,117.53
283.51,298.67,44.516,118.71
276.81,300.73,44.516,118.71
271.03,299.38,44.075,117.53
265.67,301.55,44.075,117.53
261.12,305.98,43.207,115.22
255.75,307.74,43.639,116.37
251.01,307.06,44.961,119.9
245.73,306.16,44.961,119.9
238.18,306.97,46.324,123.53
230.77,312.64,45.865,122.31
223.69,311.8,46.324,123.53
217.21,309.88,46.787,124.77
211,313.47,47.255,126.01
204.95,317.55,46.787,124.77
198.1,318.6,48.205,128.55
191.01,318.23,47.727,127.27
181.34,322.91,46.787,124.77
175.66,323.64,48.205,128.55
165.98,326.47,46.787,124.77
158.44,325.85,47.727,127.27
152.97,327.68,47.727,127.27
146.51,330.96,48.205,128.55
136.7,331.39,49.665,132.44
129.6,330.67,50.664,135.1
122.11,331.4,49.665,132.44
114.17,336.3,49.174,131.13
104.21,340.17,49.174,131.13
95.782,338.99,49.665,132.44
87.48,336.88,51.17,136.45
