491,228,30,88
490.89,227.43,29.703,87.129
491.3,228.5,29.118,85.412
490.74,228.78,29.118,85.412
490.13,229.43,28.544,83.729
489.84,230.98,27.982,82.079
486.8,229.84,28.261,82.9
484.66,228.69,28.544,83.729
483.49,228.73,28.829,84.566
482.56,229.02,28.261,82.9
482.6,231.05,27.43,80.462
482.41,233.01,26.89,78.876
480.78,231.25,27.704,81.267
478.43,227.85,28.261,82.9
476.37,227.4,28.829,84.566
474.84,228.91,27.982,82.079
472.69,228.93,27.982,82.079
468.22,227.08,28.829,84.566
464.34,226.58,28.261,82.9
462.91,227.04,27.704,81.267
459.36,226.76,27.43,80.462
456.36,228.2,26.623,78.096
452.62,229.61,26.099,76.557
448.13,229.13,25.585,75.048
445.15,229.04,24.832,72.841
441.78,229.54,24.102,70.699
438.38,230.66,23.863,69.999
436.26,232,23.393,68.62
431.24,230.77,24.102,70.699
425.51,228.62,24.832,72.841
421.89,229.72,24.586,72.12
419.5,230.22,23.863,69.999
418.32,231.49,23.161,67.94
413.45,232.12,23.161,67.94
405.33,233.04,22.705,66.602
403.37,232.26,22.037,64.643
400.5,232.15,22.258,65.289
395.05,232.06,22.258,65.289
393.15,231.83,22.258,65.289
394.03,231.29,22.705,66.602
391.98,230.35,23.393,68.62
393.31,230.75,23.393,68.62
393.93,230.7,22.932,67.268
395.06,231.52,22.705,66.602
374.62,226.39,22.932,67.268
372.54,229.82,23.627,69.306
370.81,230.02,23.863,69.999
369.07,229.32,24.586,72.12
368.69,228.06,25.331,74.305
368.15,226.74,26.099,76.557
367.13,227.01,26.099,76.557
366.24,225.92,26.89,78.876
362.96,225.31,26.623,78.096
363.47,226.73,26.099,76.557
362.16,227.4,25.585,75.048
354.34,228.38,26.36,77.322
354.09,226.96,27.159,79.665
354.56,225.43,27.982,82.079
351.44,231.38,28.829,84.566
353.03,226.43,29.118,85.412
335.38,248,29.118,85.412
333.92,247.12,29.703,87.129
333.66,246.7,30.603,89.769
333.83,245.9,30.603,89.769
333.52,245.52,30.603,89.769
334.94,245.21,31.53,92.489
335.19,245.2,30.909,90.666
334.25,245.41,30.603,89.769
333.84,246.37,29.703,87.129
334.92,246.16,29.409,86.266
356.17,224.37,29.703,87.129
356.07,222.63,30.603,89.769
355.92,222.52,30.909,90.666
356.03,221.38,31.846,93.414
356.48,221.31,31.846,93.414
356.41,221.21,31.846,93.414
356.14,221.18,32.164,94.348
356.21,222.38,31.53,92.489
356.12,222.37,31.53,92.489
356.16,221.32,32.164,94.348
356.33,221.91,31.846,93.414
356.03,221.41,32.164,94.348
356.31,222.57,31.53,92.489
356.08,222.6,31.53,92.489
355.82,221.34,32.164,94.348
356.16,222.46,31.53,92.489
356.39,221.74,31.846,93.414
356.38,221.71,31.846,93.414
356.61,222.42,31.53,92.489
356.31,222.36,31.53,92.489
356.32,222.35,31.53,92.489
356.12,221.69,31.846,93.414
356.21,221.76,31.846,93.414
356.04,221.78,31.846,93.414
356.06,221.75,31.846,93.414
356.01,222.44,31.53,92.489
355.78,221.86,31.846,93.414
355.83,221.88,31.846,93.414
355.78,221.5,32.164,94.348
356,221.69,31.846,93.414
356.12,222.49,31.53,92.489
355.59,221.95,31.846,93.414
355.74,221.73,31.846,93.414
355.6,221.3,32.164,94.348
355.6,222.45,31.53,92.489
355.71,222.4,31.53,92.489
355.58,221.79,31.846,93.414
355.6,221.84,31.846,93.414
355.77,222.45,31.53,92.489
355.53,221.55,32.164,94.348
355.82,222.03,31.846,93.414
355.87,221.93,31.846,93.414
355.72,222.49,31.53,92.489
355.68,222.05,31.846,93.414
355.7,222.6,31.53,92.489
355.79,221.9,31.846,93.414
355.66,222.55,31.53,92.489
355.65,221.87,31.846,93.414
355.93,222.58,31.53,92.489
355.65,222.57,31.53,92.489
355.68,222.46,31.53,92.489
355.69,221.91,31.846,93.414
355.86,221.84,31.846,93.414
355.84,221.92,31.846,93.414
355.88,221.85,31.846,93.414
355.69,221.87,31.846,93.414
355.68,222.49,31.53,92.489
355.65,221.99,31.846,93.414
355.85,222.35,31.53,92.489
355.76,221.94,31.846,93.414
355.67,221.4,32.164,94.348
355.68,221.86,31.846,93.414
355.7,221.88,31.846,93.414
355.59,221.28,32.164,94.348
355.74,221.97,31.846,93.414
355.81,221.87,31.846,93.414
355.86,221.88,31.846,93.414
355.72,222.46,31.53,92.489
355.67,221.85,31.846,93.414
355.6,221.93,31.846,93.414
355.65,221.97,31.846,93.414
355.68,221.76,31.846,93.414
355.74,221.85,31.846,93.414
355.69,221.84,31.846,93.414
355.6,221.91,31.846,93.414
355.59,221.99,31.846,93.414
355.55,221.43,32.164,94.348
355.76,221.97,31.846,93.414
355.79,222.44,31.53,92.489
355.66,222.4,31.53,92.489
355.55,222.41,31.53,92.489
355.68,221.88,31.846,93.414
355.61,221.95,31.846,93.414
355.65,222.4,31.53,92.489
355.5,221.87,31.846,93.414
355.48,222.38,31.53,92.489
355.41,221.92,31.846,93.414
355.47,221.96,31.846,93.414
355.47,221.97,31.846,93.414
355.48,221.39,32.164,94.348
355.45,221.87,31.846,93.414
355.44,221.93,31.846,93.414
355.22,221.34,32.164,94.348
355.44,222.47,31.53,92.489
355.42,221.88,31.846,93.414
355.52,221.73,31.846,93.414
355.29,221.81,31.846,93.414
355.3,221.87,31.846,93.414
355.24,221.87,31.846,93.414
355.36,222.4,31.53,92.489
355.42,221.88,31.846,93.414
355.45,221.88,31.846,93.414
355.35,221.9,31.846,93.414
355.16,221.45,32.164,94.348
355.27,221.91,31.846,93.414
355.32,221.92,31.846,93.414
355.39,222.36,31.53,92.489
355.25,221.9,31.846,93.414
355.39,222.36,31.53,92.489
355.23,221.94,31.846,93.414
355.23,221.94,31.846,93.414
355.26,221.92,31.846,93.414
355.17,221.95,31.846,93.414
355.29,221.92,31.846,93.414
355.3,222.38,31.53,92.489
355.18,221.95,31.846,93.414
355.14,221.42,32.164,94.348
355.31,222.49,31.53,92.489
355.26,221.86,31.846,93.414
355.29,221.89,31.846,93.414
355.36,222.38,31.53,92.489
355.23,221.94,31.846,93.414
355.26,222.42,31.53,92.489
355.23,221.9,31.846,93.414
355.32,221.85,31.846,93.414
355.34,221.89,31.846,93.414
355.27,221.95,31.846,93.414
355.21,221.85,31.846,93.414
355.12,222.01,31.846,93.414
355.11,222.44,31.53,92.489
354.98,222.03,31.846,93.414
354.97,222.04,31.846,93.414
355.11,222.38,31.53,92.489
355.06,222.45,31.53,92.489
354.96,221.91,31.846,93.414
354.96,222.5,31.53,92.489
354.88,221.93,31.846,93.414
355.01,222.45,31.53,92.489
354.98,221.89,31.846,93.414
354.94,222.04,31.846,93.414
354.85,222.47,31.53,92.489
354.91,222.56,31.53,92.489
355.11,221.96,31.846,93.414
355.24,221.88,31.846,93.414
355.17,221.92,31.846,93.414
355.31,222.38,31.53,92.489
355.06,221.96,31.846,93.414
354.95,221.96,31.846,93.414
355.04,221.92,31.846,93.414
354.96,222.4,31.53,92.489
354.94,222.44,31.53,92.489
354.85,221.94,31.846,93.414
354.83,222.04,31.846,93.414
354.87,221.94,31.846,93.414
354.82,221.94,31.846,93.414
354.89,221.93,31.846,93.414
354.85,222.42,31.53,92.489
354.75,222.06,31.846,93.414
354.78,222.5,31.53,92.489
355.01,222.44,31.53,92.489
354.99,222.44,31.53,92.489
354.93,222.49,31.53,92.489
354.89,222.44,31.53,92.489
354.72,222.03,31.846,93.414
354.72,222.08,31.846,93.414
354.86,222.02,31.846,93.414
354.91,221.88,31.846,93.414
354.84,221.94,31.846,93.414
354.78,222.48,31.53,92.489
354.81,222.48,31.53,92.489
354.79,222.04,31.846,93.414
354.88,222.05,31.846,93.414
354.79,221.99,31.846,93.414
354.91,222.47,31.53,92.489
354.75,221.95,31.846,93.414
354.82,222.46,31.53,92.489
354.75,222,31.846,93.414
354.78,221.48,32.164,94.348
355,222.39,31.53,92.489
354.82,222.45,31.53,92.489
354.86,222.48,31.53,92.489
354.93,222.5,31.53,92.489
354.89,221.99,31.846,93.414
354.88,222.39,31.53,92.489
354.92,221.85,31.846,93.414
354.97,222.51,31.53,92.489
354.9,222.5,31.53,92.489
354.8,222.42,31.53,92.489
354.76,222.02,31.846,93.414
354.92,222.43,31.53,92.489
354.89,221.89,31.846,93.414
354.94,222.4,31.53,92.489
354.91,222.47,31.53,92.489
354.85,222.46,31.53,92.489
354.94,222.46,31.53,92.489
354.92,221.9,31.846,93.414
354.87,222.45,31.53,92.489
354.85,221.47,32.164,94.348
354.89,222.48,31.53,92.489
354.72,221.96,31.846,93.414
354.83,222.46,31.53,92.489
354.99,222.3,31.53,92.489
354.88,221.93,31.846,93.414
354.85,222.39,31.53,92.489
354.86,222.55,31.53,92.489
354.78,222.48,31.53,92.489
354.97,222.4,31.53,92.489
354.89,222.47,31.53,92.489
354.84,221.94,31.846,93.414
354.84,221.95,31.846,93.414
354.89,222.01,31.846,93.414
354.75,221.97,31.846,93.414
354.91,222.44,31.53,92.489
354.85,221.91,31.846,93.414
354.95,222.41,31.53,92.489
354.9,221.93,31.846,93.414
354.75,222.06,31.846,93.414
354.74,222.47,31.53,92.489
354.85,222.37,31.53,92.489
354.85,221.98,31.846,93.414
354.81,222.08,31.846,93.414
354.84,221.99,31.846,93.414
354.82,222.46,31.53,92.489
355.02,222.45,31.53,92.489
354.86,221.89,31.846,93.414
354.83,221.98,31.846,93.414
354.83,222.44,31.53,92.489
354.85,222.49,31.53,92.489
354.68,222.04,31.846,93.414
354.61,221.46,32.164,94.348
354.73,221.96,31.846,93.414
354.83,222.42,31.53,92.489
354.78,222.5,31.53,92.489
354.8,222.55,31.53,92.489
354.76,221.96,31.846,93.414
354.81,221.88,31.846,93.414
354.91,222.47,31.53,92.489
354.73,222.43,31.53,92.489
354.8,222.44,31.53,92.489
354.83,222.52,31.53,92.489
354.74,222.47,31.53,92.489
354.78,221.96,31.846,93.414
354.76,221.96,31.846,93.414
354.77,222.41,31.53,92.489
354.8,222.01,31.846,93.414
354.69,222.06,31.846,93.414
354.69,221.95,31.846,93.414
354.84,222.01,31.846,93.414
354.76,221.98,31.846,93.414
354.87,222.02,31.846,93.414
354.75,222.53,31.53,92.489
354.69,221.98,31.846,93.414
354.83,222.05,31.846,93.414
354.74,222.03,31.846,93.414
354.86,222.35,31.53,92.489
354.74,221.95,31.846,93.414
354.71,222.11,31.846,93.414
354.77,222.49,31.53,92.489
354.74,222.4,31.53,92.489
354.83,222.37,31.53,92.489
354.74,221.91,31.846,93.414
354.86,222.46,31.53,92.489
354.7,222.46,31.53,92.489
354.81,222.5,31.53,92.489
354.73,222.05,31.846,93.414
354.87,222.41,31.53,92.489
354.78,222.4,31.53,92.489
354.79,222.39,31.53,92.489
354.75,222.08,31.846,93.414
354.69,222.03,31.846,93.414
354.76,222.46,31.53,92.489
354.8,221.93,31.846,93.414
354.64,222,31.846,93.414
354.69,222,31.846,93.414
354.74,222.36,31.53,92.489
354.72,222.41,31.53,92.489
354.73,221.98,31.846,93.414
354.79,222.33,31.53,92.489
354.74,222.03,31.846,93.414
354.8,222.4,31.53,92.489
354.66,222.45,31.53,92.489
354.79,222.47,31.53,92.489
354.75,221.88,31.846,93.414
354.85,222.4,31.53,92.489
354.81,222.36,31.53,92.489
354.73,222.38,31.53,92.489
354.64,221.97,31.846,93.414
354.85,222.46,31.53,92.489
354.74,222.41,31.53,92.489
354.82,222.42,31.53,92.489
354.65,221.88,31.846,93.414
354.65,221.88,31.846,93.414
354.71,222.47,31.53,92.489
354.62,222.05,31.846,93.414
354.73,221.98,31.846,93.414
354.78,222.38,31.53,92.489
354.63,221.96,31.846,93.414
354.78,222.44,31.53,92.489
354.59,221.45,32.164,94.348
354.6,221.95,31.846,93.414
354.68,221.86,31.846,93.414
354.76,222.4,31.53,92.489
354.77,222.44,31.53,92.489
354.76,222.36,31.53,92.489
354.71,222.47,31.53,92.489
354.61,222.05,31.846,93.414
354.87,222.4,31.53,92.489
354.76,222.4,31.53,92.489
354.78,221.95,31.846,93.414
354.69,222.39,31.53,92.489
354.71,222.45,31.53,92.489
354.62,222.07,31.846,93.414
354.83,222.38,31.53,92.489
354.68,221.87,31.846,93.414
354.57,221.98,31.846,93.414
354.57,222,31.846,93.414
354.59,221.96,31.846,93.414
354.69,222.42,31.53,92.489
354.54,221.47,32.164,94.348
354.76,221.96,31.846,93.414
354.75,222.4,31.53,92.489
354.58,222.42,31.53,92.489
354.62,222,31.846,93.414
354.68,222.48,31.53,92.489
354.6,221.91,31.846,93.414
354.65,221.93,31.846,93.414
354.53,221.44,32.164,94.348
354.62,221.94,31.846,93.414
354.57,222.01,31.846,93.414
354.64,222.37,31.53,92.489
354.67,222,31.846,93.414
354.69,222.44,31.53,92.489
354.52,221.9,31.846,93.414
354.68,222.44,31.53,92.489
354.54,222.48,31.53,92.489
354.67,221.98,31.846,93.414
354.65,222.4,31.53,92.489
354.67,222.45,31.53,92.489
354.76,222.39,31.53,92.489
354.54,221.46,32.164,94.348
354.75,222.46,31.53,92.489
354.77,222.42,31.53,92.489
354.81,222.41,31.53,92.489
354.76,221.97,31.846,93.414
354.67,222.4,31.53,92.489
354.59,221.93,31.846,93.414
354.56,221.99,31.846,93.414
354.74,222.36,31.53,92.489
354.76,222.46,31.53,92.489
354.53,221.97,31.846,93.414
354.64,221.99,31.846,93.414
354.57,222.47,31.53,92.489
354.5,222.47,31.53,92.489
354.62,221.92,31.846,93.414
354.64,222.42,31.53,92.489
354.59,221.92,31.846,93.414
354.55,221.94,31.846,93.414
354.6,222.43,31.53,92.489
354.52,221.95,31.846,93.414
354.74,222.45,31.53,92.489
354.53,221.9,31.846,93.414
354.64,221.94,31.846,93.414
354.65,222.37,31.53,92.489
354.57,221.92,31.846,93.414
354.64,222.52,31.53,92.489
354.56,221.95,31.846,93.414
354.68,222.43,31.53,92.489
354.8,222.37,31.53,92.489
354.59,222.29,31.53,92.489
354.56,222.04,31.846,93.414
354.64,222.45,31.53,92.489
354.64,222.36,31.53,92.489
354.66,222.46,31.53,92.489
354.53,222.39,31.53,92.489
354.56,222.35,31.53,92.489
354.69,222.49,31.53,92.489
354.39,221.97,31.846,93.414
354.59,221.96,31.846,93.414
354.69,222.41,31.53,92.489
354.65,222.36,31.53,92.489
354.59,221.98,31.846,93.414
354.63,222.44,31.53,92.489
354.48,222.42,31.53,92.489
354.51,221.94,31.846,93.414
354.74,222.42,31.53,92.489
354.59,221.93,31.846,93.414
354.59,222.37,31.53,92.489
354.4,221.95,31.846,93.414
354.57,222.48,31.53,92.489
354.5,221.48,32.164,94.348
354.61,222.37,31.53,92.489
354.63,222.43,31.53,92.489
354.62,222.39,31.53,92.489
354.59,222.41,31.53,92.489
354.51,222.47,31.53,92.489
354.53,221.93,31.846,93.414
354.51,221.98,31.846,93.414
354.68,222.4,31.53,92.489
354.6,222.41,31.53,92.489
354.61,222.44,31.53,92.489
354.54,222.44,31.53,92.489
354.57,222.45,31.53,92.489
354.57,221.97,31.846,93.414
354.57,222,31.846,93.414
354.65,222.42,31.53,92.489
354.74,222.45,31.53,92.489
354.6,222.4,31.53,92.489
354.58,222.46,31.53,92.489
354.65,222.5,31.53,92.489
354.62,222.33,31.53,92.489
354.69,222.04,31.846,93.414
354.63,222.48,31.53,92.489
354.53,222.42,31.53,92.489
354.73,222.41,31.53,92.489
354.62,222.35,31.53,92.489
354.56,221.95,31.846,93.414
354.62,222.42,31.53,92.489
354.44,221.91,31.846,93.414
354.45,222.02,31.846,93.414
354.5,221.97,31.846,93.414
354.48,222.36,31.53,92.489
354.56,222.06,31.846,93.414
354.64,222.36,31.53,92.489
354.44,221.87,31.846,93.414
354.6,222.47,31.53,92.489
354.46,221.89,31.846,93.414
354.58,221.97,31.846,93.414
354.67,222.35,31.53,92.489
354.42,221.88,31.846,93.414
354.51,222.48,31.53,92.489
354.46,221.97,31.846,93.414
354.48,221.87,31.846,93.414
354.69,222.33,31.53,92.489
354.54,222.4,31.53,92.489
354.44,221.99,31.846,93.414
354.46,221.98,31.846,93.414
354.52,222.44,31.53,92.489
354.51,221.95,31.846,93.414
354.63,222.35,31.53,92.489
354.49,221.94,31.846,93.414
354.54,222.02,31.846,93.414
354.45,222.47,31.53,92.489
354.53,222.46,31.53,92.489
354.65,222.4,31.53,92.489
354.46,221.96,31.846,93.414
354.52,221.88,31.846,93.414
354.52,222.38,31.53,92.489
354.51,222.41,31.53,92.489
354.67,222.43,31.53,92.489
354.61,222.36,31.53,92.489
354.59,222.4,31.53,92.489
354.49,222.01,31.846,93.414
354.33,221.99,31.846,93.414
354.54,222.48,31.53,92.489
354.61,222.49,31.53,92.489
354.58,222.43,31.53,92.489
354.57,222,31.846,93.414
354.7,222.44,31.53,92.489
354.57,222.44,31.53,92.489
354.6,222.47,31.53,92.489
354.55,221.88,31.846,93.414
354.67,222.45,31.53,92.489
354.58,222.45,31.53,92.489
354.51,221.89,31.846,93.414
354.54,222.48,31.53,92.489
354.44,221.93,31.846,93.414
354.5,222.43,31.53,92.489
354.67,222.52,31.53,92.489
354.53,222.41,31.53,92.489
354.59,222.45,31.53,92.489
354.55,222.43,31.53,92.489
354.46,221.9,31.846,93.414
354.56,221.98,31.846,93.414
354.47,221.9,31.846,93.414
354.5,222.37,31.53,92.489
354.51,222.48,31.53,92.489
354.47,222.03,31.846,93.414
354.53,222.43,31.53,92.489
354.63,222.46,31.53,92.489
354.56,222.39,31.53,92.489
354.58,222.41,31.53,92.489
354.53,222.41,31.53,92.489
354.52,222.42,31.53,92.489
354.55,222.48,31.53,92.489
354.55,221.93,31.846,93.414
354.52,222.45,31.53,92.489
354.61,222.43,31.53,92.489
354.53,222.33,31.53,92.489
354.51,222.47,31.53,92.489
354.6,222.38,31.53,92.489
354.48,222.4,31.53,92.489
354.66,222.43,31.53,92.489
354.49,222.39,31.53,92.489
354.46,221.97,31.846,93.414
354.5,222.53,31.53,92.489
354.52,222.42,31.53,92.489
354.53,222.46,31.53,92.489
354.6,222.5,31.53,92.489
354.54,222.43,31.53,92.489
354.37,221.94,31.846,93.414
354.42,221.94,31.846,93.414
354.43,222.52,31.53,92.489
354.51,222.58,31.53,92.489
354.53,222.42,31.53,92.489
352.48,219.92,31.846,93.414
352.56,220.27,31.53,92.489
352.58,219.91,31.53,92.489
352.81,219.39,31.53,92.489
353.01,219.06,31.53,92.489
353.06,218.41,31.53,92.489
353.11,218.45,31.53,92.489
352.86,219.88,30.603,89.769
352.72,219.51,30.909,90.666
352.78,220.01,30.909,90.666
352.54,219.52,31.846,93.414
352.47,220.65,31.53,92.489
351.67,219.28,32.486,95.291
351.24,219.68,32.486,95.291
351.75,222.1,31.53,92.489
351.48,223.31,30.909,90.666
351.09,223.62,30.909,90.666
351.14,224.01,30.909,90.666
351.18,224.15,31.53,92.489
351.06,224.44,31.53,92.489
351.33,224.47,31.53,92.489
351.51,223.79,31.846,93.414
351.84,224.08,31.53,92.489
351.94,223.49,31.846,93.414
352.06,223.67,31.53,92.489
352.13,222.97,31.846,93.414
352.47,223.3,31.53,92.489
352.64,223.11,31.53,92.489
352.82,223.03,31.53,92.489
352.85,222.4,31.846,93.414
353.08,222.68,31.53,92.489
353.28,222.43,31.53,92.489
353.6,222.18,31.53,92.489
353.56,222.07,31.53,92.489
353.67,222.08,31.53,92.489
353.67,221.97,31.53,92.489
353.7,222.08,31.53,92.489
353.57,222.12,31.53,92.489
353.63,222.03,31.53,92.489
353.63,221.6,31.846,93.414
353.86,221.9,31.53,92.489
353.74,221.96,31.53,92.489
353.94,222.03,31.53,92.489
353.71,221.88,31.53,92.489
353.87,221.91,31.53,92.489
353.87,221.94,31.53,92.489
353.74,221.35,31.846,93.414
353.95,221.78,31.53,92.489
353.91,221.92,31.53,92.489
353.86,221.81,31.53,92.489
353.98,221.89,31.53,92.489
353.99,221.75,31.53,92.489
354.03,221.48,31.53,92.489
354.22,221.47,31.53,92.489
354.04,221.39,31.53,92.489
354.06,221.53,31.53,92.489
354.11,221.4,31.53,92.489
354.02,221.35,31.53,92.489
354.15,221.39,31.53,92.489
354.18,221.36,31.53,92.489
354.16,221.22,31.53,92.489
354.16,221.4,31.53,92.489
354.19,221.3,31.53,92.489
354.23,221.32,31.53,92.489
354.46,220.8,31.846,93.414
354.36,220.6,31.846,93.414
354.37,220.8,31.846,93.414
354.39,220.83,31.846,93.414
354.39,221.12,31.53,92.489
354.51,221.14,31.53,92.489
354.56,220.57,31.846,93.414
354.36,220.14,32.164,94.348
354.53,221.15,31.53,92.489
354.42,220.54,31.846,93.414
354.5,220.62,31.846,93.414
354.74,221.02,31.53,92.489
354.52,219.9,32.164,94.348
354.82,221.05,31.53,92.489
354.63,220.95,31.53,92.489
354.59,220.39,31.846,93.414
354.79,221.03,31.53,92.489
354.78,220.9,31.53,92.489
354.75,220.49,31.846,93.414
355,220.91,31.53,92.489
354.75,220.82,31.53,92.489
354.86,220.96,31.53,92.489
354.88,220.96,31.53,92.489
354.87,220.87,31.53,92.489
355.02,221.01,31.53,92.489
354.89,220.4,31.846,93.414
354.93,220.99,31.53,92.489
355.03,221.15,31.53,92.489
355.04,221.03,31.53,92.489
355.11,221.03,31.53,92.489
355.22,220.91,31.53,92.489
355.03,220.92,31.53,92.489
355.15,221.07,31.53,92.489
355.15,221.02,31.53,92.489
355.17,221.03,31.53,92.489
355.28,220.98,31.53,92.489
355.41,220.91,31.53,92.489
355.33,220.93,31.53,92.489
355.35,221.03,31.53,92.489
355.44,220.91,31.53,92.489
355.29,220.52,31.846,93.414
355.48,221.04,31.53,92.489
355.44,221.06,31.53,92.489
355.36,221.22,31.53,92.489
355.25,220.73,31.846,93.414
355.29,220.8,31.846,93.414
355.35,220.77,31.846,93.414
355.24,220.7,31.846,93.414
355.2,221.35,31.53,92.489
355.14,221.31,31.53,92.489
355.1,221.36,31.53,92.489
355.28,221.36,31.53,92.489
355.44,221.17,31.53,92.489
355.48,221.33,31.53,92.489
355.43,220.79,31.846,93.414
355.32,220.69,31.846,93.414
355.7,221.37,31.53,92.489
355.63,221.24,31.53,92.489
355.4,220.74,31.846,93.414
355.53,220.93,31.846,93.414
355.37,220.83,31.846,93.414
355.61,221.4,31.53,92.489
355.54,220.94,31.846,93.414
355.48,221.28,31.53,92.489
355.66,221.47,31.53,92.489
355.55,221.34,31.53,92.489
355.48,221.51,31.53,92.489
355.52,220.99,31.846,93.414
355.53,221.46,31.53,92.489
355.64,221.52,31.53,92.489
355.68,221.48,31.53,92.489
355.44,220.93,31.846,93.414
355.44,221.11,31.846,93.414
355.45,221.12,31.846,93.414
355.52,220.98,31.846,93.414
355.79,221.48,31.53,92.489
355.58,221.44,31.53,92.489
355.64,221.54,31.53,92.489
355.64,221.49,31.53,92.489
355.6,221.44,31.53,92.489
355.75,221.56,31.53,92.489
355.76,221.45,31.53,92.489
355.63,221.37,31.53,92.489
355.71,221.52,31.53,92.489
355.53,220.44,32.164,94.348
355.7,221.43,31.53,92.489
355.82,221.4,31.53,92.489
355.63,221.29,31.53,92.489
355.71,221.36,31.53,92.489
355.59,221.39,31.53,92.489
355.6,221.27,31.53,92.489
355.7,221.36,31.53,92.489
355.66,221.33,31.53,92.489
355.66,221.24,31.53,92.489
355.65,220.88,31.846,93.414
355.61,221.27,31.53,92.489
355.62,221.21,31.53,92.489
355.75,221.19,31.53,92.489
355.6,220.61,31.846,93.414
355.75,221.34,31.53,92.489
355.65,220.73,31.846,93.414
355.58,221.12,31.53,92.489
355.76,220.76,31.846,93.414
355.8,221.05,31.53,92.489
355.76,221.06,31.53,92.489
355.69,221.11,31.53,92.489
355.52,221.02,31.53,92.489
355.69,220.68,31.846,93.414
355.7,220.98,31.53,92.489
355.8,220.48,31.846,93.414
355.64,221.03,31.53,92.489
355.44,220.06,32.164,94.348
355.7,220.61,31.846,93.414
355.7,220.48,31.846,93.414
355.66,220.47,31.846,93.414
355.87,221.05,31.53,92.489
355.63,221.02,31.53,92.489
355.61,221.01,31.53,92.489
355.79,221,31.53,92.489
355.76,220.4,31.846,93.414
355.89,220.9,31.53,92.489
355.58,219.93,32.164,94.348
355.83,220.91,31.53,92.489
355.81,220.94,31.53,92.489
355.82,220.92,31.53,92.489
356.02,221.08,31.53,92.489
356.02,220.96,31.53,92.489
355.82,221.1,31.53,92.489
355.98,221.22,31.53,92.489
355.91,221.15,31.53,92.489
356.09,220.74,31.846,93.414
356.32,221.18,31.53,92.489
356.24,221.27,31.53,92.489
356.14,220.9,31.846,93.414
356.32,221.32,31.53,92.489
356.43,221.44,31.53,92.489
356.38,221.41,31.53,92.489
356.44,221.4,31.53,92.489
356.48,221.5,31.53,92.489
356.35,221.55,31.53,92.489
356.53,221.56,31.53,92.489
356.62,221.01,31.846,93.414
356.47,221,31.846,93.414
356.56,221.65,31.53,92.489
356.37,221.16,31.846,93.414
356.67,221.78,31.53,92.489
356.56,222.24,31.53,92.489
356.53,222.14,31.53,92.489
356.43,221.92,31.846,93.414
356.51,222.32,31.53,92.489
356.44,222.43,31.53,92.489
356.65,222.4,31.53,92.489
356.69,222.32,31.53,92.489
356.67,221.99,31.846,93.414
356.61,222.44,31.53,92.489
356.58,222.56,31.53,92.489
356.67,222.05,31.846,93.414
356.83,222.43,31.53,92.489
356.71,222.14,31.846,93.414
356.81,222.64,31.53,92.489
356.58,222.22,31.846,93.414
356.74,222.38,31.846,93.414
356.57,222.74,31.846,93.414
356.65,222.72,31.846,93.414
356.77,223.3,31.53,92.489
356.72,223.32,31.53,92.489
356.64,223.39,31.53,92.489
356.76,223.48,31.53,92.489
356.68,222.94,31.846,93.414
356.91,223.46,31.53,92.489
356.84,223.52,31.53,92.489
356.69,223.02,31.846,93.414
356.92,223.61,31.53,92.489
356.94,223.51,31.53,92.489
356.99,223.51,31.53,92.489
356.93,223.11,31.846,93.414
356.95,223.45,31.53,92.489
356.95,223.5,31.53,92.489
356.94,223.42,31.53,92.489
356.88,223.42,31.53,92.489
356.84,223.5,31.53,92.489
356.9,223.54,31.53,92.489
356.85,223.55,31.53,92.489
356.95,223.58,31.53,92.489
356.87,223.54,31.53,92.489
356.96,223.53,31.53,92.489
356.9,223.55,31.53,92.489
356.84,223.03,31.846,93.414
356.97,223.6,31.53,92.489
356.93,223.48,31.53,92.489
357.06,223.06,31.846,93.414
357.19,223.55,31.53,92.489
356.82,222.96,31.846,93.414
366.05,223.46,31.53,92.489
380.53,223.05,31.846,93.414
397.55,222.81,31.53,92.489
415.61,222.32,31.53,92.489
432.54,221.89,31.53,92.489
450.3,221.69,31.53,92.489
466.21,220.61,31.846,93.414
484.32,220.38,31.53,92.489
502.21,220,31.53,92.489
518.09,219.86,31.53,92.489
529.58,219.55,31.53,92.489
546.26,219.24,31.53,92.489
563.27,219.02,31.53,92.489
581.1,219.13,31.53,92.489
597.34,219.31,31.53,92.489
614.55,218.97,31.846,93.414
602.04,238.29,30.909,90.666
602.71,264.75,30,88
595.63,259.3,29.118,85.412
594.66,258.05,29.118,85.412
609.92,256.39,29.703,87.129
594.99,273.69,30.603,89.769
583.68,269.65,30.3,88.88
589.99,270.08,30.909,90.666
583.39,270.34,30.909,90.666
589.12,256.13,30.3,88.88
615.97,269.85,30.909,90.666
619.33,271.96,30.3,88.88
619,272.29,30,88
599.07,269.03,30.909,90.666
599.23,266.62,31.846,93.414
595.61,266.2,32.486,95.291
598.54,265.14,32.486,95.291
596.3,265.3,33.139,97.207
594.76,263.84,34.143,100.15
595.73,263.1,34.829,102.17
595.47,264.96,33.805,99.161
598.58,266.33,32.811,96.244
596.32,265.6,32.811,96.244
597.07,265.66,33.47,98.179
595.93,265.85,33.139,97.207
595.82,267.36,32.486,95.291
596.35,266.95,32.486,95.291
596.11,266,33.47,98.179
595.36,264.74,34.484,101.15
595.28,265.26,34.484,101.15
593.41,262.76,35.529,104.22
595.12,265.3,34.484,101.15
594.38,264.27,34.829,102.17
593.03,262.82,35.884,105.26
595.37,264.89,34.829,102.17
593.57,263.29,35.884,105.26
595.66,265.26,34.829,102.17
594.25,263.44,35.884,105.26
593.83,263.05,36.243,106.31
595.53,264.55,35.177,103.19
595.97,266.01,34.829,102.17
595.25,264.62,35.177,103.19
596.61,266.28,34.143,100.15
596.21,266.13,34.484,101.15
597.72,267.17,33.47,98.179
596.95,265.89,34.484,101.15
597.14,265.1,34.829,102.17
597.69,267.02,33.805,99.161
596.99,266.46,33.805,99.161
597.03,264.97,34.829,102.17
596.68,263.65,35.529,104.22
597.01,264.66,34.829,102.17
596.6,263.87,35.177,103.19
597.55,265.3,34.143,100.15
597.84,266.45,33.139,97.207
598.34,266.14,33.47,98.179
598.91,264.98,34.143,100.15
599.14,265.93,33.47,98.179
598.25,264.83,34.484,101.15
597.75,264.79,34.484,101.15
597.92,264.04,34.829,102.17
598.18,263.89,34.829,102.17
598.36,264.06,34.484,101.15
597.27,262.65,35.177,103.19
598.79,263.68,34.484,101.15
599.35,264.3,33.805,99.161
599.21,263.98,34.143,100.15
599.86,265.06,33.47,98.179
599.36,265.07,33.139,97.207
599.39,263.78,34.143,100.15
599.73,263.06,34.484,101.15
599.42,262.57,34.829,102.17
600.25,263.7,33.805,99.161
600.42,263.44,33.805,99.161
599.99,262.18,34.829,102.17
600.1,262.98,34.143,100.15
600.9,263.2,33.805,99.161
600.66,264.22,32.811,96.244
600.75,263.77,32.811,96.244
600.68,262.89,33.805,99.161
600.53,261.49,34.829,102.17
600.46,262.61,33.805,99.161
600.98,262.96,33.47,98.179
601.49,263.05,33.47,98.179
601.28,263.73,32.811,96.244
601.32,263.48,32.811,96.244
601.56,262.5,33.805,99.161
601.77,262.82,33.47,98.179
601.85,262.9,33.47,98.179
601.18,262.21,34.143,100.15
601.35,263.07,33.47,98.179
600.89,262.57,33.805,99.161
601.29,261.91,34.143,100.15
601.27,262.14,33.805,99.161
600.8,261.85,34.143,100.15
601.52,261.95,34.143,100.15
601.34,262.79,33.47,98.179
601.88,261.98,34.143,100.15
601.27,261.39,34.484,101.15
601.16,261.85,34.143,100.15
600.88,262.2,33.805,99.161
600.72,260.98,34.829,102.17
601.17,261.01,34.829,102.17
601.03,262.2,34.143,100.15
600.79,262.65,33.805,99.161
600.97,263.21,33.139,97.207
601.05,261.61,34.143,100.15
600.9,261.13,34.484,101.15
601.19,262.9,33.47,98.179
600.93,262.07,34.143,100.15
600.94,262.85,33.47,98.179
601.16,262.54,33.47,98.179
601.12,262.7,33.47,98.179
600.99,261.99,34.143,100.15
601.26,262.31,33.805,99.161
600.95,262.36,33.805,99.161
600.62,260.78,34.829,102.17
600.5,262.04,34.143,100.15
600.66,263.05,33.47,98.179
600.47,261.82,34.143,100.15
600.23,261.55,34.143,100.15
599.78,261.29,34.484,101.15
600.39,262.52,33.805,99.161
600.69,262.64,33.805,99.161
600.45,261.99,34.143,100.15
600.18,261.55,34.484,101.15
600.25,262.86,33.47,98.179
600.32,261.82,34.143,100.15
600.59,262.75,33.47,98.179
600.78,262.74,33.47,98.179
600.4,262.31,33.805,99.161
600.65,262.24,33.805,99.161
599.97,261.27,34.484,101.15
600.26,261.79,34.143,100.15
600.19,262.16,33.805,99.161
600.16,262.94,33.47,98.179
599.6,263.11,32.811,96.244
599.76,262.14,33.805,99.161
599.24,261.52,34.484,101.15
599.28,261.39,34.484,101.15
599.74,261.23,34.484,101.15
600.02,261.85,34.143,100.15
599.68,262.86,33.139,97.207
600.35,262.49,33.47,98.179
599.77,263.62,32.486,95.291
600.89,265.43,31.53,92.489
599.94,263.61,32.486,95.291
600.05,262.95,33.47,98.179
599.67,262.52,33.805,99.161
599.71,262.99,33.139,97.207
600.03,264.65,32.164,94.348
599.91,263.19,32.811,96.244
600.5,264.72,32.164,94.348
599.44,263.35,32.811,96.244
599.78,262.79,33.47,98.179
599.61,262.84,33.47,98.179
599.31,262.04,34.143,100.15
599.29,261.04,34.829,102.17
599.33,261.61,34.484,101.15
598.96,262.9,33.47,98.179
599.2,261.86,34.143,100.15
599.23,262.72,33.47,98.179
599.6,261.67,34.143,100.15
598.99,261.85,34.143,100.15
598.57,260.69,34.829,102.17
599.07,260.84,34.829,102.17
599.26,262.01,33.805,99.161
599.13,262.14,33.805,99.161
599.24,262.32,33.805,99.161
598.21,262.51,33.139,97.207
598.7,262.17,33.805,99.161
598.36,260.99,34.829,102.17
598.62,261.38,34.484,101.15
599.17,262.33,33.805,99.161
598.85,261.45,34.484,101.15
599.33,262.28,33.805,99.161
599.27,262.28,33.805,99.161
598.96,263.15,32.811,96.244
598.96,262.38,33.805,99.161
598.45,263.09,32.811,96.244
598.9,263,32.811,96.244
598.63,263.2,32.811,96.244
598.6,263.03,32.811,96.244
598.71,263.19,32.811,96.244
598.51,262.2,33.805,99.161
598.42,261.37,34.484,101.15
598.2,262.33,33.805,99.161
598.36,262.28,33.805,99.161
598.5,262.23,33.805,99.161
598.13,262.73,33.139,97.207
598.39,263.64,32.486,95.291
598.44,263.32,32.811,96.244
598.16,262.34,33.805,99.161
598.35,261.19,34.484,101.15
598.7,261.65,34.143,100.15
598.06,262.83,33.139,97.207
597.79,261.63,34.143,100.15
597.86,261.94,34.143,100.15
597.78,260.81,34.829,102.17
598.53,262.12,33.805,99.161
597.67,261.78,34.143,100.15
598.28,262.65,33.47,98.179
598,262.25,33.805,99.161
597.89,261.09,34.829,102.17
597.02,261.63,34.484,101.15
597.05,261.3,34.484,101.15
597.99,261.8,34.143,100.15
598,262.49,33.47,98.179
597.52,261.71,34.143,100.15
597.47,261.28,34.484,101.15
597.57,261.85,34.143,100.15
597.59,262.16,33.805,99.161
597.74,261.76,34.143,100.15
597.61,262.73,33.47,98.179
597.5,262.77,33.47,98.179
597.64,262.27,33.805,99.161
597.31,261.92,34.143,100.15
597.34,261.75,34.143,100.15
597,262.25,33.805,99.161
596.62,262.71,33.139,97.207
597.7,264.48,32.164,94.348
596.95,263.54,32.486,95.291
596.98,262.71,33.47,98.179
596.77,261.59,34.143,100.15
597.18,261.85,34.143,100.15
597.33,262.53,33.47,98.179
597.08,262.22,33.805,99.161
597.49,262.53,33.47,98.179
596.99,262.04,33.805,99.161
597.08,263.19,32.811,96.244
596.73,263.21,32.811,96.244
597.41,264.74,31.846,93.414
596.98,264.52,32.164,94.348
597.24,263.3,32.486,95.291
596.51,263.03,33.47,98.179
596.56,261.76,34.143,100.15
596.47,261.25,34.484,101.15
596.22,262.57,33.47,98.179
596.15,261.48,34.143,100.15
596.66,262.44,33.47,98.179
596.15,263.45,32.486,95.291
596.9,265.07,31.53,92.489
596.67,263.62,32.486,95.291
595.99,262.84,33.139,97.207
596.05,262.17,33.805,99.161
595.73,261.96,34.143,100.15
595.89,262.65,33.47,98.179
595.7,261.77,34.143,100.15
595.65,261.44,34.484,101.15
591.15,261.9,34.143,100.15
586.72,262.36,33.805,99.161
574.32,263.86,32.811,96.244
552.78,262.29,33.805,99.161
535.08,262.34,33.47,98.179
516.64,262.13,33.47,98.179
500.8,261.13,33.805,99.161
482.79,260.98,33.47,98.179
465.58,261.3,32.811,96.244
455.13,261.42,32.811,96.244
445.69,260.5,33.805,99.161
424.18,260.01,33.47,98.179
404.71,259.69,33.805,99.161
391.75,273.87,34.829,102.17
388.02,276.91,34.484,101.15
375.03,253.54,34.484,101.15
393.22,232.48,34.143,100.15
375.98,231.91,34.829,102.17
359.4,229.06,35.884,105.26
347.01,227.5,36.606,107.38
329.01,227.17,36.972,108.45
322.6,233.15,37.341,109.53
305.58,248.16,36.243,106.31
304.34,248.29,36.606,107.38
302.13,251.37,36.243,106.31
299.28,252.07,35.884,105.26
322.78,235.96,36.972,108.45
323.89,235.15,36.972,108.45
323.51,233.74,38.092,111.74
324.7,235.18,37.341,109.53
307.12,253.42,36.972,108.45
291.83,271.99,38.092,111.74
295.48,273.41,38.858,113.98
295.61,272.5,37.715,110.63
295.7,272.08,37.715,110.63
298.81,272.41,36.972,108.45
304.7,275.38,36.606,107.38
313.5,258.86,37.341,109.53
323.75,236.69,36.606,107.38
325.97,238.22,35.529,104.22
303.3,275.88,36.243,106.31
308.49,277.15,36.972,108.45
322.66,287.82,36.972,108.45
328.28,275.6,38.092,111.74
324.04,279.37,38.473,112.85
326.78,277.75,38.473,112.85
330.94,278.95,37.341,109.53
320.15,234.11,38.092,111.74
322.33,235.47,37.341,109.53
322.13,233.88,37.715,110.63
323.23,234.55,37.341,109.53
324.1,236.26,36.972,108.45
324.72,236.62,35.884,105.26
324.75,236.54,36.606,107.38
325.34,237.26,36.243,106.31
324.87,236.59,36.243,106.31
324.58,236.86,36.243,106.31
325.75,238.33,35.529,104.22
326.33,239.29,34.829,102.17
324.9,238.65,34.829,102.17
328.14,240.53,34.143,100.15
326.73,241.81,33.139,97.207
327.75,240.98,34.143,100.15
327.07,239.51,34.484,101.15
326.59,239.26,34.829,102.17
325.51,236.56,35.884,105.26
324.98,238.04,35.177,103.19
323.83,237.63,35.529,104.22
323.51,236.64,36.606,107.38
321.16,235.91,35.884,105.26
329.64,245.32,35.177,103.19
326.95,246.82,34.484,101.15
324.54,245.47,35.529,104.22
323.11,244.24,36.243,106.31
336.61,282.11,36.243,106.31
328.65,299.52,35.529,104.22
326.6,297.96,35.884,105.26
324.7,300.29,35.177,103.19
318.38,304.53,34.484,101.15
315.77,306.35,33.47,98.179
321.16,305.96,34.484,101.15
320.61,302.58,35.529,104.22
328.11,286.38,36.606,107.38
327.01,282.85,37.715,110.63
324.8,281.21,37.715,110.63
320.84,284.23,37.715,110.63
318.96,282.69,38.473,112.85
318.94,283.62,38.473,112.85
319.21,285.24,38.092,111.74
303.36,308.11,38.092,111.74
296.44,308.09,37.715,110.63
291.28,310.52,36.606,107.38
287.32,312.21,35.529,104.22
288.89,309.73,36.606,107.38
285.54,311.93,35.884,105.26
287.1,315.99,36.606,107.38
284.37,313.52,36.606,107.38
283.75,315.97,35.884,105.26
282.38,319.53,35.177,103.19
275.15,321.49,34.143,100.15
273.34,321.73,34.143,100.15
263.08,320.17,35.177,103.19
272.05,318.55,36.243,106.31
271.04,321.03,35.177,103.19
270.7,326.99,35.177,103.19
251.48,323.3,34.829,102.17
246.4,324.92,33.805,99.161
251.21,327.65,34.143,100.15
241.64,327.12,33.139,97.207
249.44,330.08,33.805,99.161
239.57,331.78,33.47,98.179
238.88,330.14,34.484,101.15
237.45,331.44,33.47,98.179
238.4,332.03,32.486,95.291
237.94,332.15,32.486,95.291
237.67,332.76,32.486,95.291
236.5,335.94,32.164,94.348
216.77,334.59,31.53,92.489
192.03,333.73,31.53,92.489
192.16,356.36,32.164,94.348
167.65,361.49,33.139,97.207
168.35,362.42,32.164,94.348
166.62,361.62,33.139,97.207
170.22,386.18,32.164,94.348
170.2,386.88,31.53,92.489
169.49,365.01,31.846,93.414
170.02,365.06,31.53,92.489
168.31,364.72,30.909,90.666
169.07,364.4,31.218,91.573
169.65,363.67,31.53,92.489
182.59,362.19,32.486,95.291
192.71,353.38,32.486,95.291
193.17,330.04,32.811,96.244
221.03,354.23,31.846,93.414
228.3,331.3,32.164,94.348
251.1,351.28,32.811,96.244
259.43,331.35,33.805,99.161
278.64,331,32.811,96.244
304.11,349.87,33.139,97.207
313.21,331.63,32.811,96.244
329.59,331.32,32.811,96.244
335.74,340.39,33.47,98.179
330.19,355.16,32.486,95.291
347.47,354.71,33.139,97.207
357.46,357.41,32.164,94.348
371.38,358.41,32.811,96.244
387.88,357.9,33.139,97.207
406.62,352.6,33.47,98.179
424.44,353.47,33.139,97.207
443.5,352.96,34.143,100.15
432.75,354.43,33.47,98.179
420.27,358.39,34.143,100.15
434.94,357.61,34.829,102.17
448.9,360.29,33.805,99.161
464.03,357.96,34.829,102.17
478.93,358.05,34.829,102.17
510.34,361.69,35.884,105.26
526.97,360.08,36.606,107.38
543.69,360.93,36.243,106.31
544.99,358.54,35.177,103.19
553.73,351.21,34.484,101.15
575.89,365.02,34.143,100.15
576.48,364.28,33.805,99.161
574.74,362.76,34.829,102.17
573.53,362.11,34.829,102.17
567.82,360.13,35.884,105.26
565.57,358.65,36.606,107.38
566.9,356.75,37.715,110.63
565.45,355.31,38.858,113.98
564.44,355.61,38.858,113.98
565.45,354.73,39.639,116.27
561.05,352.64,40.84,119.8
562.8,352.92,40.84,119.8
562.69,352.7,40.84,119.8
564.34,351.79,41.661,122.2
563.02,351.92,41.661,122.2
563.86,353.43,40.435,118.61
563.72,352.69,40.84,119.8
562.81,352,41.248,120.99
564.82,352.97,40.435,118.61
563.9,352.45,41.248,120.99
563.39,351.98,41.661,122.2
563.27,352.78,40.84,119.8
563.25,354.06,40.035,117.44
564.2,352.95,40.84,119.8
563.59,351.88,41.248,120.99
562.75,352.38,41.248,120.99
562.91,351.87,41.661,122.2
563.23,352.52,41.248,120.99
564.52,353.52,40.435,118.61
565.3,354.98,39.246,115.12
564.63,353.67,40.435,118.61
564.62,353.14,40.84,119.8
562.93,351.95,41.661,122.2
562.64,352.04,41.661,122.2
564.28,353.49,40.435,118.61
571.4,353.86,40.035,117.44
588.62,353.43,40.84,119.8
603.95,353.59,40.435,118.61
612.02,352.98,40.84,119.8
591.19,326.49,40.84,119.8
584.39,343.5,40.035,117.44
579.87,353.8,40.035,117.44
570.73,329.52,38.858,113.98
583.69,324.4,38.092,111.74
574.82,331.83,39.246,115.12
573.41,332.42,39.639,116.27
532.07,370.8,40.84,119.8
533.85,370.42,39.639,116.27
531.78,371.55,39.639,116.27
533.08,373.04,38.858,113.98
533.61,373.66,37.715,110.63
533.47,374.12,37.341,109.53
534.19,374.83,36.606,107.38
533.09,373.61,37.715,110.63
532.51,373.34,38.092,111.74
532.03,372.5,39.246,115.12
532.98,371.89,38.473,112.85
532.9,373.75,37.341,109.53
532.22,371.75,38.473,112.85
531.94,372.54,38.092,111.74
530.88,372.44,38.858,113.98
533,373.39,38.092,111.74
532.12,372.68,38.473,112.85
531.68,372.44,38.473,112.85
530.67,370.94,39.639,116.27
532.12,371.65,38.473,112.85
532.03,372.95,37.715,110.63
531.24,374.77,36.972,108.45
532.66,375.71,35.884,105.26
532.89,376.47,35.529,104.22
532.48,376.14,35.884,105.26
532.64,375.81,35.529,104.22
532.7,375.57,35.529,104.22
532.16,375.9,35.177,103.19
531.48,375.35,35.529,104.22
531.28,375.84,35.529,104.22
530.9,374.85,35.884,105.26
530.79,374.21,36.972,108.45
531.4,376.07,35.884,105.26
530.39,375.11,36.606,107.38
530.62,376.26,35.529,104.22
529.61,375.58,35.884,105.26
531.21,375.74,35.529,104.22
530.82,376.26,35.177,103.19
530.26,375.72,35.177,103.19
530.37,375.21,35.529,104.22
529.67,375.71,35.884,105.26
529.99,375.9,35.177,103.19
529.89,376.06,34.829,102.17
529.4,374.51,35.884,105.26
528.39,374.23,36.606,107.38
528.48,374.02,36.606,107.38
528.52,374.65,36.243,106.31
528.67,374.76,35.884,105.26
528.23,373.45,36.972,108.45
528.3,374.63,35.884,105.26
527.66,374.34,36.606,107.38
527.42,374,36.972,108.45
527.16,373.58,37.341,109.53
526.99,373.51,37.341,109.53
525.81,371.87,38.473,112.85
525.32,370.37,39.639,116.27
525.29,369.87,40.035,117.44
525.63,371.18,38.858,113.98
525.49,370.42,39.639,116.27
525.49,371.59,38.858,113.98
525.82,372.63,37.715,110.63
526.68,374.4,36.606,107.38
526.14,374.4,36.606,107.38
526.46,374.47,36.606,107.38
525.78,373.66,36.972,108.45
526.28,374.53,36.243,106.31
526.03,374.51,36.243,106.31
503.4,373.44,37.341,109.53
486.69,374.01,36.972,108.45
468.25,373.28,37.715,110.63
450.04,372.9,37.715,110.63
433.51,372.63,38.092,111.74
415.37,371.41,38.858,113.98
409.75,375.16,37.715,110.63
410.14,377.15,36.606,107.38
411.4,378.04,35.884,105.26
411.79,378.67,35.177,103.19
411.7,378.01,35.884,105.26
411.16,377.19,36.606,107.38
411.3,378.33,35.529,104.22
410.86,377.16,36.243,106.31
410.4,376.57,36.972,108.45
411.09,378.07,35.884,105.26
410.75,377.01,36.606,107.38
411.07,377.51,36.243,106.31
410.75,375.35,37.341,109.53
410.47,376.39,36.972,108.45
409.95,375.28,37.715,110.63
412.26,377.45,36.606,107.38
410.83,376.22,36.972,108.45
411.11,378.27,35.884,105.26
411.19,378.24,35.884,105.26
411.13,376.74,36.606,107.38
412.08,378.21,35.529,104.22
413.39,376.75,36.606,107.38
411.74,378.03,35.884,105.26
411.72,379.17,35.177,103.19
411.55,377.9,35.884,105.26
412.09,378.47,35.529,104.22
411.57,379.21,35.177,103.19
411.34,377.36,36.243,106.31
411.08,377.95,36.243,106.31
411.01,377.78,36.243,106.31
411.25,376.44,36.972,108.45
410.84,375.91,36.972,108.45
411.32,377.58,36.243,106.31
411.19,377.91,36.243,106.31
412.16,378.76,35.529,104.22
411.31,377.45,36.243,106.31
411.64,377.63,36.243,106.31
411.26,375.89,37.341,109.53
411.31,374.97,37.715,110.63
411.8,377.18,36.606,107.38
411.16,375.1,37.715,110.63
411.69,376.76,36.972,108.45
412.44,378.55,35.884,105.26
412,379.05,35.884,105.26
411.89,377.74,36.606,107.38
411.59,378.43,36.243,106.31
412.22,379.96,35.529,104.22
412.3,377.93,36.606,107.38
412.6,378.42,36.243,106.31
412.41,379.3,35.884,105.26
412.31,380.71,35.177,103.19
413.77,382.6,34.484,101.15
414.19,382.53,34.484,101.15
414.11,382.13,34.829,102.17
414.16,382.89,34.484,101.15
413.73,380.62,35.529,104.22
413.08,378.83,36.606,107.38
413.3,380.34,35.884,105.26
412.81,380.48,35.529,104.22
412.06,380.41,35.884,105.26
411.72,378.56,36.972,108.45
412.41,380.22,35.884,105.26
411.82,378.58,36.972,108.45
412.38,380.24,35.884,105.26
411.78,379.48,36.606,107.38
412.27,381.11,35.529,104.22
413.12,380.55,35.529,104.22
412.5,380.44,36.243,106.31
412.78,381.66,35.177,103.19
411.79,380.35,36.243,106.31
412.49,381.27,36.243,106.31
411.62,380.82,36.243,106.31
411.89,380.3,35.529,104.22
411.88,380.73,35.884,105.26
412.26,379.28,36.972,108.45
412.84,379.21,36.972,108.45
412.24,380.57,35.884,105.26
412.93,381.14,35.529,104.22
412.4,382.19,35.177,103.19
411.03,381.91,35.529,104.22
413.22,383.63,34.484,101.15
412.77,382.36,35.177,103.19
411.7,381.13,36.243,106.31
411.73,380.32,36.606,107.38
412.43,381.46,35.884,105.26
412.01,381.03,36.243,106.31
412.25,380.95,36.243,106.31
411.97,381.77,35.884,105.26
411.85,382.31,35.529,104.22
411.69,381.33,36.243,106.31
411.5,381.01,36.243,106.31
412.03,382.39,35.529,104.22
411.42,381.07,36.606,107.38
411.42,382.43,35.884,105.26
411.72,383.31,35.529,104.22
411.21,382.09,36.243,106.31
411.1,381.11,36.972,108.45
410.75,380.34,37.341,109.53
411.11,379.87,37.341,109.53
411.58,381.78,36.243,106.31
411.32,381.88,36.243,106.31
411.68,382.55,35.884,105.26
412.67,384.76,34.829,102.17
411.61,383.26,35.529,104.22
411.96,383.96,35.177,103.19
412.07,383.66,35.529,104.22
411.66,382.85,35.884,105.26
412.53,384.86,34.829,102.17
411.76,383.6,35.529,104.22
411.44,382.65,36.243,106.31
411.97,384.41,35.177,103.19
411.52,383.42,35.884,105.26
411.94,384.62,35.177,103.19
411.42,383.75,35.884,105.26
411.86,384.76,35.177,103.19
412.73,385.52,34.829,102.17
411.81,383.84,35.884,105.26
412.61,385.79,34.829,102.17
412.78,386.02,34.829,102.17
412.65,386.17,34.829,102.17
412.39,385.3,35.177,103.19
411.79,383.96,35.884,105.26
411.8,384.07,35.884,105.26
411.81,384.16,35.884,105.26
411.64,383.23,36.606,107.38
412.07,383.15,36.606,107.38
411.6,381.72,37.715,110.63
411.43,380.94,38.473,112.85
411.84,382.28,37.715,110.63
412.68,383.33,36.972,108.45
412.92,382.75,37.341,109.53
413.72,384.49,36.243,106.31
413.68,383.99,36.606,107.38
414.54,384.93,35.884,105.26
415.81,386.7,34.829,102.17
415.04,384.78,35.884,105.26
414.95,383.66,36.606,107.38
415.63,384.52,35.884,105.26
415.93,385.61,35.177,103.19
416.85,386.23,34.829,102.17
417.18,386.61,34.484,101.15
416.77,384.93,35.177,103.19
416.78,384.27,35.529,104.22
416.71,383.07,36.243,106.31
416.39,382.23,36.606,107.38
416.26,382.15,36.606,107.38
416.14,381.57,36.972,108.45
416.04,380.8,37.341,109.53
416.37,381.82,36.606,107.38
416.75,383.06,35.884,105.26
417.17,383.97,35.177,103.19
416.91,383.03,35.884,105.26
417.8,384.81,34.829,102.17
416.99,383.06,35.884,105.26
416.67,382.39,36.243,106.31
417.25,383.93,35.177,103.19
417.17,383.23,35.529,104.22
417.02,383.22,35.529,104.22
417.25,383.74,35.177,103.19
416.63,382.34,36.243,106.31
417.1,383.17,35.529,104.22
416.98,382.7,35.884,105.26
416.44,381.64,36.606,107.38
416.46,381.61,36.606,107.38
416.63,381.79,36.606,107.38
417.28,383.21,35.529,104.22
417.55,383.52,35.177,103.19
417.47,383.48,35.177,103.19
416.92,381.9,36.243,106.31
416.91,381.31,36.606,107.38
416.91,381.71,36.243,106.31
417.15,382.09,35.884,105.26
416.95,381.26,36.606,107.38
417.03,381.65,36.243,106.31
417.6,383.11,35.177,103.19
417.22,382.28,35.884,105.26
417.38,382.62,35.529,104.22
416.9,381.14,36.606,107.38
416.7,380.59,36.972,108.45
417.24,382.17,35.884,105.26
417.44,382.09,35.884,105.26
417.74,383.2,35.177,103.19
417.83,383.17,35.177,103.19
418.71,385.34,34.143,100.15
417.6,383.35,35.177,103.19
418.08,384.02,34.829,102.17
418.28,384.06,34.829,102.17
418.82,384.71,34.143,100.15
418.34,383.53,34.829,102.17
417.75,382.9,35.177,103.19
418.74,384.62,34.484,101.15
419.03,384.79,34.143,100.15
419.09,384.79,34.143,100.15
419.76,383.15,34.829,102.17
418.34,383.01,35.177,103.19
417.54,381.62,35.884,105.26
416.93,382.7,35.177,103.19
416.4,382.09,35.529,104.22
415.82,380.09,36.606,107.38
415.85,379.95,36.972,108.45
416.11,380.7,36.606,107.38
415.5,379.8,37.341,109.53
415.42,379.01,37.715,110.63
416.03,380.39,36.606,107.38
416.58,381.01,36.243,106.31
416.65,380.97,36.243,106.31
417.34,379.68,36.972,108.45
417.79,379.55,36.972,108.45
418.35,381.07,35.884,105.26
418.68,382.11,35.177,103.19
418.73,382.04,35.177,103.19
418.41,381.09,35.884,105.26
418.47,381.54,35.529,104.22
418.43,380.96,35.884,105.26
418.66,381.96,35.177,103.19
418.27,380.44,36.243,106.31
418.63,381.34,35.529,104.22
418.63,381.34,35.529,104.22
419.38,382.75,34.829,102.17
419.66,383.22,34.484,101.15
419.34,382.61,34.829,102.17
418.43,380.77,35.884,105.26
418.51,380.6,35.884,105.26
418.86,381.67,35.177,103.19
418.49,380.76,35.884,105.26
418.15,379.46,36.606,107.38
418.77,380.97,35.529,104.22
419.39,382.57,34.829,102.17
418.72,381.66,35.177,103.19
419.7,382.45,34.829,102.17
419.84,382.22,34.829,102.17
419.12,381.53,35.177,103.19
418.93,380.95,35.529,104.22
418.9,380.88,35.529,104.22
418.65,379.58,36.243,106.31
419.17,381.29,35.177,103.19
418.77,380.15,35.884,105.26
419.01,380.61,35.529,104.22
419.25,380.49,35.529,104.22
419.02,380.11,35.884,105.26
419.04,380.59,35.529,104.22
418.56,379.44,36.243,106.31
418.26,377.86,37.341,109.53
418.2,377.89,37.341,109.53
418.45,378.31,36.972,108.45
418.15,377.85,37.341,109.53
418.2,377.7,37.341,109.53
418.29,377.71,37.341,109.53
418.79,379.24,36.243,106.31
418.76,379.36,36.243,106.31
419.2,379.95,35.884,105.26
419.42,380.24,35.529,104.22
420.13,381.74,34.829,102.17
419.57,380.16,35.529,104.22
419.35,379.68,35.884,105.26
419.44,380.31,35.529,104.22
419.72,380.52,35.177,103.19
419.67,380.62,35.177,103.19
419.19,379.04,36.243,106.31
419.79,380.53,35.177,103.19
419.42,379.49,35.884,105.26
419.8,380.67,35.177,103.19
420.42,381.36,34.829,102.17
420.74,381.87,34.484,101.15
420.29,381.28,34.829,102.17
419.78,380.36,35.177,103.19
419.89,380.11,35.177,103.19
419.47,378.42,36.243,106.31
419.43,378.56,36.243,106.31
419.41,378.6,36.243,106.31
419.84,379.39,35.529,104.22
420.83,380.81,34.829,102.17
420.79,380.93,34.829,102.17
421,381.49,34.484,101.15
420.75,381.19,34.829,102.17
420.73,381.08,34.829,102.17
421.02,381.5,34.484,101.15
420.9,380.99,34.829,102.17
420.89,380.84,34.829,102.17
420.95,380.75,34.829,102.17
421.03,380.58,34.829,102.17
420.25,379.3,35.529,104.22
420.99,381.11,34.484,101.15
420.89,380.65,34.829,102.17
420.36,379.26,35.529,104.22
420.04,378.7,35.884,105.26
419.6,377.6,36.606,107.38
420.07,379.11,35.529,104.22
420.41,379.57,35.177,103.19
420.68,379.44,35.177,103.19
420.63,379.58,35.177,103.19
420.47,379.53,35.177,103.19
420.69,379.64,35.177,103.19
421.26,380.27,34.829,102.17
421.26,380.23,34.829,102.17
421.21,380.18,34.829,102.17
427.19,378.66,35.529,104.22
442.85,378.7,35.529,104.22
455.07,376.93,36.606,107.38
471.91,375.94,37.341,109.53
489.42,376.56,36.972,108.45
508.14,375.97,37.341,109.53
524.36,376.19,36.972,108.45
542.73,377.76,36.243,106.31
561.87,378.19,35.884,105.26
577.94,376.35,36.972,108.45
595.14,376.5,36.972,108.45
613.92,377.34,36.243,106.31
604.48,388.42,36.972,108.45
603.62,402.13,36.243,106.31
582.52,385.01,35.529,104.22
567.51,373.95,36.243,106.31
580.54,373.22,35.529,104.22
599.67,372.78,36.606,107.38
602.62,398.83,37.715,110.63
580.75,373.28,38.473,112.85
570.62,375.62,38.473,112.85
572.73,383.97,39.246,115.12
578.01,364.15,39.639,116.27
584.14,363.88,40.84,119.8
596.91,370.92,39.639,116.27
599.55,406.72,40.84,119.8
587.35,399.85,41.248,120.99
578.14,400.79,40.435,118.61
591.12,401.93,41.661,122.2
567.97,363.7,41.661,122.2
574.19,350.75,42.923,125.91
580.78,353.83,44.224,129.72
577.63,350.04,43.352,127.17
577.15,393.68,43.786,128.44
576.97,394.5,43.352,127.17
578.96,396.93,42.498,124.66
563.46,399.3,43.786,128.44
566.33,397.44,45.113,132.33
576.58,396.25,43.786,128.44
573.22,393.92,44.666,131.02
571.44,390.88,45.113,132.33
571.15,393.51,43.786,128.44
569.18,398.95,42.498,124.66
575.12,396.99,42.498,124.66
574.26,395.03,42.498,124.66
572.01,392.03,43.786,128.44
575.21,394.42,42.923,125.91
574.25,392.02,43.352,127.17
573.07,391.68,44.666,131.02
572.61,394.68,43.352,127.17
572.01,392.6,43.786,128.44
572.82,391.4,43.786,128.44
571.06,392.27,45.113,132.33
570.7,391.76,44.224,129.72
570.35,393.38,43.786,128.44
570.37,391.42,44.666,131.02
572.06,391.18,44.666,131.02
572.07,392.34,44.666,131.02
571.87,392.13,44.224,129.72
573.55,394.43,42.923,125.91
574.02,394.52,42.923,125.91
573.34,395.69,42.077,123.43
574.08,395.69,41.248,120.99
573.7,394.77,42.498,124.66
573.45,394.64,42.923,125.91
572.5,391.67,43.786,128.44
572.22,392.9,43.786,128.44
571.99,390.49,44.666,131.02
572.3,391.89,44.224,129.72
572.08,392.21,43.786,128.44
572.85,393.65,43.352,127.17
572.04,391.88,43.786,128.44
572.27,391.71,44.224,129.72
573.58,393.32,42.923,125.91
572.66,391.07,44.224,129.72
572.86,392.32,43.786,128.44
572.15,391.03,44.666,131.02
572.61,391.59,43.786,128.44
574.1,393.95,42.923,125.91
573.1,392.16,43.786,128.44
574.03,393.36,42.498,124.66
574.24,394.15,41.661,122.2
574.83,394.37,41.661,122.2
573.81,393.28,42.923,125.91
573.55,390.96,44.224,129.72
573.74,392.95,43.352,127.17
573.32,392.09,43.786,128.44
574.44,393.77,42.498,124.66
573.52,393.14,42.923,125.91
573.51,392.46,43.352,127.17
575.82,393.5,42.077,123.43
575.27,394.01,41.248,120.99
574.92,393.41,42.498,124.66
575.15,392.58,43.352,127.17
574.43,392.63,42.923,125.91
574.27,393.39,42.498,124.66
573.99,390.89,43.786,128.44
574.41,393.81,42.498,124.66
574.01,393.09,42.923,125.91
573.53,390.89,43.786,128.44
573.84,390.96,43.786,128.44
573.75,391,43.786,128.44
574.23,392.38,42.923,125.91
573.63,390.76,43.786,128.44
572.92,390.63,44.224,129.72
573.6,391.18,43.786,128.44
574.19,390.45,43.786,128.44
573.63,389.67,44.666,131.02
573.57,390.77,43.786,128.44
574.86,393.05,42.498,124.66
575.28,393.79,41.248,120.99
574.66,392.69,42.498,124.66
574.72,392.9,42.498,124.66
574.1,390.59,43.786,128.44
574.14,391.57,43.352,127.17
573.16,389.66,44.224,129.72
574.26,392.14,43.352,127.17
574.07,390.62,43.786,128.44
574.34,391.22,43.352,127.17
575.19,392.33,42.498,124.66
575.45,392.84,42.077,123.43
575.2,392.62,42.077,123.43
575.31,392.74,41.661,122.2
575.51,394.19,40.435,118.61
576.1,395.55,39.639,116.27
575.94,394.17,40.84,119.8
575.35,392.85,41.661,122.2
575.05,391.74,42.923,125.91
576.14,392.35,42.498,124.66
575.06,391.88,42.923,125.91
574.45,389.62,43.786,128.44
573.69,388.78,44.666,131.02
574.14,389.15,44.224,129.72
574.37,389.72,44.666,131.02
573.62,388.76,44.666,131.02
573.62,389.72,43.786,128.44
574.59,391.02,43.352,127.17
575.01,390.95,42.923,125.91
573.85,389.39,43.786,128.44
574.25,388.99,43.786,128.44
575.49,390.93,42.923,125.91
574.24,389.32,43.786,128.44
574.18,389.6,43.786,128.44
574.85,391.81,42.498,124.66
574.86,391.99,42.498,124.66
574.62,389.6,43.786,128.44
575.18,391.01,43.352,127.17
574.41,390.91,42.923,125.91
574.13,390.59,43.352,127.17
574.16,391.99,42.498,124.66
573.64,391.14,43.352,127.17
574.52,392.62,42.077,123.43
574.17,390.93,43.352,127.17
574.74,392.39,42.077,123.43
574.78,390.94,43.352,127.17
573.59,388.6,44.666,131.02
573.09,388.88,44.224,129.72
574.78,390.96,42.923,125.91
574.62,389.36,43.786,128.44
574.6,388.97,43.786,128.44
575.48,390.48,42.923,125.91
574.57,389.17,43.786,128.44
573.92,387.66,45.113,132.33
574.37,388.49,44.224,129.72
574.29,388.11,44.224,129.72
574.76,389.25,43.786,128.44
575.22,389.79,43.352,127.17
576.27,391.54,42.077,123.43
575.31,389.68,43.352,127.17
576.03,390.83,42.077,123.43
575.89,392.03,41.248,120.99
576.95,393.27,40.035,117.44
576.31,392.37,40.84,119.8
576.47,391.29,42.077,123.43
576.72,391.74,41.248,120.99
576.97,391.9,40.84,119.8
576.94,391.12,42.077,123.43
576.42,391.56,42.077,123.43
576.52,391.19,42.077,123.43
576.31,390.31,42.498,124.66
576.48,391.04,42.077,123.43
576.76,391.23,41.661,122.2
576.04,389.24,42.923,125.91
576.78,390.95,41.661,122.2
575.99,390.94,41.661,122.2
576.14,391.22,41.661,122.2
576.29,390.91,41.661,122.2
576.02,391.08,42.077,123.43
576.83,391.53,41.248,120.99
575.71,390.31,42.498,124.66
575.48,389.48,42.923,125.91
574.16,387.32,44.224,129.72
574.48,387.74,43.786,128.44
575.54,389.14,43.352,127.17
576.03,390.07,42.498,124.66
575.21,389.23,43.352,127.17
575.56,389.56,42.498,124.66
575.06,390.66,42.077,123.43
575.28,388.5,43.352,127.17
575.24,389.47,42.923,125.91
575.99,389.83,41.661,122.2
576.21,391.9,40.435,118.61
576.28,390.94,41.248,120.99
575.09,390.73,41.248,120.99
575.38,391.87,40.84,119.8
575.32,389.93,42.077,123.43
574.75,390.48,41.248,120.99
575.27,389.6,41.661,122.2
575.66,389.97,42.498,124.66
576.11,390.27,41.661,122.2
575.81,391.32,40.84,119.8
575.34,390.15,41.661,122.2
576.18,391.77,40.435,118.61
576.23,390.54,41.248,120.99
577.06,391.86,40.035,117.44
576.28,392.6,39.639,116.27
576.06,390.37,40.84,119.8
575.69,390.49,40.84,119.8
575.95,390.33,41.248,120.99
575.92,390.76,41.248,120.99
575.27,389.68,41.661,122.2
575.51,389.71,42.077,123.43
575.15,388.62,42.923,125.91
575.66,389.5,41.661,122.2
576.31,391.51,40.435,118.61
576.19,390.72,40.84,119.8
576.41,390.72,40.435,118.61
575.9,389.73,41.661,122.2
576,389.35,42.077,123.43
576.14,389.79,41.248,120.99
575.33,389.46,41.661,122.2
576.36,389.62,41.248,120.99
575.53,389.35,41.661,122.2
576.73,389,42.077,123.43
577.06,389.1,42.077,123.43
577.43,389.86,40.84,119.8
576.27,389.45,41.248,120.99
576.11,390.03,40.84,119.8
575.79,389.54,41.248,120.99
576.25,389.83,40.84,119.8
575.91,389.08,41.661,122.2
575.91,389.79,40.84,119.8
576.68,389.2,42.077,123.43
576.58,389.46,41.248,120.99
576.47,389.06,41.661,122.2
575.88,388.89,41.661,122.2
575.61,388.88,42.077,123.43
575.04,388.32,42.923,125.91
575.79,389.11,41.661,122.2
576.24,390.57,40.435,118.61
577.09,392.05,39.246,115.12
577.21,390.09,40.435,118.61
576.52,388.9,41.248,120.99
577.19,388.67,41.248,120.99
575.83,388.11,41.661,122.2
576.22,388.95,41.248,120.99
576.06,388.39,41.661,122.2
576.37,388.56,41.661,122.2
576.89,389.66,40.435,118.61
576.55,387.98,41.661,122.2
577.12,388.38,41.248,120.99
577,388.06,42.077,123.43
577.41,387.92,41.661,122.2
576.89,389.61,40.435,118.61
576.99,388.62,41.248,120.99
576.32,388.06,41.661,122.2
575.86,387.89,41.661,122.2
576.02,386.96,42.498,124.66
576.07,386.17,43.352,127.17
576.29,387.18,42.498,124.66
576.35,387.88,41.661,122.2
576.34,387.05,41.661,122.2
576.22,387.56,42.077,123.43
576.65,386.67,41.661,122.2
576.59,388.55,40.84,119.8
576.85,389.74,40.035,117.44
577.12,388.35,40.84,119.8
578.35,390.14,39.639,116.27
579.55,390.09,38.858,113.98
577.36,387.85,40.035,117.44
577.47,387.8,40.435,118.61
577.37,388.42,40.435,118.61
576.78,387.97,41.248,120.99
577.23,387.53,42.077,123.43
577.38,387.29,42.498,124.66
577.54,387.45,41.661,122.2
576.64,386.47,42.923,125.91
576.31,386.54,42.498,124.66
576.14,386.87,41.661,122.2
576.82,389.11,40.435,118.61
578.37,390.08,39.246,115.12
577.87,388.2,40.435,118.61
577,388.44,40.84,119.8
576.36,386.84,41.661,122.2
576.45,387.11,41.248,120.99
576.72,386.32,41.661,122.2
577.52,385.9,42.077,123.43
576.29,384.26,43.352,127.17
576.34,384.44,42.923,125.91
576.55,385.49,42.077,123.43
576.79,386.67,40.84,119.8
576.02,387.97,40.035,117.44
576.25,386.22,40.84,119.8
574.87,385.23,41.661,122.2
574.26,387.27,40.435,118.61
573.68,386.14,41.248,120.99
573.45,387.47,40.035,117.44
572.86,386.19,41.248,120.99
572.19,386.25,41.248,120.99
571.66,385.89,41.248,120.99
572.34,387.32,40.035,117.44
554.51,386.95,40.84,119.8
539.25,387.77,40.435,118.61
519.95,385.5,41.661,122.2
501.62,385.86,42.077,123.43
510.46,389.73,40.84,119.8
497.45,391.67,39.639,116.27
488.42,393.07,38.473,112.85
494.65,396.77,37.341,109.53
481.63,398.48,36.243,106.31
453.29,400.77,36.972,108.45
452.43,398.98,35.884,105.26
427.92,399.16,36.243,106.31
413.14,400.26,35.529,104.22
402.37,402.99,34.829,102.17
374.57,403.85,34.143,100.15
356.57,403.17,34.829,102.17
342.89,405.94,33.805,99.161
326.14,406.41,33.139,97.207
308.37,407.36,33.47,98.179
294.38,408.23,33.47,98.179
273.38,408.12,33.805,99.161
261.95,406.99,34.143,100.15
245.35,407.18,34.829,102.17
229.82,408.57,34.829,102.17
212.16,406.82,34.143,100.15
192.16,409.1,33.47,98.179
171.4,411.17,32.811,96.244
156.56,413.08,32.811,96.244
132.37,412.02,32.486,95.291
121.13,414.35,31.53,92.489
117.9,415.22,31.846,93.414
90.48,415.65,31.846,93.414
101.79,417.39,31.218,91.573
112.87,413.36,31.846,93.414
121.65,415.75,31.218,91.573
116.56,415.87,31.53,92.489
110.68,414.84,31.53,92.489
87.03,416.01,31.218,91.573
114.3,416.13,30.603,89.769
117.42,417.91,30,88
112.32,414.35,30.909,90.666
112.47,415.94,30.3,88.88
115.71,416.76,29.409,86.266
112.69,417.78,29.703,87.129
111.98,417.24,30.3,88.88
115.38,415.19,31.218,91.573
112.13,416.52,30.3,88.88
113.76,414.51,30.603,89.769
113.11,413.72,30.909,90.666
113.2,415.8,30.603,89.769
113.73,414.3,31.53,92.489
113.5,414.49,31.53,92.489
112.64,413.63,31.53,92.489
115.32,415.37,30.603,89.769
107.59,416.63,30.603,89.769
111.95,415.1,30.909,90.666
114.79,414.67,30.909,90.666
112.72,413.5,31.53,92.489
112.41,412,32.486,95.291
114.77,413.1,32.164,94.348
108.98,410.87,32.811,96.244
116.44,413.33,31.846,93.414
114,413.87,31.218,91.573
110.47,412.59,31.53,92.489
112.97,413.09,31.846,93.414
113.15,413.32,30.909,90.666
116.57,413.53,31.53,92.489
111.48,412.66,31.846,93.414
108.98,413.05,32.164,94.348
107.95,409.5,33.139,97.207
111.69,412.74,32.164,94.348
113.16,413.36,31.218,91.573
115.22,414.17,30.3,88.88
114.5,415.24,29.703,87.129
115.33,415.08,29.703,87.129
111.04,413.53,30.603,89.769
112.6,414.93,30,88
111.59,414.43,30.3,88.88
113.75,413.62,30.909,90.666
114.21,413.01,30.909,90.666
111.66,413.27,31.53,92.489
110.33,412.99,31.53,92.489
110.34,410.9,31.846,93.414
110.96,412.39,31.846,93.414
110.46,412.63,32.164,94.348
109.05,410.44,32.486,95.291
112.47,412.75,31.53,92.489
111.61,412.58,31.846,93.414
110.66,413.06,31.53,92.489
108.3,411.99,31.846,93.414
111.31,412.25,31.218,91.573
110.62,413.48,30.3,88.88
113.14,413.55,30.3,88.88
111.68,413.15,30.603,89.769
111.6,413.65,30,88
108.95,413.78,29.703,87.129
110.27,412.91,30.603,89.769
108.58,411.37,31.53,92.489
109.6,411.34,31.53,92.489
112.21,412.16,30.909,90.666
110.4,412.29,30.603,89.769
110.02,411.27,31.53,92.489
109.37,411.07,32.164,94.348
111.04,412.03,31.218,91.573
109.96,412.08,30.909,90.666
111.93,411.65,31.218,91.573
110.37,412.73,30.603,89.769
108.53,411.42,31.53,92.489
109.07,411.78,30.909,90.666
107.83,412.81,30.603,89.769
110.5,413.46,30,88
110.86,413.91,29.703,87.129
109.56,413.49,30.3,88.88
109.25,413.55,29.409,86.266
109.72,412.89,29.703,87.129
108.74,413.37,29.703,87.129
109.87,414.01,30,88
109.21,413.65,29.703,87.129
110.31,413.08,30.603,89.769
107.92,413.09,29.703,87.129
109.14,413.55,30.3,88.88
110.42,413.3,30,88
111.03,413.87,29.703,87.129
110.23,412.51,30.603,89.769
109.22,413.82,30.3,88.88
110.26,414.81,29.409,86.266
110.51,414.56,29.409,86.266
110,413.26,30.3,88.88
109.59,413.11,30.603,89.769
110.31,413.04,30.603,89.769
108.87,412.12,30.909,90.666
110.8,413.2,30.603,89.769
110.81,414.49,29.703,87.129
110.48,414.23,29.703,87.129
111.32,415.02,29.409,86.266
109.55,414.08,30.3,88.88
111.75,413.9,29.703,87.129
110.09,414.61,29.409,86.266
110.13,414.36,29.703,87.129
109.93,414.95,30.3,88.88
110.63,413.59,30.603,89.769
106.48,413.03,30.603,89.769
109.24,412.75,30.909,90.666
107.63,413,30.603,89.769
108.47,413.55,30.3,88.88
109.92,415.74,30,88
112.94,415.14,30.3,88.88
110.57,414.95,30.3,88.88
110.02,414.89,30,88
110.58,414.16,30,88
111,414.02,30.3,88.88
109.56,413.32,30.909,90.666
109.41,412.66,31.53,92.489
109.21,413.43,30.603,89.769
110.65,413.28,31.53,92.489
108.78,411.96,32.486,95.291
112.36,413.85,31.53,92.489
113.16,413.99,31.846,93.414
111.44,412.63,32.164,94.348
114.39,414.03,31.53,92.489
110.81,414.46,31.53,92.489
112.47,414.95,30.603,89.769
112.97,414.26,30.909,90.666
111.61,413.89,31.53,92.489
111.37,413.63,32.164,94.348
111.31,413.32,32.811,96.244
109.54,412.98,33.139,97.207
111.99,412.5,33.805,99.161
113.01,413.9,32.811,96.244
112.55,412.9,33.47,98.179
112.86,413,32.486,95.291
113.12,413.8,32.811,96.244
114.26,415.04,31.846,93.414
113.89,415.78,31.218,91.573
114.52,415.72,31.846,93.414
114.46,416.77,31.218,91.573
113.99,416.71,30.909,90.666
113.37,414.88,31.53,92.489
116.83,416.25,30.603,89.769
114.94,416.6,30.909,90.666
116.27,416.68,30.603,89.769
115.6,418.19,29.703,87.129
117.76,420.79,28.829,84.566
120.68,419.66,29.703,87.129
118.39,419.18,30,88
117.25,418.73,30.3,88.88
117.78,419.96,29.409,86.266
117.61,419.27,29.703,87.129
118.84,417.53,30.603,89.769
118.07,418.32,30,88
116.52,416.62,30.909,90.666
118.14,418.03,30.3,88.88
117.2,417.72,29.703,87.129
116.79,416.57,30.603,89.769
117.41,418.02,29.703,87.129
117.6,416.75,30.603,89.769
116.64,415.97,30.603,89.769
117.76,417.04,30,88
118.97,417.76,29.118,85.412
114.06,416.88,29.703,87.129
117.3,416.24,30,88
115.71,415.4,30.603,89.769
116.37,413.79,31.218,91.573
116.78,415.3,30.3,88.88
115.47,415.35,30.3,88.88
112.5,414.31,30.603,89.769
112.44,413.18,31.53,92.489
114.2,414.93,30.603,89.769
115.03,416.04,29.703,87.129
114.22,415.31,29.703,87.129
115.07,416.2,29.118,85.412
114.8,414.92,30,88
113.23,414.51,30.3,88.88
116.18,413.94,30,88
114.27,414.08,29.703,87.129
112.93,413.29,30.3,88.88
114.95,413.48,30.3,88.88
114.36,413.92,29.703,87.129
113.96,414.24,30.3,88.88
113.05,413.54,30.3,88.88
113.94,413.11,30.603,89.769
111.08,412.6,30.603,89.769
112.91,411.46,31.53,92.489
110.16,410.52,31.846,93.414
112.29,410.45,31.846,93.414
109.87,411.01,31.218,91.573
111.31,411.14,30.603,89.769
109.68,412.17,30.3,88.88
111.71,412.16,30.603,89.769
111.07,413.25,30.3,88.88
110.82,413.35,29.703,87.129
112.98,412.57,30.603,89.769
109.43,413.25,29.703,87.129
109.42,414.02,29.409,86.266
109.82,414.04,29.703,87.129
109.73,414.3,29.703,87.129
111.52,414.45,30,88
110.36,412.8,30.909,90.666
108.85,414.53,30.3,88.88
107.18,414.41,30.3,88.88
108.49,413.98,30.603,89.769
108.12,414.47,30.603,89.769
109.07,415.88,29.703,87.129
108.76,415.55,29.703,87.129
108.12,416.23,30.3,88.88
108,415.05,30.603,89.769
109.92,415.38,30,88
109.27,413.68,29.409,86.266
111.85,402.92,28.544,83.729
111.34,387.39,29.409,86.266
103.77,392.85,29.703,87.129
96.139,410.99,29.703,87.129
101,411.78,28.829,84.566
97.757,410.4,28.544,83.729
86.189,408.67,27.982,82.079
85.842,407.7,28.544,83.729
101.21,405.62,29.409,86.266
96.878,403.79,29.409,86.266
88.016,404.27,30,88
79.961,408.03,29.703,87.129
83.882,405.45,28.829,84.566
69.446,403.47,29.703,87.129
79.509,407.78,28.829,84.566
105.72,403.96,28.544,83.729
102.74,401.76,29.118,85.412
113.66,404.85,29.118,85.412
111.39,405.69,28.261,82.9
94.612,404.33,28.829,84.566
91.621,398.26,29.409,86.266
76.571,406.13,29.118,85.412
70.714,406.12,28.544,83.729
76.592,407.13,27.982,82.079
71.099,403.49,28.261,82.9
76.439,407.24,27.704,81.267
71.099,428.23,27.159,79.665
76.899,412.66,27.159,79.665
98.259,413.73,26.623,78.096
114.53,415.61,26.89,78.876
99.872,414.8,27.704,81.267
90.463,416.48,27.704,81.267
100.44,412.9,27.982,82.079
108.31,411.79,28.829,84.566
108.37,409.68,29.118,85.412
122.53,406.7,28.261,82.9
107.19,407.16,28.544,83.729
98.235,407.92,29.118,85.412
78.871,401.81,29.703,87.129
77.009,410.41,29.118,85.412
52.07,410.13,28.261,82.9
45.127,402.29,28.261,82.9
31.378,414.62,27.982,82.079
33.135,420.18,27.43,80.462
44.097,414.41,27.704,81.267
51.639,414.99,27.159,79.665
46.129,427.66,27.43,80.462
75.216,427.37,27.982,82.079
65.152,423.27,27.159,79.665
49.585,432.03,26.36,77.322
34.214,427.09,25.585,75.048
47.535,436.12,26.099,76.557
56.231,425.49,26.099,76.557
63.439,417.74,26.89,78.876
47.923,418.01,27.704,81.267
47.234,423.69,27.704,81.267
31.683,422.41,28.544,83.729
27.311,413.72,27.704,81.267
14.858,424.01,27.43,80.462
34.381,422.87,27.982,82.079
17.321,426.45,27.43,80.462
21.424,429.19,26.89,78.876
14.131,429.38,26.89,78.876
13.802,425.97,27.159,79.665
15.907,427.12,26.623,78.096
22.778,432.62,26.89,78.876
40.668,422.97,26.36,77.322
25.381,417.32,25.84,75.799
17.85,431.46,25.84,75.799
23.802,434.44,25.84,75.799
21.858,433.83,26.36,77.322
31.873,420.19,25.585,75.048
20.018,433.57,25.081,73.57
18.313,434.67,24.343,71.406
20.953,436.64,23.627,69.306
17.443,434.87,23.161,67.94
33.17,407.5,23.863,69.999
45.904,420.11,23.863,69.999
46.425,424.81,24.586,72.12
63.873,428.47,24.832,72.841
57.462,441.91,24.586,72.12
70.463,445.1,24.343,71.406
66.765,426.07,25.081,73.57
66.372,425.34,25.585,75.048
58.929,410.28,25.585,75.048
61.614,422.27,25.081,73.57
56.164,441.03,24.343,71.406
48.694,438.97,25.081,73.57
64.061,425.93,25.081,73.57
65.17,425.24,25.331,74.305
46.633,411.49,25.84,75.799
52.094,408.01,26.36,77.322
59.884,412.65,27.159,79.665
54.281,401.07,27.982,82.079
52.926,408.6,28.261,82.9
55.379,408.6,29.118,85.412
54.255,410.26,29.409,86.266
54.907,408.4,28.544,83.729
58.991,415.17,29.118,85.412
64.648,411.32,29.118,85.412
80.916,430.64,29.703,87.129
58.834,420.9,30.603,89.769
71.407,415.78,31.218,91.573
105.84,432.4,30.3,88.88
91.806,438.62,29.409,86.266
74.625,434.82,28.829,84.566
66.263,434.87,28.829,84.566
66.923,428.62,27.982,82.079
53.362,431.47,28.261,82.9
68.553,438.15,27.704,81.267
64.861,433.36,27.704,81.267
80.781,432.81,28.544,83.729
93.55,419.88,29.409,86.266
103.33,420.81,28.829,84.566
119.63,429.67,28.829,84.566
117.76,419.16,28.544,83.729
115.68,419.64,28.544,83.729
118.82,420.77,28.261,82.9
115.73,419.25,28.261,82.9
115.98,421.46,27.982,82.079
119.19,418.84,28.261,82.9
117.53,420,27.704,81.267
111.84,421.11,28.544,83.729
116.05,419.77,27.982,82.079
117.75,417.6,28.261,82.9
106.5,418.19,28.544,83.729
119.38,430.41,29.409,86.266
118.18,413.97,30.3,88.88
118.4,415.49,30.3,88.88
117.1,417.35,29.409,86.266
118.35,415.72,30,88
118.3,414.65,30.3,88.88
119.29,415.24,29.409,86.266
117.65,413.58,30.3,88.88
117.23,413.62,29.703,87.129
119.87,415.17,28.829,84.566
119.16,414.22,29.409,86.266
118.67,413.42,30,88
117.45,414.04,29.703,87.129
116.06,414.07,29.118,85.412
119.02,413.79,29.409,86.266
120.05,411.57,30,88
118.77,412.54,29.703,87.129
119.05,412.73,29.703,87.129
117.86,413.86,30,88
118.36,412.56,30.603,89.769
117.98,413.57,29.703,87.129
117.49,413.87,30.603,89.769
117.49,412.51,31.53,92.489
118.12,412.4,31.53,92.489
118.02,412.26,30.603,89.769
117.19,412.85,31.53,92.489
117.49,412.81,30.603,89.769
118.32,412.82,30.909,90.666
117.79,413.04,30.603,89.769
117.49,413.5,29.703,87.129
117.84,414.37,29.703,87.129
119.16,414.53,28.829,84.566
118.59,414.77,29.118,85.412
119.31,415.7,28.829,84.566
118.97,416.3,28.261,82.9
119.98,415.73,28.829,84.566
116.95,415.58,29.703,87.129
118.51,413.06,30.603,89.769
116.65,413.78,30,88
117.15,412.83,30.603,89.769
117.39,414.28,30.3,88.88
118.16,415.39,30,88
117.89,415.83,29.409,86.266
118.44,415.54,30,88
117.3,416.12,29.703,87.129
117.15,414.16,30.603,89.769
118.61,414.67,30.3,88.88
118.94,415.79,30,88
118.12,415.65,29.703,87.129
118.04,415.58,29.409,86.266
118.73,416.6,28.829,84.566
118.46,417.11,28.829,84.566
116.82,416.32,29.409,86.266
118.05,415.89,29.409,86.266
118.61,416.47,29.118,85.412
118.25,416.11,29.703,87.129
118.15,416.5,29.703,87.129
117.66,417.72,29.118,85.412
118.5,417.19,28.829,84.566
118.42,417.86,28.261,82.9
118.63,418.65,27.704,81.267
116.85,417.24,28.544,83.729
117.82,417.68,28.829,84.566
117.68,416.88,28.544,83.729
119.25,417.25,28.261,82.9
118.61,418.48,27.43,80.462
119.23,418.61,27.704,81.267
118.88,418.57,27.704,81.267
118.31,417.25,28.544,83.729
117.1,417.13,28.261,82.9
118.02,416.68,28.261,82.9
118.86,417.1,27.982,82.079
117.71,416.68,28.261,82.9
118.04,417.45,27.43,80.462
118.12,418.34,27.159,79.665
118.83,418.22,27.159,79.665
118.65,417.51,27.43,80.462
117.7,415.64,28.261,82.9
117.06,417.95,27.704,81.267
117.87,416.33,28.261,82.9
117.91,416.21,28.261,82.9
118.2,417.05,27.704,81.267
117.92,417.11,27.43,80.462
118.12,416.58,27.43,80.462
117.95,419.22,26.89,78.876
119.01,416.92,27.704,81.267
117.94,415.44,28.544,83.729
117.94,415.17,29.118,85.412
117.29,415.12,29.118,85.412
116.32,414.31,29.703,87.129
119.17,415.11,28.829,84.566
118.04,414.96,28.829,84.566
118.82,415.45,28.829,84.566
116.86,414.4,29.409,86.266
118.05,414.24,29.409,86.266
117.79,415.1,28.544,83.729
117.42,414.42,29.118,85.412
116.58,414.51,29.409,86.266
118.41,414.41,28.544,83.729
117.31,414.96,28.544,83.729
118.07,414.58,29.118,85.412
117.66,415.29,28.261,82.9
116.59,415.2,28.261,82.9
117.15,414.71,28.544,83.729
117.23,413.98,29.118,85.412
116.4,413.32,30,88
116.67,413.71,29.703,87.129
117.37,412.48,29.703,87.129
115.9,411.96,30.603,89.769
116.79,412.07,30.3,88.88
116.38,412.75,29.703,87.129
118.36,410.66,29.118,85.412
