527,84,341,160
535.91,80.192,351.33,164.85
519.21,83.773,341,160
512.75,85.306,344.41,161.6
509.55,83.818,354.85,166.5
517.32,87.087,361.98,169.84
521.89,87.597,372.95,174.99
531.64,90.634,365.6,171.54
545.59,89.629,369.25,173.26
556,86.872,380.44,178.51
559.6,83.489,388.09,182.09
553.67,79.737,391.97,183.92
545.58,78.296,395.89,185.76
521.75,85.869,399.85,187.61
510.64,91.633,403.85,189.49
490.2,102.22,403.85,189.49
466.22,101.78,416.08,195.23
482.82,110.07,403.85,189.49
437.3,145.05,416.08,195.23
429.91,120.66,420.25,197.18
407.16,154.47,420.25,197.18
402.4,150.58,416.08,195.23
395.5,157.5,420.25,197.18
407.16,174.91,411.97,193.3
400.03,183.45,403.85,189.49
382.97,181.61,416.08,195.23
355.02,165.72,424.45,199.15
366.41,166.04,411.97,193.3
365.61,157.65,420.25,197.18
535.29,138.66,407.89,191.38
553.05,141.63,395.89,185.76
599.28,141.27,391.97,183.92
631.5,140.64,399.85,187.61
629.54,119.04,399.85,187.61
696.54,121.69,388.09,182.09
721.25,108.7,399.85,187.61
740.68,100.05,407.89,191.38
744.58,79.782,399.85,187.61
782.16,92.732,388.09,182.09
479.61,106.26,384.25,180.29
413.71,104.74,388.09,182.09
435.15,108.45,391.97,183.92
460.47,91.114,388.09,182.09
474.95,82.518,395.89,185.76
474.05,77.479,403.85,189.49
566.87,76.773,411.97,193.3
591.56,87.952,420.25,197.18
620.5,91.623,424.45,199.15
634.81,90.383,432.98,203.16
654.97,91.864,446.1,209.31
705.19,95.3,441.68,207.24
716.83,105.58,428.69,201.15
637.19,114.23,416.08,195.23
658.94,112.32,416.08,195.23
680.44,115.5,407.89,191.38
685.61,104.54,420.25,197.18
731.86,103.89,428.69,201.15
733.84,99.135,428.69,201.15
742.66,98.221,416.08,195.23
759.41,97.428,416.08,195.23
690.94,77.379,424.45,199.15
730.44,83.62,420.25,197.18
739.38,75.404,432.98,203.16
729.43,55.522,437.31,205.19
719.49,-25.854,450.56,211.41
718.81,55.92,459.62,215.66
740.67,58.487,450.56,211.41
714.99,-36.095,441.68,207.24
718.67,-39.115,446.1,209.31
617.05,64.042,455.07,213.52
631.62,61.063,464.21,217.81
643.97,53.221,478.28,224.41
669.62,63.704,468.85,219.99
674.85,56.019,478.28,224.41
705.74,68.391,464.21,217.81
714.38,64.261,450.56,211.41
720.96,66.828,464.21,217.81
734.31,63.47,464.21,217.81
736.75,59.491,464.21,217.81
741.84,57.127,459.62,215.66
720.91,63.161,450.56,211.41
586.34,80.793,437.31,205.19
610.94,79.95,428.69,201.15
688.32,72.799,424.45,199.15
692.29,66.948,416.08,195.23
732.59,83.222,411.97,193.3
735.76,77.947,399.85,187.61
761.46,82.555,388.09,182.09
693.34,86.621,391.97,183.92
712.3,91.587,380.44,178.51
731.81,95.609,391.97,183.92
739.28,98.091,391.97,183.92
745.42,96.913,391.97,183.92
757.11,71.996,384.25,180.29
761.14,77.973,384.25,180.29
760.11,78.413,380.44,178.51
744.99,86.582,384.25,180.29
757.11,41.681,372.95,174.99
766.53,51.959,365.6,171.54
763.47,66.735,376.68,176.74
762.95,58.054,384.25,180.29
725.4,22.557,388.09,182.09
733.03,26.336,388.09,182.09
730.89,35.462,399.85,187.61
730.87,35.482,403.85,189.49
729.11,56.231,403.85,189.49
735.21,41.355,395.89,185.76
750.41,48.541,388.09,182.09
765.32,48.09,376.68,176.74
771.33,52.677,365.6,171.54
766.85,60.216,354.85,166.5
772.19,62.706,358.39,168.16
771.47,66.562,358.39,168.16
783.47,65.592,351.33,164.85
773.45,43.975,361.98,169.84
760.28,45.663,372.95,174.99
753.64,48.604,369.25,173.26
757.86,43.325,380.44,178.51
756.1,42.102,388.09,182.09
760.96,27.747,380.44,178.51
761.09,22.019,380.44,178.51
768.41,25.656,376.68,176.74
774.38,21.068,365.6,171.54
769.59,22.544,361.98,169.84
765.72,22.277,354.85,166.5
784.22,28.054,347.85,163.22
780.27,22.662,354.85,166.5
779.85,22.203,344.41,161.6
794.27,25.879,341,160
743.44,48.191,334.28,156.85
740.65,37.619,344.41,161.6
789.69,24.414,337.62,158.42
787.51,23.074,347.85,163.22
778.77,18.854,354.85,166.5
762.92,37.234,344.41,161.6
780.5,22.08,347.85,163.22
759.86,31.637,358.39,168.16
778.58,29.007,347.85,163.22
786.48,38.93,337.62,158.42
786.31,33.274,347.85,163.22
791.08,29.365,341,160
789.69,43.952,337.62,158.42
795.5,33.412,327.69,153.76
795.94,37.703,318.06,149.23
783.38,30.451,311.79,146.29
775.92,29.542,321.24,150.73
783.93,33.448,311.79,146.29
784.88,30.415,311.79,146.29
801.78,29.738,302.62,141.99
807.45,35.268,293.72,137.82
815.14,62.035,285.08,133.76
826.48,45.99,282.26,132.44
748.64,61.848,273.96,128.54
754.4,47.982,265.9,124.76
758.3,51.333,271.25,127.27
771.69,56.743,273.96,128.54
781.76,51.158,271.25,127.27
802.64,59.839,273.96,128.54
803,44.445,282.26,132.44
811.55,51.541,273.96,128.54
816.24,57.551,271.25,127.27
820.09,65.568,263.27,123.53
818.69,68.907,271.25,127.27
817.69,70.06,273.96,128.54
816.85,72.22,265.9,124.76
814.39,69.559,271.25,127.27
814.99,67.788,271.25,127.27
822.16,68.999,263.27,123.53
828.06,68.049,258.08,121.09
834.89,69.276,250.49,117.53
836.33,71.086,248.01,116.37
842.78,76.132,240.72,112.95
841.15,79.726,235.97,110.72
861.86,75.607,235.97,110.72
831.38,85.199,243.12,114.08
831.91,104.96,235.97,110.72
887.43,71.092,243.12,114.08
892.52,74.597,238.33,111.83
893.87,71.482,245.56,115.22
898.45,71.653,250.49,117.53
904.06,71.746,250.49,117.53
909.87,73.961,243.12,114.08
828.71,69.159,250.49,117.53
714.18,94.858,245.56,115.22
717.1,89.054,238.33,111.83
726.55,83.102,245.56,115.22
738.93,87.265,245.56,115.22
735.44,85.625,253,118.71
745.79,85.623,245.56,115.22
755.27,85.812,243.12,114.08
830.76,85.425,250.49,117.53
833.01,86.686,243.12,114.08
793.8,90.195,245.56,115.22
803.39,94.225,250.49,117.53
805.89,97.115,245.56,115.22
806.45,98.158,245.56,115.22
816.59,96.007,250.49,117.53
815.02,93.166,253,118.71
815.72,85.905,258.08,121.09
817.42,82.423,265.9,124.76
823.6,78.077,260.66,122.3
830.61,77.417,255.53,119.89
833.6,75.894,248.01,116.37
837.06,74.779,248.01,116.37
841.58,78.128,240.72,112.95
846.51,76.883,233.64,109.62
846.21,74.116,238.33,111.83
838.85,75.299,240.72,112.95
836.52,72.351,240.72,112.95
817.55,83.549,248.01,116.37
817.55,82.925,250.49,117.53
822.24,85.085,248.01,116.37
830.4,95.408,240.72,112.95
833.79,98.698,233.64,109.62
