432,64,19,50
428.33,64.859,19.576,51.515
423.38,64.508,19.19,50.5
419.34,65.744,19.576,51.515
414.28,66.602,19.576,51.515
409.91,67.538,19,50
405.88,70.166,18.812,49.505
398.05,70.088,19,50
399.11,60.691,18.441,48.53
398.74,62.543,17.899,47.102
397.58,64.877,17.372,45.717
397.04,65.57,17.03,44.816
390.29,51.673,16.695,43.933
385.31,50.864,17.2,45.264
382.26,50.259,17.546,46.174
378.46,49.905,17.722,46.636
373.97,49.135,18.259,48.049
366.06,68.646,17.722,46.636
358.77,68.847,17.546,46.174
353.73,71.504,17.899,47.102
350.25,70.505,18.441,48.53
343.83,71.867,19,50
337.59,73.266,18.441,48.53
318.31,77.073,18.626,49.015
316.23,76.823,19.19,50.5
313.19,77.19,19.382,51.005
320.93,76.771,19.771,52.03
320.73,77.857,19.382,51.005
328.09,77.883,19.19,50.5
328.35,79.404,18.812,49.505
329.54,80.723,18.812,49.505
330.32,80.832,19,50
330.2,82.326,19,50
328.7,82.257,19.576,51.515
324.66,76.488,19.969,52.551
324.84,79.953,19.576,51.515
329.67,84.469,19,50
327.48,88.195,18.441,48.53
324.92,88.211,18.626,49.015
324.07,85.452,18.626,49.015
327.53,91.291,19,50
320.77,84.001,19,50
298.67,88.803,18.441,48.53
295.54,93.696,18.259,48.049
297.51,89.817,18.441,48.53
320.12,86.195,18.626,49.015
320.21,87.534,19.19,50.5
320.41,90.926,19.382,51.005
315.33,89.983,19.771,52.03
311.86,91.551,20.371,53.607
323.47,92.592,20.169,53.076
319.95,116.61,19.969,52.551
338.63,132.64,19.771,52.03
335,155.07,19.382,51.005
334.32,156.37,19.969,52.551
339.32,132.47,19.576,51.515
355.83,119.14,20.169,53.076
365.98,128.39,19.771,52.03
367.64,128.1,19.771,52.03
363.93,131.16,20.169,53.076
364.61,130.66,20.574,54.143
353.79,115.62,20.574,54.143
357.64,129.74,20.371,53.607
353.77,117.53,20.988,55.231
353.3,123.97,20.371,53.607
354.63,134.14,19.771,52.03
357.1,135.01,19.576,51.515
374.95,128.7,19.382,51.005
374.5,126.8,19.969,52.551
375.44,127.67,19.382,51.005
374.17,132.03,18.812,49.505
370.94,131.84,18.626,49.015
371.01,130.46,18.078,47.573
370.72,131.78,18.626,49.015
370.3,131.28,19,50
368.75,131.62,19.382,51.005
367.33,132.89,19.19,50.5
366.54,128.42,19.382,51.005
363.16,134.31,19.576,51.515
362.36,135.56,20.169,53.076
357.95,133.72,20.574,54.143
355.21,135.89,20.371,53.607
352.14,136.12,19.969,52.551
355.26,137.32,19.576,51.515
353.38,134.92,19.969,52.551
350.53,138.65,20.169,53.076
349.23,135.04,20.78,54.684
344.96,138.66,21.41,56.341
344.58,145.76,22.058,58.048
339.66,137.76,21.624,56.905
338.01,136.28,22.279,58.629
335.22,140.72,22.502,59.215
335.14,145.77,22.954,60.405
331.95,141.34,22.954,60.405
329.77,139.49,22.279,58.629
325.09,143.57,22.502,59.215
324.54,147.22,22.502,59.215
316.7,146.08,22.058,58.048
312.49,144.91,22.502,59.215
308.47,148.6,22.954,60.405
304.79,150.54,23.65,62.236
306.82,145.12,24.125,63.487
302.54,145.73,23.415,61.62
298.3,150.68,24.125,63.487
298.55,147.34,24.61,64.763
295.2,148.28,24.366,64.122
292.21,152.18,24.61,64.763
288.33,150.73,24.125,63.487
286.43,149.8,24.856,65.41
285.27,151.12,24.856,65.41
283.53,151.72,25.609,67.392
280.05,154.26,25.865,68.066
277.81,160,26.385,69.435
277.92,155.22,26.385,69.435
274.32,156.33,26.915,70.83
273.02,157.93,26.124,68.747
268.66,157.55,26.124,68.747
264.96,161.33,26.124,68.747
264.29,164.91,25.865,68.066
263.13,163.48,26.124,68.747
261.83,163.53,26.915,70.83
259.55,162.32,26.385,69.435
257.54,162.59,27.185,71.538
250.81,165.53,26.649,70.129
248.67,165.1,25.865,68.066
246.55,167.16,25.609,67.392
243.01,171.19,25.105,66.065
238.03,172.54,25.609,67.392
234.27,171.81,26.124,68.747
228.92,172.17,26.915,70.83
224.57,174.83,27.456,72.254
217.36,175.32,26.649,70.129
214.02,173.58,26.385,69.435
210.83,175.06,26.385,69.435
205.29,180.35,26.385,69.435
203.15,181.2,26.915,70.83
197.12,180.69,27.185,71.538
201.74,180.71,27.731,72.976
197.53,184.36,27.185,71.538
197.77,197.59,27.456,72.254
224.8,233.57,28.288,74.443
224.78,234.34,27.731,72.976
217.8,235.4,27.731,72.976
234.6,234.19,26.915,70.83
233.9,233.56,27.185,71.538
236.75,233.47,27.185,71.538
237.73,234.59,26.385,69.435
239.14,233,26.915,70.83
236.67,231.66,27.731,72.976
235.28,232.24,27.731,72.976
241.04,232,27.185,71.538
243.98,232.29,26.649,70.129
246.08,232.11,25.865,68.066
250.67,195.58,26.385,69.435
242.69,201.16,27.185,71.538
216.81,197.28,28.008,73.706
210.76,196.53,28.008,73.706
237.05,209.49,28.571,75.188
270.18,210.25,28.857,75.939
298.68,207.41,29.146,76.699
308.31,206.14,28.288,74.443
308.14,209.06,27.731,72.976
305.85,212.3,27.185,71.538
298.4,212.14,28.008,73.706
294.34,212.8,27.731,72.976
290.26,215.55,28.008,73.706
288.86,218.69,27.185,71.538
284.47,217.32,28.008,73.706
281.58,218.73,27.731,72.976
276.15,220.9,26.915,70.83
271.51,223.84,26.649,70.129
265.14,224.45,27.456,72.254
259.93,224.13,26.649,70.129
254.82,225.61,26.649,70.129
248.5,227.45,27.456,72.254
240.91,228.79,27.185,71.538
232.8,227.71,27.456,72.254
225.66,231.2,26.649,70.129
218.27,234.98,27.185,71.538
210,236.31,26.649,70.129
205.06,235.92,26.124,68.747
198.58,235.78,26.915,70.83
189.76,240.7,27.185,71.538
182.52,243.47,28.008,73.706
184.87,244.38,27.731,72.976
212.04,243.06,28.571,75.188
236.84,245.97,29.437,77.466
250.57,248.23,29.731,78.241
255.19,244.88,29.731,78.241
245.57,244.48,30.632,80.611
234.95,247.42,31.56,83.054
227.19,250.46,32.517,85.571
218.68,250.07,33.502,88.163
209.69,249.25,34.175,89.935
205.67,252.31,33.837,89.045
191.38,255.52,34.862,91.743
179.54,251.7,35.563,93.587
171.8,252.7,36.278,95.468
164.98,255.68,37.377,98.361
153.76,259.97,37.377,98.361
148.52,259.94,38.51,101.34
140.28,259.16,38.895,102.35
133.94,262.7,38.895,102.35
