94,131,13,19
94.672,131.27,13.261,19.382
96.027,131.54,13.528,19.771
93.604,131.14,13.394,19.576
95.774,131.8,13,19
94.25,131.12,12.871,18.812
94.021,131.72,12.493,18.259
93.475,132.21,12.125,17.722
92.081,133.88,12.125,17.722
93.945,133.28,12.247,17.899
90.908,131.75,12.125,17.722
86.86,132.85,11.886,17.372
85.951,137.65,11.652,17.03
88.456,136.75,11.886,17.372
90.319,132.27,11.537,16.862
88.278,132.29,11.198,16.366
92.457,132.3,11.537,16.862
91.469,126.74,11.31,16.529
82.812,134.23,11.537,16.862
84.596,135.54,11.31,16.529
85.174,134.75,11.087,16.204
80.391,132.84,11.087,16.204
79.17,132.44,11.31,16.529
79.504,131.93,11.652,17.03
79.585,132.34,11.31,16.529
88.856,130.81,11.652,17.03
85.784,130.79,11.886,17.372
84.234,130.8,11.537,16.862
82.419,130.47,11.31,16.529
81.246,131.24,11.537,16.862
79.207,129.95,11.31,16.529
78.901,131.08,11.537,16.862
78.945,131.33,11.198,16.366
87.815,130.62,11.31,16.529
86.968,130.51,10.977,16.043
94.524,131.64,11.087,16.204
86.936,131.04,11.087,16.204
82.272,131.74,10.977,16.043
87.535,126.75,11.31,16.529
86.874,126.13,11.087,16.204
81.808,131.94,10.761,15.727
82.186,123.22,10.761,15.727
82.465,124.29,10.977,16.043
77.858,133.03,11.087,16.204
76.62,129.73,10.977,16.043
75.491,131.54,11.31,16.529
75.421,130.29,10.977,16.043
75.269,132.2,11.087,16.204
74.696,133.63,11.087,16.204
72.911,130.2,10.977,16.043
79.415,134.82,11.31,16.529
82.989,141.84,10.977,16.043
83.584,142.83,11.087,16.204
82.424,140.33,11.31,16.529
85.69,140.65,10.977,16.043
80.033,148.61,11.31,16.529
79.603,149.65,11.537,16.862
79.717,149.46,11.537,16.862
78.889,150.95,11.31,16.529
79.245,149.48,11.537,16.862
79.217,150.41,11.537,16.862
78.73,143.68,11.652,17.03
77.389,148.81,11.886,17.372
77.304,148.9,11.886,17.372
75.254,154.8,12.247,17.899
71.371,163.5,12.493,18.259
73.344,158.54,12.247,17.899
73.947,150.52,12.247,17.899
72.966,149.51,12.125,17.722
74.263,145.99,11.886,17.372
73.308,145.66,11.652,17.03
73.115,146.13,11.886,17.372
71.58,144.07,12.125,17.722
72.563,144.34,11.886,17.372
69.968,146.48,11.886,17.372
69.874,145.69,12.247,17.899
68.268,150.9,12.618,18.441
67.117,148.81,13,19
66.095,148.73,13.394,19.576
65.451,143.71,13.8,20.169
64.45,149.03,13.8,20.169
68.951,133.16,13.394,19.576
68.656,128.12,13,19
81.163,131.88,13.261,19.382
80.926,131.93,12.871,18.812
68.371,134.86,12.618,18.441
66.552,132.82,12.618,18.441
63.383,138.02,12.493,18.259
60.456,141.9,12.618,18.441
65.009,145.71,12.247,17.899
63.411,146.33,12.493,18.259
66.43,149.64,12.125,17.722
70.663,146.05,11.769,17.2
72.563,137.77,11.423,16.695
72.762,138.81,11.31,16.529
73.07,139.79,11.087,16.204
72.03,138.96,11.31,16.529
72.163,138.55,11.087,16.204
71.053,137.02,10.977,16.043
71.485,139.53,10.761,15.727
71.175,138.81,10.549,15.417
76.5,131.17,10.761,15.727
75.308,129.92,10.977,16.043
75.803,129.64,11.31,16.529
75.85,130.62,10.977,16.043
73.757,129.75,10.654,15.571
68.388,139.6,10.977,16.043
67.007,140.05,10.654,15.571
66.447,139.24,10.549,15.417
66.279,140.16,10.341,15.113
65.001,141.58,10.549,15.417
65.318,140.22,10.238,14.964
65.356,140.23,10.137,14.816
65.43,140.91,10.137,14.816
65.319,140.41,9.8389,14.38
65.474,141.49,9.5495,13.957
64.603,144.67,9.645,14.097
63.786,144.64,9.3613,13.682
62.598,145.02,9.1769,13.412
61.407,144.85,8.907,13.018
60.548,145.21,8.645,12.635
60.386,147.88,8.645,12.635
60.7,146.16,8.3908,12.263
59.056,151.61,8.3077,12.142
60.589,146.46,8.0634,11.785
59.36,146.68,7.9045,11.553
57.095,147.29,7.9045,11.553
53.09,152.12,7.9045,11.553
54.073,149.5,8.0634,11.785
52.454,147.67,8.3077,12.142
51.779,148.86,8.0634,11.785
50.501,148.04,8.3077,12.142
50.535,149.11,8.4747,12.386
50.45,148.47,8.2255,12.022
49.635,148.52,8.0634,11.785
48.763,148.23,7.9045,11.553
48.515,149.82,7.672,11.213
47.069,151,7.672,11.213
44.307,149.73,7.9045,11.553
42.919,150.03,7.672,11.213
41.213,149.59,7.9045,11.553
33.359,145.92,7.672,11.213
32.765,144.47,7.9045,11.553
32.993,138.52,8.0634,11.785
33.257,137.44,8.0634,11.785
33.099,134.8,7.8262,11.438
32.775,126.18,8.0634,11.785
32.414,126.25,7.9045,11.553
32.923,126.81,7.672,11.213
32.468,126.23,7.9045,11.553
33.012,126.59,7.672,11.213
36.769,126.88,7.9045,11.553
39.413,127.23,7.9045,11.553
38.405,123.62,8.0634,11.785
35.872,120.38,7.8262,11.438
36.904,115.85,7.672,11.213
41.962,117.72,7.5209,10.992
39.06,117.73,7.672,11.213
39.004,115.3,7.5209,10.992
41.006,111.64,7.2997,10.669
41.16,111.41,7.1558,10.459
41.574,116.47,6.9454,10.151
39.553,122.11,7.1558,10.459
39.631,115.88,7.2997,10.669
36.489,109.87,7.2997,10.669
34.306,108.22,7.5209,10.992
39.05,113.81,7.5209,10.992
40.93,110.69,7.672,11.213
42.616,113.27,7.672,11.213
41.479,110.96,7.4464,10.883
42.359,115.26,7.5209,10.992
44.065,114.07,7.5209,10.992
40.251,117.99,7.2997,10.669
41.673,116.44,7.085,10.355
39.259,117.17,6.8766,10.05
39.501,122.58,6.6744,9.7549
44.603,126.16,6.7411,9.8524
39.295,126.14,6.9454,10.151
33.254,127.11,7.1558,10.459
36.246,128.54,6.9454,10.151
32.85,128.55,6.9454,10.151
33.88,131.44,6.9454,10.151
34.904,136,6.7411,9.8524
39.232,132.05,6.7411,9.8524
36.128,135.65,6.9454,10.151
39.468,135.43,7.1558,10.459
35.842,135.3,7.2997,10.669
36.573,137,7.085,10.355
35.262,134.76,7.1558,10.459
37.614,133.25,7.1558,10.459
36.378,137.52,7.1558,10.459
34.434,135.6,6.9454,10.151
27.27,139.04,6.9454,10.151
21.273,137.16,6.9454,10.151
20.017,135.78,6.7411,9.8524
21.069,136.99,6.9454,10.151
19.566,135.51,6.7411,9.8524
19.158,137.19,6.7411,9.8524
19.516,136.37,6.9454,10.151
19.923,135.4,6.7411,9.8524
20.059,135.73,6.7411,9.8524
19.503,135.09,6.7411,9.8524
19.749,135.69,6.7411,9.8524
20.057,136.22,6.9454,10.151
19.54,135.36,7.1558,10.459
19.792,136.25,7.1558,10.459
20.912,135.8,6.9454,10.151
20.781,136.45,6.9454,10.151
19.299,135.12,7.1558,10.459
13.636,132.12,7.2997,10.669
10.205,133,7.2997,10.669
9.0541,131.59,7.085,10.355
3.3388,134.74,7.2997,10.669
3.0919,132.5,7.2997,10.669
4.5734,133.75,7.2997,10.669
-0.96416,131.39,7.1558,10.459
2.4699,128.31,6.9454,10.151
5.1362,130.14,6.7411,9.8524
5.2241,129.3,6.9454,10.151
5.8884,133.35,7.1558,10.459
4.1093,134.19,7.1558,10.459
3.3824,134.66,6.9454,10.151
3.7129,134.32,7.1558,10.459
5.0244,134.25,7.1558,10.459
5.4811,134.46,7.1558,10.459
4.4536,134.85,7.1558,10.459
4.8695,135.78,6.9454,10.151
3.3181,134.68,6.9454,10.151
3.127,134.25,6.7411,9.8524
4.8257,133.29,6.5429,9.5627
2.4085,131.16,6.7411,9.8524
-0.89518,130.7,6.5429,9.5627
0.86802,134.05,6.7411,9.8524
2.797,135.57,6.7411,9.8524
2.6251,134.96,6.7411,9.8524
-0.4109,134.67,6.5429,9.5627
-1.3498,134.01,6.7411,9.8524
4.4382,133.67,6.5429,9.5627
4.5286,134.53,6.3504,9.2814
2.8356,134.46,6.3504,9.2814
5.1752,134.76,6.5429,9.5627
-0.30948,134.95,6.5429,9.5627
-2.5305,131.47,6.5429,9.5627
-0.38708,132.57,6.3504,9.2814
4.128,135.13,6.5429,9.5627
-1.0882,133.89,6.3504,9.2814
3.1852,133.78,6.3504,9.2814
5.7804,133.09,6.5429,9.5627
9.7263,131.69,6.7411,9.8524
11.197,132.48,6.7411,9.8524
2.5319,135.29,6.9454,10.151
3.0438,133.69,6.9454,10.151
5.2828,135.22,6.9454,10.151
4.6765,134.8,6.9454,10.151
2.8662,134.02,7.1558,10.459
2.8478,133.62,7.1558,10.459
-1.0044,130.79,6.9454,10.151
1.625,133.82,6.7411,9.8524
2.5923,134.32,6.7411,9.8524
3.8664,135.08,6.5429,9.5627
3.6029,135.09,6.5429,9.5627
5.1409,136.17,6.7411,9.8524
2.9448,133.37,6.5429,9.5627
4.9253,135.4,6.3504,9.2814
3.0745,134.59,6.5429,9.5627
2.9697,134.55,6.7411,9.8524
1.5532,133.9,6.7411,9.8524
3.5846,134.81,6.5429,9.5627
4.4315,134.72,6.5429,9.5627
1.5446,134.59,6.3504,9.2814
4.0238,133.9,6.3504,9.2814
5.2869,135.15,6.5429,9.5627
3.5502,133.89,6.3504,9.2814
-0.42373,133.26,6.3504,9.2814
4.4306,134.07,6.3504,9.2814
3.9748,134.08,6.3504,9.2814
3.3549,134.87,6.5429,9.5627
2.9374,133.62,6.3504,9.2814
4.1152,134.49,6.5429,9.5627
4.356,135.02,6.5429,9.5627
3.8765,134.53,6.5429,9.5627
3.9251,134.49,6.7411,9.8524
3.9387,133.5,6.7411,9.8524
3.7804,134,6.9454,10.151
4.7401,134.38,6.9454,10.151
5.0744,133.63,6.9454,10.151
4.3964,133.93,6.7411,9.8524
4.2042,134.44,6.9454,10.151
3.7729,134.71,6.9454,10.151
4.0799,134.52,6.7411,9.8524
4.4398,135.05,6.5429,9.5627
4.0309,135.38,6.5429,9.5627
4.0771,133.94,6.7411,9.8524
4.257,133.64,6.7411,9.8524
3.9444,135.39,6.5429,9.5627
4.5622,135.13,6.5429,9.5627
3.2678,134.68,6.7411,9.8524
3.0189,134.66,6.5429,9.5627
4.7625,134.4,6.3504,9.2814
4.6918,135.18,6.1637,9.0085
4.2555,135.17,6.1637,9.0085
4.178,135.1,6.1637,9.0085
4.3024,134.77,6.3504,9.2814
4.397,134.22,6.5429,9.5627
4.4668,134.77,6.5429,9.5627
4.827,134.61,6.5429,9.5627
4.9718,134.87,6.5429,9.5627
4.3889,134.84,6.7411,9.8524
4.7192,134.92,6.9454,10.151
4.0326,133.99,7.1558,10.459
3.6832,134.36,7.1558,10.459
4.4183,134.1,7.2997,10.669
3.2463,134.19,7.1558,10.459
2.9358,135.11,6.9454,10.151
3.7521,134.34,6.7411,9.8524
4.0483,135.14,6.9454,10.151
4.0162,134.14,7.1558,10.459
4.0941,134.26,7.2997,10.669
4.1008,133.51,7.5209,10.992
