321,50,54,41
316.03,51.018,54.54,41.41
309.92,50.901,55.636,42.242
304.37,51.685,56.193,42.665
300.99,52.386,57.322,43.522
295.75,53.495,56.755,43.091
290.4,56.113,56.193,42.665
284.49,56.299,57.322,43.522
279.75,57.703,57.322,43.522
274.92,59.152,57.322,43.522
270.4,60.969,57.322,43.522
264.98,61.778,57.895,43.958
259.03,63.739,59.059,44.841
254.45,64.839,59.059,44.841
248.63,65.292,60.849,46.2
242.81,65.394,62.692,47.6
240.46,66.547,62.072,47.128
235.94,67.53,62.692,47.6
232.68,72.1,60.849,46.2
227.49,71.507,62.072,47.128
222.92,72.375,62.692,47.6
218.34,72.879,63.952,48.556
214.31,76.018,65.238,49.532
209.21,75.343,67.215,51.033
205.68,78.953,66.549,50.528
202.63,79.116,67.887,51.544
198.15,82.797,67.887,51.544
194.63,84.12,67.215,51.033
192.02,85.114,69.251,52.58
190.11,85.492,71.35,54.173
187.11,87.944,73.512,55.814
186.83,91.486,72.784,55.262
185.56,91.853,74.247,56.373
183.86,93.263,76.497,58.081
182.5,97.012,78.034,59.248
182.47,96.724,79.603,60.439
181.75,98.789,79.603,60.439
184.72,103.85,80.399,61.043
184.47,103.96,82.015,62.27
185.85,106.38,83.663,63.522
184.58,107.94,84.5,64.157
186.64,108.63,87.06,66.101
186.29,109.5,89.698,68.104
186.49,111.12,92.416,70.168
186.94,112.26,94.274,71.578
190.23,121.19,92.416,70.168
190.87,121.51,93.34,70.87
192.93,127.86,92.416,70.168
196.93,132.37,92.416,70.168
195.35,132.69,94.274,71.578
177.57,146.69,97.13,73.747
181.63,152.85,97.13,73.747
205.08,151.01,99.083,75.229
185.27,159.11,102.08,77.509
205.61,148.7,105.18,79.858
187.87,163.65,106.23,80.656
218.86,161.55,108.37,82.277
223.46,167.21,111.65,84.77
207.19,176.28,108.37,82.277
223.45,194.23,105.18,79.858
250.08,190.12,108.37,82.277
242.88,213.25,105.18,79.858
256.79,217.55,103.11,78.284
255.07,194.13,105.18,79.858
265,202.29,106.23,80.656
269.58,201.67,106.23,80.656
285.28,247.01,108.37,82.277
300.19,255.2,107.29,81.463
313.82,264.34,107.29,81.463
344.07,269.8,110.54,83.931
363.99,282.2,107.29,81.463
362.14,297.3,109.45,83.1
381.58,310.9,108.37,82.277
407.62,328.76,109.45,83.1
438.46,346.57,112.77,85.618
462.07,365.7,110.54,83.931
492.09,381.31,110.54,83.931
525.23,399.75,113.89,86.474
