584,81,46,31
581.38,81.415,45.545,30.693
578.08,82.356,45.545,30.693
574.87,82.629,46.46,31.31
571.29,83.472,46,31
568.82,86.256,44.647,30.088
566.24,86.062,44.647,30.088
561.81,85.768,46,31
559.17,86.235,46,31
554.78,88.352,47.394,31.939
551.86,88.17,47.868,32.259
547.05,88.085,49.318,33.236
545.08,88.288,49.318,33.236
541.15,88.9,49.811,33.569
538.13,89.649,49.811,33.569
535.02,90.339,49.811,33.569
531.87,91.074,49.811,33.569
527.9,92.212,49.811,33.569
524.9,92.856,49.811,33.569
522.04,93.417,49.318,33.236
518.09,94.157,49.811,33.569
514.42,96.982,50.31,33.904
509.89,96.414,49.811,33.569
507.25,96.572,49.811,33.569
503.27,98.878,51.321,34.586
500.28,98.737,51.834,34.932
496.56,98.221,53.405,35.99
492.83,98.373,55.023,37.081
488.55,98.864,56.69,38.204
486.31,99.479,56.129,37.826
482.21,99.954,57.829,38.972
479.36,101.07,57.257,38.586
476.94,101.75,57.257,38.586
473.73,102.71,57.257,38.586
471.41,103.58,56.69,38.204
468.56,104.68,56.69,38.204
465.56,105.8,56.69,38.204
461.57,109.2,55.573,37.451
459.33,108.18,57.257,38.586
456.97,108.66,56.69,38.204
455.92,109.33,56.129,37.826
452.1,109.53,57.829,38.972
448.1,110.06,59.582,40.153
445.02,111.43,59.582,40.153
443.39,112.86,58.408,39.362
439.88,115.76,60.178,40.554
436.6,115.7,60.779,40.96
434.09,115.64,61.387,41.37
430.68,115.21,63.247,42.623
427.27,115.4,65.164,43.915
426.69,120.48,63.247,42.623
424.38,119.7,63.247,42.623
422.39,119.42,63.88,43.049
420.07,119.51,65.164,43.915
418.53,120.38,64.519,43.48
417.04,121.38,63.88,43.049
415.81,126.25,62.001,41.783
413,125.65,63.247,42.623
410.46,124.85,65.164,43.915
409.59,129.73,63.247,42.623
408.31,129.18,62.001,41.783
406.69,133.79,60.779,40.96
404.67,132.21,62.001,41.783
401.66,132.75,63.88,43.049
398.89,133.72,65.164,43.915
397.05,135.46,65.815,44.354
394.64,135.47,67.138,45.245
392,135.5,69.173,46.616
390.02,135.17,70.563,47.553
390.14,140.32,69.864,47.082
389.52,140.23,68.488,46.155
364.8,141.52,69.173,46.616
326.04,142.11,71.269,48.029
305.99,147.99,73.428,49.484
305.22,150.85,72.701,48.994
302.44,150.51,74.904,50.479
303.19,153.43,74.162,49.979
301.95,152.97,75.653,50.984
298.64,152.98,77.945,52.528
299.28,156.19,78.725,53.054
297.78,157.88,76.41,51.493
298.09,163.42,74.904,50.479
298.59,162.78,75.653,50.984
296.08,163.68,77.174,52.008
295.12,165.35,77.945,52.528
261.86,169.85,78.725,53.054
232.23,170.72,81.11,54.661
228.99,170.74,83.568,56.318
230.8,176.94,81.11,54.661
226.88,174.89,83.568,56.318
227.39,177.88,83.568,56.318
232.67,184.06,81.11,54.661
231.73,183.02,81.921,55.208
235.43,188.2,82.741,55.76
233.18,186.99,83.568,56.318
238.05,193.26,82.741,55.76
235.56,191.4,83.568,56.318
238.83,195.44,86.1,58.024
235.36,193.73,87.831,59.19
240.02,199.37,86.1,58.024
238.52,197.21,88.709,59.782
241.46,204.19,86.1,58.024
242.63,203.14,88.709,59.782
244.52,209.12,87.831,59.19
246.13,208.24,87.831,59.19
247.25,212.65,86.961,58.604
252.07,219.1,84.404,56.881
252.52,216.61,86.961,58.604
253.86,222.06,86.961,58.604
257.73,226.78,84.404,56.881
258.75,223.9,86.961,58.604
258.42,230.48,86.1,58.024
263.05,228.35,87.831,59.19
261.36,232.49,89.596,60.38
263.44,238.38,87.831,59.19
264.55,235.68,90.492,60.984
263.85,241.52,93.234,62.832
267.06,247.96,91.397,61.594
267.81,244.49,94.167,63.46
266.57,251.26,96.059,64.736
268.14,248.3,98.97,66.697
267.39,253.82,98.97,66.697
268.65,261.13,96.059,64.736
270.08,258.33,98.97,66.697
267.11,263.11,99.96,67.364
269.11,269.35,97.99,66.037
267.7,266.5,98.97,66.697
263.14,271.46,101.97,68.718
261.21,273.69,105.06,70.8
258.13,271.44,108.24,72.946
262.16,277.95,110.42,74.412
289.88,274.49,113.76,76.667
325.03,280.93,114.9,77.433
336.67,280.2,118.38,79.78
332.16,282.33,119.57,80.577
318.59,281.11,123.19,83.019
310.66,290.37,120.76,81.383
305.01,287.12,124.42,83.849
297.09,285.21,126.92,85.535
291.12,290.72,128.19,86.39
281.35,289,130.77,88.126
268.19,291.31,132.08,89.008
266.15,293.6,132.08,89.008
295.23,291.66,136.08,91.705
319.08,292.44,138.81,93.548
322.62,291.37,136.08,91.705
308.01,293.73,138.81,93.548
292.69,292.85,140.2,94.483
280.56,298.45,137.44,92.622
267.63,301.09,134.73,90.797
252.5,302.84,133.4,89.898
236.21,304.82,133.4,89.898
222,306.11,133.4,89.898
208.95,309.54,130.77,88.126
193.67,305.66,133.4,89.898
182.12,309.13,130.77,88.126
156.86,307.7,133.4,89.898
140.23,310.05,136.08,91.705
112.34,306,140.2,94.483
91.929,303.32,143.02,96.383
119.51,315.33,138.81,93.548
97.489,311.97,143.02,96.383
84.391,313.73,141.6,95.428
88.523,312.57,141.6,95.428
41.586,308.12,144.45,97.346
52.005,306.36,140.2,94.483
43.28,314.61,141.6,95.428
41.117,325.89,145.89,98.32
8.2443,313.22,141.6,95.428
2.07,313.03,140.2,94.483
7.066,312.59,140.2,94.483
22.699,310.67,138.81,93.548
33.064,309.06,134.73,90.797
51.587,313.52,132.08,89.008
72.835,316.24,130.77,88.126
65.475,317.67,126.92,85.535
2.4048,306.55,124.42,83.849
27.287,301.97,126.92,85.535
66.572,303.84,125.67,84.688
56.578,301.25,121.97,82.197
69.367,294.3,123.19,83.019
94.946,291.51,121.97,82.197
108.51,289.9,118.38,79.78
131.65,287.22,114.9,77.433
126.62,258.67,114.9,77.433
113.62,253.2,118.38,79.78
151.93,280.64,117.21,78.99
99.77,271.66,118.38,79.78
131.53,275.76,114.9,77.433
144.66,278.26,116.05,78.208
130.35,266.97,117.21,78.99
114.72,268.55,119.57,80.577
101.15,258.07,120.76,81.383
85.788,260.29,121.97,82.197
70.003,252.61,125.67,84.688
57.6,255.14,121.97,82.197
46.213,248.01,124.42,83.849
37.011,249.44,121.97,82.197
22.841,247.85,119.57,80.577
12.053,242.86,123.19,83.019
64.293,246.13,120.76,81.383
