306,149,137,100
305.89,148.81,137,100
305.84,148.36,137,100
305.36,147.48,138.37,101
305.27,146.62,138.37,101
306.74,147.14,135.64,99.01
304.88,145.11,139.75,102.01
304.97,144.88,139.75,102.01
305.1,144.19,139.75,102.01
305.52,144.49,138.37,101
306.32,144.56,137,100
304.98,143.49,139.75,102.01
305.1,143.8,138.37,101
305.08,143.61,138.37,101
304.78,143.53,138.37,101
304.49,143.63,138.37,101
303.5,143.42,139.75,102.01
304.48,145.41,135.64,99.01
303.85,146.07,135.64,99.01
301.74,146,138.37,101
301.97,146.83,137,100
299.82,145.68,141.15,103.03
301.17,147.81,137,100
299.85,147.81,138.37,101
301.03,149.76,134.3,98.03
298.96,149.35,137,100
297.3,149.01,139.75,102.01
295.62,148.98,139.75,102.01
294.63,149.74,138.37,101
291.64,149.65,139.75,102.01
290.66,149.96,138.37,101
291.3,151.67,134.3,98.03
290.19,151.69,134.3,98.03
289.34,151.51,135.64,99.01
290.5,152.6,132.97,97.059
288.64,151.59,135.64,99.01
290.63,152.51,131.65,96.098
290.96,152.29,132.97,97.059
289.44,149.99,137,100
291.68,150.18,134.3,98.03
291.29,148.89,137,100
296.55,147.29,138.37,101
293.92,145.04,142.56,104.06
300.58,145.39,141.15,103.03
302.32,145.57,139.75,102.01
304.42,144.92,141.15,103.03
307.58,144.6,141.15,103.03
308.65,143.21,145.43,106.15
314.09,142.79,145.43,106.15
313.45,140.11,146.88,107.21
314.8,140.05,145.43,106.15
317.77,139.67,142.56,104.06
319.38,139.65,141.15,103.03
320.14,139.59,138.37,101
318.75,137.78,142.56,104.06
315.97,136.01,146.88,107.21
316.17,135.93,146.88,107.21
318.91,138.4,142.56,104.06
317.24,137.07,146.88,107.21
318.47,138.83,145.43,106.15
316.54,137.72,149.83,109.37
316.84,138.75,148.35,108.29
316.81,139.55,146.88,107.21
313.44,139.93,151.33,110.46
312.22,140.78,148.35,108.29
308.32,141.88,146.88,107.21
306.84,144.47,145.43,106.15
303.84,146.47,142.56,104.06
299.06,148.78,141.15,103.03
294.63,151.27,137,100
287.88,150.45,141.15,103.03
285.87,152.67,138.37,101
283.72,154.29,134.3,98.03
280.33,155.13,137,100
279.1,156.47,135.64,99.01
279.87,158.22,134.3,98.03
277.76,157.91,138.37,101
280.11,160.56,134.3,98.03
281.11,160.97,131.65,96.098
282.14,160.84,131.65,96.098
282.87,160,135.64,99.01
284.39,159.85,135.64,99.01
287.61,158.63,135.64,99.01
292.05,158.18,134.3,98.03
292.65,156.04,137,100
294.99,154.61,135.64,99.01
297.45,154.11,134.3,98.03
298.47,150.49,134.3,98.03
302.14,146.85,137,100
305.03,143.46,141.15,103.03
307.19,143.05,138.37,101
311.23,140.58,141.15,103.03
312.58,139.59,141.15,103.03
314.61,137.18,143.99,105.1
313.32,139.56,141.15,103.03
316.22,140.45,141.15,103.03
316.97,143.14,138.37,101
321.13,141.52,142.56,104.06
318.1,139.89,143.99,105.1
317.28,141.44,143.99,105.1
315.95,136.41,148.35,108.29
316.34,134.64,151.33,110.46
306.57,137.92,151.33,110.46
317.14,128.87,155.92,113.81
317.02,129.1,155.92,113.81
314,131.99,152.85,111.57
312.8,129.31,155.92,113.81
313.93,130.97,155.92,113.81
312.14,132.03,154.38,112.68
314.02,135.06,151.33,110.46
309.15,137.01,151.33,110.46
311.57,136.39,152.85,111.57
312.52,136.52,152.85,111.57
312.48,136.2,152.85,111.57
310.89,135.59,152.85,111.57
313.9,133.88,149.83,109.37
315.61,133.09,152.85,111.57
312.6,134.51,152.85,111.57
311.63,135.72,149.83,109.37
311.2,135.17,151.33,110.46
311.32,134.15,155.92,113.81
310.89,133.64,157.48,114.95
315.22,131.83,154.38,112.68
315.21,133.33,149.83,109.37
310.97,134.11,154.38,112.68
313.43,135.3,152.85,111.57
315.24,135.18,151.33,110.46
313.54,132.73,154.38,112.68
313.32,134.32,151.33,110.46
317.15,133.26,151.33,110.46
316.39,133.7,149.83,109.37
314.93,134.9,151.33,110.46
311.55,134.24,152.85,111.57
311.31,131.78,154.38,112.68
310.47,130.85,159.05,116.1
309.87,129.05,163.87,119.61
308.96,131.31,159.05,116.1
308.51,132.29,157.48,114.95
305.75,130.97,159.05,116.1
303.9,131.22,162.25,118.43
305.06,132.57,157.48,114.95
303.29,132.1,160.64,117.26
301.9,131.38,159.05,116.1
301.83,131.57,159.05,116.1
301.01,130.89,162.25,118.43
299.73,131.25,160.64,117.26
296.06,128.35,165.51,120.81
297.14,129.75,163.87,119.61
295.18,129.18,163.87,119.61
293.99,128.57,163.87,119.61
291.44,126.8,167.17,122.02
292.75,127.7,165.51,120.81
293.58,127.79,165.51,120.81
295.37,129.37,163.87,119.61
292.86,127.32,167.17,122.02
298.25,131.8,162.25,118.43
300.57,131.89,157.48,114.95
300.57,132.68,159.05,116.1
300.78,131.8,159.05,116.1
301.44,133.16,160.64,117.26
301.34,132.33,160.64,117.26
302.3,131.88,160.64,117.26
301.65,131.08,163.87,119.61
302.44,132.58,160.64,117.26
304.33,132.98,160.64,117.26
304.1,132.46,162.25,118.43
305.57,133.42,160.64,117.26
305.24,132.92,162.25,118.43
304.75,132.1,163.87,119.61
304.72,131.99,163.87,119.61
305.22,132.82,160.64,117.26
304,132.28,163.87,119.61
305.68,132.01,160.64,117.26
305.65,131,162.25,118.43
306.01,130.78,160.64,117.26
307.48,130.4,160.64,117.26
309.74,129.53,155.92,113.81
312.48,129.02,154.38,112.68
310.94,127.2,159.05,116.1
309.14,126.74,162.25,118.43
309.03,126.27,163.87,119.61
308.3,130.08,159.05,116.1
309.45,130.81,155.92,113.81
308.09,130.36,159.05,116.1
309.11,127.52,163.87,119.61
307.26,129.06,160.64,117.26
308.7,132.3,155.92,113.81
309.58,134.29,159.05,116.1
334.01,136.08,159.05,116.1
329.45,136.92,160.64,117.26
312.65,136.64,155.92,113.81
315.38,138.52,152.85,111.57
312.36,136.51,155.92,113.81
313.09,138.7,152.85,111.57
309.75,136.38,157.48,114.95
308.11,136.04,159.05,116.1
306.89,136.02,159.05,116.1
306.06,136.1,157.48,114.95
305.12,136.12,162.25,118.43
303.36,133.83,165.51,120.81
305.37,136.66,160.64,117.26
303.56,135.33,163.87,119.61
303.61,135.3,163.87,119.61
306.24,135.96,160.64,117.26
303.89,134.76,162.25,118.43
303.43,134.81,159.05,116.1
306.42,133.76,160.64,117.26
307.43,134.63,160.64,117.26
308.31,133.36,160.64,117.26
309.34,133.83,160.64,117.26
309.56,133.38,160.64,117.26
310.03,133.34,160.64,117.26
310.95,134.16,155.92,113.81
311,133.95,160.64,117.26
310.78,132.88,162.25,118.43
311.21,133.29,159.05,116.1
311.14,133.56,162.25,118.43
311.87,133.98,160.64,117.26
311.49,134.01,160.64,117.26
310.53,133.71,159.05,116.1
311.46,135.31,160.64,117.26
311.21,135.06,160.64,117.26
310.88,135.43,160.64,117.26
309.91,135.24,157.48,114.95
308.55,136.09,162.25,118.43
308.25,136.42,160.64,117.26
306.51,137.14,160.64,117.26
304.78,137.54,159.05,116.1
302.95,137.18,163.87,119.61
303.44,138.38,160.64,117.26
300.11,136.6,165.51,120.81
300.47,136.55,165.51,120.81
300.33,137.9,170.53,124.47
300.62,137.24,165.51,120.81
301.36,137.78,165.51,120.81
298.55,138.28,170.53,124.47
295.06,137.68,172.23,125.72
296.43,138.96,167.17,122.02
299.88,140.99,163.87,119.61
296.64,139.42,165.51,120.81
296.64,139.03,165.51,120.81
294.92,138.07,167.17,122.02
296.2,139.84,163.87,119.61
298.66,140.61,160.64,117.26
296.27,139.43,163.87,119.61
293.38,137.39,167.17,122.02
292.76,136.62,167.17,122.02
292.9,137.76,170.53,124.47
295.46,138.51,170.53,124.47
296.36,138.96,165.51,120.81
297.12,140.57,165.51,120.81
297.93,142.55,163.87,119.61
296.39,139.93,167.17,122.02
298.9,142.51,162.25,118.43
297.86,139.12,165.51,120.81
299.85,139.54,162.25,118.43
301.66,137.68,160.64,117.26
303.68,136.45,159.05,116.1
306.49,134.56,159.05,116.1
306.99,133.44,162.25,118.43
307.42,134.31,160.64,117.26
309.53,134.2,155.92,113.81
311.83,133.74,154.38,112.68
310.65,132.23,155.92,113.81
312.86,134.87,151.33,110.46
310.06,133.03,154.38,112.68
309.62,133.45,154.38,112.68
309.21,132.62,155.92,113.81
308.59,131.8,159.05,116.1
308.51,132.2,160.64,117.26
310.38,132.56,155.92,113.81
311.01,132.98,154.38,112.68
311.8,133.54,154.38,112.68
310.28,132.41,155.92,113.81
311.12,133.44,154.38,112.68
310.68,132.89,154.38,112.68
310.54,132.96,154.38,112.68
310.25,132.42,154.38,112.68
309.45,132.54,154.38,112.68
309.34,132.05,155.92,113.81
310.9,131.75,154.38,112.68
309.72,131.57,155.92,113.81
309.14,132.63,154.38,112.68
307.47,132.25,157.48,114.95
308.44,133.81,154.38,112.68
306.51,133.72,155.92,113.81
306.81,132.91,155.92,113.81
307.51,132.99,154.38,112.68
308.6,132.26,154.38,112.68
307.39,131.06,157.48,114.95
307.72,132.02,157.48,114.95
310.19,134.35,154.38,112.68
309.34,133.18,155.92,113.81
309.19,133.9,155.92,113.81
310.51,134.58,154.38,112.68
310.02,134.97,154.38,112.68
311.55,133.71,154.38,112.68
310.48,133.97,155.92,113.81
309.88,133.8,155.92,113.81
311.07,134.57,154.38,112.68
311.3,135.07,154.38,112.68
309.89,135.22,155.92,113.81
311.22,133.61,155.92,113.81
310.8,133.87,155.92,113.81
311.97,134.13,154.38,112.68
312.21,134.28,154.38,112.68
311.18,133.99,155.92,113.81
311.07,133.61,155.92,113.81
311.26,134.85,154.38,112.68
310.59,135.36,155.92,113.81
311.37,136,154.38,112.68
310.45,133.87,155.92,113.81
310.28,132.91,155.92,113.81
310.49,129.03,160.64,117.26
310.57,130.61,157.48,114.95
308.21,135.64,155.92,113.81
308.26,135.73,160.64,117.26
309.88,135.16,160.64,117.26
308.95,134.86,162.25,118.43
308.76,134.96,162.25,118.43
309.34,136.14,160.64,117.26
307.99,136.1,162.25,118.43
308.16,137.18,160.64,117.26
308.25,137.05,159.05,116.1
308.12,138.12,160.64,117.26
306.89,139.21,162.25,118.43
306.32,137.46,165.51,120.81
307.24,135.06,165.51,120.81
311.85,135.72,160.64,117.26
306.91,133.23,165.51,120.81
307.66,134.64,163.87,119.61
308.15,135.03,162.25,118.43
305.02,133.73,165.51,120.81
301.96,134,168.84,123.24
303.55,133.69,167.17,122.02
302.64,133.48,168.84,123.24
303.64,134.88,168.84,123.24
303.48,133.61,170.53,124.47
301.76,135.48,175.69,128.24
305.88,136.04,170.53,124.47
305.71,135.48,170.53,124.47
306.31,133.8,167.17,122.02
305.65,134.46,167.17,122.02
306.41,135.2,167.17,122.02
306.67,137.25,167.17,122.02
304.95,137.91,170.53,124.47
304.88,137.43,170.53,124.47
304.01,136.06,172.23,125.72
307.87,137.09,168.84,123.24
308.37,136.5,167.17,122.02
310.66,138.17,163.87,119.61
309.08,135.62,168.84,123.24
309.33,135.08,167.17,122.02
309.78,134.39,167.17,122.02
314.98,135.57,162.25,118.43
311.51,130.92,163.87,119.61
310.97,129.81,163.87,119.61
313.3,133.15,160.64,117.26
311.48,132.43,162.25,118.43
311.75,133.01,160.64,117.26
311.71,133.85,160.64,117.26
311.63,134.67,160.64,117.26
312.07,133.91,157.48,114.95
311.16,134.36,160.64,117.26
308.69,131.59,165.51,120.81
310.19,130.65,165.51,120.81
313.37,133.68,160.64,117.26
310.69,131.47,165.51,120.81
311.9,132.37,163.87,119.61
313.51,132.97,160.64,117.26
313.07,133.44,160.64,117.26
311.39,130.39,165.51,120.81
311.6,130.71,165.51,120.81
312.03,131,168.84,123.24
313.81,131.32,163.87,119.61
313.6,132.86,160.64,117.26
312.81,132.3,162.25,118.43
313.1,132.43,162.25,118.43
312.58,133.01,162.25,118.43
312.81,133.03,160.64,117.26
312.31,132.38,162.25,118.43
311.85,132.6,162.25,118.43
311.91,132.9,162.25,118.43
312.98,132.24,162.25,118.43
310.18,130.44,165.51,120.81
312.4,133.27,160.64,117.26
312.38,133.01,160.64,117.26
313.36,133.19,162.25,118.43
311.71,131.17,165.51,120.81
310.67,131.47,165.51,120.81
313.38,134.96,160.64,117.26
311.96,133.8,162.25,118.43
310.33,131.92,165.51,120.81
310.15,133.04,165.51,120.81
309.35,131.61,165.51,120.81
309.77,131.48,165.51,120.81
311.73,133.52,162.25,118.43
312.01,133.5,160.64,117.26
312.13,134.61,160.64,117.26
308.84,132.7,165.51,120.81
310.88,134.13,162.25,118.43
312.09,135.42,160.64,117.26
312.18,133.9,160.64,117.26
310.99,133.32,162.25,118.43
311.58,132.73,162.25,118.43
313.47,131.51,163.87,119.61
311.65,131.58,163.87,119.61
309.54,126.77,165.51,120.81
307.57,126.99,165.51,120.81
307.5,127.2,165.51,120.81
306.11,125.39,167.17,122.02
307.92,129.3,165.51,120.81
308.82,131.65,163.87,119.61
306.52,131.09,165.51,120.81
309.46,133.23,160.64,117.26
307.25,131.02,165.51,120.81
309.76,133.36,160.64,117.26
306.41,130.65,165.51,120.81
310.31,132.84,160.64,117.26
309.39,132.07,162.25,118.43
310.64,132.27,160.64,117.26
309.38,132.48,162.25,118.43
306.52,130.1,165.51,120.81
308.36,131.08,163.87,119.61
309.4,131.31,162.25,118.43
309.77,130.93,162.25,118.43
310.65,131.93,160.64,117.26
310.3,131.98,160.64,117.26
308.44,130.98,163.87,119.61
309.99,132.08,160.64,117.26
308.79,131.36,163.87,119.61
309.92,132.55,160.64,117.26
310.72,132.41,160.64,117.26
310.85,132.1,160.64,117.26
309.99,131.6,162.25,118.43
309.37,130.32,163.87,119.61
309.03,130.94,163.87,119.61
305.2,128.13,167.17,122.02
306.12,129.26,165.51,120.81
309.74,131.59,160.64,117.26
309.88,131.77,160.64,117.26
309.86,131.62,160.64,117.26
311.07,132.41,160.64,117.26
309.38,132.08,163.87,119.61
309.15,131.83,163.87,119.61
307.05,131,165.51,120.81
306.94,130.89,165.51,120.81
309.7,133.28,160.64,117.26
306.37,130.42,165.51,120.81
310.07,133.57,160.64,117.26
310.88,134.07,160.64,117.26
308.57,131.46,165.51,120.81
309.22,133.04,163.87,119.61
311.35,134.37,160.64,117.26
306.83,131.98,165.51,120.81
305.73,131.95,165.51,120.81
304.52,132.26,167.17,122.02
307.85,136.21,162.25,118.43
304.24,134.32,167.17,122.02
302.78,134.44,170.53,124.47
301.82,136.27,170.53,124.47
301.54,137.61,170.53,124.47
302.03,137.73,170.53,124.47
300.16,135.66,173.95,126.97
299.13,135.43,173.95,126.97
299.6,136.14,173.95,126.97
300.52,137.42,172.23,125.72
302,137.76,172.23,125.72
303.98,137.64,170.53,124.47
303.2,138.6,170.53,124.47
301.19,135.33,172.23,125.72
304.22,138.72,168.84,123.24
304.45,138.04,170.53,124.47
301.84,136.76,175.69,128.24
301.75,137.47,177.45,129.53
303.97,136.4,172.23,125.72
307.17,137.33,168.84,123.24
303.74,137.88,173.95,126.97
303.73,139.42,175.69,128.24
305.34,137.69,173.95,126.97
307.47,139.16,170.53,124.47
309.11,138.51,168.84,123.24
308.25,139.65,168.84,123.24
307.86,136.74,170.53,124.47
308.42,138.19,170.53,124.47
305.19,137.99,175.69,128.24
305.24,136.91,172.23,125.72
307.23,137.04,167.17,122.02
307.19,137.83,168.84,123.24
305.06,137.15,173.95,126.97
303.31,136.34,173.95,126.97
303.66,137.62,173.95,126.97
306.08,137.34,170.53,124.47
304.92,137.42,170.53,124.47
303.66,136.03,172.23,125.72
302.12,134.71,172.23,125.72
305.83,137.03,170.53,124.47
302.09,135.43,175.69,128.24
302.85,135,177.45,129.53
302.84,134.61,173.95,126.97
305.69,136.08,168.84,123.24
304.33,135.27,170.53,124.47
302.3,133.4,172.23,125.72
304.03,134.14,167.17,122.02
304.03,134.45,170.53,124.47
305.48,134.36,168.84,123.24
305.96,132.97,167.17,122.02
306.38,132.93,168.84,123.24
306.86,131.54,168.84,123.24
306.86,131.55,168.84,123.24
306.53,131.12,167.17,122.02
307.87,131.53,165.51,120.81
310.78,133.01,160.64,117.26
307.53,130.73,165.51,120.81
307.34,130.26,170.53,124.47
307.92,131.36,168.84,123.24
308.28,130.49,167.17,122.02
310.69,132.91,163.87,119.61
309.48,131.96,165.51,120.81
311.77,135.07,160.64,117.26
312.06,135.35,162.25,118.43
313.4,135.56,160.64,117.26
312.73,135.84,162.25,118.43
309.66,131.39,165.51,120.81
312.84,133.52,162.25,118.43
312.68,134.11,162.25,118.43
312.91,134.94,162.25,118.43
313.89,134.94,160.64,117.26
313.8,134.78,160.64,117.26
313.39,133.87,162.25,118.43
311.36,131.17,165.51,120.81
313.97,134.12,160.64,117.26
313.42,133.6,162.25,118.43
313.56,133.53,162.25,118.43
313.12,132.9,163.87,119.61
314.1,133.21,162.25,118.43
313.83,133.35,162.25,118.43
314.16,133.69,162.25,118.43
313.88,134.02,159.05,116.1
315.37,133.86,160.64,117.26
315.02,133.79,162.25,118.43
315.08,134.43,160.64,117.26
315.18,134.23,160.64,117.26
315.05,133.73,162.25,118.43
315.06,134,162.25,118.43
315.13,134.04,162.25,118.43
316.24,134.53,160.64,117.26
316.45,135.5,160.64,117.26
305.56,136.04,165.51,120.81
304.85,136.33,170.53,124.47
304.13,135.73,175.69,128.24
304.78,136.44,172.23,125.72
304.03,137.13,175.69,128.24
304.58,136.07,177.45,129.53
305.25,133.86,175.69,128.24
307.18,133.71,170.53,124.47
307.68,132.79,165.51,120.81
307.21,132.55,170.53,124.47
308.09,132.82,168.84,123.24
307.82,132.72,165.51,120.81
306.56,132.15,167.17,122.02
307.03,132.27,167.17,122.02
307.9,132.89,168.84,123.24
308.17,132.65,165.51,120.81
307.84,132.46,165.51,120.81
307.92,132.62,168.84,123.24
307.79,132.13,167.17,122.02
308.27,133.35,165.51,120.81
308.61,133.48,168.84,123.24
308.34,132.72,165.51,120.81
307.9,132.79,165.51,120.81
307.65,132.7,165.51,120.81
307.5,132.35,168.84,123.24
306.78,131.79,167.17,122.02
307.53,132.38,165.51,120.81
306.89,132.42,165.51,120.81
306.01,132.54,167.17,122.02
306.31,132.52,167.17,122.02
306.13,132.82,165.51,120.81
305.51,132.07,165.51,120.81
305.81,132.39,165.51,120.81
305.19,133.22,170.53,124.47
305.24,133.62,170.53,124.47
304.93,133.76,170.53,124.47
304.95,133.64,167.17,122.02
305.6,134.29,168.84,123.24
305.47,134.9,168.84,123.24
303.8,134.61,170.53,124.47
304.2,135.32,168.84,123.24
303.9,134.35,167.17,122.02
303.83,134.76,168.84,123.24
304.61,133.38,167.17,122.02
305.31,135.2,163.87,119.61
303.36,133.69,167.17,122.02
303.95,135.23,165.51,120.81
306.37,137.52,160.64,117.26
306.1,137.36,162.25,118.43
306.55,137.94,160.64,117.26
303.98,135.31,165.51,120.81
305.42,135.8,163.87,119.61
302.55,134.31,167.17,122.02
302.11,134.89,170.53,124.47
302.76,134.8,167.17,122.02
303.4,135.34,168.84,123.24
302.72,135.04,168.84,123.24
302.37,134.51,168.84,123.24
301.62,134.47,170.53,124.47
302.13,134.65,167.17,122.02
305.22,134.84,162.25,118.43
303.22,133.56,167.17,122.02
303.25,133.21,170.53,124.47
301.49,132.12,173.95,126.97
305.49,133.6,170.53,124.47
307.18,132.81,170.53,124.47
308.93,132.42,170.53,124.47
307.91,130.32,173.95,126.97
311.16,130.63,175.69,128.24
313.89,130.23,177.45,129.53
314.9,129.84,179.22,130.82
318.06,130.41,179.22,130.82
323.14,132.8,175.69,128.24
325.44,133.44,175.69,128.24
330.62,134.43,170.53,124.47
328.29,133.35,172.23,125.72
327.75,132.03,173.95,126.97
327.14,131.98,175.69,128.24
323.18,129.8,179.22,130.82
321.68,130.85,179.22,130.82
323.97,132.98,175.69,128.24
323.21,134.17,170.53,124.47
318.73,133.02,175.69,128.24
313.23,133.01,177.45,129.53
310.94,134.5,172.23,125.72
306.05,134.88,170.53,124.47
300.57,132.19,170.53,124.47
298.99,133.12,168.84,123.24
286.76,128.61,173.95,126.97
278.8,126.02,179.22,130.82
268.27,126.04,184.66,134.78
259.93,125.67,190.25,138.87
252.27,126.13,196.02,143.08
249.02,122.88,197.98,144.51
246.35,123.15,194.07,141.66
246.21,123.61,188.37,137.49
243.24,120.93,186.5,136.13
239.03,121.92,190.25,138.87
235.92,120.65,190.25,138.87
234.21,122.18,194.07,141.66
230.85,123.46,194.07,141.66
233.42,121.77,188.37,137.49
234.24,121.82,186.5,136.13
234.72,120.99,182.83,133.45
230.57,119.7,186.5,136.13
227.15,119.68,192.15,140.26
229.83,119.95,188.37,137.49
231.19,120.77,184.66,134.78
233.98,122.32,182.83,133.45
232.11,120.14,184.66,134.78
233.41,119.34,184.66,134.78
232.95,119.82,184.66,134.78
233.72,118.76,186.5,136.13
233.83,119.59,186.5,136.13
234.01,117.93,190.25,138.87
235.42,117.14,192.15,140.26
237.13,116.1,194.07,141.66
237.36,115.77,197.98,144.51
236.5,112.4,203.97,148.89
239.97,113.14,206.01,150.38
239.69,111.39,212.26,154.93
240.98,110.69,214.38,156.48
243.79,109.73,214.38,156.48
247.53,109.88,210.15,153.4
250.16,108.34,210.15,153.4
252.04,107.52,212.26,154.93
245.08,107.55,218.69,159.63
250.55,108.84,214.38,156.48
254.14,109.5,210.15,153.4
244.28,107.21,216.52,158.05
241.08,105.84,216.52,158.05
243.11,104.59,218.69,159.63
242.93,104.89,218.69,159.63
244.53,103.47,216.52,158.05
240.67,102.01,223.08,162.83
242.85,103.87,223.08,162.83
244.78,104.56,218.69,159.63
241.17,103.64,220.87,161.22
237.6,102.93,225.31,164.46
239.36,104.99,223.08,162.83
233.88,102.11,227.57,166.11
237.98,102.8,220.87,161.22
237.23,102.96,225.31,164.46
236.31,102.48,225.31,164.46
236.21,103.39,225.31,164.46
236.51,104.87,223.08,162.83
237.95,104.91,223.08,162.83
234.95,104.06,225.31,164.46
232.02,102.53,229.84,167.77
233.98,102.72,225.31,164.46
236.24,102.82,225.31,164.46
237.82,105.65,223.08,162.83
237.51,104.71,223.08,162.83
232.21,101.56,229.84,167.77
233.72,102.21,227.57,166.11
234.23,102.19,227.57,166.11
237.05,104.12,220.87,161.22
237.16,103.96,220.87,161.22
233.84,101.06,227.57,166.11
233.23,100.52,229.84,167.77
234.01,100.61,227.57,166.11
232.93,99.483,232.14,169.45
237.03,101.98,225.31,164.46
237.72,102.03,225.31,164.46
238.16,102.18,225.31,164.46
235.05,98.608,232.14,169.45
236.74,101.29,227.57,166.11
240.31,103.3,223.08,162.83
238.55,101.97,225.31,164.46
238.29,101.45,225.31,164.46
236.14,100.26,229.84,167.77
239.04,102.25,225.31,164.46
238.55,102.58,225.31,164.46
238.22,102.54,225.31,164.46
239.94,104.03,223.08,162.83
238.69,104.18,220.87,161.22
236.79,103.39,225.31,164.46
239.12,106.55,218.69,159.63
239.21,106.9,216.52,158.05
239.44,107.71,218.69,159.63
238.76,106.82,220.87,161.22
241.12,109.71,216.52,158.05
242.79,111.34,218.69,159.63
242.51,111.8,220.87,161.22
240.73,108.83,227.57,166.11
244.1,113.73,223.08,162.83
243.57,113.59,227.57,166.11
245.74,114.37,227.57,166.11
248.13,124.01,227.57,166.11
247.47,124.65,229.84,167.77
245.6,114.86,234.46,171.14
247.58,116.62,229.84,167.77
255.99,139.31,223.08,162.83
257.48,140.32,220.87,161.22
261.14,142.84,218.69,159.63
260.24,138.2,220.87,161.22
264.75,140.31,216.52,158.05
263,138.27,220.87,161.22
263.65,138.6,220.87,161.22
265.07,136.52,220.87,161.22
270.76,140.66,214.38,156.48
268.15,140.07,216.52,158.05
265.97,137.49,220.87,161.22
267.41,139.54,218.69,159.63
265.43,134.76,220.87,161.22
264.65,136.47,220.87,161.22
266.29,137.88,218.69,159.63
266.95,136.71,216.52,158.05
267.19,137.39,214.38,156.48
261.95,133.02,220.87,161.22
262.26,134.52,216.52,158.05
258.93,132.01,223.08,162.83
256.28,132.11,225.31,164.46
254.78,129.82,227.57,166.11
256.04,133.07,220.87,161.22
255.58,133.51,223.08,162.83
257.15,135.86,216.52,158.05
253.53,134.64,223.08,162.83
253.29,133.74,223.08,162.83
253.33,134.76,223.08,162.83
254.95,136.45,218.69,159.63
253.28,134.6,223.08,162.83
253.07,133.75,220.87,161.22
255.43,135.09,216.52,158.05
254.08,132.87,220.87,161.22
256.49,134.29,218.69,159.63
255.39,131.56,220.87,161.22
258.93,133.29,218.69,159.63
259.05,131.21,220.87,161.22
259.49,130.41,220.87,161.22
261.23,130.44,223.08,162.83
262.08,129.12,220.87,161.22
263.8,129.77,218.69,159.63
265.28,128.36,216.52,158.05
263.45,127.62,223.08,162.83
261.26,123.55,225.31,164.46
266.08,127.6,218.69,159.63
266.33,125.87,216.52,158.05
265.25,125.28,223.08,162.83
265.49,124.85,220.87,161.22
265.35,125.23,220.87,161.22
265.65,124.91,220.87,161.22
267.77,126.84,218.69,159.63
266.49,125.53,218.69,159.63
266.03,126.62,212.26,154.93
266.96,127.19,210.15,153.4
265.32,125.63,210.15,153.4
260.08,120.57,216.52,158.05
260.02,121.08,214.38,156.48
257.32,119.22,214.38,156.48
252.1,114.79,220.87,161.22
252.66,115.71,216.52,158.05
252.51,116.34,214.38,156.48
249.64,114.86,218.69,159.63
248.15,113.29,223.08,162.83
246.29,114.28,223.08,162.83
241.95,110.32,227.57,166.11
243.18,111.92,225.31,164.46
242.7,111.41,227.57,166.11
243.86,113.76,225.31,164.46
244.94,113.38,227.57,166.11
243.16,110.68,234.46,171.14
243.1,110.24,232.14,169.45
245.45,111.79,227.57,166.11
247.06,110.98,227.57,166.11
244.07,109.29,232.14,169.45
243.37,108.39,234.46,171.14
246.82,110.49,227.57,166.11
246.73,109.97,227.57,166.11
246.76,110.9,227.57,166.11
246.92,111.01,227.57,166.11
245.32,109.12,232.14,169.45
245.39,109.86,229.84,167.77
242.9,108.93,234.46,171.14
245.5,112.49,227.57,166.11
244.87,110.29,229.84,167.77
245.14,110.06,236.81,172.85
245.61,112.74,239.18,174.58
246.04,109.76,234.46,171.14
245.67,109.15,229.84,167.77
244.76,108.48,234.46,171.14
247.77,109,227.57,166.11
246.49,109.58,229.84,167.77
251.04,114.1,223.08,162.83
250.32,113.11,223.08,162.83
243.71,107.34,227.57,166.11
238.77,104.19,234.46,171.14
240.13,105.43,227.57,166.11
243.49,107.48,223.08,162.83
241.06,105.59,223.08,162.83
245.42,106.58,223.08,162.83
243.7,107.29,218.69,159.63
242.45,106.46,218.69,159.63
238.91,106.25,225.31,164.46
239.23,108,218.69,159.63
234.68,106.77,225.31,164.46
233.75,108.65,225.31,164.46
235.99,112.65,218.69,159.63
235.65,115.23,218.69,159.63
233.49,115.24,223.08,162.83
233.15,116.41,220.87,161.22
233.26,120.22,216.52,158.05
232.18,119.76,216.52,158.05
234.64,125.07,214.38,156.48
233.04,125.01,216.52,158.05
232.38,122.58,223.08,162.83
230.84,125.49,220.87,161.22
233.09,129.01,218.69,159.63
234.94,133.02,212.26,154.93
234.27,134.03,212.26,154.93
234.06,135.6,212.26,154.93
234.18,138.23,208.07,151.88
236.2,141.24,208.07,151.88
236.3,140.28,203.97,148.89
241.69,146.72,197.98,144.51
240.37,142.84,203.97,148.89
242.65,143.49,208.07,151.88
248.92,146.06,201.95,147.41
251.11,148.54,196.02,143.08
255.6,149.53,192.15,140.26
258.32,149.86,190.25,138.87
260.61,150.69,190.25,138.87
261.08,151.78,190.25,138.87
264.66,153.52,186.5,136.13
266.61,154.35,184.66,134.78
263.79,151.91,190.25,138.87
265.1,153.74,184.66,134.78
259.81,145.07,190.25,138.87
249.14,130.46,194.07,141.66
250.8,132.16,194.07,141.66
253.15,141.04,196.02,143.08
249.28,134.79,199.96,145.95
250.99,142.08,194.07,141.66
246.45,133.5,197.98,144.51
246.36,135.64,194.07,141.66
242.94,132.51,199.96,145.95
244.1,132.61,203.97,148.89
240.42,130.45,208.07,151.88
244.04,132.86,201.95,147.41
244.6,135.31,197.98,144.51
243.4,134.43,196.02,143.08
241.74,134.71,196.02,143.08
240.23,134.86,201.95,147.41
237.71,137.24,201.95,147.41
229.76,133.37,199.96,145.95
230,135.86,203.97,148.89
224.63,137.16,197.98,144.51
219.4,136.3,196.02,143.08
209.94,135.05,199.96,145.95
202.71,132.66,199.96,145.95
197.52,130.68,206.01,150.38
190.85,127.41,212.26,154.93
186.63,125.46,218.69,159.63
184.13,124.56,218.69,159.63
181.53,120.95,220.87,161.22
184.33,121.85,218.69,159.63
180.42,121.65,216.52,158.05
185.6,122.21,218.69,159.63
183.54,122.73,218.69,159.63
181.43,122.21,220.87,161.22
181.08,122.99,223.08,162.83
182.69,124.98,218.69,159.63
183.61,124.18,218.69,159.63
187.76,124.82,218.69,159.63
191.8,126.05,218.69,159.63
200.55,128.01,218.69,159.63
204.02,126.17,223.08,162.83
211.81,127.58,218.69,159.63
218.49,128.23,212.26,154.93
227.8,130.16,208.07,151.88
235.87,129.99,208.07,151.88
243.35,128.05,210.15,153.4
253.8,126.96,210.15,153.4
260.11,127.27,208.07,151.88
263.54,126,210.15,153.4
260.02,127.78,208.07,151.88
258.58,128.16,206.01,150.38
255.78,121.79,212.26,154.93
254.58,121.72,214.38,156.48
248.11,118.8,218.69,159.63
239.97,108.72,225.31,164.46
253.14,122.35,218.69,159.63
259.28,121.72,214.38,156.48
252.95,122.57,210.15,153.4
258.29,124.65,208.07,151.88
258.29,128.13,214.38,156.48
251.52,120.92,220.87,161.22
250.23,123.94,218.69,159.63
247.63,120.5,218.69,159.63
233.38,125.47,212.26,154.93
226,128.6,212.26,154.93
217.61,133.39,218.69,159.63
204.1,131.3,225.31,164.46
189.7,128.23,232.14,169.45
176.16,129.05,236.81,172.85
166.38,132.82,232.14,169.45
158.32,132.97,232.14,169.45
150.23,132.42,232.14,169.45
143.14,129.63,234.46,171.14
146.3,129.35,239.18,174.58
149.57,129.29,236.81,172.85
158.17,126.9,241.57,176.33
168.94,127.84,234.46,171.14
187.6,127.27,232.14,169.45
206.63,127.6,229.84,167.77
226.09,121.64,227.57,166.11
248.28,120.46,223.08,162.83
260.72,122.54,218.69,159.63
264.73,121.84,212.26,154.93
258.63,116.89,216.52,158.05
257.06,118.48,223.08,162.83
252.22,121,223.08,162.83
251.09,120.68,220.87,161.22
249.63,118.11,225.31,164.46
251.87,120.55,223.08,162.83
251.29,117.85,225.31,164.46
251.78,122.04,218.69,159.63
249.78,119.16,220.87,161.22
255.06,125.91,214.38,156.48
250.99,123.13,220.87,161.22
250.65,122.35,220.87,161.22
255.56,121.66,216.52,158.05
259.16,123.57,218.69,159.63
254.52,116.46,220.87,161.22
245.1,119.04,220.87,161.22
226.57,125.09,214.38,156.48
213.99,130.52,218.69,159.63
187.96,121.17,212.26,154.93
172.93,127.32,216.52,158.05
166.48,126.45,218.69,159.63
163.39,125.62,216.52,158.05
163.11,126.27,216.52,158.05
165.32,121.56,220.87,161.22
176.93,125.12,214.38,156.48
187.44,120,218.69,159.63
205.24,123.58,223.08,162.83
224.35,122.42,223.08,162.83
243.96,119.5,220.87,161.22
254.16,114.37,227.57,166.11
258.35,115.66,220.87,161.22
257.56,120.97,218.69,159.63
259.31,119.83,218.69,159.63
259.51,122.34,214.38,156.48
255.58,119.7,220.87,161.22
256.94,125.04,218.69,159.63
255.5,129.24,212.26,154.93
255.08,125.51,218.69,159.63
256.39,123.69,218.69,159.63
255.31,124.36,218.69,159.63
255.63,122.9,216.52,158.05
254.73,120.04,223.08,162.83
257.41,121.26,218.69,159.63
257.92,120.52,220.87,161.22
256.63,121.55,223.08,162.83
255.57,120.77,223.08,162.83
253.38,120.45,223.08,162.83
251.82,118.97,225.31,164.46
254.8,116.87,229.84,167.77
254.97,118.86,225.31,164.46
259.59,122.89,218.69,159.63
256.49,118.9,225.31,164.46
255.9,115.57,229.84,167.77
256.77,117.15,227.57,166.11
256.78,119.37,225.31,164.46
258.92,119.67,223.08,162.83
256.62,118.08,225.31,164.46
255.78,117.87,227.57,166.11
252.86,115,234.46,171.14
254.81,117.39,229.84,167.77
254.44,117.02,229.84,167.77
255.34,119.45,225.31,164.46
248.82,116.26,227.57,166.11
245.39,115.84,227.57,166.11
246.05,122.39,220.87,161.22
232.36,129.6,214.38,156.48
223.15,132.52,214.38,156.48
266.53,124.09,214.38,156.48
260.59,120.31,220.87,161.22
256.32,116.79,227.57,166.11
256.21,118.54,227.57,166.11
252.67,115.45,232.14,169.45
252.13,117.9,225.31,164.46
252.2,120.95,223.08,162.83
173.61,92.45,227.57,166.11
174.61,90.704,227.57,166.11
180.06,92.598,220.87,161.22
183.86,93.676,218.69,159.63
185.21,93.901,220.87,161.22
183.8,90.447,227.57,166.11
184.23,93.024,223.08,162.83
234.91,120.42,223.08,162.83
175.02,88.734,229.84,167.77
169.85,88.712,227.57,166.11
166.84,89.849,220.87,161.22
166.27,91.811,216.52,158.05
172.11,100.14,218.69,159.63
157.99,95.264,223.08,162.83
165.2,97.329,216.52,158.05
243.67,125.99,223.08,162.83
243.23,123.43,218.69,159.63
195.59,92.582,225.31,164.46
204.93,93.627,218.69,159.63
217.18,93.841,212.26,154.93
230.44,93.478,212.26,154.93
245.18,95.556,206.01,150.38
249.78,92.237,212.26,154.93
247.63,123.34,214.38,156.48
244.39,119.86,220.87,161.22
245.53,119.56,225.31,164.46
245.82,120.72,223.08,162.83
246.92,121.59,223.08,162.83
244.4,119.21,225.31,164.46
246.75,122.46,223.08,162.83
245.37,120.33,225.31,164.46
248.12,120.69,223.08,162.83
246.01,117.24,227.57,166.11
241.09,90.927,225.31,164.46
234.69,97.671,220.87,161.22
225.15,99.103,223.08,162.83
242.15,123.96,223.08,162.83
201.75,100.92,227.57,166.11
187.12,102.77,234.46,171.14
180.63,108.16,229.84,167.77
171.65,109.99,227.57,166.11
165.79,111.65,229.84,167.77
162.33,113.24,225.31,164.46
163.79,114.54,220.87,161.22
172.79,112.87,220.87,161.22
248.69,123.14,216.52,158.05
250.16,124.24,212.26,154.93
254.79,122.56,206.01,150.38
252.21,121.61,210.15,153.4
248.68,120.19,212.26,154.93
246.23,128.25,214.38,156.48
243.58,126.52,216.52,158.05
241,124.88,220.87,161.22
241.99,125.04,223.08,162.83
237.9,123.7,227.57,166.11
237.98,123.8,227.57,166.11
235.55,122.97,232.14,169.45
234.04,123.97,239.18,174.58
230.08,123.6,243.98,178.09
226.58,124.56,243.98,178.09
229.97,124.72,241.57,176.33
234.79,119.82,239.18,174.58
240.35,116.49,232.14,169.45
245.44,118.93,225.31,164.46
245.69,120.75,225.31,164.46
250.87,123.02,218.69,159.63
250.64,123.22,218.69,159.63
246.87,120.18,225.31,164.46
155.03,99.086,229.84,167.77
150.68,97.587,227.57,166.11
246.81,118.71,227.57,166.11
244.99,118.84,232.14,169.45
246.16,120.97,225.31,164.46
249.83,120.19,223.08,162.83
250.41,118.49,220.87,161.22
251.04,117.87,220.87,161.22
162.05,104.01,223.08,162.83
164.95,104.66,223.08,162.83
171.38,103.55,223.08,162.83
176.87,99.465,223.08,162.83
183.18,99.212,216.52,158.05
194.82,97.837,220.87,161.22
206.7,99.525,216.52,158.05
246.42,124.21,220.87,161.22
230.39,97.286,223.08,162.83
248.83,113.3,218.69,159.63
247.45,117.54,223.08,162.83
247.77,120.22,225.31,164.46
245.1,118.68,225.31,164.46
246.59,118.02,227.57,166.11
248.62,118.03,225.31,164.46
252.32,122.21,218.69,159.63
250.77,120.41,223.08,162.83
251.96,120.14,223.08,162.83
253.2,121.78,218.69,159.63
250.1,119.33,225.31,164.46
250.05,118.96,225.31,164.46
250.49,119.28,225.31,164.46
250.25,119.47,225.31,164.46
253.29,121.51,218.69,159.63
249.51,118.45,225.31,164.46
249.7,119.05,225.31,164.46
251.29,120.97,223.08,162.83
252.45,121.48,218.69,159.63
249.14,119.99,225.31,164.46
251.39,120.98,220.87,161.22
251.75,120.9,220.87,161.22
247.81,118.64,227.57,166.11
251.13,120.94,223.08,162.83
250.25,118.11,225.31,164.46
249.29,119.11,225.31,164.46
249.61,118.79,225.31,164.46
250.83,120.32,223.08,162.83
250.85,120.24,223.08,162.83
251.4,120.77,223.08,162.83
249.47,119.87,225.31,164.46
251.09,119.8,223.08,162.83
250.98,120.29,223.08,162.83
250.39,121.63,223.08,162.83
252.39,124.03,218.69,159.63
249.89,119.66,225.31,164.46
251.5,121.36,223.08,162.83
250.02,118.74,225.31,164.46
250.12,120.49,220.87,161.22
250.63,119.62,220.87,161.22
248.09,115.79,227.57,166.11
246.19,114.54,232.14,169.45
247.57,116.09,227.57,166.11
248.13,116.5,227.57,166.11
248.72,119.45,225.31,164.46
249.14,121.27,225.31,164.46
249.59,123.76,223.08,162.83
250.17,121.37,225.31,164.46
250.04,120.4,227.57,166.11
249.41,120.44,227.57,166.11
252.26,123.66,220.87,161.22
250.34,123.13,223.08,162.83
250.97,125.91,216.52,158.05
250.08,124.55,218.69,159.63
251.41,122.83,220.87,161.22
249.76,125.26,216.52,158.05
252.7,124.69,223.08,162.83
249.77,124.17,225.31,164.46
252.07,126.45,223.08,162.83
252.62,128.24,216.52,158.05
250.01,124.77,220.87,161.22
249.17,124.09,223.08,162.83
245.8,121.66,229.84,167.77
249.66,127.67,223.08,162.83
244.04,121.79,229.84,167.77
247.13,121.29,227.57,166.11
247.77,119.66,227.57,166.11
249.12,119.25,225.31,164.46
249.87,117.49,225.31,164.46
249.84,116.29,225.31,164.46
247.05,116.43,227.57,166.11
246.94,118.66,225.31,164.46
248.9,122.49,223.08,162.83
248.5,122.88,223.08,162.83
245.93,120.89,223.08,162.83
244.63,118.96,227.57,166.11
246.19,121.3,220.87,161.22
245.43,119.49,225.31,164.46
240,116.57,229.84,167.77
239.07,117.61,229.84,167.77
240.26,117.97,227.57,166.11
243.62,121.04,220.87,161.22
247.86,121.05,220.87,161.22
244.23,118.3,225.31,164.46
245.98,120.24,225.31,164.46
244.69,118.84,225.31,164.46
246.74,123.49,223.08,162.83
247.25,124.49,223.08,162.83
244.8,123.84,223.08,162.83
242.98,120.5,225.31,164.46
241,116.03,229.84,167.77
245.77,124.48,225.31,164.46
245.69,123.23,225.31,164.46
243.79,118.55,232.14,169.45
244.04,119.86,227.57,166.11
241.69,114.83,234.46,171.14
243.36,115.68,232.14,169.45
244.16,118.43,227.57,166.11
244.36,116.88,227.57,166.11
242.92,115.48,232.14,169.45
242.24,115.73,229.84,167.77
241.52,115.31,232.14,169.45
243.8,117.01,227.57,166.11
244.54,117.5,227.57,166.11
246.58,123.01,223.08,162.83
242.91,117.72,229.84,167.77
242.96,117.29,227.57,166.11
246.53,117.37,225.31,164.46
245.64,120.1,225.31,164.46
244.85,118.38,227.57,166.11
244.85,119.81,225.31,164.46
248.53,123.98,218.69,159.63
245.71,121.06,225.31,164.46
245,120.35,225.31,164.46
242.65,118.02,229.84,167.77
247.13,123.58,223.08,162.83
243.35,122.87,225.31,164.46
241.03,117.97,232.14,169.45
244.56,120.33,227.57,166.11
245.81,120.27,225.31,164.46
249.42,124.24,218.69,159.63
246.46,123.31,223.08,162.83
247.71,122.05,223.08,162.83
243.4,119.4,227.57,166.11
242.37,120.25,229.84,167.77
246.3,123.77,223.08,162.83
244.72,125.98,220.87,161.22
244.22,124.78,225.31,164.46
243.63,122.3,225.31,164.46
244.83,119.98,223.08,162.83
242.89,121.59,227.57,166.11
245.76,121.26,223.08,162.83
247.14,122.41,223.08,162.83
246.1,122.42,223.08,162.83
244.26,120.13,225.31,164.46
244.29,119.7,227.57,166.11
243.47,120.09,227.57,166.11
246.64,122,223.08,162.83
245.67,120.24,225.31,164.46
243.69,117.28,227.57,166.11
243.31,117.74,227.57,166.11
244.98,120.37,225.31,164.46
242.73,115.06,229.84,167.77
244.44,115.91,225.31,164.46
239.4,117.92,232.14,169.45
243.78,122.92,227.57,166.11
243.57,123.6,227.57,166.11
245.77,123.64,225.31,164.46
242.25,120.3,232.14,169.45
245.6,123.13,227.57,166.11
246.48,125.99,225.31,164.46
247.77,123.3,223.08,162.83
245.78,122.42,225.31,164.46
247.35,122.35,223.08,162.83
245.76,121.01,225.31,164.46
245.92,121.11,225.31,164.46
244.84,120.47,227.57,166.11
247.23,123.4,223.08,162.83
244.55,120.41,227.57,166.11
243.54,119.2,229.84,167.77
244.5,120.75,227.57,166.11
247.65,124.17,223.08,162.83
245.32,121.17,229.84,167.77
246.08,123.49,225.31,164.46
248.52,124.26,223.08,162.83
245.58,124.55,225.31,164.46
247.81,124.45,223.08,162.83
247.76,125.42,223.08,162.83
245.05,122.67,227.57,166.11
243.68,120.33,227.57,166.11
239.01,118.77,234.46,171.14
239.6,119.43,232.14,169.45
239.96,119.63,232.14,169.45
241.65,121.52,229.84,167.77
237.73,120.82,234.46,171.14
241.38,123.05,227.57,166.11
238.27,120.09,232.14,169.45
241.06,121.35,227.57,166.11
242.27,121.62,227.57,166.11
240.82,118.89,229.84,167.77
239.27,119.98,232.14,169.45
239.05,118.43,232.14,169.45
239.05,118.08,232.14,169.45
240.48,119.35,229.84,167.77
241.71,120.6,227.57,166.11
238.2,118.81,232.14,169.45
240.73,120.98,227.57,166.11
241.49,121,227.57,166.11
242.74,122.03,225.31,164.46
239.12,118.7,232.14,169.45
238.5,119.29,232.14,169.45
239.2,118.81,232.14,169.45
242.32,121.78,225.31,164.46
240.82,120.87,227.57,166.11
237.43,118.5,234.46,171.14
238.84,119.16,232.14,169.45
241.53,122.16,225.31,164.46
244.84,123.32,223.08,162.83
241.81,121.7,227.57,166.11
240.42,120.55,229.84,167.77
237.64,119.11,234.46,171.14
241.65,120.5,227.57,166.11
239.03,119.35,232.14,169.45
240.04,119.51,229.84,167.77
241.54,120.83,227.57,166.11
244.4,123.47,220.87,161.22
241.22,120.48,227.57,166.11
245.93,123.27,223.08,162.83
242.46,119.6,227.57,166.11
239.82,119.02,232.14,169.45
240.5,120.37,229.84,167.77
242.01,121.28,227.57,166.11
241.05,119.47,232.14,169.45
243.68,121.71,225.31,164.46
246.78,123.11,220.87,161.22
244.91,122.15,225.31,164.46
242.96,120.76,229.84,167.77
244.95,122.42,225.31,164.46
245.05,122.65,225.31,164.46
243.29,120.18,229.84,167.77
241.51,118.95,232.14,169.45
243.22,120.56,229.84,167.77
243.8,121.53,227.57,166.11
242.22,121.67,227.57,166.11
238.72,119.44,232.14,169.45
239.36,119.47,232.14,169.45
241.98,119.67,227.57,166.11
240.76,119.2,229.84,167.77
241.64,119.18,229.84,167.77
240.9,119.89,232.14,169.45
242.16,120.27,229.84,167.77
245.32,123.29,223.08,162.83
244.38,120.82,227.57,166.11
243.62,120.15,227.57,166.11
243.41,120.31,227.57,166.11
241.25,120.09,227.57,166.11
240.87,119.66,227.57,166.11
241.07,119.23,229.84,167.77
242.62,121.54,225.31,164.46
239.84,119.34,229.84,167.77
241.33,119.61,227.57,166.11
239.69,118.38,229.84,167.77
242.62,121.9,225.31,164.46
240.11,118.59,232.14,169.45
243.45,121.73,225.31,164.46
243.08,121.52,225.31,164.46
240.63,119.42,229.84,167.77
242.14,120.24,227.57,166.11
242.1,122.01,225.31,164.46
244.29,121.12,223.08,162.83
239.92,118.75,229.84,167.77
241.66,119.25,227.57,166.11
240.41,117.7,232.14,169.45
240.92,118.67,229.84,167.77
244.42,121.57,223.08,162.83
240.4,118.57,229.84,167.77
245.44,121.28,223.08,162.83
245.92,121.12,223.08,162.83
243.52,118.05,227.57,166.11
243.34,117.75,227.57,166.11
242.18,116.96,227.57,166.11
243.59,118.13,225.31,164.46
246.04,119.95,220.87,161.22
245.62,120.34,220.87,161.22
244.07,119.26,225.31,164.46
247.95,122.29,218.69,159.63
244.48,119.8,225.31,164.46
244.37,119.59,225.31,164.46
243.7,118.46,227.57,166.11
244.08,119.53,225.31,164.46
242.13,118.29,227.57,166.11
241.44,118.2,229.84,167.77
245.4,121.4,223.08,162.83
245.38,121.56,223.08,162.83
245.1,120.47,223.08,162.83
243.6,118.96,225.31,164.46
246.14,119.88,220.87,161.22
244.59,117.88,225.31,164.46
243.65,117.12,227.57,166.11
243.74,117.39,227.57,166.11
242.9,116.4,229.84,167.77
244.81,118.27,227.57,166.11
247.06,119.57,225.31,164.46
247.65,118.64,225.31,164.46
245.23,117.25,229.84,167.77
246.34,120.08,225.31,164.46
249.07,122.07,223.08,162.83
246.7,118.94,227.57,166.11
246.76,118.5,229.84,167.77
247.46,117.16,232.14,169.45
247.76,116.81,234.46,171.14
251.93,117.53,232.14,169.45
254.81,118.52,229.84,167.77
254.08,118.38,236.81,172.85
254.36,116.64,234.46,171.14
255.05,115.65,239.18,174.58
258.16,116.5,236.81,172.85
257.18,116.38,236.81,172.85
258.97,114.51,239.18,174.58
262.37,116.49,236.81,172.85
274.63,115.87,232.14,169.45
281.79,117.93,225.31,164.46
276.41,118.32,229.84,167.77
284.67,122.21,223.08,162.83
286.66,122.07,220.87,161.22
289.36,121.61,216.52,158.05
288.8,119.9,220.87,161.22
293.89,122.29,214.38,156.48
293.25,120.19,216.52,158.05
296.28,120.7,212.26,154.93
295.7,120.01,212.26,154.93
296.57,121.18,212.26,154.93
298.13,123.38,210.15,153.4
295.89,121.96,216.52,158.05
295.47,122.58,216.52,158.05
291.53,122.37,220.87,161.22
285.46,120.03,227.57,166.11
288.19,122.31,220.87,161.22
290.98,123.81,214.38,156.48
289.67,122.73,216.52,158.05
291.49,124.39,214.38,156.48
295.06,125.22,210.15,153.4
291.66,124.53,214.38,156.48
291.81,122.99,212.26,154.93
292.05,122.91,212.26,154.93
297.81,125.07,206.01,150.38
298.07,123.91,208.07,151.88
296.13,122.01,214.38,156.48
295.29,121.9,214.38,156.48
296.23,121.59,214.38,156.48
292.15,118.22,220.87,161.22
294.7,121.05,218.69,159.63
297.67,122.16,214.38,156.48
294.33,122.14,218.69,159.63
292.33,122.47,218.69,159.63
293.12,121.81,216.52,158.05
295.28,122.24,214.38,156.48
295.7,121.55,214.38,156.48
291.87,120.81,216.52,158.05
289.47,121.91,218.69,159.63
288.51,121.67,218.69,159.63
283.11,119.1,223.08,162.83
276.74,117.29,225.31,164.46
283.36,120.05,223.08,162.83
286.93,121.3,216.52,158.05
283.71,120.65,223.08,162.83
283.5,120.15,220.87,161.22
281.76,121.46,223.08,162.83
280.59,119.01,225.31,164.46
281.11,119.07,225.31,164.46
278.5,118.99,225.31,164.46
272.27,117.09,229.84,167.77
281.71,121.96,223.08,162.83
278.19,117.91,225.31,164.46
279.37,122.47,223.08,162.83
282.72,120.89,223.08,162.83
286.12,117.49,223.08,162.83
286.28,119.87,218.69,159.63
276.69,117.18,225.31,164.46
278.34,118.81,227.57,166.11
282.91,120.77,229.84,167.77
287.29,123.1,223.08,162.83
291.27,123.53,218.69,159.63
288.27,121.81,216.52,158.05
291.2,122.86,214.38,156.48
288.51,122.59,218.69,159.63
282.11,119.63,225.31,164.46
284.06,120.61,223.08,162.83
288.53,120.83,218.69,159.63
285.37,119.53,223.08,162.83
286.44,120.89,223.08,162.83
289.07,122.01,216.52,158.05
285.17,118.85,220.87,161.22
284.93,119.75,223.08,162.83
286.43,120.45,220.87,161.22
282.13,117.82,227.57,166.11
285.31,120.28,223.08,162.83
286.45,120.31,220.87,161.22
286.18,121.44,220.87,161.22
279.33,118.4,227.57,166.11
283.15,117.73,227.57,166.11
288.71,121.49,220.87,161.22
292.26,120.79,216.52,158.05
290.21,120.95,220.87,161.22
287.6,121.51,223.08,162.83
289.69,121.86,220.87,161.22
285.38,121.33,225.31,164.46
288.39,121.45,220.87,161.22
292.34,122.4,216.52,158.05
290.19,121.99,218.69,159.63
285.5,119.14,225.31,164.46
289.71,120.98,218.69,159.63
287.18,120.11,223.08,162.83
288.73,121.44,218.69,159.63
289.2,120.52,218.69,159.63
289.46,120.53,216.52,158.05
286.42,119.94,223.08,162.83
280.9,117.93,227.57,166.11
279.72,119.4,227.57,166.11
282.68,121.18,223.08,162.83
275.53,116.78,229.84,167.77
279.92,117.17,225.31,164.46
284.56,118.12,218.69,159.63
284.88,121.84,218.69,159.63
282.33,122.34,223.08,162.83
284.52,124.56,218.69,159.63
281.34,122.53,220.87,161.22
284.3,123.5,218.69,159.63
280.49,121.03,223.08,162.83
281.83,120.54,223.08,162.83
281.33,120.77,220.87,161.22
278.31,118.78,225.31,164.46
283.14,121.36,218.69,159.63
278.89,119.28,225.31,164.46
281.27,119.64,223.08,162.83
280.33,119.75,220.87,161.22
277.73,118.25,225.31,164.46
277.55,118.38,225.31,164.46
280.18,119.37,220.87,161.22
281.2,120.49,223.08,162.83
279.29,119.45,225.31,164.46
281,119.31,220.87,161.22
282.81,120.01,216.52,158.05
279.66,119.33,223.08,162.83
280.93,119,220.87,161.22
280.08,118.78,223.08,162.83
277.65,120.43,225.31,164.46
280.33,119.52,225.31,164.46
279.08,120.52,223.08,162.83
278.38,119.24,220.87,161.22
277.45,117.97,225.31,164.46
277.64,118.29,225.31,164.46
275.29,115.41,229.84,167.77
279.07,118.47,223.08,162.83
278.39,118.4,220.87,161.22
280.4,119.43,218.69,159.63
281.1,121.35,216.52,158.05
278.05,121.12,223.08,162.83
282.33,120.21,220.87,161.22
280.04,119.69,225.31,164.46
279.8,122.04,223.08,162.83
281.57,121.21,220.87,161.22
280.89,119.18,225.31,164.46
283.13,119.79,223.08,162.83
286.49,120.23,216.52,158.05
282.94,120.48,220.87,161.22
281.68,120.2,220.87,161.22
282.59,120.16,223.08,162.83
283.99,119.25,223.08,162.83
280.92,118.21,225.31,164.46
282.1,120.65,218.69,159.63
282.52,122.18,218.69,159.63
281.27,119.77,225.31,164.46
282.36,120.02,223.08,162.83
279.78,116.87,227.57,166.11
281.82,119.02,225.31,164.46
284.08,119.8,220.87,161.22
284.19,119.59,220.87,161.22
281.57,118.62,225.31,164.46
282.29,118.4,225.31,164.46
285.33,120.13,223.08,162.83
286.18,120.51,223.08,162.83
287.93,119.02,223.08,162.83
285.72,116.89,225.31,164.46
289.44,116.73,220.87,161.22
285.57,116.37,225.31,164.46
287.64,117.18,220.87,161.22
285.76,118.27,223.08,162.83
287.8,118.42,223.08,162.83
284.73,118.55,225.31,164.46
284.63,118.99,225.31,164.46
284.41,119.94,223.08,162.83
283.97,117.87,225.31,164.46
282.31,115.88,229.84,167.77
283.94,117.32,225.31,164.46
282.51,116.48,227.57,166.11
286.37,118.81,223.08,162.83
285.73,119.09,223.08,162.83
286.01,120.34,223.08,162.83
284.62,120.37,223.08,162.83
282.82,119.35,225.31,164.46
284.6,117.16,225.31,164.46
285.51,118.74,223.08,162.83
281.58,116.38,229.84,167.77
281.43,116.68,229.84,167.77
285.11,118.68,225.31,164.46
287.13,118.17,225.31,164.46
290.23,119.5,218.69,159.63
288.21,118,220.87,161.22
287.03,118.67,220.87,161.22
288.83,121.44,218.69,159.63
286,120.56,223.08,162.83
286.36,120.08,220.87,161.22
281.2,117.45,227.57,166.11
280.06,116.74,229.84,167.77
279.1,116.31,229.84,167.77
282.65,118.27,225.31,164.46
283.14,117.17,225.31,164.46
281.91,116.93,225.31,164.46
284.53,119.15,223.08,162.83
281.72,118.23,227.57,166.11
284.81,119.78,223.08,162.83
279.22,117.36,229.84,167.77
285.42,120.58,223.08,162.83
280.39,117.48,229.84,167.77
285.16,120.9,223.08,162.83
280.21,118.46,229.84,167.77
283.35,120.44,225.31,164.46
281.61,119.25,227.57,166.11
285.95,122.58,223.08,162.83
285.29,122.78,223.08,162.83
282.1,119.42,227.57,166.11
283.43,120.14,225.31,164.46
285.6,122.22,223.08,162.83
283.54,121.05,225.31,164.46
285.61,122.6,223.08,162.83
286.18,122.13,223.08,162.83
284.11,119.49,225.31,164.46
284.17,119.1,225.31,164.46
288.78,121.98,218.69,159.63
286.66,120.71,223.08,162.83
282.38,118.52,227.57,166.11
282.9,118.46,227.57,166.11
284.5,118.65,225.31,164.46
279.74,115.68,232.14,169.45
283.58,118.11,225.31,164.46
285.52,119.88,223.08,162.83
286.11,120.59,223.08,162.83
286.44,120.21,223.08,162.83
287.38,120.38,223.08,162.83
281.69,117.27,229.84,167.77
285.09,119.94,225.31,164.46
285.53,120.59,225.31,164.46
282.35,118.87,229.84,167.77
280.06,119.48,232.14,169.45
282.16,119.53,229.84,167.77
283.02,120.31,227.57,166.11
282.22,119.95,229.84,167.77
285.6,121.73,225.31,164.46
288.07,123.47,223.08,162.83
283.88,120.44,227.57,166.11
282.17,120.78,229.84,167.77
286.53,123.99,223.08,162.83
282.49,121.07,227.57,166.11
278.89,119.93,232.14,169.45
279.39,120.52,229.84,167.77
283.86,124.36,223.08,162.83
281,120.93,227.57,166.11
283.07,122.69,223.08,162.83
283.97,122.23,225.31,164.46
284.46,124.24,223.08,162.83
284.99,124.78,223.08,162.83
280.96,121.87,229.84,167.77
282.5,122.59,225.31,164.46
284.28,122.75,223.08,162.83
287.13,122.48,216.52,158.05
287.01,121.65,218.69,159.63
286.52,122.05,216.52,158.05
285.96,123.01,218.69,159.63
285.78,122.6,216.52,158.05
283.86,122.33,220.87,161.22
284.23,123.37,223.08,162.83
283.67,123.5,223.08,162.83
284.3,123.34,223.08,162.83
284.15,124.07,223.08,162.83
281.58,122.84,225.31,164.46
280.1,122.02,227.57,166.11
283.2,124.38,223.08,162.83
282.91,124.09,223.08,162.83
283.34,123.82,223.08,162.83
284.08,124.37,223.08,162.83
282.15,122.67,225.31,164.46
282.56,121.99,225.31,164.46
285.22,123.12,223.08,162.83
287.77,124.24,218.69,159.63
285.64,125.21,223.08,162.83
285.24,127.04,223.08,162.83
284.75,127.15,223.08,162.83
284.46,125.99,223.08,162.83
281.83,123.51,225.31,164.46
284.81,125.74,223.08,162.83
285.5,126.25,223.08,162.83
283.62,124.64,225.31,164.46
284.52,124.51,225.31,164.46
287.03,126.38,223.08,162.83
284.81,124.12,225.31,164.46
282.41,122.29,227.57,166.11
284.73,124.03,225.31,164.46
283.71,123.38,225.31,164.46
286.24,123.24,223.08,162.83
286.49,121.92,225.31,164.46
287.34,122.16,225.31,164.46
284.59,121.1,227.57,166.11
286.21,121.55,225.31,164.46
285.91,120.16,225.31,164.46
285.46,119.67,225.31,164.46
287.8,122.29,223.08,162.83
287.01,122.03,223.08,162.83
281.64,119.33,229.84,167.77
280.43,117.62,229.84,167.77
283.55,119.75,225.31,164.46
279.14,119.03,229.84,167.77
282.33,121.37,225.31,164.46
278.91,121.32,227.57,166.11
276.45,120.27,229.84,167.77
276.18,122.59,229.84,167.77
273.76,121.89,229.84,167.77
272.92,122.7,227.57,166.11
275.26,124.89,223.08,162.83
275.33,124.97,223.08,162.83
261.31,120.04,229.84,167.77
258.83,118.26,236.81,172.85
245.07,112.06,243.98,178.09
238.17,108.27,248.89,181.67
230.62,106.05,256.43,187.17
228.36,106.66,256.43,187.17
224.88,106.78,258.99,189.05
227.19,107.14,253.89,185.32
220.12,102.37,261.58,190.94
221.8,104.63,253.89,185.32
216.27,101.09,258.99,189.05
217.03,101.89,261.58,190.94
215.92,101.01,261.58,190.94
215.33,99.434,261.58,190.94
214.68,99.405,261.58,190.94
214.27,97.108,258.99,189.05
214.29,97.222,258.99,189.05
213.74,96.965,261.58,190.94
207.66,93.213,269.51,196.72
207.51,94.954,272.2,198.69
203.51,92.346,277.68,202.68
200.75,90.28,283.26,206.76
201.11,91.709,283.26,206.76
205.4,94.398,280.45,204.71
208.03,93.088,280.45,204.71
202.89,89.927,288.95,210.91
210.3,91.093,280.45,204.71
211.61,89.76,277.68,202.68
218.29,89.852,269.51,196.72
218.84,91.196,272.2,198.69
215.86,90.275,277.68,202.68
216.32,91.289,277.68,202.68
211,90.373,286.09,208.82
215.79,92.525,280.45,204.71
210.21,93.076,286.09,208.82
209.96,92.219,286.09,208.82
207.67,92.399,288.95,210.91
209.8,93.227,283.26,206.76
215.08,93.89,274.93,200.68
210.29,91.011,283.26,206.76
213.45,90.884,277.68,202.68
218.84,93.163,269.51,196.72
222.35,95.269,264.2,192.85
222.86,95.415,264.2,192.85
218.87,95.007,272.2,198.69
216.68,93.456,274.93,200.68
220.14,96.672,272.2,198.69
215.91,96.422,277.68,202.68
216.6,100.5,277.68,202.68
215.79,104.57,280.45,204.71
212.05,103.28,283.26,206.76
214.87,101.84,277.68,202.68
223.38,102.79,272.2,198.69
225,101.6,269.51,196.72
222.45,100.78,274.93,200.68
221.95,101.32,274.93,200.68
221.98,101.05,274.93,200.68
226.28,102.86,272.2,198.69
224.82,100.39,274.93,200.68
225.48,99.644,280.45,204.71
224.02,100.87,280.45,204.71
218.04,99.225,286.09,208.82
224.8,100.74,277.68,202.68
220.92,100.4,283.26,206.76
222.39,100.86,283.26,206.76
225.95,104.63,280.45,204.71
226.68,105.98,280.45,204.71
228.22,107.33,280.45,204.71
231.08,104.02,277.68,202.68
229.69,104.39,280.45,204.71
224.89,100.12,286.09,208.82
229.47,100.85,280.45,204.71
230.39,100.58,277.68,202.68
232.9,100.27,269.51,196.72
232.18,102.02,272.2,198.69
225.99,99.867,277.68,202.68
227.03,102.24,274.93,200.68
228.79,104.59,272.2,198.69
223.03,103.4,277.68,202.68
216.41,100.35,286.09,208.82
216.24,99.441,283.26,206.76
218.15,100.76,280.45,204.71
217.46,98.636,277.68,202.68
218.3,99.185,274.93,200.68
220.25,99.878,266.84,194.77
219.03,100.52,269.51,196.72
221.02,101.39,266.84,194.77
221.63,100.9,266.84,194.77
225.81,103.47,264.2,192.85
222.06,101.55,269.51,196.72
221.32,102.19,272.2,198.69
220.3,101,274.93,200.68
223.74,104.92,272.2,198.69
227.53,106.29,266.84,194.77
226.09,106.19,274.93,200.68
230.18,107.56,269.51,196.72
239.26,112.32,261.58,190.94
236.09,106.56,264.2,192.85
232.07,100.76,272.2,198.69
231.16,99.107,269.51,196.72
229.24,102.52,269.51,196.72
227.03,104.17,269.51,196.72
230.85,110,264.2,192.85
236.08,110.32,261.58,190.94
239.66,107.24,264.2,192.85
243.36,108.32,256.43,187.17
253.15,111.53,248.89,181.67
262.06,118.36,241.57,176.33
254.23,117.56,248.89,181.67
249.11,115.27,256.43,187.17
257.61,116.84,251.38,183.49
256.96,116.13,253.89,185.32
259.94,114.42,248.89,181.67
266.36,117,241.57,176.33
265.91,116.53,241.57,176.33
259.69,111.57,248.89,181.67
265.43,114.98,241.57,176.33
266.9,115.22,239.18,174.58
264.02,114.41,241.57,176.33
256.12,111.2,248.89,181.67
253.64,110.8,248.89,181.67
251.57,112.05,253.89,185.32
253.3,112.57,246.42,179.87
249.1,112.88,251.38,183.49
242.18,111.37,256.43,187.17
247.48,116.34,251.38,183.49
240.86,109.22,256.43,187.17
239.83,108.14,248.89,181.67
236.26,108.46,253.89,185.32
229.96,105.96,261.58,190.94
229,100.3,258.99,189.05
227.74,99.029,258.99,189.05
227.48,97.939,258.99,189.05
230.1,101.11,253.89,185.32
226.8,99.043,256.43,187.17
229.39,102.75,248.89,181.67
225.87,102.02,256.43,187.17
227.81,103.59,256.43,187.17
226.57,102.29,258.99,189.05
231.23,108.2,251.38,183.49
232.05,111.91,251.38,183.49
224.78,109.33,258.99,189.05
226.26,106.88,256.43,187.17
230.49,108.16,251.38,183.49
231.66,105.59,248.89,181.67
233.98,106.79,246.42,179.87
234.71,106.73,246.42,179.87
232.67,106.04,248.89,181.67
234.32,106.51,246.42,179.87
232.73,105.7,253.89,185.32
234.14,105.69,248.89,181.67
235.32,105.89,246.42,179.87
236.08,106.52,243.98,178.09
