1,202,281,191
-1.8,198.77,289.51,196.79
5.2616,200.68,281,191
9.9753,202.41,272.74,185.38
6.9081,200.38,281,191
8.2666,199.61,281,191
19.624,200.9,281,191
20.424,205.35,275.46,187.24
15.631,203.62,281,191
18.002,202.81,281,191
17.324,199.46,281,191
6.7285,197.37,286.65,194.84
3.6199,193.47,292.41,198.76
1.0613,192.22,295.33,200.74
6.6196,195.05,286.65,194.84
4.8866,195.25,286.65,194.84
13.223,198.07,278.22,189.11
14.338,200.65,275.46,187.24
15.273,202.47,270.04,183.55
15.622,199.72,272.74,185.38
9.4452,196.19,281,191
7.7738,196.21,283.81,192.91
7.5085,198.79,281,191
4.6333,195.46,281,191
5.3073,195.43,283.81,192.91
5.0961,196.24,283.81,192.91
4.3023,197.08,286.65,194.84
10.265,200.87,278.22,189.11
11.796,202.12,275.46,187.24
11.662,201.13,275.46,187.24
6.001,197.55,283.81,192.91
5.0297,196.51,286.65,194.84
7.5084,196.41,283.81,192.91
2.3341,193.95,289.51,196.79
7.2241,198.06,283.81,192.91
2.1707,193.8,289.51,196.79
2.9794,194.04,289.51,196.79
8.3599,196.45,281,191
6.0936,196.36,286.65,194.84
8.8955,196.87,283.81,192.91
8.654,196.73,283.81,192.91
7.5503,196.11,286.65,194.84
8.7426,197.37,283.81,192.91
9.0328,196.92,283.81,192.91
6.8759,196.5,286.65,194.84
6.8758,196.16,286.65,194.84
8.599,197.58,283.81,192.91
7.0263,196.39,286.65,194.84
8.7922,197.11,283.81,192.91
8.9725,196.8,283.81,192.91
8.7789,197.08,283.81,192.91
7.6532,196.41,286.65,194.84
9.0112,197.42,283.81,192.91
7.4131,196.75,286.65,194.84
8.5455,198.17,283.81,192.91
1.8717,194.11,292.41,198.76
8.0133,197.65,283.81,192.91
12.687,201.53,275.46,187.24
8.6066,197.98,283.81,192.91
2.8178,193.59,292.41,198.76
-4.0853,190.08,298.29,202.75
-6.0932,189.83,298.29,202.75
-6.7438,190.45,298.29,202.75
-10.283,187.94,304.28,206.83
-6.5363,190.63,298.29,202.75
-6.1399,190.96,298.29,202.75
-0.16259,195.22,289.51,196.79
-2.5074,194.13,295.33,200.74
-1.8607,194.61,295.33,200.74
4.2787,197.38,286.65,194.84
4.2964,197.87,286.65,194.84
5.8933,198.96,286.65,194.84
1.9622,195.59,289.51,196.79
6.4857,199.1,283.81,192.91
5.6704,197.72,286.65,194.84
4.6967,195.45,289.51,196.79
11.929,197.55,281,191
11.185,199.46,281,191
11.12,200.42,283.81,192.91
11.468,199.75,283.81,192.91
11.392,197.01,286.65,194.84
12.096,196.53,286.65,194.84
14.118,196.81,283.81,192.91
18.796,199.1,278.22,189.11
19.238,198.58,278.22,189.11
13.669,195.37,286.65,194.84
12.766,195.96,286.65,194.84
9.7114,194.29,289.51,196.79
14.717,196.52,281,191
14.438,197.28,281,191
16.336,197.73,281,191
18.446,199.4,278.22,189.11
21.286,199.78,278.22,189.11
13.788,197.12,286.65,194.84
18.625,200.2,278.22,189.11
15.572,199.22,281,191
15.303,199.39,281,191
15.053,199.61,281,191
14.545,199.65,281,191
13.042,199.2,283.81,192.91
10.185,197.65,286.65,194.84
8.5467,194.22,289.51,196.79
7.6991,193.9,289.51,196.79
13.927,196,283.81,192.91
13.009,197.34,283.81,192.91
11.126,196.61,286.65,194.84
12.819,198.24,283.81,192.91
18.504,200,278.22,189.11
14.669,197.34,281,191
14.718,195.58,286.65,194.84
14.511,198.08,281,191
12.638,197.9,281,191
12.332,199.26,281,191
11.149,198.04,286.65,194.84
11.239,196.75,286.65,194.84
8.9643,192.65,295.33,200.74
10.586,194,292.41,198.76
11.143,194.71,292.41,198.76
4.1305,190.97,301.27,204.78
9.5786,194.96,292.41,198.76
16.625,198.5,283.81,192.91
14.832,197.06,286.65,194.84
15.095,197.27,286.65,194.84
16.418,197.41,283.81,192.91
14.346,196.75,286.65,194.84
12.972,195.21,286.65,194.84
8.6102,192.65,292.41,198.76
12.997,195.45,283.81,192.91
12.032,196.44,281,191
7.0555,192.86,289.51,196.79
13.415,195.97,281,191
14.239,195.92,281,191
14.313,196.56,281,191
13.431,196.33,281,191
13.929,195.69,281,191
13.159,196.5,281,191
13.165,195.67,281,191
16.422,196.36,283.81,192.91
14.91,195.64,286.65,194.84
14.136,195.06,286.65,194.84
11.921,195.63,286.65,194.84
17.672,199.1,278.22,189.11
12.423,196.78,286.65,194.84
9.0758,197.02,286.65,194.84
11.982,196.14,283.81,192.91
11.5,196.03,283.81,192.91
7.2449,193.95,289.51,196.79
4.4063,190.81,295.33,200.74
4.6826,193.49,292.41,198.76
10.371,197.19,283.81,192.91
4.1835,194.12,292.41,198.76
9.0187,197.25,283.81,192.91
4.4524,193.48,289.51,196.79
4.158,193.18,289.51,196.79
7.0571,195.21,286.65,194.84
3.3922,193.92,289.51,196.79
7.5951,197.25,283.81,192.91
0.9625,195.15,289.51,196.79
1.535,194.02,289.51,196.79
2.6903,194.92,289.51,196.79
1.1748,194.51,292.41,198.76
-1.2879,191.16,298.29,202.75
3.4102,193.82,289.51,196.79
8.0599,197.12,286.65,194.84
9.1211,197.86,283.81,192.91
9.1602,197.54,283.81,192.91
16.161,200.63,275.46,187.24
11.656,197.66,281,191
10.411,197.04,283.81,192.91
4.5886,193.89,289.51,196.79
5.6164,193.13,289.51,196.79
6.4882,192.27,289.51,196.79
6.9435,192.78,289.51,196.79
6.0852,192.42,289.51,196.79
4.9213,190.86,295.33,200.74
10.801,194.18,286.65,194.84
13.294,195.85,281,191
6.8066,193.08,289.51,196.79
7.086,192.89,289.51,196.79
11.337,196.36,283.81,192.91
4.8466,194.08,292.41,198.76
3.229,194.24,289.51,196.79
2.631,193.71,292.41,198.76
4.6819,194.27,289.51,196.79
-2.0035,190.22,298.29,202.75
-1.1693,190.93,298.29,202.75
0.71767,195.08,292.41,198.76
-7.2346,192.46,301.27,204.78
-11.671,189.46,304.28,206.83
-4.6123,190.52,298.29,202.75
1.11,193.23,295.33,200.74
2.1229,192.16,295.33,200.74
0.86791,192.61,295.33,200.74
1.8295,193.92,295.33,200.74
2.0543,194.15,295.33,200.74
3.1034,194.86,292.41,198.76
5.8727,196.5,289.51,196.79
8.7142,189.94,289.51,196.79
20.597,182.16,281,191
22.156,193.11,272.74,185.38
23.025,193.05,270.04,183.55
19.532,195.27,278.22,189.11
13.365,195,283.81,192.91
14.341,194.84,286.65,194.84
16.943,199.46,286.65,194.84
12.989,195.96,289.51,196.79
17.957,199.49,283.81,192.91
19.602,198.62,281,191
20.162,200.23,283.81,192.91
21.299,201.74,281,191
28.839,200.65,278.22,189.11
24.78,197.96,281,191
24.222,197.73,283.81,192.91
26.44,201.72,275.46,187.24
24.326,203.6,272.74,185.38
33.917,207.38,264.71,179.93
30.973,204.04,267.36,181.73
25.35,200.01,275.46,187.24
20.483,196.57,283.81,192.91
15.172,193.06,292.41,198.76
14.752,193.62,292.41,198.76
11.445,192.46,295.33,200.74
17.081,195.03,286.65,194.84
14.106,192.71,289.51,196.79
12.609,193.13,289.51,196.79
5.5896,190.74,298.29,202.75
11.721,196.99,289.51,196.79
5.8567,196.82,295.33,200.74
-2.1699,192.51,304.28,206.83
5.1552,197.48,295.33,200.74
-2.3931,195.07,298.29,202.75
-6.4847,195.24,304.28,206.83
-12.948,195.07,313.5,213.09
-6.5489,196.69,307.33,208.89
-6.678,196.42,307.33,208.89
-0.12287,201,301.27,204.78
2.3557,201.04,301.27,204.78
1.093,203.42,301.27,204.78
-0.35861,200.37,298.29,202.75
7.7553,199.52,295.33,200.74
10.721,198.35,295.33,200.74
1.9715,199.8,301.27,204.78
2.4909,198.56,301.27,204.78
-2.9636,191.58,307.33,208.89
-2.4122,190.17,301.27,204.78
-3.4492,191.24,304.28,206.83
2.244,195.96,295.33,200.74
-5.179,195.45,304.28,206.83
1.2008,198.32,301.27,204.78
-0.64426,199.53,307.33,208.89
-3.213,203.23,301.27,204.78
-6.4521,199.94,310.4,210.98
3.0109,200.61,301.27,204.78
3.6524,199.62,298.29,202.75
3.8748,199.74,298.29,202.75
0.45609,196.1,304.28,206.83
6.8059,201.43,295.33,200.74
6.2075,201.38,295.33,200.74
8.2501,200.53,295.33,200.74
4.8201,196.95,298.29,202.75
5.4479,195.93,301.27,204.78
6.2336,195.7,301.27,204.78
7.0568,194.92,301.27,204.78
11.232,198.14,295.33,200.74
6.8575,195.83,301.27,204.78
11.867,199.52,292.41,198.76
12.62,198.88,289.51,196.79
14.311,199.07,292.41,198.76
13.542,200.68,292.41,198.76
6.5336,195.79,301.27,204.78
10.822,197.93,295.33,200.74
8.2198,194.07,298.29,202.75
13.012,198.35,292.41,198.76
13.556,197.81,289.51,196.79
11.657,196.58,295.33,200.74
11.371,195.32,295.33,200.74
13.447,196.43,292.41,198.76
18.644,197.93,286.65,194.84
11.486,195.05,295.33,200.74
9.8758,196.95,295.33,200.74
12.632,199.08,289.51,196.79
16.896,204.04,286.65,194.84
7.5737,196.85,289.51,196.79
0.71056,191.4,298.29,202.75
-2.6828,189.81,307.33,208.89
3.7903,190.96,298.29,202.75
4.5994,191.65,298.29,202.75
10.702,195.05,289.51,196.79
10.859,195.06,289.51,196.79
7.9116,194.29,292.41,198.76
14.18,196.21,286.65,194.84
13.767,196.78,289.51,196.79
16.331,202.84,283.81,192.91
14.143,197.6,292.41,198.76
-5.5352,192.76,301.27,204.78
-21.481,186.44,310.4,210.98
-15.026,190.28,310.4,210.98
22.61,223.61,316.64,215.22
-2.2147,191.51,310.4,210.98
0.99422,188.95,304.28,206.83
10.35,194.43,298.29,202.75
13.665,194.44,295.33,200.74
10.845,190.07,301.27,204.78
16.774,191.24,295.33,200.74
18.659,194.29,295.33,200.74
24.366,198.28,286.65,194.84
21.869,195.46,289.51,196.79
17.688,196.33,295.33,200.74
17.311,197.23,301.27,204.78
14.254,195.62,301.27,204.78
14.488,192.55,304.28,206.83
-7.0407,188.71,313.5,213.09
-12.877,185.3,319.8,217.38
0.48884,189.88,310.4,210.98
-1.7018,190.22,310.4,210.98
-1.7036,190.05,307.33,208.89
-5.7976,188.72,313.5,213.09
-4.0264,190.05,307.33,208.89
-5.9444,190.19,310.4,210.98
-1.0572,193.34,301.27,204.78
2.2871,194.28,295.33,200.74
2.5164,195.34,292.41,198.76
9.2642,197.66,283.81,192.91
7.5218,199.34,281,191
6.1956,198.64,283.81,192.91
4.0978,198.77,286.65,194.84
-1.4554,197.21,292.41,198.76
-2.6983,196.73,289.51,196.79
-7.8464,193.63,298.29,202.75
-13.128,189.78,307.33,208.89
-7.6661,191.77,298.29,202.75
-3.4727,194.69,295.33,200.74
-5.7491,191.81,298.29,202.75
-10.507,189.23,307.33,208.89
-5.5589,189.94,307.33,208.89
-4.7769,188.98,307.33,208.89
-6.785,188.68,310.4,210.98
-0.42448,192.26,301.27,204.78
-4.0054,188.59,310.4,210.98
-3.7189,188.74,310.4,210.98
-6.9116,187.13,310.4,210.98
-7.5333,185.83,310.4,210.98
-6.4614,185.94,307.33,208.89
-6.9855,187.02,310.4,210.98
-3.3148,189.1,304.28,206.83
-3.9579,188.19,304.28,206.83
1.0854,190.35,298.29,202.75
1.2603,187.91,304.28,206.83
0.68139,187.73,304.28,206.83
5.0592,189.9,298.29,202.75
0.66968,185.52,307.33,208.89
6.5629,190.63,301.27,204.78
6.0497,188.82,304.28,206.83
2.9827,187.18,304.28,206.83
-1.3442,185.86,307.33,208.89
4.1054,189.08,298.29,202.75
-2.4236,186.58,307.33,208.89
-3.4859,186.39,310.4,210.98
-5.6915,186.31,307.33,208.89
-0.35878,189.78,298.29,202.75
-3.786,188.69,304.28,206.83
-4.986,188.51,307.33,208.89
0.56371,191.82,298.29,202.75
-5.6997,186.88,307.33,208.89
-7.3645,186.37,304.28,206.83
-9.7988,185.53,307.33,208.89
-14.095,186.08,310.4,210.98
-14.011,185.9,310.4,210.98
-12.993,184.48,310.4,210.98
-12.233,185.65,310.4,210.98
-2.9915,190.11,301.27,204.78
-11.977,186.29,310.4,210.98
-2.6475,191.21,301.27,204.78
3.4178,192.94,295.33,200.74
8.6936,194.02,289.51,196.79
0.84736,189.29,298.29,202.75
2.0383,188.3,298.29,202.75
0.43781,188.86,301.27,204.78
3.15,190.12,298.29,202.75
-0.40855,189.59,301.27,204.78
-6.8329,188.65,304.28,206.83
-10.102,188.11,310.4,210.98
-6.3729,191.78,304.28,206.83
-10.941,190.56,307.33,208.89
-3.2427,194.28,301.27,204.78
-8.5932,190.15,310.4,210.98
-7.6992,190.05,307.33,208.89
-3.3196,192.42,301.27,204.78
-1.803,191.28,298.29,202.75
-7.0011,188.45,307.33,208.89
-6.504,187.34,310.4,210.98
-7.7551,186.97,310.4,210.98
-6.6575,188.05,307.33,208.89
-3.0832,191.29,298.29,202.75
-5.6976,191.72,301.27,204.78
-11.896,190.87,304.28,206.83
-16.84,189.8,310.4,210.98
-13.69,191.1,304.28,206.83
-14.111,190.35,307.33,208.89
-7.2845,193.45,301.27,204.78
-5.3168,193.06,301.27,204.78
-7.7108,191.17,304.28,206.83
-8.0824,190.24,304.28,206.83
-3.9859,192.05,298.29,202.75
-9.3563,189.16,307.33,208.89
-1.7032,191.42,301.27,204.78
-5.8802,188.32,307.33,208.89
-6.29,187.62,310.4,210.98
1.2364,190.98,301.27,204.78
-3.5535,186.49,310.4,210.98
-2.2268,186.87,304.28,206.83
-0.14175,189.27,301.27,204.78
-2.6901,187.1,304.28,206.83
-4.49,185.79,307.33,208.89
-4.0644,185.39,307.33,208.89
1.8371,188.68,301.27,204.78
-1.349,187.35,304.28,206.83
6.2793,192.34,295.33,200.74
-0.69937,188.31,304.28,206.83
-0.94988,187.5,304.28,206.83
-3.3001,186.26,310.4,210.98
-3.6889,187,307.33,208.89
-3.7647,187.12,310.4,210.98
-2.3022,188.76,304.28,206.83
0.63648,191,301.27,204.78
-6.1807,187.41,310.4,210.98
-6.1598,187.79,310.4,210.98
-4.9872,187.72,307.33,208.89
-5.8775,186.34,307.33,208.89
-5.8965,186.67,307.33,208.89
-3.55,188.4,304.28,206.83
-10.071,186.77,310.4,210.98
-7.2947,187.02,310.4,210.98
-5.5933,186.08,310.4,210.98
-5.1753,184.76,307.33,208.89
-3.2391,185.22,307.33,208.89
-2.7911,184.33,307.33,208.89
2.9047,187.65,298.29,202.75
-0.79376,186.1,304.28,206.83
-1.3585,184.35,310.4,210.98
5.5024,188.72,301.27,204.78
1.7908,186.24,304.28,206.83
1.9914,185.84,304.28,206.83
-1.3291,184.54,307.33,208.89
-2.7127,185.7,307.33,208.89
-2.6289,186.91,304.28,206.83
-3.449,185.83,304.28,206.83
-6.0144,185.09,307.33,208.89
-2.6832,185.98,304.28,206.83
-6.0965,185.32,307.33,208.89
-0.35223,188.73,298.29,202.75
-5.5304,184.79,307.33,208.89
-3.695,184.68,307.33,208.89
-2.4927,184.27,307.33,208.89
1.3593,187.8,301.27,204.78
-4.6489,184.78,310.4,210.98
-4.0826,184.71,307.33,208.89
-4.9763,184.48,307.33,208.89
-5.8703,183.89,307.33,208.89
-6.5358,184.17,307.33,208.89
-3.6129,185.59,304.28,206.83
-3.0395,185.87,304.28,206.83
-5.5487,184.22,307.33,208.89
-5.7301,184.01,307.33,208.89
-0.75507,188.5,301.27,204.78
-7.9377,186.18,310.4,210.98
-8.3285,185.68,310.4,210.98
-8.6457,185.55,310.4,210.98
-7.393,185.05,310.4,210.98
-7.1738,184.91,310.4,210.98
-7.3276,184.9,310.4,210.98
-10.237,186.18,310.4,210.98
-12.635,185.75,310.4,210.98
-8.9432,186.88,304.28,206.83
-12.74,186.13,310.4,210.98
-12.183,184.98,310.4,210.98
-11.614,185.57,310.4,210.98
-6.3787,186.09,307.33,208.89
-4.2198,186.91,304.28,206.83
-7.3027,186.62,310.4,210.98
-4.9694,186.37,304.28,206.83
0.59993,188.4,298.29,202.75
-4.4101,184.72,307.33,208.89
-2.497,186.14,304.28,206.83
-1.9114,185.91,304.28,206.83
-1.1956,186.69,304.28,206.83
-3.8223,185.83,310.4,210.98
-5.1973,186.89,310.4,210.98
-6.6795,187.82,310.4,210.98
0.96114,190.9,301.27,204.78
7.1067,191.61,298.29,202.75
5.2644,192.25,301.27,204.78
-3.7252,189.25,310.4,210.98
-7.6553,189.97,310.4,210.98
-9.6785,184.63,319.8,217.38
-2.8833,183.93,316.64,215.22
5.4621,183.44,307.33,208.89
7.8757,186.41,304.28,206.83
12.802,187.85,298.29,202.75
15.753,191.34,295.33,200.74
15.762,193.73,295.33,200.74
17.568,197,292.41,198.76
16.68,194.44,295.33,200.74
8.9129,188.45,298.29,202.75
1.7374,190.25,304.28,206.83
1.8392,188.4,301.27,204.78
-7.885,186.51,310.4,210.98
-11.461,185.36,316.64,215.22
-14.418,184.96,316.64,215.22
-11.456,184.92,316.64,215.22
-7.2766,187.02,310.4,210.98
-6.6243,189.12,310.4,210.98
-9.4432,186.53,316.64,215.22
-4.7413,188.19,307.33,208.89
-6.2891,187.51,313.5,213.09
-14.409,181.29,323,219.55
-5.6509,184.59,316.64,215.22
-5.5252,185.44,316.64,215.22
-0.7347,186.33,307.33,208.89
-2.3201,186.15,310.4,210.98
3.912,190.07,301.27,204.78
0.40447,187.49,304.28,206.83
-2.2263,186.55,310.4,210.98
-3.622,186.51,310.4,210.98
-3.2325,186.56,307.33,208.89
-3.6456,186.31,310.4,210.98
-2.8367,186.25,310.4,210.98
-2.7242,186.23,310.4,210.98
-2.349,185.62,310.4,210.98
-1.0634,185.21,307.33,208.89
-2.3309,184.81,307.33,208.89
-4.794,185.16,310.4,210.98
-5.3711,185.68,310.4,210.98
-3.4607,185.68,307.33,208.89
-4.5476,184.99,310.4,210.98
-4.3164,184.98,310.4,210.98
-5.6679,186.19,310.4,210.98
-3.7748,185.83,310.4,210.98
-2.8095,186.08,307.33,208.89
-2.3251,185.29,310.4,210.98
-3.3837,185.05,310.4,210.98
-3.8267,184.98,310.4,210.98
-1.5014,185.78,307.33,208.89
-0.53871,185.36,307.33,208.89
1.9663,186.57,304.28,206.83
0.82431,184.11,307.33,208.89
1.7669,184.31,307.33,208.89
3.942,184.35,307.33,208.89
5.6911,185.37,304.28,206.83
10.397,187.45,298.29,202.75
5.1583,183.81,307.33,208.89
5.2706,183.46,307.33,208.89
7.4378,184.4,304.28,206.83
5.8927,183.26,307.33,208.89
7.8753,184.16,304.28,206.83
10.385,186.57,301.27,204.78
5.8072,184.88,304.28,206.83
4.339,184.17,307.33,208.89
4.9129,184.51,310.4,210.98
5.8411,182.94,307.33,208.89
4.7626,183.24,310.4,210.98
3.5228,183.77,307.33,208.89
2.382,183.91,307.33,208.89
7.2265,187.22,301.27,204.78
7.165,187.67,301.27,204.78
2.6184,184.52,310.4,210.98
2.9502,183.62,307.33,208.89
2.8224,183.51,307.33,208.89
2.7682,183.27,307.33,208.89
3.5363,183.36,307.33,208.89
4.5098,184.33,304.28,206.83
8.2295,186.63,298.29,202.75
8.162,186.47,298.29,202.75
4.7386,184,304.28,206.83
12.03,188.59,295.33,200.74
9.4177,186.55,301.27,204.78
3.8675,182.29,307.33,208.89
8.7454,185.73,301.27,204.78
2.786,183.18,310.4,210.98
1.8659,182.61,310.4,210.98
2.5773,182.72,307.33,208.89
8.0028,186.13,298.29,202.75
5.2945,183.63,304.28,206.83
6.9481,186.69,301.27,204.78
8.6109,187.06,298.29,202.75
2.9834,183.25,304.28,206.83
0.31796,182.7,310.4,210.98
-1.1617,183.72,310.4,210.98
-0.0058204,183.94,310.4,210.98
1.6945,184.37,304.28,206.83
1.319,183.55,304.28,206.83
4.0719,186.3,301.27,204.78
4.8441,187.41,298.29,202.75
4.8123,187.13,298.29,202.75
7.5371,189.44,295.33,200.74
3.1168,187.51,301.27,204.78
4.2652,187.54,298.29,202.75
2.4548,186.86,301.27,204.78
3.7756,186.84,298.29,202.75
2.3742,186.97,301.27,204.78
6.4838,189.96,295.33,200.74
2.0541,187.59,301.27,204.78
1.8622,187.52,301.27,204.78
2.2173,187.76,301.27,204.78
8.2351,190.63,292.41,198.76
3.3413,186.63,298.29,202.75
-2.7027,183.23,307.33,208.89
-2.0103,182.97,307.33,208.89
-2.2846,182.78,310.4,210.98
1.4398,184.43,304.28,206.83
8.602,187.91,295.33,200.74
0.77549,183.73,304.28,206.83
0.11208,184.29,304.28,206.83
0.15316,183.91,304.28,206.83
1.2391,184.1,304.28,206.83
1.8212,182.96,304.28,206.83
-0.34409,181.72,307.33,208.89
0.049347,181.78,307.33,208.89
1.8115,182.72,304.28,206.83
2.8181,182.8,304.28,206.83
5.8749,184.95,301.27,204.78
7.643,185.3,301.27,204.78
5.353,183.14,304.28,206.83
1.8685,182.87,307.33,208.89
7.0542,186.81,298.29,202.75
6.6286,187.05,301.27,204.78
1.542,183.96,310.4,210.98
1.611,184.14,310.4,210.98
1.7968,183.94,310.4,210.98
2.172,184.11,310.4,210.98
3.3338,183.86,310.4,210.98
2.885,184.11,310.4,210.98
2.5612,184.76,310.4,210.98
2.0668,184.11,310.4,210.98
0.42935,183.18,310.4,210.98
0.32653,183.22,310.4,210.98
0.46793,183.17,310.4,210.98
2.5932,183.54,307.33,208.89
8.0883,186.13,301.27,204.78
7.3253,187.64,301.27,204.78
1.7047,183.82,310.4,210.98
1.095,182.82,310.4,210.98
2.2683,182.08,307.33,208.89
3.6412,183.56,304.28,206.83
2.829,184.11,307.33,208.89
1.6709,185.18,310.4,210.98
0.76338,185.6,310.4,210.98
1.5886,185.39,310.4,210.98
1.9613,185.42,310.4,210.98
-0.25996,182.55,316.64,215.22
-0.39935,182.53,316.64,215.22
3.1802,184.81,310.4,210.98
2.6829,185.21,310.4,210.98
2.0235,185.63,307.33,208.89
-1.811,185.97,310.4,210.98
-1.9367,186.76,310.4,210.98
-0.65871,185.73,310.4,210.98
-1.0546,186.74,310.4,210.98
2.8647,186.2,310.4,210.98
0.58402,184.69,313.5,213.09
-9.747,180.52,323,219.55
-2.4648,188.14,313.5,213.09
-16.416,181.83,323,219.55
10.03,186.5,313.5,213.09
15.453,185.37,304.28,206.83
22.581,190.91,301.27,204.78
30.447,198.2,292.41,198.76
32.152,202.61,292.41,198.76
42.313,217.04,283.81,192.91
59.499,223.69,275.46,187.24
24.917,190.75,283.81,192.91
20.035,190.01,289.51,196.79
15.373,186.38,298.29,202.75
15.762,182.58,307.33,208.89
14.797,181.18,316.64,215.22
10.871,176.45,323,219.55
10.618,176.08,323,219.55
6.8499,175.1,332.79,226.2
0.061733,175.22,336.12,228.46
2.1466,172.05,336.12,228.46
-1.2521,171.34,336.12,228.46
0.69624,172.43,326.23,221.75
-2.0815,175.06,326.23,221.75
2.4559,179.48,316.64,215.22
-0.77216,181.72,316.64,215.22
-16.614,174.82,326.23,221.75
-13.231,173.98,329.49,223.96
-8.3789,173.58,329.49,223.96
-3.7572,176.52,319.8,217.38
-13.98,174.61,326.23,221.75
-17.799,176.11,332.79,226.2
-18.064,175.03,332.79,226.2
-0.83984,172.73,332.79,226.2
3.1094,181.32,323,219.55
-0.97342,176.84,332.79,226.2
-2.262,175.76,332.79,226.2
-10.916,172.13,339.48,230.75
-6.3691,172.82,329.49,223.96
-1.683,175.31,326.23,221.75
4.5902,180.19,316.64,215.22
-10.218,173.97,326.23,221.75
-15.23,173.86,323,219.55
-14.808,172.86,326.23,221.75
-10.98,174.22,323,219.55
-4.9436,178.49,313.5,213.09
-4.9845,180.41,310.4,210.98
-6.2402,179.56,310.4,210.98
-7.2146,180.16,310.4,210.98
-12.159,178.26,316.64,215.22
-20.938,173.63,326.23,221.75
-21.525,174.95,323,219.55
-22.224,173.13,329.49,223.96
-19.777,172.12,336.12,228.46
-29.5,167.01,346.3,235.39
-25.755,169.05,336.12,228.46
-20.489,167.12,326.23,221.75
-12.563,167.41,319.8,217.38
-9.4172,165.75,329.49,223.96
-5.0119,165.59,336.12,228.46
-17.094,160.1,346.3,235.39
-14.472,162.63,342.87,233.06
-6.3708,168.43,336.12,228.46
-1.3232,170.76,326.23,221.75
4.409,175.65,316.64,215.22
-3.5089,170.29,326.23,221.75
0.19946,173.45,319.8,217.38
-6.9752,169.38,329.49,223.96
-6.8008,168.67,329.49,223.96
-4.089,169.9,326.23,221.75
-6.8761,169.87,332.79,226.2
-5.5407,170.82,326.23,221.75
2.0449,175.89,316.64,215.22
-4.9116,170.43,326.23,221.75
-6.4164,169.68,329.49,223.96
-6.1443,169.44,329.49,223.96
-6.3216,169.04,329.49,223.96
-7.0107,169.13,329.49,223.96
-6.6016,169.2,332.79,226.2
-6.1088,170.47,326.23,221.75
1.4562,177.09,316.64,215.22
-2.9957,173.7,319.8,217.38
-6.5772,171.25,326.23,221.75
-5.7179,171.19,326.23,221.75
-4.3434,172.13,323,219.55
2.4345,176.09,316.64,215.22
2.0223,175.87,316.64,215.22
1.8132,175.68,316.64,215.22
1.6391,175.84,316.64,215.22
-5.0237,170.61,326.23,221.75
-8.8923,167.86,336.12,228.46
-6.0551,170.46,326.23,221.75
2.1127,175.4,316.64,215.22
2.0935,175.61,316.64,215.22
1.7579,175.4,316.64,215.22
1.9361,175.74,316.64,215.22
1.8445,175.6,316.64,215.22
6.4236,177.73,307.33,208.89
6.7584,178.07,307.33,208.89
5.2805,177.88,310.4,210.98
1.1202,176.24,316.64,215.22
1.4921,176.44,316.64,215.22
-4.9003,170.95,326.23,221.75
1.9403,175.62,316.64,215.22
2.0539,175.89,316.64,215.22
1.987,176.15,316.64,215.22
1.8209,176.31,316.64,215.22
2.0622,175.86,316.64,215.22
1.9294,176.1,316.64,215.22
1.5944,176.21,316.64,215.22
-6.1023,170.69,326.23,221.75
-9.3492,169.09,329.49,223.96
-10.584,169.08,332.79,226.2
-7.1096,171.68,323,219.55
-0.79955,175.64,316.64,215.22
-8.3877,171.23,326.23,221.75
-10.893,169.3,336.12,228.46
-8.9917,169.37,329.49,223.96
-8.8911,170.09,329.49,223.96
-3.6716,173.61,319.8,217.38
-6.445,171.39,326.23,221.75
-5.9802,171.05,326.23,221.75
-3.7412,171.72,323,219.55
-6.1577,168.99,329.49,223.96
-6.1852,169.07,329.49,223.96
-5.2378,169.34,326.23,221.75
-5.9903,169.59,329.49,223.96
-6.6657,169.04,329.49,223.96
-5.2309,170.15,326.23,221.75
1.143,175.82,316.64,215.22
-5.4447,171.42,326.23,221.75
-6.6099,170.72,326.23,221.75
-5.3288,171.34,326.23,221.75
1.7133,176.19,316.64,215.22
2.8208,176.58,316.64,215.22
-2.2832,172.96,323,219.55
-2.9425,172.52,323,219.55
-4.824,171.25,326.23,221.75
-4.7069,170.95,326.23,221.75
-3.9619,170.26,326.23,221.75
-5.7769,169.38,329.49,223.96
-4.1537,170.51,326.23,221.75
-5.8546,169.08,329.49,223.96
-4.374,170.58,326.23,221.75
2.8861,175.45,316.64,215.22
3.5154,176.75,316.64,215.22
-4.5735,171.31,326.23,221.75
-1.7604,173.3,319.8,217.38
-4.4755,170.5,326.23,221.75
-4.393,170.65,326.23,221.75
-3.6454,170.68,326.23,221.75
-5.6215,170.24,332.79,226.2
-3.1722,171.33,326.23,221.75
-3.7334,171.95,326.23,221.75
-6.3915,170.44,329.49,223.96
-6.7504,170.71,332.79,226.2
-6.0011,170.43,329.49,223.96
-6.8362,170.59,332.79,226.2
-5.7319,170.23,329.49,223.96
-2.3383,172.06,323,219.55
-3.1942,170.65,326.23,221.75
-4.832,169.58,329.49,223.96
-4.9474,169.38,329.49,223.96
-4.8141,169.49,329.49,223.96
-2.9377,170.64,326.23,221.75
-4.8142,169.56,329.49,223.96
-3.5398,170.32,326.23,221.75
-7.0693,168.93,336.12,228.46
-3.4836,171.4,326.23,221.75
-5.9377,169.86,329.49,223.96
-3.8026,170.77,326.23,221.75
-5.8429,170.26,332.79,226.2
-3.6538,171.89,326.23,221.75
-5.4081,170.01,329.49,223.96
-4.273,169.43,329.49,223.96
-4.6183,169.65,332.79,226.2
-9.3077,167.28,339.48,230.75
-4.523,169.14,329.49,223.96
-3.5079,169.63,329.49,223.96
-4.0747,169.2,329.49,223.96
-2.6026,170.84,326.23,221.75
-4.5778,170.05,332.79,226.2
-2.4419,171.33,326.23,221.75
-2.3489,171.38,326.23,221.75
-0.60287,172.22,323,219.55
-3.7293,169.53,329.49,223.96
-4.0333,169.39,329.49,223.96
-3.9189,169.4,329.49,223.96
-4.4474,170.12,332.79,226.2
-2.4042,171.44,326.23,221.75
-1.5825,172.34,323,219.55
-6.9703,169.89,332.79,226.2
-6.2118,169.88,329.49,223.96
-4.0945,171.01,326.23,221.75
-3.6024,170.86,326.23,221.75
-3.6747,170.8,326.23,221.75
-3.8809,170.81,326.23,221.75
-5.921,169.18,329.49,223.96
-3.8445,170.64,326.23,221.75
-3.9695,170.73,326.23,221.75
-4.4816,170.54,326.23,221.75
-3.9562,170.82,326.23,221.75
-3.7358,170.59,326.23,221.75
-3.4926,170.55,326.23,221.75
-3.1898,170.23,326.23,221.75
-2.9128,170.73,326.23,221.75
-0.75351,172.15,323,219.55
4.5172,175.69,316.64,215.22
4.7509,176.4,316.64,215.22
-0.36242,172.5,323,219.55
-2.3212,170.69,326.23,221.75
-4.2256,168.82,329.49,223.96
-2.4929,171.08,326.23,221.75
-4.3409,169.15,329.49,223.96
-3.6667,169.21,329.49,223.96
-1.4369,171.82,323,219.55
-3.5726,170.76,326.23,221.75
-5.5893,171.92,326.23,221.75
-7.4679,172.22,326.23,221.75
1.0249,178.16,316.64,215.22
-2.5086,174.73,323,219.55
-2.6064,172.91,326.23,221.75
-3.0245,171.06,332.79,226.2
-2.3196,169.84,332.79,226.2
-2.5142,170.04,329.49,223.96
-4.24,168.87,336.12,228.46
-6.0103,170.3,336.12,228.46
-4.3078,171.63,332.79,226.2
-12.829,165.65,342.87,233.06
-14.664,168.64,339.48,230.75
-10.621,170.98,336.12,228.46
-8.4426,171.91,332.79,226.2
-9.2461,170.97,332.79,226.2
-8.5472,170.83,332.79,226.2
-4.9939,170.13,332.79,226.2
-1.1382,171.73,326.23,221.75
-2.9036,168.84,336.12,228.46
-14.008,165.2,342.87,233.06
-8.4064,171.93,332.79,226.2
-12.507,170.98,336.12,228.46
-9.7361,169.78,336.12,228.46
-4.3078,170.5,329.49,223.96
-3.1754,169,329.49,223.96
0.056698,170.29,326.23,221.75
-5.0891,168.27,336.12,228.46
-0.44223,170.5,326.23,221.75
-5.6205,167.87,336.12,228.46
-3.8,169.22,329.49,223.96
-3.4326,169.35,329.49,223.96
-6.7214,167.84,336.12,228.46
-4.6988,169.39,329.49,223.96
-2.7569,169.98,326.23,221.75
-2.773,169.7,326.23,221.75
-4.996,168.94,329.49,223.96
-6.0867,169.62,332.79,226.2
-5.3488,169.29,329.49,223.96
-4.3903,169.56,326.23,221.75
-4.7687,170.17,326.23,221.75
-6.7068,168.21,329.49,223.96
-6.7231,169.12,332.79,226.2
-5.9856,168.86,329.49,223.96
-4.6127,169.92,326.23,221.75
-6.0437,168.73,329.49,223.96
-6.2814,167.78,329.49,223.96
-5.1584,168.96,326.23,221.75
-5.3358,169.15,326.23,221.75
-5.5452,169.51,326.23,221.75
-5.2635,169.75,326.23,221.75
-5.1065,168.9,326.23,221.75
-7.1593,167.84,329.49,223.96
-5.8425,169.15,326.23,221.75
-5.3239,169.18,326.23,221.75
-5.9939,168.86,326.23,221.75
-4.9439,170.28,323,219.55
-8.2973,167.57,329.49,223.96
-6.0414,168.29,326.23,221.75
-9.3612,167.56,332.79,226.2
-8.3375,168,329.49,223.96
-7.1412,168.31,326.23,221.75
-11.305,166.21,336.12,228.46
-6.0055,167.94,326.23,221.75
-5.6446,167.29,326.23,221.75
-11.503,165.72,336.12,228.46
-7.5867,166.92,326.23,221.75
-7.0429,168.19,323,219.55
-10.299,165.48,332.79,226.2
-6.943,168.81,323,219.55
-12.9,166.82,329.49,223.96
-15.74,166.4,332.79,226.2
-21.899,159.67,342.87,233.06
-22.396,158.11,349.77,237.74
-14.894,161.39,339.48,230.75
-10.126,163.36,332.79,226.2
-19.367,160.7,342.87,233.06
-13.924,168.01,332.79,226.2
-14.098,170.24,326.23,221.75
-17.959,171.41,332.79,226.2
-19.064,172.73,332.79,226.2
-20.019,172.93,332.79,226.2
-19.97,171.08,336.12,228.46
-13.586,170.99,326.23,221.75
-11.996,170.57,326.23,221.75
-10.558,171.09,323,219.55
-12.524,170.25,326.23,221.75
-10.984,170.95,323,219.55
-13.492,168.57,326.23,221.75
-14.694,164.85,329.49,223.96
-10.412,166.09,326.23,221.75
-7.0839,165.35,326.23,221.75
-8.9658,164.11,332.79,226.2
-9.2099,163.27,332.79,226.2
-5.4828,165.73,323,219.55
-7.8502,163.23,329.49,223.96
-6.0685,164.16,326.23,221.75
-6.5297,163.89,326.23,221.75
-8.3116,162.35,329.49,223.96
-8.1441,162.17,329.49,223.96
-8.0291,161.94,329.49,223.96
-6.7451,162.59,326.23,221.75
-7.987,161.14,329.49,223.96
-7.4703,161.37,329.49,223.96
-7.5218,162.13,329.49,223.96
-8.0818,161.99,329.49,223.96
-4.9571,162.74,326.23,221.75
-6.6653,161.14,329.49,223.96
-6.2983,161.9,329.49,223.96
-6.3734,161.87,329.49,223.96
-4.2522,162.2,326.23,221.75
-6.2121,161.55,329.49,223.96
-6.1773,160.76,329.49,223.96
-3.1992,161.92,326.23,221.75
-4.3356,160.85,329.49,223.96
-2.4185,161.38,326.23,221.75
-4.1404,160.06,329.49,223.96
-3.9587,160.24,329.49,223.96
-3.9708,159.64,329.49,223.96
-0.28358,162.11,323,219.55
-1.8356,160.46,326.23,221.75
-3.6541,159.13,329.49,223.96
-3.1851,159.22,329.49,223.96
-3.169,159.31,329.49,223.96
-8.1872,157.18,339.48,230.75
-5.8668,158.1,336.12,228.46
-2.1322,159.07,329.49,223.96
-0.56849,159.75,326.23,221.75
-2.73,158.77,332.79,226.2
-0.41907,159.79,326.23,221.75
-0.63904,158.68,326.23,221.75
-2.0781,157.49,329.49,223.96
-2.3239,157.64,329.49,223.96
-2.0204,157.48,329.49,223.96
-1.9626,157.96,329.49,223.96
-1.7928,157.67,329.49,223.96
-1.4255,158.13,329.49,223.96
-0.84555,158.32,329.49,223.96
-1.6457,158.02,329.49,223.96
-0.75537,157.98,329.49,223.96
-0.46097,157.68,329.49,223.96
0.89612,157.51,329.49,223.96
-2.3285,156.35,336.12,228.46
-4.1927,157.23,336.12,228.46
-13.987,153.19,342.87,233.06
-5.316,158.2,332.79,226.2
-5.5067,159.01,326.23,221.75
-5.1727,160.14,323,219.55
-10.515,158.46,332.79,226.2
-10.751,158.85,332.79,226.2
-6.8187,163.44,323,219.55
-5.9511,160.7,329.49,223.96
-9.6687,167.35,323,219.55
-1.1384,159.73,326.23,221.75
-4.2427,158.47,329.49,223.96
-7.0822,159.63,332.79,226.2
-17.638,156.7,342.87,233.06
-21.432,155.32,346.3,235.39
-18.008,155.76,342.87,233.06
-25.267,153.8,353.26,240.12
-22.029,156.08,342.87,233.06
-23.987,154.68,346.3,235.39
-16.094,159.54,336.12,228.46
-16.282,162.54,332.79,226.2
-15.376,163.1,332.79,226.2
-10.299,163.56,326.23,221.75
-13.72,159.76,336.12,228.46
-18.513,155.29,342.87,233.06
-15.175,163.67,332.79,226.2
-19.902,161.26,339.48,230.75
-25.311,158.57,342.87,233.06
-23.26,156.71,342.87,233.06
-24.658,156.61,342.87,233.06
-24.053,157.04,342.87,233.06
-21.841,156.46,342.87,233.06
-19.604,154.94,342.87,233.06
-17.584,154.7,342.87,233.06
-19.975,152.71,346.3,235.39
-21.651,151.18,353.26,240.12
-17.687,153.09,346.3,235.39
-14.717,153.49,342.87,233.06
-15.908,152.63,349.77,237.74
-17.093,153.82,346.3,235.39
-14.648,153.38,349.77,237.74
-18.987,153.56,346.3,235.39
-13.874,156.01,342.87,233.06
-8.4861,159.31,336.12,228.46
-5.6853,160.45,332.79,226.2
-5.924,158.9,336.12,228.46
-13.079,153.73,346.3,235.39
-14.033,154.4,353.26,240.12
-14.473,154.64,346.3,235.39
-10.751,157.89,339.48,230.75
-7.7285,159.51,336.12,228.46
-3.2891,160.68,326.23,221.75
-2.782,159.73,326.23,221.75
-1.8937,159.25,326.23,221.75
-4.6671,158.22,329.49,223.96
-4.93,159.97,326.23,221.75
-9.5963,159.77,332.79,226.2
-7.2162,159.33,336.12,228.46
-7.6226,159.6,336.12,228.46
-9.3182,160.21,336.12,228.46
-8.1402,159.16,336.12,228.46
-7.834,156.64,339.48,230.75
-5.8127,158.04,336.12,228.46
-5.5607,157.86,336.12,228.46
-6.2326,157.96,336.12,228.46
-1.9566,160.37,326.23,221.75
-6.3737,157.91,336.12,228.46
-7.9088,157.45,339.48,230.75
-7.1176,158.24,336.12,228.46
-4.9852,159.42,336.12,228.46
-6.5712,160.28,336.12,228.46
-9.266,161.03,336.12,228.46
-9.6718,162.23,336.12,228.46
-10.314,161.81,336.12,228.46
-11.309,160.34,336.12,228.46
-8.1435,160.53,336.12,228.46
-10.095,159.5,339.48,230.75
-15.276,155.36,342.87,233.06
-16.623,155.68,342.87,233.06
-10.109,161.76,332.79,226.2
-10.235,162.28,332.79,226.2
-10.245,163.37,332.79,226.2
-13,162.18,336.12,228.46
-13.704,161.2,336.12,228.46
-21.408,154.66,346.3,235.39
-20.694,153.88,346.3,235.39
-19.45,154.99,342.87,233.06
-20.137,155.3,342.87,233.06
-21.844,154.29,346.3,235.39
-25.106,152.12,356.8,242.52
-22.891,155.61,349.77,237.74
-19.949,157.16,342.87,233.06
-22.471,156.05,346.3,235.39
-27.386,152,356.8,242.52
-20.816,154.7,346.3,235.39
-19.369,155.02,346.3,235.39
-16.723,156.16,342.87,233.06
-10.72,159.77,336.12,228.46
-10.575,159.23,336.12,228.46
-15.673,153.73,342.87,233.06
-17.801,151.83,346.3,235.39
-16.669,152.4,346.3,235.39
-14.83,153.59,342.87,233.06
-8.4899,157.67,336.12,228.46
-7.7769,158.37,336.12,228.46
-3.3234,161.16,326.23,221.75
-8.2318,159.33,336.12,228.46
-9.5433,157.6,339.48,230.75
-4.8582,159.93,329.49,223.96
-8.2791,158.46,336.12,228.46
-5.8097,159.48,329.49,223.96
-6.6851,159.81,332.79,226.2
-9.8195,157.99,339.48,230.75
-9.3585,157.72,339.48,230.75
-6.1615,159.99,332.79,226.2
-6.4479,159.24,332.79,226.2
-4.0852,160.8,326.23,221.75
-8.3024,158.11,336.12,228.46
-10.279,157.22,339.48,230.75
-8.3749,158.38,336.12,228.46
-10.087,156.95,339.48,230.75
-9.4042,157.24,339.48,230.75
-5.8419,159.51,332.79,226.2
-4.3919,159.89,329.49,223.96
-4.0033,160.74,326.23,221.75
-8.6497,158.56,336.12,228.46
-10.049,157.54,339.48,230.75
-10.11,157.45,339.48,230.75
-9.8746,157.38,339.48,230.75
-10.24,157.51,339.48,230.75
-9.0165,158.53,336.12,228.46
-10.194,157.44,339.48,230.75
-11.065,157.18,339.48,230.75
-9.1655,159.58,336.12,228.46
-11.259,158.26,339.48,230.75
-10.887,158.15,339.48,230.75
-11.141,158.54,339.48,230.75
-10.676,160.33,336.12,228.46
-12.594,159.34,339.48,230.75
-19.792,154.22,346.3,235.39
-21.672,154.69,346.3,235.39
-20.763,155.39,346.3,235.39
-19.898,154.51,346.3,235.39
-14.616,157.92,339.48,230.75
-13.074,157.9,339.48,230.75
-12.907,156.95,339.48,230.75
-12.303,156.76,339.48,230.75
-17.429,153.03,346.3,235.39
-17.111,152.12,346.3,235.39
-14.812,153.11,342.87,233.06
-14.878,153.59,342.87,233.06
-16.354,152.81,346.3,235.39
-11.996,155.97,339.48,230.75
-16.373,154.88,342.87,233.06
-12.631,156.59,339.48,230.75
-15.834,154.66,342.87,233.06
-17.706,152.92,346.3,235.39
-11.787,156.17,339.48,230.75
-8.0707,159.17,332.79,226.2
-12.416,157.73,339.48,230.75
-12.449,159.15,336.12,228.46
-19.395,155.55,342.87,233.06
-21.962,154.11,346.3,235.39
-22.485,154.14,346.3,235.39
-23.406,154.07,346.3,235.39
-23.205,153.54,346.3,235.39
-24.44,154.17,346.3,235.39
-23.089,153.96,346.3,235.39
-23.649,153.15,346.3,235.39
-21.217,153.08,346.3,235.39
-20.058,153.13,346.3,235.39
-21.807,151.9,353.26,240.12
-18.706,153.1,346.3,235.39
-15.501,154.32,342.87,233.06
-16.459,152.57,346.3,235.39
-18.296,152.25,353.26,240.12
-19.646,151.79,356.8,242.52
-17.173,154.95,349.77,237.74
-16.855,154.79,346.3,235.39
-10.429,159.59,336.12,228.46
-17.629,154.58,346.3,235.39
-10.7,159.67,336.12,228.46
-10.832,157.9,339.48,230.75
-9.9419,157.7,339.48,230.75
-7.7604,161.18,332.79,226.2
-12.644,159.8,339.48,230.75
-15.089,161.69,336.12,228.46
-16.08,160.76,336.12,228.46
-24.585,154.47,346.3,235.39
-14.991,159.66,336.12,228.46
-13.656,159.61,336.12,228.46
-12.024,158.7,336.12,228.46
-14.462,157.21,339.48,230.75
-13.182,159.51,336.12,228.46
-14.3,158.36,339.48,230.75
-19.066,154.01,346.3,235.39
-20.382,153.79,349.77,237.74
-17.103,154.73,342.87,233.06
-21.834,152.59,353.26,240.12
-18.93,153.85,346.3,235.39
-19.586,153.53,349.77,237.74
-21.667,152.59,353.26,240.12
-19.533,153.79,349.77,237.74
-12.728,157.73,339.48,230.75
-11.166,159.08,336.12,228.46
-12.657,156.94,339.48,230.75
-18.411,153.56,346.3,235.39
-13.155,156.77,339.48,230.75
-10.117,158.21,336.12,228.46
-17.951,153.76,346.3,235.39
-17.839,153.61,346.3,235.39
-18.448,153.43,346.3,235.39
-19.214,153.65,349.77,237.74
-18.081,153.52,346.3,235.39
-17.104,154.54,342.87,233.06
-17.824,153.25,346.3,235.39
-15.839,154.64,342.87,233.06
-16.948,154.47,342.87,233.06
-16.201,155.08,342.87,233.06
-11.072,158.51,336.12,228.46
-10.076,158.7,336.12,228.46
-17.836,155.18,342.87,233.06
-19.981,153.47,346.3,235.39
-21.739,153.22,353.26,240.12
-21.536,153.28,353.26,240.12
-19.521,153.45,346.3,235.39
-22.399,153.77,349.77,237.74
-15.718,158.98,339.48,230.75
-10.844,162.26,329.49,223.96
-13.603,160.76,336.12,228.46
-21.084,156.23,342.87,233.06
-13.42,160.26,336.12,228.46
-12.315,159.59,336.12,228.46
-20.466,154,346.3,235.39
-19.422,154.09,346.3,235.39
-13.948,157.77,339.48,230.75
-9.0548,161.04,329.49,223.96
-14.735,157.78,339.48,230.75
-20.442,153.85,349.77,237.74
-19.089,153.32,346.3,235.39
-18.743,153.27,346.3,235.39
-10.255,157.74,336.12,228.46
-10.76,156.68,339.48,230.75
-7.121,159.88,329.49,223.96
-9.7305,159.74,329.49,223.96
-15.368,157.43,339.48,230.75
-22.995,154.18,349.77,237.74
-21.268,153.94,346.3,235.39
-21.139,153.3,346.3,235.39
-20.619,153.83,346.3,235.39
-20.305,152.92,346.3,235.39
-20.835,152.08,346.3,235.39
-19.452,151.78,346.3,235.39
-17.3,152.45,342.87,233.06
-16.74,152.37,342.87,233.06
-17.415,152.4,342.87,233.06
-19.775,151.76,349.77,237.74
-23.602,147.56,356.8,242.52
-19.012,149.88,346.3,235.39
-17.417,150.25,342.87,233.06
-16.874,149.84,342.87,233.06
-16.991,149.65,342.87,233.06
-17.141,149.7,342.87,233.06
-17.261,149.32,342.87,233.06
-17.862,147.99,346.3,235.39
-18.29,148.22,346.3,235.39
-17.051,148.69,342.87,233.06
-19.981,148.22,349.77,237.74
-13.329,153.3,339.48,230.75
-18.292,149.01,346.3,235.39
-19.08,148.15,349.77,237.74
-13.021,151.94,339.48,230.75
-12.6,152.03,339.48,230.75
-19.001,149,349.77,237.74
-21.447,147.47,353.26,240.12
-23.114,146.13,356.8,242.52
-22.09,147.29,353.26,240.12
-19.347,148.51,346.3,235.39
-13.669,152.13,339.48,230.75
-13.253,152.42,339.48,230.75
-11.805,153.27,336.12,228.46
-11.607,152.94,336.12,228.46
-12.374,152.46,339.48,230.75
-13.024,152.25,339.48,230.75
-18.253,148.01,346.3,235.39
-19.828,147.52,346.3,235.39
-17.847,148.13,342.87,233.06
-18.968,147.01,346.3,235.39
-18.327,147.05,346.3,235.39
-18.801,147.2,346.3,235.39
-19.414,147.49,346.3,235.39
-19.667,146.79,346.3,235.39
-23.884,144.98,356.8,242.52
-24.905,144.7,356.8,242.52
-19.728,147.14,346.3,235.39
-20.118,146.94,346.3,235.39
-20.147,146.97,346.3,235.39
-17.959,148.03,342.87,233.06
-20.081,146.92,346.3,235.39
-19.747,147.39,346.3,235.39
-19.352,146.84,346.3,235.39
-19.328,146.72,346.3,235.39
-19.826,146.56,346.3,235.39
-19.475,146.45,346.3,235.39
-19.251,146.96,346.3,235.39
-22.226,146.46,353.26,240.12
-19.664,147.02,346.3,235.39
-19.089,146.63,346.3,235.39
-18.686,147.07,346.3,235.39
-17.06,148.12,342.87,233.06
-17.254,147.85,342.87,233.06
-18.54,146.69,346.3,235.39
-16.952,147.62,342.87,233.06
-17.183,148.11,342.87,233.06
-18.493,146.54,346.3,235.39
-18.255,146.72,346.3,235.39
-18.795,146.75,346.3,235.39
-17.396,147.71,342.87,233.06
-18.919,146.57,346.3,235.39
-17.059,146.92,342.87,233.06
-20.116,146.16,349.77,237.74
-19.599,146.64,346.3,235.39
-19.128,146.06,346.3,235.39
-18.79,146.13,346.3,235.39
-19.027,145.48,346.3,235.39
-18.849,145.6,346.3,235.39
-18.941,145.5,346.3,235.39
-18.789,145.31,346.3,235.39
-17.491,146.04,342.87,233.06
-19.147,145.26,346.3,235.39
-18.726,144.92,346.3,235.39
-18.673,144.7,346.3,235.39
-17.166,146.2,342.87,233.06
-19.314,145.4,346.3,235.39
-19.215,145.51,346.3,235.39
-19.073,145.38,346.3,235.39
-18.369,145.31,346.3,235.39
-16.636,145.67,342.87,233.06
-21.407,143.69,353.26,240.12
-16.41,146.13,342.87,233.06
-16.576,146.09,342.87,233.06
-17.094,145.68,342.87,233.06
-18.382,144.5,346.3,235.39
-17.73,145.89,342.87,233.06
-19.619,144.5,346.3,235.39
-17.48,146.07,342.87,233.06
-18.18,145.73,342.87,233.06
-19.021,144.69,346.3,235.39
-17.491,145.74,342.87,233.06
-20.228,145.29,349.77,237.74
-18.651,145.02,346.3,235.39
-17.5,145.87,342.87,233.06
-19.302,144.7,346.3,235.39
-19.396,144.22,346.3,235.39
-19.527,143.79,346.3,235.39
-21.973,142.95,353.26,240.12
-17.676,146.03,342.87,233.06
-19.208,144.49,346.3,235.39
-21.997,143.25,353.26,240.12
-17.572,146.08,342.87,233.06
-21.722,142.96,353.26,240.12
-18.82,144.12,346.3,235.39
-21.706,142.34,353.26,240.12
-18.492,143.58,346.3,235.39
-21.689,142.05,353.26,240.12
-21.717,142.19,353.26,240.12
-23.883,141.02,356.8,242.52
-21.801,142.4,353.26,240.12
-23.805,141.44,356.8,242.52
-18.827,143.53,346.3,235.39
-21.634,142.94,353.26,240.12
-18.702,143.84,346.3,235.39
-19.135,143.7,346.3,235.39
-19.042,144.07,346.3,235.39
-22.037,142.74,353.26,240.12
-17.594,145.11,342.87,233.06
-22.285,141.6,353.26,240.12
-22.294,142.37,353.26,240.12
-17.216,144.73,342.87,233.06
-22.181,141.81,353.26,240.12
-21.821,141.47,353.26,240.12
-18.958,142.9,346.3,235.39
-23.503,139.78,356.8,242.52
-18.88,143.21,346.3,235.39
-22.223,141.74,353.26,240.12
-18.886,143.29,346.3,235.39
-18.488,142.68,346.3,235.39
-19.126,142.74,346.3,235.39
-19.231,142.93,346.3,235.39
-19.688,142.82,346.3,235.39
-19.011,143.05,346.3,235.39
-18.864,143.27,346.3,235.39
-18.675,142.9,346.3,235.39
-19.046,143.09,346.3,235.39
-19.131,143.02,346.3,235.39
-19.345,143.27,346.3,235.39
-19.987,143.12,346.3,235.39
-18.202,144.61,342.87,233.06
-22.664,142.7,353.26,240.12
-19.488,144.1,346.3,235.39
-19.951,143.71,346.3,235.39
-24.722,141.23,356.8,242.52
-20.404,143.72,346.3,235.39
-20.048,144.18,346.3,235.39
-19.674,143.91,346.3,235.39
-19.678,143.72,346.3,235.39
-18.553,144.78,342.87,233.06
-18.428,144.91,342.87,233.06
-19.737,143.61,346.3,235.39
-18.055,145.11,342.87,233.06
-17.974,145.21,342.87,233.06
-18.182,145.55,342.87,233.06
-19.356,144.43,346.3,235.39
-18.033,145.47,342.87,233.06
-17.974,145.17,342.87,233.06
-22.46,143.23,353.26,240.12
-19.132,144.86,346.3,235.39
-19.298,144.73,346.3,235.39
-20.221,144.73,346.3,235.39
-19.835,144.53,346.3,235.39
-19.775,145.03,346.3,235.39
-20,145.26,346.3,235.39
-18.054,146.49,342.87,233.06
-22.982,144.68,353.26,240.12
-17.924,147.9,342.87,233.06
-18.333,147.48,342.87,233.06
-20.046,146,346.3,235.39
-22.792,144.89,353.26,240.12
-20.178,146.5,346.3,235.39
-20.014,145.51,346.3,235.39
-20.337,145.29,346.3,235.39
-19.865,145.67,346.3,235.39
-20.076,145.94,346.3,235.39
-20.023,145.96,346.3,235.39
-23.074,144.9,353.26,240.12
-18.51,147.09,342.87,233.06
-20.274,146.4,346.3,235.39
-19.788,146.62,346.3,235.39
-20.201,146.92,346.3,235.39
-23.389,145.45,353.26,240.12
-20.533,146.76,346.3,235.39
-18.778,148.09,342.87,233.06
-18.746,148.26,342.87,233.06
-18.805,148.67,342.87,233.06
-22.015,147.66,349.77,237.74
-26.005,145.61,356.8,242.52
-23.433,146.52,353.26,240.12
-20.905,147.9,346.3,235.39
-18.65,148.31,342.87,233.06
-18.354,148.83,342.87,233.06
-20.211,147.91,346.3,235.39
-20.173,147.32,346.3,235.39
-20.436,147.52,346.3,235.39
-18.914,149.53,342.87,233.06
-19.789,149.28,342.87,233.06
-19.505,149.09,342.87,233.06
-19.532,148.71,342.87,233.06
-21.198,148.56,346.3,235.39
-21.539,148.71,346.3,235.39
-25.633,146.14,356.8,242.52
-20.689,149.38,346.3,235.39
-20.616,149.51,346.3,235.39
-21.012,149.28,346.3,235.39
-25.896,146.48,356.8,242.52
-20.861,149.51,346.3,235.39
-21.394,149.53,346.3,235.39
-21.864,149.65,346.3,235.39
-21.38,149.53,346.3,235.39
-21.569,149.17,346.3,235.39
-21.732,148.64,346.3,235.39
-22.906,148.89,349.77,237.74
-20.472,150.09,342.87,233.06
-20.415,149.38,342.87,233.06
-21.709,148.75,346.3,235.39
-25.336,146.92,353.26,240.12
-22.221,147.93,346.3,235.39
-20.695,148,342.87,233.06
-22.337,146.82,346.3,235.39
-22.486,145.76,346.3,235.39
-27.233,143.29,356.8,242.52
-21.825,145.13,346.3,235.39
-24.908,143.46,353.26,240.12
-24.635,143.48,353.26,240.12
-24.753,143.76,353.26,240.12
-24.803,143.53,353.26,240.12
-25.323,143.58,353.26,240.12
-25.043,143.6,353.26,240.12
-24.466,143.19,353.26,240.12
-25.98,141.71,356.8,242.52
-20.974,143.67,346.3,235.39
-23.975,142.63,353.26,240.12
-19.606,144.9,342.87,233.06
-21.513,143.59,346.3,235.39
-21.195,143.74,346.3,235.39
-26.349,141.32,356.8,242.52
-20.726,144.6,346.3,235.39
-20.602,144.27,346.3,235.39
-18.726,145.04,342.87,233.06
-20.909,143.49,346.3,235.39
-18.655,144.8,342.87,233.06
-20.55,143.48,346.3,235.39
-20.471,144.16,346.3,235.39
-20.29,143.49,346.3,235.39
-20.095,144.1,346.3,235.39
-22.854,143.76,353.26,240.12
-23.159,143.75,353.26,240.12
-25.324,142.72,356.8,242.52
-19.119,144.56,346.3,235.39
-18.596,144.24,346.3,235.39
-22.382,143.14,353.26,240.12
-18.954,144.12,346.3,235.39
-22.194,143.28,353.26,240.12
-18.853,144.81,346.3,235.39
-23.183,142.25,356.8,242.52
-17.913,145.38,346.3,235.39
-20.926,144.55,353.26,240.12
-21.101,144.7,353.26,240.12
-21.303,145.02,353.26,240.12
-23.746,143.65,356.8,242.52
-18.696,145.48,346.3,235.39
-18.685,144.74,346.3,235.39
-22.602,142.62,356.8,242.52
-17.9,145.26,346.3,235.39
-22.572,142.88,356.8,242.52
-20.853,144.64,353.26,240.12
-18.334,145.56,346.3,235.39
-17.955,145.16,346.3,235.39
-22.04,143.33,356.8,242.52
-17.231,144.8,346.3,235.39
-22.572,142.49,356.8,242.52
-20.259,144.25,353.26,240.12
-19.692,144.62,353.26,240.12
-19.987,144.64,353.26,240.12
-20.119,144.65,353.26,240.12
-19.982,144.76,353.26,240.12
-22.614,143.48,356.8,242.52
-21.166,145.82,353.26,240.12
-16.897,147.56,342.87,233.06
-18.804,147.12,346.3,235.39
-18.967,147.39,346.3,235.39
-22.178,146.72,353.26,240.12
-17.495,147.13,346.3,235.39
-21.689,143.7,356.8,242.52
-20.641,143.58,356.8,242.52
-16.189,145.6,346.3,235.39
-16.088,145.58,346.3,235.39
-18.902,144.8,353.26,240.12
-20.582,143.12,356.8,242.52
-19.129,145,353.26,240.12
-19.327,144.7,353.26,240.12
-20.38,143.27,356.8,242.52
-15.758,146.19,346.3,235.39
-16.219,145.27,346.3,235.39
-15.704,145.02,346.3,235.39
-15.867,145.2,346.3,235.39
-15.74,144.96,346.3,235.39
-15.826,144.84,346.3,235.39
-15.635,144.99,346.3,235.39
-15.149,145.07,346.3,235.39
-19.442,142.88,356.8,242.52
-15.085,145.45,346.3,235.39
-20.159,142.9,356.8,242.52
-15.507,145.17,346.3,235.39
-15.404,145.19,346.3,235.39
-19.137,144.57,353.26,240.12
-19.136,144.8,353.26,240.12
-19.338,144.53,353.26,240.12
-19.129,144.74,353.26,240.12
-18.972,144.75,353.26,240.12
-20.928,143.65,356.8,242.52
-20.739,143.02,356.8,242.52
-25.532,140.73,360.36,244.94
-19.727,144.75,353.26,240.12
-15.912,145.93,346.3,235.39
-18.913,144.73,353.26,240.12
-20.619,143.75,356.8,242.52
-19.337,145.57,353.26,240.12
-19.07,145.12,353.26,240.12
-19.549,144.99,353.26,240.12
-16.34,145.58,346.3,235.39
-16.111,145.62,346.3,235.39
-16.009,144.88,346.3,235.39
-15.902,144.21,346.3,235.39
-15.817,144.53,346.3,235.39
-20.38,143.15,356.8,242.52
-15.158,145.52,346.3,235.39
-18.928,144.67,353.26,240.12
-18.739,145.09,353.26,240.12
-20.949,143.64,356.8,242.52
-16.023,145.15,346.3,235.39
-20.583,143.49,356.8,242.52
-20.625,143.42,356.8,242.52
-18.963,144.66,353.26,240.12
-20.348,143.55,356.8,242.52
-17.688,144.86,353.26,240.12
-19.831,143.64,356.8,242.52
-15.319,145.6,346.3,235.39
-18.871,144.42,353.26,240.12
-19.1,144.67,353.26,240.12
-19.18,144.42,353.26,240.12
-19.071,144.92,353.26,240.12
-20.229,143.83,356.8,242.52
-15.279,145.78,346.3,235.39
-18.832,144.71,353.26,240.12
-20.653,143.55,356.8,242.52
-19.135,145.14,353.26,240.12
-19.267,145.47,353.26,240.12
-18.922,145.41,353.26,240.12
-15.876,145.88,346.3,235.39
-18.774,145.02,353.26,240.12
-17.43,146.41,349.77,237.74
-16.9,146.38,349.77,237.74
-17.045,146.1,349.77,237.74
-20.526,143.44,356.8,242.52
-20.43,143.14,356.8,242.52
-19.936,143.07,356.8,242.52
-14.818,145.89,346.3,235.39
-17.983,144.25,353.26,240.12
-14.692,145.64,346.3,235.39
-17.709,144.13,353.26,240.12
-14.844,145.65,346.3,235.39
-17.549,144.31,353.26,240.12
-17.464,144.74,353.26,240.12
-17.467,144.76,353.26,240.12
-17.398,144.63,353.26,240.12
-17.598,144.83,353.26,240.12
-15.587,145.95,349.77,237.74
-19.265,143.55,356.8,242.52
-19.103,143.92,356.8,242.52
-17.814,145.03,353.26,240.12
-19.7,143.9,356.8,242.52
-19.848,144.05,356.8,242.52
-19.815,143.37,356.8,242.52
-14.85,145.49,346.3,235.39
-19.6,143.1,356.8,242.52
-14.658,145.52,346.3,235.39
-19.93,142.94,356.8,242.52
-14.54,145.53,346.3,235.39
-19.674,143.29,356.8,242.52
-14.663,145.5,346.3,235.39
-18.082,144.8,353.26,240.12
-19.819,143.72,356.8,242.52
-14.872,145.34,346.3,235.39
-18.044,144.87,353.26,240.12
-14.633,145.25,346.3,235.39
-17.745,144.07,353.26,240.12
-14.572,145.57,346.3,235.39
-17.525,144.27,353.26,240.12
-19.044,144.11,356.8,242.52
-17.651,145.15,353.26,240.12
-18.091,145.51,353.26,240.12
-19.929,144,356.8,242.52
-20.031,144.06,356.8,242.52
-20.353,143.99,356.8,242.52
-20.302,143.69,356.8,242.52
-14.998,145.61,346.3,235.39
-18.044,144.29,353.26,240.12
-17.789,144.88,353.26,240.12
-14.921,145.72,346.3,235.39
-17.909,144.58,353.26,240.12
-14.878,145.74,346.3,235.39
-19.87,143.33,356.8,242.52
-19.544,143.9,356.8,242.52
-20.182,143.22,356.8,242.52
-19.568,143.85,356.8,242.52
-19.921,143.73,356.8,242.52
-14.85,145.82,346.3,235.39
-17.785,144.4,353.26,240.12
-14.661,145.74,346.3,235.39
-16.295,146,349.77,237.74
-19.424,143.75,356.8,242.52
-20.433,143.8,356.8,242.52
-20.475,143.83,356.8,242.52
-18.282,145.43,353.26,240.12
-15.25,145.86,346.3,235.39
-18.453,144.66,353.26,240.12
-15.1,145.5,346.3,235.39
-17.84,144.59,353.26,240.12
-14.763,145.38,346.3,235.39
-17.811,144.51,353.26,240.12
-14.778,145.64,346.3,235.39
-17.969,144.57,353.26,240.12
-15.248,145.61,346.3,235.39
-18.215,144.42,353.26,240.12
-14.961,145.23,346.3,235.39
-17.833,144.24,353.26,240.12
-19.791,143.74,356.8,242.52
-19.824,143.63,356.8,242.52
-17.786,145.09,353.26,240.12
-16.621,146.43,349.77,237.74
-20.015,143.96,356.8,242.52
-16.341,145.94,349.77,237.74
-20.069,143.34,356.8,242.52
-19.665,143.39,356.8,242.52
-19.592,143.47,356.8,242.52
-19.511,143.38,356.8,242.52
-14.806,145.53,346.3,235.39
-17.628,144.25,353.26,240.12
-15.537,146.35,349.77,237.74
-19.521,143.75,356.8,242.52
-20.012,143.37,356.8,242.52
-19.685,143.41,356.8,242.52
-19.707,143.42,356.8,242.52
-19.933,143.37,356.8,242.52
-19.555,143.44,356.8,242.52
-19.539,143.46,356.8,242.52
-17.646,144.59,353.26,240.12
-12.623,146.81,342.87,233.06
-17.902,144.52,353.26,240.12
-19.334,143.28,356.8,242.52
-19.003,143.66,356.8,242.52
-14.674,145.48,346.3,235.39
-19.418,142.9,356.8,242.52
-19.293,143.07,356.8,242.52
-16.81,145.03,353.26,240.12
-18.921,143.12,356.8,242.52
-14.487,145.49,346.3,235.39
-17.951,144.1,353.26,240.12
-19.404,143.13,356.8,242.52
-14.658,145.45,346.3,235.39
-17.314,144.42,353.26,240.12
-16.871,145.05,353.26,240.12
-17.192,145.07,353.26,240.12
-17.174,144.81,353.26,240.12
-16.686,144.98,353.26,240.12
-17.067,144.76,353.26,240.12
-16.73,145.15,353.26,240.12
-16.934,145.04,353.26,240.12
-15.368,146,349.77,237.74
-14.867,145.29,346.3,235.39
-17.486,144.04,353.26,240.12
-17.053,144.69,353.26,240.12
-17.035,144.79,353.26,240.12
-16.769,144.68,353.26,240.12
-16.737,144.64,353.26,240.12
-16.57,144.57,353.26,240.12
-14.771,146.5,349.77,237.74
-16.571,144.76,353.26,240.12
-15,146.18,349.77,237.74
-16.916,144.97,353.26,240.12
-17.157,144.95,353.26,240.12
-16.91,145.02,353.26,240.12
-16.868,145.17,353.26,240.12
-14.951,146.04,349.77,237.74
-16.809,144.74,353.26,240.12
-16.755,144.52,353.26,240.12
-16.824,144.5,353.26,240.12
-14.206,145.57,346.3,235.39
-17.455,144.66,353.26,240.12
-16.687,144.95,353.26,240.12
-19.031,143.59,356.8,242.52
-19.008,144,356.8,242.52
-18.956,143.12,356.8,242.52
-14.188,145.27,346.3,235.39
-17.057,143.84,353.26,240.12
-18.789,143,356.8,242.52
-14.343,145.47,346.3,235.39
-17.48,144.89,353.26,240.12
-18.47,143.65,356.8,242.52
-17.111,145.5,353.26,240.12
-18.989,143.41,356.8,242.52
-23.164,141.23,360.36,244.94
-26.046,139.03,363.97,247.39
-24.159,140.23,360.36,244.94
-23.531,140.14,360.36,244.94
-18.377,143.6,353.26,240.12
-19.405,143.11,356.8,242.52
-19.47,143.53,356.8,242.52
-14.737,145.66,346.3,235.39
-17.448,144.73,353.26,240.12
-18.766,143.52,356.8,242.52
-14.189,145.68,346.3,235.39
-17.189,145.08,353.26,240.12
-19.084,143.2,356.8,242.52
-16.501,145.41,353.26,240.12
-16.886,144.33,353.26,240.12
-12.203,146.53,342.87,233.06
-15.298,146.09,349.77,237.74
-12.212,146.5,342.87,233.06
-16.647,144.43,353.26,240.12
-14.348,145.46,346.3,235.39
-17.454,144.37,353.26,240.12
-14.365,145.28,346.3,235.39
