788,276,172,77
783.38,276.05,172,77
779.17,276.74,170.3,76.238
767.39,277.57,168.61,75.483
751.4,276.82,173.72,77.77
744.72,277.35,170.3,76.238
741.03,277.25,173.72,77.77
730.64,278.78,168.61,75.483
723.28,278.7,168.61,75.483
715.57,278.62,166.94,74.735
718.51,276.98,172,77
701.81,279.94,166.94,74.735
696.42,280.7,162.03,72.537
691.44,281.63,157.27,70.404
685.54,282.15,154.17,69.017
677.47,281.65,154.17,69.017
668.62,281.05,158.84,71.108
662.49,281.25,154.17,69.017
655.39,281.17,155.71,69.707
649.59,280.97,151.13,67.657
643.45,282.23,146.69,65.667
634.64,282.11,148.15,66.324
626.55,282.37,149.63,66.987
620.02,281.78,148.15,66.324
612.19,282.2,149.63,66.987
604.99,282.53,146.69,65.667
596.49,281.02,151.13,67.657
593.57,282.82,146.69,65.667
616.8,283.82,143.79,64.373
607.18,284.04,143.79,64.373
599.49,283.05,148.15,66.324
585.6,284.91,152.64,68.334
584.19,288.01,151.13,67.657
584.65,287.63,146.69,65.667
587.48,289.24,142.37,63.736
590.05,288.39,138.18,61.862
589.45,289.89,139.57,62.48
587.79,289.15,140.96,63.105
588.72,289.94,136.82,61.249
588.31,289.52,138.18,61.862
614.28,288.61,135.46,60.643
609.51,289.59,131.48,58.859
592.53,292.24,131.48,58.859
591.02,291.08,134.12,60.042
593.68,291.94,131.48,58.859
592.17,290.58,134.12,60.042
606.26,287.52,138.18,61.862
608.29,290.06,135.46,60.643
591.2,290.94,138.18,61.862
592.79,290.98,138.18,61.862
593.09,290.58,140.96,63.105
593.08,291.09,142.37,63.736
591.41,289.79,140.96,63.105
594.69,290.7,136.82,61.249
595.97,290.6,136.82,61.249
598.09,291.95,132.79,59.448
597.21,292.21,134.12,60.042
599.91,292.66,131.48,58.859
601.06,293.16,130.18,58.276
601.07,293.09,130.18,58.276
589.23,287.45,134.12,60.042
590.7,289.28,135.46,60.643
594.49,290.36,134.12,60.042
593.87,290.65,134.12,60.042
592.16,290.11,136.82,61.249
593.7,290.29,134.12,60.042
592.19,289.77,136.82,61.249
591.56,289.54,138.18,61.862
593.15,290.83,134.12,60.042
592.36,289.97,136.82,61.249
592.5,289.75,136.82,61.249
593.97,290.58,134.12,60.042
592.13,290.05,136.82,61.249
592.63,289.7,136.82,61.249
592.97,289.68,136.82,61.249
591.74,289.64,138.18,61.862
592.04,289.74,138.18,61.862
594.29,290.14,134.12,60.042
594.87,290.39,132.79,59.448
594.79,290.48,132.79,59.448
592.65,289.76,136.82,61.249
593.2,289.69,136.82,61.249
592.78,289.73,136.82,61.249
592.12,289.74,138.18,61.862
593.37,290.07,136.82,61.249
595.36,290.52,132.79,59.448
594.29,290.13,134.12,60.042
595,290.75,132.79,59.448
594.82,290.77,132.79,59.448
595.36,290.51,132.79,59.448
595.22,290.35,132.79,59.448
595.1,290.55,132.79,59.448
593.33,289.76,136.82,61.249
594.79,290.17,134.12,60.042
593.38,289.58,136.82,61.249
594.11,290.41,134.12,60.042
596.4,291.58,131.48,58.859
594.63,290.18,134.12,60.042
592.51,289.54,138.18,61.862
592.89,289.63,136.82,61.249
594.42,290.4,135.46,60.643
593.64,289.6,136.82,61.249
593.49,289.54,136.82,61.249
592.47,289.46,138.18,61.862
