209,154.5,311,154.5,311,215.5,209,215.5
202.04,155.07,301.55,155.07,301.55,214.58,202.04,214.58
193.6,155.72,291.33,155.72,291.33,214.17,193.6,214.17
187.4,156.47,282.92,156.47,282.92,213.59,187.4,213.59
182.23,157.49,275.56,157.49,275.56,213.31,182.23,213.31
176.19,157.55,267.73,157.55,267.73,212.29,176.19,212.29
170.28,157.96,260.65,157.96,260.65,212.01,170.28,212.01
165.19,158.11,253.58,158.11,253.58,210.98,165.19,210.98
160.32,158.09,248.09,158.09,248.09,210.58,160.32,210.58
156,158.32,242.43,158.32,242.43,210.01,156,210.01
150.76,158.44,238.07,158.44,238.07,210.66,150.76,210.66
145.81,158.4,231.94,158.4,231.94,209.92,145.81,209.92
148.19,158.87,231.98,158.87,231.98,208.98,148.19,208.98
143.08,159.37,227.19,159.37,227.19,209.66,143.08,209.66
137.86,159.02,221.88,159.02,221.88,209.27,137.86,209.27
134.55,159.29,217.88,159.29,217.88,209.12,134.55,209.12
131.79,159.36,214.35,159.36,214.35,208.74,131.79,208.74
127.99,159.17,211.34,159.17,211.34,209.02,127.99,209.02
126.42,159.33,208.1,159.33,208.1,208.18,126.42,208.18
123.56,158.01,206.42,158.01,206.42,207.57,123.56,207.57
125.15,159.51,204.94,159.51,204.94,207.23,125.15,207.23
126.13,160.07,204.96,160.07,204.96,207.21,126.13,207.21
124.2,158.34,202.56,158.34,202.56,205.2,124.2,205.2
124.07,159.65,200.49,159.65,200.49,205.36,124.07,205.36
119.08,160.67,195.9,160.67,195.9,206.61,119.08,206.61
118.15,158.9,194.28,158.9,194.28,204.43,118.15,204.43
118.2,159.17,194.32,159.17,194.32,204.69,118.2,204.69
117.67,159.04,193.55,159.04,193.55,204.42,117.67,204.42
119.6,160.15,193.57,160.15,193.57,204.39,119.6,204.39
120.16,160.65,192.93,160.65,192.93,204.16,120.16,204.16
120.63,161.27,192.67,161.27,192.67,204.35,120.63,204.35
120.83,160.36,192.06,160.36,192.06,202.96,120.83,202.96
121.06,160.86,191,160.86,191,202.68,121.06,202.68
122.87,161.3,192.7,161.3,192.7,203.07,122.87,203.07
122.82,161.26,192.68,161.26,192.68,203.03,122.82,203.03
122.85,161.04,192.26,161.04,192.26,202.55,122.85,202.55
122.59,160.6,191.6,160.6,191.6,201.87,122.59,201.87
124.16,160.66,192.47,160.66,192.47,201.51,124.16,201.51
124.64,161.01,192.74,161.01,192.74,201.74,124.64,201.74
126.59,161.2,194.13,161.2,194.13,201.59,126.59,201.59
127.11,161.57,194.77,161.57,194.77,202.03,127.11,202.03
128.03,160.66,195.52,160.66,195.52,201.03,128.03,201.03
128.43,161.15,195.63,161.15,195.63,201.33,128.43,201.33
129.95,160.3,196.2,160.3,196.2,199.92,129.95,199.92
131.37,160.69,196.94,160.69,196.94,199.91,131.37,199.91
135.39,160.37,200.58,160.37,200.58,199.36,135.39,199.36
133.71,160.76,198.76,160.76,198.76,199.67,133.71,199.67
135,160.24,199.89,160.24,199.89,199.05,135,199.05
139.57,161.21,203.91,161.21,203.91,199.68,139.57,199.68
135.69,160.29,200.15,160.29,200.15,198.84,135.69,198.84
143.87,162.09,207.73,162.09,207.73,200.28,143.87,200.28
145.03,162.43,208.57,162.43,208.57,200.43,145.03,200.43
146.58,162.21,209.25,162.21,209.25,199.69,146.58,199.69
147.32,162.53,209.93,162.53,209.93,199.98,147.32,199.98
147.45,162.67,209.75,162.67,209.75,199.92,147.45,199.92
150.43,161.96,212.05,161.96,212.05,198.81,150.43,198.81
152,161.66,213.42,161.66,213.42,198.38,152,198.38
152.57,162.1,213.71,162.1,213.71,198.66,152.57,198.66
152.91,161.97,213.97,161.97,213.97,198.48,152.91,198.48
154.98,161.88,215.63,161.88,215.63,198.15,154.98,198.15
156.93,162.06,217.57,162.06,217.57,198.33,156.93,198.33
158.22,162.13,218.62,162.13,218.62,198.25,158.22,198.25
158.18,161.92,217.97,161.92,217.97,197.67,158.18,197.67
159.47,162.2,218.7,162.2,218.7,197.62,159.47,197.62
162.21,162.48,220.4,162.48,220.4,197.29,162.21,197.29
163.36,162.74,220.86,162.74,220.86,197.13,163.36,197.13
164.78,162.92,222.34,162.92,222.34,197.34,164.78,197.34
164.71,162.93,221.75,162.93,221.75,197.04,164.71,197.04
167.72,162.78,224.12,162.78,224.12,196.51,167.72,196.51
168.72,162.17,224.61,162.17,224.61,195.59,168.72,195.59
169.37,161.9,224.95,161.9,224.95,195.14,169.37,195.14
169.63,161.76,225.1,161.76,225.1,194.93,169.63,194.93
170.52,161.61,225.6,161.61,225.6,194.54,170.52,194.54
173.3,162.79,228.62,162.79,228.62,195.88,173.3,195.88
173.1,162.52,228.88,162.52,228.88,195.88,173.1,195.88
173.49,162.47,229.73,162.47,229.73,196.1,173.49,196.1
174.94,162.39,231.45,162.39,231.45,196.19,174.94,196.19
175.78,162.45,232.34,162.45,232.34,196.28,175.78,196.28
177.62,162.17,234.11,162.17,234.11,195.96,177.62,195.96
179.62,162.67,235.58,162.67,235.58,196.13,179.62,196.13
181.53,162.32,236.69,162.32,236.69,195.3,181.53,195.3
183.61,162.83,237.59,162.83,237.59,195.11,183.61,195.11
185.45,163,239.18,163,239.18,195.13,185.45,195.13
185.97,162.63,238.69,162.63,238.69,194.16,185.97,194.16
187.53,162.9,239.77,162.9,239.77,194.15,187.53,194.15
188.43,163.1,240.24,163.1,240.24,194.09,188.43,194.09
189.67,162.49,240.73,162.49,240.73,193.03,189.67,193.03
190.98,162.91,242.01,162.91,242.01,193.43,190.98,193.43
192.41,162.96,242.57,162.96,242.57,192.96,192.41,192.96
193.5,162.36,243.48,162.36,243.48,192.25,193.5,192.25
194.71,162.45,244.57,162.45,244.57,192.26,194.71,192.26
196.48,162.8,246.03,162.8,246.03,192.43,196.48,192.43
197.73,162.47,246.96,162.47,246.96,191.91,197.73,191.91
199.58,162.66,248.35,162.66,248.35,191.83,199.58,191.83
200.32,162.52,248.62,162.52,248.62,191.4,200.32,191.4
201.68,162.52,249.39,162.52,249.39,191.06,201.68,191.06
203.04,162.42,250.45,162.42,250.45,190.77,203.04,190.77
204.81,163.08,251.95,163.08,251.95,191.27,204.81,191.27
205.98,163.2,253.04,163.2,253.04,191.35,205.98,191.35
206.62,162.77,252.95,162.77,252.95,190.48,206.62,190.48
208.18,162.85,254.04,162.85,254.04,190.28,208.18,190.28
209.01,162.69,254.83,162.69,254.83,190.09,209.01,190.09
209.99,162.46,255.85,162.46,255.85,189.88,209.99,189.88
211,162.44,256.7,162.44,256.7,189.77,211,189.77
212.17,162.61,257.61,162.61,257.61,189.78,212.17,189.78
213.71,163.15,258.71,163.15,258.71,190.06,213.71,190.06
213.44,162.68,258.53,162.68,258.53,189.65,213.44,189.65
214.33,162.8,259.27,162.8,259.27,189.67,214.33,189.67
215.84,163.16,260.39,163.16,260.39,189.81,215.84,189.81
217.54,162.83,262.06,162.83,262.06,189.45,217.54,189.45
218.21,162.79,262.22,162.79,262.22,189.11,218.21,189.11
219.68,162.94,263.09,162.94,263.09,188.89,219.68,188.89
220.86,162.88,263.99,162.88,263.99,188.67,220.86,188.67
222.49,163.32,265.61,163.32,265.61,189.11,222.49,189.11
223.5,163.27,266.59,163.27,266.59,189.04,223.5,189.04
