198.5,107.5,215.5,107.5,215.5,153,198.5,153
198.12,108.17,215.06,108.17,215.06,153.51,198.12,153.51
196.36,110.97,213.17,110.97,213.17,155.97,196.36,155.97
193.18,113.7,210.53,113.7,210.53,160.13,193.18,160.13
192.09,114.9,209.5,114.9,209.5,161.5,192.09,161.5
191.27,119.79,208.7,119.79,208.7,166.44,191.27,166.44
188.92,122.86,206.53,122.86,206.53,169.98,188.92,169.98
186.67,122.78,204.4,122.78,204.4,170.23,186.67,170.23
182.6,125.3,200.84,125.3,200.84,174.11,182.6,174.11
178.03,126.21,196.72,126.21,196.72,176.25,178.03,176.25
176.46,127.23,194.84,127.23,194.84,176.44,176.46,176.44
174.19,129.95,191.88,129.95,191.88,177.29,174.19,177.29
169.71,133.18,187.58,133.18,187.58,181,169.71,181
167.15,134.89,185.08,134.89,185.08,182.9,167.15,182.9
164.07,135.68,182.01,135.68,182.01,183.7,164.07,183.7
156.94,138.82,175.51,138.82,175.51,188.52,156.94,188.52
155.99,139.4,174.68,139.4,174.68,189.41,155.99,189.41
152.12,138,170.82,138,170.82,188.05,152.12,188.05
148.12,140.05,166.3,140.05,166.3,188.7,148.12,188.7
143.87,143.16,162.74,143.16,162.74,193.66,143.87,193.66
142.02,143.27,161.46,143.27,161.46,195.29,142.02,195.29
136.58,144.92,156.23,144.92,156.23,197.51,136.58,197.51
133.72,145.46,153.91,145.46,153.91,199.49,133.72,199.49
132.16,143.52,152.56,143.52,152.56,198.11,132.16,198.11
132.9,142.68,153.13,142.68,153.13,196.82,132.9,196.82
133.44,142.78,153.61,142.78,153.61,196.77,133.44,196.77
133.65,142.48,154.03,142.48,154.03,197.01,133.65,197.01
133.94,142.7,154.72,142.7,154.72,198.33,133.94,198.33
137.87,144.8,158.33,144.8,158.33,199.54,137.87,199.54
140.42,144.96,160.91,144.96,160.91,199.79,140.42,199.79
145.91,133.1,166.17,133.1,166.17,187.31,145.91,187.31
151.09,132.12,171.33,132.12,171.33,186.31,151.09,186.31
156.53,131.53,176.34,131.53,176.34,184.55,156.53,184.55
158.57,130.71,178.07,130.71,178.07,182.9,158.57,182.9
166.93,140.8,186.63,140.8,186.63,193.52,166.93,193.52
173.43,140.62,193.32,140.62,193.32,193.88,173.43,193.88
178.71,138.4,198.72,138.4,198.72,191.97,178.71,191.97
182.18,137.86,201.92,137.86,201.92,190.71,182.18,190.71
185.53,122.42,205.41,122.42,205.41,175.64,185.53,175.64
188.69,118.29,208.59,118.29,208.59,171.55,188.69,171.55
194.07,127.63,214.05,127.63,214.05,181.1,194.07,181.1
194.17,113.41,213.86,113.41,213.86,166.11,194.17,166.11
201.95,120.62,221.59,120.62,221.59,173.19,201.95,173.19
203.84,119.73,223.64,119.73,223.64,172.71,203.84,172.71
203.71,116.56,223.56,116.56,223.56,169.69,203.71,169.69
204.91,113.17,225.17,113.17,225.17,167.4,204.91,167.4
205.86,108.58,226,108.58,226,162.48,205.86,162.48
205.76,106.03,225.8,106.03,225.8,159.67,205.76,159.67
206.76,104.86,226.68,104.86,226.68,158.17,206.76,158.17
202.81,102.13,223.01,102.13,223.01,156.19,202.81,156.19
205.25,99.829,225.14,99.829,225.14,153.06,205.25,153.06
198.11,99.381,218,99.381,218,152.62,198.11,152.62
196.61,97.526,216.51,97.526,216.51,150.8,196.61,150.8
194.12,96.01,213.79,96.01,213.79,148.64,194.12,148.64
190.58,95.489,210.24,95.489,210.24,148.12,190.58,148.12
187.39,92.695,207.05,92.695,207.05,145.3,187.39,145.3
187.22,89.886,206.71,89.886,206.71,142.04,187.22,142.04
186.1,88.683,205.83,88.683,205.83,141.49,186.1,141.49
181.92,84.656,201.32,84.656,201.32,136.6,181.92,136.6
180.45,82.769,199.85,82.769,199.85,134.7,180.45,134.7
177.73,82.07,197.17,82.07,197.17,134.1,177.73,134.1
176.99,78.733,196.22,78.733,196.22,130.18,176.99,130.18
175.4,75.482,194.42,75.482,194.42,126.39,175.4,126.39
175.27,74.85,194.37,74.85,194.37,125.99,175.27,125.99
172.78,71.433,191.94,71.433,191.94,122.73,172.78,122.73
171.34,69.127,190.34,69.127,190.34,119.97,171.34,119.97
169.02,67.331,187.71,67.331,187.71,117.35,169.02,117.35
168.25,66.259,186.78,66.259,186.78,115.83,168.25,115.83
168,63.711,186.32,63.711,186.32,112.76,168,112.76
164.71,63.673,182.89,63.673,182.89,112.33,164.71,112.33
159.23,62.149,177.04,62.149,177.04,109.82,159.23,109.82
157.87,58.498,175.5,58.498,175.5,105.69,157.87,105.69
154.48,57.739,171.89,57.739,171.89,104.33,154.48,104.33
152.47,57.768,169.63,57.768,169.63,103.7,152.47,103.7
149.81,55.842,166.66,55.842,166.66,100.92,149.81,100.92
148.53,54.166,165.15,54.166,165.15,98.665,148.53,98.665
145.86,53.952,162.34,53.952,162.34,98.048,145.86,98.048
140.82,50.126,157.24,50.126,157.24,94.087,140.82,94.087
137.57,49.248,153.96,49.248,153.96,93.111,137.57,93.111
136.18,49.377,152.58,49.377,152.58,93.271,136.18,93.271
133.24,46.785,149.56,46.785,149.56,90.443,133.24,90.443
133.42,44.732,149.65,44.732,149.65,88.174,133.42,88.174
130.94,42.933,147.09,42.933,147.09,86.181,130.94,86.181
129.97,41.114,146.06,41.114,146.06,84.179,129.97,84.179
128.7,39.775,144.72,39.775,144.72,82.649,128.7,82.649
128.39,39.674,144.28,39.674,144.28,82.21,128.39,82.21
128.09,38.628,143.93,38.628,143.93,81.005,128.09,81.005
128.89,26.567,145.09,26.567,145.09,69.923,128.89,69.923
135.67,34.049,152.07,34.049,152.07,77.947,135.67,77.947
135.48,34.715,151.91,34.715,151.91,78.685,135.48,78.685
135.76,34.263,152.12,34.263,152.12,78.054,135.76,78.054
136.31,33.549,152.53,33.549,152.53,76.97,136.31,76.97
136.76,33.889,152.94,33.889,152.94,77.19,136.76,77.19
141.84,32.71,157.96,32.71,157.96,75.843,141.84,75.843
139.21,32.652,155.16,32.652,155.16,75.348,139.21,75.348
138.4,21.365,154.8,21.365,154.8,65.273,138.4,65.273
139.45,21.456,156.28,21.456,156.28,66.493,139.45,66.493
139.19,21.693,156.32,21.693,156.32,67.565,139.19,67.565
140.15,24.933,157.2,24.933,157.2,70.553,140.15,70.553
139.81,25.768,156.71,25.768,156.71,70.979,139.81,70.979
142.59,31.351,159.56,31.351,159.56,76.773,142.59,76.773
144.32,35.584,160.98,35.584,160.98,80.168,144.32,80.168
144.79,37.979,161.14,37.979,161.14,81.735,144.79,81.735
148.2,41.383,164.19,41.383,164.19,84.155,148.2,84.155
153.31,41.686,169.32,41.686,169.32,84.532,153.31,84.532
154.79,47.31,170.88,47.31,170.88,90.372,154.79,90.372
160.35,49.677,176.51,49.677,176.51,92.947,160.35,92.947
165.06,57.178,181.24,57.178,181.24,100.48,165.06,100.48
168.83,62.703,184.75,62.703,184.75,105.32,168.83,105.32
172.49,70.597,188.36,70.597,188.36,113.07,172.49,113.07
181.38,71.988,197.29,71.988,197.29,114.59,181.38,114.59
183.51,76.52,199.48,76.52,199.48,119.26,183.51,119.26
188.09,82.252,204.08,82.252,204.08,125.06,188.09,125.06
193.48,87.846,209.49,87.846,209.49,130.68,193.48,130.68
198.15,94.768,214.31,94.768,214.31,138.01,198.15,138.01
199.9,99.43,216.17,99.43,216.17,142.97,199.9,142.97
202.53,102.33,218.84,102.33,218.84,145.98,202.53,145.98
208.47,111.57,224.91,111.57,224.91,155.58,208.47,155.58
210.9,117.41,227.45,117.41,227.45,161.68,210.9,161.68
211.9,122.58,228.41,122.58,228.41,166.75,211.9,166.75
214.33,130.9,231.1,130.9,231.1,175.78,214.33,175.78
217.85,137.38,234.43,137.38,234.43,181.76,217.85,181.76
219.18,142.63,235.76,142.63,235.76,186.99,219.18,186.99
219.72,149.06,236.34,149.06,236.34,193.54,219.72,193.54
219.86,160.24,236.68,160.24,236.68,205.26,219.86,205.26
218.12,160.94,235.18,160.94,235.18,206.62,218.12,206.62
215.24,167.38,232.28,167.38,232.28,212.98,215.24,212.98
212.49,174.79,229.64,174.79,229.64,220.7,212.49,220.7
207.73,182.42,225.1,182.42,225.1,228.91,207.73,228.91
204.17,186.39,221.78,186.39,221.78,233.5,204.17,233.5
194.35,189.01,212.1,189.01,212.1,236.49,194.35,236.49
188.3,193.4,206.22,193.4,206.22,241.38,188.3,241.38
181.4,192.49,199.45,192.49,199.45,240.81,181.4,240.81
173.87,195.02,191.92,195.02,191.92,243.34,173.87,243.34
164.33,196.93,182.57,196.93,182.57,245.73,164.33,245.73
161.02,193.58,179.43,193.58,179.43,242.86,161.02,242.86
150.8,195.24,169.44,195.24,169.44,245.13,150.8,245.13
146.66,192.48,165.42,192.48,165.42,242.7,146.66,242.7
144.36,190.13,163.15,190.13,163.15,240.41,144.36,240.41
136.77,187.36,155.63,187.36,155.63,237.83,136.77,237.83
130.77,184.53,149.9,184.53,149.9,235.71,130.77,235.71
127.09,180.87,146.56,180.87,146.56,232.98,127.09,232.98
125.78,178.43,145.4,178.43,145.4,230.94,125.78,230.94
122.22,175,142.08,175,142.08,228.13,122.22,228.13
120.86,169.97,140.96,169.97,140.96,223.74,120.86,223.74
120.68,167.42,140.95,167.42,140.95,221.67,120.68,221.67
119.97,161.24,140.31,161.24,140.31,215.67,119.97,215.67
119.79,155.07,139.94,155.07,139.94,209,119.79,209
119.58,152.15,139.69,152.15,139.69,205.98,119.58,205.98
120.19,149.32,140.44,149.32,140.44,203.52,120.19,203.52
120.17,147.29,140.51,147.29,140.51,201.72,120.17,201.72
119.77,142.4,140,142.4,140,196.55,119.77,196.55
119.68,140.75,140.22,140.75,140.22,195.74,119.68,195.74
119.06,134.64,139.43,134.64,139.43,189.17,119.06,189.17
117.77,131.23,138.15,131.23,138.15,185.77,117.77,185.77
117.56,129.35,137.9,129.35,137.9,183.79,117.56,183.79
116.95,124.96,137.13,124.96,137.13,178.96,116.95,178.96
116.36,121.6,136.52,121.6,136.52,175.56,116.36,175.56
115.9,119.89,136,119.89,136,173.68,115.9,173.68
115.27,114.47,135.25,114.47,135.25,167.93,115.27,167.93
115.53,111.53,135.46,111.53,135.46,164.88,115.53,164.88
115.23,109.72,135.14,109.72,135.14,163.01,115.23,163.01
114.82,107.07,134.68,107.07,134.68,160.21,114.82,160.21
115.03,104.42,134.66,104.42,134.66,156.96,115.03,156.96
115,102.2,134.37,102.2,134.37,154.02,115,154.02
115.7,99.641,135.09,99.641,135.09,151.55,115.7,151.55
117.65,96.641,136.98,96.641,136.98,148.37,117.65,148.37
118.92,94.602,138.15,94.602,138.15,146.07,118.92,146.07
120.35,92.443,139.5,92.443,139.5,143.71,120.35,143.71
120.95,90.73,139.93,90.73,139.93,141.55,120.95,141.55
121.42,88.664,140.18,88.664,140.18,138.88,121.42,138.88
123.82,86.984,142.33,86.984,142.33,136.53,123.82,136.53
124.58,86.892,142.98,86.892,142.98,136.13,124.58,136.13
124.85,84.831,143.12,84.831,143.12,133.75,124.85,133.75
127.65,86.423,146.17,86.423,146.17,136.01,127.65,136.01
126.72,85.775,145.24,85.775,145.24,135.34,126.72,135.34
147.82,96.838,166.18,96.838,166.18,145.98,147.82,145.98
145.66,98.187,164.09,98.187,164.09,147.51,145.66,147.51
143.54,98.391,162.03,98.391,162.03,147.86,143.54,147.86
141.26,101.91,159.48,101.91,159.48,150.67,141.26,150.67
139.25,100.89,157.54,100.89,157.54,149.84,139.25,149.84
138.27,101.93,156.39,101.93,156.39,150.44,138.27,150.44
133.76,102.5,151.77,102.5,151.77,150.71,133.76,150.71
129.76,103.21,147.64,103.21,147.64,151.08,129.76,151.08
127.7,102.03,145.57,102.03,145.57,149.85,127.7,149.85
126.01,102.46,143.83,102.46,143.83,150.15,126.01,150.15
131.73,92.165,149.47,92.165,149.47,139.64,131.73,139.64
131.41,93.458,149.16,93.458,149.16,140.97,131.41,140.97
131.33,94.862,149.24,94.862,149.24,142.79,131.33,142.79
133.44,95.706,151.4,95.706,151.4,143.76,133.44,143.76
134.75,96.548,152.72,96.548,152.72,144.65,134.75,144.65
135.72,96.92,153.62,96.92,153.62,144.83,135.72,144.83
135.83,96.358,153.69,96.358,153.69,144.17,135.83,144.17
135.93,96.663,153.77,96.663,153.77,144.41,135.93,144.41
136.08,97.733,153.83,97.733,153.83,145.25,136.08,145.25
137.24,99.398,154.98,99.398,154.98,146.88,137.24,146.88
137.19,101.24,154.7,101.24,154.7,148.11,137.19,148.11
135.49,102,153.04,102,153.04,148.99,135.49,148.99
134.18,101.53,151.91,101.53,151.91,148.97,134.18,148.97
131.41,102.17,149.19,102.17,149.19,149.76,131.41,149.76
125.47,102.02,143.4,102.02,143.4,150.01,125.47,150.01
122.85,105.26,141.12,105.26,141.12,154.18,122.85,154.18
120.48,102.51,138.86,102.51,138.86,151.72,120.48,151.72
118.22,102.46,136.55,102.46,136.55,151.52,118.22,151.52
119.38,101.7,137.71,101.7,137.71,150.76,119.38,150.76
138.25,99.695,156.29,99.695,156.29,147.99,138.25,147.99
138.53,101.29,156.38,101.29,156.38,149.08,138.53,149.08
138.72,102.44,156.52,102.44,156.52,150.06,138.72,150.06
139.96,103.46,157.75,103.46,157.75,151.08,139.96,151.08
142.27,104.11,159.96,104.11,159.96,151.47,142.27,151.47
142.14,105.28,159.76,105.28,159.76,152.45,142.14,152.45
141.14,104.94,158.95,104.94,158.95,152.63,141.14,152.63
142.64,105.7,160.35,105.7,160.35,153.1,142.64,153.1
140.93,108.86,158.61,108.86,158.61,156.16,140.93,156.16
140.49,110.12,158.11,110.12,158.11,157.29,140.49,157.29
139.85,109.95,157.45,109.95,157.45,157.05,139.85,157.05
136.1,110.5,153.66,110.5,153.66,157.48,136.1,157.48
134.45,111.21,151.87,111.21,151.87,157.83,134.45,157.83
131.1,111.31,148.63,111.31,148.63,158.23,131.1,158.23
