168.5,179,205.5,179,205.5,234.5,168.5,234.5
173.95,178.95,210.57,178.95,210.57,233.88,173.95,233.88
185.73,177.63,222.89,177.63,222.89,233.37,185.73,233.37
191.3,178.38,227.43,178.38,227.43,232.58,191.3,232.58
195.18,177.17,231.55,177.17,231.55,231.72,195.18,231.72
199.16,177.65,235.69,177.65,235.69,232.45,199.16,232.45
203.34,176.29,239.77,176.29,239.77,230.92,203.34,230.92
204.1,176.79,241.31,176.79,241.31,232.61,204.1,232.61
208.54,173.72,245.8,173.72,245.8,229.61,208.54,229.61
215.66,175.01,252.5,175.01,252.5,230.28,215.66,230.28
211.82,175.7,248.22,175.7,248.22,230.3,211.82,230.3
214.68,175.43,250.96,175.43,250.96,229.85,214.68,229.85
220.26,173.63,255.82,173.63,255.82,226.97,220.26,226.97
218.53,174.7,253.9,174.7,253.9,227.76,218.53,227.76
219.21,174.74,254.27,174.74,254.27,227.33,219.21,227.33
222.34,172.84,257.64,172.84,257.64,225.78,222.34,225.78
221.29,175.8,256.22,175.8,256.22,228.2,221.29,228.2
220.59,174.58,255.4,174.58,255.4,226.8,220.59,226.8
224.83,173.96,259.16,173.96,259.16,225.45,224.83,225.45
224.74,172.83,258.88,172.83,258.88,224.04,224.74,224.04
225.37,174.1,259.81,174.1,259.81,225.77,225.37,225.77
225.83,173.31,260.06,173.31,260.06,224.67,225.83,224.67
226.03,172.91,260.26,172.91,260.26,224.26,226.03,224.26
225.91,172.78,260.29,172.78,260.29,224.35,225.91,224.35
226.46,173.37,260.68,173.37,260.68,224.7,226.46,224.7
226.12,172.58,259.84,172.58,259.84,223.17,226.12,223.17
225.37,173.72,259.28,173.72,259.28,224.58,225.37,224.58
225.26,172.23,259.12,172.23,259.12,223.01,225.26,223.01
225.25,173.32,258.71,173.32,258.71,223.5,225.25,223.5
223.73,173.54,257.04,173.54,257.04,223.52,223.73,223.52
224.16,174.3,257.23,174.3,257.23,223.91,224.16,223.91
223.58,173.73,256.14,173.73,256.14,222.57,223.58,222.57
223.15,174.97,255.7,174.97,255.7,223.8,223.15,223.8
222.39,174.33,254.86,174.33,254.86,223.03,222.39,223.03
221.52,174.64,254,174.64,254,223.35,221.52,223.35
220.34,174.22,252.71,174.22,252.71,222.77,220.34,222.77
219.09,173.97,251.52,173.97,251.52,222.61,219.09,222.61
217.65,174.84,249.67,174.84,249.67,222.87,217.65,222.87
217.06,174.76,248.6,174.76,248.6,222.07,217.06,222.07
215.84,174.25,247.11,174.25,247.11,221.16,215.84,221.16
209.54,178.17,240.35,178.17,240.35,224.39,209.54,224.39
214.54,175.42,244.98,175.42,244.98,221.08,214.54,221.08
214.1,175.13,244.54,175.13,244.54,220.8,214.1,220.8
213.94,175.21,244.39,175.21,244.39,220.88,213.94,220.88
212.8,175.15,243.33,175.15,243.33,220.94,212.8,220.94
212.55,174.8,242.8,174.8,242.8,220.19,212.55,220.19
211.63,174.36,241.61,174.36,241.61,219.34,211.63,219.34
212.03,174.63,241.48,174.63,241.48,218.8,212.03,218.8
211.81,174.27,240.98,174.27,240.98,218.03,211.81,218.03
210.94,175.24,239.8,175.24,239.8,218.52,210.94,218.52
211.47,175.97,239.96,175.97,239.96,218.71,211.47,218.71
211.32,175.32,239.74,175.32,239.74,217.96,211.32,217.96
211.01,174.82,239.35,174.82,239.35,217.34,211.01,217.34
210.78,174.6,238.96,174.6,238.96,216.85,210.78,216.85
211.31,175.37,239.47,175.37,239.47,217.6,211.31,217.6
211.5,175.39,239.59,175.39,239.59,217.54,211.5,217.54
211.86,174.88,239.91,174.88,239.91,216.95,211.86,216.95
212.33,175.02,240.38,175.02,240.38,217.1,212.33,217.1
212.55,175.29,240.49,175.29,240.49,217.2,212.55,217.2
212.09,174.44,239.95,174.44,239.95,216.22,212.09,216.22
212.87,174.66,240.59,174.66,240.59,216.25,212.87,216.25
213.77,175.37,241.45,175.37,241.45,216.89,213.77,216.89
214.2,175.25,241.63,175.25,241.63,216.39,214.2,216.39
214.68,174.75,241.97,174.75,241.97,215.68,214.68,215.68
215.65,174.72,242.84,174.72,242.84,215.51,215.65,215.51
215.4,173.92,242.5,173.92,242.5,214.58,215.4,214.58
216.27,174.55,243.14,174.55,243.14,214.86,216.27,214.86
218.33,175.01,245.05,175.01,245.05,215.1,218.33,215.1
218.59,174.94,245,174.94,245,214.56,218.59,214.56
218.94,175.18,245.23,175.18,245.23,214.63,218.94,214.63
219.39,175.24,245.54,175.24,245.54,214.46,219.39,214.46
220.92,176,246.9,176,246.9,214.96,220.92,214.96
220.41,175.84,246.34,175.84,246.34,214.72,220.41,214.72
221,174.95,246.88,174.95,246.88,213.77,221,213.77
221.64,174.95,247.65,174.95,247.65,213.98,221.64,213.98
222.13,175.05,248.01,175.05,248.01,213.87,222.13,213.87
223.33,174.2,249.16,174.2,249.16,212.95,223.33,212.95
223.79,174.6,249.7,174.6,249.7,213.46,223.79,213.46
223.22,174.64,249.09,174.64,249.09,213.45,223.22,213.45
224.06,175.61,249.73,175.61,249.73,214.12,224.06,214.12
223.78,174.56,249.12,174.56,249.12,212.57,223.78,212.57
225.32,175.2,250.55,175.2,250.55,213.05,225.32,213.05
225.1,175.2,250,175.2,250,212.56,225.1,212.56
225.78,175.26,250.63,175.26,250.63,212.54,225.78,212.54
225.74,174.84,250.41,174.84,250.41,211.85,225.74,211.85
226.48,175.41,250.92,175.41,250.92,212.07,226.48,212.07
226.23,175.32,250.63,175.32,250.63,211.91,226.23,211.91
226.74,174.76,251.02,174.76,251.02,211.17,226.74,211.17
227.29,175.47,251.5,175.47,251.5,211.8,227.29,211.8
227.35,175.72,251.44,175.72,251.44,211.85,227.35,211.85
227.61,175.18,251.58,175.18,251.58,211.14,227.61,211.14
227.63,174.94,251.74,174.94,251.74,211.11,227.63,211.11
228.47,175.35,252.45,175.35,252.45,211.32,228.47,211.32
228.68,174.85,252.57,174.85,252.57,210.7,228.68,210.7
229.43,175.55,253.23,175.55,253.23,211.26,229.43,211.26
229.83,175.55,253.63,175.55,253.63,211.25,229.83,211.25
230.46,175.67,254.27,175.67,254.27,211.38,230.46,211.38
230.77,175.75,254.45,175.75,254.45,211.27,230.77,211.27
231.03,175,254.61,175,254.61,210.36,231.03,210.36
231.45,175.16,254.9,175.16,254.9,210.34,231.45,210.34
232.08,175.73,255.57,175.73,255.57,210.96,232.08,210.96
232.51,175.34,255.98,175.34,255.98,210.54,232.51,210.54
233.21,175.04,256.54,175.04,256.54,210.04,233.21,210.04
234.2,175.44,257.51,175.44,257.51,210.4,234.2,210.4
234.56,174.59,257.78,174.59,257.78,209.42,234.56,209.42
235.14,174.83,258.13,174.83,258.13,209.31,235.14,209.31
236.3,175.07,259.28,175.07,259.28,209.54,236.3,209.54
236.76,175.55,259.59,175.55,259.59,209.79,236.76,209.79
236.79,174.67,259.49,174.67,259.49,208.72,236.79,208.72
238.04,175.45,260.66,175.45,260.66,209.39,238.04,209.39
238.65,175.39,261.16,175.39,261.16,209.15,238.65,209.15
238.75,175.31,261,175.31,261,208.69,238.75,208.69
239.99,175.58,262.15,175.58,262.15,208.81,239.99,208.81
240.43,175.72,262.53,175.72,262.53,208.87,240.43,208.87
240.23,174.93,262.17,174.93,262.17,207.83,240.23,207.83
240.98,175.95,262.8,175.95,262.8,208.68,240.98,208.68
241.24,175.92,263.01,175.92,263.01,208.57,241.24,208.57
241.74,175.88,263.43,175.88,263.43,208.42,241.74,208.42
241.98,175.47,263.55,175.47,263.55,207.82,241.98,207.82
242.28,175.56,263.73,175.56,263.73,207.73,242.28,207.73
243.29,175.93,264.52,175.93,264.52,207.77,243.29,207.77
243.36,175.72,264.43,175.72,264.43,207.32,243.36,207.32
244.68,175.94,265.65,175.94,265.65,207.38,244.68,207.38
245.13,176.07,266.04,176.07,266.04,207.45,245.13,207.45
245.22,175.94,265.97,175.94,265.97,207.07,245.22,207.07
246.1,176.38,266.87,176.38,266.87,207.54,246.1,207.54
245.49,176.47,266.15,176.47,266.15,207.46,245.49,207.46
246.7,176.55,267.22,176.55,267.22,207.33,246.7,207.33
246.26,175.99,266.7,175.99,266.7,206.66,246.26,206.66
246.65,175.91,267.03,175.91,267.03,206.47,246.65,206.47
