347.5,167,359.5,167,359.5,197.5,347.5,197.5
345.57,166.34,357.6,166.34,357.6,196.93,345.57,196.93
342.98,164.47,355.12,164.47,355.12,195.32,342.98,195.32
341.28,163.69,353.62,163.69,353.62,195.06,341.28,195.06
338.82,161.75,351.05,161.75,351.05,192.86,338.82,192.86
336.89,161.2,349.15,161.2,349.15,192.36,336.89,192.36
335,160.33,347.24,160.33,347.24,191.44,335,191.44
332.76,159,345.03,159,345.03,190.19,332.76,190.19
329.86,157.19,342,157.19,342,188.03,329.86,188.03
327.77,157.01,339.77,157.01,339.77,187.5,327.77,187.5
325.03,155.07,337.02,155.07,337.02,185.56,325.03,185.56
323.23,154.14,335.24,154.14,335.24,184.66,323.23,184.66
320.85,152.35,332.73,152.35,332.73,182.57,320.85,182.57
319.63,152.52,331.33,152.52,331.33,182.25,319.63,182.25
317.26,151.7,328.53,151.7,328.53,180.34,317.26,180.34
317,151.13,328.45,151.13,328.45,180.23,317,180.23
314.26,148.33,325.98,148.33,325.98,178.12,314.26,178.12
312.19,147.58,323.98,147.58,323.98,177.55,312.19,177.55
310.45,146.08,322.3,146.08,322.3,176.18,310.45,176.18
310.1,146.18,321.95,146.18,321.95,176.29,310.1,176.29
308.2,144.54,320.12,144.54,320.12,174.85,308.2,174.85
306.37,143.84,318.25,143.84,318.25,174.01,306.37,174.01
305.08,143.24,316.84,143.24,316.84,173.12,305.08,173.12
302.64,141.54,314.48,141.54,314.48,171.64,302.64,171.64
302.46,140.79,314.33,140.79,314.33,170.98,302.46,170.98
300.52,139.74,312.51,139.74,312.51,170.22,300.52,170.22
298.07,138.01,309.98,138.01,309.98,168.3,298.07,168.3
297.44,137.94,309.32,137.94,309.32,168.14,297.44,168.14
295.91,136.94,307.61,136.94,307.61,166.67,295.91,166.67
293.12,135.87,304.48,135.87,304.48,164.74,293.12,164.74
292.03,135.62,303.42,135.62,303.42,164.59,292.03,164.59
290.45,134.56,301.75,134.56,301.75,163.27,290.45,163.27
288.65,132.89,300.15,132.89,300.15,162.12,288.65,162.12
287.04,131.69,298.61,131.69,298.61,161.1,287.04,161.1
285.24,131.4,296.93,131.4,296.93,161.1,285.24,161.1
283.89,130.4,295.5,130.4,295.5,159.93,283.89,159.93
282.84,130.26,294.37,130.26,294.37,159.55,282.84,159.55
280.44,128.07,291.97,128.07,291.97,157.38,280.44,157.38
278.38,127.08,289.85,127.08,289.85,156.25,278.38,156.25
277.48,126.49,288.96,126.49,288.96,155.67,277.48,155.67
275.9,125.75,287.41,125.75,287.41,155,275.9,155
273.84,124.56,285.26,124.56,285.26,153.57,273.84,153.57
272.49,124.22,283.99,124.22,283.99,153.43,272.49,153.43
271.01,122.92,282.45,122.92,282.45,152,271.01,152
269.56,122.02,281.02,122.02,281.02,151.15,269.56,151.15
268.48,120.91,279.96,120.91,279.96,150.08,268.48,150.08
266.36,120.53,277.81,120.53,277.81,149.65,266.36,149.65
264.65,119.69,275.92,119.69,275.92,148.34,264.65,148.34
263.47,118.47,274.77,118.47,274.77,147.19,263.47,147.19
262.23,118.08,273.55,118.08,273.55,146.85,262.23,146.85
260.62,117.72,271.95,117.72,271.95,146.5,260.62,146.5
259.09,116.47,270.53,116.47,270.53,145.56,259.09,145.56
256.89,115.28,268.29,115.28,268.29,144.25,256.89,144.25
255.8,114.7,267.28,114.7,267.28,143.89,255.8,143.89
253.9,113.87,265.36,113.87,265.36,143,253.9,143
252.77,112.73,264.29,112.73,264.29,142,252.77,142
251.44,111.68,263,111.68,263,141.08,251.44,141.08
251.18,111.6,262.62,111.6,262.62,140.69,251.18,140.69
249.2,110.25,260.73,110.25,260.73,139.54,249.2,139.54
248.48,109.66,260.03,109.66,260.03,139.03,248.48,139.03
248.01,109.66,259.56,109.66,259.56,139.02,248.01,139.02
246.97,108.22,258.44,108.22,258.44,137.38,246.97,137.38
245.16,107.66,256.6,107.66,256.6,136.74,245.16,136.74
243.98,106.92,255.36,106.92,255.36,135.83,243.98,135.83
243.39,106.53,254.78,106.53,254.78,135.48,243.39,135.48
242.53,105.62,253.81,105.62,253.81,134.28,242.53,134.28
241.14,105.24,252.43,105.24,252.43,133.93,241.14,133.93
240.16,104.56,251.47,104.56,251.47,133.29,240.16,133.29
239.64,104.17,250.97,104.17,250.97,132.98,239.64,132.98
238.72,102.92,250,102.92,250,131.58,238.72,131.58
237.27,102.57,248.58,102.57,248.58,131.32,237.27,131.32
236.44,102.04,247.71,102.04,247.71,130.68,236.44,130.68
235.41,101.41,246.67,101.41,246.67,130.03,235.41,130.03
234.03,100.07,245.4,100.07,245.4,128.96,234.03,128.96
232.77,99.615,244.14,99.615,244.14,128.52,232.77,128.52
231.88,98.42,243.26,98.42,243.26,127.35,231.88,127.35
235.51,104.46,246.89,104.46,246.89,133.38,235.51,133.38
229.12,97.97,240.43,97.97,240.43,126.73,229.12,126.73
228.51,97.061,239.8,97.061,239.8,125.75,228.51,125.75
227.36,96.845,238.57,96.845,238.57,125.35,227.36,125.35
226.21,95.497,237.39,95.497,237.39,123.9,226.21,123.9
224.79,94.975,235.93,94.975,235.93,123.3,224.79,123.3
223.8,94.28,234.92,94.28,234.92,122.53,223.8,122.53
223.11,94.539,234.21,94.539,234.21,122.74,223.11,122.74
222.27,93.883,233.32,93.883,233.32,121.98,222.27,121.98
221.7,93.622,232.69,93.622,232.69,121.56,221.7,121.56
220.83,92.689,231.77,92.689,231.77,120.49,220.83,120.49
219.22,91.709,230.2,91.709,230.2,119.61,219.22,119.61
219.13,91.222,230.18,91.222,230.18,119.31,219.13,119.31
218.69,90.889,229.68,90.889,229.68,118.83,218.69,118.83
217.51,89.847,228.5,89.847,228.5,117.77,217.51,117.77
215.93,89.268,226.93,89.268,226.93,117.22,215.93,117.22
215,88.995,225.91,88.995,225.91,116.72,215,116.72
213.23,87.824,224.16,87.824,224.16,115.61,213.23,115.61
212.23,86.699,223.16,86.699,223.16,114.49,212.23,114.49
211.01,86.613,221.83,86.613,221.83,114.11,211.01,114.11
210.35,86.465,221.19,86.465,221.19,114.03,210.35,114.03
209.45,85.664,220.27,85.664,220.27,113.17,209.45,113.17
208.78,85.249,219.56,85.249,219.56,112.64,208.78,112.64
207.56,85.148,218.34,85.148,218.34,112.54,207.56,112.54
206.48,84.282,217.34,84.282,217.34,111.87,206.48,111.87
205.44,83.72,216.26,83.72,216.26,111.21,205.44,111.21
205.18,83.091,215.97,83.091,215.97,110.51,205.18,110.51
204.13,82.916,214.82,82.916,214.82,110.08,204.13,110.08
202.87,82.079,213.65,82.079,213.65,109.47,202.87,109.47
201.84,81.853,212.7,81.853,212.7,109.46,201.84,109.46
200.32,80.233,211.2,80.233,211.2,107.89,200.32,107.89
198.77,80.004,209.6,80.004,209.6,107.53,198.77,107.53
197.96,79.304,208.75,79.304,208.75,106.73,197.96,106.73
197.75,79.53,208.53,79.53,208.53,106.93,197.75,106.93
196.66,78.531,207.39,78.531,207.39,105.79,196.66,105.79
196,78.672,206.7,78.672,206.7,105.88,196,105.88
194.84,77.957,205.53,77.957,205.53,105.12,194.84,105.12
194.08,77.554,204.73,77.554,204.73,104.62,194.08,104.62
192.96,76.428,203.64,76.428,203.64,103.58,192.96,103.58
191.82,76.353,202.49,76.353,202.49,103.47,191.82,103.47
190.86,75.579,201.57,75.579,201.57,102.8,190.86,102.8
190.57,75.627,201.33,75.627,201.33,102.97,190.57,102.97
189.57,75.106,200.3,75.106,200.3,102.38,189.57,102.38
188.61,74.765,199.34,74.765,199.34,102.05,188.61,102.05
188.05,74.382,198.77,74.382,198.77,101.63,188.05,101.63
187.44,73.942,198.12,73.942,198.12,101.08,187.44,101.08
186.32,72.614,196.94,72.614,196.94,99.621,186.32,99.621
185.83,72.589,196.44,72.589,196.44,99.576,185.83,99.576
185.14,72.047,195.71,72.047,195.71,98.934,185.14,98.934
184.38,71.565,194.99,71.565,194.99,98.527,184.38,98.527
184.11,71.253,194.67,71.253,194.67,98.106,184.11,98.106
183.25,70.358,193.86,70.358,193.86,97.33,183.25,97.33
182.41,70.036,192.99,70.036,192.99,96.919,182.41,96.919
181.94,69.817,192.52,69.817,192.52,96.695,181.94,96.695
181.4,69.393,192,69.393,192,96.327,181.4,96.327
180.86,69.001,191.4,69.001,191.4,95.805,180.86,95.805
179.72,68.151,190.36,68.151,190.36,95.192,179.72,95.192
179.13,67.681,189.77,67.681,189.77,94.731,179.13,94.731
178.24,67.114,188.88,67.114,188.88,94.155,178.24,94.155
177.77,66.658,188.41,66.658,188.41,93.701,177.77,93.701
176.77,66.312,187.45,66.312,187.45,93.464,176.77,93.464
175.98,65.787,186.64,65.787,186.64,92.889,175.98,92.889
175.22,65.142,185.98,65.142,185.98,92.493,175.22,92.493
174.93,65.099,185.71,65.099,185.71,92.517,174.93,92.517
174.29,64.642,185.1,64.642,185.1,92.1,174.29,92.1
173.81,64.344,184.63,64.344,184.63,91.837,173.81,91.837
173.18,64.006,184.04,64.006,184.04,91.612,173.18,91.612
171.95,62.576,182.84,62.576,182.84,90.232,171.95,90.232
171.5,62.393,182.45,62.393,182.45,90.24,171.5,90.24
171.07,61.889,182.05,61.889,182.05,89.781,171.07,89.781
170.82,61.821,181.79,61.821,181.79,89.692,170.82,89.692
170.06,60.47,181.05,60.47,181.05,88.404,170.06,88.404
169.52,60.876,180.54,60.876,180.54,88.887,169.52,88.887
168.95,60.324,179.91,60.324,179.91,88.179,168.95,88.179
167.78,59.787,178.71,59.787,178.71,87.56,167.78,87.56
166.85,58.705,177.8,58.705,177.8,86.535,166.85,86.535
165.67,58.616,176.58,58.616,176.58,86.337,165.67,86.337
165.17,58.077,176.17,58.077,176.17,86.055,165.17,86.055
164.94,58.391,175.9,58.391,175.9,86.25,164.94,86.25
163.57,56.805,174.57,56.805,174.57,84.75,163.57,84.75
163.46,57.239,174.49,57.239,174.49,85.265,163.46,85.265
162.7,56.948,173.62,56.948,173.62,84.712,162.7,84.712
161.09,55.971,172.08,55.971,172.08,83.907,161.09,83.907
161.08,55.969,172.08,55.969,172.08,83.914,161.08,83.914
159.93,55.635,170.88,55.635,170.88,83.469,159.93,83.469
158.9,54.735,169.87,54.735,169.87,82.593,158.9,82.593
158.2,54.556,169.23,54.556,169.23,82.599,158.2,82.599
157.95,54.157,168.84,54.157,168.84,81.819,157.95,81.819
157.01,53.735,167.86,53.735,167.86,81.325,157.01,81.325
156.27,53.534,167.16,53.534,167.16,81.205,156.27,81.205
155.66,53.387,166.56,53.387,166.56,81.1,155.66,81.1
