367,212,383,212,383,245.5,367,245.5
362.36,208.79,378.3,208.79,378.3,242.16,362.36,242.16
359.88,207.65,375.61,207.65,375.61,240.58,359.88,240.58
354.57,203.51,370.43,203.51,370.43,236.72,354.57,236.72
352.23,201.99,368.4,201.99,368.4,235.85,352.23,235.85
350.24,200.76,366.21,200.76,366.21,234.2,350.24,234.2
346.44,198.36,362.17,198.36,362.17,231.29,346.44,231.29
344.14,196.97,359.53,196.97,359.53,229.19,344.14,229.19
342.72,195.93,358.36,195.93,358.36,228.68,342.72,228.68
339.06,192.99,354.47,192.99,354.47,225.25,339.06,225.25
336.34,191.26,351.52,191.26,351.52,223.04,336.34,223.04
334.83,190.3,349.84,190.3,349.84,221.72,334.83,221.72
331.77,187.63,346.71,187.63,346.71,218.91,331.77,218.91
329.89,186.68,344.73,186.68,344.73,217.76,329.89,217.76
327.98,185.39,342.68,185.39,342.68,216.17,327.98,216.17
324.42,182.44,338.96,182.44,338.96,212.86,324.42,212.86
322.61,181.29,336.94,181.29,336.94,211.31,322.61,211.31
321.16,180.79,335.5,180.79,335.5,210.81,321.16,210.81
319.57,179.41,333.82,179.41,333.82,209.24,319.57,209.24
315.51,176.07,329.77,176.07,329.77,205.93,315.51,205.93
313.69,175.3,327.85,175.3,327.85,204.97,313.69,204.97
310.34,172.96,324.51,172.96,324.51,202.62,310.34,202.62
308.53,171.8,322.63,171.8,322.63,201.32,308.53,201.32
307.78,171.17,321.72,171.17,321.72,200.36,307.78,200.36
304.09,168.2,318.02,168.2,318.02,197.38,304.09,197.38
302.21,167.31,316.11,167.31,316.11,196.4,302.21,196.4
300.76,166.39,314.63,166.39,314.63,195.44,300.76,195.44
297.62,163.77,311.48,163.77,311.48,192.8,297.62,192.8
296.27,162.88,310.18,162.88,310.18,192.01,296.27,192.01
294.63,162.09,308.38,162.09,308.38,190.86,294.63,190.86
292.05,160.06,305.78,160.06,305.78,188.82,292.05,188.82
290.83,159.34,304.58,159.34,304.58,188.14,290.83,188.14
289.11,158.15,302.69,158.15,302.69,186.57,289.11,186.57
285.73,155.04,299.36,155.04,299.36,183.58,285.73,183.58
284.23,154.4,297.97,154.4,297.97,183.17,284.23,183.17
283.14,153.92,296.8,153.92,296.8,182.54,283.14,182.54
281.08,152.55,294.63,152.55,294.63,180.9,281.08,180.9
278.4,150.42,291.99,150.42,291.99,178.89,278.4,178.89
276.98,149.64,290.54,149.64,290.54,178.04,276.98,178.04
275.25,148.6,288.82,148.6,288.82,177.03,275.25,177.03
272.55,146.51,286.1,146.51,286.1,174.89,272.55,174.89
270.53,145.64,283.97,145.64,283.97,173.79,270.53,173.79
269.81,145.19,283.34,145.19,283.34,173.53,269.81,173.53
265.91,142.91,279.41,142.91,279.41,171.18,265.91,171.18
264.19,142.34,277.71,142.34,277.71,170.65,264.19,170.65
262.77,141.22,276.22,141.22,276.22,169.38,262.77,169.38
259.38,139.77,272.86,139.77,272.86,168,259.38,168
258.45,139.13,271.89,139.13,271.89,167.27,258.45,167.27
256.06,137.8,269.56,137.8,269.56,166.06,256.06,166.06
252.94,135.58,266.63,135.58,266.63,164.25,252.94,164.25
251.07,134.81,264.69,134.81,264.69,163.32,251.07,163.32
249.19,133.61,262.8,133.61,262.8,162.09,249.19,162.09
247.57,132.69,261.1,132.69,261.1,161.02,247.57,161.02
244.92,131.38,258.45,131.38,258.45,159.71,244.92,159.71
243.27,130.28,256.78,130.28,256.78,158.56,243.27,158.56
241.07,129.11,254.62,129.11,254.62,157.47,241.07,157.47
239.13,127.95,252.6,127.95,252.6,156.16,239.13,156.16
238.66,127.49,252.2,127.49,252.2,155.86,238.66,155.86
236.6,126.26,250.14,126.26,250.14,154.6,236.6,154.6
234.55,124.82,248.03,124.82,248.03,153.06,234.55,153.06
233.71,124.49,247.18,124.49,247.18,152.69,233.71,152.69
230.9,123.09,244.43,123.09,244.43,151.42,230.9,151.42
229.63,122.26,243.08,122.26,243.08,150.42,229.63,150.42
228.8,121.59,242.31,121.59,242.31,149.87,228.8,149.87
226.89,120.67,240.35,120.67,240.35,148.84,226.89,148.84
225.6,119.64,239.19,119.64,239.19,148.11,225.6,148.11
223.43,118.39,237.01,118.39,237.01,146.84,223.43,146.84
221.87,116.74,235.52,116.74,235.52,145.31,221.87,145.31
220.04,115.76,233.67,115.76,233.67,144.3,220.04,144.3
218.67,115.02,232.35,115.02,232.35,143.65,218.67,143.65
216.9,113.95,230.53,113.95,230.53,142.47,216.9,142.47
215.25,113.16,228.91,113.16,228.91,141.75,215.25,141.75
214.13,112.17,227.78,112.17,227.78,140.74,214.13,140.74
213.46,110.96,227.11,110.96,227.11,139.54,213.46,139.54
211.4,110,224.96,110,224.96,138.39,211.4,138.39
210.43,109.32,223.88,109.32,223.88,137.48,210.43,137.48
209.59,108.69,223.1,108.69,223.1,136.96,209.59,136.96
209.19,108.22,222.59,108.22,222.59,136.3,209.19,136.3
208.66,107.61,222,107.61,222,135.53,208.66,135.53
207.85,106.56,221.19,106.56,221.19,134.48,207.85,134.48
206.81,105.73,220.17,105.73,220.17,133.69,206.81,133.69
206.92,105.38,220.25,105.38,220.25,133.29,206.92,133.29
205.92,104.8,219.13,104.8,219.13,132.45,205.92,132.45
205.67,102.95,218.86,102.95,218.86,130.56,205.67,130.56
205.16,102.62,218.27,102.62,218.27,130.07,205.16,130.07
204.75,102.03,217.79,102.03,217.79,129.33,204.75,129.33
203.15,101.5,216.16,101.5,216.16,128.74,203.15,128.74
201.84,100.79,214.81,100.79,214.81,127.94,201.84,127.94
201.27,99.955,214.22,99.955,214.22,127.07,201.27,127.07
200.01,98.787,212.93,98.787,212.93,125.85,200.01,125.85
199.17,97.801,212.03,97.801,212.03,124.72,199.17,124.72
198.75,98.272,211.56,98.272,211.56,125.1,198.75,125.1
197.25,97.145,209.97,97.145,209.97,123.78,197.25,123.78
195.95,96.173,208.58,96.173,208.58,122.62,195.95,122.62
195.41,95.433,207.87,95.433,207.87,121.51,195.41,121.51
193.9,95.659,206.16,95.659,206.16,121.34,193.9,121.34
192.57,94.516,204.63,94.516,204.63,119.77,192.57,119.77
191.86,94.167,203.72,94.167,203.72,118.98,191.86,118.98
190.39,93.977,202.14,93.977,202.14,118.56,190.39,118.56
189.41,92.82,200.98,92.82,200.98,117.06,189.41,117.06
189.01,92.985,200.45,92.985,200.45,116.94,189.01,116.94
187.06,91.573,198.48,91.573,198.48,115.49,187.06,115.49
186.34,91.275,197.73,91.275,197.73,115.11,186.34,115.11
185.4,90.634,196.81,90.634,196.81,114.54,185.4,114.54
184.33,89.437,195.73,89.437,195.73,113.32,184.33,113.32
183.88,89.012,195.18,89.012,195.18,112.68,183.88,112.68
183.34,88.749,194.61,88.749,194.61,112.35,183.34,112.35
183.09,88.358,194.33,88.358,194.33,111.9,183.09,111.9
182.59,88.243,193.82,88.243,193.82,111.77,182.59,111.77
182.16,87.748,193.36,87.748,193.36,111.19,182.16,111.19
