248.5,221,297,221,297,257.5,248.5,257.5
244.89,217.98,293.48,217.98,293.48,254.55,244.89,254.55
245.06,217.97,293.56,217.97,293.56,254.47,245.06,254.47
245.09,217.99,293.66,217.99,293.66,254.54,245.09,254.54
242.16,215.29,290.18,215.29,290.18,251.43,242.16,251.43
242.37,215.66,289.61,215.66,289.61,251.21,242.37,251.21
239.92,212.96,286.39,212.96,286.39,247.93,239.92,247.93
239.75,212.96,286.35,212.96,286.35,248.04,239.75,248.04
236.51,210.27,283.42,210.27,283.42,245.58,236.51,245.58
236.38,209.87,283.14,209.87,283.14,245.06,236.38,245.06
233.09,206.37,279.44,206.37,279.44,241.25,233.09,241.25
233.36,206.88,279.12,206.88,279.12,241.32,233.36,241.32
229.87,204.09,275.01,204.09,275.01,238.07,229.87,238.07
229.94,204.19,275.04,204.19,275.04,238.12,229.94,238.12
227.36,201.59,271.75,201.59,271.75,235,227.36,235
227.97,202.03,272.26,202.03,272.26,235.36,227.97,235.36
225.17,199.19,268.86,199.19,268.86,232.07,225.17,232.07
225.38,199.52,268.68,199.52,268.68,232.11,225.38,232.11
225.61,199.63,268.9,199.63,268.9,232.21,225.61,232.21
222.24,196.71,265.6,196.71,265.6,229.35,222.24,229.35
221.99,196.4,265.11,196.4,265.11,228.85,221.99,228.85
219.36,194.05,262.48,194.05,262.48,226.5,219.36,226.5
219.55,194.28,262.51,194.28,262.51,226.62,219.55,226.62
214.43,189.86,256.98,189.86,256.98,221.88,214.43,221.88
214.92,190.51,257.4,190.51,257.4,222.47,214.92,222.47
211.56,186.89,253.96,186.89,253.96,218.8,211.56,218.8
208.52,183.91,251.21,183.91,251.21,216.04,208.52,216.04
209.29,184.84,251.27,184.84,251.27,216.44,209.29,216.44
209.76,185.02,251.36,185.02,251.36,216.33,209.76,216.33
206.76,182.43,248.12,182.43,248.12,213.56,206.76,213.56
206.61,182.11,247.72,182.11,247.72,213.04,206.61,213.04
203.99,179.92,245.21,179.92,245.21,210.95,203.99,210.95
203.85,179.56,244.52,179.56,244.52,210.17,203.85,210.17
200.53,176.86,241.36,176.86,241.36,207.59,200.53,207.59
200.19,176.98,241.4,176.98,241.4,207.99,200.19,207.99
198.01,175.13,238.74,175.13,238.74,205.79,198.01,205.79
198.3,174.99,238.66,174.99,238.66,205.36,198.3,205.36
196.76,173.26,236.26,173.26,236.26,202.98,196.76,202.98
197.01,172.99,235.83,172.99,235.83,202.21,197.01,202.21
194.54,170.81,233.07,170.81,233.07,199.8,194.54,199.8
194.31,170.7,232.78,170.7,232.78,199.66,194.31,199.66
191.46,168.52,229.54,168.52,229.54,197.17,191.46,197.17
191.98,169.15,229.9,169.15,229.9,197.69,191.98,197.69
189.43,166.88,226.78,166.88,226.78,194.99,189.43,194.99
189.56,167.05,226.65,167.05,226.65,194.96,189.56,194.96
187.38,165.25,224.52,165.25,224.52,193.2,187.38,193.2
187.41,165.17,224.58,165.17,224.58,193.15,187.41,193.15
184.84,163.1,222.14,163.1,222.14,191.17,184.84,191.17
184.62,162.9,221.68,162.9,221.68,190.79,184.62,190.79
182.34,161.07,218.96,161.07,218.96,188.62,182.34,188.62
182.63,160.91,219.12,160.91,219.12,188.38,182.63,188.38
182.68,160.95,219.07,160.95,219.07,188.34,182.68,188.34
180.29,159.33,216.01,159.33,216.01,186.21,180.29,186.21
180.31,158.75,215.46,158.75,215.46,185.21,180.31,185.21
177.01,155.68,211.72,155.68,211.72,181.8,177.01,181.8
177.41,156.35,212.06,156.35,212.06,182.43,177.41,182.43
174.53,153.65,209.2,153.65,209.2,179.74,174.53,179.74
174.76,153.76,209.27,153.76,209.27,179.73,174.76,179.73
172.31,151.73,206.56,151.73,206.56,177.5,172.31,177.5
172.84,152.39,207.1,152.39,207.1,178.18,172.84,178.18
170.47,150.37,204.42,150.37,204.42,175.93,170.47,175.93
170.16,149.94,203.93,149.94,203.93,175.36,170.16,175.36
168.49,148.55,201.95,148.55,201.95,173.73,168.49,173.73
168.18,147.9,201.39,147.9,201.39,172.89,168.18,172.89
166.61,146.71,199.74,146.71,199.74,171.65,166.61,171.65
166.6,146.7,199.81,146.7,199.81,171.69,166.6,171.69
163.92,144.61,197.22,144.61,197.22,169.67,163.92,169.67
164.26,144.71,197.49,144.71,197.49,169.72,164.26,169.72
162.39,142.81,195.24,142.81,195.24,167.53,162.39,167.53
162.14,142.52,194.83,142.52,194.83,167.13,162.14,167.13
160.58,141,193.02,141,193.02,165.42,160.58,165.42
160.29,140.81,192.39,140.81,192.39,164.96,160.29,164.96
158.3,139.47,190.13,139.47,190.13,163.43,158.3,163.43
157.95,139.07,189.8,139.07,189.8,163.04,157.95,163.04
155.85,137.07,187.86,137.07,187.86,161.15,155.85,161.15
156.51,137.8,188.22,137.8,188.22,161.66,156.51,161.66
153.79,135.66,185.41,135.66,185.41,159.46,153.79,159.46
154.53,136.21,185.92,136.21,185.92,159.84,154.53,159.84
152.52,134.52,183.72,134.52,183.72,158.01,152.52,158.01
152.18,134.2,183.35,134.2,183.35,157.66,152.18,157.66
150.38,132.43,181.52,132.43,181.52,155.86,150.38,155.86
150.41,132.53,181.53,132.53,181.53,155.94,150.41,155.94
150.44,132.52,181.54,132.52,181.54,155.92,150.44,155.92
148.71,130.89,179.44,130.89,179.44,154.02,148.71,154.02
148.9,131.07,179.44,131.07,179.44,154.05,148.9,154.05
146.66,129.38,177.2,129.38,177.2,152.36,146.66,152.36
144.91,127.84,175.17,127.84,175.17,150.62,144.91,150.62
145.49,128.41,175.61,128.41,175.61,151.08,145.49,151.08
143.25,126.5,173.17,126.5,173.17,149.01,143.25,149.01
143.73,127,173.61,127,173.61,149.49,143.73,149.49
143.8,126.96,173.66,126.96,173.66,149.43,143.8,149.43
141.31,124.79,170.84,124.79,170.84,147.01,141.31,147.01
141,124.36,170.32,124.36,170.32,146.43,141,146.43
141.01,124.16,170.25,124.16,170.25,146.17,141.01,146.17
141.09,124.21,170.23,124.21,170.23,146.13,141.09,146.13
137.94,121.63,166.79,121.63,166.79,143.35,137.94,143.35
137.7,121.22,166.35,121.22,166.35,142.78,137.7,142.78
136.92,120.34,165.38,120.34,165.38,141.75,136.92,141.75
136.4,119.87,164.84,119.87,164.84,141.27,136.4,141.27
135.08,118.55,163.38,118.55,163.38,139.85,135.08,139.85
135.01,118.63,163.26,118.63,163.26,139.89,135.01,139.89
133.33,117.23,161.46,117.23,161.46,138.39,133.33,138.39
133.47,117.42,161.52,117.42,161.52,138.53,133.47,138.53
131.99,116.04,159.98,116.04,159.98,137.1,131.99,137.1
131.53,115.63,159.46,115.63,159.46,136.66,131.53,136.66
130.21,114.54,157.89,114.54,157.89,135.38,130.21,135.38
130.83,115.26,158.39,115.26,158.39,136,130.83,136
129.53,113.96,157,113.96,157,134.63,129.53,134.63
129.64,113.94,157.02,113.94,157.02,134.54,129.64,134.54
127.58,112.6,154.64,112.6,154.64,132.96,127.58,132.96
128.25,113.26,155.16,113.26,155.16,133.51,128.25,133.51
127,111.69,153.81,111.69,153.81,131.87,127,131.87
126.5,111.25,153.39,111.25,153.39,131.5,126.5,131.5
124.68,109.99,151.42,109.99,151.42,130.12,124.68,130.12
124.76,110.09,151.39,110.09,151.39,130.13,124.76,130.13
123.89,108.9,150.22,108.9,150.22,128.71,123.89,128.71
123.86,108.9,150.12,108.9,150.12,128.66,123.86,128.66
122.44,107.77,148.57,107.77,148.57,127.43,122.44,127.43
122.53,107.98,148.59,107.98,148.59,127.59,122.53,127.59
121.7,107.19,147.66,107.19,147.66,126.72,121.7,126.72
121.64,107.1,147.63,107.1,147.63,126.66,121.64,126.66
120.22,105.86,146.08,105.86,146.08,125.32,120.22,125.32
120.25,105.98,146.06,105.98,146.06,125.4,120.25,125.4
118.69,104.71,144.55,104.71,144.55,124.18,118.69,124.18
118.78,104.78,144.6,104.78,144.6,124.21,118.78,124.21
118.77,104.75,144.68,104.75,144.68,124.25,118.77,124.25
117.51,103.6,143.25,103.6,143.25,122.97,117.51,122.97
117.02,103.06,142.74,103.06,142.74,122.42,117.02,122.42
115.78,102.07,141.45,102.07,141.45,121.39,115.78,121.39
114.71,101.07,140.17,101.07,140.17,120.23,114.71,120.23
115.25,101.54,140.65,101.54,140.65,120.65,115.25,120.65
114.12,100.56,139.24,100.56,139.24,119.46,114.12,119.46
113.86,100.26,138.65,100.26,138.65,118.91,113.86,118.91
113.11,99.509,137.98,99.509,137.98,118.22,113.11,118.22
113.12,99.488,138.01,99.488,138.01,118.22,113.12,118.22
113.1,99.502,137.98,99.502,137.98,118.22,113.1,118.22
111.27,97.985,135.99,97.985,135.99,116.59,111.27,116.59
111.39,98.05,135.95,98.05,135.95,116.53,111.39,116.53
110.09,96.61,134.37,96.61,134.37,114.88,110.09,114.88
110.79,97.293,134.99,97.293,134.99,115.51,110.79,115.51
109.67,96.16,133.67,96.16,133.67,114.23,109.67,114.23
109.1,95.685,132.94,95.685,132.94,113.63,109.1,113.63
108.02,94.862,131.82,94.862,131.82,112.77,108.02,112.77
108.52,95.383,132.43,95.383,132.43,113.38,108.52,113.38
106.85,93.644,130.78,93.644,130.78,111.65,106.85,111.65
106.76,93.663,130.68,93.663,130.68,111.67,106.76,111.67
105.92,92.821,129.72,92.821,129.72,110.74,105.92,110.74
106.42,93.437,130.25,93.437,130.25,111.37,106.42,111.37
105.27,92.334,128.97,92.334,128.97,110.17,105.27,110.17
105.42,92.489,129.04,92.489,129.04,110.26,105.42,110.26
104.14,91.395,127.76,91.395,127.76,109.17,104.14,109.17
104.18,91.439,127.8,91.439,127.8,109.21,104.18,109.21
104.17,91.451,127.78,91.451,127.78,109.22,104.17,109.22
103.14,90.452,126.62,90.452,126.62,108.12,103.14,108.12
102.82,90.079,126.18,90.079,126.18,107.67,102.82,107.67
101.72,89.151,124.96,89.151,124.96,106.65,101.72,106.65
101.7,88.775,124.8,88.775,124.8,106.16,101.7,106.16
101.65,88.871,124.7,88.871,124.7,106.22,101.65,106.22
100.67,87.893,123.69,87.893,123.69,105.22,100.67,105.22
100.71,87.932,123.71,87.932,123.71,105.24,100.71,105.24
99.643,87.013,122.57,87.013,122.57,104.27,99.643,104.27
99.059,86.461,122.1,86.461,122.1,103.8,99.059,103.8
99.606,87.003,122.56,87.003,122.56,104.28,99.606,104.28
98.162,85.633,121.18,85.633,121.18,102.95,98.162,102.95
98.64,86.085,121.51,86.085,121.51,103.29,98.64,103.29
96.903,84.209,119.64,84.209,119.64,101.32,96.903,101.32
95.925,83.297,118.58,83.297,118.58,100.35,95.925,100.35
96.609,83.975,119.19,83.975,119.19,100.97,96.609,100.97
96.499,83.943,119.03,83.943,119.03,100.9,96.499,100.9
95.824,83.109,118.2,83.109,118.2,99.949,95.824,99.949
95.314,82.74,117.59,82.74,117.59,99.504,95.314,99.504
