26,156,60,156,60,236,26,236
26.318,155.06,60.307,155.06,60.307,235.04,26.318,235.04
27.138,153.75,61.211,153.75,61.211,233.92,27.138,233.92
26.988,152.92,60.981,152.92,60.981,232.91,26.988,232.91
28.503,153.44,62.322,153.44,62.322,233.02,28.503,233.02
28.058,153.14,61.942,153.14,61.942,232.86,28.058,232.86
44.034,166.83,78.007,166.83,78.007,246.77,44.034,246.77
44.264,167.05,78.333,167.05,78.333,247.22,44.264,247.22
39.506,142.08,74.089,142.08,74.089,223.45,39.506,223.45
42.398,140.02,77.828,140.02,77.828,223.38,42.398,223.38
44.446,166.24,79.431,166.24,79.431,248.56,44.446,248.56
45.929,165.77,80.715,165.77,80.715,247.61,45.929,247.61
45.709,165.93,81.002,165.93,81.002,248.97,45.709,248.97
45.102,165.82,80.457,165.82,80.457,249.01,45.102,249.01
44.733,165.48,79.692,165.48,79.692,247.74,44.733,247.74
46.305,167.04,81.091,167.04,81.091,248.89,46.305,248.89
44.688,167.13,79.637,167.13,79.637,249.36,44.688,249.36
45.723,166.67,80.941,166.67,80.941,249.54,45.723,249.54
47.588,116.31,82.245,116.31,82.245,197.86,47.588,197.86
49.15,113.72,83.628,113.72,83.628,194.85,49.15,194.85
48.999,112.63,83.94,112.63,83.94,194.84,48.999,194.84
51.15,109.62,86.588,109.62,86.588,193,51.15,193
51.619,108.09,86.981,108.09,86.981,191.29,51.619,191.29
53.787,106.68,89.257,106.68,89.257,190.14,53.787,190.14
54.329,107.39,90.028,107.39,90.028,191.39,54.329,191.39
53.853,105.27,90.346,105.27,90.346,191.14,53.853,191.14
55.348,102.33,91.953,102.33,91.953,188.46,55.348,188.46
56.459,100.25,92.683,100.25,92.683,185.48,56.459,185.48
57.341,97.105,92.897,97.105,92.897,180.77,57.341,180.77
58.216,102.04,93.298,102.04,93.298,184.59,58.216,184.59
58.322,94.666,93.593,94.666,93.593,177.66,58.322,177.66
60.908,93.36,96.375,93.36,96.375,176.81,60.908,176.81
60.114,92.273,95.767,92.273,95.767,176.16,60.114,176.16
59.91,90.719,95.58,90.719,95.58,174.65,59.91,174.65
59.941,89.445,95.731,89.445,95.731,173.66,59.941,173.66
60.189,87.843,96.103,87.843,96.103,172.35,60.189,172.35
59.693,85.788,95.942,85.788,95.942,171.08,59.693,171.08
59.983,80.73,95.754,80.73,95.754,164.9,59.983,164.9
54.959,99.087,91.675,99.087,91.675,185.48,54.959,185.48
58.902,88.767,96.355,88.767,96.355,176.89,58.902,176.89
59.95,74.546,96.39,74.546,96.39,160.29,59.95,160.29
61.049,74.791,96.712,74.791,96.712,158.7,61.049,158.7
62.669,73.335,97.656,73.335,97.656,155.66,62.669,155.66
63.179,73.167,97.584,73.167,97.584,154.12,63.179,154.12
64.066,71.444,98.599,71.444,98.599,152.7,64.066,152.7
64.779,69.548,99.161,69.548,99.161,150.45,64.779,150.45
64.998,67.29,99.249,67.29,99.249,147.88,64.998,147.88
64.224,65.143,98.306,65.143,98.306,145.34,64.224,145.34
64.633,63.409,98.631,63.409,98.631,143.4,64.633,143.4
66.222,62.147,100.01,62.147,100.01,141.64,66.222,141.64
66.495,60.49,100.22,60.49,100.22,139.84,66.495,139.84
65.566,60.358,99.477,60.358,99.477,140.15,65.566,140.15
65.43,59.61,99.441,59.61,99.441,139.64,65.43,139.64
64.71,58.395,98.729,58.395,98.729,138.44,64.71,138.44
64.109,57.557,98.19,57.557,98.19,137.75,64.109,137.75
62.638,54.93,96.714,54.93,96.714,135.11,62.638,135.11
61.214,53.403,95.222,53.403,95.222,133.42,61.214,133.42
60.667,51.507,94.73,51.507,94.73,131.66,60.667,131.66
58.411,50.613,92.385,50.613,92.385,130.55,58.411,130.55
58.444,49.402,92.368,49.402,92.368,129.22,58.444,129.22
57.971,49.154,91.807,49.154,91.807,128.77,57.971,128.77
57.242,45.645,90.37,45.645,90.37,123.59,57.242,123.59
56.356,45.749,89.018,45.749,89.018,122.6,56.356,122.6
53.625,46.337,86.255,46.337,86.255,123.11,53.625,123.11
52.056,44.431,84.47,44.431,84.47,120.7,52.056,120.7
51.906,43.927,84.414,43.927,84.414,120.41,51.906,120.41
50.364,41.449,82.688,41.449,82.688,117.5,50.364,117.5
48.043,40.71,80.354,40.71,80.354,116.74,48.043,116.74
48.178,38.906,80.247,38.906,80.247,114.36,48.178,114.36
47.707,38.314,79.881,38.314,79.881,114.02,47.707,114.02
47.805,37.594,80.028,37.594,80.028,113.41,47.805,113.41
44.725,36.246,76.834,36.246,76.834,111.8,44.725,111.8
45.212,36.309,77.092,36.309,77.092,111.32,45.212,111.32
44.468,36.32,76.18,36.32,76.18,110.94,44.468,110.94
44.122,35.448,76.155,35.448,76.155,110.82,44.122,110.82
37.224,33.131,68.508,33.131,68.508,106.74,37.224,106.74
37.384,33.029,68.331,33.029,68.331,105.85,37.384,105.85
37.446,32.136,68.393,32.136,68.393,104.95,37.446,104.95
36.846,31.266,68.277,31.266,68.277,105.22,36.846,105.22
36.261,29.632,67.639,29.632,67.639,103.46,36.261,103.46
35.344,28.52,66.754,28.52,66.754,102.43,35.344,102.43
34.466,28.065,66.067,28.065,66.067,102.42,34.466,102.42
34.4,27.436,65.959,27.436,65.959,101.69,34.4,101.69
34.709,26.809,66.292,26.809,66.292,101.12,34.709,101.12
35.156,25.956,66.778,25.956,66.778,100.36,35.156,100.36
35.185,23.671,66.479,23.671,66.479,97.305,35.185,97.305
35.3,22.633,66.057,22.633,66.057,95.003,35.3,95.003
37.699,22.198,68.036,22.198,68.036,93.581,37.699,93.581
39.718,22.581,69.555,22.581,69.555,92.786,39.718,92.786
46.97,22.516,76.625,22.516,76.625,92.293,46.97,92.293
42.169,22.482,71.856,22.482,71.856,92.334,42.169,92.334
42.864,21.763,72.256,21.763,72.256,90.92,42.864,90.92
48.424,20.348,76.771,20.348,76.771,87.046,48.424,87.046
44.691,21.847,72.628,21.847,72.628,87.58,44.691,87.58
43.976,21.017,71.663,21.017,71.663,86.164,43.976,86.164
54.009,23.026,82.033,23.026,82.033,88.965,54.009,88.965
53.735,15.703,82.287,15.703,82.287,82.885,53.735,82.885
46.74,18.751,75.047,18.751,75.047,85.357,46.74,85.357
48.079,19.368,76.044,19.368,76.044,85.169,48.079,85.169
48.846,19.805,77.104,19.805,77.104,86.295,48.846,86.295
49.369,20.053,77.804,20.053,77.804,86.959,49.369,86.959
50.444,20.552,79.318,20.552,79.318,88.491,50.444,88.491
50.209,19.954,79.155,19.954,79.155,88.062,50.209,88.062
50.622,20.593,79.516,20.593,79.516,88.579,50.622,88.579
50.593,20.893,79.732,20.893,79.732,89.455,50.593,89.455
51.331,21.579,80.729,21.579,80.729,90.75,51.331,90.75
53.129,22.288,82.699,22.288,82.699,91.866,53.129,91.866
52.61,22.554,81.838,22.554,81.838,91.325,52.61,91.325
53.236,23.096,82.5,23.096,82.5,91.953,53.236,91.953
53.778,23.607,82.977,23.607,82.977,92.31,53.778,92.31
53.771,23.688,83.195,23.688,83.195,92.921,53.771,92.921
55.282,23.995,84.967,23.995,84.967,93.841,55.282,93.841
54.921,24.555,84.782,24.555,84.782,94.816,54.921,94.816
55.079,24.746,85.212,24.746,85.212,95.647,55.079,95.647
55.173,25.239,85.425,25.239,85.425,96.421,55.173,96.421
56.739,26.255,86.986,26.255,86.986,97.425,56.739,97.425
57.27,27.096,87.645,27.096,87.645,98.566,57.27,98.566
57.975,27.114,88.232,27.114,88.232,98.307,57.975,98.307
58.838,28.43,89.274,28.43,89.274,100.04,58.838,100.04
59.581,28.804,89.91,28.804,89.91,100.17,59.581,100.17
61.097,29.371,91.517,29.371,91.517,100.95,61.097,100.95
62.481,29.104,92.709,29.104,92.709,100.23,62.481,100.23
63.242,29.291,93.676,29.291,93.676,100.9,63.242,100.9
64.293,29.305,94.501,29.305,94.501,100.38,64.293,100.38
65.213,29.997,95.873,29.997,95.873,102.14,65.213,102.14
67.042,30.709,97.842,30.709,97.842,103.18,67.042,103.18
66.415,30.25,97.716,30.25,97.716,103.9,66.415,103.9
67.479,30.688,99.042,30.688,99.042,104.96,67.479,104.96
68.744,31.482,100.71,31.482,100.71,106.69,68.744,106.69
68.976,31.92,101.02,31.92,101.02,107.32,68.976,107.32
69.581,32.359,101.54,32.359,101.54,107.55,69.581,107.55
70.195,33.035,102.23,33.035,102.23,108.42,70.195,108.42
71.077,33.725,102.93,33.725,102.93,108.68,71.077,108.68
72.815,35.302,104.69,35.302,104.69,110.3,72.815,110.3
73.839,35.716,105.91,35.716,105.91,111.17,73.839,111.17
74.431,36.359,106.58,36.359,106.58,112.01,74.431,112.01
75.036,36.829,107.42,36.829,107.42,113.03,75.036,113.03
76.155,36.373,108.71,36.373,108.71,112.97,76.155,112.97
76.144,36.215,108.79,36.215,108.79,113.03,76.144,113.03
77.111,36,109.85,36,109.85,113.04,77.111,113.04
79.459,36.948,112.17,36.948,112.17,113.93,79.459,113.93
80.34,37.718,112.92,37.718,112.92,114.38,80.34,114.38
80.42,37.535,112.88,37.535,112.88,113.91,80.42,113.91
82.318,38.479,114.94,38.479,114.94,115.25,82.318,115.25
84.016,38.364,116.73,38.364,116.73,115.33,84.016,115.33
85.961,39.312,118.79,39.312,118.79,116.55,85.961,116.55
88.236,39.162,121.1,39.162,121.1,116.48,88.236,116.48
90.189,38.916,123.21,38.916,123.21,116.62,90.189,116.62
92.992,38.938,126.26,38.938,126.26,117.21,92.992,117.21
93.916,38.385,127.39,38.385,127.39,117.16,93.916,117.16
95.526,38.455,128.98,38.455,128.98,117.16,95.526,117.16
97.331,38.07,130.93,38.07,130.93,117.12,97.331,117.12
98.842,38.446,132.54,38.446,132.54,117.74,98.842,117.74
101.84,38.959,135.61,38.959,135.61,118.44,101.84,118.44
103.44,39.026,136.84,39.026,136.84,117.61,103.44,117.61
106.31,40.583,139.4,40.583,139.4,118.45,106.31,118.45
107.39,41.149,140.19,41.149,140.19,118.32,107.39,118.32
110.09,41.752,142.57,41.752,142.57,118.18,110.09,118.18
112.35,41.808,144.84,41.808,144.84,118.26,112.35,118.26
115.32,41.922,147.74,41.922,147.74,118.22,115.32,118.22
116.68,42.375,149,42.375,149,118.4,116.68,118.4
119.14,42.199,151.26,42.199,151.26,117.77,119.14,117.77
121.24,42.812,153.23,42.812,153.23,118.1,121.24,118.1
124.17,42.964,156.39,42.964,156.39,118.78,124.17,118.78
124.92,42.952,157.17,42.952,157.17,118.83,124.92,118.83
127.53,43.126,159.82,43.126,159.82,119.12,127.53,119.12
129.53,43.554,161.71,43.554,161.71,119.25,129.53,119.25
132.8,44.595,165.03,44.595,165.03,120.42,132.8,120.42
135.08,44.208,167.37,44.208,167.37,120.2,135.08,120.2
136.3,44.486,168.56,44.486,168.56,120.41,136.3,120.41
138.94,43.965,171.29,43.965,171.29,120.09,138.94,120.09
141.07,43.503,173.4,43.503,173.4,119.57,141.07,119.57
143.67,43.801,176.11,43.801,176.11,120.14,143.67,120.14
145.31,44.514,177.91,44.514,177.91,121.22,145.31,121.22
146.81,44.482,179.52,44.482,179.52,121.44,146.81,121.44
149.18,45.261,182.27,45.261,182.27,123.11,149.18,123.11
150.07,45.557,183.38,45.557,183.38,123.95,150.07,123.95
151.22,46.276,184.51,46.276,184.51,124.59,151.22,124.59
152.45,47.31,185.55,47.31,185.55,125.2,152.45,125.2
154.17,48.507,187.24,48.507,187.24,126.31,154.17,126.31
155.25,48.304,188.15,48.304,188.15,125.72,155.25,125.72
156.43,48.806,189.03,48.806,189.03,125.52,156.43,125.52
158.48,49.494,190.81,49.494,190.81,125.56,158.48,125.56
159.55,50.786,191.83,50.786,191.83,126.72,159.55,126.72
161.16,51.135,193.54,51.135,193.54,127.31,161.16,127.31
163.66,52.766,196.13,52.766,196.13,129.18,163.66,129.18
164.4,53.01,197.05,53.01,197.05,129.82,164.4,129.82
171.51,54.948,204.64,54.948,204.64,132.9,171.51,132.9
167.41,54.267,200.75,54.267,200.75,132.71,167.41,132.71
168.76,54.715,202.01,54.715,202.01,132.94,168.76,132.94
169.24,55.639,202.31,55.639,202.31,133.45,169.24,133.45
172.48,56.812,205.6,56.812,205.6,134.75,172.48,134.75
173.16,56.747,206.29,56.747,206.29,134.71,173.16,134.71
177.83,57.38,211.41,57.38,211.41,136.38,177.83,136.38
178.06,57.781,211.84,57.781,211.84,137.26,178.06,137.26
180.4,58.064,214.29,58.064,214.29,137.82,180.4,137.82
181.04,58.393,215.13,58.393,215.13,138.6,181.04,138.6
184.06,60.034,218.24,60.034,218.24,140.45,184.06,140.45
185.55,60.935,219.96,60.935,219.96,141.9,185.55,141.9
186.73,61.293,221.23,61.293,221.23,142.46,186.73,142.46
187.76,61.891,222.37,61.891,222.37,143.33,187.76,143.33
191.03,64.561,225.44,64.561,225.44,145.53,191.03,145.53
192.74,65.917,226.86,65.917,226.86,146.19,192.74,146.19
194.25,66.746,227.94,66.746,227.94,146.02,194.25,146.02
196.83,68.659,230.03,68.659,230.03,146.78,196.83,146.78
198.85,69.703,231.73,69.703,231.73,147.07,198.85,147.07
201.37,71.548,234.18,71.548,234.18,148.74,201.37,148.74
202.44,72.412,235.14,72.412,235.14,149.35,202.44,149.35
204.21,73.9,237.06,73.9,237.06,151.2,204.21,151.2
205.43,74.912,238.35,74.912,238.35,152.36,205.43,152.36
207.84,76.385,240.89,76.385,240.89,154.15,207.84,154.15
208.78,77.389,241.96,77.389,241.96,155.47,208.78,155.47
211.5,78.191,244.6,78.191,244.6,156.06,211.5,156.06
215.83,79.727,248.95,79.727,248.95,157.66,215.83,157.66
218.47,79.844,251.68,79.844,251.68,157.97,218.47,157.97
218.89,79.797,252.09,79.797,252.09,157.91,218.89,157.91
222.06,80.117,255.45,80.117,255.45,158.69,222.06,158.69
223.66,80.489,257.24,80.489,257.24,159.49,223.66,159.49
225.65,81.286,259.42,81.286,259.42,160.73,225.65,160.73
228.02,81.753,262.2,81.753,262.2,162.17,228.02,162.17
230.29,82.316,264.65,82.316,264.65,163.18,230.29,163.18
231.5,82.424,266.03,82.424,266.03,163.69,231.5,163.69
234.07,84.306,268.51,84.306,268.51,165.32,234.07,165.32
235.84,85.367,269.91,85.367,269.91,165.55,235.84,165.55
238.29,86.785,272.04,86.785,272.04,166.2,238.29,166.2
239.44,87.705,272.84,87.705,272.84,166.29,239.44,166.29
243.2,89.508,276.43,89.508,276.43,167.69,243.2,167.69
245.16,90.917,278.21,90.917,278.21,168.68,245.16,168.68
248.07,92.622,281.55,92.622,281.55,171.4,248.07,171.4
248.2,92.611,281.96,92.611,281.96,172.03,248.2,172.03
249.62,92.529,283.54,92.529,283.54,172.36,249.62,172.36
252.9,94.414,287.04,94.414,287.04,174.76,252.9,174.76
254.67,95.512,288.59,95.512,288.59,175.32,254.67,175.32
256.37,96.429,290.29,96.429,290.29,176.22,256.37,176.22
259.88,97.733,293.8,97.733,293.8,177.53,259.88,177.53
263.12,98.82,296.95,98.82,296.95,178.41,263.12,178.41
265.93,99.304,299.85,99.304,299.85,179.1,265.93,179.1
267.59,99.63,301.97,99.63,301.97,180.53,267.59,180.53
268.3,99.315,303.06,99.315,303.06,181.11,268.3,181.11
272.74,100.17,307.64,100.17,307.64,182.31,272.74,182.31
