209.5,161.5,253,161.5,253,202.5,209.5,202.5
208.77,161.55,252.28,161.55,252.28,202.56,208.77,202.56
209.35,161.61,252.06,161.61,252.06,201.87,209.35,201.87
209.37,161.87,252.86,161.87,252.86,202.87,209.37,202.87
207.89,161.79,251.43,161.79,251.43,202.82,207.89,202.82
208.78,161.82,251.1,161.82,251.1,201.72,208.78,201.72
207.99,161.41,251.96,161.41,251.96,202.86,207.99,202.86
207.7,161.6,250.3,161.6,250.3,201.75,207.7,201.75
206.8,161.97,249.13,161.97,249.13,201.87,206.8,201.87
206.31,161.59,250.56,161.59,250.56,203.3,206.31,203.3
206.25,161.18,251.21,161.18,251.21,203.56,206.25,203.56
204.81,160.73,249.92,160.73,249.92,203.25,204.81,203.25
204.69,160.53,249.64,160.53,249.64,202.89,204.69,202.89
204.26,161.06,249.11,161.06,249.11,203.33,204.26,203.33
204.41,161.05,249.44,161.05,249.44,203.49,204.41,203.49
202.87,160.61,247.85,160.61,247.85,203.01,202.87,203.01
202.95,160.73,247.88,160.73,247.88,203.08,202.95,203.08
202.25,160.81,247.21,160.81,247.21,203.19,202.25,203.19
202.69,160.77,247.51,160.77,247.51,203.01,202.69,203.01
201.37,160.71,247.18,160.71,247.18,203.89,201.37,203.89
201.07,160.6,247.55,160.6,247.55,204.41,201.07,204.41
199.57,160.01,246.6,160.01,246.6,204.34,199.57,204.34
199.68,159.99,246.39,159.99,246.39,204.01,199.68,204.01
199.37,160.01,246.59,160.01,246.59,204.51,199.37,204.51
199.34,160.01,246.53,160.01,246.53,204.49,199.34,204.49
198.01,159.75,245.45,159.75,245.45,204.46,198.01,204.46
197.54,159.61,244.76,159.61,244.76,204.11,197.54,204.11
198.18,159.9,245.49,159.9,245.49,204.48,198.18,204.48
197.09,159.72,244.92,159.72,244.92,204.81,197.09,204.81
196.76,159.48,244.99,159.48,244.99,204.94,196.76,204.94
195.99,159.23,244.55,159.23,244.55,205,195.99,205
195.76,159.25,243.52,159.25,243.52,204.27,195.76,204.27
195.25,159.33,243.8,159.33,243.8,205.09,195.25,205.09
194.97,159.35,242.89,159.35,242.89,204.51,194.97,204.51
194.09,159.03,242.37,159.03,242.37,204.54,194.09,204.54
193.99,158.9,243.12,158.9,243.12,205.21,193.99,205.21
193.62,159.09,242.2,159.09,242.2,204.88,193.62,204.88
193.31,158.95,241.7,158.95,241.7,204.55,193.31,204.55
192.25,158.9,240.97,158.9,240.97,204.83,192.25,204.83
192.18,158.56,242.34,158.56,242.34,205.84,192.18,205.84
191.24,158.25,241.84,158.25,241.84,205.94,191.24,205.94
190.79,158.03,241.28,158.03,241.28,205.62,190.79,205.62
191.06,158.32,240.87,158.32,240.87,205.27,191.06,205.27
190.04,158.12,240.87,158.12,240.87,206.03,190.04,206.03
189.67,157.85,240.66,157.85,240.66,205.91,189.67,205.91
188.65,158.08,239.24,158.08,239.24,205.76,188.65,205.76
188.41,157.92,239.09,157.92,239.09,205.68,188.41,205.68
187.59,157.62,239.36,157.62,239.36,206.42,187.59,206.42
187.15,157.47,239.37,157.47,239.37,206.69,187.15,206.69
186.23,157.29,238.74,157.29,238.74,206.79,186.23,206.79
185.92,157.34,237.66,157.34,237.66,206.11,185.92,206.11
185.59,157.35,238.06,157.35,238.06,206.8,185.59,206.8
185.33,157.23,237.56,157.23,237.56,206.46,185.33,206.46
184.7,157.2,237.52,157.2,237.52,206.99,184.7,206.99
184.58,157.18,237.24,157.18,237.24,206.82,184.58,206.82
183.27,157.08,236.5,157.08,236.5,207.25,183.27,207.25
183.59,157.21,236.15,157.21,236.15,206.75,183.59,206.75
183.22,156.83,235.91,156.83,235.91,206.49,183.22,206.49
181.99,156.79,235.4,156.79,235.4,207.13,181.99,207.13
181.84,156.65,235.01,156.65,235.01,206.76,181.84,206.76
181.14,156.87,234.35,156.87,234.35,207.02,181.14,207.02
181.09,156.86,234.38,156.86,234.38,207.08,181.09,207.08
179.74,156.38,234.19,156.38,234.19,207.7,179.74,207.7
179,155.9,233.52,155.9,233.52,207.3,179,207.3
178.27,155.7,233.13,155.7,233.13,207.41,178.27,207.41
178.52,155.97,233.69,155.97,233.69,207.98,178.52,207.98
177.63,155.74,233.62,155.74,233.62,208.52,177.63,208.52
177.25,155.46,233.1,155.46,233.1,208.1,177.25,208.1
176.46,155.56,233.02,155.56,233.02,208.87,176.46,208.87
175.9,155.23,232.29,155.23,232.29,208.38,175.9,208.38
176.01,155.35,232.26,155.35,232.26,208.37,176.01,208.37
175.29,155.33,232.35,155.33,232.35,209.12,175.29,209.12
174.5,154.95,231.81,154.95,231.81,208.97,174.5,208.97
173.96,154.96,231.73,154.96,231.73,209.41,173.96,209.41
173.75,154.92,231.7,154.92,231.7,209.54,173.75,209.54
172.89,154.57,230.95,154.57,230.95,209.3,172.89,209.3
172.55,154.37,230.68,154.37,230.68,209.17,172.55,209.17
172.08,154.24,230.95,154.24,230.95,209.72,172.08,209.72
171.75,154.02,231.22,154.02,231.22,210.07,171.75,210.07
170.57,153.56,230.18,153.56,230.18,209.74,170.57,209.74
170.39,153.55,229.88,153.55,229.88,209.62,170.39,209.62
169.85,153.38,229.54,153.38,229.54,209.64,169.85,209.64
170.21,153.61,230.28,153.61,230.28,210.23,170.21,210.23
168.83,153.14,229.01,153.14,229.01,209.86,168.83,209.86
169.01,153.14,229.51,153.14,229.51,210.17,169.01,210.17
167.99,153.02,228.62,153.02,228.62,210.16,167.99,210.16
168.3,153.18,229.11,153.18,229.11,210.49,168.3,210.49
168.21,153.15,229.16,153.15,229.16,210.59,168.21,210.59
166.92,152.38,228.36,152.38,228.36,210.29,166.92,210.29
166.87,151.93,228.46,151.93,228.46,209.97,166.87,209.97
166.04,151.99,228.24,151.99,228.24,210.62,166.04,210.62
166.45,152.27,228.82,152.27,228.82,211.05,166.45,211.05
165.53,152.15,228.89,152.15,228.89,211.87,165.53,211.87
165.3,151.97,229.17,151.97,229.17,212.16,165.3,212.16
164.89,151.97,228.72,151.97,228.72,212.14,164.89,212.14
164.95,151.96,228.79,151.96,228.79,212.13,164.95,212.13
165.01,151.9,228.67,151.9,228.67,211.9,165.01,211.9
164.57,151.76,228.49,151.76,228.49,212.01,164.57,212.01
164.02,151.28,228.27,151.28,228.27,211.84,164.02,211.84
163.74,151.48,228.75,151.48,228.75,212.76,163.74,212.76
162.9,150.5,228.31,150.5,228.31,212.15,162.9,212.15
162.61,150.47,228.06,150.47,228.06,212.17,162.61,212.17
162.7,150.33,228.19,150.33,228.19,212.05,162.7,212.05
162.48,150.14,228.33,150.14,228.33,212.2,162.48,212.2
162.85,150.28,229.44,150.28,229.44,213.04,162.85,213.04
162.02,149.64,229.22,149.64,229.22,212.98,162.02,212.98
162.15,149.87,229.91,149.87,229.91,213.73,162.15,213.73
162.21,149.74,230.46,149.74,230.46,214.06,162.21,214.06
162.19,149.67,230.85,149.67,230.85,214.39,162.19,214.39
162.1,149.49,231.33,149.49,231.33,214.75,162.1,214.75
162.11,149.45,231.69,149.45,231.69,215.03,162.11,215.03
161.36,148.77,231.18,148.77,231.18,214.58,161.36,214.58
162.01,148.85,232.27,148.85,232.27,215.08,162.01,215.08
161.94,148.74,232.24,148.74,232.24,215,161.94,215
161.69,148.57,232.59,148.57,232.59,215.4,161.69,215.4
161.58,148.07,232.32,148.07,232.32,214.75,161.58,214.75
161.59,147.65,233.15,147.65,233.15,215.09,161.59,215.09
160.94,147.72,232.73,147.72,232.73,215.38,160.94,215.38
161.72,147.59,234.14,147.59,234.14,215.84,161.72,215.84
161.1,147.24,233.81,147.24,233.81,215.77,161.1,215.77
162.01,147.02,235.44,147.02,235.44,216.23,162.01,216.23
161.51,146.38,235.26,146.38,235.26,215.9,161.51,215.9
162.01,146.82,235.88,146.82,235.88,216.44,162.01,216.44
161.76,146.29,236.41,146.29,236.41,216.64,161.76,216.64
161.57,146.45,235.99,146.45,235.99,216.59,161.57,216.59
161.57,145.75,236.79,145.75,236.79,216.64,161.57,216.64
162.21,145.32,238.45,145.32,238.45,217.17,162.21,217.17
162.29,144.93,238.87,144.93,238.87,217.1,162.29,217.1
162.6,144.3,240.11,144.3,240.11,217.35,162.6,217.35
162.49,144.16,240.4,144.16,240.4,217.59,162.49,217.59
162.7,144.05,240.72,144.05,240.72,217.59,162.7,217.59
162.96,143.62,241.62,143.62,241.62,217.76,162.96,217.76
163.32,143.93,242.32,143.93,242.32,218.39,163.32,218.39
163.9,142.49,243.96,142.49,243.96,217.94,163.9,217.94
163.63,142.69,244.03,142.69,244.03,218.48,163.63,218.48
163.87,141.99,244.94,141.99,244.94,218.39,163.87,218.39
164.28,142.18,245.52,142.18,245.52,218.76,164.28,218.76
165.34,141.84,247.93,141.84,247.93,219.69,165.34,219.69
165.44,141.39,248.38,141.39,248.38,219.56,165.44,219.56
165.63,140.94,249.25,140.94,249.25,219.76,165.63,219.76
165.13,140.97,249.17,140.97,249.17,220.19,165.13,220.19
166.55,141.09,251.14,141.09,251.14,220.81,166.55,220.81
166.48,140.42,252.03,140.42,252.03,221.06,166.48,221.06
166.25,140.17,252.1,140.17,252.1,221.08,166.25,221.08
168.01,140.82,253.94,140.82,253.94,221.81,168.01,221.81
167.6,139.92,254.59,139.92,254.59,221.91,167.6,221.91
168.96,139.72,256.55,139.72,256.55,222.28,168.96,222.28
168.97,139.53,257.49,139.53,257.49,222.97,168.97,222.97
169.97,139.2,259.09,139.2,259.09,223.2,169.97,223.2
169.93,139.1,259.21,139.1,259.21,223.25,169.93,223.25
171.79,138.96,261.71,138.96,261.71,223.71,171.79,223.71
171,138.35,261.48,138.35,261.48,223.62,171,223.62
172.46,137.72,263.74,137.72,263.74,223.76,172.46,223.76
172.45,138.31,263.98,138.31,263.98,224.57,172.45,224.57
174,137.96,266.52,137.96,266.52,225.17,174,225.17
173.78,137.82,266.78,137.82,266.78,225.48,173.78,225.48
175.39,136.62,269.44,136.62,269.44,225.26,175.39,225.26
175.71,136.89,270.26,136.89,270.26,226,175.71,226
176.15,136.96,271.23,136.96,271.23,226.57,176.15,226.57
176.72,135.44,272.91,135.44,272.91,226.1,176.72,226.1
176.76,135.29,273.35,135.29,273.35,226.32,176.76,226.32
180.53,135.5,277.93,135.5,277.93,227.31,180.53,227.31
180.15,135.2,277.64,135.2,277.64,227.09,180.15,227.09
182.22,134.86,280.47,134.86,280.47,227.46,182.22,227.46
181.78,134.55,280.43,134.55,280.43,227.53,181.78,227.53
185.92,133.42,286.17,133.42,286.17,227.9,185.92,227.9
183.86,132.82,284.59,132.82,284.59,227.75,183.86,227.75
188.17,132.1,289.93,132.1,289.93,228.02,188.17,228.02
186.8,130.87,289.31,130.87,289.31,227.49,186.8,227.49
191.19,131.78,294.48,131.78,294.48,229.13,191.19,229.13
190.61,130.62,294.42,130.62,294.42,228.46,190.61,228.46
189.97,129.51,294.56,129.51,294.56,228.09,189.97,228.09
194.66,130.64,299.88,130.64,299.88,229.81,194.66,229.81
193.44,129.16,299.37,129.16,299.37,229,193.44,229
197.95,128.02,305.99,128.02,305.99,229.84,197.95,229.84
197.81,127.9,306.62,127.9,306.62,230.45,197.81,230.45
201.28,126.88,311.72,126.88,311.72,230.97,201.28,230.97
201.33,126.55,312.48,126.55,312.48,231.31,201.33,231.31
204.12,126.64,316.65,126.64,316.65,232.7,204.12,232.7
205.18,126.6,317.99,126.6,317.99,232.93,205.18,232.93
207.61,125.71,321.48,125.71,321.48,233.03,207.61,233.03
208.07,124.02,322.91,124.02,322.91,232.26,208.07,232.26
208.03,123.87,323.44,123.87,323.44,232.65,208.03,232.65
213.5,123.5,331.1,123.5,331.1,234.35,213.5,234.35
212.88,123.34,331.33,123.34,331.33,234.98,212.88,234.98
216.86,122.23,337.12,122.23,337.12,235.57,216.86,235.57
224.92,121.38,347.62,121.38,347.62,237.03,224.92,237.03
223.58,121.58,347.14,121.58,347.14,238.03,223.58,238.03
223.88,120.8,348.3,120.8,348.3,238.08,223.88,238.08
228.41,120.47,354.68,120.47,354.68,239.48,228.41,239.48
228.16,120.02,354.81,120.02,354.81,239.39,228.16,239.39
232.33,120.17,359.46,120.17,359.46,240,232.33,240
232.02,119.62,359.75,119.62,359.75,240.01,232.02,240.01
240.06,117.98,369.84,117.98,369.84,240.3,240.06,240.3
237.47,116.58,368.56,116.58,368.56,240.13,237.47,240.13
244.32,114.54,376.21,114.54,376.21,238.85,244.32,238.85
244.09,114.08,377.83,114.08,377.83,240.14,244.09,240.14
252.89,114,388.71,114,388.71,242.01,252.89,242.01
252.91,111.58,390.6,111.58,390.6,241.35,252.91,241.35
249.95,110.24,388.13,110.24,388.13,240.47,249.95,240.47
